tree
version=v4
num_class=1
num_tree_per_iteration=1
label_index=0
max_feature_idx=18
objective=regression
feature_names=total_load net_load renewable_power thermal_space_load_ratio thermal_on_capacity hour period weekday month is_weekend is_holiday price_lag_1d price_lag_2d price_lag_3d price_lag_7d price_ma_3d price_ma_7d price_std_7d net_load_lag_1d
feature_infos=[20617.400000000001:46038.400000000001] [-18846.150000000001:38791.129999999997] [4099.1199999999999:40576.68] [-0.89198188220594088:0.90267350187091611] [27170:49115] [8:16] [35:66] [0:6] [1:5] [0:1] none [0:1337] [0:1477.29] [0:1477.29] [0:1477.29] [0:724.30666666666673] [0:471.84571428571434] [0:448.61877920241079] [-18846.150000000001:38791.129999999997]
tree_sizes=2759 2638 2727 2662 2824 2745 2442 2805 2613 2719 2534 2659 2789 2712 2460 2565 2416 2762 2702 2490 2796 2629 2433 2706

Tree=0
num_leaves=31
num_cat=0
split_feature=3 2 7 18 5 3 3 3 3 8 8 8 16 0 0 1 3 8 17 16 0 18 8 13 13 18 0 2 14 11
split_gain=6.24757e+07 1.38412e+07 1.03142e+07 6.05816e+06 4.27965e+06 3.11979e+06 1.05621e+06 802043 734293 733179 621468 532040 366091 263931 211552 174516 107384 289180 96243.3 94657.8 89188.1 85617.8 75915.6 70662.8 135749 70190 52544.5 52144.4 46752 32644.5
threshold=0.56351130880566103 9223.9800000000014 5.5000000000000009 17710.885000000002 11.500000000000002 0.49838017613502167 0.85868205595435165 0.39336667713522172 0.67287489839297832 3.5000000000000004 2.5000000000000004 2.5000000000000004 108.73214285714288 32317.450000000001 33401.250000000007 32266.525000000005 0.28702007995317708 4.5000000000000009 100.3980548070809 19.255000000000003 44281.350000000013 -452.30499999999842 3.5000000000000004 151.50000000000003 299.88500000000005 10648.760000000002 42156.05000000001 18269.610000000004 271.37500000000006 14.195000000000002
decision_type=2 2 2 10 2 2 2 2 2 2 2 2 2 2 2 2 2 2 2 2 2 10 2 10 10 8 2 2 10 10
left_child=5 2 6 26 -5 7 14 16 9 13 18 21 -13 -3 -2 22 29 -18 27 -11 -20 -9 -10 25 -25 -12 -4 -7 -17 -1
right_child=1 8 3 4 -6 10 -8 11 15 19 23 12 -14 -15 -16 28 17 -19 20 -21 -22 -23 -24 24 -26 -27 -28 -29 -30 -31
leaf_value=98.545923142750098 102.29597926475057 101.6120745351799 112.64154626863647 157.648957208171 133.9426451584676 106.67738123415535 134.1000203642989 107.91264586783895 111.99522956017768 114.98165967992985 106.27173688096705 104.92750490250764 100.83994205356389 108.65107099707615 115.71402916905308 114.04192048223459 99.335042574949881 105.63238283040833 101.12021536500039 111.9869940397365 108.79089598990926 99.406863223945336 114.58554016650801 104.53648811223817 109.5456222817474 109.64080951732461 117.65927100516805 101.97070155478963 116.83488767071223 99.005570761831763
leaf_weight=963 2.9999999999999991 13.999999999999998 15.000000000000002 32 47 17.000000000000004 7.9999999999999991 2.9999999999999991 198 37 22 117 103 273 141 31 450 19 72 92 3.9999999999999991 214 33 38 21 52 7.9999999999999991 8.9999999999999982 29 645
leaf_count=963 3 14 14 16 24 17 4 3 187 23 22 117 103 273 92 23 450 19 72 86 4 214 25 38 21 52 4 9 15 645
internal_value=103.685 114.659 124.671 136.97 143.545 99.8491 116.417 99.3341 111.063 109.715 105.358 101.281 103.014 108.308 115.434 112.989 98.9245 99.5902 102.422 112.846 101.524 99.5245 112.365 107.61 106.319 108.639 114.387 105.048 115.392 98.7303
internal_weight=3710 961 254 102 79 2749 152 2514 707 416 235 437 220 287 144 291 2077 469 102 129 76 217 231 133 59 74 23 26 60 1608
internal_count=3552 803 157 58 40 2749 99 2514 646 396 235 437 220 287 95 250 2077 469 102 109 76 217 212 133 59 74 18 26 38 1608
is_linear=0
shrinkage=1


Tree=1
num_leaves=29
num_cat=0
split_feature=1 2 2 7 7 4 2 16 4 2 1 11 4 1 0 12 4 2 4 8 4 12 11 1 16 0 11 7
split_gain=4.90399e+07 1.03903e+07 4.27967e+06 3.22403e+06 3.20996e+06 4.37997e+06 3.07216e+06 1.31947e+06 1.10454e+06 1.04013e+06 880907 841259 485235 367414 334137 238060 229838 224186 621626 188825 183578 126115 107506 106820 56098.5 46939.6 27507 8460.54
threshold=20622.510000000006 6406.5500000000002 9223.9800000000014 5.5000000000000009 5.5000000000000009 46375.000000000007 19514.570000000003 78.105000000000032 36520.000000000007 16590.240000000002 17595.885000000002 329.50000000000006 45602.500000000007 31679.195000000003 33051.000000000007 239.11000000000004 37162.000000000007 22507.380000000005 33030.000000000007 2.5000000000000004 35012.500000000007 1002.0000000000001 120.67000000000002 17915.255000000001 3.3850000000000002 32638.900000000005 13.590000000000002 4.5000000000000009
decision_type=2 2 2 2 2 2 2 2 2 2 2 10 2 2 2 10 2 2 2 2 2 10 10 2 2 2 10 2
left_child=6 3 4 11 16 -6 8 -5 14 13 22 27 -12 -4 20 -9 -3 18 25 -11 -1 26 -10 -20 -16 -8 -19 -2
right_child=1 2 9 7 5 -7 17 15 10 19 12 -13 -14 -15 24 -17 -18 21 23 -21 -22 -23 -24 -25 -26 -27 -28 -29
leaf_value=4.580223851733737 11.296378631591786 19.216923713684082 7.0022260852686067 23.839669799804675 38.300808817545573 10.80413635798863 -2.1248891194661432 42.241095987955703 -3.7782104060548178 0.16642976328730585 2.9230272876329657 34.801431783040364 -3.9169808272159461 10.890703273165053 10.886631338936944 54.144981166294649 10.483157361939897 -4.7460940091083259 -4.0917141768725029 6.3991535186767585 0.034755088543069773 3.3811478614807129 -0.48086647135870797 -1.5266638738953551 6.0888062903221618 4.4803926834693319 -4.3527501757900025 13.74441566467285
leaf_weight=36 5.0000000000000044 7.9999999999999991 508 6.0000000000000027 30 28 3.0000000000000027 6.0000000000000027 211 64 121 5.9999999999999991 33 69 6.9999999999999991 13.999999999999998 129 997 345 14.999999999999998 58 4.9999999999999991 28 46 47 26 802 12
leaf_count=36 3 4 484 3 15 20 3 3 211 64 121 3 33 46 4 7 87 997 345 15 58 5 28 46 47 26 802 6
internal_value=-0.184719 9.95285 8.66373 32.3416 15.1672 25.0266 -3.48447 44.4044 -0.10528 6.73053 -1.49171 18.7054 1.45731 7.46723 3.57624 50.5738 10.9932 -4.30648 -3.26608 1.34986 1.77557 -4.5487 -3.39191 -3.78994 6.71075 3.79709 -4.57074 13.0244
internal_weight=3665 900 851 49 195 58 2765 26 541 656 393 23 154 577 148 20 137 2224 420 79 94 1804 239 391 54 29 1799 17
internal_count=3522 760 735 25 126 35 2762 13 538 609 393 12 154 530 145 10 91 2224 420 79 94 1804 239 391 51 29 1799 9
is_linear=0
shrinkage=0.05


Tree=2
num_leaves=30
num_cat=0
split_feature=3 2 2 11 18 11 3 3 17 3 4 4 6 2 4 15 12 1 14 4 12 18 3 9 4 13 11 17 1
split_gain=4.90296e+07 1.00012e+07 3.92372e+06 2.61296e+06 2.74855e+06 2.44464e+06 2.05655e+06 1.25645e+06 899026 529368 566821 496793 490342 434562 1.10844e+06 227971 199372 178854 163599 162424 140057 109655 94200.5 88083.2 82675.6 51538.2 21356.3 7418.54 659.821
threshold=0.55873615534590859 6406.5500000000002 9223.9800000000014 284.59000000000009 25861.925000000007 302.16000000000003 0.47379344804336981 0.85868205595435165 143.89458717682524 0.6648659282328252 38272.500000000007 36520.000000000007 38.500000000000007 22444.265000000003 33822.500000000007 255.72000000000006 259.89500000000004 32266.525000000005 39.570000000000007 44860.000000000007 1002.0000000000001 1813.4249999999995 0.75152551662416556 1.0000000180025095e-35 37487.500000000007 1.0000000180025095e-35 13.590000000000002 109.47543699940955 12664.720000000003
decision_type=2 2 2 10 10 10 2 2 2 2 2 2 2 2 2 2 10 2 8 2 10 8 2 2 2 8 10 2 2
left_child=6 5 3 22 -5 7 13 27 16 10 -4 21 -9 14 18 19 -7 -11 -1 -13 26 -8 -3 -17 -16 -23 -15 -2 -22
right_child=1 2 9 4 -6 8 11 12 -10 17 -12 15 -14 20 24 23 -18 -19 -20 -21 28 25 -24 -25 -26 -27 -28 -29 -30
leaf_value=4.859191593594022 11.003186187744141 1.6967444101969402 8.3478049759037241 37.047530850497161 15.773884543594049 42.460371398925744 -3.4524158716201776 43.347122192382798 25.995088958740237 7.7019641053351906 4.2272417239540125 -0.00046330975062811551 23.132816314697266 -4.4883366305343584 -2.6372301964532761 4.6626853713989247 53.050302734375002 10.797816360205935 0.043362571453226029 -2.7653506524183538 3.8430238087972008 3.3165420034657354 10.660017120838166 -4.4043426513671875 -3.9758665821150596 6.4195094466209417 -4.1421102556892784 13.227078247070313 2.7943569819132481
leaf_weight=45 9.9999999999999982 2.9999999999999991 121 22 49 8.0000000000000053 4 6.0000000000000018 5.9999999999999991 257 269 134 6 994 168 25.000000000000004 9.9999999999999982 57 29 88 2.9999999999999991 23 128 2.9999999999999991 368 32 807 5.9999999999999991 3
leaf_count=45 5 3 103 11 30 4 4 3 3 240 269 134 3 994 168 25 5 36 29 88 3 23 85 3 368 32 807 3 3
internal_value=-0.00774483 9.7224 8.49849 14.6413 22.3657 31.0467 -3.42722 21.0098 42.7565 6.73593 5.50567 0.41371 33.24 -3.91826 -2.76435 -0.560235 48.3437 8.26395 2.97191 -1.09645 -4.30779 4.54059 10.4548 3.69122 -3.55629 5.1219 -4.3332 11.8371 3.31869
internal_weight=3684 958 906 202 71 52 2726 28 24 704 390 309 12 2417 610 250 18 314 74 222 1807 59 131 28 536 55 1801 16 6
internal_count=3529 803 777 129 41 26 2726 14 12 648 372 309 6 2417 610 250 9 276 74 222 1807 59 88 28 536 55 1801 8 6
is_linear=0
shrinkage=0.05


Tree=3
num_leaves=30
num_cat=0
split_feature=3 2 7 18 6 2 4 3 3 4 4 4 12 4 3 14 2 4 1 4 12 7 1 14 1 11 1 2 1
split_gain=4.66896e+07 9.67101e+06 8.47498e+06 5.2094e+06 3.99647e+06 2.04966e+06 808164 583554 418054 526791 238758 229657 212459 184610 201473 177969 149856 363297 139173 107085 74340.8 73524 64218.4 48224 34704.2 20482.2 9551.38 2687.62 595.489
threshold=0.56351130880566103 9223.9800000000014 5.5000000000000009 17710.885000000002 51.500000000000007 19514.570000000003 35012.500000000007 0.50533931477710625 0.67287489839297832 38272.500000000007 46922.500000000007 41635.000000000007 1002.0000000000001 37162.000000000007 0.82515289571314343 431.50000000000006 22507.380000000005 33030.000000000007 31679.195000000003 37162.000000000007 57.70000000000001 3.5000000000000004 15245.635000000002 334.39500000000004 33691.98000000001 14.035000000000002 13514.215000000002 22984.105000000003 12664.720000000003
decision_type=2 2 2 10 2 2 2 2 2 2 2 2 10 2 2 8 2 2 2 2 10 2 2 10 2 10 2 2 2
left_child=5 2 13 24 -5 6 20 15 9 21 -9 -11 16 -2 -15 -8 17 -7 19 -10 26 -3 -22 -20 -4 -18 -1 -14 -29
right_child=1 8 3 4 -6 12 7 10 18 11 -12 -13 27 14 -16 -17 25 -19 23 -21 22 -23 -24 -25 -26 -27 -28 28 -30
leaf_value=4.0859331607818605 17.947158432006837 8.4596088750021803 7.102932856633112 46.184872741699223 23.691247470562274 2.8874604622522995 -2.8672891711079798 2.0268476263005684 10.557422429865056 -1.5237503500545726 -2.6976627111434937 4.4820462788373234 4.9856553395589209 9.2465898636848696 13.696534442901612 3.1284894503079932 -4.2766242078175916 -3.4461033596992494 9.0912030029296869 6.8803564596657809 -3.0147540283203131 5.1684597396850585 5.4849914550781236 12.210017204284668 10.8317320505778 -3.9370545531242125 5.9608839331732852 3.6508729298909497 2.6546393712361649
leaf_weight=7.9999999999999991 7.9999999999999991 112 13.000000000000002 40 39 24 258 141 22 17 33 250 2.9999999999999982 124 32 12.999999999999998 1040 400 55 198 4.9999999999999982 20 4 15.999999999999998 11.999999999999998 775 45 3 3
leaf_count=8 4 93 13 20 20 24 258 141 14 17 33 250 3 85 16 13 1040 400 39 192 5 20 4 8 6 775 45 3 3
internal_value=0.0508511 9.559 17.6198 28.7853 35.0804 -3.25543 -0.383697 -1.12883 6.42812 5.37708 1.13082 4.09965 -3.9031 10.5393 10.1594 -2.57967 -3.93392 -3.0876 7.86925 7.24806 4.96441 7.96095 0.762911 9.79403 8.89276 -4.13163 5.67787 3.76372 3.15276
internal_weight=3713 958 268 104 79 2755 507 445 690 399 174 267 2248 164 156 271 2239 424 291 220 62 132 9 71 25 1815 53 9 6
internal_count=3552 797 164 59 40 2755 507 445 633 380 174 267 2248 105 101 271 2239 424 253 206 62 113 9 47 19 1815 53 9 6
is_linear=0
shrinkage=0.05


Tree=4
num_leaves=31
num_cat=0
split_feature=1 2 7 15 2 0 18 2 1 2 0 4 4 4 1 2 4 4 14 15 8 14 12 4 12 14 13 1 11 4
split_gain=3.90618e+07 8.36064e+06 5.85932e+06 3.5604e+06 2.40635e+06 1.82914e+06 1.5371e+06 1.02846e+06 742329 459883 511544 440120 427288 254764 319893 223368 590514 193867 190560 178255 139454 118547 114549 99780.1 97472.9 91445.3 23994.3 23189.3 18669 2371.37
threshold=20622.510000000006 9223.9800000000014 5.5000000000000009 243.66333333333336 18844.350000000002 39371.400000000009 17710.885000000002 16716.640000000003 15714.475000000002 5774.0350000000008 38227.650000000001 35012.500000000007 45602.500000000007 37162.000000000007 30559.825000000004 22444.265000000003 33822.500000000007 36520.000000000007 23.230000000000004 610.08166666666682 2.5000000000000004 369.50500000000005 1002.0000000000001 36212.500000000007 1264.5000000000002 14.330000000000002 1.0000000180025095e-35 20300.450000000004 13.590000000000002 44810.000000000007
decision_type=2 2 2 2 2 2 10 2 2 2 2 2 2 2 2 2 2 2 8 2 2 8 10 2 10 10 8 2 10 2
left_child=4 2 9 6 8 -5 -4 13 11 10 -2 26 17 23 -15 16 18 -10 -6 -11 25 -13 28 -3 -18 -9 -1 -14 -17 -22
right_child=1 7 3 5 15 -7 -8 20 12 19 -12 21 27 14 -16 22 24 -19 -20 -21 29 -23 -24 -25 -26 -27 -28 -29 -30 -31
leaf_value=1.8172055562337228 11.060649490356447 7.4923304979191272 8.9917741236479394 44.282015010288788 4.1735343546480754 8.1360424041748054 25.141122055053714 -3.4053100824356082 4.8485061897171873 9.5301683567665716 30.373887379964192 -3.2426282056577649 -4.5687199302341623 5.5743534833899044 8.8577976269192167 -4.0673364533733558 -3.40231837419282 1.7529455406525558 -1.7027024875987662 18.321293131510416 5.9469671249389657 5.4740125656127931 2.9951181809107466 10.984798666147086 4.4373022079467779 0.8565113407070355 5.5248617172241214 -0.44393150806427006 -3.7467598983885901 4.6320066452026358
leaf_weight=6.0000000000000027 7.9999999999999982 43 23 28 37 3.9999999999999991 41 15.999999999999998 72 148 6 157 23.000000000000004 422 90 1021 452 170 22 5.9999999999999991 7.9999999999999982 3.9999999999999991 5.9999999999999991 39 3.9999999999999991 59 15.999999999999998 3.9999999999999991 818 6
leaf_count=6 4 38 16 14 37 3 21 16 70 95 3 157 23 416 66 1021 452 170 22 3 8 4 6 20 4 59 16 4 818 6
internal_value=-0.0472715 8.73573 16.2923 26.1462 -3.00513 39.7638 19.3375 5.8149 0.337038 10.6614 19.3378 -2.11965 2.00832 6.56592 6.15152 -3.64524 -2.72454 2.67394 1.9824 9.87268 0.802438 -3.02607 -3.90224 9.15338 -3.33355 -0.0526772 4.51368 -3.95764 -3.92474 5.38341
internal_weight=3759 947 264 96 2812 32 64 683 452 168 14 183 269 594 512 2360 515 242 59 154 89 161 1845 82 456 75 22 27 1839 14
internal_count=3598 788 159 54 2810 17 37 629 450 105 7 183 267 540 482 2360 515 240 59 98 89 161 1845 58 456 75 22 27 1839 14
is_linear=0
shrinkage=0.05


Tree=5
num_leaves=30
num_cat=0
split_feature=3 2 2 7 11 18 18 3 8 3 4 3 4 11 4 12 14 1 3 4 18 11 0 4 14 11 7 4 13
split_gain=3.57983e+07 7.2752e+06 2.55396e+06 2.53919e+06 1.89299e+06 2.41027e+06 1.84624e+06 1.79505e+06 486829 442957 819290 436200 449872 293410 254965 155750 135679 119454 82032.4 380683 68256.6 109751 59144.2 110862 56028.3 19762.9 14936 8284.79 3335.42
threshold=0.56351130880566103 6406.5500000000002 9223.9800000000014 5.5000000000000009 284.59000000000009 25861.925000000007 17710.885000000002 0.5004583992086048 2.5000000000000004 0.39336667713522172 35012.500000000007 0.67287489839297832 38272.500000000007 305.30000000000007 37162.000000000007 239.11000000000004 431.50000000000006 32266.525000000005 0.28702007995317708 33822.500000000007 26538.345000000005 236.55500000000004 36854.700000000004 42977.500000000007 39.570000000000007 14.195000000000002 4.5000000000000009 44810.000000000007 371.55000000000007
decision_type=2 2 2 2 10 10 10 2 2 2 2 2 2 8 2 10 8 2 2 2 10 10 2 2 8 10 2 2 10
left_child=7 3 4 13 14 -6 -5 9 20 18 24 12 -4 26 -3 -8 -12 -13 25 -20 21 -9 23 -10 -11 -1 -2 -24 -22
right_child=1 2 11 6 5 -7 15 8 22 10 16 17 -14 -15 -16 -17 -18 -19 19 -21 28 -23 27 -25 -26 -27 -28 -29 -30
leaf_value=-3.920840443248367 8.5621820237901431 18.832194519042968 7.2657208228296088 10.094019571940105 31.930202229817709 11.979331812044471 35.968882446289051 -1.5118027302756238 3.6465530529022221 4.7383512671400858 -2.8152109731493704 6.8221518676805308 3.6970828962326054 22.82036819458008 8.2619459250877636 43.923348236083989 3.3941510094536675 9.2830122240128059 1.1470091702986738 -3.5095123263832515 -4.5398297446114668 3.68050864537557 5.7039397529933771 -0.38995845317840577 1.167018305460612 -3.561978968330052 11.531425285339353 3.9800730895996099 -2.7026764313379927
leaf_weight=949 9.0000000000000036 5.9999999999999991 129 5.9999999999999991 24 41 10.000000000000002 67 75 41 391 241 280 5.9999999999999991 116 15.999999999999998 8.9999999999999982 62 49 421 14.000000000000002 11.999999999999998 23 22 14.999999999999998 644 8 9.9999999999999982 2.9999999999999991
leaf_count=949 5 3 109 3 12 25 5 67 75 41 391 222 280 3 81 8 9 38 49 421 14 12 23 22 15 644 4 10 3
internal_value=-0.0100405 8.33361 7.25362 25.9865 12.4538 19.3458 35.0946 -2.9098 1.35891 -3.29278 -1.88251 5.88785 4.82264 13.3145 8.78179 40.8639 -2.6755 7.32569 -3.6045 -3.02405 -1.34157 -0.723097 3.35311 2.73106 3.78174 -3.77576 9.95947 5.18156 -4.21563
internal_weight=3699 954 899 55 187 65 32 2745 226 2519 456 712 409 23 122 26 400 303 2063 470 96 79 130 97 56 1593 17 33 17
internal_count=3543 798 770 28 121 37 16 2745 226 2519 456 649 389 12 84 13 400 260 2063 470 96 79 130 97 56 1593 9 33 17
is_linear=0
shrinkage=0.05


Tree=6
num_leaves=27
num_cat=0
split_feature=3 2 2 7 8 7 3 8 12 3 4 4 0 15 12 11 0 0 12 3 4 17 7 13 11 2
split_gain=3.36541e+07 7.03234e+06 3.48316e+06 3.05109e+06 3.84034e+06 1.54389e+06 1.53014e+06 737680 467031 385520 433078 369592 361384 166135 108545 105062 269761 98617.3 96137.7 58181.4 342686 49698 42511.1 24018.5 19798 124.393
threshold=0.56351130880566103 5774.0350000000008 9223.9800000000014 5.5000000000000009 2.5000000000000004 5.5000000000000009 0.40994199754644661 2.5000000000000004 14.635000000000003 0.65039571706184296 39715.000000000007 35012.500000000007 36854.700000000004 610.08166666666682 1002.0000000000001 195.03500000000005 35469.250000000007 44829.950000000004 239.11000000000004 0.28702007995317708 33822.500000000007 4.0598650023344236 1.5000000000000002 293.83000000000004 14.195000000000002 24424.275000000005
decision_type=2 2 2 2 2 2 2 2 8 2 2 2 2 2 10 10 2 2 10 2 2 2 2 10 10 2
left_child=6 5 3 13 -5 8 14 15 -2 10 -4 22 -13 -3 19 21 -17 -11 -7 24 -21 -8 -9 -20 -1 -16
right_child=1 2 9 4 -6 18 7 11 -10 17 -12 12 -14 -15 25 16 -18 -19 23 20 -22 -23 -24 -25 -26 -27
leaf_value=-3.7272187178026992 28.220481363932301 8.1328005984112934 6.8453114586907464 7.8388722824327877 30.402923653342512 34.029184977213525 1.2972571452458701 -1.3878133138020834 9.7666578292846662 6.3843864896803195 3.0287688219812186 -0.55388984269874042 4.8588976012335889 16.625577799479167 3.0716386477152509 5.2994111878531323 -2.2457867848408686 9.2915461540222175 39.800357818603523 0.87360399732222926 -3.3978554689687144 -3.3324366600192779 4.7042206234402135 43.98527425130208 -3.3710815770494431 3.5269636789957675
leaf_weight=972 5.9999999999999973 143 111 33 44 6.0000000000000027 5.9999999999999991 2.9999999999999991 8 330 225 215 36 5.9999999999999991 2.9999999999999991 13.999999999999998 77 32 7.9999999999999982 52 484 171 63 6 652 3
leaf_count=972 3 94 93 23 22 3 6 3 4 302 225 215 36 3 3 14 77 19 4 52 484 171 63 3 652 3
internal_value=0.00692359 8.07785 7.2561 12.6511 20.7326 30.4102 -2.80367 -0.534633 17.6754 5.50928 4.28959 1.09791 0.222446 8.47479 -3.4165 -2.46566 -1.08499 6.64137 39.3245 -3.43516 -2.98346 -3.1755 4.42731 41.5939 -3.58424 3.2993
internal_weight=3709 958 924 226 77 34 2751 585 14 698 336 317 251 149 2166 268 91 362 20 2160 536 177 66 14 1624 6
internal_count=3549 798 781 142 45 17 2751 585 7 639 318 317 251 97 2166 268 91 321 10 2160 536 177 66 7 1624 6
is_linear=0
shrinkage=0.05


Tree=7
num_leaves=31
num_cat=0
split_feature=3 3 7 15 3 3 3 11 18 18 8 11 3 4 3 1 3 4 14 14 12 14 12 4 12 6 18 16 3 3
split_gain=3.13505e+07 6.35245e+06 4.20249e+06 2.47006e+06 1.95227e+06 1.46825e+06 1.30566e+06 847408 1.73813e+06 577886 394094 381486 791365 364959 294568 231273 196926 466810 126699 100368 87074 84241 82079.2 81823.8 72951.3 72888 66365.5 51691.8 40808.6 19080.9
threshold=0.55560308870604658 0.79221302592697518 5.5000000000000009 257.37500000000006 0.85868205595435165 0.46688148847828587 0.73185981541424094 299.88500000000005 27672.035000000003 26266.675000000003 2.5000000000000004 329.50000000000006 0.85868205595435165 37329.500000000007 0.64001294476677573 15836.560000000003 0.39336667713522172 35865.000000000007 431.50000000000006 279.82500000000005 342.00000000000006 199.65000000000003 234.80000000000004 37162.000000000007 1002.0000000000001 46.500000000000007 24995.980000000007 217.82428571428574 0.28702007995317708 0.80650250447340988
decision_type=2 2 2 2 2 2 2 10 10 8 2 10 2 2 2 2 2 2 8 10 8 10 10 2 10 2 10 2 2 2
left_child=5 6 11 4 -4 16 13 23 -9 -5 25 29 -13 21 -15 20 24 22 -19 -17 -12 -2 -18 -8 28 26 -7 -27 -1 -3
right_child=1 2 3 9 -6 10 7 8 -10 -11 15 12 -14 14 -16 19 17 18 -20 -21 -22 -23 -24 -25 -26 27 -28 -29 -30 -31
leaf_value=-3.4080616258824779 6.4652438031710107 7.7328067321777345 11.332960114112268 42.8616098022461 37.328872680664062 0.39285979611533034 11.258514622279577 24.610164896647134 5.7722056274414069 25.169199625651029 -2.6899989489851328 10.921188259124756 36.601345825195317 2.803205741628557 5.3228404133286311 3.4223073309800753 3.7563443435204995 -2.862846991909084 3.1684079541100396 -0.30921545709882464 5.1794117927551273 10.114923392401801 -4.8427958170572918 7.2790306822268551 2.757220726013184 -3.1320178403692731 -3.1739843929515166 2.7414570689201359 -2.8771498482370585 9.4035744561089416
leaf_weight=1621 130 25 26 20 9.9999999999999982 56 13.999999999999998 24 25 6.0000000000000027 29 11.999999999999998 3.9999999999999991 233 231 127 37 268 8.9999999999999982 21 3.9999999999999991 18 2.9999999999999991 167 4.9999999999999991 59 17 3.9999999999999991 466 54
leaf_count=1621 115 16 15 10 5 56 7 12 20 3 29 8 2 233 225 127 37 268 9 21 4 10 3 125 5 59 17 4 466 28
internal_value=0.0986758 7.67588 16.9093 27.0354 18.554 -2.67815 5.9542 9.16594 14.999 38.7787 0.520714 10.3008 17.3412 4.74718 4.05759 2.04888 -3.09909 -1.93776 -2.66689 2.89283 -1.73613 6.90912 3.11141 7.58684 -3.27506 -1.51309 -0.437775 -2.7591 -3.28952 8.87485
internal_weight=3725 999 157 62 36 2726 842 230 49 26 317 95 16 612 464 181 2409 317 277 148 33 148 40 181 2092 136 73 63 2087 79
internal_count=3560 834 87 33 20 2726 747 164 32 13 317 54 10 583 458 181 2409 317 277 148 33 125 40 132 2092 136 73 63 2087 44
is_linear=0
shrinkage=0.05


Tree=8
num_leaves=29
num_cat=0
split_feature=1 2 2 7 14 7 2 18 2 0 4 11 1 4 16 12 11 12 4 2 4 16 13 12 11 7 2 17
split_gain=2.52555e+07 5.93571e+06 2.29624e+06 1.7365e+06 2.53001e+06 1.71409e+06 1.552e+06 1.48215e+06 529545 513090 370576 265667 239692 237024 153383 147062 144092 143650 132840 103538 366851 79322 77456.9 34992.8 13639.4 13342.1 2495.8 596.494
threshold=20622.510000000006 6406.5500000000002 9223.9800000000014 5.5000000000000009 14.130000000000001 5.5000000000000009 19514.570000000003 17710.885000000002 16716.640000000003 31428.250000000004 44860.000000000007 305.30000000000007 15836.560000000003 37162.000000000007 370.51857142857148 259.89500000000004 181.83000000000001 1002.0000000000001 37162.000000000007 22507.380000000005 33030.000000000007 19.255000000000003 297.08500000000009 271.37500000000006 14.035000000000002 4.5000000000000009 22984.105000000003 343.88493686463522
decision_type=2 2 2 2 10 2 2 10 2 2 2 8 2 2 2 10 10 10 2 2 2 2 10 10 10 2 2 2
left_child=6 5 3 18 -5 11 9 -7 13 16 12 25 -11 -4 -12 -9 21 19 -3 20 -8 -1 -10 -18 -21 -2 -19 -28
right_child=1 2 8 4 -6 7 17 15 22 10 14 -13 -14 -15 -16 -17 23 26 -20 24 -22 -23 -24 -25 -26 -27 27 -29
leaf_value=-0.11333667250240552 7.0626910073416553 13.128211059570313 7.8018971213811561 26.397975031534834 6.15063463140417 8.1974617004394528 2.8192263197153808 32.285469273158476 0.16255144141614439 -0.10020657435868137 -3.1659678608179096 21.105640157063803 2.6587197749331448 4.8635680876088188 4.6296238762991768 39.828615824381515 4.3240932464599622 4.4805005391438817 7.1281550082839846 -3.3090615972307802 -2.7417766409744453 -3.805005256728371 3.7273467159271245 -1.0080369091033934 -3.0340257393876762 10.051743125915525 3.2127545674641915 2.2156803846359248
leaf_weight=17 7.0000000000000009 9.9999999999999982 79 36 27 5.9999999999999991 32 14.000000000000002 64 129 64 5.9999999999999991 202 523 6.9999999999999991 11.999999999999998 7.9999999999999982 2.9999999999999982 119 1048 405 101 20 5 791 8 3 3
leaf_count=17 4 5 55 18 20 3 32 7 64 129 64 3 201 495 7 6 8 3 81 1048 405 101 20 5 791 4 3 3
internal_value=-0.0759039 7.06389 6.083 10.9163 17.7205 23.3134 -2.43472 30.5976 4.73024 -0.00517734 0.880398 12.2136 1.58349 5.24916 -2.39739 35.7669 -2.72275 -3.00144 7.59328 -3.02637 -2.33456 -3.27315 1.01131 2.27327 -3.19076 8.65685 3.30298 2.71422
internal_weight=3749 931 878 192 63 53 2818 32 686 533 402 21 331 602 71 26 131 2285 129 2276 437 118 84 13 1839 15 9 6
internal_count=3602 785 758 124 38 27 2817 16 634 532 401 11 330 550 71 13 131 2285 86 2276 437 118 84 13 1839 8 9 6
is_linear=0
shrinkage=0.05


Tree=9
num_leaves=29
num_cat=0
split_feature=3 2 3 7 18 3 7 4 11 8 4 3 1 4 12 1 12 12 0 11 14 6 7 4 11 14 8 14
split_gain=2.38564e+07 4.48977e+06 1.75401e+06 1.73523e+06 1.38054e+06 1.04933e+06 804196 2.29116e+06 532391 307700 304374 269625 180486 641616 148936 144612 110835 99690.6 88917.3 84581.8 78507.3 65869.7 61983 42102.6 18546.6 28573.5 12922.2 10082.1
threshold=0.55560308870604658 6406.5500000000002 0.73185981541424094 5.5000000000000009 17710.885000000002 0.47379344804336981 5.5000000000000009 44810.000000000007 329.50000000000006 2.5000000000000004 37329.500000000007 0.62510783210626708 11311.330000000002 35134.500000000007 818.74000000000012 15714.475000000002 239.11000000000004 57.70000000000001 42974.600000000006 1264.5000000000002 279.82500000000005 47.500000000000007 3.5000000000000004 37329.500000000007 14.195000000000002 289.33500000000009 4.5000000000000009 200.37500000000003
decision_type=2 2 2 2 10 2 2 2 10 2 2 2 2 2 8 2 10 10 2 10 10 2 2 2 8 10 2 10
left_child=5 3 10 8 -5 12 19 -8 27 18 22 -12 24 17 -15 23 -6 -14 21 -4 -17 -7 -3 -11 26 -26 -1 -2
right_child=1 2 6 4 16 9 7 -9 -10 15 11 -13 13 14 -16 20 -18 -19 -20 -21 -22 -23 -24 -25 25 -27 -28 -29
leaf_value=-3.2079262369970771 9.4443031311035082 6.5667195387712614 6.5807469008157131 7.7875887552897085 29.049668884277327 -0.66942996849884862 21.771518020629884 7.2870186994242125 22.985518264770509 0.82488738468715084 2.1855219552386553 4.6378048437249424 3.3826294947611659 -2.7356007376057763 3.1430268683216789 2.8358933085395446 37.018325424194337 -2.0298613357543949 5.1462368774414067 12.61028569539388 -0.69774453110165069 -2.9423003230776108 3.061218629564558 -4.0544605890909828 -2.8735073260962967 0.91855907440185547 -2.3511527724888017 7.2463463846842444
leaf_weight=1017 8.0000000000000053 127 190 6.0000000000000027 6.0000000000000027 74 40 86 7.9999999999999991 7.0000000000000027 200 255 57 525 10.999999999999998 124 15.999999999999998 9.9999999999999982 4.9999999999999991 5.9999999999999991 18 56 13.999999999999998 11.999999999999998 768 4.9999999999999991 46 14.999999999999998
leaf_count=1017 4 104 140 3 3 74 20 56 4 7 200 250 57 525 11 124 8 10 5 3 18 56 14 12 768 5 46 8
internal_value=-0.0519317 6.65463 5.79534 20.0246 29.047 -2.44766 8.76878 11.8853 11.8753 0.363637 4.18888 3.55988 -2.78884 -2.03832 -2.61496 1.83983 34.8451 2.5748 -1.39686 6.76532 2.38797 -1.64851 6.21866 -2.25681 -3.03533 -2.84898 -3.17085 8.01085
internal_weight=3712 977 918 59 28 2735 322 126 31 296 596 455 2439 603 536 161 22 67 135 196 142 130 141 19 1836 773 1063 23
internal_count=3552 817 787 30 14 2735 219 76 16 296 568 450 2439 603 536 161 11 67 135 143 142 130 118 19 1836 773 1063 12
is_linear=0
shrinkage=0.05


Tree=10
num_leaves=28
num_cat=0
split_feature=3 2 2 11 7 4 3 4 18 4 3 3 4 8 0 4 1 13 12 2 4 3 17 11 7 1 3
split_gain=2.26548e+07 5.82258e+06 1.74785e+06 1.68272e+06 1.64542e+06 1.70254e+06 1.09851e+06 859737 853527 539822 333432 260885 308679 208474 200219 110444 104767 83988.6 52112.1 46025.4 294014 19696.1 46800.5 12713.1 6885.93 3723.5 2133.89
threshold=0.56351130880566103 6406.5500000000002 9223.9800000000014 302.16000000000003 5.5000000000000009 44810.000000000007 0.40994199754644661 48480.000000000007 17710.885000000002 35012.500000000007 0.50533931477710625 0.67287489839297832 39715.000000000007 2.5000000000000004 38353.80000000001 37162.000000000007 32683.290000000005 70.375000000000014 1002.0000000000001 22507.380000000005 33822.500000000007 0.42963491645121005 108.18426866736571 14.035000000000002 4.5000000000000009 34142.530000000006 0.44063711005998329
decision_type=2 2 2 10 2 2 2 2 10 2 2 2 2 2 2 2 2 10 10 2 2 2 2 10 2 2 2
left_child=6 3 4 7 15 -6 18 24 -9 21 17 12 -4 -12 -5 -3 -13 -11 19 20 -1 22 -8 -21 -2 -16 -23
right_child=1 2 11 14 5 -7 9 8 -10 10 13 16 -14 -15 25 -17 -18 -19 -20 23 -22 26 -24 -25 -26 -27 -28
leaf_value=1.6037669578263927 6.5436402638753242 12.142903137207032 5.7851893255787514 26.56126190185546 24.101344433952782 5.0842045042249895 4.0290094669048591 7.3982093811035119 30.494840749104817 -1.178850540076152 -0.97936553178089003 5.236367448689986 2.7902571662040794 2.290339496589842 36.530704498291023 6.686875375919044 7.7478229141235353 -2.7932895881026543 2.3215121126174929 -3.0105654089098923 -2.7880372025206022 3.7616800308227543 -2.1556823730468753 -2.7379672809522981 8.4500086975097641 34.882964070638018 4.709778497157953
leaf_weight=43 9 9.9999999999999982 124 10.000000000000002 34 18 13.000000000000002 6.0000000000000027 11.999999999999998 202 91 245 281 105 7.9999999999999982 128 50 134 4.9999999999999991 1023 335 6.9999999999999991 3.9999999999999991 735 10 6 39
leaf_count=43 5 5 105 5 17 15 13 3 6 202 91 228 281 105 4 86 29 134 5 1023 335 7 4 735 5 3 39
internal_value=0.0618331 6.70969 5.68544 21.6537 9.93848 17.5185 -2.24888 14.9654 22.796 -0.3484 -0.866664 4.53104 3.70722 0.772262 31.9648 7.08224 5.66204 -1.8227 -2.77704 -2.78897 -2.28844 4.02806 2.57379 -2.8966 7.54699 35.8245 4.5655
internal_weight=3687 951 890 61 190 52 2736 37 18 595 532 700 405 196 24 138 295 336 2141 2136 378 63 17 1758 19 14 46
internal_count=3533 797 766 31 123 32 2736 19 9 595 532 643 386 196 12 91 257 336 2141 2136 378 63 17 1758 10 7 46
is_linear=0
shrinkage=0.05


Tree=11
num_leaves=30
num_cat=0
split_feature=3 2 7 12 16 3 8 18 3 8 0 1 11 12 17 1 1 16 8 16 3 8 14 12 6 7 11 11 0
split_gain=1.8734e+07 3.39142e+06 2.80675e+06 2.13132e+06 1.28368e+06 881268 509047 398173 306228 300865 179409 166155 150871 130119 122535 111981 84513.7 84267.5 82290.3 65497.5 55994.3 113006 118031 56780.2 53020.1 33816.8 13023.6 14188.8 6237.77
threshold=0.55560308870604658 9223.9800000000014 5.5000000000000009 143.62000000000003 233.61071428571435 0.41123177541219008 2.5000000000000004 17710.885000000002 0.65039571706184296 3.5000000000000004 33084.850000000013 24440.475000000002 354.83500000000004 234.80000000000004 148.1981586964383 32032.375000000004 22891.385000000006 135.67071428571433 3.5000000000000004 11.934285714285716 0.28702007995317708 3.5000000000000004 18.875000000000004 1002.0000000000001 47.500000000000007 5.5000000000000009 14.195000000000002 39.570000000000007 35143.150000000009
decision_type=2 2 2 10 2 2 2 10 2 2 2 2 10 10 2 2 2 2 2 2 2 2 8 10 2 2 10 10 2
left_child=5 2 11 7 -5 20 16 -4 9 14 13 -2 -13 -8 -3 18 24 -12 -10 -11 26 23 -23 -22 -7 -17 28 -28 -1
right_child=1 8 3 4 -6 6 10 -9 15 19 17 12 -14 -15 -16 25 -18 -19 -20 -21 21 22 -24 -25 -26 -27 27 -29 -30
leaf_value=-2.9329652609219212 -4.6998362223307293 1.448295627707276 5.7162409282865987 30.033733117239816 5.0025541543960577 -1.422273940751047 0.48415764779375314 14.824074363708498 4.3418853965232049 7.1314700502337836 3.4308198942078487 6.7598087073972568 12.827785942771218 -3.2669292893903008 4.0395144415683433 5.5593456409595632 5.1981207847595217 1.0932708807469134 6.5310739884009736 4.4584226786295575 -2.7935440105744678 -2.5811083620244806 -0.10383462928376108 2.5714666223526006 -2.850460146646947 7.817059858455214 -2.4150852129676128 -2.8814301541331804 -2.4145499844704905
leaf_weight=905 2.9999999999999991 181 21 35 5.9999999999999991 132 114 28 246 33 72 149 10.999999999999998 29 61 27 3.9999999999999991 83 52 75 361 88 106 4.9999999999999991 128 43 385 283 62
leaf_count=905 3 181 16 18 4 132 114 14 237 21 72 94 7 29 61 23 4 83 42 71 361 88 106 5 128 22 385 283 62
internal_value=-0.0788307 5.89367 10.8717 17.959 26.3706 -2.18231 -0.415646 10.9207 4.13959 3.08078 1.00072 6.95839 7.17698 -0.276552 2.10145 5.14662 -2.01442 2.1791 4.72389 5.27519 -2.63464 -2.20314 -1.22755 -2.72025 -2.12538 6.94623 -2.78244 -2.61265 -2.89973
internal_weight=3728 971 253 90 41 2757 562 49 718 350 298 163 160 143 242 368 264 155 298 108 2195 560 194 366 260 70 1635 668 967
internal_count=3571 814 156 52 22 2757 562 30 658 334 298 104 101 143 242 324 264 155 279 92 2195 560 194 366 260 45 1635 668 967
is_linear=0
shrinkage=0.05


Tree=12
num_leaves=31
num_cat=0
split_feature=3 2 11 0 0 3 3 11 0 8 3 4 4 3 0 12 18 4 18 11 0 12 4 12 11 0 4 15 6 0
split_gain=1.75496e+07 3.29984e+06 2.02394e+06 2.49144e+06 1.42697e+06 913886 825531 416913 265876 237347 225407 484881 174568 230144 172858 102220 84262.7 82183.4 58218.1 109567 55025.3 46858.9 171882 43145.5 34031.2 32054.4 31890.3 25754.7 22500.7 8256.32
threshold=0.56351130880566103 9223.9800000000014 299.88500000000005 38765.750000000007 37159.500000000007 0.50533931477710625 0.85868205595435165 1.0000000180025095e-35 31877.750000000004 2.5000000000000004 0.39336667713522172 35012.500000000007 36349.500000000007 0.64493124237365096 33401.250000000007 398.20000000000005 32293.285000000007 36212.500000000007 25629.130000000005 13.31 30569.350000000002 24.270000000000003 40910.000000000007 1002.0000000000001 264.86000000000007 31528.600000000002 36337.500000000007 120.08333333333336 63.500000000000007 28798.850000000002
decision_type=2 2 10 2 2 2 2 8 2 2 2 2 2 2 2 8 8 2 10 10 2 8 2 10 10 2 2 2 2 2
left_child=5 2 6 4 -4 10 14 -8 20 18 23 24 17 -14 -2 -13 -5 -10 19 -7 29 22 -11 26 -12 -22 -1 -23 -20 -3
right_child=1 8 3 16 -6 9 7 -9 12 21 11 15 13 -15 -16 -17 -18 -19 28 -21 25 27 -24 -25 -26 -27 -28 -29 -30 -31
leaf_value=-2.2456159152679063 -3.920676898956299 -2.8574564615885394 13.472630544809196 -2.7574042956034335 28.844806967841254 -1.9736240103012985 29.279943847656263 10.64053039550781 4.7313350717226665 3.3145343190147765 3.4441296451232013 -2.0139144016604118 2.6706604056772978 4.7259459634027081 6.6138312855545358 3.3734592225816513 6.0450348179915858 7.6572148958841968 -3.6758239752367916 2.0474189132452012 3.4754424667358408 -0.29400482177734377 -2.6443165274227369 2.6567178249359134 -2.0356115976969402 -1.9451843261718746 -2.6717437020732406 3.8588759644755295 0.98370526631673183 -6.1753508758544911
leaf_weight=633 3.9999999999999991 3.0000000000000018 26 3 36 36 5.9999999999999973 6.0000000000000009 48 42 51 406 230 334 147 8.9999999999999982 29 48 19.000000000000004 32 4.9999999999999982 3.9999999999999991 17 3.9999999999999991 2.9999999999999991 6 1433 56 2.9999999999999991 5
leaf_count=633 4 3 13 3 18 36 3 3 43 42 51 406 230 304 96 9 17 26 19 32 5 4 17 4 3 6 1433 56 3 5
internal_value=-0.0312193 5.88187 10.7074 16.5504 22.3984 -2.04529 7.33787 19.9602 4.05541 1.1328 -2.30689 -1.31715 4.22329 3.8878 6.33477 -1.89708 5.21981 6.19427 -0.804696 -0.0813685 -1.77595 2.59814 1.59758 -2.53114 3.1397 0.518737 -2.54118 3.58202 -3.04043 -4.93114
internal_weight=3684 936 257 94 62 2748 163 12 679 209 2539 469 660 564 151 415 32 96 90 68 19 119 59 2070 54 11 2066 60 22 8
internal_count=3527 779 157 51 31 2748 106 6 622 209 2539 469 603 534 100 415 20 69 90 68 19 119 59 2070 54 11 2066 60 22 8
is_linear=0
shrinkage=0.05


Tree=13
num_leaves=30
num_cat=0
split_feature=3 2 7 2 7 14 18 3 11 8 3 4 2 4 13 13 18 16 15 4 11 18 4 14 16 17 4 14 14
split_gain=1.73873e+07 3.94894e+06 1.36981e+06 1.31254e+06 1.13437e+06 1.79585e+06 967906 841479 350609 257944 204307 190615 152838 258986 101976 157906 102464 90604.2 71136.9 67866.5 60044.6 99696 53292.2 49265 47245.3 40379.6 27867.5 8129.92 2638.12
threshold=0.56351130880566103 6406.5500000000002 5.5000000000000009 9223.9800000000014 5.5000000000000009 14.130000000000001 17710.885000000002 0.47379344804336981 329.50000000000006 2.5000000000000004 0.70690138330064556 36349.500000000007 19686.255000000001 33822.500000000007 113.82000000000001 299.88500000000005 10648.760000000002 188.65000000000001 519.50000000000011 37487.500000000007 13.31 24995.980000000007 37162.000000000007 161.69750000000002 19.255000000000003 108.18426866736571 32625.000000000004 200.37500000000003 17.575000000000003
decision_type=2 2 2 2 2 10 10 2 10 2 2 2 2 2 10 10 8 2 2 2 10 10 2 10 2 2 2 10 10
left_child=7 2 8 4 22 -6 -4 12 27 20 11 -5 13 25 16 -16 -11 -8 26 -15 24 -22 -3 -12 -9 -1 -14 -2 -20
right_child=1 3 6 10 5 -7 17 9 -10 14 23 -13 18 19 15 -17 -18 -19 28 -21 21 -23 -24 -25 -26 -27 -28 -29 -30
leaf_value=3.9590420649601863 7.8322746276855373 9.8032705307006847 5.93939208984375 5.6324603941382438 20.592349414825442 4.4092071261008581 25.694762844509548 3.7909500797589626 18.577353715896606 0.41689146215265449 4.4778276678956592 2.9994612234848388 -1.8458544368439533 -0.42285409382411415 -1.0297418452925602 3.8543799856434697 3.8043441164320799 31.303664652506512 3.7416659673055017 -2.304349886116229 1.0759733038128547 -2.3337143494023218 5.5986694970497721 6.1443456513541088 -2.6412317340656863 -0.94732498168945323 -2.482754299170598 5.6545574696858729 1.7802231073379513
leaf_weight=26.000000000000004 6.0000000000000062 7.9999999999999991 5.9999999999999991 82 40 30 18.000000000000004 2.9999999999999991 7.9999999999999991 33 81 425 188 70 59 23 69 11.999999999999998 2.9999999999999991 152 53 36 130 98 59 4.9999999999999991 1987 14.999999999999998 4
leaf_count=26 3 4 3 61 20 23 9 3 4 33 74 422 188 70 59 23 69 6 3 152 53 36 87 70 59 5 1987 8 4
internal_value=0.0555267 5.85811 17.7572 4.99296 8.47223 13.6567 24.2718 -1.95338 9.67003 0.396138 3.93802 3.42531 -2.27662 -1.11329 1.65301 0.340195 2.7084 27.9383 -2.41151 -1.71109 -1.13541 -0.303226 5.84241 5.39022 -2.33 3.16769 -2.4277 6.27676 2.62084
internal_weight=3729 959 65 894 208 70 36 2770 29 335 686 507 2435 253 184 82 102 30 2182 222 151 89 138 179 62 31 2175 21 7
internal_count=3564 794 33 761 134 43 18 2770 15 335 627 483 2435 253 184 82 102 15 2182 222 151 89 91 144 62 31 2175 11 7
is_linear=0
shrinkage=0.05


Tree=14
num_leaves=27
num_cat=0
split_feature=3 3 3 17 3 7 4 7 8 3 4 12 0 4 3 4 0 18 0 12 3 4 11 11 11 3
split_gain=1.39882e+07 2.75616e+06 1.06556e+06 827457 697105 616870 1.705e+06 570234 402942 274701 254699 190252 186815 177233 207750 109385 105889 72610.3 70994.2 49025.9 31816.1 225472 30984.2 12232.3 2486.6 106.292
threshold=0.55560308870604658 0.83796288046252176 0.7256956195576344 82.862787758233807 0.40994199754644661 5.5000000000000009 44810.000000000007 5.5000000000000009 2.5000000000000004 0.85868205595435165 36349.500000000007 267.38500000000005 31560.800000000007 35012.500000000007 0.5164221979326854 36212.500000000007 33874.750000000007 1.0000000180025095e-35 44281.350000000013 1002.0000000000001 0.28702007995317708 32625.000000000004 331.00000000000006 14.195000000000002 14.035000000000002 0.35641421085303676
decision_type=2 2 2 2 2 2 2 2 2 2 2 10 2 2 2 2 2 10 2 10 2 2 10 10 8 2
left_child=4 2 10 24 19 16 -7 9 17 -5 15 -9 -12 22 -15 -2 -4 -6 -19 20 23 -22 -10 -1 -3 -21
right_child=1 3 5 7 8 6 -8 11 13 -11 12 -13 -14 14 -16 -17 -18 18 -20 25 21 -23 -24 -25 -26 -27
leaf_value=-2.5143946023461243 3.7858460123946025 6.700283304850263 11.195722852434431 6.0654927730560315 6.0264166514078781 18.760546769036189 5.6828359107912325 19.561154632568353 3.5371127238039111 20.218329238891599 -3.9611491203308109 28.590906197684156 2.941272459543447 -0.62603484492704098 2.6725422560279051 7.2859514431077619 4.9378217014564481 -1.8969833372203451 4.814859008789063 2.4452540079752607 2.1131360016763212 -2.2161116317749023 -1.6676980336507161 -2.2342367280451483 5.3537520408630357 2.0243580341339107
leaf_weight=966 41 5.9999999999999973 6.9999999999999991 7.9999999999999982 2.9999999999999991 36 81 10.000000000000002 61 6 9.9999999999999982 13.999999999999998 497 166 67 49 197 262 3.9999999999999991 2.9999999999999991 32 500 2.9999999999999991 653 8 3
leaf_count=966 39 3 4 4 3 18 54 5 61 3 10 7 492 166 67 26 146 262 4 3 32 500 3 653 4 3
internal_value=-0.0321331 5.1237 4.48937 16.3221 -1.86877 6.81249 9.70675 20.1505 -0.307017 12.131 3.24025 24.8285 2.80513 0.962624 0.322483 5.69146 5.15255 -1.70881 -1.79605 -2.27858 -2.29117 -1.95571 3.29314 -2.4014 5.93084 2.23481
internal_weight=3693 970 918 52 2723 321 117 38 566 14 597 24 507 297 233 90 204 269 266 2157 2151 532 64 1619 14 6
internal_count=3538 815 789 26 2723 222 72 19 566 7 567 12 502 297 233 65 150 269 266 2157 2151 532 64 1619 7 6
is_linear=0
shrinkage=0.05


Tree=15
num_leaves=28
num_cat=0
split_feature=2 2 2 7 11 7 0 17 2 11 4 15 2 0 11 17 1 8 17 12 0 12 7 4 12 15 12
split_gain=1.32284e+07 3.13992e+06 1.22507e+06 916839 822067 902861 598116 559574 449548 336697 239317 188398 167691 132431 105394 72813.7 68032.4 78601 59934.5 53537.9 44792.8 39945.9 33972.5 32128.1 8346.1 7546.17 931.072
threshold=16195.655000000002 6406.5500000000002 9223.9800000000014 5.5000000000000009 280.15000000000003 5.5000000000000009 31671.900000000005 98.013053886075255 19514.570000000003 302.16000000000003 33822.500000000007 272.15000000000003 12107.440000000002 33401.250000000007 13.31 79.062246999142758 17915.255000000001 1.5000000000000002 101.10936600577526 1002.0000000000001 44829.950000000004 371.55000000000007 1.5000000000000002 36337.500000000007 280.15000000000003 106.70500000000003 249.04500000000004
decision_type=2 2 2 2 10 2 2 2 2 10 2 2 2 2 8 2 2 2 2 10 2 10 2 2 10 2 10
left_child=1 3 4 9 13 -6 15 -5 10 25 22 14 -8 -3 -12 -4 19 20 -9 23 -18 -13 -2 -10 -24 -1 -19
right_child=8 2 6 7 5 -7 12 18 16 -11 11 21 -14 -15 -16 -17 17 26 -20 -21 -22 -23 24 -25 -26 -27 -28
leaf_value=4.5018263953072646 -2.0029049237569172 -3.9811117172241213 2.038154740797149 12.039624786376955 6.2195631867363339 16.586987145741784 4.6031537393362321 29.756678771972645 -1.87191818178353 19.392981211344402 -2.029050935135206 3.7600429461552545 3.0281442784519665 5.2708711909432697 -0.32374585031294356 -2.9283200182565832 -1.4593028139712205 4.7363403320312489 24.331541224888394 3.0099876403808596 4.785592651367188 -0.2802597016096115 3.7095169217962969 -2.2938456164004362 0.97014249165852873 6.5675410588582359 3.6221460342407221
leaf_weight=7.0000000000000062 2.9999999999999991 3.9999999999999991 8.9999999999999982 9.9999999999999982 42 42 271 8.0000000000000018 639 5.9999999999999991 163 26 449 117 204 41 67 3 13.999999999999998 4.9999999999999991 2.9999999999999991 7.9999999999999991 38 1535 2.9999999999999991 11.999999999999998 5
leaf_count=4 3 4 9 5 24 22 226 4 639 3 163 26 433 82 204 41 67 3 7 5 3 8 38 1535 3 6 5
internal_value=0.0195865 4.83507 4.16822 16.2416 7.60313 11.4033 3.25373 21.8466 -1.81963 9.06725 -0.367184 -0.751273 3.62096 4.96502 -1.08114 -2.03435 -2.10601 -0.655087 26.3043 -2.15794 -1.19166 2.80938 3.13326 -2.16983 3.50907 5.80649 4.03997
internal_weight=3734 1032 975 57 205 84 770 32 2702 25 445 401 720 121 367 50 2257 78 22 2179 70 34 44 2174 41 19 8
internal_count=3572 870 841 29 132 46 709 16 2702 13 445 401 659 86 367 50 2257 78 11 2179 70 34 44 2174 41 10 8
is_linear=0
shrinkage=0.05


Tree=16
num_leaves=27
num_cat=0
split_feature=3 2 2 11 18 3 18 16 0 3 4 3 4 8 14 4 1 17 18 13 0 13 13 12 8 5
split_gain=1.22458e+07 2.76994e+06 1.06308e+06 717346 1.31619e+06 595950 583472 799862 588566 201377 224104 177061 340727 114984 114858 97631.6 70007.2 62619.7 58016.2 49461.4 45831.3 42910.7 34423.2 26585.4 23131.3 6066.15
threshold=0.56351130880566103 6406.5500000000002 9223.9800000000014 280.15000000000003 25861.925000000007 0.5004583992086048 17710.885000000002 247.21571428571431 38227.650000000001 0.65039571706184296 38272.500000000007 0.39336667713522172 35012.500000000007 2.5000000000000004 431.50000000000006 37162.000000000007 32683.290000000005 100.3980548070809 1813.4249999999995 175.51000000000002 31067.200000000001 129.10000000000002 18.770000000000007 1002.0000000000001 4.5000000000000009 15.500000000000002
decision_type=2 2 2 10 10 2 10 2 2 2 2 2 2 2 8 2 2 2 8 10 2 10 8 10 2 2
left_child=5 6 3 15 -5 11 25 8 -8 10 -4 23 22 17 -14 -3 -11 20 -15 -20 -7 -19 -13 24 -1 -2
right_child=1 2 9 4 -6 13 7 -9 -10 16 -12 12 14 18 -16 -17 -18 21 19 -21 -22 -23 -24 -25 -26 -27
leaf_value=-2.1367107936135756 3.4544312667846686 9.6787408447265619 4.1646137496172377 19.301939290364587 6.1033837206223431 -3.9709353129068967 12.356657218933107 4.8119606399536137 25.072551785982572 3.8053778130141875 1.4882607801207182 0.77798956831296284 -1.6586909935348915 -5.0777767181396474 3.5239364103837447 4.5261727546390738 5.875775921598394 -2.4075958251953127 2.8873244470624781 0.9020286964157882 2.6791174587450532 0.14627808168016632 3.4109459257125856 1.5651607513427734 -1.5497046952662261 5.8125312805175779
leaf_weight=1909 4.9999999999999982 9.9999999999999982 118 30 51 3.0000000000000027 13.999999999999998 9.9999999999999982 26 311 232 18 380 3 10.999999999999998 114 47 38 67 59 19 29 40 4.9999999999999991 184 6
leaf_count=1909 3 5 100 15 31 3 7 5 13 288 232 18 380 3 11 79 28 38 67 59 19 29 40 5 184 3
internal_value=0.0295175 4.8507 4.16149 7.3322 10.9917 -1.66879 15.1663 17.46 20.622 3.24341 2.39057 -1.88355 -0.9824 0.84028 -1.51289 4.9417 4.07719 -0.542204 1.79409 1.9577 1.77229 -1.30219 2.59382 -2.07641 -2.08511 4.74067
internal_weight=3739 974 913 205 81 2765 61 50 40 708 350 2547 449 218 391 124 358 89 129 126 22 67 58 2098 2093 11
internal_count=3574 809 778 130 46 2765 31 25 20 648 332 2547 449 218 391 84 316 89 129 126 22 67 58 2098 2093 6
is_linear=0
shrinkage=0.05


Tree=17
num_leaves=31
num_cat=0
split_feature=3 2 7 15 6 3 15 2 6 4 13 11 3 18 15 7 2 4 12 6 15 7 11 15 2 17 8 2 13 6
split_gain=1.08803e+07 2.05849e+06 1.66153e+06 1.53205e+06 710248 502118 382223 202996 252182 164259 151199 151481 144624 159848 108792 93493.8 91794 182786 98454.2 78153.4 61837.1 55171.8 46946 43023.3 40005.6 40001.9 26437.2 5095.86 1506.89 1795.86
threshold=0.55560308870604658 9223.9800000000014 5.5000000000000009 214.14166666666668 62.500000000000007 0.46688148847828587 84.106666666666698 5774.0350000000008 64.500000000000014 35012.500000000007 293.83000000000004 234.80000000000004 0.67287489839297832 14365.92 181.70500000000001 2.5000000000000004 19686.255000000001 37487.500000000007 57.70000000000001 60.500000000000007 586.20000000000016 4.5000000000000009 1264.5000000000002 418.73333333333341 10765.760000000002 82.357512091828212 4.5000000000000009 25570.640000000003 17.655000000000005 62.500000000000007
decision_type=2 2 2 2 2 2 2 2 2 2 8 10 2 10 2 2 2 2 10 2 2 2 10 2 2 2 2 2 8 2
left_child=5 2 7 6 -5 16 -4 8 -2 28 11 -11 13 19 -15 -12 17 18 -1 -3 -9 22 -14 26 -23 -19 -18 -25 -7 -30
right_child=1 12 3 4 -6 9 -8 20 -10 10 15 -13 21 14 -16 -17 23 25 -20 -21 -22 24 -24 27 -26 -27 -28 -29 29 -31
leaf_value=1.7931936264038086 4.2557091395060231 3.9670356582809285 3.6696277575059373 26.193274512657752 9.156674408912659 2.5976483662923151 11.911949199285264 4.4729951363757143 18.752315521240231 -1.3744255131514616 3.6284436509415912 1.3072548781355768 3.3907979136043127 0.61646439941033071 2.8370244161137994 -1.6218650124289775 -2.0236615582141777 -0.21215439605712894 -2.054873904314908 0.87374080575030788 8.9991920471191413 3.6358590278360583 7.5643384660993309 2.0550731250217988 5.6971598148345954 -2.4155453763456425 -1.3989961701470452 -0.40795281728108712 3.5234980773925777 4.4098879814147951
leaf_weight=68 5.9999999999999982 182 22 26 7.9999999999999991 3.0000000000000027 39 133 6 189 37 73 180 115 106 10.999999999999998 2006 25 22 23 7.9999999999999991 36 6.9999999999999991 6.9999999999999982 68 117 185 3 20.000000000000004 7.9999999999999991
leaf_count=68 3 165 16 13 5 3 20 88 3 189 37 73 168 114 106 11 2006 25 22 23 4 31 4 7 45 117 185 3 20 8
internal_value=-0.0136027 4.55941 8.48599 13.6798 22.1847 -1.60443 8.93931 5.26111 11.504 0.192425 -0.154597 -0.62724 3.20126 2.61435 1.68153 2.42525 -1.85627 -0.910313 0.852555 3.61998 4.7298 4.06045 3.54703 -1.95598 4.98363 -2.02762 -1.97092 1.31617 3.66265 3.77675
internal_weight=3739 965 248 95 34 2774 61 153 12 341 310 262 717 426 221 48 2433 232 90 205 141 291 187 2201 104 142 2191 10 31 28
internal_count=3582 808 152 54 18 2774 36 98 6 341 310 262 656 408 220 48 2433 232 90 188 92 248 172 2201 76 142 2191 10 31 28
is_linear=0
shrinkage=0.05


Tree=18
num_leaves=30
num_cat=0
split_feature=3 2 7 15 2 7 15 3 4 11 17 4 2 3 0 17 11 4 3 4 15 15 6 17 3 11 11 0 1
split_gain=9.80426e+06 2.36096e+06 1.11771e+06 645347 539898 540083 767310 452869 287459 237926 219971 147942 197988 147140 100548 87567.4 78418 72567.8 41490.2 267273 70602.4 35087.1 19307.1 19765.7 17491.2 10630.4 11996 6421.08 2496.85
threshold=0.55873615534590859 7008.9350000000004 5.5000000000000009 84.106666666666698 9223.9800000000014 5.5000000000000009 214.14166666666668 0.40994199754644661 35012.500000000007 329.50000000000006 124.46259983909356 36349.500000000007 15838.720000000001 0.51299254273543127 33621.250000000007 97.114403160562659 240.33000000000001 36212.500000000007 0.28702007995317708 35987.500000000007 123.00500000000001 519.50000000000011 37.500000000000007 108.18426866736571 0.85868205595435165 1.2800000000000002 39.570000000000007 35143.150000000009 14544.350000000002
decision_type=2 2 2 2 2 2 2 2 2 10 2 2 2 2 2 2 8 2 2 2 2 2 2 2 2 10 10 2 2
left_child=7 2 9 -4 5 14 -7 18 22 24 -5 17 -13 15 -3 -10 -15 -6 25 20 -20 -21 23 -9 -2 27 -27 -1 -24
right_child=1 4 3 10 11 6 -8 8 13 -11 -12 12 -14 16 -16 -17 -18 -19 19 21 -22 -23 28 -25 -26 26 -28 -29 -30
leaf_value=-2.1108773638549465 5.7862194955348976 -4.8542040189107265 4.4319994517735077 23.699335861206055 3.2908309891110381 6.7250173409779865 20.241412540844507 3.291139330182757 0.040963803991979485 16.035683035850525 14.872879409790039 2.9746886541794937 -0.030166788667928979 -0.10664646915186232 4.4122557640075684 -1.7165949296671899 2.3810741382175022 6.1100333709716805 1.7859030293381732 -2.02713311586009 -1.3625056515137355 1.8225866476694745 2.7717940449714664 -0.2514049530029297 2.8443684895833332 -1.6409872274713468 -2.0690343386786325 -1.5589795316968647 3.5257693971906394
leaf_weight=895 32 2.9999999999999991 6.9999999999999991 24 42 42 13.999999999999998 6.9999999999999991 98 5.9999999999999991 9.9999999999999982 541 61 107 121 256 45 50 69 437 24 5.9999999999999991 15.999999999999998 8.9999999999999982 5.9999999999999991 394 280 56 35
leaf_count=895 17 3 4 12 39 26 8 7 98 3 5 512 61 107 83 256 45 27 69 437 24 6 16 9 3 394 280 56 35
internal_value=0.0122741 4.36216 12.3174 18.257 3.58848 6.02862 10.1041 -1.51353 -0.263823 6.78271 21.1033 2.9556 2.67021 -0.671337 4.18807 -1.23004 0.62985 4.82301 -1.84489 -1.46342 0.97341 -1.97499 2.81382 1.29846 5.32172 -1.97072 -1.81881 -2.07838 3.28923
internal_weight=3693 959 85 41 874 180 56 2734 573 44 34 694 602 506 124 354 152 92 2161 536 93 443 67 16 38 1625 674 951 51
internal_count=3537 803 44 21 759 120 34 2734 573 23 17 639 573 506 86 354 152 66 2161 536 93 443 67 16 20 1625 674 951 51
is_linear=0
shrinkage=0.05


Tree=19
num_leaves=27
num_cat=0
split_feature=3 3 11 18 3 0 0 7 8 0 3 3 4 14 16 0 4 4 0 14 11 15 17 4 6 17
split_gain=9.04159e+06 1.95638e+06 816166 2.11159e+06 773475 364102 303218 272510 230581 221915 140954 109345 250238 104204 84529.9 81135.9 104172 75057.4 66910 28271 25932.6 24677.2 23354.2 21069.3 2465.55 608.347
threshold=0.58329490261606409 0.85868205595435165 299.88500000000005 26266.675000000003 0.49218665004439416 38549.900000000009 37159.500000000007 5.5000000000000009 2.5000000000000004 32574.350000000002 0.7256956195576344 0.39030528102575285 35012.500000000007 431.50000000000006 9.1435714285714305 36580.200000000004 42977.500000000007 39905.000000000007 33152.500000000007 39.570000000000007 13.715000000000002 519.50000000000011 103.33184911962353 36337.500000000007 53.500000000000007 343.88493686463522
decision_type=2 2 10 10 2 2 2 2 2 2 2 2 2 8 2 2 2 2 2 8 10 2 2 2 2 2
left_child=4 2 9 6 11 -5 -4 -3 14 17 -11 21 19 -14 24 16 -10 -2 -16 -13 -9 23 -17 -1 -6 -23
right_child=1 7 3 5 8 -7 -8 20 15 10 -12 12 13 -15 18 22 -18 -19 -20 -21 -22 25 -24 -25 -26 -27
leaf_value=-1.5522992621359892 2.4771013100941963 10.899779357910154 11.34923019409179 8.799406118650694 4.3895951952253069 2.7381977545420333 24.328227742513022 19.496775512695308 2.0888352999147379 2.9640170400162682 4.4421637524216804 2.8313671543484644 -1.5347986014025459 3.2017337520917262 -4.299570743854229 5.276643346150717 -1.2485159746805827 -4.3720519478122393 -0.53738499824817365 0.36151950359344487 23.316082382202151 1.9246167500813802 2.9920605659484867 -1.8968293910752463 2.6763604482014967 0.91768509546915666
leaf_weight=643 6.0000000000000027 10.000000000000002 6.0000000000000027 37 6.9999999999999982 75 18 10.000000000000002 106 417 263 42 359 11.999999999999998 12.999999999999998 14.999999999999998 30 11.999999999999998 130 15.999999999999998 7.9999999999999991 2.9999999999999991 44 1432 3 3
leaf_count=643 6 5 3 23 7 66 9 5 106 395 183 42 359 12 13 8 30 12 130 16 4 3 44 1432 3 3
internal_value=0.0290738 4.51754 4.08109 7.62461 -1.32469 4.74056 21.0835 17.5177 0.884377 3.39066 3.53571 -1.63097 -0.904126 -1.3816 -0.568616 2.02442 1.35265 -2.089 -0.879402 2.15003 21.1942 -1.78081 3.57289 -1.79007 3.87562 1.42115
internal_weight=3720 862 834 136 2858 112 24 28 348 698 680 2510 429 371 153 195 136 18 143 58 18 2081 59 2075 10 6
internal_count=3562 711 697 101 2851 89 12 14 341 596 578 2510 429 371 153 188 136 18 143 58 9 2081 52 2075 10 6
is_linear=0
shrinkage=0.05


Tree=20
num_leaves=31
num_cat=0
split_feature=3 2 3 9 15 3 2 4 4 4 0 1 4 2 4 2 17 14 6 13 12 15 2 0 0 14 0 14 14 13
split_gain=7.90101e+06 1.41532e+06 663249 449589 725606 470737 404558 359449 665534 220829 120769 102911 118857 102072 154472 88955.5 80137.9 76428.6 60369.6 44571.5 37037.7 33535.1 29961.2 27100.5 26699.5 25222.4 21654 17371.5 13912.1 2476.5
threshold=0.58329490261606409 7008.9350000000004 0.5004583992086048 1.0000000180025095e-35 272.15000000000003 0.85868205595435165 9223.9800000000014 44810.000000000007 44735.000000000007 46922.500000000007 31902.500000000004 32266.525000000005 36349.500000000007 19578.045000000002 35012.500000000007 14343.370000000001 105.06687675808091 431.50000000000006 37.500000000000007 299.88500000000005 284.70000000000005 418.73333333333341 23806.810000000001 38407.600000000006 39997.150000000009 305.30000000000007 43702.250000000007 232.02500000000003 250.03500000000003 302.16000000000003
decision_type=2 2 2 2 2 2 2 2 2 2 2 2 2 2 2 2 2 8 2 10 10 2 2 2 2 10 2 10 8 10
left_child=2 3 13 27 5 -5 7 8 -3 10 15 12 -8 14 18 -4 -12 -16 -1 20 -11 22 -15 -6 -21 -13 -9 -2 -29 -23
right_child=1 6 9 4 23 -7 11 26 -10 19 16 25 -14 21 17 -17 -18 -19 -20 24 -22 29 -24 -25 -26 -27 -28 28 -30 -31
leaf_value=-1.5336604118347168 1.6134658813476552 4.3660244679918483 -3.7656663091743692 6.1883361643010923 19.96769510904948 16.638915789127349 4.5932553556230333 3.2022619567266326 13.39711198245778 -3.2709611362881135 3.1985895237365329 4.2080095335494638 2.4129222867892515 -1.3773017000255168 -1.3265709284292275 3.3157526334126795 1.2251597928808582 3.3629286236233185 2.8325831890106201 -2.1161132877071696 -0.31376413981119794 0.80525034268697115 -1.7831955053411452 24.413001251220706 3.8504084777832031 6.4372554355197487 5.927527523040772 6.1940875053405779 3.0090814590454094 2.5646903991699213
leaf_weight=9.9999999999999982 6.0000000000000027 51 17.000000000000004 33 5.9999999999999991 15.999999999999998 72 82 34 36 77 43 474 638 251 5.9999999999999991 155 8.9999999999999982 38 3 14.999999999999998 5.9999999999999982 1582 7.9999999999999991 5 18 7.9999999999999991 7.9999999999999973 6.0000000000000009 3
leaf_count=10 4 32 17 17 3 8 51 61 17 36 70 28 465 638 251 6 155 9 38 3 15 6 1582 4 5 9 4 4 3 3
internal_value=0.00192885 4.18759 -1.26801 10.3956 12.469 9.60077 3.52868 5.64671 7.97846 0.89972 1.53753 2.91805 2.70044 -1.53631 -0.683121 -1.91834 1.88013 -1.16424 1.92295 -1.8569 -2.4012 -1.6542 -1.66655 22.5079 1.61296 4.86582 3.44451 3.8644 4.82908 1.39173
internal_weight=3716 865 2851 83 63 49 782 175 85 314 255 607 546 2537 308 23 232 260 48 59 51 2229 2220 14 8 61 90 20 14 9
internal_count=3554 710 2844 43 32 25 667 114 49 307 248 553 516 2537 308 23 225 260 48 59 51 2229 2220 7 8 37 65 11 7 9
is_linear=0
shrinkage=0.05


Tree=21
num_leaves=29
num_cat=0
split_feature=3 2 3 9 11 0 3 0 11 4 4 0 1 4 4 0 12 4 0 16 12 5 11 0 11 11 3 0
split_gain=7.0609e+06 1.65755e+06 611876 428145 442286 445230 380355 256752 814371 211055 192457 112841 102145 378863 93254.3 119757 75248.5 60718.5 52884.5 49835.6 43574.1 30571.5 18931.5 16602.1 10900.3 15268.5 11718 10879.8
threshold=0.58329490261606409 6406.5500000000002 0.50533931477710625 1.0000000180025095e-35 302.16000000000003 41147.450000000004 0.7256956195576344 39170.30000000001 299.88500000000005 44395.000000000007 46922.500000000007 31671.900000000005 11364.440000000002 35012.500000000007 36349.500000000007 33621.250000000007 818.74000000000012 36212.500000000007 44281.350000000013 30.126428571428576 57.70000000000001 12.500000000000002 1.2800000000000002 41639.05000000001 14.195000000000002 216.64500000000001 0.31807589158939881 38353.80000000001
decision_type=2 2 2 2 10 2 2 2 10 2 2 2 2 2 2 2 8 2 2 2 10 2 8 2 8 10 2 2
left_child=2 3 12 23 5 -5 14 8 -8 -9 11 22 24 20 17 -16 -15 -3 21 -13 -14 -12 -4 -2 26 -26 -1 -6
right_child=1 6 10 4 27 -7 7 9 -10 -11 18 19 13 16 15 -17 -18 -19 -20 -21 -22 -23 -24 -25 25 -27 -28 -29
leaf_value=-1.7907924647465625 5.4504582977294938 2.7536991273655613 -3.7400031870061712 4.0672779015132354 18.679628499348947 16.677222824096681 3.8336781516034382 -2.3694296010335285 11.625896916998194 3.8418420850076984 -1.0292496878525306 3.7437590485811238 2.929891573815119 -1.420589791923474 -1.4142292413183235 2.3779198369721777 2.5768126964569094 5.81331526233304 3.8572620391845707 1.5539686354165225 -0.15397272109985352 -3.4702451451965 0.74094085693359335 1.5493598302205402 -1.3552953112926058 -1.8393818531280912 -1.1309872017966378 21.28728713989258
leaf_weight=1029 4.9999999999999982 34 10.999999999999996 14.000000000000002 6.0000000000000027 13.999999999999998 117 14.999999999999998 47 155 29 30 63 622 22 388 11.999999999999998 31 3.9999999999999991 194 13.999999999999998 23 3.0000000000000009 6 536 234 72 11.999999999999998
leaf_count=1029 3 32 11 7 3 7 83 13 25 111 29 25 63 622 22 383 12 17 4 194 14 23 3 3 536 234 72 6
internal_value=-0.0149333 3.94314 -1.20676 12.1842 14.3032 10.3723 3.3625 4.65539 6.06681 3.29379 0.954526 1.57507 -1.45285 -0.942697 2.45339 2.17444 -1.34493 4.2129 -1.68276 1.84724 2.36919 -2.10892 -2.7798 3.32259 -1.64672 -1.50241 -1.74764 20.4181
internal_weight=3742 866 2876 57 46 28 809 334 164 170 294 238 2582 711 475 410 634 65 56 224 77 52 14 11 1871 770 1101 18
internal_count=3586 715 2871 29 23 14 686 232 108 124 289 233 2582 711 454 405 634 49 56 219 77 52 14 6 1871 770 1101 9
is_linear=0
shrinkage=0.05


Tree=22
num_leaves=27
num_cat=0
split_feature=3 3 3 4 4 3 16 4 1 8 4 1 3 4 12 16 0 0 18 17 12 11 11 4 8 6
split_gain=6.73968e+06 1.67859e+06 762527 711601 1.21361e+06 368264 250057 131221 116198 102805 76146.2 74223.8 67513.8 356151 86155.4 44621.1 43511.2 43502.7 85727.2 56426.2 37029.4 32593.8 29852.8 8971.13 7875.66 821.211
threshold=0.55873615534590859 0.85868205595435165 0.75152551662416556 44810.000000000007 44735.000000000007 0.47379344804336981 229.8014285714286 36349.500000000007 24603.755000000001 2.5000000000000004 36212.500000000007 15836.560000000003 0.28702007995317708 35397.500000000007 57.70000000000001 69.800714285714292 36854.700000000004 38950.80000000001 18999.660000000007 100.90519850039639 22.530000000000005 13.715000000000002 1068.0450000000003 34230.000000000007 4.5000000000000009 61.500000000000007
decision_type=2 2 2 2 2 2 2 2 2 2 2 2 2 2 10 2 2 2 10 2 10 10 10 2 2 2
left_child=5 2 7 4 -4 12 21 10 -9 17 -2 20 23 14 -14 -15 -13 19 -19 -7 -11 -3 -5 25 -25 -1
right_child=1 6 3 22 -6 9 -8 8 -10 11 -12 16 13 15 -16 -17 -18 18 -20 -21 -22 -23 -24 24 -26 -27
leaf_value=-1.8899103198732652 2.7720712413390478 16.856129150390611 3.5867060933794295 3.5641219165248259 14.194518006764927 0.57854243516921999 7.2364150047302251 1.3877499443079744 2.8157495590736126 0.67701374400745717 5.6517297744750978 1.1334021514600463 1.9970770459908707 -0.94399384365806105 -1.5139965965634301 -1.7946641632218481 3.0936481450733386 3.2762226528591585 -0.81980232542211362 -2.3614768701441147 -3.3392298380533854 20.893072814941405 -0.36116909027099608 -1.5807730158889135 -1.0662628403192833 -1.6376521677584261
leaf_weight=252 48 10.000000000000005 56 155 52 24 5.9999999999999991 280 290 11.000000000000002 44 111 104 237 21 441 38 18 44 51 11.999999999999998 9.9999999999999982 4.9999999999999991 1271 79 37
leaf_count=252 43 5 34 108 26 24 3 280 270 11 24 111 104 237 21 441 38 18 44 51 12 5 4 1271 79 37
internal_value=0.0418022 3.65835 3.30804 5.55822 8.69417 -1.21499 16.1889 2.39709 2.11428 0.411304 4.1493 1.22525 -1.42077 -1.04517 1.40722 -1.49731 1.63333 -0.610581 0.369366 -1.42067 -1.41842 18.8746 3.44146 -1.60479 -1.55066 -1.85761
internal_weight=3707 956 930 268 108 2751 26 662 570 309 92 172 2442 803 125 678 149 137 62 75 23 20 160 1639 1350 289
internal_count=3553 802 789 172 60 2751 13 617 550 309 67 172 2442 803 125 678 149 137 62 75 23 10 112 1639 1350 289
is_linear=0
shrinkage=0.05


Tree=23
num_leaves=30
num_cat=0
split_feature=3 2 7 18 3 2 7 15 4 4 0 1 4 3 4 12 12 18 11 4 2 18 7 1 12 1 11 7 8
split_gain=5.83296e+06 1.25871e+06 577388 469517 466345 361143 285397 666949 204710 119126 96208.8 92892 103284 76677.7 329046 83122.6 77975.5 60802.5 58831.5 45418.6 33923.9 32984.6 29524.7 23402.7 19156.8 10353.4 9400.85 12436.8 6491.72
threshold=0.58329490261606409 6406.5500000000002 5.5000000000000009 17710.885000000002 0.50533931477710625 9223.9800000000014 5.5000000000000009 214.14166666666668 46922.500000000007 37162.000000000007 31902.500000000004 30559.825000000004 36349.500000000007 0.28702007995317708 35397.500000000007 1002.0000000000001 57.70000000000001 16500.125000000004 302.16000000000003 35012.500000000007 17516.160000000003 26538.345000000005 5.5000000000000009 21952.09 239.11000000000004 32683.290000000005 14.130000000000001 1.5000000000000002 1.5000000000000002
decision_type=2 2 2 10 2 2 2 2 2 2 2 2 2 2 2 8 10 10 10 2 2 10 2 2 10 2 10 2 2
left_child=4 2 18 -4 13 6 9 -8 10 -3 19 12 -7 26 16 -16 -15 -12 25 -6 23 -22 -13 -10 -5 -2 28 -28 -1
right_child=1 5 3 24 8 11 7 -9 20 -11 17 22 -14 14 15 -17 -18 -19 -20 -21 21 -23 -24 -25 -26 -27 27 -29 -30
leaf_value=-1.1537143313366434 4.406781142098561 9.5046188831329346 2.170019833246867 15.828141021728511 2.865455627441404 3.9299529278115055 4.6243510761763904 16.149003533756034 -2.0759037819775661 3.2094935670975717 2.4935619690408144 3.0089954013824465 1.8975346160243298 1.7530371665954592 -1.4280672874570508 2.1062928424162024 -1.4229134642559549 0.82227509930582332 9.3071275075276692 -3.0913286805152893 0.3559247506292243 -2.7805547205607097 4.7360138912590184 -5.5138593567742245 18.557587348090276 1.9242969195048016 -1.7509805713381088 -1.2550808448380921 -1.6571450883484957
leaf_weight=69 14.000000000000005 7.9999999999999991 5.9999999999999991 10.000000000000002 4.0000000000000027 73 48 17 11.000000000000002 124 118 50 435 121 776 17 23 101 5.9999999999999991 15.999999999999998 19 14.999999999999998 49 8.9999999999999982 18 5.9999999999999991 168 511 890
leaf_count=69 7 4 3 5 4 54 29 9 11 83 112 44 429 121 776 17 23 101 3 16 19 15 26 9 9 3 168 511 890
internal_value=-0.0137481 3.58769 10.5737 14.8629 -1.0987 3.06635 4.92648 7.63849 0.791417 3.59102 1.41963 2.46265 2.18959 -1.31377 -0.953023 -1.3523 1.24577 1.72279 4.96475 -1.89997 -1.98899 -1.02782 3.86378 -3.62298 17.5828 3.66204 -1.52013 -1.37778 -1.62092
internal_weight=3732 864 60 34 2868 804 197 65 293 132 239 607 508 2575 937 793 144 219 26 20 54 34 99 20 28 20 1638 679 959
internal_count=3570 708 30 17 2862 678 125 38 287 87 233 553 483 2575 937 793 144 213 13 20 54 34 70 20 14 10 1638 679 959
is_linear=0
shrinkage=0.05


end of trees

feature_importances:
thermal_on_capacity=102
thermal_space_load_ratio=96
renewable_power=63
price_lag_1d=58
total_load=53
price_lag_2d=44
weekday=40
net_load=37
net_load_lag_1d=32
month=29
price_lag_7d=28
price_ma_3d=22
price_std_7d=21
price_lag_3d=17
price_ma_7d=17
period=14
hour=3
is_weekend=3

parameters:
[boosting: gbdt]
[objective: regression]
[metric: rmse]
[tree_learner: serial]
[device_type: cpu]
[data_sample_strategy: bagging]
[data: ]
[valid: ]
[num_iterations: 400]
[learning_rate: 0.05]
[num_leaves: 31]
[num_threads: 0]
[seed: 42]
[deterministic: 0]
[force_col_wise: 0]
[force_row_wise: 0]
[histogram_pool_size: -1]
[max_depth: 5]
[min_data_in_leaf: 3]
[min_sum_hessian_in_leaf: 0.001]
[bagging_fraction: 0.85]
[pos_bagging_fraction: 1]
[neg_bagging_fraction: 1]
[bagging_freq: 1]
[bagging_seed: 400]
[bagging_by_query: 0]
[feature_fraction: 0.85]
[feature_fraction_bynode: 1]
[feature_fraction_seed: 30056]
[extra_trees: 0]
[extra_seed: 12879]
[early_stopping_round: 0]
[early_stopping_min_delta: 0]
[first_metric_only: 0]
[max_delta_step: 0]
[lambda_l1: 0]
[lambda_l2: 0]
[linear_lambda: 0]
[min_gain_to_split: 0]
[drop_rate: 0.1]
[max_drop: 50]
[skip_drop: 0.5]
[xgboost_dart_mode: 0]
[uniform_drop: 0]
[drop_seed: 17869]
[top_rate: 0.2]
[other_rate: 0.1]
[min_data_per_group: 100]
[max_cat_threshold: 32]
[cat_l2: 10]
[cat_smooth: 10]
[max_cat_to_onehot: 4]
[top_k: 20]
[monotone_constraints: ]
[monotone_constraints_method: basic]
[monotone_penalty: 0]
[feature_contri: ]
[forcedsplits_filename: ]
[refit_decay_rate: 0.9]
[cegb_tradeoff: 1]
[cegb_penalty_split: 0]
[cegb_penalty_feature_lazy: ]
[cegb_penalty_feature_coupled: ]
[path_smooth: 0]
[interaction_constraints: ]
[verbosity: -1]
[saved_feature_importance_type: 0]
[use_quantized_grad: 0]
[num_grad_quant_bins: 4]
[quant_train_renew_leaf: 0]
[stochastic_rounding: 1]
[linear_tree: 0]
[max_bin: 255]
[max_bin_by_feature: ]
[min_data_in_bin: 3]
[bin_construct_sample_cnt: 200000]
[data_random_seed: 175]
[is_enable_sparse: 1]
[enable_bundle: 1]
[use_missing: 1]
[zero_as_missing: 0]
[feature_pre_filter: 1]
[pre_partition: 0]
[two_round: 0]
[header: 0]
[label_column: ]
[weight_column: ]
[group_column: ]
[ignore_column: ]
[categorical_feature: ]
[forcedbins_filename: ]
[precise_float_parser: 0]
[parser_config_file: ]
[objective_seed: 16083]
[num_class: 1]
[is_unbalance: 0]
[scale_pos_weight: 1]
[sigmoid: 1]
[boost_from_average: 1]
[reg_sqrt: 0]
[alpha: 0.9]
[fair_c: 1]
[poisson_max_delta_step: 0.7]
[tweedie_variance_power: 1.5]
[lambdarank_truncation_level: 30]
[lambdarank_norm: 1]
[label_gain: ]
[lambdarank_position_bias_regularization: 0]
[eval_at: ]
[multi_error_top_k: 1]
[auc_mu_weights: ]
[num_machines: 1]
[local_listen_port: 12400]
[time_out: 120]
[machine_list_filename: ]
[machines: ]
[gpu_platform_id: -1]
[gpu_device_id: -1]
[gpu_use_dp: 0]
[num_gpu: 1]

end of parameters

pandas_categorical:[]
