tree
version=v4
num_class=1
num_tree_per_iteration=1
label_index=0
max_feature_idx=18
objective=regression
feature_names=total_load net_load renewable_power thermal_space_load_ratio thermal_on_capacity hour period weekday month is_weekend is_holiday price_lag_1d price_lag_2d price_lag_3d price_lag_7d price_ma_3d price_ma_7d price_std_7d net_load_lag_1d
feature_infos=[31325.099999999999:48277.599999999999] [13380.389999999999:45874.959999999999] [1144.03:19856.66] [0.41387726832827804:0.97282505160491894] [27170:49115] [18:21] [73:88] [0:6] [1:5] [0:1] none [0:1500] [0:1500] [0:1500] [0:1500] [5.9733333333333336:1035.48] [79.428571428571431:846.28571428571433] [11.335333957067826:492.08120199323025] [13380.389999999999:45874.959999999999]
tree_sizes=2594 2614 2850 2594 2562 2774 2663 2460 2760 2361 2770 2573 2525 2454 2482 2577 2320 2362 2639 2366 2410 2571

Tree=0
num_leaves=28
num_cat=0
split_feature=3 1 7 18 11 2 16 14 17 17 18 2 18 18 14 14 11 16 16 18 0 11 2 2 16 11 13
split_gain=7.09074e+07 1.79232e+07 1.71187e+07 1.18102e+07 1.09421e+07 6.79129e+06 5.62159e+06 3.2738e+06 3.2416e+06 4.07202e+06 2.50736e+06 2.48707e+06 1.51399e+06 1.14991e+06 1.73524e+06 1.40878e+06 941545 914540 730374 473894 892198 419868 362895 333755 57715.7 41861.4 1489.19
threshold=0.89693937873705265 37330.165000000008 1.0000000180025095e-35 30220.870000000006 1022.0000000000001 7112.9500000000016 397.64214285714291 321.50000000000006 113.76314861968469 42.378707261545692 43743.390000000007 15665.460000000001 26900.795000000002 26196.155000000002 314.50000000000006 13.810000000000002 436.50000000000006 204.05714285714288 257.24571428571437 29223.505000000001 34754.950000000004 230.02500000000003 5791.6600000000008 18958.675000000003 439.57428571428579 1069.0050000000003 186.53500000000003
decision_type=2 2 2 10 10 2 2 10 2 2 10 2 10 8 10 8 10 2 2 10 2 8 2 2 2 10 10
left_child=5 7 6 24 -5 10 -3 8 9 -2 13 19 -9 14 -1 -15 -14 26 -10 21 -21 -7 -12 -19 -4 -8 -13
right_child=1 2 3 4 -6 11 25 12 18 -11 22 17 16 15 -16 -17 -18 23 -20 20 -22 -23 -24 -25 -26 -27 -28
leaf_value=407.09614510342578 411.36004083161652 452.34737435187003 407.0118742736687 448.34156028604394 419.96904108756451 400.26586433911245 407.35891512677983 432.0243747791161 431.86287457948026 447.5686929609343 439.68687477911612 388.97641640509266 407.07437426165944 448.93687477911612 417.13631024793654 406.91028314400933 415.26348965784393 399.63459450075641 413.43906675184866 390.64940555895464 402.64093323553698 405.10201602348423 422.29687395895616 391.81659322584767 412.0368742784371 409.90770761971771 389.67896531644743
leaf_weight=96 11.999999999999998 7.9999999999999991 20.000000000000004 178 42 51 49 7.9999999999999991 5.9999999999999991 22 5.9999999999999982 24 108 1.9999999999999989 78 669 52 93 52 15.999999999999998 508 374 6 15.999999999999998 7.9999999999999991 24 10.999999999999998
leaf_count=53 7 4 10 89 21 50 25 4 3 11 3 24 61 1 39 405 26 93 26 16 497 272 3 16 4 12 11
internal_value=409.557 424.761 432.514 439.032 442.925 404.965 412.557 414.949 422.531 434.789 408.297 402.352 410.797 407.975 411.597 407.036 409.736 396.229 415.345 403.281 402.275 404.522 430.992 398.487 408.448 408.197 389.197
internal_weight=2539 589 329 248 220 1950 81 260 92 34 857 1093 168 845 174 671 160 144 58 949 524 425 12 109 28 73 35
internal_count=1786 303 165 124 110 1483 41 138 47 18 504 979 91 498 92 406 87 144 29 835 513 322 6 109 14 37 35
is_linear=0
shrinkage=1


Tree=1
num_leaves=28
num_cat=0
split_feature=2 4 4 11 16 2 12 2 0 7 0 14 4 14 0 8 4 4 2 4 18 0 2 6 11 2 11
split_gain=5.58828e+07 2.50046e+07 1.14164e+07 1.15219e+07 1.68872e+07 6.4177e+06 4.63003e+06 2.14686e+06 2.12107e+06 1.5562e+06 2.94593e+06 1.2596e+06 968959 853804 764343 448886 883522 383304 351961 157297 111427 66363.2 23478 10357.1 3868.43 3130.39 2728.39
threshold=4191.670000000001 48480.000000000007 42910.000000000007 348.50000000000006 428.34571428571434 7112.9500000000016 389.50000000000006 15665.460000000001 47230.750000000007 1.0000000180025095e-35 42421.000000000007 13.810000000000002 37979.500000000007 330.75000000000006 34651.950000000004 2.5000000000000004 39052.500000000007 48702.000000000007 18958.675000000003 38272.500000000007 29421.630000000001 41597.650000000009 4143.3350000000009 81.500000000000014 369.50000000000006 3376.8800000000006 256.71000000000009
decision_type=2 2 2 10 2 2 10 2 2 2 2 8 2 8 2 2 2 2 2 2 10 2 2 2 10 2 10
left_child=1 2 6 21 -5 8 12 15 9 10 -2 -11 -1 -8 19 16 -7 22 -16 -9 -17 -4 26 24 -19 -25 -3
right_child=5 17 3 4 -6 7 13 14 -10 11 -12 -13 -14 -15 18 20 -18 23 -20 -21 -22 -23 -24 25 -26 -27 -28
leaf_value=3.216438356482465 1.955924943436024 34.370756022135382 0.17502136528491974 44.792227172851568 13.299984090132639 -15.645275326432852 43.713970947265636 -7.2890632629394538 28.765655517578125 37.553155517578126 33.224022674560551 -2.1862116371137628 -3.1072710350155832 18.762707138061522 -8.8530473402988772 -4.3329128763593472 -6.5414642978946489 42.317604203657666 -17.191104125976562 -19.18147799843236 -5.7312929248809823 -2.8972220347477844 32.295622558593749 40.997780064174094 41.033673095703129 39.757922363281253 35.645135062081472
leaf_weight=115 129 6.0000000000000062 32 58 160 29 5.9999999999999973 2.9999999999999991 5.9999999999999991 1.9999999999999989 7.9999999999999991 667 128 8 81 290 329 22.000000000000004 14.999999999999998 38 280 39 9.9999999999999982 14.000000000000002 7.9999999999999991 7.9999999999999991 13.999999999999998
leaf_count=61 73 3 16 29 80 29 3 3 3 1 4 391 79 4 81 227 295 11 15 38 272 20 5 7 4 4 7
internal_value=0.11869 13.0296 9.16319 15.9812 21.6787 -4.201 1.49628 -6.75389 -0.852705 -1.07319 3.7818 -2.06741 -0.114569 29.4561 -12.5965 -5.89134 -7.27892 38.7744 -10.1559 -18.3113 -5.01984 -1.51255 34.2738 41.3709 41.9752 40.5469 35.2628
internal_weight=2505 628 546 289 218 1877 257 1065 812 806 137 669 243 14 137 928 358 82 96 41 570 71 30 52 30 22 20
internal_count=1765 333 292 145 109 1432 147 960 472 469 77 392 140 7 137 823 324 41 96 41 499 36 15 26 15 11 10
is_linear=0
shrinkage=0.05


Tree=2
num_leaves=30
num_cat=0
split_feature=3 4 12 9 12 2 9 18 11 11 1 11 14 18 2 2 1 18 11 4 14 14 1 2 2 12 6 1 13
split_gain=5.00949e+07 2.17349e+07 7.0602e+06 7.87107e+06 7.68572e+06 5.33421e+06 5.24469e+06 3.1058e+06 2.19422e+06 2.19279e+06 1.26775e+06 1.12164e+06 1.12263e+06 1.00298e+06 991223 717461 532714 480634 367425 308612 176228 170651 41252.8 17816.3 12334.7 13515.4 5403.23 2560.08 1165.28
threshold=0.89693937873705265 48480.000000000007 245.55500000000004 1.0000000180025095e-35 338.50000000000006 7322.5400000000009 1.0000000180025095e-35 38547.010000000002 199.00000000000003 398.20000000000005 37435.060000000005 1055.0000000000002 13.810000000000002 26196.155000000002 6103.1950000000006 18784.315000000006 22892.660000000007 29223.505000000001 1246.6450000000002 48702.000000000007 305.55500000000006 337.50000000000006 28039.500000000004 4143.3350000000009 2925.5950000000007 419.50000000000006 86.500000000000014 40445.320000000007 181.40000000000003
decision_type=2 2 10 2 10 2 2 8 8 10 2 10 8 8 2 2 2 10 8 2 8 10 2 2 2 10 2 2 10
left_child=5 2 3 7 9 11 -6 -2 16 -4 -5 12 -1 -14 18 17 28 -10 -13 23 -17 -16 -18 27 25 -21 -26 -3 -7
right_child=1 19 4 10 6 8 -8 -9 15 -11 -12 14 13 -15 21 20 22 -19 -20 24 -22 -23 -24 -25 26 -27 -28 -29 -30
leaf_value=35.675497436523436 -1.7230648994445801 32.960206909179668 -1.3027153806140026 29.350704956054688 21.477864018026391 -18.489747619628908 -1.6183926910161972 38.185823567708333 -4.394191577077212 8.0855007088702671 48.233360595703125 10.161483069828577 1.4009415223243389 -2.7291579751657098 -2.2382916768391925 -17.866389700082628 -10.53570327758789 -6.7233617710258207 24.950177001953126 40.52574074485085 -10.226611879136827 6.3433147430419927 -6.0759140014648443 30.734014892578127 38.840475802951381 37.84857177734375 37.107907104492192 34.091596069335935 -17.985960133870446
leaf_weight=1.9999999999999989 26 10.000000000000005 192 15.999999999999998 106 22 32 5.9999999999999991 397 92 20 14.000000000000002 188 674 21.000000000000004 13.000000000000002 20.000000000000004 501 5.9999999999999991 22.000000000000004 18 7.9999999999999991 6.9999999999999991 7.9999999999999991 18.000000000000004 5.9999999999999991 5.9999999999999991 9.9999999999999982 24
leaf_count=1 18 5 97 8 53 22 16 3 305 46 10 7 101 419 11 13 20 495 3 11 18 4 7 4 9 3 3 5 24
internal_value=-0.21566 12.7965 8.85144 23.8028 6.4422 -4.08874 16.1222 5.75985 -6.60771 1.73854 39.8411 -1.32423 -1.74158 -1.82839 6.03478 -5.95182 -14.9546 -5.69365 14.5981 36.9603 -13.4304 0.129048 -9.37946 32.7282 39.2391 39.9521 38.4073 33.5259 -18.2269
internal_weight=2485 570 490 68 422 1915 138 32 1002 284 36 913 864 862 49 929 73 898 20 80 31 29 27 28 52 28 24 20 46
internal_count=1741 291 251 39 212 1450 69 21 904 143 18 546 521 520 25 831 73 800 10 40 31 15 27 14 26 14 12 10 46
is_linear=0
shrinkage=0.05


Tree=3
num_leaves=28
num_cat=0
split_feature=3 4 4 4 12 2 12 2 11 14 14 18 0 11 6 3 16 2 4 2 4 2 3 14 6 6 11
split_gain=4.90984e+07 2.08824e+07 6.85654e+06 8.71943e+06 9.86392e+06 5.57794e+06 3.36329e+06 2.15377e+06 2.13856e+06 1.13257e+06 978394 894874 802369 727956 664639 417552 419199 345773 321502 249987 198734 18574.9 12551.6 9099.17 4979.23 4780.61 2695.56
threshold=0.89693937873705265 48480.000000000007 42910.000000000007 47710.000000000007 289.22500000000008 6663.0300000000016 389.50000000000006 15665.460000000001 1055.0000000000002 1210.0000000000002 13.810000000000002 26196.155000000002 34651.950000000004 419.50000000000006 75.500000000000014 0.6783124213956423 273.82142857142861 18958.675000000003 48702.000000000007 6103.1950000000006 39497.500000000007 4143.3350000000009 0.93741082127103403 279.25000000000006 75.500000000000014 86.500000000000014 256.71000000000009
decision_type=2 2 2 2 10 2 10 2 10 10 8 8 2 10 2 2 2 2 2 2 2 2 2 8 2 2 10
left_child=5 2 6 4 -4 8 13 15 10 -5 -1 -12 23 -2 -10 16 -7 -14 21 -16 -17 26 25 -9 -24 -20 -3
right_child=1 18 3 9 -6 7 -8 12 14 -11 11 -13 17 -15 19 20 -18 -19 22 -21 -22 -23 24 -25 -26 -27 -28
leaf_value=33.8917236328125 -1.5102329707145692 30.96649475097653 37.754942812238419 -1.9656399705516758 12.565152661490629 -10.513416016896567 30.126841430664065 -17.325081950862234 24.16505241394043 10.329126460735615 2.031060777073018 -2.1102622134468771 -7.9241138909452706 5.3235717844080046 11.915102827548978 -3.7082006417450155 -5.7341926528245981 -15.49504246181912 36.882202487521695 2.3683125495910646 -5.2972856237096533 29.144139404296876 38.782556660970052 -14.472457122802735 37.53515599568685 35.252511596679689 32.264463297526042
leaf_weight=1.9999999999999989 140 6.0000000000000062 56 67 127 60 9.9999999999999982 41 7.9999999999999991 26 171 550 93 54 16.000000000000004 380 195 18 18.000000000000004 11.999999999999998 408 9.9999999999999982 11.999999999999998 2.9999999999999991 24 5.9999999999999991 11.999999999999998
leaf_count=1 77 3 28 34 64 60 5 41 4 13 91 327 93 27 8 292 178 18 9 6 366 5 6 3 12 3 6
internal_value=-0.0363903 12.9054 8.80046 13.9381 20.2735 -3.79262 1.84955 -5.91735 -0.438956 1.47161 -1.03119 -1.12806 -11.4168 0.39196 11.4551 -5.10008 -6.85872 -9.15183 35.2959 7.82362 -4.53098 30.8719 37.3605 -17.1306 37.951 36.4748 31.8318
internal_weight=2525 568 480 276 183 1957 204 1198 759 93 723 721 155 194 36 1043 255 111 88 28 788 28 60 44 36 24 18
internal_count=1780 292 248 139 92 1488 109 1051 437 47 419 418 155 104 18 896 238 111 44 14 658 14 30 44 18 12 9
is_linear=0
shrinkage=0.05


Tree=4
num_leaves=28
num_cat=0
split_feature=2 4 4 4 12 2 12 2 11 8 0 12 11 15 2 8 1 15 0 4 11 11 16 12 0 13 0
split_gain=3.69228e+07 1.65718e+07 8.71825e+06 1.06008e+07 1.01376e+07 5.20854e+06 2.48908e+06 2.03369e+06 1.87594e+06 1.85853e+06 2.19187e+06 1.1328e+06 826489 637118 533123 419685 393796 332830 279990 222599 114672 18383.2 14882.6 7357.99 6756.31 5983.3 1740.84
threshold=4191.670000000001 48480.000000000007 42910.000000000007 48055.000000000007 291.50000000000006 6152.1250000000009 389.50000000000006 15665.460000000001 1222.0000000000002 4.5000000000000009 38336.700000000004 210.22000000000003 419.50000000000006 275.33333333333343 8699.6900000000005 2.5000000000000004 23670.615000000009 678.04333333333341 37049.200000000004 48702.000000000007 1008.5000000000001 1088.5000000000002 391.37214285714293 424.50000000000006 41000.400000000001 1153.5250000000003 45152.000000000007
decision_type=2 2 2 2 10 2 10 2 10 2 2 8 10 2 2 2 2 2 2 2 10 10 2 8 2 10 2
left_child=1 2 6 4 -4 8 12 14 9 11 -11 -2 -1 16 20 -16 -9 -10 -8 22 -7 -5 -3 25 -15 -21 -24
right_child=5 19 3 21 -6 7 18 13 17 10 -12 -13 -14 24 15 -17 -18 -19 -20 23 -22 -23 26 -25 -26 -27 -28
leaf_value=-1.9168777381746391 10.087009012699127 27.920446166992178 36.995792625690335 -2.1642666468544611 12.595737758725882 -3.6096165269805365 30.614703369140631 -16.302473297119143 9.1950296783447225 2.4712965393066408 40.697562662760419 -1.0496427488739186 4.9948273522513258 -5.9708610534667974 -6.9421627513265109 -4.3962608124898832 -9.7351285661969875 22.095222320556644 15.339714558919269 35.321826171875003 -0.61633624469532688 -0.48542961261489181 29.963115692138679 33.701030476888022 -7.0699624949488147 37.034423828125 31.089774576822915
leaf_weight=190 24 10.000000000000002 58 63 160 543 5.9999999999999982 50 10.000000000000002 9.9999999999999982 5.9999999999999991 470 56 27 289 368 42 9.9999999999999982 6 34 34 22 7.9999999999999982 5.9999999999999991 29 5.9999999999999991 6
leaf_count=112 18 5 29 32 80 406 3 50 5 5 3 264 28 27 275 312 42 5 3 17 19 11 4 3 29 3 3
internal_value=-0.129254 10.3583 7.49604 13.2477 19.0875 -3.59036 0.741202 -5.20646 0.623692 0.0346166 16.8061 -0.508591 -0.343481 -10.7449 -4.54221 -5.51615 -13.3043 15.6451 22.9772 33.2972 -3.43324 -1.72974 29.3937 35.3338 -6.54004 35.5787 30.446
internal_weight=2543 631 561 303 218 1912 258 1382 530 510 16 494 246 148 1234 657 92 20 12 70 577 85 24 46 56 40 14
internal_count=1793 333 298 152 109 1460 146 1160 300 290 8 282 140 148 1012 587 92 10 6 35 425 43 12 23 56 20 7
is_linear=0
shrinkage=0.05


Tree=5
num_leaves=30
num_cat=0
split_feature=3 4 11 4 17 3 4 3 8 18 13 7 1 18 14 4 13 14 8 4 11 18 3 2 17 11 0 14 2
split_gain=3.90507e+07 1.6602e+07 6.96761e+06 6.37583e+06 1.33719e+07 4.29706e+06 2.67115e+06 1.66413e+06 1.61684e+06 2.11758e+06 1.24698e+06 1.16439e+06 1.62784e+06 921434 893342 606386 348572 295472 275226 247436 232190 213198 181004 16128.7 11859.6 10912.4 10799 4932.89 2380.5
threshold=0.89693937873705265 48480.000000000007 356.00000000000006 42910.000000000007 245.98948674144796 0.83324009477560035 36767.500000000007 0.6585507388115609 4.5000000000000009 25597.520000000004 269.49000000000007 1.0000000180025095e-35 36659.405000000006 37681.105000000003 13.810000000000002 41515.000000000007 294.50000000000006 330.75000000000006 2.5000000000000004 48702.000000000007 210.22000000000003 21035.785000000003 0.74787204082072933 4143.3350000000009 416.81021445133382 338.50000000000006 44115.55000000001 190.65500000000003 3975.4350000000009
decision_type=2 2 10 2 2 2 2 2 2 8 8 2 2 8 8 2 10 8 2 2 10 8 2 2 2 10 2 10 2
left_child=5 2 6 16 -5 7 17 10 11 25 15 12 -7 -8 -13 -1 -4 -2 22 23 -12 -20 -9 28 26 -10 -21 -26 -3
right_child=1 19 3 4 -6 8 13 18 9 -11 20 14 -14 -15 -16 -17 -18 -19 21 24 -22 -23 -24 -25 27 -27 -28 -29 -30
leaf_value=-15.393746921378122 29.083968098958344 29.588107299804655 3.9246662032219675 38.327828216552739 9.7964593703096572 2.2695562265357192 -1.5737661257866891 -6.6610376007702889 0.77509428660074842 38.662683105468751 -11.022156052362352 31.692785644531252 25.726473236083987 18.333913389841715 -1.7825235519989542 -8.024393521184507 -2.5008660361170771 15.048973541259764 -0.11603044399193355 33.780093383789065 -5.4757615458580764 -3.8138290278139317 -4.3020922136830766 26.270484008789062 33.954003295898424 3.7906632741292317 32.032728794642857 35.619760894775389 28.368348693847658
leaf_weight=71 5.9999999999999973 6.0000000000000062 62 56 154 98 186 147 6.0000000000000018 5.9999999999999991 21 1.9999999999999989 7.9999999999999991 5.9999999999999991 570 46 32 10 42 24 186 542 182 9.9999999999999982 10.000000000000002 6 13.999999999999998 7.9999999999999991 11.999999999999998
leaf_count=70 3 3 31 28 77 51 100 145 3 3 21 1 4 3 334 46 16 5 23 12 177 446 151 5 5 3 7 4 6
internal_value=-0.0736605 11.1156 7.73553 12.5602 17.4048 -3.52365 0.684022 -5.29196 -0.380825 14.4095 -8.37048 -0.773488 4.03989 -0.951651 -1.66548 -12.4964 1.73725 20.3121 -4.19948 31.7182 -6.03844 -3.54789 -5.35609 27.8805 33.6371 2.28288 33.1363 34.6943 28.7749
internal_weight=2529 596 512 304 210 1933 208 1237 696 18 324 678 106 192 572 117 94 16 913 84 207 584 329 28 56 12 38 18 18
internal_count=1783 305 263 152 105 1478 111 1079 399 9 314 390 55 103 335 116 47 8 765 42 198 469 296 14 28 6 19 9 9
is_linear=0
shrinkage=0.05


Tree=6
num_leaves=29
num_cat=0
split_feature=3 4 11 12 3 2 2 4 18 3 18 15 8 11 7 11 0 8 2 4 3 18 13 2 17 0 0 11
split_gain=3.318e+07 1.39987e+07 5.57601e+06 6.50962e+06 3.67134e+06 3.54206e+06 2.95479e+06 2.88711e+06 1.53521e+06 1.39454e+06 1.17056e+06 1.06886e+06 1.00525e+06 1.24431e+06 814397 598092 466006 249387 214496 194951 177693 167096 140364 12290.3 9963.68 7944.14 5020.09 2583.88
threshold=0.89693937873705265 48480.000000000007 356.00000000000006 245.55500000000004 0.83324009477560035 3128.9600000000005 3601.4650000000006 36767.500000000007 43743.390000000007 0.65490239691557339 37681.105000000003 269.74166666666667 4.5000000000000009 339.69500000000005 1.0000000180025095e-35 300.50000000000006 34834.150000000009 2.5000000000000004 5791.6600000000008 48702.000000000007 0.74506574422650584 21035.785000000003 252.06000000000003 4143.3350000000009 416.81021445133382 44115.55000000001 46718.350000000006 256.71000000000009
decision_type=2 2 10 10 2 2 2 2 10 2 8 2 2 8 2 8 2 2 2 2 2 8 8 2 2 2 2 10
left_child=4 2 7 5 9 -4 -5 15 12 11 -9 16 14 -14 -6 -2 -1 20 -10 23 -11 -19 -13 27 25 -21 -26 -3
right_child=1 19 3 6 8 -7 -8 10 18 17 -12 22 13 -15 -16 -17 -18 21 -20 24 -22 -23 -24 -25 26 -27 -28 -29
leaf_value=-15.176815651947599 34.608122253417982 26.455749003092418 40.654674706092251 5.2038637170986259 2.9331272022144219 14.555533511822041 17.727182446756672 -1.5858338062605146 24.10245513916016 -6.3495671794839108 20.86190274556478 -9.8637414084540467 1.7274121602376298 29.614520009358724 -1.7799382151816283 13.724913024902342 -8.6069241818514737 -0.33482942082161132 10.732826042175292 31.957330067952473 -4.027258216893232 -3.5687399202394321 -5.2340874844493133 25.005028152465822 33.824076080322271 30.381720987955731 31.910837809244789 27.695919799804688
leaf_weight=53 5.9999999999999973 6.0000000000000062 26 196 111 26 62 181 5.9999999999999982 146 5.9999999999999991 18 12.000000000000002 5.9999999999999991 526 8 55 43 6 24 189 562 181 7.9999999999999991 7.9999999999999982 11.999999999999998 6 13.999999999999998
leaf_count=53 3 3 13 98 57 13 31 98 3 145 3 18 6 3 307 4 54 24 3 12 156 458 173 4 4 6 3 7
internal_value=-0.105436 10.272 7.26045 11.4662 -3.29892 27.6051 8.21334 0.774047 -0.304712 -4.90047 -0.865586 -7.82628 -0.629396 11.0231 -0.958666 22.6749 -11.831 -3.94491 17.4176 30.0017 -5.03937 -3.33889 -5.65285 26.6613 31.8723 31.4321 33.0041 27.3239
internal_weight=2503 589 511 310 1914 52 258 201 667 1247 187 307 655 18 637 14 108 940 12 78 335 605 199 28 50 36 14 20
internal_count=1762 302 263 155 1460 26 129 108 379 1081 101 298 373 9 364 7 107 783 6 39 301 482 191 14 25 18 7 10
is_linear=0
shrinkage=0.05


Tree=7
num_leaves=26
num_cat=0
split_feature=3 4 16 18 4 3 3 3 12 3 11 8 4 12 8 1 4 18 6 11 12 7 1 18 16
split_gain=3.21312e+07 1.24949e+07 5.97319e+06 6.3575e+06 6.22907e+06 3.66921e+06 3.36778e+06 1.50615e+06 845731 1.81563e+06 885332 867528 638678 593294 527696 513979 213840 111711 15900.2 10767.2 9667.25 5057.72 4240.42 2824.55 692.736
threshold=0.89693937873705265 48480.000000000007 241.50000000000003 33538.220000000008 48097.000000000007 0.96667942604169388 0.83324009477560035 0.55880946209417226 210.22000000000003 0.87403315835957074 1055.0000000000002 4.5000000000000009 38272.500000000007 369.50000000000006 2.5000000000000004 26754.595000000001 48702.000000000007 29142.205000000005 75.500000000000014 249.50000000000003 419.50000000000006 3.5000000000000004 40117.535000000003 26650.515000000007 294.21428571428578
decision_type=2 2 2 10 2 2 2 2 8 2 10 2 2 10 2 2 2 10 2 10 10 2 2 10 2
left_child=6 2 -2 5 -5 -4 7 12 9 21 11 -10 24 -12 15 -9 19 -16 -18 -3 -20 -8 -21 -14 -1
right_child=1 16 3 4 -6 -7 8 14 10 -11 13 -13 23 -15 17 -17 18 -19 20 22 -22 -23 -24 -25 -26
leaf_value=-5.73937327067057 45.497332153320315 23.364434814453126 0.73086555519848018 17.408480958051459 -2.057432022801152 40.244979858398438 -2.3827327251434314 -8.6637970410860508 -1.3454533625986467 28.197729492187502 -1.9802021833566521 11.254051085880825 -14.1804094030502 11.101941270094652 -2.7437679443541163 -4.6551833186880014 32.324332885742187 -3.9849923074707507 30.560141427176344 25.123080226353231 28.749075317382815 -4.6780441284179686 26.403954060872394 -15.196732330322266 -5.1387069384256998
leaf_weight=6.0000000000000027 9.9999999999999982 5.9999999999999991 282 172 54 5.9999999999999991 4.0000000000000018 104 566 7.9999999999999991 12.999999999999998 13.999999999999998 47 26 341 346 9.9999999999999982 387 28 14.000000000000002 9.9999999999999982 6 11.999999999999998 7.9999999999999991 24
leaf_count=6 5 3 149 86 27 3 2 103 328 4 7 7 47 13 251 309 5 349 14 7 5 6 6 8 24
internal_value=-0.0110076 10.0346 7.22463 6.48002 12.7573 1.55408 -3.20444 -4.69942 -0.240313 10.4435 -0.550989 -1.04133 -11.1273 6.74123 -4.23561 -5.58162 28.4397 -3.40359 30.5504 25.2737 30.0835 -3.75992 25.7143 -14.3282 -5.25884
internal_weight=2504 604 524 514 226 288 1900 1263 637 18 619 580 85 39 1178 450 80 728 48 32 38 10 26 55 30
internal_count=1774 310 270 265 113 152 1464 1097 367 12 355 335 85 20 1012 412 40 600 24 16 19 8 13 55 30
is_linear=0
shrinkage=0.05


Tree=8
num_leaves=30
num_cat=0
split_feature=2 4 4 4 12 2 12 11 2 12 2 18 11 15 2 15 18 1 14 4 11 2 2 2 17 2 0 12 0
split_gain=2.51436e+07 1.34109e+07 5.4334e+06 6.66093e+06 9.21587e+06 3.313e+06 2.22697e+06 1.49274e+06 1.45791e+06 860783 2.40579e+06 804545 669032 487002 347416 333352 293782 235362 221237 193980 100371 68923.5 22188.8 12788 5433.78 7588.29 5412.55 5187.95 1836.17
threshold=4298.8900000000003 48480.000000000007 42910.000000000007 48055.000000000007 289.22500000000008 6152.1250000000009 384.83500000000009 1115.5000000000002 15665.460000000001 210.22000000000003 5595.5550000000012 26196.155000000002 419.50000000000006 275.33333333333343 8367.9150000000027 678.04333333333341 29142.205000000005 23670.615000000009 330.75000000000006 48702.000000000007 1008.5000000000001 5835.5100000000011 3413.98 4143.3350000000009 416.81021445133382 2024.5350000000001 44872.700000000004 410.78000000000003 44872.700000000004
decision_type=2 2 2 2 10 2 10 10 2 8 2 8 10 2 2 2 10 2 8 2 10 2 2 2 2 2 2 10 2
left_child=1 2 6 4 -4 7 12 9 14 10 -2 -11 -1 17 20 21 -16 -10 -8 23 -7 -9 -5 28 25 -21 -15 -26 -3
right_child=5 19 3 22 -6 8 18 15 13 11 -12 -13 -14 26 16 -17 -18 -19 -20 24 -22 -23 -24 -25 27 -27 -28 -29 -30
leaf_value=-1.8741788470573972 27.718240661621081 24.302009836832667 31.291298065185551 -1.4935422316745477 8.5667195731881023 -2.9107791799945923 26.210873921712249 10.672366428375241 -13.398365462060069 2.8531362314693265 -4.9022708159226642 -1.8799763650578614 4.3689350865505361 -5.2394337972005216 -3.3644396430105412 19.586759338378908 -5.4015029658441964 -8.3763002173845162 14.066266632080076 30.070091247558594 -0.13960966791425433 3.5831704457600915 -3.2082109253982019 22.503313598632815 28.74273681640625 28.336973673502605 -7.1421254158020027 30.687699127197266 25.279936218261721
leaf_weight=209 10.000000000000002 12.000000000000005 60 54 174 492 5.9999999999999973 8.0000000000000018 51 122 12.999999999999998 340 54 57 341 9.9999999999999982 368 43 10 7.9999999999999991 35 5.9999999999999991 29 9.9999999999999982 5.9999999999999991 30 3.9999999999999991 7.9999999999999991 7.9999999999999991
leaf_count=124 5 6 30 27 87 365 3 4 51 61 12 196 27 57 267 5 365 43 5 4 19 3 15 5 3 15 4 4 4
internal_value=-0.0595702 8.20659 5.59823 10.077 14.3935 -3.00928 0.509488 0.442218 -4.27227 -0.160116 9.28056 -0.630107 -0.592323 -8.84331 -3.69904 12.6144 -4.42176 -11.101 18.6205 27.1649 -2.72674 7.63414 -2.09264 23.9632 29.0121 28.7018 -5.3642 29.8541 24.6932
internal_weight=2578 678 596 317 234 1900 279 509 1391 485 23 462 263 155 1236 24 709 94 16 82 527 14 83 30 52 38 61 14 20
internal_count=1816 359 318 159 117 1457 159 286 1171 274 17 257 151 155 1016 12 632 94 8 41 384 7 42 15 26 19 61 7 10
is_linear=0
shrinkage=0.05


Tree=9
num_leaves=25
num_cat=0
split_feature=3 4 11 16 4 2 3 18 0 14 7 4 2 12 18 4 13 2 1 2 6 3 0 2
split_gain=2.47654e+07 1.14746e+07 3.76439e+06 6.7443e+06 3.20914e+06 2.93293e+06 1.72372e+06 1.50094e+06 1.16793e+06 641400 615524 574404 481325 304663 235125 176612 98674.8 96462.4 67017.6 10882.1 8938.07 5504.75 2300.14 1883.86
threshold=0.89625683991075356 48480.000000000007 294.50000000000006 302.64285714285717 44395.000000000007 7005.2450000000017 0.90365035115897141 43743.390000000007 34556.750000000007 13.810000000000002 1.0000000180025095e-35 38272.500000000007 18459.985000000004 358.85000000000008 29142.205000000005 48702.000000000007 304.00000000000006 18958.675000000003 25148.495000000003 4143.3350000000009 86.500000000000014 0.94775982087551547 44186.250000000007 14214.135000000002
decision_type=2 2 10 2 2 2 2 10 2 8 2 2 2 10 10 2 10 2 2 2 2 2 2 2
left_child=5 2 13 6 -5 7 -4 9 11 -1 -11 23 14 16 -10 19 -2 -14 -13 22 21 -17 -3 -7
right_child=1 15 3 4 -6 8 -8 -9 12 10 -12 18 17 -15 -16 20 -18 -19 -20 -21 -22 -23 -24 -25
leaf_value=27.401345825195314 -5.4768013000488285 22.74153175354002 14.202906926472984 1.2831671052769329 10.408744398298719 -4.2133958260218298 37.76101434881037 18.607421951293947 -2.9280115764222892 2.1827507529294854 -1.5408795205643735 -13.221398336845533 -7.1536002704075408 8.7816965103149425 -4.5133729758053809 27.427954779730904 -1.9365367250677981 -11.769349630255448 -6.5262228965759279 21.378148498535158 25.690216064453125 28.664521789550783 23.836058298746746 -5.1456207820347384
leaf_weight=1.9999999999999989 26 8.0000000000000053 11.999999999999998 178 210 24.000000000000004 22 9.9999999999999982 408 132 697 57 28 5.9999999999999991 548 36 81 19 3.9999999999999991 9.9999999999999982 5.9999999999999991 11.999999999999998 11.999999999999998 6.9999999999999991
leaf_count=1 21 4 6 90 105 24 11 5 313 72 408 57 28 3 536 18 41 19 4 5 3 6 6 7
internal_value=-0.085172 8.62055 5.92309 8.09341 6.22227 -2.86866 29.4464 -0.64803 -4.57419 -0.879744 -0.947973 -9.96593 -4.07964 -2.182 -3.83678 25.8008 -2.79679 -9.01954 -12.7824 22.7249 27.5097 27.7371 23.3982 -4.4239
internal_weight=2555 619 535 422 388 1936 34 841 1095 831 829 92 1003 113 956 84 107 47 61 30 54 48 20 31
internal_count=1793 319 277 212 195 1474 17 486 988 481 480 92 896 65 849 42 62 47 61 15 27 24 10 31
is_linear=0
shrinkage=0.05


Tree=10
num_leaves=30
num_cat=0
split_feature=3 4 12 2 12 7 2 2 16 11 3 8 18 8 1 7 11 4 4 1 12 5 4 12 2 1 0 6 11
split_gain=2.22272e+07 8.4241e+06 5.10046e+06 5.09914e+06 3.08629e+06 4.57838e+06 2.56307e+06 2.54757e+06 1.90032e+06 1.22495e+06 1.17889e+06 1.0951e+06 1.94285e+06 755313 501218 441220 236189 145025 137530 147775 107206 97832.5 87001.6 67802.4 10547.7 9202.81 6702.03 3716.52 2019.47
threshold=0.89693937873705265 48480.000000000007 245.55500000000004 1575.4650000000004 359.50000000000006 2.5000000000000004 6152.1250000000009 3413.98 254.50000000000003 1222.0000000000002 0.6585507388115609 4.5000000000000009 25159.500000000004 2.5000000000000004 23334.770000000004 2.5000000000000004 1246.6450000000002 48702.000000000007 39497.500000000007 31787.600000000002 270.50000000000006 18.500000000000004 43067.500000000007 235.50000000000003 4143.3350000000009 41262.280000000006 46091.650000000001 86.500000000000014 256.71000000000009
decision_type=2 2 10 2 10 2 2 2 2 10 2 2 8 2 2 2 10 2 2 2 8 2 2 10 2 2 2 2 10
left_child=6 2 3 23 8 -6 9 -5 -4 11 13 15 -13 14 -8 -1 21 24 20 -20 -12 -11 -15 -2 28 27 -27 -19 -3
right_child=1 17 4 7 5 -7 10 -9 -10 16 18 12 -14 22 -16 -17 -18 25 19 -21 -22 -23 -24 -25 -26 26 -28 -29 -30
leaf_value=0.96133296615199049 30.256387329101546 21.68271522521971 29.261532592773438 -3.4516420523325602 17.838498060326827 -5.2295840962727871 -12.473973846435548 18.748211806161063 0.84076216011308136 12.408052953084304 -0.86549178138375282 0.23873086770375562 35.085293579101567 -4.3502139219096012 -6.7339278683804054 -1.9695048878793004 18.98464050292969 25.842622884114576 -4.4128526226447446 -2.7780875664030784 -2.7790587917689624 3.3788159688313799 0.083413833379745492 36.25270219282671 20.30924102783203 28.333752441406247 26.336428179059709 24.405704752604166 22.708291371663414
leaf_weight=228 6.0000000000000027 8.0000000000000053 5.9999999999999991 24 76 30 61 28 298 6.0000000000000018 88 12.000000000000002 5.9999999999999991 142 101 294 7.9999999999999991 18.000000000000004 274 279 435 6 11.999999999999998 22 9.9999999999999982 6.0000000000000009 14 5.9999999999999991 11.999999999999998
leaf_count=116 3 4 3 18 38 15 61 14 150 3 52 6 3 139 101 185 4 9 261 207 341 3 6 11 5 3 7 3 6
internal_value=-0.15158 8.59137 6.21666 17.7651 3.9633 11.3098 -2.67772 8.50213 1.4017 0.178793 -3.82689 -0.271248 11.8543 -6.51193 -8.8953 -0.689369 12.3299 24.3158 -3.03835 -3.58808 -2.45708 7.89343 -4.00474 34.9678 21.6351 26.1435 26.9356 25.4834 22.2981
internal_weight=2516 564 490 80 410 106 1952 52 304 560 1392 540 18 316 162 522 20 74 1076 553 523 12 154 28 30 44 20 24 20
internal_count=1777 289 252 46 206 53 1488 32 153 320 1168 310 9 307 162 301 10 37 861 468 393 6 145 14 15 22 10 12 10
is_linear=0
shrinkage=0.05


Tree=11
num_leaves=28
num_cat=0
split_feature=3 16 12 2 11 3 2 7 17 3 8 18 11 16 12 7 2 1 11 18 11 2 2 11 0 17 17
split_gain=2.29818e+07 6.69157e+06 5.99152e+06 1.00798e+07 3.49792e+06 2.45929e+06 2.08229e+06 1.44532e+06 1.41198e+06 1.11212e+06 929690 1.78921e+06 875976 701631 700429 656560 492982 371694 242991 152809 234239 114079 74436 6868.91 3126.7 556.84 15.2556
threshold=0.89693937873705265 241.50000000000003 359.50000000000006 1575.4650000000004 968.00000000000011 0.83324009477560035 3462.5050000000006 2.5000000000000004 38.116559802638406 0.6585507388115609 4.5000000000000009 25597.520000000004 1055.0000000000002 285.90000000000003 210.22000000000003 3.5000000000000004 6103.1950000000006 23670.615000000009 668.0150000000001 29142.205000000005 230.02500000000003 8046.920000000001 18958.675000000003 329.50000000000006 42474.80000000001 88.472334244337077 82.705069672437219
decision_type=2 2 10 2 10 2 2 2 2 2 2 8 10 2 8 2 2 2 10 10 8 2 2 10 2 2 2
left_child=5 15 3 18 8 9 -5 -6 -4 13 12 23 14 17 -7 -2 -14 -1 -3 20 -11 -21 -15 -12 26 -26 -17
right_child=1 2 4 6 7 10 -8 -9 -10 19 11 -13 16 22 -16 24 -18 -19 -20 21 -22 -23 -24 -25 25 -27 -28
leaf_value=-11.478594604492187 39.907045898437502 32.963594994178187 -3.7688134511311855 -0.77728348007220283 11.83375960129958 8.3056903627514842 7.468621179792617 -5.5792670336636636 21.127838901111062 -5.1595675786336272 -0.58227761586507121 33.331027730305991 12.31997974395752 -4.1839059984750966 -1.2042237998626182 24.315376790364574 0.91416740483707848 -6.2228195690717856 21.800670496622722 -2.6950839932456683 -1.7817647902730487 -4.1851026453200744 -9.1140873908996589 1.6557075724005701 25.820235188802084 25.210951538085936 24.42812856038411
leaf_weight=75 9.9999999999999982 26 5.9999999999999991 263 26 20 108 22 112 60 6.0000000000000027 5.9999999999999991 20 178 607 6.0000000000000018 18 61 5.9999999999999991 223 355 303 7.9999999999999991 7.9999999999999991 5.9999999999999991 9.9999999999999982 6
leaf_count=75 5 13 3 138 13 13 55 11 56 59 3 3 10 171 350 3 9 61 3 183 239 300 8 4 3 5 3
internal_value=0.100063 8.59513 7.23846 3.94552 15.2328 -2.54701 1.62314 3.85279 19.8619 -3.85536 -0.134682 10.4869 -0.454128 -6.39172 -0.900877 28.9095 6.91723 -9.12122 30.8705 -2.98745 -2.27012 -3.5534 -4.39596 0.696571 24.9819 25.4394 24.3718
internal_weight=2555 607 569 403 166 1948 371 48 118 1263 685 20 665 322 627 38 38 136 32 941 415 526 186 14 28 16 12
internal_count=1799 311 292 209 83 1488 193 24 59 1096 392 10 382 315 363 19 19 136 16 781 298 483 179 7 14 8 6
is_linear=0
shrinkage=0.05


Tree=12
num_leaves=27
num_cat=0
split_feature=3 4 11 16 12 4 2 0 18 0 14 11 3 4 17 2 2 18 2 4 2 17 0 2 15 11
split_gain=2.04202e+07 7.21724e+06 3.58057e+06 4.53192e+06 2.57484e+06 2.24537e+06 1.8736e+06 1.69548e+06 776471 740474 564498 552972 514275 481620 431245 429137 300756 210702 127794 118678 76314.2 6679.76 7538.96 5871.53 2784.9 906.271
threshold=0.89625683991075356 48480.000000000007 350.50000000000006 326.9285714285715 379.00000000000006 48097.000000000007 7388.7300000000005 38501.150000000001 37901.790000000001 34754.950000000004 13.810000000000002 1055.0000000000002 0.91544160229482785 38272.500000000007 77.983399163792043 6103.1950000000006 18459.985000000004 28897.910000000003 11341.695000000002 48702.000000000007 19454.045000000002 423.61554896608249 44933.500000000007 4143.3350000000009 283.16666666666669 256.71000000000009
decision_type=2 2 10 2 10 2 2 2 10 2 8 10 2 2 2 2 2 10 2 2 2 2 2 2 2 10
left_child=6 2 4 7 8 -5 10 -4 -2 13 -1 14 -6 24 -12 -13 17 -11 -15 23 -18 22 -21 25 -8 -3
right_child=1 19 3 5 12 -7 9 -9 -10 16 11 15 -14 18 -16 -17 20 -19 -20 21 -22 -23 -24 -25 -26 -27
leaf_value=25.714468383789065 -1.8249194653670444 19.542187499999983 2.0295524597167969 9.0124286870543777 12.233144617080686 -2.6038532257080078 -3.1431961579756305 27.144468105406986 16.471259562174478 -2.3496289035136049 0.32133021123947636 9.9676496505737315 29.398133850097658 -4.3239857537405832 -2.016030852987841 0.22571966923200171 -6.3541846059983778 -3.9393741008586844 -11.489575181688581 23.752761936187746 -11.201709019054066 25.103147888183596 22.36163831438337 18.351661682128906 -4.0654229640960695 20.229221852620444
leaf_weight=1.9999999999999989 173 8.0000000000000053 7.9999999999999991 208 16.000000000000004 52 10.999999999999998 42 5.9999999999999991 352 310 20 5.9999999999999991 6.9999999999999991 543 26 31 511 56 32 10.999999999999998 5.9999999999999991 13.999999999999998 7.9999999999999991 32 11.999999999999998
leaf_count=1 95 4 5 104 8 26 11 21 3 263 193 10 3 6 325 14 31 504 56 16 11 3 7 4 32 6
internal_value=0.0332855 8.15634 5.97011 9.34029 0.772316 6.68917 -2.47755 23.1261 -1.21164 -3.95513 -0.81958 -0.87861 16.9145 -7.90899 -1.16658 4.46134 -3.49203 -3.29095 -10.6934 22.1209 -7.62377 23.534 23.3294 19.4965 -3.8295 19.9544
internal_weight=2503 591 511 310 201 260 1912 50 179 1011 901 899 22 106 853 46 905 863 63 80 42 52 46 28 43 20
internal_count=1762 305 265 156 109 130 1457 26 98 914 543 542 11 105 518 24 809 767 62 40 42 26 23 14 43 10
is_linear=0
shrinkage=0.05


Tree=13
num_leaves=26
num_cat=0
split_feature=3 4 2 16 18 7 2 3 14 7 18 8 13 4 3 8 4 13 4 15 2 17 3 2 11
split_gain=1.93499e+07 6.69135e+06 4.41947e+06 3.28005e+06 2.93603e+06 2.47842e+06 2.41898e+06 914082 817532 810629 1.53293e+06 861953 566483 309278 126493 136403 119116 88166 84460.3 84272.6 8584.97 8280.32 6820.77 4058.96 2003.06
threshold=0.90148219073974156 48480.000000000007 1323.1000000000001 241.50000000000003 33953.020000000011 5.5000000000000009 6152.1250000000009 0.6585507388115609 17.755000000000006 1.0000000180025095e-35 38931.640000000007 4.5000000000000009 269.49000000000007 41515.000000000007 0.76523894709659712 2.5000000000000004 48702.000000000007 331.00000000000006 35865.000000000007 189.16666666666671 4143.3350000000009 416.81021445133382 0.94573939472477797 2638.8050000000007 256.71000000000009
decision_type=2 2 2 2 10 2 2 2 8 2 8 2 8 2 2 2 2 10 2 2 2 2 2 2 10
left_child=6 2 5 -4 -5 17 8 12 -1 10 -10 -11 13 -8 15 -9 20 -2 -16 -14 24 22 -18 -23 -3
right_child=1 16 3 4 -6 -7 7 14 9 11 -12 -13 19 -15 18 -17 21 -19 -20 -21 -22 23 -24 -25 -26
leaf_value=23.01918640136719 28.312410354614254 18.349716186523416 36.460681915283203 0.61033144285902385 8.6731548960846254 -5.0366350809733076 -10.550905599253518 -4.1707113163012295 2.8614469672242802 -1.0019797433039237 28.912169392903646 8.3534580249052777 -8.3249860590154476 -5.2731930608334752 -0.50838920729500914 -2.4581009356305006 21.490265146891275 34.297175903320316 -2.3555098169305353 -3.8236858230143 17.319803771972655 22.632175292968743 22.878966413225449 24.143190002441408 19.441638837541856
leaf_weight=3.9999999999999991 16.000000000000004 6.0000000000000062 7.9999999999999991 256 202 5.9999999999999991 70 213 96 464 5.9999999999999991 26 10.999999999999998 46 70 256 24 9.9999999999999982 534 190 9.9999999999999982 10.000000000000002 13.999999999999998 7.9999999999999991 13.999999999999998
leaf_count=2 8 3 4 135 101 3 69 197 48 270 3 13 11 46 37 212 12 5 413 182 5 5 7 4 7
internal_value=0.178571 8.17924 5.95514 4.72083 4.16642 23.9297 -2.17409 -3.31674 0.490805 0.338587 4.39384 -0.505569 -5.67573 -8.45802 -2.61982 -3.2359 21.0584 30.6142 -2.14144 -4.07003 18.516 22.4203 22.0019 23.3037 19.1141
internal_weight=2570 584 498 466 458 32 1986 1390 596 592 102 490 317 116 1073 469 86 26 604 201 30 56 38 18 20
internal_count=1802 299 256 240 236 16 1503 1167 336 334 51 283 308 115 859 409 43 13 450 193 15 28 19 9 10
is_linear=0
shrinkage=0.05


Tree=14
num_leaves=27
num_cat=0
split_feature=3 4 11 16 17 3 0 3 8 0 15 7 0 8 18 16 11 15 4 8 4 18 0 0 6 0
split_gain=1.51037e+07 5.58551e+06 3.08421e+06 5.1002e+06 2.23663e+06 1.74612e+06 857900 715847 633832 1.79627e+06 545571 423504 184220 133313 121039 120063 117358 85147.6 78293.4 65578.6 25324.4 17686.6 4031.2 8587.94 3950.06 5773.53
threshold=0.89693937873705265 48480.000000000007 294.50000000000006 298.78571428571433 38.116559802638406 0.82946283976141622 47230.750000000007 0.6585507388115609 4.5000000000000009 38336.700000000004 269.74166666666667 2.5000000000000004 36248.000000000007 2.5000000000000004 21035.785000000003 146.48500000000004 397.50000000000006 281.16666666666669 48702.000000000007 2.5000000000000004 48055.000000000007 29421.630000000001 44186.250000000007 42954.700000000004 86.500000000000014 44933.500000000007
decision_type=2 2 10 2 2 2 2 2 2 2 2 2 2 2 8 2 10 2 2 2 2 10 2 2 2 2
left_child=5 2 17 16 -5 7 8 10 11 -10 12 -7 -1 15 -15 -9 -4 20 22 -12 -2 -19 23 -3 25 -20
right_child=1 18 3 4 -6 6 -8 13 9 -11 19 -13 -14 14 -16 -17 -18 21 24 -21 -22 -23 -24 -25 -26 -27
leaf_value=-10.225526655766004 -5.2322577056884771 18.399800109863271 27.796400887625552 -1.9990719189514985 7.7130590334434643 0.68522449801949892 18.528621927897134 -1.3913511218695804 -0.35927104155222572 31.230737813313802 -5.3453646447923449 -1.772892733164495 -6.1877094813755589 0.53643801776986377 -2.3877168020229895 -3.8970722992192295 35.387906646728517 -1.8083761832930827 21.632411663348861 -3.2982687241594557 -2.8105622542531865 0.13287486433982851 18.284258117675783 15.897393798828126 19.78826904296875 20.46749708387587
leaf_weight=57 25 6.0000000000000027 14.000000000000002 74 298 306 5.9999999999999991 58 18.000000000000004 5.9999999999999991 54 410 56 38 515 272 7.9999999999999991 44 26 142 19 15.999999999999998 9.9999999999999982 7.9999999999999991 5.9999999999999991 18
leaf_count=57 20 3 7 37 149 159 3 39 9 3 54 255 55 21 430 258 4 22 13 135 10 8 5 4 3 9
internal_value=-0.0917565 7.0475 5.1429 7.1645 5.78108 -2.19891 -0.301767 -3.38621 -0.454446 7.53823 -5.45751 -0.722357 -8.22448 -2.66137 -2.18678 -3.45667 30.5569 -2.51586 19.865 -3.86226 -4.18653 -1.29071 17.5175 16.9699 20.9917 21.1559
internal_weight=2510 572 498 394 372 1938 746 1192 740 24 309 716 113 883 553 330 22 104 74 196 44 60 24 14 50 44
internal_count=1772 294 257 197 186 1478 429 1049 426 12 301 414 112 748 451 297 11 60 37 189 30 30 12 7 25 22
is_linear=0
shrinkage=0.05


Tree=15
num_leaves=28
num_cat=0
split_feature=2 4 7 11 11 12 16 2 4 13 11 8 0 2 4 7 11 15 1 4 15 13 4 1 0 14 0
split_gain=1.35959e+07 6.557e+06 6.34637e+06 4.86429e+06 3.71043e+06 2.41998e+06 1.79208e+06 1.65439e+06 1.61079e+06 1.52126e+06 1.11412e+06 739411 1.41147e+06 646709 583050 565291 431734 211789 208061 377688 184970 149941 135233 100698 70038.2 24348.7 2988.59
threshold=4298.8900000000003 44395.000000000007 1.0000000180025095e-35 968.00000000000011 239.50000000000003 351.05000000000007 302.64285714285717 6152.1250000000009 48055.000000000007 350.50000000000006 1225.5000000000002 4.5000000000000009 38336.700000000004 15890.290000000003 36212.500000000007 1.0000000180025095e-35 398.20000000000005 275.33333333333343 23182.265000000003 38272.500000000007 285.15000000000003 259.50000000000006 39497.500000000007 24051.705000000005 47230.750000000007 397.75000000000006 44872.700000000004
decision_type=2 2 2 10 10 10 2 2 2 10 10 2 2 2 2 2 10 2 2 2 2 10 2 2 2 10 2
left_child=1 5 8 4 -4 16 -7 10 -3 -5 11 15 -13 18 -8 -2 20 23 19 -9 -1 -18 -20 -15 -12 -10 -19
right_child=7 2 3 9 -6 6 14 13 25 -11 24 12 -14 17 -16 -17 21 26 22 -21 -22 -23 -24 -25 -26 -27 -28
leaf_value=-5.544470935397678 3.1873561902479697 18.413420867919921 -3.4722216526667276 -6.6785453251429976 20.269114202260972 34.408071899414061 -6.4159703572591118 -3.3091835827022402 -2.1917067537120745 10.117345839280349 10.769026794433595 -1.0062065124511719 29.669201660156251 -9.3130566994349167 11.581715944078233 -1.2513075326686995 10.574459648132326 -3.6700453894478935 -1.8476276400001983 -11.180553396124589 -1.1173143818416698 2.2576476403645107 -2.9411670021772771 -5.8148217625088172 17.602190653483074 -3.9868713124593103 -5.0914352416992195
leaf_weight=27 88 9.9999999999999982 18 28 192 7.9999999999999991 6.0000000000000027 77 51 26 9.9999999999999982 9.9999999999999982 5.9999999999999991 48 18 388 5.9999999999999991 49 519 19 187 56 621 36 5.9999999999999991 30 3.9999999999999991
leaf_count=27 44 5 9 14 96 4 3 76 26 13 5 5 3 48 9 223 3 49 392 19 99 28 531 36 3 15 4
internal_value=0.0792084 6.23597 10.8675 14.7925 18.2341 0.89765 13.9137 -2.09088 -0.51922 1.40837 0.346922 -0.0753391 10.4971 -2.99285 7.08229 -0.430714 -0.611462 -6.25225 -2.63157 -4.86706 -1.67588 3.0625 -2.44332 -7.81381 13.3315 -2.85658 -3.77732
internal_weight=2544 663 355 264 210 308 32 1881 91 54 508 492 16 1373 24 476 276 137 1236 96 214 62 1140 84 16 81 53
internal_count=1789 351 178 132 105 173 16 1438 46 27 283 275 8 1155 12 267 157 137 1018 95 126 31 923 84 8 41 53
is_linear=0
shrinkage=0.05


Tree=16
num_leaves=25
num_cat=0
split_feature=3 1 11 18 14 3 0 18 4 16 18 8 1 12 2 12 18 4 15 2 4 17 17 0
split_gain=1.43059e+07 5.33295e+06 4.68609e+06 4.79445e+06 5.79755e+06 1.27677e+06 769572 702051 680572 796825 675445 667889 547033 405869 376542 1.7018e+06 305810 197781 70381.9 61616.8 52158.1 35610 27126.3 7308.9
threshold=0.89693937873705265 37330.165000000008 1069.0050000000003 30220.870000000006 398.60000000000008 0.74290280929714181 47230.750000000007 23993.190000000002 44395.000000000007 423.22928571428577 41898.260000000002 2.5000000000000004 24051.705000000005 389.50000000000006 5353.9550000000008 217.50000000000003 21035.785000000003 43067.500000000007 840.35000000000002 18958.675000000003 39497.500000000007 123.80360193161975 328.46802714522238 40540.950000000004
decision_type=2 2 10 10 10 2 2 10 2 2 10 2 2 8 2 10 8 2 2 2 2 2 2 2
left_child=5 7 3 22 -5 11 14 -2 13 -10 18 12 21 -9 15 -7 -16 20 -4 -14 -13 -1 -3 -19
right_child=1 2 10 4 -6 6 -8 8 9 -11 -12 17 19 -15 16 -17 -18 23 -20 -21 -22 -23 -24 -25
leaf_value=-9.4787967995421525 14.530308872461319 -3.164734092125526 -6.23899834950765 20.571200905675475 1.058982276916504 23.063633918762207 16.722080993652344 -0.47248519422927338 14.064130630493166 -0.049913597106933598 13.469285424550376 -2.4832676594868466 -4.231561447915988 12.718954467773438 1.2211947924560971 -0.30906837177114421 -1.9911808576177343 0.53452430719044042 -2.4097820281982423 -9.844528503417969 -4.2378744926452638 -3.9205134073893229 -0.43484677587236675 2.1275754398769804
leaf_weight=73 9.9999999999999982 26 24 184 48 7.9999999999999991 5.9999999999999991 207 20 20 5.9999999999999991 277 221 5.9999999999999991 81 294 868 12.000000000000002 24 4.9999999999999991 50 2.9999999999999991 13.999999999999998 18
leaf_count=73 5 14 12 92 24 4 3 109 10 10 3 248 219 3 46 171 626 6 12 5 50 3 7 9
internal_value=0.0184792 6.83345 11.1068 13.7778 16.5342 -2.07652 -1.14197 1.53649 1.0229 7.00711 -2.34732 -3.85912 -5.58977 -0.100895 -1.22765 0.310076 -1.71699 -2.39509 -4.32439 -4.35574 -2.75156 -9.25939 -2.20927 1.49035
internal_weight=2505 589 326 272 232 1916 1257 263 253 40 54 659 302 213 1251 302 949 357 48 226 327 76 40 30
internal_count=1764 301 164 137 116 1463 850 137 132 20 27 613 300 112 847 175 672 313 24 224 298 76 21 15
is_linear=0
shrinkage=0.05


Tree=17
num_leaves=25
num_cat=0
split_feature=3 4 7 11 16 11 12 2 11 3 14 8 16 18 8 4 11 15 18 3 14 4 3 4
split_gain=1.19253e+07 4.33806e+06 5.41997e+06 4.08709e+06 2.16733e+06 1.64495e+06 1.61658e+06 1.51732e+06 1.0769e+06 697975 655569 662171 655107 564091 400291 304150 250440 216646 105795 104759 66362.4 52537.7 47101.3 33143.2
threshold=0.89958997383364403 44735.000000000007 1.0000000180025095e-35 1069.0050000000003 241.50000000000003 239.50000000000003 399.50000000000006 6103.1950000000006 1115.5000000000002 0.6585507388115609 17.755000000000006 4.5000000000000009 407.9285714285715 41679.105000000003 2.5000000000000004 41635.000000000007 419.50000000000006 678.04333333333341 21035.785000000003 0.77305376033391571 289.22500000000008 43067.500000000007 0.8854487537738146 48222.000000000007
decision_type=2 2 2 10 2 10 10 2 10 2 8 2 2 8 2 2 10 2 8 2 8 2 2 2
left_child=7 4 12 5 -2 -4 16 8 10 14 -1 -12 -3 -5 15 -9 -6 22 20 -20 -11 -16 -10 -14
right_child=1 2 3 13 6 -7 -8 9 17 18 11 -13 23 -15 21 -17 -18 -19 19 -21 -22 -23 -24 -25
leaf_value=20.01420364379883 31.048280843098958 15.87266212463379 -3.2625332641601563 -5.8605039009681121 -1.0273467114132442 17.522258797077217 22.696637916564942 -8.3490232032278318 4.9304350280761682 -3.9502939224243168 -0.66000017727871507 8.1953935341401536 -1.9558063769340515 11.147655487060547 -3.067887383920175 -4.2373878565701579 3.1112840776858124 17.10707244873047 -2.7880238447354468 -1.7769080495134646 1.0489314226003794 0.68808588564395912 10.077712440490723 -4.1987212249210906
leaf_weight=3.9999999999999991 5.9999999999999991 4.9999999999999991 9.9999999999999982 26 178 198 7.9999999999999991 92 10.000000000000005 7.9999999999999991 522 22 40 5.9999999999999991 135 88 46 7.9999999999999991 462 575 39 9.9999999999999982 7.9999999999999991 28
leaf_count=2 3 3 5 13 95 99 4 92 5 8 302 11 20 3 132 88 23 4 412 421 20 5 4 14
internal_value=-0.0407157 6.46638 10.335 13.9637 1.37863 16.523 0.611312 -1.84879 0.31815 -2.73156 -0.153585 -0.301878 -1.59497 -2.67147 -4.76395 -6.33889 -0.177449 10.2609 -2.12222 -2.22738 0.197999 -2.80885 7.21811 -2.87936
internal_weight=2534 551 313 240 238 208 232 1983 574 1409 548 544 73 32 325 180 224 26 1084 1037 47 145 18 68
internal_count=1788 282 157 120 125 104 122 1506 328 1178 315 313 37 16 317 180 118 13 861 833 28 137 9 34
is_linear=0
shrinkage=0.05


Tree=18
num_leaves=29
num_cat=0
split_feature=3 4 16 3 7 18 3 11 3 17 14 14 15 18 14 14 2 1 16 14 7 17 17 14 3 0 0 0
split_gain=1.01988e+07 4.03362e+06 2.02868e+06 2.17871e+06 2.84893e+06 1.90256e+06 1.16561e+06 691235 626258 431423 713058 391846 329817 245491 166109 153246 136111 104956 90348.7 79139.5 55133.9 37208 11928.9 9784.86 6073.89 4741.22 3919.51 477.918
threshold=0.89625683991075356 48480.000000000007 244.33000000000001 0.96667942604169388 5.5000000000000009 34996.195000000007 0.86418657078577354 1115.5000000000002 0.67067101344278945 51.006799564805696 314.50000000000006 19.370000000000001 275.33333333333343 21035.785000000003 289.22500000000008 299.01000000000005 3975.4350000000009 40566.620000000003 146.48500000000004 229.50000000000003 2.5000000000000004 463.66233692008933 416.81021445133382 190.65500000000003 0.94573939472477797 44186.250000000007 42954.700000000004 45152.000000000007
decision_type=2 2 2 2 2 10 2 10 2 2 10 10 2 8 8 8 2 2 2 10 2 2 2 10 2 2 2 2
left_child=6 2 16 5 -5 -4 8 9 12 10 -8 -11 15 14 -10 -1 -2 21 -15 22 -14 -9 24 -24 -3 26 -21 -27
right_child=1 19 3 4 -6 -7 7 17 13 11 -12 -13 20 18 -16 -17 -18 -19 -20 25 -22 -23 23 -25 -26 27 -28 -29
leaf_value=-7.2046518883806598 29.741326904296884 16.448251929649938 0.33138081568789174 25.460016441345218 -4.377712281545004 6.6329799287173223 -3.2356800529691911 9.0624366760253867 -3.0657743702764098 21.275105285644532 6.6857917553728274 -0.94662773808654477 -1.6445065490404767 0.24894361052402234 1.8070112545196324 -3.7785805454254153 19.091175270080566 13.214028949737548 -2.0893768986621493 14.318308512369782 -3.4217836499214176 3.4940745671590165 17.534077453613282 20.088140869140627 17.89825164794922 14.391136169433597 12.627754402160646 15.022218831380208
leaf_weight=94 5.9999999999999982 26 308 24 11.999999999999998 196 27 6.0000000000000018 23 1.9999999999999989 55 245 60 43 73 50 6 9.9999999999999982 1051 6.0000000000000027 160 6 9.9999999999999982 5.9999999999999991 9.9999999999999982 5.9999999999999982 7.9999999999999991 6
leaf_count=94 3 13 162 12 6 98 24 3 20 1 29 132 47 23 37 49 3 5 814 3 160 3 5 3 5 3 4 3
internal_value=0.071739 5.58659 4.08267 3.63081 15.5141 2.782 -1.75207 0.850316 -2.33987 0.27654 3.41897 -0.766695 -4.15473 -1.78473 0.639573 -6.01504 24.4163 9.43088 -1.99747 16.2297 -2.93707 6.27826 17.3559 18.4919 16.851 13.9774 13.3523 14.7067
internal_weight=2535 630 552 540 36 504 1905 351 1554 329 82 247 364 1190 96 144 12 22 1094 78 220 12 52 16 36 26 14 12
internal_count=1764 323 284 278 18 260 1441 197 1244 186 53 133 350 894 57 143 6 11 837 39 207 6 26 8 18 13 7 6
is_linear=0
shrinkage=0.05


Tree=19
num_leaves=25
num_cat=0
split_feature=3 4 3 7 16 18 3 0 16 7 3 1 14 8 13 18 16 16 4 11 11 6 16 11
split_gain=9.41063e+06 3.21858e+06 2.74433e+06 2.3538e+06 1.43743e+06 1.35187e+06 1.07491e+06 552755 426077 361538 537993 335280 162817 134895 122270 117882 94458.1 63377.2 61061.9 54144.4 8001.27 6461.13 4510.3 1814.65
threshold=0.89625683991075356 48480.000000000007 0.96667942604169388 5.5000000000000009 241.50000000000003 35492.740000000013 0.76915995507243207 47230.750000000007 291.9992857142858 2.5000000000000004 0.88268894599082903 23670.615000000009 18.115000000000006 2.5000000000000004 331.00000000000006 29142.205000000005 466.63928571428579 185.58642857142857 48702.000000000007 278.50000000000006 249.50000000000003 75.500000000000014 200.92928571428573 256.71000000000009
decision_type=2 2 2 2 2 10 2 2 2 2 2 2 10 2 10 10 2 2 2 10 10 2 2 10
left_child=6 2 4 14 -2 -6 8 9 11 10 -8 13 -11 -1 -4 16 -10 -13 20 -17 -3 -20 -23 -22
right_child=1 18 3 -5 5 -7 7 -9 15 12 -12 17 -14 -15 -16 19 -18 -19 21 -21 23 22 -24 -25
leaf_value=-8.1787040298049529 21.802873611450195 11.633270263671868 21.566881942749021 -3.8313918304443364 0.526668527028332 5.9805283310592818 -0.32577646056595055 14.369921875000001 -1.9384733284351439 7.3446924209594728 5.7197516093403102 -0.74541277355617952 -1.713939595341492 -2.6561480302077074 28.243514506022137 -4.8950705555507117 0.93455051969398151 -3.8777577952974163 17.540419769287109 -2.7910743067087225 13.131794548034662 16.794863891601562 15.636265345982142 14.103972625732423
leaf_weight=74 9.9999999999999982 6.0000000000000027 16.000000000000004 9.9999999999999982 292 186 460 5.9999999999999991 215 4.9999999999999991 40 18 626 12.999999999999998 11.999999999999998 35 33 157 7.9999999999999991 242 8.0000000000000018 11.999999999999998 28 11.999999999999998
leaf_count=74 5 3 8 5 155 93 281 3 174 3 20 13 442 13 6 35 18 156 4 239 4 6 14 6
internal_value=-0.0444047 5.42275 4.04919 16.9915 3.04138 2.64888 -1.74934 -0.766095 -3.16986 -0.846392 0.157866 -4.81672 -1.64216 -7.35349 24.4283 -2.348 -1.55618 -3.55557 15.1862 -3.05692 13.2347 16.2433 15.9838 13.7151
internal_weight=2524 600 526 38 488 478 1924 1137 787 1131 500 262 631 87 28 525 248 175 74 277 26 48 40 20
internal_count=1780 309 272 19 253 248 1471 749 722 746 301 256 445 87 14 466 192 169 37 274 13 24 20 10
is_linear=0
shrinkage=0.05


Tree=20
num_leaves=26
num_cat=0
split_feature=3 4 17 12 2 4 12 12 16 3 12 3 14 0 3 17 15 13 0 14 14 4 13 17 14
split_gain=8.92912e+06 3.30267e+06 3.40326e+06 2.98751e+06 2.13203e+06 2.06081e+06 1.44975e+06 1.41071e+06 1.10512e+06 1.00579e+06 851088 1.1997e+06 487653 474999 438849 377189 298750 246095 116879 111365 110143 110283 80495.4 44300 6291.85
threshold=0.90148219073974156 44735.000000000007 242.39977754962601 357.50000000000006 1575.4650000000004 44810.000000000007 324.00000000000006 399.50000000000006 241.50000000000003 0.83850819851612513 210.22000000000003 0.87403315835957074 289.22500000000008 47230.750000000007 0.6585507388115609 45.939051874798082 270.33333333333331 298.02000000000004 42648.000000000007 299.01000000000005 318.50000000000006 46922.500000000007 17.755000000000006 416.81021445133382 329.50000000000006
decision_type=2 2 2 10 2 2 10 10 2 2 8 2 10 2 2 2 2 10 2 8 8 2 10 2 8
left_child=9 7 6 5 -5 -4 12 8 -2 14 11 24 -3 15 16 -12 19 -10 -13 -1 22 -22 -16 -18 -11
right_child=1 2 3 4 -6 -7 -8 -9 17 10 13 18 -14 -15 20 -17 23 -19 -20 -21 21 -23 -24 -25 -26
leaf_value=-7.0265190308352548 26.212117004394532 15.407223447163901 24.160296630859378 -4.6227750015258797 13.010168425242107 -2.1317239008912252 -3.5689669609069825 21.518903541564942 1.585043323283293 -3.9587989262172147 2.3841755355756309 15.376819610595707 23.105494117736818 13.651425933837892 -0.63343315103597808 -1.0055950215173708 -3.0851526015443227 -1.7442909851670265 25.245901489257811 -3.6290297199698056 -1.1458696494343577 -4.2302360596195347 -2.6271072960419635 -0.41684051769621233 -1.2219585577646885
leaf_weight=83 3.9999999999999991 48 7.9999999999999991 20 120 109 7.9999999999999991 7.9999999999999991 98 7.0000000000000009 97 5.9999999999999982 36 5.9999999999999991 57 533 183 128 6 34 445 31 453 17 3.0000000000000009
leaf_count=83 2 24 4 10 60 55 4 4 56 7 60 3 18 3 38 296 182 64 3 33 328 31 404 11 2
internal_value=0.0100491 5.42001 8.51714 5.56299 10.4912 -0.333979 16.7695 0.878423 0.160493 -1.60935 -0.015881 9.65268 18.7065 -0.350328 -2.41404 -0.483678 -4.03236 -0.300597 20.3114 -6.03921 -1.89375 -1.34674 -2.40428 -2.85835 -3.13775
internal_weight=2548 587 349 257 140 117 92 238 230 1961 658 22 84 636 1303 630 317 226 12 117 986 476 510 200 10
internal_count=1785 301 175 129 70 59 46 126 122 1484 374 15 42 359 1110 356 309 120 6 116 801 359 442 193 9
is_linear=0
shrinkage=0.05


Tree=21
num_leaves=28
num_cat=0
split_feature=3 4 12 2 12 15 16 2 2 0 14 5 17 4 2 15 4 12 1 14 0 17 0 0 4 4 11
split_gain=8.58157e+06 3.13094e+06 1.63828e+06 2.21265e+06 1.3801e+06 1.54565e+06 1.12031e+06 985627 910344 330975 304368 320658 664136 184696 177152 150900 90842.7 81299.2 77761.8 48775.1 40203.6 6966.75 6778.41 4122.11 4062.98 3852.51 3700.26
threshold=0.89625683991075356 48480.000000000007 245.55500000000004 1575.4650000000004 359.50000000000006 361.19333333333338 254.50000000000003 3252.1450000000004 7388.7300000000005 34754.950000000004 13.810000000000002 19.500000000000004 76.367048445649388 38272.500000000007 18784.315000000006 265.93333333333339 39497.500000000007 1247.2600000000002 26119.445000000003 305.55500000000006 41069.250000000007 416.81021445133382 44186.250000000007 46718.350000000006 27195.000000000004 48944.500000000007 256.71000000000009
decision_type=2 2 10 2 10 2 2 2 2 2 8 2 2 2 2 2 2 10 2 8 2 2 2 2 2 2 10
left_child=8 2 3 20 6 -6 -4 -5 10 13 -1 12 -12 24 16 -13 -11 21 -15 -16 -2 25 26 -23 -10 -3 -19
right_child=1 17 4 7 5 -7 -8 -9 9 14 11 15 -14 18 19 -17 -18 22 -20 -21 -22 23 -24 -25 -26 -27 -28
leaf_value=19.075274658203124 21.188527679443354 13.940515354701454 19.443725967407229 -4.3825645022922091 15.264077372550965 3.2264491224288943 0.49823554856732066 10.41703672250112 -1.5527112364768982 -1.5870118932890263 3.4504511024718898 -4.4723008078497815 -0.73648018489130362 -7.2599902622283459 -7.6238630400763618 -1.1361761438448241 -2.6016921445696499 10.234794807434074 -0.78181995749473576 -3.7633595339457195 25.631821768624441 16.639014434814452 12.654603576660158 15.116290588378902 -2.8050812609055464 14.945000305175782 11.755539894104004
leaf_weight=1.9999999999999989 8.0000000000000018 13.999999999999998 7.9999999999999991 18 40 80 317 30 7.9999999999999991 406 133 37 329 63 18 404 483 8.0000000000000053 4.9999999999999991 14.999999999999998 13.999999999999998 8 9.9999999999999982 10 34 30 7.9999999999999991
leaf_count=1 4 7 4 15 20 40 161 15 8 339 75 35 192 63 18 245 457 4 3 15 7 4 5 5 34 15 4
internal_value=0.0555002 5.26436 3.77504 10.8854 2.65656 7.23899 0.964586 4.86719 -1.56605 -2.58111 -0.408543 -0.451697 0.468849 -5.17348 -2.27183 -1.41608 -2.13829 13.9802 -6.78365 -5.86909 24.0161 14.9644 11.6334 15.7931 -2.56653 14.6254 10.9952
internal_weight=2540 603 515 70 445 120 325 48 1937 1032 905 903 462 110 922 441 889 88 68 33 22 62 26 18 42 44 16
internal_count=1795 310 266 41 225 60 165 30 1485 937 548 547 267 108 829 280 796 44 66 33 11 31 13 9 42 22 8
is_linear=0
shrinkage=0.05


end of trees

feature_importances:
renewable_power=75
thermal_on_capacity=75
price_lag_1d=59
thermal_space_load_ratio=55
total_load=44
net_load_lag_1d=42
price_lag_2d=37
price_lag_7d=35
price_ma_7d=30
price_std_7d=23
net_load=22
month=22
weekday=20
price_ma_3d=17
price_lag_3d=14
period=10
hour=2
is_weekend=2

parameters:
[boosting: gbdt]
[objective: regression]
[metric: rmse]
[tree_learner: serial]
[device_type: cpu]
[data_sample_strategy: bagging]
[data: ]
[valid: ]
[num_iterations: 400]
[learning_rate: 0.05]
[num_leaves: 31]
[num_threads: 0]
[seed: 42]
[deterministic: 0]
[force_col_wise: 0]
[force_row_wise: 0]
[histogram_pool_size: -1]
[max_depth: 5]
[min_data_in_leaf: 3]
[min_sum_hessian_in_leaf: 0.001]
[bagging_fraction: 0.85]
[pos_bagging_fraction: 1]
[neg_bagging_fraction: 1]
[bagging_freq: 1]
[bagging_seed: 400]
[bagging_by_query: 0]
[feature_fraction: 0.85]
[feature_fraction_bynode: 1]
[feature_fraction_seed: 30056]
[extra_trees: 0]
[extra_seed: 12879]
[early_stopping_round: 0]
[early_stopping_min_delta: 0]
[first_metric_only: 0]
[max_delta_step: 0]
[lambda_l1: 0]
[lambda_l2: 0]
[linear_lambda: 0]
[min_gain_to_split: 0]
[drop_rate: 0.1]
[max_drop: 50]
[skip_drop: 0.5]
[xgboost_dart_mode: 0]
[uniform_drop: 0]
[drop_seed: 17869]
[top_rate: 0.2]
[other_rate: 0.1]
[min_data_per_group: 100]
[max_cat_threshold: 32]
[cat_l2: 10]
[cat_smooth: 10]
[max_cat_to_onehot: 4]
[top_k: 20]
[monotone_constraints: ]
[monotone_constraints_method: basic]
[monotone_penalty: 0]
[feature_contri: ]
[forcedsplits_filename: ]
[refit_decay_rate: 0.9]
[cegb_tradeoff: 1]
[cegb_penalty_split: 0]
[cegb_penalty_feature_lazy: ]
[cegb_penalty_feature_coupled: ]
[path_smooth: 0]
[interaction_constraints: ]
[verbosity: -1]
[saved_feature_importance_type: 0]
[use_quantized_grad: 0]
[num_grad_quant_bins: 4]
[quant_train_renew_leaf: 0]
[stochastic_rounding: 1]
[linear_tree: 0]
[max_bin: 255]
[max_bin_by_feature: ]
[min_data_in_bin: 3]
[bin_construct_sample_cnt: 200000]
[data_random_seed: 175]
[is_enable_sparse: 1]
[enable_bundle: 1]
[use_missing: 1]
[zero_as_missing: 0]
[feature_pre_filter: 1]
[pre_partition: 0]
[two_round: 0]
[header: 0]
[label_column: ]
[weight_column: ]
[group_column: ]
[ignore_column: ]
[categorical_feature: ]
[forcedbins_filename: ]
[precise_float_parser: 0]
[parser_config_file: ]
[objective_seed: 16083]
[num_class: 1]
[is_unbalance: 0]
[scale_pos_weight: 1]
[sigmoid: 1]
[boost_from_average: 1]
[reg_sqrt: 0]
[alpha: 0.9]
[fair_c: 1]
[poisson_max_delta_step: 0.7]
[tweedie_variance_power: 1.5]
[lambdarank_truncation_level: 30]
[lambdarank_norm: 1]
[label_gain: ]
[lambdarank_position_bias_regularization: 0]
[eval_at: ]
[multi_error_top_k: 1]
[auc_mu_weights: ]
[num_machines: 1]
[local_listen_port: 12400]
[time_out: 120]
[machine_list_filename: ]
[machines: ]
[gpu_platform_id: -1]
[gpu_device_id: -1]
[gpu_use_dp: 0]
[num_gpu: 1]

end of parameters

pandas_categorical:[]
