tree
version=v4
num_class=1
num_tree_per_iteration=1
label_index=0
max_feature_idx=10
objective=regression
feature_names=total_load net_load renewable_power thermal_space_load_ratio thermal_on_capacity hour period weekday month is_weekend is_holiday
feature_infos=[28265.799999999999:42408.400000000001] [-5999.2700000000004:41070.110000000001] [1144.03:36022.5] [-0.21224483297836963:0.97282505160491894] [27170:44840] [15:19] [61:80] [0:6] [3:4] [0:1] none
tree_sizes=2273 2378 2391 2460 2596 2606 2404 2378 2619 2680 2015 2286 2534 2485 2855 2679 2288 2440 2491

Tree=0
num_leaves=25
num_cat=0
split_feature=2 1 4 7 2 1 4 1 0 4 4 4 0 4 0 0 6 1 2 0 6 8 0 1
split_gain=1.15396e+07 5.24829e+06 5.10861e+06 5.21566e+06 669520 324595 511453 300347 261939 501041 250091 262285 178216 166317 115404 62367.1 44518.9 28290.2 25159.4 18435.6 10871.8 10096.2 9503.76 1568
threshold=4910.2900000000009 17569.060000000001 44765.000000000007 5.5000000000000009 6661.8450000000012 12346.915000000003 36662.500000000007 22016.150000000005 36666.900000000009 40910.000000000007 36662.500000000007 43907.500000000007 39417.750000000007 38325.000000000007 34385.900000000009 41460.400000000001 77.500000000000014 14137.220000000001 19874.465000000004 40906.200000000004 67.500000000000014 3.5000000000000004 35393.05000000001 39938.810000000005
decision_type=2 2 2 2 2 2 2 2 2 2 2 2 2 2 2 2 2 2 2 2 2 2 2 2
left_child=2 5 10 12 8 18 17 13 9 -3 -1 21 -4 -6 -9 -13 -14 -7 -2 -10 -8 -12 -20 -5
right_child=1 4 3 23 7 6 20 14 19 -11 11 15 16 -15 -16 -17 -18 -19 22 -21 -22 -23 -24 -25
leaf_value=297.51334706306454 268.33744664192199 305.41934651374817 323.61001322110491 285.21834687232968 277.06476158086605 272.29906096185954 264.30693388690116 284.55745788322554 282.48850797191744 280.39334668159483 282.59134663581847 289.95647191047669 338.99334858894349 272.14069861765262 278.75343990948238 299.49334655443823 331.96018106778462 275.26118878364559 264.546391062456 286.59334706306458 267.13122195243835 285.10334698677059 267.42201336860654 283.81834677696224
leaf_weight=4.9999999999999991 4.9999999999999991 4 3.0000000000000009 4 47 13.999999999999998 23.000000000000004 8.9999999999999982 31 4 20.000000000000004 3.9999999999999991 8.9999999999999982 27 177 3 2.9999999999999991 19 68 2.9999999999999991 3.9999999999999991 4.9999999999999991 2.9999999999999991 4
leaf_count=5 5 4 3 4 47 14 23 9 31 4 20 4 9 27 177 3 3 19 68 3 4 5 3 4
internal_value=278.053 275.236 298.617 317.122 278.909 267.08 269.829 277.962 284.766 292.906 287.114 285.489 334.51 275.268 279.034 294.044 337.235 274.005 264.909 282.851 264.725 283.094 264.668 284.518
internal_weight=498 438 60 23 302 136 60 260 42 8 37 32 15 74 186 7 12 33 76 34 27 25 71 8
internal_count=498 438 60 23 302 136 60 260 42 8 37 32 15 74 186 7 12 33 76 34 27 25 71 8
is_linear=0
shrinkage=1


Tree=1
num_leaves=26
num_cat=0
split_feature=2 1 2 7 6 3 2 8 0 3 0 6 0 8 2 3 1 0 0 2 3 8 7 7 6
split_gain=8.45574e+06 3.9292e+06 1.34874e+06 3.25033e+06 594212 2.49845e+06 355202 359011 333760 281844 218725 106658 82438.5 66007.3 113887 52845.9 35678.7 29679.3 27324.8 26358.9 23377.1 19257.9 14777.1 7586.57 964.926
threshold=6661.8450000000012 17372.620000000003 2630.3350000000005 5.5000000000000009 69.500000000000014 0.88185650324919773 19874.465000000004 3.5000000000000004 37207.55000000001 0.65189994548078423 41460.400000000001 66.500000000000014 35767.450000000004 3.5000000000000004 8610.340000000002 0.86929463939195706 20002.860000000004 41707.200000000004 39855.750000000007 22318.595000000005 0.44027323429603699 3.5000000000000004 3.5000000000000004 1.5000000000000002 75.500000000000014
decision_type=2 2 2 2 2 2 2 2 2 2 2 2 2 2 2 2 2 2 2 2 2 2 2 2 2
left_child=2 6 3 17 5 15 7 22 -6 11 -10 16 23 18 -15 -4 -3 -1 -11 -14 -9 -13 -2 -8 -5
right_child=1 9 4 24 8 -7 12 20 10 13 -12 21 19 14 -16 -17 -18 -19 -20 -21 -22 -23 -24 -25 -26
leaf_value=51.134383138020866 -10.599957101995292 -6.6444093431745248 5.8336290677388485 6.3933526611328118 20.699400882720951 53.147415161132812 -11.794557507832845 -5.0122590151700095 6.7211444681340993 -0.35073553871076846 20.525332641601565 -2.3150117687557055 -9.8650846481323242 8.0454025745391853 1.7284658258611505 12.740734100341797 -2.7340552520751955 58.167549641927067 1.375486482061991 -3.2370024363199863 -2.0540888281429517 -0.53649341887897917 -13.25565216064453 -12.891925690666078 5.2590827941894522
leaf_weight=2.9999999999999973 11.000000000000002 14.000000000000002 9.0000000000000018 5 4.9999999999999991 3.9999999999999991 21 11.000000000000002 66 52 2.9999999999999991 23 2.9999999999999991 7.9999999999999991 66 3.9999999999999991 9.9999999999999982 3 41 3 17 45 9.9999999999999982 63 3
leaf_count=3 11 14 9 5 5 4 21 11 66 52 3 23 3 8 66 4 10 3 41 3 17 45 10 63 3
internal_value=-0.236921 -3.5667 12.3845 26.8321 10.1618 18.5915 -10.3482 -6.92266 8.22525 0.0727757 7.32133 -2.14945 -12.2131 1.297 2.41138 7.95889 -5.0151 54.651 0.410287 -6.55104 -3.21623 -1.13805 -11.8646 -12.6176 5.968
internal_weight=503 398 105 14 91 17 139 49 74 259 69 92 90 167 74 13 24 6 93 6 28 68 21 84 8
internal_count=503 398 105 14 91 17 139 49 74 259 69 92 90 167 74 13 24 6 93 6 28 68 21 84 8
is_linear=0
shrinkage=0.05


Tree=2
num_leaves=26
num_cat=0
split_feature=2 1 4 7 3 4 2 4 2 0 0 0 6 0 4 3 1 3 4 2 2 2 0 0 0
split_gain=9.82354e+06 4.48485e+06 4.24414e+06 4.32548e+06 531595 340082 324296 399364 256886 229966 226286 143067 99058 70350.2 45595.7 45227.8 35886.1 18457 14662.4 13601.7 32844.8 12125.1 9251.29 2913.76 762.012
threshold=4910.2900000000009 17569.060000000001 44765.000000000007 5.5000000000000009 0.68038947629344138 36662.500000000007 19874.465000000004 36662.500000000007 6661.8450000000012 41289.150000000001 36026.000000000007 39417.750000000007 67.500000000000014 34069.450000000004 43907.500000000007 0.96916111109979297 20488.260000000006 0.44027323429603699 43067.500000000007 21289.760000000006 21106.030000000002 17783.210000000003 35760.450000000004 40990.30000000001 37816.500000000007
decision_type=2 2 2 2 2 2 2 2 2 2 2 2 2 2 2 2 2 2 2 2 2 2 2 2 2
left_child=2 6 5 11 12 24 7 17 10 14 -6 -4 16 -10 -7 -13 -3 -2 -14 20 -8 -9 -21 -5 -1
right_child=1 4 3 23 8 9 19 21 13 -11 -12 15 18 -15 -16 -17 -18 -19 -20 22 -22 -23 -24 -25 -26
leaf_value=18.121608479817709 -4.6694627046585069 -5.0926106106151234 41.452238972981746 4.4603999455769845 16.081355273723602 4.5981823532669628 -11.643875122070312 -10.053111298878985 6.852139186859131 19.888083902994794 4.7100518574033465 55.432174343532985 -0.86937460911117115 1.3116124098460507 9.7962274169921884 48.343228149414067 -2.0822688049740261 -2.1647169916253342 1.9258879804611206 -12.193573030283753 -5.741723950703939 -12.322738243551816 -9.3589380900065109 6.4314430999755849 19.175775146484373
leaf_weight=2.9999999999999991 12.000000000000002 22 3.0000000000000009 3 4.9999999999999991 27 10.999999999999998 9.0000000000000018 5.9999999999999991 2.9999999999999991 35 8.9999999999999982 76 127 4.9999999999999991 2.9999999999999991 18 19 4.9999999999999991 71 2.9999999999999991 17 2.9999999999999991 5 4
leaf_count=3 12 22 3 3 5 27 11 9 6 3 35 9 76 127 5 3 18 19 5 71 3 17 3 5 4
internal_value=-0.023001 -2.70905 18.1181 35.3832 0.840085 8.66343 -9.90521 -6.96715 2.61819 6.65132 6.13146 51.2184 -1.70216 1.56156 5.41038 53.6599 -3.73796 -3.1343 -0.696828 -11.8083 -10.3791 -11.5371 -12.0787 5.6923 18.724
internal_weight=504 439 65 23 294 42 145 57 173 35 40 15 121 133 32 12 40 31 81 88 14 26 74 8 7
internal_count=504 439 65 23 294 42 145 57 173 35 40 15 121 133 32 12 40 31 81 88 14 26 74 8 7
is_linear=0
shrinkage=0.05


Tree=3
num_leaves=27
num_cat=0
split_feature=2 1 4 7 2 4 4 2 4 3 4 4 0 0 6 0 0 6 3 0 4 3 1 1 0 1
split_gain=8.44634e+06 3.80773e+06 2.85927e+06 4.78023e+06 475084 541686 459103 400099 306731 204536 184235 168543 129964 127316 83764.5 73265.6 64750.7 37718.1 25012 24398 24220.2 10355.1 8429.2 3651.58 1838.25 2162.94
threshold=4910.2900000000009 17569.060000000001 44765.000000000007 5.5000000000000009 8089.0900000000011 36372.500000000007 36090.000000000007 19874.465000000004 36662.500000000007 0.65189994548078423 36662.500000000007 43907.500000000007 39598.700000000004 39935.350000000013 67.500000000000014 35767.450000000004 34134.600000000006 77.500000000000014 0.82918604423474207 35905.650000000001 42677.500000000007 0.89821045930209464 13957.08 16356.540000000001 40990.30000000001 39938.810000000005
decision_type=2 2 2 2 2 2 2 2 2 2 2 2 2 2 2 2 2 2 2 2 2 2 2 2 2 2
left_child=2 7 10 12 5 6 -3 8 23 14 -1 21 -4 -13 -6 22 -11 -14 -7 -17 -10 -12 -9 -2 -5 -26
right_child=1 4 3 24 9 18 -8 15 20 16 11 13 17 -15 -16 19 -18 -19 -20 -21 -22 -23 -24 -25 25 -27
leaf_value=18.216986083984377 -2.5995320728846956 4.9871073913574211 39.379627482096339 4.2373799641927059 -3.8454438195509071 0.60797126203775409 21.057118034362787 -11.492048988813236 -11.236868451436358 6.7628194427490236 2.8473233904157351 6.6383179664611776 52.633293999565971 19.253609848022457 -0.74832766305227749 -2.4881905237833664 0.96281658039661133 46.159575398763025 2.9230758530753 -8.864967536926267 -7.218559908866883 5.2026083537510468 -8.7930683135986332 -1.3957706027560766 6.7500807444254534 5.0518709564208981
leaf_weight=3.9999999999999991 21.000000000000004 10 3.0000000000000009 3.0000000000000009 34 20 8 81 15.000000000000002 4.9999999999999991 7.0000000000000027 4.0000000000000018 8.9999999999999982 4 61 2.9999999999999991 128 2.9999999999999991 28 3 4.9999999999999991 13.999999999999998 2.9999999999999991 8.9999999999999982 3 5
leaf_count=4 21 10 3 3 34 20 8 81 15 5 7 4 9 4 61 3 128 3 28 3 5 14 3 9 3 5
internal_value=0.177779 -2.23525 17.9278 30.3284 0.996582 4.73233 12.1293 -9.02209 -5.43596 -0.0848178 8.15768 6.77019 48.6878 12.946 -1.85677 -11.0144 1.18086 51.0149 1.95845 -5.67658 -10.2323 4.41751 -11.3957 -2.2384 5.29289 5.6887
internal_weight=493 434 59 26 294 66 18 140 50 228 33 29 15 8 95 90 133 12 48 6 20 21 84 30 11 8
internal_count=493 434 59 26 294 66 18 140 50 228 33 29 15 8 95 90 133 12 48 6 20 21 84 30 11 8
is_linear=0
shrinkage=0.05


Tree=4
num_leaves=28
num_cat=0
split_feature=2 1 7 7 0 3 3 8 0 0 7 0 7 0 5 3 2 1 8 1 7 1 6 2 2 7 1
split_gain=6.73324e+06 3.30949e+06 1.60779e+06 4.35412e+06 674151 301908 275910 264991 224782 197856 150644 133950 243824 77555 76166.2 57647.4 42222 37643.8 25023.9 23429.3 15376.4 7306.73 5719.11 3950.75 9319.65 1150.31 639.828
threshold=5838.0850000000009 17569.060000000001 4.5000000000000009 5.5000000000000009 39167.250000000007 0.68038947629344138 0.36532224479767317 3.5000000000000004 38099.55000000001 41289.150000000001 3.5000000000000004 35223.700000000004 2.5000000000000004 37427.55000000001 16.500000000000004 0.44027323429603699 1387.8900000000001 20361.300000000003 3.5000000000000004 26493.645000000004 3.5000000000000004 36870.480000000003 62.500000000000007 21289.760000000006 20405.010000000006 3.5000000000000004 39938.810000000005
decision_type=2 2 2 2 2 2 2 2 2 2 2 2 2 2 2 2 2 2 2 2 2 2 2 2 2 2 2
left_child=2 6 8 4 -4 14 23 22 10 20 13 12 -7 -1 17 -9 -6 -3 -13 -16 -10 -5 -8 24 -2 -25 -23
right_child=1 5 3 21 16 11 7 15 9 -11 -12 18 -14 -15 19 -17 -18 -19 -20 -21 -22 26 -24 25 -26 -27 -28
leaf_value=22.799696858723962 -11.630615234375 -4.557438066005707 21.721213785807265 2.3248575210571292 43.402297973632812 11.238099660873409 -9.3903683821360229 -5.6983341116654245 4.1186309288287992 17.930998611450196 4.6129202842712402 0.70089333101230511 -0.10582923889160156 13.372870159149171 -0.54293102624897782 -1.7496926635503769 50.357829666137697 -1.7569979875286421 2.0171237097545105 3.3997146248817445 7.4255622863769535 5.2545174407958983 -11.200499820709229 -10.789962594168529 -7.6894550323486301 -11.189824078534102 4.4219627380371094
leaf_weight=2.9999999999999991 2.9999999999999991 20 3.0000000000000027 2.9999999999999991 2.9999999999999991 10.000000000000002 6.0000000000000027 19 29 2.9999999999999991 3.9999999999999991 68 8.9999999999999982 7.9999999999999991 65 18 7.9999999999999991 30 77 3.9999999999999991 3.9999999999999991 9.9999999999999982 15.999999999999998 35 3 37 2.9999999999999991
leaf_count=3 3 20 3 3 3 10 6 19 29 3 4 68 9 8 65 18 8 30 77 4 4 10 16 35 3 37 3
internal_value=-0.0165666 -2.56211 13.1826 22.3673 42.7309 0.525998 -8.94121 -6.36124 7.77979 5.6371 12.9222 1.91712 5.86466 15.9438 -1.39118 -3.77737 48.4609 -2.87717 1.39986 -0.314372 4.51947 4.5491 -10.7068 -10.8927 -9.66004 -10.9954 5.06239
internal_weight=501 420 81 30 14 283 137 59 51 36 15 164 19 11 119 37 11 50 145 69 33 16 22 78 6 72 13
internal_count=501 420 81 30 14 283 137 59 51 36 15 164 19 11 119 37 11 50 145 69 33 16 22 78 6 72 13
is_linear=0
shrinkage=0.05


Tree=5
num_leaves=29
num_cat=0
split_feature=2 3 2 7 4 4 4 2 2 4 3 4 0 4 4 0 2 4 0 2 3 3 7 7 3 6 0 0
split_gain=5.38246e+06 2.61544e+06 1.60684e+06 2.74255e+06 310576 399287 260093 285339 257447 225748 201242 78248.8 78943.8 66018.1 171497 65810.6 43521.7 35012.5 32126.7 24196.1 21105.4 15818.2 15635.2 6704.69 5267.55 120.609 7.82909 2.13764
threshold=6661.8450000000012 0.50833503817011005 2630.3350000000005 5.5000000000000009 36372.500000000007 36090.000000000007 43907.500000000007 5006.5750000000007 19874.465000000004 36662.500000000007 0.65716187406009119 38325.000000000007 36085.450000000004 36372.500000000007 36090.000000000007 35829.30000000001 5433.8250000000007 43067.500000000007 41460.400000000001 21509.970000000005 0.47241801808729766 0.89974334325780825 5.5000000000000009 1.5000000000000002 0.55015533276554385 74.500000000000014 41672.450000000004 38782.750000000007
decision_type=2 2 2 2 2 2 2 2 2 2 2 2 2 2 2 2 2 2 2 2 2 2 2 2 2 2 2 2
left_child=2 8 3 18 5 27 21 -8 9 22 11 24 -13 14 -12 23 -7 -15 -1 -17 -11 -6 -2 -10 -3 -5 -27 -4
right_child=1 10 4 25 6 16 7 -9 15 20 13 12 -14 17 -16 19 -18 -19 -20 -21 -22 -23 -24 -25 -26 26 -28 -29
leaf_value=47.777072753906246 -1.9986579148665715 -1.1785364359617234 4.5670862833658843 5.3464590708414699 2.5678185166983774 16.352543067932128 14.705883818406321 3.4716747999191284 -9.535500208536785 -10.120032584667204 1.6690095422230664 -6.884618360346014 -1.954284160319836 -0.034169399625138396 10.534843762715658 -8.0525962829589854 22.740157318115223 2.3564144167460892 41.232180786132801 -1.7022570927937821 -7.1918802642822275 4.6143555641174316 -4.6974533489772252 -10.573546078999838 -0.079834126369096342 4.9010636647542309 5.0152936299641917 4.5153944651285789
leaf_weight=5 23.000000000000004 14.999999999999998 6 3 29 7.9999999999999991 13.000000000000002 9.9999999999999982 21 16.000000000000004 60 10.999999999999998 31 79 5.9999999999999991 2.9999999999999991 4.0000000000000009 19 3 3 9.9999999999999982 13.999999999999998 6.9999999999999991 60 40 3 3 3
leaf_count=5 23 15 6 3 29 8 13 10 21 16 60 11 31 79 6 3 4 19 3 3 10 14 7 60 40 3 3 3
internal_value=-0.181723 -2.79301 9.96212 24.0218 7.21483 12.5109 5.52971 9.82145 -8.22807 -5.58376 0.184816 -1.62046 -3.24556 1.25257 2.47499 -9.93015 18.4817 0.429311 45.3227 -4.87743 -8.99382 3.23413 -2.62838 -10.3044 -0.37948 5.08761 4.95818 4.54986
internal_weight=508 404 104 17 87 21 66 23 143 56 261 97 42 164 66 87 12 98 8 6 26 43 30 81 55 9 6 9
internal_count=508 404 104 17 87 21 66 23 143 56 261 97 42 164 66 87 12 98 8 6 26 43 30 81 55 9 6 9
is_linear=0
shrinkage=0.05


Tree=6
num_leaves=26
num_cat=0
split_feature=2 1 4 7 3 2 4 4 2 4 0 4 6 2 0 2 0 6 4 3 3 1 4 0 1
split_gain=5.75491e+06 2.85884e+06 2.1115e+06 3.54678e+06 358024 266745 247483 183902 103970 111424 106891 88712 87597.5 74644.8 73281.3 36989.8 35159 32195.2 24652.6 13960.6 13682 12277.9 7986.18 5534.8 1752.6
threshold=4910.2900000000009 17569.060000000001 44765.000000000007 5.5000000000000009 0.68038947629344138 19874.465000000004 36662.500000000007 36662.500000000007 6661.8450000000012 36372.500000000007 34684.350000000006 43907.500000000007 67.500000000000014 4333.4800000000005 39598.700000000004 15821.870000000001 35767.450000000004 77.500000000000014 42677.500000000007 0.39679684165961687 0.44027323429603699 19674.130000000001 40910.000000000007 40956.30000000001 39938.810000000005
decision_type=2 2 2 2 2 2 2 2 2 2 2 2 2 2 2 2 2 2 2 2 2 2 2 2 2
left_child=2 5 7 14 12 6 20 -1 9 -6 -10 22 15 -13 -4 -3 19 -16 -8 -7 -2 -14 -9 -5 -25
right_child=1 4 3 23 8 16 18 11 10 -11 -12 13 21 -15 17 -17 -18 -19 -20 -21 -22 -23 -24 24 -26
leaf_value=15.452908630371093 -3.6795098634866572 -2.3420479974576405 35.112013753255191 2.2674452145894359 8.9219505310058604 -9.8828909785659231 -9.8582628350508834 5.5361048889160118 5.7718967162645782 2.7734021799904962 1.0167446982860564 14.588484573364259 -1.8050207106272378 4.1550272623697913 45.584528732299816 -5.6600076993306487 -5.4116631317138673 39.510791015624989 -5.9123723411560061 -7.1605445289611822 -1.6155422145412084 -0.23064990792239848 3.3019688510894776 5.525828552246093 4.0457099437713619
leaf_weight=4.9999999999999991 12.999999999999998 28 3.0000000000000009 3.0000000000000009 9.9999999999999982 81 19.000000000000004 5.0000000000000027 12.999999999999998 28 130 3.9999999999999991 14.999999999999998 3 7.9999999999999982 11.999999999999998 4.9999999999999991 3 4.9999999999999991 4.9999999999999991 21 71 20 4 4
leaf_count=5 13 28 3 3 10 81 19 5 13 28 130 4 15 3 8 12 5 3 5 5 21 71 20 4 4
internal_value=-0.172645 -2.11594 14.1199 25.3453 0.642141 -7.79869 -5.14877 6.53523 2.06677 4.39144 1.44903 5.14184 -1.40436 10.117 42.0389 -3.33744 -9.48764 43.9281 -9.0362 -9.72462 -2.40471 -0.505249 3.7488 4.09895 4.78577
internal_weight=518 456 62 25 307 149 58 37 181 38 143 32 126 7 14 40 91 11 24 86 34 86 25 11 8
internal_count=518 456 62 25 307 149 58 37 181 38 143 32 126 7 14 40 91 11 24 86 34 86 25 11 8
is_linear=0
shrinkage=0.05


Tree=7
num_leaves=26
num_cat=0
split_feature=2 1 2 7 5 3 3 8 0 0 0 2 0 0 5 2 7 6 0 7 2 1 0 1 0
split_gain=5.81547e+06 2.65337e+06 1.24664e+06 2.87232e+06 850680 328150 192607 146935 119367 166180 157131 105578 113231 94473 76138 44506.2 43987.8 27134 10688.7 6429.87 7037.41 3860.45 835.747 781.879 239.033
threshold=4910.2900000000009 17372.620000000003 2630.3350000000005 5.5000000000000009 16.500000000000004 0.68038947629344138 0.36532224479767317 3.5000000000000004 40100.650000000009 39598.700000000004 41460.400000000001 6661.8450000000012 36026.000000000007 34684.350000000006 16.500000000000004 19874.465000000004 3.5000000000000004 77.500000000000014 41051.950000000004 3.5000000000000004 21289.760000000006 14365.4 31622.800000000007 39938.810000000005 42109.350000000006
decision_type=2 2 2 2 2 2 2 2 2 2 2 2 2 2 2 2 2 2 2 2 2 2 2 2 2
left_child=2 6 3 17 -4 14 19 21 9 -6 -10 12 -7 -13 16 -9 -3 24 -16 20 -2 -8 -21 -5 -1
right_child=1 5 4 23 8 11 7 15 10 -11 -12 13 -14 -15 18 -17 -18 -19 -20 22 -22 -23 -24 -25 -26
leaf_value=42.899484863281245 -6.417239332199097 -1.9546604460477832 31.429658603668216 5.0071991729736318 8.2559171199798573 10.588845856984456 -8.3306148558855018 -2.9311631917953491 3.257218422889709 20.96669486363729 15.528495025634767 5.483302011856666 3.1976981163024902 1.0189502325089677 -0.35748039157528966 -6.5017627080281573 -5.5248775127259169 37.535251363118469 2.2999904155731201 -9.8757881891159798 -8.9498875081539158 -9.7741403059525922 -9.424166564941407 4.1229597473144528 43.464028930664057
leaf_weight=5 2.9999999999999991 40 3.9999999999999991 5 18.000000000000004 5.9999999999999991 8.0000000000000018 32 20.000000000000004 2.9999999999999991 2.9999999999999991 12.999999999999998 38 134 70 11.999999999999998 10.999999999999998 3.0000000000000009 3.9999999999999991 21 32 10.999999999999998 20 5 3
leaf_count=5 3 40 4 5 18 6 8 32 20 3 3 13 38 134 70 12 11 3 4 21 32 11 20 5 3
internal_value=0.272297 -1.77894 13.7986 23.9593 9.35323 0.753431 -7.53598 -5.49173 7.34628 10.0717 4.85782 2.0569 4.20558 1.41376 -1.23827 -3.90496 -2.72471 41.5905 -0.213833 -9.23057 -8.7328 -9.16634 -9.65548 4.56508 43.1112
internal_weight=524 455 69 21 48 316 139 63 44 21 23 191 44 147 125 44 51 11 74 76 35 19 41 10 8
internal_count=524 455 69 21 48 316 139 63 44 21 23 191 44 147 125 44 51 11 74 76 35 19 41 10 8
is_linear=0
shrinkage=0.05


Tree=8
num_leaves=29
num_cat=0
split_feature=2 2 4 7 0 4 4 3 4 0 7 0 4 4 1 4 0 4 1 4 2 7 0 0 3 1 4 0
split_gain=4.87361e+06 1.95497e+06 1.92075e+06 2.27678e+06 1.1596e+06 341427 318834 295880 165233 154731 72483.2 64488.9 58502 192722 51940.4 97391.8 37469.6 27742.4 25372.7 19898.3 10491.8 17576.6 5852.71 5278.41 4060.57 1041.35 457.732 3.05283
threshold=6661.8450000000012 18864.550000000003 44765.000000000007 5.5000000000000009 38216.400000000009 36372.500000000007 36090.000000000007 0.58364566801771478 36662.500000000007 41460.400000000001 4.5000000000000009 39417.750000000007 36372.500000000007 36090.000000000007 13347.120000000001 36662.500000000007 36714.650000000009 43067.500000000007 31934.150000000001 32370.000000000004 19874.465000000004 2.5000000000000004 35711.950000000004 40956.30000000001 0.5145423406369336 39938.810000000005 41325.000000000007 38457.950000000004
decision_type=2 2 2 2 2 2 2 2 2 2 2 2 2 2 2 2 2 2 2 2 2 2 2 2 2 2 2 2
left_child=2 7 5 4 -4 6 27 8 24 18 -10 -6 13 -9 20 19 -8 -14 -7 -16 21 -3 -22 -5 -2 -25 -17 -1
right_child=1 14 3 23 11 9 16 12 10 -11 -12 -13 17 -15 15 26 -18 -19 -20 -21 22 -23 -24 25 -26 -27 -28 -29
leaf_value=3.7011079152425119 -1.3303145858148735 -3.9446126937866213 4.0280480702718053 1.9761077562967913 31.784930928548178 1.0596302946408591 20.719999694824214 0.99192456767345094 -4.3238890655835469 14.752070045471193 -10.343988545735677 40.05519797585228 -0.29756934901281279 9.1407014369964603 -1.5645451962947838 -9.7979367574056013 14.65366014753069 1.8904595616985771 3.6355934690921865 -5.5854090690612797 -8.9010634751274047 -9.3570360819498681 -6.6505414168039962 4.9991769790649432 -0.41980190896987923 3.9168117141723631 -9.1501809692382796 3.764907913208007
leaf_weight=3 24 2.9999999999999991 3.0000000000000027 3.0000000000000027 2.9999999999999991 11.999999999999998 4 78 30 2.9999999999999991 5.9999999999999991 10.999999999999998 98 7.9999999999999991 8.0000000000000018 5.9999999999999982 7 17 47 4.9999999999999991 78 3 2.9999999999999991 3.9999999999999982 25 5 5 5
leaf_count=3 24 3 3 3 3 12 4 78 30 3 6 11 98 8 8 6 7 17 47 5 78 3 3 4 25 5 5 5
internal_value=0.112289 -2.46814 9.4253 20.4674 32.238 5.47195 11.336 -0.282278 -2.75533 3.67491 -5.32724 38.283 0.763541 1.74995 -8.10019 -6.04091 16.8596 0.0258784 3.11167 -3.11103 -8.66827 -6.65082 -8.81771 3.79242 -0.865767 4.39786 -9.5035 3.74098
internal_weight=507 397 110 29 17 81 19 286 85 62 36 14 201 86 111 24 11 115 59 13 87 6 81 12 49 9 11 8
internal_count=507 397 110 29 17 81 19 286 85 62 36 14 201 86 111 24 11 115 59 13 87 6 81 12 49 9 11 8
is_linear=0
shrinkage=0.05


Tree=9
num_leaves=29
num_cat=0
split_feature=2 1 4 7 0 1 4 4 0 3 0 0 7 6 6 4 4 0 4 0 7 2 4 1 0 2 6 1
split_gain=4.22957e+06 1.95527e+06 1.75093e+06 2.03932e+06 775688 180093 224778 170562 227242 167172 130522 112608 192155 47105.2 37816.7 26134.6 18699.3 18301 17418 16175.5 12012.7 29997.3 11775.3 11522.1 4808.92 924.729 172.585 4.73002
threshold=5838.0850000000009 17569.060000000001 44765.000000000007 5.5000000000000009 39167.250000000007 12346.915000000003 36662.500000000007 36372.500000000007 38360.000000000007 0.68038947629344138 41460.400000000001 35223.700000000004 2.5000000000000004 66.500000000000014 77.500000000000014 30732.500000000004 42677.500000000007 37617.05000000001 43907.500000000007 41051.950000000004 3.5000000000000004 21289.760000000006 29480.000000000004 20488.260000000006 41289.150000000001 21106.030000000002 75.500000000000014 33393.135000000002
decision_type=2 2 2 2 2 2 2 2 2 2 2 2 2 2 2 2 2 2 2 2 2 2 2 2 2 2 2 2
left_child=2 5 7 4 -4 20 22 8 17 13 18 12 -11 23 -6 -13 -8 -1 -9 -15 21 -2 -7 -3 -5 -22 -26 -10
right_child=1 9 3 24 14 6 16 10 27 11 -12 15 -14 19 -16 -17 -18 -19 -20 -21 25 -23 -24 -25 26 -27 -28 -29
leaf_value=18.965102132161466 -3.9312487220764165 -3.9416963843198918 13.092826271057129 2.0351324319839463 40.137900119357646 -3.5835161365917885 -8.6303891875527121 2.6638986943289638 3.577589321136474 9.4687277165326176 14.014466349283854 5.0639957427978519 -0.71556487679481506 -0.55062421790578153 33.655728658040367 0.96386738179428311 -5.4813707947731025 14.025325927734372 5.1537012524074983 3.1828864415486655 -9.2736742292131691 -8.1047097759862101 -1.3898798668327241 -1.6841958618164066 4.0051153818766272 -8.6495446620843364 4.5414382934570297 3.4945354461669917
leaf_weight=2.9999999999999982 4.9999999999999991 13.000000000000002 3.9999999999999991 4.0000000000000018 8.9999999999999982 7.9999999999999991 22.000000000000004 32 4 11.000000000000002 2.9999999999999991 3.9999999999999991 7.9999999999999991 88 2.9999999999999991 137 5.9999999999999991 5 8.9999999999999982 2.9999999999999991 6.9999999999999991 31 26 9.9999999999999982 3 39 3 3
leaf_count=3 5 13 4 4 9 8 22 32 4 11 3 4 8 88 3 137 6 5 9 3 7 31 26 10 3 39 3 3
internal_value=0.113086 -1.95446 10.2806 21.0908 32.1612 -6.67161 -4.63809 5.51674 10.1211 0.524624 3.94708 1.56711 5.1806 -0.938511 38.5174 1.08018 -7.9556 15.8777 3.21044 -0.427541 -8.20915 -7.52506 -1.90603 -2.96017 3.37802 -8.74452 4.27328 3.54199
internal_weight=503 418 85 26 16 144 62 59 15 274 44 160 19 114 12 141 28 8 41 91 82 36 34 23 10 46 6 7
internal_count=503 418 85 26 16 144 62 59 15 274 44 160 19 114 12 141 28 8 41 91 82 36 34 23 10 46 6 7
is_linear=0
shrinkage=0.05


Tree=10
num_leaves=23
num_cat=0
split_feature=2 2 2 7 3 5 0 1 8 7 0 8 2 6 6 1 7 0 1 6 0 0
split_gain=3.71337e+06 1.73649e+06 1.2947e+06 1.78549e+06 281316 128623 505687 198774 123898 151182 91768.1 69841.8 98656.5 28829.9 21009 20912.5 11336.2 15775.8 9805.92 871.163 658.455 198.134
threshold=5838.0850000000009 18864.550000000003 2630.3350000000005 5.5000000000000009 0.62677684970226244 16.500000000000004 38216.400000000009 31657.980000000007 3.5000000000000004 3.5000000000000004 41460.400000000001 3.5000000000000004 8610.340000000002 70.500000000000014 77.500000000000014 27479.530000000002 3.5000000000000004 31576.100000000002 16934.345000000005 75.500000000000014 31622.800000000007 42109.350000000006
decision_type=2 2 2 2 2 2 2 2 2 2 2 2 2 2 2 2 2 2 2 2 2 2
left_child=2 4 3 14 8 6 -4 -7 9 -2 -9 15 -13 16 21 -6 17 -3 -10 -5 -18 -1
right_child=1 13 5 19 11 7 -8 10 18 -11 -12 12 -14 -15 -16 -17 20 -19 -20 -21 -22 -23
leaf_value=36.74363708496093 -2.3641200919076804 -5.8011433907917578 2.4967449569702147 4.3041254997253411 -0.97975055544540801 18.016846211751304 28.463066609700515 4.3247448846978962 -1.6651023316383364 -8.867582972844442 13.313743082682292 5.0711572964986171 1.1700504752112106 -3.4185067415237427 31.972942097981765 0.61372290782525507 -8.4945840586786687 -7.7645535782763835 -0.36234416597737718 3.2605957508087151 -8.123886413574219 37.28117370605468
leaf_weight=4 35 13.999999999999998 5 4 29 2.9999999999999991 3 53 20 11.999999999999998 2.9999999999999991 21 71 3.9999999999999991 3 71 23 38 52 4 25 3
leaf_count=4 35 14 5 4 29 3 3 53 20 12 3 21 71 4 3 71 23 38 52 4 25 3
internal_value=-0.0378268 -1.98792 9.4832 21.3887 -0.117587 6.28472 12.2341 5.47802 -2.02772 -4.02458 4.8063 1.0663 2.06052 -7.58092 35.4737 0.151616 -7.74742 -7.23594 -0.724221 3.78236 -8.30151 36.974
internal_weight=500 415 85 18 311 67 8 59 119 47 56 192 92 104 10 100 100 52 72 8 48 7
internal_count=500 415 85 18 311 67 8 59 119 47 56 192 92 104 10 100 100 52 72 8 48 7
is_linear=0
shrinkage=0.05


Tree=11
num_leaves=25
num_cat=0
split_feature=1 1 7 3 1 4 4 0 4 4 4 1 7 1 1 0 4 3 0 7 7 1 3 0
split_gain=2.86024e+06 1.81772e+06 1.71642e+06 392574 278741 229177 133812 208164 97775.9 69139.1 234110 37322.9 58714.3 30619.1 24048.8 23503.8 18350.1 16653.7 40263.8 8444.59 3947.4 3423.68 1072.09 663.62
threshold=20361.300000000003 37468.160000000011 5.5000000000000009 0.83312265038018574 13347.120000000001 36662.500000000007 36372.500000000007 38099.55000000001 43907.500000000007 36372.500000000007 36090.000000000007 17569.060000000001 1.5000000000000002 26972.550000000007 14137.220000000001 35760.450000000004 34905.000000000007 0.36532224479767317 31890.350000000002 2.5000000000000004 1.5000000000000002 16934.345000000005 0.96916111109979297 41289.150000000001
decision_type=2 2 2 2 2 2 2 2 2 2 2 2 2 2 2 2 2 2 2 2 2 2 2 2
left_child=4 3 22 9 15 14 7 -5 -8 10 -2 19 -13 -11 16 17 -6 20 -19 -7 -1 -16 -3 -4
right_child=1 2 23 6 5 11 8 -9 -10 13 -12 12 -14 -15 21 -17 -18 18 -20 -21 -22 -23 -24 -25
leaf_value=-6.8778367556058448 0.86480229142345966 34.961326904296868 3.0994049549102778 13.932175784640837 -4.8499340023313264 -8.4976541692560357 2.1987466061115266 3.1782548268636068 6.4119374683925088 -1.0194290252259144 9.375921079847549 -1.5182928048902082 -6.8607347269852959 0.5469210221981391 -1.3057532668113709 -2.8514478477338954 -0.1760310331980387 -2.6822191635767623 -8.100615310668946 -6.5384581674229016 -7.8418196316423092 -0.41209388488325582 36.156926472981759 3.9634492111206052
leaf_weight=12.999999999999998 79 5 4 9.0000000000000018 6.9999999999999982 11.000000000000002 40 8.9999999999999982 21 52 8.9999999999999982 9.0000000000000018 11.999999999999998 78 17 2.9999999999999991 3 5.9999999999999991 7.9999999999999991 10.999999999999998 58 29 3 5
leaf_count=13 79 5 4 9 7 11 40 9 21 52 9 9 12 78 17 3 3 6 8 11 58 29 3 5
internal_value=-0.25802 2.65745 18.5584 1.7473 -5.15351 -3.3335 4.76702 8.55522 3.64919 0.652992 1.73526 -6.07885 -4.57112 -0.079619 -1.22547 -7.20102 -3.44776 -7.35454 -5.77845 -7.51806 -7.66532 -0.742359 35.4097 3.57943
internal_weight=501 314 17 297 187 99 79 18 61 218 88 43 21 130 56 88 10 85 14 22 71 46 8 9
internal_count=501 314 17 297 187 99 79 18 61 218 88 43 21 130 56 88 10 85 14 22 71 46 8 9
is_linear=0
shrinkage=0.05


Tree=12
num_leaves=28
num_cat=0
split_feature=2 1 4 7 0 4 0 3 1 4 0 4 7 4 2 2 4 0 4 0 2 1 3 0 3 1 5
split_gain=2.92646e+06 1.316e+06 1.14395e+06 1.51943e+06 574072 153370 154089 137734 131342 135493 110696 59033.4 63882 47514.8 44094.3 37906.1 34731.4 22574.5 17279.8 15438.5 15153.8 11914.5 9597.73 4411.74 2841 1429.77 3.96478
threshold=5838.0850000000009 17569.060000000001 44765.000000000007 5.5000000000000009 38738.05000000001 36372.500000000007 38360.000000000007 0.62677684970226244 13347.120000000001 36662.500000000007 41460.400000000001 38325.000000000007 3.5000000000000004 38325.000000000007 8610.340000000002 1304.7000000000003 43067.500000000007 35760.450000000004 42677.500000000007 37427.55000000001 19280.790000000005 35023.510000000002 0.44027323429603699 40956.30000000001 0.55015533276554385 39938.810000000005 18.500000000000004
decision_type=2 2 2 2 2 2 2 2 2 2 2 2 2 2 2 2 2 2 2 2 2 2 2 2 2 2 2
left_child=2 8 5 4 -4 6 19 11 17 22 21 24 -13 14 -9 -6 -15 20 -11 -1 -2 -7 -10 -5 -3 -25 -8
right_child=1 7 3 23 15 10 26 13 9 18 -12 12 -14 16 -16 -17 -18 -19 -20 -21 -22 -23 -24 25 -26 -27 -28
leaf_value=16.419395701090501 -4.451606903076172 -0.92612478733062753 7.8466372172037708 1.3090247551600132 27.433133443196613 0.97212917804718024 3.0245638529459629 3.730685374850319 -2.9734497262371899 -7.4305070665147559 12.327459672341746 -2.0918472102843224 -7.7139702955881759 -0.42009131842189373 1.1267692445466915 33.922965664333766 1.7762235323588056 -2.7088755786418917 -4.1078756713867186 11.882357025146483 -7.2889413022995004 2.8875073894377681 -1.0218806300844465 4.2258186817169188 -0.076096490138407913 2.8889511108398431 2.9432744979858394
leaf_weight=2.9999999999999982 4.9999999999999991 13.999999999999998 3.0000000000000009 3.0000000000000009 2.9999999999999991 10.999999999999998 3 21 9.0000000000000018 18.000000000000004 2.9999999999999991 32 5.9999999999999991 72 72 8.9999999999999982 24 2.9999999999999991 4.9999999999999991 5 80 31 21 4 33 4 3
leaf_count=3 5 14 3 3 3 11 3 21 9 18 3 32 6 72 72 9 24 3 5 5 80 31 21 4 33 4 3
internal_value=-0.13112 -1.8623 8.32111 17.0589 27.4097 4.47054 9.04096 0.157499 -5.7873 -3.82093 3.04863 -1.51412 -2.97955 0.909283 1.71475 32.3005 0.128987 -6.97159 -6.7082 13.5837 -7.12204 2.38586 -1.60735 2.9442 -0.329296 3.55738 2.98392
internal_weight=500 415 85 26 15 59 14 274 141 53 45 85 38 189 93 12 96 88 23 8 85 42 30 11 47 8 6
internal_count=500 415 85 26 15 59 14 274 141 53 45 85 38 189 93 12 96 88 23 8 85 42 30 11 47 8 6
is_linear=0
shrinkage=0.05


Tree=13
num_leaves=27
num_cat=0
split_feature=2 3 4 7 3 4 2 4 4 0 3 4 0 6 0 4 2 8 4 2 3 0 0 0 0 6
split_gain=2.8805e+06 1.42162e+06 1.30156e+06 1.93001e+06 253303 172988 84718 86472.3 83683 85768.5 62827.7 95479 56340.7 23456 21411.1 11540.2 10341 7855.09 7132.56 2979.74 2686.28 1562.61 1505.96 805.437 178.028 144.173
threshold=4910.2900000000009 0.47241801808729766 44765.000000000007 5.5000000000000009 0.65716187406009119 36662.500000000007 6661.8450000000012 36372.500000000007 38325.000000000007 36336.900000000009 0.39481307609625954 36662.500000000007 34385.900000000009 77.500000000000014 35760.450000000004 34905.000000000007 19874.465000000004 3.5000000000000004 42677.500000000007 4333.4800000000005 0.55015533276554385 40990.30000000001 40038.600000000006 37816.500000000007 39196.900000000001 75.500000000000014
decision_type=2 2 2 2 2 2 2 2 2 2 2 2 2 2 2 2 2 2 2 2 2 2 2 2 2 2
left_child=2 10 5 13 8 23 7 -6 20 -10 14 15 -8 22 16 -12 -2 19 -13 -7 -3 -5 -4 -1 -19 -23
right_child=1 4 3 21 6 17 12 -9 9 -11 11 18 -14 -15 -16 -17 -18 24 -20 -21 -22 25 -24 -25 -26 -27
leaf_value=10.60972417195638 -4.6706069445610048 -0.70477847319382891 32.976385498046881 2.1733279387156155 6.9777044773101808 2.4096424269676202 4.7100736300150556 1.8765515254603493 -5.2077147473891578 -1.2536188524216414 -2.857064190156319 -7.4816533915201804 0.64429924482945355 27.214719645182278 -2.5734317700068159 -0.30647146701812744 -7.0171410845471671 3.8789143244425457 -5.1053934574127204 1.0449686527252198 -0.048658435896803173 3.7236781120300289 31.760214669363837 11.693511962890623 4.4236277262369779 3.2991599082946772
leaf_weight=2.9999999999999991 4.9999999999999991 26 3.9999999999999982 3.0000000000000009 11.999999999999998 20.000000000000007 8.9999999999999982 27 24 32 17.000000000000004 15.000000000000002 160 3.0000000000000009 2.9999999999999991 5.9999999999999991 77 2.9999999999999991 3.9999999999999991 4.9999999999999991 39 4 7 4 3 4
leaf_count=3 5 26 4 3 12 20 9 27 24 32 17 15 160 3 3 6 77 3 4 5 39 4 7 4 3 4
internal_value=-0.0625865 -1.44713 9.95891 18.8193 0.287401 4.1297 1.34557 3.44614 -1.53159 -2.94823 -5.94054 -4.35846 0.86082 31.1337 -6.72227 -2.19169 -6.87406 2.52662 -6.98139 2.13671 -0.311106 3.14649 32.2025 11.229 4.15127 3.51142
internal_weight=519 456 63 25 329 38 208 39 121 56 127 42 169 14 85 23 82 31 19 25 65 11 11 7 6 8
internal_count=519 456 63 25 329 38 208 39 121 56 127 42 169 14 85 23 82 31 19 25 65 11 11 7 6 8
is_linear=0
shrinkage=0.05


Tree=14
num_leaves=31
num_cat=0
split_feature=1 2 7 4 2 2 4 4 4 4 0 3 4 0 4 3 4 2 4 0 4 1 0 1 3 3 4 3 0 1
split_gain=2.12432e+06 1.19542e+06 719303 1.37327e+06 194796 173711 358537 209715 114674 63419.7 57569.2 48559.7 38829.3 38113.5 75262.6 29952.8 37993.1 17227 38011.3 16842.1 9572.33 9282.44 11476.9 7106.72 5498.3 4644.37 4204.38 1272.58 452.457 303.443
threshold=20002.860000000004 4067.8300000000004 5.5000000000000009 44765.000000000007 18864.550000000003 8089.0900000000011 36372.500000000007 36090.000000000007 38325.000000000007 41325.000000000007 40297.05000000001 0.90164717565782104 42942.500000000007 35180.700000000004 40295.000000000007 0.65716187406009119 30732.500000000004 20065.745000000006 36662.500000000007 36026.000000000007 38325.000000000007 16677.980000000007 32567.000000000004 36870.480000000003 0.4355822032959325 0.53773190048494446 33235.000000000007 0.55015533276554385 35760.450000000004 39938.810000000005
decision_type=2 2 2 2 2 2 2 2 2 2 2 2 2 2 2 2 2 2 2 2 2 2 2 2 2 2 2 2 2 2
left_child=4 2 3 11 8 6 7 -3 21 25 -5 -2 -11 17 24 20 -17 18 -6 -8 -7 22 -1 -4 -15 -10 -19 -23 -16 -25
right_child=1 5 23 10 13 15 19 -9 9 12 -12 -13 -14 14 28 16 -18 26 -20 -21 -22 27 -24 29 -26 -27 -28 -29 -30 -31
leaf_value=-1.0211574572783249 9.9253875732421832 2.8240459203720087 0.49055366118748928 35.782207234700508 -2.3365011230111112 -0.06318304032990428 -0.8917470484972001 13.4635178305886 -7.317900521414618 -1.3558370304107665 27.503632027762276 3.3043166266547312 -7.1846972703933716 0.1598722596963246 -6.5199297904968283 4.5494955062866209 0.47711248454593475 -6.9962058809068468 -7.0732948303222658 1.5394934573196448 -1.2867589615045056 -0.702905272245407 -3.5323350838252474 3.3154162025451663 -2.2333263635635374 -9.4536531448364247 -6.2372255325317383 0.043253606930375103 -7.2064491907755528 2.8383604812622072
leaf_weight=13.000000000000002 4.0000000000000009 8 3.0000000000000027 3 8.0000000000000018 33 7.9999999999999991 11 7.0000000000000018 9.9999999999999982 7 8.9999999999999982 3.9999999999999991 6.0000000000000018 3.9999999999999982 5.9999999999999991 126 36 8.9999999999999982 65 31 20.000000000000004 6.9999999999999991 9.9999999999999982 4 4 37 7.9999999999999991 6 4.9999999999999991
leaf_count=13 4 8 3 3 8 33 8 11 7 10 7 9 4 6 4 6 126 36 9 65 31 20 7 10 4 4 37 8 6 5
internal_value=-0.191685 2.21031 10.1983 16.0571 -4.51003 1.07313 2.86548 8.98374 -2.50754 -5.25348 29.9872 5.34157 -3.02123 -5.83895 -3.86462 0.231829 0.662221 -6.27769 -4.84422 1.27306 -0.655853 -1.07736 -1.90007 2.71209 -0.797407 -8.09454 -6.61152 -0.489717 -6.93184 3.1564
internal_weight=512 329 41 23 183 288 92 19 73 25 10 13 14 110 20 196 132 90 17 73 64 48 20 18 10 11 73 28 10 15
internal_count=512 329 41 23 183 288 92 19 73 25 10 13 14 110 20 196 132 90 17 73 64 48 20 18 10 11 73 28 10 15
is_linear=0
shrinkage=0.05


Tree=15
num_leaves=29
num_cat=0
split_feature=2 4 7 1 0 4 4 3 1 4 0 0 4 4 1 2 4 6 0 2 0 2 7 2 7 2 1 6
split_gain=2.48004e+06 1.03266e+06 1.2251e+06 1.01495e+06 371380 173228 210635 96558.8 75931.1 127598 54584.6 53279 63207.5 44596.6 61391 40290.9 28976.3 25328.3 23441.7 21946.1 7410.67 6895.52 6453.33 21967 2872.19 1712.48 829.487 6.16315
threshold=6661.8450000000012 44765.000000000007 5.5000000000000009 17569.060000000001 39417.750000000007 36372.500000000007 36090.000000000007 0.65716187406009119 12346.915000000003 36662.500000000007 41289.150000000001 34748.750000000007 40910.000000000007 38325.000000000007 20361.300000000003 5433.8250000000007 43067.500000000007 77.500000000000014 36955.750000000007 20405.010000000006 40956.30000000001 17783.210000000003 1.5000000000000002 21667.510000000006 1.0000000180025095e-35 21106.030000000002 39938.810000000005 77.500000000000014
decision_type=2 2 2 2 2 2 2 2 2 2 2 2 2 2 2 2 2 2 2 2 2 2 2 2 2 2 2 2
left_child=1 5 4 8 -3 6 27 13 22 19 18 12 -9 24 -15 -8 -13 -6 -7 -10 -4 -11 23 -2 -5 -24 -22 -1
right_child=3 2 20 7 17 10 15 11 9 21 -12 16 -14 14 -16 -17 -18 -19 -20 -21 26 -23 25 -25 -26 -27 -28 -29
leaf_value=2.3902957916259764 -1.4366355339686061 10.865389156341553 0.2641270577907559 1.3234296401341759 29.783756171332467 -1.0937446403503419 10.141484165191651 6.2111456620196499 -0.90867505719264363 -5.0944531599680571 9.0961253801981616 0.33602243879143778 -1.3428140342235566 -4.6655794227824492 -0.92673352706816903 16.28743820190429 2.806068306702834 24.478800964355472 2.4937232906400575 -3.9326141685247422 3.6872588157653805 -6.7609946823120115 -7.0544152577718098 -6.123536529541016 -0.26605632995703704 -6.3094526573463732 2.6689960241317743 2.3046389897664379
leaf_weight=7 3.0000000000000027 3.9999999999999991 3.0000000000000027 2.9999999999999991 8.9999999999999982 4.9999999999999991 7.9999999999999991 8.9999999999999982 24 9.0000000000000018 2.9999999999999991 137 3.9999999999999991 17 31 4.0000000000000009 12.999999999999998 2.9999999999999991 51 7.9999999999999991 4 20 8.9999999999999982 14.999999999999998 54 54 4 3
leaf_count=7 3 4 3 3 9 5 8 9 24 9 3 137 4 17 31 4 13 3 51 8 4 20 9 15 54 54 4 3
internal_value=0.0192988 6.76015 15.2285 -1.75634 24.0595 3.93737 7.72398 0.0544876 -5.17396 -3.84162 2.52542 0.816215 3.88685 -1.128 -2.25091 12.1901 0.550093 28.4575 2.17341 -1.66466 2.3834 -6.24379 -6.17732 -5.34239 -0.182399 -6.41588 3.17813 2.3646
internal_weight=518 108 27 410 16 81 22 268 142 61 59 163 13 105 48 12 150 12 56 32 11 29 81 18 57 63 8 10
internal_count=518 108 27 410 16 81 22 268 142 61 59 163 13 105 48 12 150 12 56 32 11 29 81 18 57 63 8 10
is_linear=0
shrinkage=0.05


Tree=16
num_leaves=26
num_cat=0
split_feature=2 0 3 3 4 7 2 4 4 3 0 4 7 4 2 0 2 7 3 3 4 0 2 6 2
split_gain=1.97364e+06 921274 860176 517676 217606 387985 330025 121472 183509 115803 61816.6 55126.2 62400.6 33425.1 115104 31745.3 35545.5 29182.2 18570.9 17914.4 16834.6 8025.65 6279.74 2109.23 1189.45
threshold=6661.8450000000012 41344.400000000001 0.45718635827898696 0.97000117379689221 44765.000000000007 5.5000000000000009 4752.5500000000011 36372.500000000007 36090.000000000007 0.62677684970226244 41707.200000000004 36662.500000000007 4.5000000000000009 36372.500000000007 8610.340000000002 35760.450000000004 18656.605000000003 2.5000000000000004 0.89821045930209464 0.44027323429603699 43067.500000000007 40724.100000000013 20065.745000000006 71.500000000000014 21509.970000000005
decision_type=2 2 2 2 2 2 2 2 2 2 2 2 2 2 2 2 2 2 2 2 2 2 2 2 2
left_child=1 4 15 10 7 6 -6 8 -1 11 -3 23 -13 14 -11 16 19 -17 -9 -2 -15 -7 -18 -4 -19
right_child=2 3 9 -5 5 21 -8 18 -10 13 -12 12 -14 20 -16 17 22 24 -20 -21 -22 -23 -24 -25 -26
leaf_value=2.2463688278198237 -0.53521924734115611 20.20632888793946 -0.70555325536816216 2.8544888973236087 31.259392293294283 0.25092069109280896 7.8064105351765933 1.3877657233057796 12.406290435791014 11.080237833658856 28.068685302734373 -1.9239246266319399 -6.9840746062142518 -0.22076864487984602 1.0594419353292324 -6.4722134908040392 -4.9077320165932186 -1.1365185658137 3.3108722209930423 -5.0245063304901114 1.4624654273192088 3.6720414161682124 -5.9906284332275392 -0.10965908490347141 0.2714623848597208
leaf_weight=10 4.9999999999999982 4.9999999999999982 27 3.9999999999999991 2.9999999999999982 3 3 37 8 2.9999999999999991 5 47 6.9999999999999991 85 64 2.9999999999999982 15.999999999999998 3 19 4 18 4 82 33 3
leaf_count=10 5 5 27 4 3 3 3 37 8 3 5 47 7 85 64 3 16 3 19 4 18 4 82 33 3
internal_value=-0.0928533 6.15247 -1.6698 18.0566 4.23685 10.2029 19.5329 3.18876 6.76189 -0.187949 24.1375 -1.42089 -2.57987 0.638847 1.50813 -5.29777 -5.53766 -2.44576 2.04025 -2.53046 0.0733888 2.20585 -5.81383 -0.377811 -0.432528
internal_weight=501 101 400 14 87 13 6 74 18 284 10 114 54 170 67 116 107 9 56 9 103 7 98 60 6
internal_count=501 101 400 14 87 13 6 74 18 284 10 114 54 170 67 116 107 9 56 9 103 7 98 60 6
is_linear=0
shrinkage=0.05


Tree=17
num_leaves=27
num_cat=0
split_feature=2 1 0 3 2 1 4 7 2 4 4 0 4 2 0 7 0 4 7 0 4 0 1 1 2 0
split_gain=1.79939e+06 802345 729978 301185 183690 168349 145566 303313 237379 142386 106024 95306.4 43071.5 61606 131195 34854.8 22706.9 21120.9 19998.4 19240.4 44438.8 15335.6 15322.3 10935.5 5256.92 2808.38
threshold=5838.0850000000009 20361.300000000003 41344.400000000001 0.97000117379689221 4278.5550000000012 13347.120000000001 44765.000000000007 5.5000000000000009 4333.4800000000005 38325.000000000007 36372.500000000007 38360.000000000007 38325.000000000007 8669.4950000000008 36696.850000000006 3.5000000000000004 41707.200000000004 43907.500000000007 1.0000000180025095e-35 40956.30000000001 43067.500000000007 35760.450000000004 31294.045000000002 16677.980000000007 19280.790000000005 40956.30000000001
decision_type=2 2 2 2 2 2 2 2 2 2 2 2 2 2 2 2 2 2 2 2 2 2 2 2 2 2
left_child=2 5 6 4 16 21 10 8 -8 23 11 -1 13 14 -3 -11 -4 -12 -15 22 -21 24 -14 -7 -2 -9
right_child=1 12 3 -5 -6 9 7 25 -10 15 17 -13 19 18 -16 -17 -18 -19 -20 20 -22 -23 -24 -25 -26 -27
leaf_value=10.248275672064887 -3.5282567183176674 11.820081901550283 21.162901306152349 2.7723347345987959 10.093995793660479 -1.675312086266856 27.056091817220068 0.96304500798384329 8.4502564877271649 -3.9320162793000542 1.5801450575391451 2.1128605524698894 -0.7330139829765393 2.6578640374270357 1.7557573879466337 -7.3308748418634595 26.665249938964838 4.0835303089835433 0.38056798082513688 -0.31215160626631511 4.8899745941162109 -1.9477758884429932 0.73339489439259409 -0.34723562290591581 -5.6587747068290248 2.8981160545349116
leaf_weight=8.9999999999999982 2.9999999999999991 4.0000000000000027 2.9999999999999982 2.9999999999999991 3 31 2.9999999999999973 3 4 24 36 5.9999999999999991 79 10.999999999999998 17 10.999999999999998 5 10.999999999999998 78 13.000000000000002 5.9999999999999991 2.9999999999999991 23 31 83 5
leaf_count=9 3 4 3 3 3 31 3 3 4 24 36 6 79 11 17 11 5 11 78 13 6 3 23 31 83 5
internal_value=-0.057173 -1.4473 6.31295 16.8153 20.6452 -3.89147 4.40344 8.82327 16.4242 -2.45059 3.33412 6.99411 0.52074 1.23681 3.67277 -5.00023 24.6019 2.16604 0.662032 -0.130233 1.33063 -5.46187 -0.402353 -1.01127 -5.58445 2.17246
internal_weight=508 417 91 14 11 186 77 15 7 97 62 15 231 110 21 35 8 47 89 121 19 89 102 62 86 8
internal_count=508 417 91 14 11 186 77 15 7 97 62 15 231 110 21 35 8 47 89 121 19 89 102 62 86 8
is_linear=0
shrinkage=0.05


Tree=18
num_leaves=27
num_cat=0
split_feature=2 2 4 2 0 0 3 4 0 0 0 4 4 6 4 2 4 4 4 2 0 0 0 2 4 1
split_gain=1.73335e+06 812240 542591 185806 321339 316861 91314.6 73038.2 91509 59325.6 41576.9 41537.1 118168 39658.1 33945.4 24900.9 23879.2 23737 17676.3 16102.7 13608.5 11322.4 6272.32 6098.38 4981.48 3.91816
threshold=5838.0850000000009 17783.210000000003 44765.000000000007 1271.4150000000002 41344.400000000001 40100.650000000009 0.68038947629344138 36372.500000000007 38360.000000000007 41460.400000000001 35180.700000000004 36372.500000000007 36090.000000000007 66.500000000000014 40295.000000000007 18656.605000000003 42942.500000000007 36662.500000000007 43907.500000000007 12528.300000000001 37427.55000000001 36666.900000000009 35829.30000000001 19280.790000000005 43067.500000000007 33393.135000000002
decision_type=2 2 2 2 2 2 2 2 2 2 2 2 2 2 2 2 2 2 2 2 2 2 2 2 2 2
left_child=2 6 7 -4 5 -5 13 8 20 18 15 12 -8 16 22 17 -2 -3 -9 -13 -1 -16 -12 -17 -15 -10
right_child=1 10 3 4 -6 -7 11 9 25 -11 14 19 -14 24 21 23 -18 -19 -20 -21 -22 -23 -24 -25 -26 -27
leaf_value=12.731696828206385 -1.4948931811698554 -0.75987755854924544 3.5474363327026341 18.188444778323156 25.367747802734375 4.512324320276579 1.0101665608308934 1.7437283070701541 2.0508140563964843 9.5892960230509452 -2.0835875590642288 0.11642387002072437 7.1984754032558875 -0.40702577310817684 -5.9862785339355478 -7.3146910667419434 -4.3283290567994115 -5.2074454943339026 4.0581320849331943 3.3556304335594178 8.6073102315266912 -2.3149036685625708 0.20266165385643642 -5.3185098604722461 1.2158999276161193 1.9700039545694983
leaf_weight=2.9999999999999982 29 5.9999999999999982 5.0000000000000027 8.0000000000000053 4.9999999999999991 8.9999999999999982 54 33 2.9999999999999991 2.9999999999999991 6.0000000000000018 94 8.9999999999999982 87 6.9999999999999982 3.9999999999999991 9.9999999999999982 6 10.999999999999998 3.9999999999999991 6 3 6 88 4.9999999999999991 3
leaf_count=3 29 6 5 8 5 9 54 33 3 3 6 94 9 87 7 4 10 6 11 4 6 3 6 88 5 3
internal_value=-0.0038361 -1.35285 6.33198 12.2479 14.2253 10.9481 0.0949819 3.75567 6.79343 2.78618 -4.70814 0.892557 1.89421 -0.885244 -2.73337 -5.12588 -2.22142 -2.98366 2.32233 0.248636 9.98211 -4.88487 -0.940463 -5.4053 -0.318823 2.01041
internal_weight=507 418 89 27 22 17 292 62 15 47 126 161 63 131 22 104 39 12 44 98 9 10 12 92 92 6
internal_count=507 418 89 27 22 17 292 62 15 47 126 161 63 131 22 104 39 12 44 98 9 10 12 92 92 6
is_linear=0
shrinkage=0.05


end of trees

feature_importances:
total_load=111
thermal_on_capacity=109
renewable_power=82
net_load=58
thermal_space_load_ratio=50
weekday=45
period=25
month=10
hour=5

parameters:
[boosting: gbdt]
[objective: regression]
[metric: rmse]
[tree_learner: serial]
[device_type: cpu]
[data_sample_strategy: bagging]
[data: ]
[valid: ]
[num_iterations: 400]
[learning_rate: 0.05]
[num_leaves: 31]
[num_threads: 0]
[seed: 42]
[deterministic: 0]
[force_col_wise: 0]
[force_row_wise: 0]
[histogram_pool_size: -1]
[max_depth: 5]
[min_data_in_leaf: 3]
[min_sum_hessian_in_leaf: 0.001]
[bagging_fraction: 0.85]
[pos_bagging_fraction: 1]
[neg_bagging_fraction: 1]
[bagging_freq: 1]
[bagging_seed: 400]
[bagging_by_query: 0]
[feature_fraction: 0.85]
[feature_fraction_bynode: 1]
[feature_fraction_seed: 30056]
[extra_trees: 0]
[extra_seed: 12879]
[early_stopping_round: 0]
[early_stopping_min_delta: 0]
[first_metric_only: 0]
[max_delta_step: 0]
[lambda_l1: 0]
[lambda_l2: 0]
[linear_lambda: 0]
[min_gain_to_split: 0]
[drop_rate: 0.1]
[max_drop: 50]
[skip_drop: 0.5]
[xgboost_dart_mode: 0]
[uniform_drop: 0]
[drop_seed: 17869]
[top_rate: 0.2]
[other_rate: 0.1]
[min_data_per_group: 100]
[max_cat_threshold: 32]
[cat_l2: 10]
[cat_smooth: 10]
[max_cat_to_onehot: 4]
[top_k: 20]
[monotone_constraints: ]
[monotone_constraints_method: basic]
[monotone_penalty: 0]
[feature_contri: ]
[forcedsplits_filename: ]
[refit_decay_rate: 0.9]
[cegb_tradeoff: 1]
[cegb_penalty_split: 0]
[cegb_penalty_feature_lazy: ]
[cegb_penalty_feature_coupled: ]
[path_smooth: 0]
[interaction_constraints: ]
[verbosity: -1]
[saved_feature_importance_type: 0]
[use_quantized_grad: 0]
[num_grad_quant_bins: 4]
[quant_train_renew_leaf: 0]
[stochastic_rounding: 1]
[linear_tree: 0]
[max_bin: 255]
[max_bin_by_feature: ]
[min_data_in_bin: 3]
[bin_construct_sample_cnt: 200000]
[data_random_seed: 175]
[is_enable_sparse: 1]
[enable_bundle: 1]
[use_missing: 1]
[zero_as_missing: 0]
[feature_pre_filter: 1]
[pre_partition: 0]
[two_round: 0]
[header: 0]
[label_column: ]
[weight_column: ]
[group_column: ]
[ignore_column: ]
[categorical_feature: ]
[forcedbins_filename: ]
[precise_float_parser: 0]
[parser_config_file: ]
[objective_seed: 16083]
[num_class: 1]
[is_unbalance: 0]
[scale_pos_weight: 1]
[sigmoid: 1]
[boost_from_average: 1]
[reg_sqrt: 0]
[alpha: 0.9]
[fair_c: 1]
[poisson_max_delta_step: 0.7]
[tweedie_variance_power: 1.5]
[lambdarank_truncation_level: 30]
[lambdarank_norm: 1]
[label_gain: ]
[lambdarank_position_bias_regularization: 0]
[eval_at: ]
[multi_error_top_k: 1]
[auc_mu_weights: ]
[num_machines: 1]
[local_listen_port: 12400]
[time_out: 120]
[machine_list_filename: ]
[machines: ]
[gpu_platform_id: -1]
[gpu_device_id: -1]
[gpu_use_dp: 0]
[num_gpu: 1]

end of parameters

pandas_categorical:[]
