tree
version=v4
num_class=1
num_tree_per_iteration=1
label_index=0
max_feature_idx=10
objective=regression
feature_names=total_load net_load renewable_power thermal_space_load_ratio thermal_on_capacity hour period weekday month is_weekend is_holiday
feature_infos=[26780.099999999999:38057.699999999997] [9620.2999999999993:35657.659999999996] [1615.1700000000001:19128.880000000001] [0.33550603334030826:0.95508263646906033] [27170:45275] [0:5] [1:24] [0:6] [2:4] [0:1] none
tree_sizes=2204 1712 1651 1782 1906

Tree=0
num_leaves=25
num_cat=0
split_feature=2 0 7 1 7 6 2 2 1 4 0 2 4 8 4 1 0 1 6 0 1 0 1 0
split_gain=7.20165e+06 5.01414e+06 3.25243e+06 6.82394e+06 1.19772e+06 1.43723e+06 1.10983e+06 465167 294944 265528 239123 161071 124160 79201.4 39783.2 36450.9 35350 8217.28 7867.28 7847.8 1657.62 150 135 106.314
threshold=4658.8600000000015 29620.200000000004 5.5000000000000009 33382.665000000001 1.5000000000000002 9.5000000000000018 2687.0100000000007 11997.900000000001 13686.525 39715.000000000007 34990.200000000004 6144.6500000000005 37740.000000000007 2.5000000000000004 36662.500000000007 28986.345000000005 34721.750000000007 18767.635000000006 5.5000000000000009 33365.55000000001 33743.349999999999 35208.950000000004 34080.56500000001 35913.100000000006
decision_type=2 2 2 2 2 2 2 2 2 2 2 2 2 2 2 2 2 2 2 2 2 2 2 2
left_child=2 17 4 16 5 6 -1 11 -9 15 -7 14 -13 -10 -3 -6 19 -2 -11 -4 23 -18 -22 -5
right_child=1 7 3 20 9 10 -8 8 13 18 -12 12 -14 -15 -16 -17 21 -19 -20 -21 22 -23 -24 -25
leaf_value=290.96897189185734 274.30468694051109 291.44062367757164 327.6046869405111 289.84968618710838 291.87438314726859 297.32760287602747 314.25837057280961 274.30468694051109 282.86775453278517 290.29152828785413 290.58054826133554 289.07060092318892 287.1264693794692 286.13334164708937 289.39672921578091 294.02407390153331 333.32135360717774 276.97135335286458 289.16847931255217 330.06897265479682 290.55468617757163 333.82135360717774 290.92968617757163 290.15468617757165
leaf_weight=7.0000000000000027 78 32 6.0000000000000018 10.000000000000002 33 24 19 5.9999999999999991 22 19 29 129 226 119 93 49 2.9999999999999991 2.9999999999999991 87 7 3.9999999999999982 3 6 3.9999999999999991
leaf_count=7 78 32 6 10 33 24 19 6 22 19 29 129 226 119 93 49 3 3 87 7 4 3 6 4
internal_value=288.893 286.11 295.249 308.011 293.193 298.359 307.988 287.623 285.162 291.023 293.636 288.376 287.833 285.624 289.92 293.159 330.397 274.403 289.37 328.932 290.288 333.571 290.78 289.937
internal_weight=1018 708 310 43 267 79 26 627 147 188 53 480 355 141 125 82 19 81 106 13 24 6 10 14
internal_count=1018 708 310 43 267 79 26 627 147 188 53 480 355 141 125 82 19 81 106 13 24 6 10 14
is_linear=0
shrinkage=1


Tree=1
num_leaves=18
num_cat=0
split_feature=0 3 7 1 2 1 8 2 0 7 2 0 0 0 2 1 1
split_gain=6.4573e+06 5.15811e+06 2.41325e+06 5.45497e+06 1.08166e+06 469360 419852 393935 609622 184933 176396 78141.8 37185.2 23371.6 7432.82 994.404 9.112
threshold=29489.750000000004 0.91745077520649243 5.5000000000000009 33382.665000000001 6144.6500000000005 13686.525 3.5000000000000004 2687.0100000000007 35576.100000000013 1.5000000000000002 11997.900000000001 34699.850000000006 34721.750000000007 35390.150000000009 8050.4400000000014 33743.349999999999 18512.950000000001
decision_type=2 2 2 2 2 2 2 2 2 2 2 2 2 2 2 2 2
left_child=14 4 7 12 6 -6 13 11 -9 -8 -7 -3 -4 -2 -1 -5 -16
right_child=1 2 3 15 5 10 9 8 -10 -11 -12 -13 -14 -15 16 -17 -18
leaf_value=-11.181900660196941 0.26307172043707927 5.4865203990492715 37.883413914271756 1.0912032008171078 -13.715234375000001 -0.87162586121435792 7.6981539499855813 8.3486913130833553 33.35374857584636 3.2138854637574612 -2.9375978204227935 1.7655362833113899 42.588099161783859 1.4592313053279087 -13.715234375000001 1.8795573075612386 -13.804122924804688
leaf_weight=2.9999999999999991 138 43 14.000000000000002 12.000000000000002 7.9999999999999991 337 31 12.999999999999998 2.9999999999999991 89 149 21 5.9999999999999991 58 74 5.9999999999999991 2.9999999999999991
leaf_count=3 138 43 14 12 8 337 31 13 3 89 149 21 6 58 74 6 3
internal_value=0.00637863 1.18137 10.948 21.3228 -0.241412 -1.70276 2.04309 6.01989 13.0371 4.37232 -1.50502 4.26557 39.2948 0.617037 -13.6236 1.35399 -13.7187
internal_weight=1008 928 118 38 810 494 316 80 16 120 486 64 20 196 80 18 77
internal_count=1008 928 118 38 810 494 316 80 16 120 486 64 20 196 80 18 77
is_linear=0
shrinkage=0.05


Tree=2
num_leaves=18
num_cat=0
split_feature=0 3 4 4 4 2 1 4 7 2 4 1 0 1 0 1 0
split_gain=5.98965e+06 4.65471e+06 2.88346e+06 3.33228e+06 1.93396e+06 1.02796e+06 585239 480607 631837 182072 79018.7 15154.1 11521.9 1161.07 1007 54.0359 9.31323e-10
threshold=29489.750000000004 0.91745077520649243 44395.000000000007 44810.000000000007 44735.000000000007 6144.6500000000005 13686.525 36662.500000000007 1.5000000000000002 12209.175000000001 39715.000000000007 29516.600000000002 35407.150000000001 33587.555 33475.450000000004 19473.920000000002 28533.200000000004
decision_type=2 2 2 2 2 2 2 2 2 2 2 2 2 2 2 2 2
left_child=15 5 10 4 -4 7 -7 8 -2 -8 14 -9 -12 -5 -3 16 -1
right_child=1 2 3 13 -6 6 9 11 -10 -11 12 -13 -14 -15 -16 -17 -18
leaf_value=-13.029472351074219 12.795012397766115 4.7473179428665722 15.373900680541993 1.027455529299649 37.362292633056647 -13.029472351074219 -0.76047261144126088 -0.16564121580853755 2.9392561780995337 -2.9371540904941416 0.6056945456398859 0.85507212474625161 2.3709989447342723 1.7932231691148546 5.4634339650472015 -13.245769246419272 -13.029472351074219
leaf_weight=45 20 27 20 11.000000000000002 20 10.999999999999998 346 49 87 133 18 141 19 8.9999999999999982 5.9999999999999991 2.9999999999999991 32
leaf_count=45 20 27 20 11 20 11 346 49 87 133 18 141 19 9 6 3 32
internal_value=0.0832928 1.22797 9.99288 18.0361 26.3681 -0.219854 -1.62671 2.10123 4.78145 -1.36485 3.09871 0.591836 1.5122 1.37205 4.87752 -13.0376 -13.0295
internal_weight=997 917 130 60 40 787 490 297 107 479 70 190 37 20 33 80 77
internal_count=997 917 130 60 40 787 490 297 107 479 70 190 37 20 33 80 77
is_linear=0
shrinkage=0.05


Tree=3
num_leaves=19
num_cat=0
split_feature=0 3 4 4 4 2 1 4 7 4 4 6 6 0 0 1 1 1
split_gain=5.44534e+06 3.94343e+06 2.26394e+06 2.6162e+06 1.81535e+06 868254 437012 399320 429114 167007 73745.4 14833.5 7748.27 7550.35 944.262 879.943 18.1456 0.00253163
threshold=29489.750000000004 0.91745077520649243 44395.000000000007 44810.000000000007 44735.000000000007 5976.2500000000009 13686.525 36662.500000000007 1.5000000000000002 37010.000000000007 39715.000000000007 3.5000000000000004 23.500000000000004 35407.150000000001 33475.450000000004 33743.349999999999 18767.635000000006 17793.305000000004
decision_type=2 2 2 2 2 2 2 2 2 2 2 2 2 2 2 2 2 2
left_child=12 5 10 4 -4 7 -7 8 -2 -8 14 -9 16 -12 -3 -5 17 -1
right_child=1 2 3 15 -6 6 9 11 -10 -11 13 -13 -14 -15 -16 -17 -18 -19
leaf_value=-12.377999114990235 11.165593127200479 4.5173596134892211 14.134185326617697 1.0837872895327478 35.334485371907554 -12.377999114990235 0.054637604769022186 1.7515747925509577 2.896236213048299 -1.8901678480382202 0.56104570097393458 0.3995629960974289 -9.7943941752115897 2.0304010910146379 5.3405214309692388 1.7504322263929581 -12.503282928466797 -12.376517486572267
leaf_weight=74 19 27.000000000000004 23 11.000000000000002 18 8.9999999999999982 163 23 90 342 18 172 2.9999999999999991 17 3.9999999999999991 8.9999999999999982 2.9999999999999991 2.9999999999999991
leaf_count=74 19 27 23 11 18 9 163 23 90 342 18 172 3 17 4 9 3 3
internal_value=-0.0100977 1.06837 9.26558 16.2095 23.4416 -0.204297 -1.45707 1.91388 4.33768 -1.26244 2.84767 0.559031 -12.2891 1.27473 4.62357 1.38378 -12.3826 -12.3779
internal_weight=1028 945 127 61 41 818 514 304 109 505 66 195 83 35 31 20 80 77
internal_count=1028 945 127 61 41 818 514 304 109 505 66 195 83 35 31 20 80 77
is_linear=0
shrinkage=0.05


Tree=4
num_leaves=20
num_cat=0
split_feature=0 3 7 1 2 2 0 8 1 3 2 3 0 1 1 1 6 1 1
split_gain=5.09398e+06 3.71265e+06 1.15571e+06 4.10534e+06 896984 773481 726093 419716 380973 254722 142166 63805.9 36856.4 22057.6 1080.21 48.27 19.2902 0.00228747 7.0082e-07
threshold=29489.750000000004 0.91745077520649243 5.5000000000000009 33382.665000000001 6704.3700000000008 2687.0100000000007 35576.100000000013 3.5000000000000004 13686.525 0.85643308625526682 11808.945000000002 0.93971410883778705 33475.450000000004 29318.775000000005 33743.349999999999 18767.635000000006 23.500000000000004 17906.855000000003 17627.640000000003
decision_type=2 2 2 2 2 2 2 2 2 2 2 2 2 2 2 2 2 2 2
left_child=15 4 5 12 7 11 -7 13 -6 -9 -10 -3 -4 -2 -5 16 17 18 -1
right_child=1 2 3 14 8 6 -8 9 10 -11 -12 -13 -14 -15 -16 -17 -18 -19 -20
leaf_value=-11.759098815917969 -0.42251317815347156 4.3004075834486226 30.688176812065961 0.96122353474299094 -11.759098815917969 8.7034764198156491 31.123991088867189 1.6565319535136223 -0.76105680209839077 6.1110182803610096 -2.6309654419785304 0.9626365741093954 35.098615722656255 0.73457805726495462 1.66485511302948 -11.941872024536133 -11.888278961181641 -11.757691446940106 -11.759123484293621
leaf_weight=71 55 45 9.0000000000000018 12.000000000000002 8.9999999999999982 13.000000000000002 4.9999999999999991 60 311 69 151 21 9.9999999999999982 164 9.9999999999999982 3.9999999999999991 2.9999999999999991 2.9999999999999991 2.9999999999999991
leaf_count=71 55 45 9 12 9 13 5 60 311 69 151 21 10 164 10 4 3 3 3
internal_value=0.0267232 1.07664 9.10289 15.9845 -0.148366 5.74403 14.9314 1.77668 -1.57069 4.03916 -1.37222 3.23839 33.0095 0.443984 1.28106 -11.7724 -11.7639 -11.759 -11.7591
internal_weight=1028 944 125 41 819 84 18 348 471 129 462 66 19 219 22 84 80 77 74
internal_count=1028 944 125 41 819 84 18 348 471 129 462 66 19 219 22 84 80 77 74
is_linear=0
shrinkage=0.05


end of trees

feature_importances:
net_load=25
total_load=21
renewable_power=14
thermal_on_capacity=14
weekday=7
thermal_space_load_ratio=6
period=5
month=3

parameters:
[boosting: gbdt]
[objective: regression]
[metric: rmse]
[tree_learner: serial]
[device_type: cpu]
[data_sample_strategy: bagging]
[data: ]
[valid: ]
[num_iterations: 400]
[learning_rate: 0.05]
[num_leaves: 31]
[num_threads: 0]
[seed: 42]
[deterministic: 0]
[force_col_wise: 0]
[force_row_wise: 0]
[histogram_pool_size: -1]
[max_depth: 5]
[min_data_in_leaf: 3]
[min_sum_hessian_in_leaf: 0.001]
[bagging_fraction: 0.85]
[pos_bagging_fraction: 1]
[neg_bagging_fraction: 1]
[bagging_freq: 1]
[bagging_seed: 400]
[bagging_by_query: 0]
[feature_fraction: 0.85]
[feature_fraction_bynode: 1]
[feature_fraction_seed: 30056]
[extra_trees: 0]
[extra_seed: 12879]
[early_stopping_round: 0]
[early_stopping_min_delta: 0]
[first_metric_only: 0]
[max_delta_step: 0]
[lambda_l1: 0]
[lambda_l2: 0]
[linear_lambda: 0]
[min_gain_to_split: 0]
[drop_rate: 0.1]
[max_drop: 50]
[skip_drop: 0.5]
[xgboost_dart_mode: 0]
[uniform_drop: 0]
[drop_seed: 17869]
[top_rate: 0.2]
[other_rate: 0.1]
[min_data_per_group: 100]
[max_cat_threshold: 32]
[cat_l2: 10]
[cat_smooth: 10]
[max_cat_to_onehot: 4]
[top_k: 20]
[monotone_constraints: ]
[monotone_constraints_method: basic]
[monotone_penalty: 0]
[feature_contri: ]
[forcedsplits_filename: ]
[refit_decay_rate: 0.9]
[cegb_tradeoff: 1]
[cegb_penalty_split: 0]
[cegb_penalty_feature_lazy: ]
[cegb_penalty_feature_coupled: ]
[path_smooth: 0]
[interaction_constraints: ]
[verbosity: -1]
[saved_feature_importance_type: 0]
[use_quantized_grad: 0]
[num_grad_quant_bins: 4]
[quant_train_renew_leaf: 0]
[stochastic_rounding: 1]
[linear_tree: 0]
[max_bin: 255]
[max_bin_by_feature: ]
[min_data_in_bin: 3]
[bin_construct_sample_cnt: 200000]
[data_random_seed: 175]
[is_enable_sparse: 1]
[enable_bundle: 1]
[use_missing: 1]
[zero_as_missing: 0]
[feature_pre_filter: 1]
[pre_partition: 0]
[two_round: 0]
[header: 0]
[label_column: ]
[weight_column: ]
[group_column: ]
[ignore_column: ]
[categorical_feature: ]
[forcedbins_filename: ]
[precise_float_parser: 0]
[parser_config_file: ]
[objective_seed: 16083]
[num_class: 1]
[is_unbalance: 0]
[scale_pos_weight: 1]
[sigmoid: 1]
[boost_from_average: 1]
[reg_sqrt: 0]
[alpha: 0.9]
[fair_c: 1]
[poisson_max_delta_step: 0.7]
[tweedie_variance_power: 1.5]
[lambdarank_truncation_level: 30]
[lambdarank_norm: 1]
[label_gain: ]
[lambdarank_position_bias_regularization: 0]
[eval_at: ]
[multi_error_top_k: 1]
[auc_mu_weights: ]
[num_machines: 1]
[local_listen_port: 12400]
[time_out: 120]
[machine_list_filename: ]
[machines: ]
[gpu_platform_id: -1]
[gpu_device_id: -1]
[gpu_use_dp: 0]
[num_gpu: 1]

end of parameters

pandas_categorical:[]
