tree
version=v4
num_class=1
num_tree_per_iteration=1
label_index=0
max_feature_idx=10
objective=regression
feature_names=total_load net_load renewable_power thermal_space_load_ratio thermal_on_capacity hour period weekday month is_weekend is_holiday
feature_infos=[25677.759999999998:32512.810000000001] [15730.01:40805.989999999998] [1727.3:18442.709999999999] [0.54778104113990234:1.2967902706372267] [29205:38255] [20:23] [81:96] [0:6] [4:5] [0:1] none
tree_sizes=1987 1527 1816 1900 1732 1681 1698 1564 1871 1650 1819 1561 1885 1833 1873 1566 1740 1662 1845 1625 1713 1675 1889 1648

Tree=0
num_leaves=22
num_cat=0
split_feature=1 1 1 4 1 0 5 1 1 1 8 2 5 1 1 4 0 7 4 2 0
split_gain=9.05623e+06 1.34283e+06 928085 733439 491653 575243 475909 762791 348004 223677 107827 38036.5 37376.8 30135.7 26945.2 16831.4 16266.5 14117.9 4550.94 1394.97 163.595
threshold=37698.81500000001 32809.610000000008 40056.915000000008 35987.500000000007 34392.145000000011 30444.930000000004 21.500000000000004 38005.825000000004 38598.990000000005 27422.175000000003 4.5000000000000009 2292.2850000000003 22.500000000000004 35403.910000000011 21664.230000000003 33317.500000000007 29660.740000000002 4.5000000000000009 34757.500000000007 13700.800000000001 31727.115000000002
decision_type=2 2 2 2 2 2 2 2 2 2 2 2 2 2 2 2 2 2 2 2 2
left_child=1 9 6 4 12 -6 7 20 -9 14 11 -5 -3 -12 19 17 -17 -11 -16 -1 -2
right_child=2 3 -4 10 5 -7 -8 8 -10 15 13 -13 -14 -15 18 16 -18 -19 -20 -21 -22
leaf_value=354.22962738623983 378.19402667314574 362.31622734020914 413.79952619503706 365.15086025824911 396.84952594072388 370.68059823940962 368.9216939094739 411.8829025072929 389.35502724280724 357.42144817055555 361.85952713870404 359.4267407088775 368.67952681810425 365.14802726176509 355.60563081560883 356.73535303934887 357.73858121413059 359.37552714444632 354.97079094404381 353.63569975902715 377.67185972164839
leaf_weight=14.999999999999998 3.0000000000000053 10.000000000000002 3.9999999999999991 2.9999999999999991 2.9999999999999982 7 2.9999999999999991 4 3 19 19.000000000000004 89 2.9999999999999991 10.999999999999998 58 89 74 18 55 29 3
leaf_count=15 3 10 4 3 3 7 3 4 3 19 19 89 3 11 58 89 74 18 55 29 3
internal_value=359.263 357.949 392.258 362.006 370.196 378.531 386.872 391.015 402.228 356.3 360.462 359.613 363.785 363.065 354.888 357.409 357.191 358.372 355.297 353.838 377.933
internal_weight=522 502 20 145 23 10 16 13 7 357 122 92 13 30 157 200 163 37 113 44 6
internal_count=522 502 20 145 23 10 16 13 7 357 122 92 13 30 157 200 163 37 113 44 6
is_linear=0
shrinkage=1


Tree=1
num_leaves=17
num_cat=0
split_feature=1 1 1 7 5 5 1 0 2 1 2 1 0 1 6 0
split_gain=9.73533e+06 1.91317e+06 679122 635121 499751 356632 264395 237427 65861.8 29290 26280.2 17531 8963.89 6421.42 1378.6 491.662
threshold=38494.520000000011 33804.785000000011 37698.81500000001 5.5000000000000009 20.500000000000004 21.500000000000004 27620.345000000005 31514.185000000001 2648.9600000000005 21664.230000000003 2564.4700000000007 32254.390000000003 28259.450000000001 26045.840000000004 93.500000000000014 32218.195000000003
decision_type=2 2 2 2 2 2 2 2 2 2 2 2 2 2 2 2
left_child=1 6 3 7 15 -5 9 -3 12 14 -4 -10 -8 -11 -1 -2
right_child=4 2 10 5 -6 -7 8 -9 11 13 -12 -13 -14 -15 -16 -17
leaf_value=-4.946480722138376 55.156785074869816 1.5168944729492069 22.247726949055984 24.586234703063969 32.518316650390624 7.1023888451712471 5.3500897725423187 10.010118611653645 -1.8828410076658901 -3.9551666678451909 16.328243713378907 -0.74860873832259067 1.7345215320587155 -3.1887953269772416 -5.5007134381462555 54.310021972656244
leaf_weight=33 2.9999999999999982 96 3 4.9999999999999982 4 7 2.9999999999999991 8.9999999999999982 164 82 5 43 4 41 17 4
leaf_count=33 3 96 3 5 4 7 3 9 164 82 5 43 4 41 17 4
internal_value=0.0759674 -0.923931 4.45396 3.49026 46.6167 14.3873 -2.66098 2.24489 -1.48592 -4.11451 18.548 -1.64723 3.28405 -3.69971 -5.13492 54.6729
internal_weight=523 512 125 117 11 12 387 105 214 173 8 207 7 123 50 7
internal_count=523 512 125 117 11 12 387 105 214 173 8 207 7 123 50 7
is_linear=0
shrinkage=0.05


Tree=2
num_leaves=20
num_cat=0
split_feature=1 1 6 1 4 1 6 0 1 4 0 1 0 4 7 3 7 2 6
split_gain=9.38216e+06 1.04719e+06 924379 860703 326728 341177 285718 271367 172538 79599.6 42729.9 26480.9 26328 16540.7 10373.4 10310.2 5427.65 1839.16 1308.13
threshold=37781.920000000006 32809.610000000008 88.500000000000014 38005.825000000004 35134.500000000007 34483.975000000006 84.500000000000014 31808.090000000004 27620.345000000005 35987.500000000007 31562.595000000005 21664.230000000003 29292.095000000005 33317.500000000007 1.5000000000000002 0.99172400406081185 5.5000000000000009 13659.410000000002 82.500000000000014
decision_type=2 2 2 2 2 2 2 2 2 2 2 2 2 2 2 2 2 2 2
left_child=1 8 3 -2 5 12 18 9 11 -6 -8 17 -3 15 -15 -10 -13 -1 -5
right_child=2 4 -4 6 7 -7 10 -9 13 -11 -12 16 -14 14 -16 -17 -18 -19 -20
leaf_value=-4.4445951573988971 17.813071441650361 8.5822949727376336 7.9911773681640632 51.987819417317723 5.3425636724992236 25.195008563995355 40.548913574218744 14.517163848876955 -1.6214106909434003 0.88525518833526551 32.109923299153643 -3.3539993717985332 2.3859208106994627 -1.3999877928710376 -2.230508119476085 0.177083115717944 -4.2716999656275698 -5.0881400406360626 50.606627655029286
leaf_weight=17 4.0000000000000062 2.9999999999999982 2.9999999999999991 2.9999999999999982 10.999999999999998 3 3 3.9999999999999991 14.999999999999998 112 3 106 4 61 98 17 19 32 4
leaf_count=17 4 3 3 3 11 3 3 4 15 112 3 106 4 61 98 17 19 32 4
internal_value=-0.0036615 -1.34164 33.5796 38.0952 2.38585 11.0876 44.3359 1.70067 -2.74073 1.28388 36.3294 -3.87968 5.04151 -1.70314 -1.91188 -0.665961 -3.49349 -4.86487 51.1986
internal_weight=522 502 20 17 137 10 13 127 365 123 6 174 7 191 159 32 125 49 7
internal_count=522 502 20 17 137 10 13 127 365 123 6 174 7 191 159 32 125 49 7
is_linear=0
shrinkage=0.05


Tree=3
num_leaves=21
num_cat=0
split_feature=1 1 3 1 4 5 0 3 2 1 0 4 0 1 4 3 1 4 6 2
split_gain=8.4265e+06 987389 835276 781808 265020 263405 255606 246116 204421 158406 38563.8 30332.6 27998.9 21798.9 11616.5 11976 11362.7 5816.83 2361.88 1499.91
threshold=37781.920000000006 32809.610000000008 1.266954620217835 38005.825000000004 35987.500000000007 20.500000000000004 31808.090000000004 1.1535728444295101 3923.2650000000003 27275.990000000002 31562.595000000005 36890.000000000007 30919.695000000003 22397.780000000002 33317.500000000007 0.99172400406081185 31017.185000000005 34757.500000000007 82.500000000000014 13659.410000000002
decision_type=2 2 2 2 2 2 2 2 2 2 2 2 2 2 2 2 2 2 2 2
left_child=1 9 3 -2 7 18 11 12 -9 13 -7 -6 -3 19 15 -11 -16 -15 -5 -1
right_child=2 4 -4 5 6 10 -8 8 -10 14 -12 -13 -14 17 16 -17 -18 -19 -20 -21
leaf_value=-4.2152887153625489 16.922418212890594 0.68747690745762391 7.6362670898437504 49.585075378417983 0.028314408601499072 38.521467590332023 13.791305732727052 7.2864828745524095 21.878894042968746 -1.6614070640669931 30.504427083333326 1.6805945484364622 5.0175183773040777 -2.9626809030208947 -2.1776058720446181 0.21863960176706315 -1.3218450934546335 -3.7184296393881042 47.729164632161449 -4.7580831636701317
leaf_weight=20 4.0000000000000062 7.0000000000000027 2.9999999999999991 3.9999999999999982 51 3 3.9999999999999991 5.9999999999999982 4 18 3 61 7.9999999999999991 53 87 15.999999999999998 70 49 3 35
leaf_count=20 4 7 3 4 51 3 4 6 4 18 3 61 8 53 87 16 70 49 3 35
internal_value=0.149439 -1.15161 31.9602 36.2527 2.3781 42.2004 1.37177 7.04748 13.1234 -2.58176 34.5129 0.928217 2.99683 -3.75837 -1.6146 -0.776679 -1.79606 -3.32574 48.7897 -4.5607
internal_weight=509 489 20 17 141 13 116 25 10 348 6 112 15 157 191 34 157 102 7 55
internal_count=509 489 20 17 141 13 116 25 10 348 6 112 15 157 191 34 157 102 7 55
is_linear=0
shrinkage=0.05


Tree=4
num_leaves=19
num_cat=0
split_feature=1 6 1 1 0 8 1 0 7 0 1 5 0 2 2 7 6 2
split_gain=6.86834e+06 1.20383e+06 826390 754389 207751 195332 154078 51171.8 50931.4 25770.9 16789.3 15822.5 13318.1 21680.2 7328.82 3564.62 2088.7 1356.85
threshold=37781.920000000006 87.500000000000014 32809.610000000008 38005.825000000004 31624.750000000004 4.5000000000000009 27275.990000000002 30484.650000000005 5.5000000000000009 31808.090000000004 21664.230000000003 20.500000000000004 29750.995000000006 6209.4500000000007 3207.2550000000006 5.5000000000000009 82.500000000000014 13659.410000000002
decision_type=2 2 2 2 2 2 2 2 2 2 2 2 2 2 2 2 2 2
left_child=2 3 6 -2 5 7 10 -4 -7 -6 17 16 14 -14 -8 -12 -5 -1
right_child=1 -3 4 11 9 8 12 -9 -10 -11 15 -13 13 -15 -16 -17 -18 -19
leaf_value=-3.9978949154124543 16.468147786458314 7.0914322853088381 -0.92373760079228606 47.105821228027359 6.9712813059488941 3.1487778021739081 -0.060340394973754888 1.4754677445668243 6.8074399193127952 13.101740264892577 -3.1495535249295443 42.017754109700512 0.43366347153981527 -1.4937789438606857 -2.0184162371688421 -3.9376358929802393 45.360537719726551 -4.5423707253592358
leaf_weight=17 3.0000000000000027 3.9999999999999991 43 3.9999999999999982 2.9999999999999991 26 4.9999999999999991 46 14.999999999999998 4 92 3 18 77 108 17 3 35
leaf_count=17 3 4 43 4 3 26 5 46 15 4 92 3 18 77 108 17 3 35
internal_value=-0.182355 31.0781 -1.23261 38.4587 2.08359 1.63177 -2.46383 0.316301 4.48731 10.4744 -3.62513 45.0558 -1.56493 -1.12858 -1.93178 -3.27247 46.3578 -4.36437
internal_weight=523 17 506 13 137 130 369 89 41 7 161 10 208 95 113 109 7 52
internal_count=523 17 506 13 137 130 369 89 41 7 161 10 208 95 113 109 7 52
is_linear=0
shrinkage=0.05


Tree=5
num_leaves=18
num_cat=0
split_feature=0 3 3 7 6 8 3 0 0 3 0 3 3 4 0 2 3
split_gain=4.05666e+06 1.1461e+06 1.04105e+06 555507 504321 1.16359e+06 229268 129810 104165 48353.7 44475.3 39324.1 37804.2 14968.3 13035.6 8121.94 6961.27
threshold=31685.395000000004 1.2166583009160299 1.1577856613318682 2.5000000000000004 87.500000000000014 4.5000000000000009 0.99172400406081185 31335.170000000002 30162.050000000003 1.0541332736907589 28806.110000000004 0.87030004660016103 1.2488762142100664 34230.000000000007 30129.375000000004 3396.9350000000004 0.75127111356926479
decision_type=2 2 2 2 2 2 2 2 2 2 2 2 2 2 2 2 2
left_child=2 -2 6 7 5 -5 11 15 13 -10 -6 16 -3 -8 -13 -4 -1
right_child=1 12 3 4 10 -7 8 -9 9 -11 -12 14 -14 -15 -16 -17 -18
leaf_value=-4.1983426696375794 10.301286706924442 44.826182556152332 -0.38514699590833568 3.6933357805013665 2.0832988659540805 32.821514129638665 0.11079676846663158 8.418629608154296 -0.8411927239648227 1.7158951224065295 6.3881085077921549 -2.7056192869427562 37.401144409179679 -1.7551375685386288 -1.6495677050711082 1.157654042677446 -3.3414765312558132
leaf_weight=38 4.9999999999999982 4 38 7.9999999999999982 12.000000000000002 6 11.999999999999998 4.9999999999999991 29 51 11.999999999999998 87 3 103 44 10.999999999999998 63
leaf_count=38 5 4 38 8 12 6 12 5 29 51 12 87 3 103 44 11 63
internal_value=-0.156336 28.5845 -0.820865 4.00353 8.63507 16.1768 -1.86031 0.744292 -0.596582 0.788951 4.2357 -2.9225 41.644 -1.56043 -2.35091 -0.0388039 -3.66386
internal_weight=531 12 519 92 38 14 427 54 195 80 24 232 7 115 131 49 101
internal_count=531 12 519 92 38 14 427 54 195 80 24 232 7 115 131 49 101
is_linear=0
shrinkage=0.05


Tree=6
num_leaves=18
num_cat=0
split_feature=1 1 6 4 3 2 0 1 5 1 0 1 4 1 7 4 2
split_gain=4.61403e+06 1.0499e+06 793897 473446 399455 381291 247986 109081 96041 60407.4 25205.2 15337.7 11019.3 13349.4 8843.55 4561.36 1186.72
threshold=38494.520000000011 32809.610000000008 86.500000000000014 35987.500000000007 1.1535728444295101 4218.8000000000011 31808.090000000004 26982.420000000002 20.500000000000004 36870.890000000007 30919.695000000003 21664.230000000003 33797.500000000007 30218.135000000006 1.5000000000000002 34757.500000000007 13659.410000000002
decision_type=2 2 2 2 2 2 2 2 2 2 2 2 2 2 2 2 2
left_child=1 7 8 4 10 -6 9 11 -2 -5 -3 16 13 -9 -14 -13 -1
right_child=2 3 -4 6 5 -7 -8 12 -10 -11 -12 15 14 -15 -16 -17 -18
leaf_value=-3.6351513417561847 42.565130004882825 0.28567491372426335 8.245046106974284 0.5577627813443542 8.1374316990375544 25.738548889160157 12.257725982666017 -1.2618943700525496 32.170605087280272 4.2842565228541698 4.57272539138794 -2.6043801775165636 -1.3257999028848566 0.95470960736274724 -2.0695359064403336 -3.2580075059618268 -4.166707224164691
leaf_weight=14.999999999999998 4.9999999999999982 6.0000000000000027 2.9999999999999991 116 7.9999999999999982 5 4.9999999999999991 45 4 11.999999999999998 7.9999999999999991 51 69 7.9999999999999991 95 56 35
leaf_count=15 5 6 3 116 8 5 5 45 4 12 8 51 69 8 95 56 35
internal_value=-0.141275 -0.830298 30.5203 2.5593 8.59585 14.9071 1.33384 -2.28039 37.9453 0.907122 2.73542 -3.28429 -1.55407 -0.927313 -1.75662 -2.94647 -4.00724
internal_weight=546 534 12 160 27 13 133 374 9 128 14 157 217 53 164 107 50
internal_count=546 534 12 160 27 13 133 374 9 128 14 157 217 53 164 107 50
is_linear=0
shrinkage=0.05


Tree=7
num_leaves=17
num_cat=0
split_feature=1 3 1 7 3 1 1 0 5 1 8 1 0 1 2 6
split_gain=4.53249e+06 936625 889424 381550 354942 241001 154425 100375 83219.8 32147.6 22037.7 17654.8 5831.96 5553.37 1432.86 233.087
threshold=38095.650000000009 1.258372555883053 34326.740000000005 5.5000000000000009 1.1880037506189527 37698.81500000001 27751.255000000005 31335.170000000002 20.500000000000004 32254.390000000003 4.5000000000000009 22877.885000000006 29688.560000000005 26045.840000000004 13659.410000000002 82.500000000000014
decision_type=2 2 2 2 2 2 2 2 2 2 2 2 2 2 2 2
left_child=2 8 6 5 -5 7 11 -4 15 12 -11 14 -8 -13 -1 -2
right_child=1 -3 3 4 -6 -7 9 -9 -10 10 -12 13 -14 -15 -16 -17
leaf_value=-3.401757885859563 40.184317016601575 7.5207059860229499 0.99705581113293362 24.231172370910652 4.2484382438659658 13.034454498291016 -1.6892175929984827 5.4826101064682007 30.562075042724604 -0.57596764656213617 1.6589393428393775 -2.9068561782836912 -1.0917774904083897 -2.2224240322502293 -3.8948430734522206 39.561037190755201
leaf_weight=26 2.9999999999999982 3.9999999999999991 74 3.9999999999999982 5 4.9999999999999991 87 14.999999999999998 4 52 13.999999999999998 75 77 49 34 3
leaf_count=26 3 4 74 4 5 5 87 15 4 52 14 75 77 49 34 3
internal_value=-0.102843 27.9691 -0.863011 3.29476 13.1297 2.35312 -1.89743 1.75305 36.1484 -1.03371 -0.101896 -2.97708 -1.40871 -2.6364 -3.68117 39.8727
internal_weight=531 14 517 103 9 94 414 89 10 230 66 184 164 124 60 6
internal_count=531 14 517 103 9 94 414 89 10 230 66 184 164 124 60 6
is_linear=0
shrinkage=0.05


Tree=8
num_leaves=21
num_cat=0
split_feature=1 5 1 0 0 4 3 1 1 8 3 4 1 7 1 4 7 0 1 0
split_gain=5.74511e+06 724599 645727 226539 198528 173579 144116 90994.4 69249.9 57474.1 24753.4 12066.8 11607.6 8837.95 8496.58 7843.81 7228.45 2816.65 2125.48 52.7395
threshold=37909.500000000007 21.500000000000004 32809.610000000008 31468.665000000005 31522.195000000003 35987.500000000007 1.1577856613318682 27751.255000000005 37111.950000000004 4.5000000000000009 1.2488762142100664 33797.500000000007 23827.545000000002 4.5000000000000009 31017.185000000005 34757.500000000007 1.5000000000000002 31808.090000000004 21449.410000000003 32218.195000000003
decision_type=2 2 2 2 2 2 2 2 2 2 2 2 2 2 2 2 2 2 2 2
left_child=2 4 7 5 -2 6 -4 12 16 -7 19 13 18 -9 -13 -14 -5 -10 -1 -6
right_child=1 -3 3 8 10 9 -8 11 17 -11 -12 14 15 -15 -16 -17 -18 -19 -20 -21
leaf_value=-3.5243874261545578 24.20285827636717 5.419351450602214 1.5503489017486567 6.0375119018554706 38.152562713623055 -0.074479000000180789 10.27165288925171 -1.1000266459125738 10.895959218343096 2.5159996322223122 32.605233764648425 -1.8253208955631981 -2.0052035331726077 0.36609144605257932 -1.0629209194989766 -2.8964552952693059 2.933009465535481 13.062619527180985 -2.9996076910836358 37.875232950846346
leaf_weight=43 5.0000000000000027 2.9999999999999991 10.000000000000002 4.9999999999999982 3.9999999999999982 91 8.9999999999999982 26 3 28 3 79 47 17 68 52 3 3 35 3
leaf_count=43 5 3 10 5 4 91 9 26 3 28 3 79 47 17 68 52 3 3 35 3
internal_value=0.0811058 27.8513 -0.882023 1.85843 32.3377 1.24361 5.68149 -2.01703 7.91874 0.535045 36.4052 -1.25714 -2.83274 -0.520399 -1.47265 -2.47334 4.87332 11.9793 -3.28891 38.0337
internal_weight=537 18 519 152 15 138 19 367 14 119 10 190 177 43 147 99 8 6 78 7
internal_count=537 18 519 152 15 138 19 367 14 119 10 190 177 43 147 99 8 6 78 7
is_linear=0
shrinkage=0.05


Tree=9
num_leaves=18
num_cat=0
split_feature=1 6 1 1 4 1 1 8 5 6 1 4 1 2 4 6 0
split_gain=4.67365e+06 736630 528810 207911 98743.4 95892.8 81395.9 62728.4 49080.7 12955.4 12796.5 9779.04 22030.2 6395.63 3407.76 1289.66 373.287
threshold=38095.650000000009 86.500000000000014 32809.610000000008 37698.81500000001 35987.500000000007 34611.355000000003 27620.345000000005 4.5000000000000009 20.500000000000004 81.500000000000014 22397.780000000002 35397.500000000007 31453.675000000003 4098.0550000000012 34757.500000000007 93.500000000000014 31921.285000000007
decision_type=2 2 2 2 2 2 2 2 2 2 2 2 2 2 2 2 2
left_child=2 8 6 4 5 -4 10 -6 16 -5 15 12 -8 -13 -12 -1 -2
right_child=1 -3 3 9 7 -7 11 -9 -10 -11 14 13 -14 -15 -16 -17 -18
leaf_value=-3.1380831010001047 35.97522481282553 6.4196345011393241 1.9250774308045699 13.138071950276695 0.0093766834764253543 8.703618049621582 -1.0023568793840998 2.7797750296416108 28.916933695475251 8.4913144429524721 -2.1416197363535563 -0.99012722716881685 2.4226092910766606 -1.7795346150398257 -2.6891203827328152 -3.6337135859898164 36.680714721679685
leaf_weight=35 2.9999999999999982 2.9999999999999991 15.000000000000002 2.9999999999999991 84 7.9999999999999991 77 27 3 3 60 39 4.9999999999999991 75 54 21 5
leaf_count=35 3 3 15 3 84 8 77 27 3 3 60 39 5 75 54 21 5
internal_value=-0.116202 28.3814 -0.904672 1.70882 1.30109 4.28283 -1.90437 0.683257 34.3709 10.8147 -2.705 -1.20994 -0.793517 -1.50947 -2.40096 -3.32394 36.4162
internal_weight=520 14 506 140 134 23 366 111 11 6 170 196 82 114 114 56 8
internal_count=520 14 506 140 134 23 366 111 11 6 170 196 82 114 114 56 8
is_linear=0
shrinkage=0.05


Tree=10
num_leaves=20
num_cat=0
split_feature=1 6 1 1 7 5 5 0 1 2 0 1 1 0 2 7 1 2 2
split_gain=4.15965e+06 570585 544567 398306 287632 283340 164377 106492 93656 44083.5 23930.1 17324.9 17062.6 15008.4 19782.4 5917.46 5271.07 1592.58 385.202
threshold=37781.920000000006 87.500000000000014 33804.785000000011 38005.825000000004 5.5000000000000009 21.500000000000004 20.500000000000004 31335.170000000002 28250.365000000005 4348.3850000000011 31078.470000000005 25438.855000000003 35990.705000000009 29688.560000000005 5979.9500000000007 4.5000000000000009 20295.970000000005 12414.810000000001 3350.8900000000008
decision_type=2 2 2 2 2 2 2 2 2 2 2 2 2 2 2 2 2 2 2
left_child=2 3 8 -2 7 -6 18 10 11 -9 -4 16 -7 15 -15 -10 -1 -13 -5
right_child=1 -3 4 6 5 12 -8 9 13 -11 -12 17 -14 14 -16 -17 -18 -19 -20
leaf_value=-3.3974950517926903 12.10778408050535 4.9164515495300298 0.2192191724593823 34.864096069335943 18.60353515625 5.7398707509040818 23.038690185546873 10.752757771809897 -1.4710582495094782 3.9149789875203918 2.2793190929624774 -2.0002783974448404 1.1216160714626311 0.92820828195129124 -0.8403500036336482 -0.32379610882355619 -2.6477579183981454 -0.82942237456639623 34.147435506184891
leaf_weight=35 4.0000000000000062 3.9999999999999991 65 4.9999999999999982 4.9999999999999991 4 5 2.9999999999999991 83 10.999999999999998 18 91 4 21 64 12.999999999999998 71 2.9999999999999991 3
leaf_count=35 4 4 65 5 5 4 5 3 83 11 18 91 4 21 64 13 71 3 3
internal_value=0.115435 21.9073 -0.816599 25.9051 2.2824 9.26643 30.1505 1.34639 -1.71132 5.38022 0.665988 -2.45708 3.43074 -0.887277 -0.403412 -1.3157 -2.89531 -1.96291 34.5953
internal_weight=512 21 491 17 110 13 13 97 381 14 83 200 8 181 85 96 106 94 8
internal_count=512 21 491 17 110 13 13 97 381 14 83 200 8 181 85 96 106 94 8
is_linear=0
shrinkage=0.05


Tree=11
num_leaves=17
num_cat=0
split_feature=1 6 1 1 8 1 5 0 5 1 4 1 4 7 6 6
split_gain=3.18212e+06 544381 463882 136104 121870 67251.9 61940.1 42904.4 29722.1 9098.3 14325.5 9007.25 7238.39 3239.87 1278.1 253.672
threshold=38494.520000000011 86.500000000000014 32809.610000000008 37698.81500000001 4.5000000000000009 26982.420000000002 20.500000000000004 30484.650000000005 21.500000000000004 31828.325000000004 35692.500000000007 21664.230000000003 33797.500000000007 3.5000000000000004 93.500000000000014 82.500000000000014
decision_type=2 2 2 2 2 2 2 2 2 2 2 2 2 2 2 2
left_child=2 6 5 4 7 11 15 -4 -6 12 -11 14 -7 -13 -1 -2
right_child=1 -3 3 -5 8 9 -8 -9 -10 10 -12 13 -14 -15 -16 -17
leaf_value=-2.909462906332577 32.723366292317721 5.5507929484049479 -0.82589500082863698 9.6775437927246095 5.0515600787268751 -0.76352823590454855 25.015987205505368 1.2734787785219697 2.3869240911602971 2.4170509815216046 -0.78917267322540285 -1.9762849884033202 -1.49187007045204 -2.5192171393847858 -3.4513866066932679 33.373587036132804
leaf_weight=34 2.9999999999999982 2.9999999999999991 45 4.9999999999999991 18 46 4 53 25 4.0000000000000027 27 50 132 61 15.999999999999998 3
leaf_count=34 3 3 45 5 18 46 4 53 25 4 27 50 132 61 16 3
internal_value=-0.200366 24.2313 -0.815893 1.57067 1.28319 -1.75762 29.8355 0.309481 3.50235 -1.16597 -0.375466 -2.52565 -1.30365 -2.27465 -3.08288 33.0485
internal_weight=529 13 516 146 141 370 10 98 43 209 31 161 178 111 50 6
internal_count=529 13 516 146 141 370 10 98 43 209 31 161 178 111 50 6
is_linear=0
shrinkage=0.05


Tree=12
num_leaves=21
num_cat=0
split_feature=1 6 1 1 4 3 5 2 0 1 0 2 0 0 2 4 1 7 2 2
split_gain=3.37472e+06 468405 392787 315935 190683 125303 116225 91792 76961.7 75031.9 38976 25258.7 17429.6 11278.5 26610 7271.67 7195.67 2505.71 947.052 869.701
threshold=37781.920000000006 87.500000000000014 33804.785000000011 38005.825000000004 35987.500000000007 1.1535728444295101 20.500000000000004 3923.2650000000003 31624.750000000004 26982.420000000002 31562.595000000005 2392.9900000000002 30919.695000000003 29750.995000000006 6141.1450000000013 33565.000000000007 22397.780000000002 2.5000000000000004 3350.8900000000008 13659.410000000002
decision_type=2 2 2 2 2 2 2 2 2 2 2 2 2 2 2 2 2 2 2 2
left_child=2 3 9 -2 5 12 18 -7 11 16 -8 -6 -4 15 -15 -11 19 -18 -5 -1
right_child=1 -3 4 6 8 7 10 -9 -10 13 -12 -13 -14 14 -16 -17 17 -19 -20 -21
leaf_value=-2.6026154267160519 11.018517684936505 4.2899205207824709 -0.69205052057901961 31.968267822265631 2.6915534784396491 6.1123023128509537 26.011041005452469 16.274287605285643 6.9185729980468755 -0.41168862700462344 17.951269022623691 0.2335427879183381 3.8631138937813887 0.90705851267861282 -1.0226967867091299 -1.4467116844973393 -1.7235609073638916 -2.3045726511213518 30.79305826822916 -3.0228009632655555
leaf_weight=19 4.0000000000000062 3.9999999999999991 3.0000000000000018 3.9999999999999982 11.999999999999998 4.9999999999999982 3 4 4.9999999999999991 20 3 81 7 23 80 112 25 72 3 35
leaf_count=19 4 4 3 4 12 5 3 4 5 20 3 81 7 23 80 112 25 72 3 35
internal_value=0.0464138 19.6844 -0.773463 23.3067 1.76438 6.34865 27.0876 10.6287 0.875597 -1.54271 21.9812 0.550705 2.49656 -0.98391 -0.591781 -1.28989 -2.41236 -2.15483 31.4646 -2.87496
internal_weight=524 21 503 17 117 19 13 9 98 386 6 93 10 235 103 132 151 97 7 54
internal_count=524 21 503 17 117 19 13 9 98 386 6 93 10 235 103 132 151 97 7 54
is_linear=0
shrinkage=0.05


Tree=13
num_leaves=20
num_cat=0
split_feature=0 3 3 7 6 8 3 0 0 3 2 2 3 0 0 4 4 2 0
split_gain=2.20306e+06 620221 613400 433551 409154 956626 123017 59738.6 48784.8 57556.1 38979.9 21303.7 17106.8 13711.4 10273.8 8540.2 7755.42 7005.47 3677.59
threshold=31685.395000000004 1.2166583009160299 1.1577856613318682 2.5000000000000004 87.500000000000014 4.5000000000000009 0.99172400406081185 30106.645000000004 31078.470000000005 1.1757363698743504 5979.9500000000007 5182.1900000000014 0.87030004660016103 29003.390000000003 31921.285000000007 34230.000000000007 34757.500000000007 3350.8900000000008 28835.380000000005
decision_type=2 2 2 2 2 2 2 2 2 2 2 2 2 2 2 2 2 2 2
left_child=2 11 6 8 5 -5 12 15 17 -10 -9 -2 18 -6 -3 -8 -14 -4 -1
right_child=1 14 3 4 13 -7 7 10 9 -11 -12 -13 16 -15 -16 -17 -18 -19 -20
leaf_value=-2.7028769090771676 10.533964347839357 26.211513773600252 -0.4910577581209295 3.6031014667616952 1.8826479857618155 29.377574539184572 0.13230866321495602 1.4997437466274608 0.42438911199569707 9.5860471089680956 -0.69504852206446233 4.9601010163625077 -1.2199371392795673 4.4407875537872314 29.91264526367187 -1.1816375214255082 -1.9984228686680869 0.96058264635503299 -2.0766648679166226
leaf_weight=64 3.9999999999999991 3 34 8.9999999999999982 11.000000000000002 5.9999999999999991 13.999999999999998 55 3.9999999999999991 3 32 3 65 9.9999999999999982 5 106 63 10.999999999999998 37
leaf_count=64 4 3 34 9 11 6 14 55 4 3 32 3 65 10 5 106 63 11 37
internal_value=0.120921 19.0143 -0.419919 3.38791 7.60584 13.9129 -1.18847 -0.305106 0.46781 4.35081 0.692464 8.14517 -1.98698 3.10081 28.5247 -1.02834 -1.6031 -0.136212 -2.47347
internal_weight=539 15 524 88 36 15 436 207 52 7 87 7 229 21 8 120 128 45 101
internal_count=539 15 524 88 36 15 436 207 52 7 87 7 229 21 8 120 128 45 101
is_linear=0
shrinkage=0.05


Tree=14
num_leaves=21
num_cat=0
split_feature=1 1 3 1 4 0 3 2 1 5 3 8 1 0 4 1 1 2 4 2
split_gain=2.32011e+06 337099 268121 280720 133378 117429 92462.6 113803 55505.2 52158 42593.7 32206.2 21100.7 16212.7 13975.3 12156.9 11831.2 7503.02 5602.73 3064.44
threshold=37781.920000000006 33114.825000000004 1.258372555883053 38005.825000000004 35987.500000000007 31514.185000000001 1.1535728444295101 3923.2650000000003 28250.365000000005 21.500000000000004 1.234978504234489 4.5000000000000009 35502.285000000011 31165.710000000003 35397.500000000007 31017.185000000005 24158.765000000003 4062.8300000000004 34757.500000000007 13700.800000000001
decision_type=2 2 2 2 2 2 2 2 2 2 2 2 2 2 2 2 2 2 2 2
left_child=1 8 3 -2 6 11 13 -8 16 -4 -5 -6 -7 -3 15 -10 19 -16 -18 -1
right_child=2 4 9 10 5 12 7 -9 14 -11 -12 -13 -14 -15 17 -17 18 -19 -20 -21
leaf_value=-2.2247387391549571 10.114165496826164 -0.095890621344248417 13.019040679931642 29.110144042968756 -0.20547574173800554 3.2496414820353183 4.5058480292558682 14.834955596923827 -0.44458160945709713 3.6954180399576817 22.187868118286129 1.9205214153165404 8.5538160705566408 3.5797847112019854 -0.5377673874422908 1.561301220787896 -1.3696576011969763 -1.3897599469717237 -2.024114299198938 -2.8619579578268119
leaf_weight=54 4.0000000000000027 6.0000000000000018 2.9999999999999991 4.9999999999999982 79 3 7.9999999999999982 4 47 3 4 23 5 6 40 8.9999999999999982 68 73 63 29
leaf_count=54 4 6 3 5 79 3 8 4 47 3 4 23 5 6 40 9 68 73 63 29
internal_value=-0.0596003 -0.690228 17.1001 21.1353 1.46826 0.731431 4.84542 7.94888 -1.44542 8.35723 26.0336 0.273916 6.56475 1.74195 -0.768088 -0.122208 -1.98032 -1.08817 -1.6844 -2.44738
internal_weight=536 517 19 13 134 110 24 12 383 6 9 102 8 12 169 56 214 113 131 83
internal_count=536 517 19 13 134 110 24 12 383 6 9 102 8 12 169 56 214 113 131 83
is_linear=0
shrinkage=0.05


Tree=15
num_leaves=17
num_cat=0
split_feature=1 6 1 4 1 1 4 6 4 1 1 0 6 1 4 1
split_gain=2.60945e+06 414085 386154 405823 115155 85100.5 55574.3 53460.5 20145.3 19920.5 11632.8 9976 9822.39 3806.17 2548.66 450.02
threshold=38095.650000000009 86.500000000000014 34611.355000000003 35217.000000000007 37698.81500000001 28673.690000000006 35987.500000000007 84.500000000000014 35397.500000000007 31453.675000000003 25803.155000000002 30972.130000000005 81.500000000000014 21449.410000000003 35397.500000000007 40409.735000000008
decision_type=2 2 2 2 2 2 2 2 2 2 2 2 2 2 2 2
left_child=2 7 5 -4 6 10 -5 15 9 -7 13 -10 -6 -1 -12 -2
right_child=1 -3 3 4 12 8 -8 -9 11 -11 14 -13 -14 -15 -16 -17
leaf_value=-2.5521351836976551 26.823229980468756 3.9851795196533204 20.576446278889975 6.3734188842773438 9.608457183837892 -0.21442381648913675 0.91705142212765556 20.034216690063474 -0.94330915170056484 1.8337991893291474 -1.2695456347921317 0.26357954859733584 5.8237095514933257 -1.9736136566508902 -1.8784202202506688 27.597843424479159
leaf_weight=42 4.9999999999999982 2.9999999999999991 2.9999999999999991 4.9999999999999991 3.9999999999999991 46 70 4 119 15.999999999999998 68 20 3 88 23 3
leaf_count=42 5 3 3 5 4 46 70 4 119 16 68 20 3 88 23 3
internal_value=0.0474937 20.6001 -0.560573 2.51406 1.85324 -1.17987 1.28081 24.7539 -0.435348 0.31415 -1.85702 -0.769656 7.98642 -2.16052 -1.42344 27.1137
internal_weight=522 15 507 85 82 422 75 12 201 62 221 139 7 130 91 8
internal_count=522 15 507 85 82 422 75 12 201 62 221 139 7 130 91 8
is_linear=0
shrinkage=0.05


Tree=16
num_leaves=19
num_cat=0
split_feature=0 3 3 7 5 8 4 2 0 0 0 2 8 6 0 3 4 2
split_gain=1.79798e+06 492277 438133 271179 305206 498067 80587.9 74667.2 43588.2 19397.5 18017.6 13693.5 12930.5 10489.1 8534.03 6310.42 5189.29 1315.04
threshold=31685.395000000004 1.1577856613318682 1.2166583009160299 2.5000000000000004 21.500000000000004 4.5000000000000009 36220.000000000007 6209.4500000000007 30106.645000000004 29323.610000000004 31514.185000000001 2328.7450000000003 4.5000000000000009 81.500000000000014 31360.415000000005 0.8936319271806189 35692.500000000007 3247.2950000000005
decision_type=2 2 2 2 2 2 2 2 2 2 2 2 2 2 2 2 2 2
left_child=1 7 13 6 5 -5 -3 8 16 15 -10 -6 -11 -2 -8 -9 -1 -4
right_child=2 3 17 4 11 -7 14 9 10 12 -12 -13 -14 -15 -16 -17 -18 -19
leaf_value=0.017134955326716106 5.504776247342428 8.4203239440917965 24.641530863444004 2.9848043441772458 0.64718514919280989 19.198031658596459 -0.22737067341804507 -2.2404091767775709 0.57023569457935841 -1.6788589058098973 3.2692657061985564 3.1524176398913069 -0.66127712376214365 9.6859097798665346 2.5330047607421875 -1.586475764342717 -0.9962983291223646 25.96568481445312
leaf_weight=14.999999999999998 2.9999999999999991 2.9999999999999991 3 10 10.000000000000002 9 42 78 53 54 6.9999999999999991 11.999999999999998 74 3 2.9999999999999991 70 80 5
leaf_count=15 3 3 3 10 10 9 42 78 53 54 7 12 74 3 3 70 80 5
internal_value=0.127021 -0.349031 17.8089 3.03642 6.02271 10.6648 0.485634 -1.04812 -0.169932 -1.5413 0.885123 2.01368 -1.09057 7.59534 -0.0433456 -1.93112 -0.836283 25.4691
internal_weight=534 520 14 89 41 19 48 431 155 276 60 22 128 6 45 148 95 8
internal_count=534 520 14 89 41 19 48 431 155 276 60 22 128 6 45 148 95 8
is_linear=0
shrinkage=0.05


Tree=17
num_leaves=18
num_cat=0
split_feature=1 6 1 4 1 1 6 1 0 1 2 8 0 1 4 7 2
split_gain=2.11187e+06 316898 263228 293351 196767 153570 71005.6 50106 47121.5 29076.9 16760.7 15155.6 9923.32 6642.37 3778.36 1905.13 550.531
threshold=37781.920000000006 87.500000000000014 33804.785000000011 35134.500000000007 38005.825000000004 34392.145000000011 84.500000000000014 28250.365000000005 31078.470000000005 36648.630000000012 2564.4700000000007 4.5000000000000009 28953.715000000004 24158.765000000003 34757.500000000007 2.5000000000000004 3350.8900000000008
decision_type=2 2 2 2 2 2 2 2 2 2 2 2 2 2 2 2 2
left_child=2 4 7 5 -2 -4 16 13 11 -10 -9 -5 -12 15 -15 -1 -6
right_child=1 -3 3 8 6 -7 -8 10 9 -11 12 -13 -14 14 -16 -17 -18
leaf_value=-1.7598115002667463 8.9157947540283047 2.9716372013092043 2.9118207931518563 -0.29469602140513335 24.839876098632818 16.055874137878416 16.92305927276611 2.6072789788246156 1.7012313499450682 5.5771911621093757 -1.1495214363977091 1.3125820803642274 -0.38642928760148521 -1.2082815791431227 -1.7701109492589557 -2.2810188555717468 23.983113606770829
leaf_weight=27 4.0000000000000062 3.9999999999999991 3.9999999999999982 55 4.9999999999999982 5 5 3.9999999999999991 25.000000000000004 5.9999999999999991 67 20 117 57 63 50 3
leaf_count=27 4 4 4 55 5 5 5 4 25 6 67 20 117 57 63 50 3
internal_value=0.10081 15.634 -0.551584 1.54751 18.6134 10.2141 21.5972 -1.17859 0.811673 2.45142 -0.594686 0.133911 -0.664294 -1.73581 -1.50324 -2.09826 24.5186
internal_weight=521 21 500 115 17 9 13 385 106 31 188 75 184 197 120 77 8
internal_count=521 21 500 115 17 9 13 385 106 31 188 75 184 197 120 77 8
is_linear=0
shrinkage=0.05


Tree=18
num_leaves=20
num_cat=0
split_feature=1 1 3 1 4 1 0 3 0 0 1 8 3 4 1 2 1 4 3
split_gain=1.666e+06 238231 197686 147488 118773 171328 131109 88975.1 178050 86345.4 39446.3 37269.9 23567.7 11302.2 12293 6611.02 5626.42 4496.39 1490.21
threshold=37781.920000000006 33114.825000000004 1.266954620217835 38005.825000000004 35987.500000000007 34866.905000000006 31335.170000000002 1.234978504234489 32007.355000000003 31808.090000000004 28250.365000000005 4.5000000000000009 1.1922424176563415 35397.500000000007 31453.675000000003 3429.2850000000003 24158.765000000003 34757.500000000007 0.60758116505734194
decision_type=2 2 2 2 2 2 2 2 2 2 2 2 2 2 2 2 2 2 2
left_child=1 10 3 -2 5 12 -7 -5 -9 11 16 -6 -3 14 -12 -15 18 -18 -1
right_child=2 4 -4 7 9 6 -8 8 -10 -11 13 -13 -14 15 -16 -17 17 -19 -20
leaf_value=-2.5221414566040039 8.4700048446655121 0.40213238398234036 2.7980661392211914 24.650539245605472 -0.13419846764382196 18.717206319173172 5.4955754089355464 6.7096868515014636 22.823522949218745 8.9873542785644531 -0.25635888403138291 1.9416381276887038 5.3568954149882 0.50005205273628239 2.3393123435974124 -0.98909968582041774 -1.1140811501956376 -1.7317286391007274 -1.8713065604641015
leaf_weight=9.9999999999999982 4.0000000000000062 12.000000000000002 2.9999999999999991 4.9999999999999982 85 3 5 3 4 2.9999999999999991 52 29 2.9999999999999991 7.9999999999999991 4.9999999999999991 109 61 57 73
leaf_count=10 4 12 3 5 85 3 5 3 4 3 52 29 3 8 5 109 61 57 73
internal_value=0.0363272 -0.5001 14.5763 16.7847 1.25992 4.5446 10.4537 19.5563 15.9176 0.614211 -1.15717 0.393865 1.39308 -0.606009 -0.0286684 -0.887277 -1.6343 -1.41244 -1.94972
internal_weight=534 515 19 16 140 23 8 12 7 117 375 114 15 174 57 117 201 118 83
internal_count=534 515 19 16 140 23 8 12 7 117 375 114 15 174 57 117 201 118 83
is_linear=0
shrinkage=0.05


Tree=19
num_leaves=18
num_cat=0
split_feature=1 1 4 6 1 0 0 2 1 8 1 2 2 4 1 4 6
split_gain=1.67862e+06 274567 240555 216372 131923 99932.5 73440.6 107234 38623 24492.9 16180.3 13531.8 12090.8 6490.54 5120.78 1856.34 838.332
threshold=37909.500000000007 33804.785000000011 35134.500000000007 87.500000000000014 34392.145000000011 31514.185000000001 31685.395000000004 2812.7100000000005 27620.345000000005 4.5000000000000009 37322.725000000006 2564.4700000000007 3247.2950000000005 37332.500000000007 21664.230000000003 33155.000000000007 93.500000000000014
decision_type=2 2 2 2 2 2 2 2 2 2 2 2 2 2 2 2 2
left_child=1 8 4 6 -3 9 7 -2 14 -4 -7 -10 -8 -13 16 -16 -1
right_child=3 2 5 -5 -6 10 12 -9 11 -11 -12 13 -14 -15 15 -17 -18
leaf_value=-1.9203476136380975 19.132636260986313 2.684188699722291 0.087209718547216278 2.8037710825602216 14.866672363281248 4.0511680603027349 18.276557413736974 6.6273494084676088 2.2238997936248781 1.9335610845814584 8.0375695228576642 -0.5869595405124759 22.29166290283203 -1.3234417657057445 -1.1616060067625609 -1.5909538594717834 -2.3445467842949763
leaf_weight=33 4.0000000000000027 3.9999999999999982 82 2.9999999999999991 5 6.9999999999999982 3 3 3.9999999999999991 23 4 177 5 36 34 97 18
leaf_count=33 4 4 82 3 5 7 3 3 4 23 4 177 5 36 34 97 18
internal_value=0.0484926 -0.467231 1.57761 15.0618 9.45224 0.966651 17.5134 13.7732 -1.10785 0.491649 5.50077 -0.657328 20.786 -0.711435 -1.645 -1.47952 -2.07006
internal_weight=542 524 125 18 9 116 15 7 399 105 11 217 8 213 182 131 51
internal_count=542 524 125 18 9 116 15 7 399 105 11 217 8 213 182 131 51
is_linear=0
shrinkage=0.05


Tree=20
num_leaves=19
num_cat=0
split_feature=0 3 3 4 3 2 5 2 0 8 3 2 3 0 4 0 4 0
split_gain=947818 342143 273701 253753 276134 162643 300232 61884.5 39802.9 19618.6 11152.9 11103.8 10526.3 9056.26 6619.84 6430.77 4352 2840.44
threshold=31685.395000000004 1.1577856613318682 1.2166583009160299 35987.500000000007 1.1818057285825894 2895.2850000000003 21.500000000000004 6209.4500000000007 30201.515000000003 4.5000000000000009 1.1984617718924895 5182.1900000000014 0.89653365443640731 29941.060000000005 35012.500000000007 32218.195000000003 35692.500000000007 28835.380000000005
decision_type=2 2 2 2 2 2 2 2 2 2 2 2 2 2 2 2 2 2
left_child=1 7 11 4 -3 6 -5 8 16 -10 -6 -2 17 -7 -14 -4 -1 -9
right_child=2 3 15 5 10 13 -8 12 9 -11 -12 -13 14 -15 -16 -17 -18 -19
leaf_value=0.095366438371794565 7.6356910705566428 22.614399846394861 18.143325805664059 13.71017728533063 3.3805889701843257 -0.70071549940368405 1.1696748797098795 -1.9021364407613874 0.49978961047271026 2.7699080944061283 7.23683052062988 3.6116287489732097 -0.66599649731929489 0.61802032778660454 -1.331333078681068 21.205710983276362 -0.86495101499557503 -1.4121714154156773
leaf_weight=13.999999999999998 3.9999999999999982 2.9999999999999991 3 7.0000000000000027 5 23 14.999999999999998 64 46 11.999999999999998 3 3 65 30 88 4 75 55
leaf_count=14 4 3 3 7 5 23 15 64 46 12 3 3 65 30 88 4 75 55
internal_value=0.0691087 -0.28666 12.9022 2.58601 9.67788 1.54587 5.15983 -0.876277 -0.0497073 0.969469 4.82668 5.91109 -1.32299 0.0457387 -1.04867 19.8933 -0.71389 -1.67568
internal_weight=519 505 14 86 11 75 22 419 147 58 8 7 272 53 153 7 89 119
internal_count=519 505 14 86 11 75 22 419 147 58 8 7 272 53 153 7 89 119
is_linear=0
shrinkage=0.05


Tree=21
num_leaves=18
num_cat=0
split_feature=1 1 4 6 1 3 0 3 0 1 4 2 0 0 1 1 2
split_gain=1.31133e+06 193953 268385 193082 117871 104688 75946.1 65169.4 157725 38724.6 23512.5 14050.1 12192.3 8638.63 6131.62 2286.4 1229.59
threshold=37781.920000000006 33804.785000000011 35134.500000000007 87.500000000000014 38005.825000000004 1.1818057285825894 31468.665000000005 1.234978504234489 32007.355000000003 28250.365000000005 35987.500000000007 2392.9900000000002 29688.560000000005 31808.090000000004 26045.840000000004 20295.970000000005 12059.115000000003
decision_type=2 2 2 2 2 2 2 2 2 2 2 2 2 2 2 2 2
left_child=1 9 5 4 -2 -3 10 -6 -9 14 -4 -11 -13 -8 15 -1 -16
right_child=3 2 6 -5 7 -7 13 8 -10 11 -12 12 -14 -15 16 -17 -18
leaf_value=-1.9641964573312451 7.1462351799011108 18.296646245320641 3.5070325295130411 2.4424801826477052 21.439330444335937 5.0875565210978175 4.338464307785034 5.0990682284037261 19.600794372558592 2.9652634938557942 0.27868957189803428 -0.86244959059086723 -0.048623948258369472 7.8878312428792299 -1.1210877999249431 -1.4987757444381715 -0.31022993326187137
leaf_weight=37 4.0000000000000062 2.9999999999999991 5.9999999999999991 3.9999999999999991 4.9999999999999991 3 3.9999999999999991 3 5 2.9999999999999991 94 99 86 3 72 92 4.9999999999999991
leaf_count=37 4 3 6 4 5 3 4 3 5 3 94 99 86 3 72 92 5
internal_value=0.082881 -0.424244 1.40185 12.3263 14.6519 11.6921 0.824826 16.9614 14.1626 -0.947971 0.47239 -0.429087 -0.484131 5.85962 -1.42152 -1.63227 -1.06843
internal_weight=528 507 113 21 17 6 107 13 8 394 100 188 185 7 206 129 77
internal_count=528 507 113 21 17 6 107 13 8 394 100 188 185 7 206 129 77
is_linear=0
shrinkage=0.05


Tree=22
num_leaves=21
num_cat=0
split_feature=1 6 1 4 1 1 3 1 1 1 8 2 2 4 1 7 7 3 1 3
split_gain=1.08483e+06 165624 165289 145147 146449 101762 86165.9 114818 31028.2 26108 24898.6 16702.9 15624.7 10006.9 7175.38 5199.21 4986.18 3882.42 2979.9 563.752
threshold=37781.920000000006 87.500000000000014 32809.610000000008 35134.500000000007 34392.145000000011 38005.825000000004 1.234978504234489 40056.915000000008 37322.725000000006 28250.365000000005 4.5000000000000009 3005.0150000000008 3350.8900000000008 35397.500000000007 31453.675000000003 5.5000000000000009 2.5000000000000004 1.2184582863998965 22397.780000000002 0.56448626136144153
decision_type=2 2 2 2 2 2 2 2 2 2 2 2 2 2 2 2 2 2 2 2
left_child=2 5 9 4 12 -2 17 -8 10 15 -5 -10 -4 14 -11 18 -15 -7 -1 -17
right_child=1 -3 3 8 -6 6 7 -9 11 13 -12 -13 -14 16 -16 19 -18 -19 -20 -21
leaf_value=-1.5975952005386354 6.7889231681823619 2.3203560829162599 4.3572318394978851 -0.037126119516708043 12.83346450805664 18.962710062662765 4.844114971160888 18.677508544921871 6.6872926076253254 -0.15028259069831285 1.6678991879735674 1.4111031532287595 -0.41623128652572627 -0.50277773007269833 1.829586958885193 -2.2860777854919436 -1.1942005888621015 21.506467692057285 -1.1066556474084364 -1.762583516041438
leaf_weight=40 4.0000000000000062 3.9999999999999991 2.9999999999999982 91 5 2.9999999999999982 3 3 2.9999999999999991 54 28 3 4 62 4.9999999999999991 5.9999999999999991 45 3 136 36
leaf_count=40 4 4 3 91 5 3 3 3 3 54 28 3 4 62 5 6 45 3 136 36
internal_value=-0.00712665 11.4205 -0.445806 1.0452 6.29784 13.6955 15.9977 11.7608 0.540943 -0.977753 0.364056 4.0492 1.62954 -0.505293 0.017503 -1.33752 -0.793563 20.2346 -1.21823 -1.83737
internal_weight=541 20 521 137 12 16 12 6 125 384 119 6 7 166 59 218 107 6 176 42
internal_count=541 20 521 137 12 16 12 6 125 384 119 6 7 166 59 218 107 6 176 42
is_linear=0
shrinkage=0.05


Tree=23
num_leaves=18
num_cat=0
split_feature=0 3 4 3 3 2 5 2 0 0 7 4 6 0 2 3 2
split_gain=954719 263150 256737 219756 169445 126878 229840 40661.5 26616 9859.21 9421.47 7545.67 7280.57 6996.16 5631.19 4247.75 1737.91
threshold=31685.395000000004 1.1531607178975107 35987.500000000007 1.1757363698743504 1.2166583009160299 2895.2850000000003 21.500000000000004 6141.1450000000013 31056.380000000005 28595.755000000001 5.5000000000000009 35692.500000000007 82.500000000000014 29941.060000000005 3247.2950000000005 1.1984617718924895 13558.360000000002
decision_type=2 2 2 2 2 2 2 2 2 2 2 2 2 2 2 2 2
left_child=1 7 3 -3 -2 6 -4 8 11 16 -11 -1 -10 -7 -6 -5 -9
right_child=4 2 5 15 14 13 -8 9 12 10 -12 -13 -14 -15 -16 -17 -18
leaf_value=0.54602989662024715 5.5881639957427982 20.880640665690105 11.90738340105329 4.1198634600639341 15.669867897033695 -0.66415732550621032 0.93502887964248649 -1.3702791795497988 0.6465051738115456 -0.73014331706980995 -1.6986826165517173 -0.57336972764004834 2.3942995764992454 0.4447285402904857 18.186827697753905 6.499708048502602 -1.8265196314879828
leaf_weight=18 4.9999999999999991 2.9999999999999991 7.0000000000000009 5 3.9999999999999982 25 15 82 13.000000000000002 154 30 92 10.999999999999998 33 5 3 28
leaf_count=18 5 3 7 5 4 25 15 82 13 154 30 92 11 33 5 3 28
internal_value=0.0837831 -0.263773 2.17791 9.34003 12.9682 1.19312 4.42623 -0.782915 -0.0610419 -1.11193 -0.888057 -0.390195 1.44758 -0.0332395 17.0682 5.01231 -1.48641
internal_weight=533 519 91 11 14 80 22 428 134 294 184 110 24 58 9 8 110
internal_count=533 519 91 11 14 80 22 428 134 294 184 110 24 58 9 8 110
is_linear=0
shrinkage=0.05


end of trees

feature_importances:
net_load=128
total_load=72
thermal_on_capacity=52
renewable_power=50
thermal_space_load_ratio=46
period=30
weekday=21
hour=19
month=16

parameters:
[boosting: gbdt]
[objective: regression]
[metric: rmse]
[tree_learner: serial]
[device_type: cpu]
[data_sample_strategy: bagging]
[data: ]
[valid: ]
[num_iterations: 400]
[learning_rate: 0.05]
[num_leaves: 31]
[num_threads: 0]
[seed: 42]
[deterministic: 0]
[force_col_wise: 0]
[force_row_wise: 0]
[histogram_pool_size: -1]
[max_depth: 5]
[min_data_in_leaf: 3]
[min_sum_hessian_in_leaf: 0.001]
[bagging_fraction: 0.85]
[pos_bagging_fraction: 1]
[neg_bagging_fraction: 1]
[bagging_freq: 1]
[bagging_seed: 400]
[bagging_by_query: 0]
[feature_fraction: 0.85]
[feature_fraction_bynode: 1]
[feature_fraction_seed: 30056]
[extra_trees: 0]
[extra_seed: 12879]
[early_stopping_round: 0]
[early_stopping_min_delta: 0]
[first_metric_only: 0]
[max_delta_step: 0]
[lambda_l1: 0]
[lambda_l2: 0]
[linear_lambda: 0]
[min_gain_to_split: 0]
[drop_rate: 0.1]
[max_drop: 50]
[skip_drop: 0.5]
[xgboost_dart_mode: 0]
[uniform_drop: 0]
[drop_seed: 17869]
[top_rate: 0.2]
[other_rate: 0.1]
[min_data_per_group: 100]
[max_cat_threshold: 32]
[cat_l2: 10]
[cat_smooth: 10]
[max_cat_to_onehot: 4]
[top_k: 20]
[monotone_constraints: ]
[monotone_constraints_method: basic]
[monotone_penalty: 0]
[feature_contri: ]
[forcedsplits_filename: ]
[refit_decay_rate: 0.9]
[cegb_tradeoff: 1]
[cegb_penalty_split: 0]
[cegb_penalty_feature_lazy: ]
[cegb_penalty_feature_coupled: ]
[path_smooth: 0]
[interaction_constraints: ]
[verbosity: -1]
[saved_feature_importance_type: 0]
[use_quantized_grad: 0]
[num_grad_quant_bins: 4]
[quant_train_renew_leaf: 0]
[stochastic_rounding: 1]
[linear_tree: 0]
[max_bin: 255]
[max_bin_by_feature: ]
[min_data_in_bin: 3]
[bin_construct_sample_cnt: 200000]
[data_random_seed: 175]
[is_enable_sparse: 1]
[enable_bundle: 1]
[use_missing: 1]
[zero_as_missing: 0]
[feature_pre_filter: 1]
[pre_partition: 0]
[two_round: 0]
[header: 0]
[label_column: ]
[weight_column: ]
[group_column: ]
[ignore_column: ]
[categorical_feature: ]
[forcedbins_filename: ]
[precise_float_parser: 0]
[parser_config_file: ]
[objective_seed: 16083]
[num_class: 1]
[is_unbalance: 0]
[scale_pos_weight: 1]
[sigmoid: 1]
[boost_from_average: 1]
[reg_sqrt: 0]
[alpha: 0.9]
[fair_c: 1]
[poisson_max_delta_step: 0.7]
[tweedie_variance_power: 1.5]
[lambdarank_truncation_level: 30]
[lambdarank_norm: 1]
[label_gain: ]
[lambdarank_position_bias_regularization: 0]
[eval_at: ]
[multi_error_top_k: 1]
[auc_mu_weights: ]
[num_machines: 1]
[local_listen_port: 12400]
[time_out: 120]
[machine_list_filename: ]
[machines: ]
[gpu_platform_id: -1]
[gpu_device_id: -1]
[gpu_use_dp: 0]
[num_gpu: 1]

end of parameters

pandas_categorical:[]
