tree
version=v4
num_class=1
num_tree_per_iteration=1
label_index=0
max_feature_idx=10
objective=regression
feature_names=total_load net_load renewable_power thermal_space_load_ratio thermal_on_capacity hour period weekday month is_weekend is_holiday
feature_infos=[31325.099999999999:42408.400000000001] [13380.389999999999:41070.110000000001] [1144.03:19845.43] [0.41387726832827804:0.97282505160491894] [27170:45275] [18:21] [73:88] [0:6] [2:5] [0:1] none
tree_sizes=2343 2546 2476 2457 2418 2868 2718 2832 2459 2584 2378 2385 2391 2646 2006 2476 2682 2854 2051 2056 2836 2551 2239 2685 2829 2401

Tree=0
num_leaves=26
num_cat=0
split_feature=1 2 7 2 1 2 4 4 7 8 4 4 1 4 4 2 0 0 0 0 7 0 2 0 6
split_gain=1.97643e+07 6.87716e+06 4.34351e+06 2.72885e+06 2.61184e+06 2.55984e+06 1.94893e+06 1.51738e+06 1.41934e+06 688624 673018 2.41603e+06 669526 958811 456196 345580 130775 26871 18549.5 29679.3 2211.11 1301.42 1187.08 529.248 206.981
threshold=37214.820000000014 5531.1450000000013 5.5000000000000009 1622.2750000000003 18573.335000000003 3601.4650000000006 44735.000000000007 44810.000000000007 4.5000000000000009 2.5000000000000004 36212.500000000007 36349.500000000007 22753.290000000005 38272.500000000007 38272.500000000007 7103.5900000000011 39602.950000000004 38465.700000000004 41448.650000000001 42109.350000000006 3.5000000000000004 39242.450000000004 17045.790000000005 41257.100000000006 79.500000000000014
decision_type=2 2 2 2 2 2 2 2 2 2 2 2 2 2 2 2 2 2 2 2 2 2 2 2 2
left_child=1 6 3 18 14 23 10 21 9 -5 17 -12 13 -6 22 -14 -9 -1 -2 -20 -16 -8 -3 24 -4
right_child=2 4 5 8 12 -7 7 16 -10 -11 11 -13 15 -15 20 -17 -18 -19 19 -21 -22 -23 -24 -25 -26
leaf_value=354.93876858535708 414.18877049193662 352.28876858458796 358.77076841101928 414.17210382526991 352.7237916095745 400.18876744017882 394.03876744017879 360.07043514952937 361.71876866088195 386.51098978955758 382.21210229939106 361.34352955928216 356.60711380217629 340.04624094074848 340.11042236149041 354.1352755938986 372.85593548522274 358.88876858458798 407.15560297077775 414.18877049193662 339.30076892282449 392.82876744017881 351.17676862782122 359.62876858458799 359.20635179585099
leaf_weight=31 9.9999999999999982 3.9999999999999982 5.0000000000000053 3.0000000000000009 87 4.9999999999999991 4 6 4.9999999999999991 9 14.999999999999998 184 197 18 12.999999999999998 501 3 4.9999999999999991 2.9999999999999991 3 24 5 6 4.9999999999999991 6
leaf_count=31 10 4 5 3 87 5 4 6 5 9 15 184 197 18 13 501 3 5 3 3 24 5 6 5 6
internal_value=357.202 355.756 386.737 398.049 353.602 368.961 362.993 378.849 384.101 393.426 361.778 362.917 354.273 350.55 342.146 354.833 364.332 355.487 412.87 410.672 339.585 393.367 351.622 359.202 359.008
internal_weight=1157 1103 54 33 850 21 253 18 17 12 235 199 803 105 47 698 9 36 16 6 37 9 10 16 11
internal_count=1157 1103 54 33 850 21 253 18 17 12 235 199 803 105 47 698 9 36 16 6 37 9 10 16 11
is_linear=0
shrinkage=1


Tree=1
num_leaves=28
num_cat=0
split_feature=1 3 3 7 1 2 3 7 3 1 8 8 8 8 3 3 3 6 7 8 1 5 2 3 7 2 0
split_gain=1.57334e+07 5.00134e+06 2.27804e+06 2.96042e+06 1.96312e+06 1.95125e+06 2.42679e+06 1.40191e+06 711020 501290 880106 495365 418764 345138 757707 467455 341521 278194 184228 163677 121152 99439.8 97296.3 19318.6 1513.37 1158.57 8.24404
threshold=36349.840000000004 0.83324009477560035 0.96839883296246421 5.5000000000000009 18573.335000000003 3601.4650000000006 0.90052569632243318 1.5000000000000002 0.87542446380032002 22753.290000000005 3.5000000000000004 2.5000000000000004 3.5000000000000004 4.5000000000000009 0.87975548448597574 0.90323837961414843 0.96033197461951747 75.500000000000014 1.0000000180025095e-35 4.5000000000000009 27215.530000000002 18.500000000000004 2840.1900000000005 0.96962000981229768 3.5000000000000004 17045.790000000005 41680.400000000001
decision_type=2 2 2 2 2 2 2 2 2 2 2 2 2 2 2 2 2 2 2 2 2 2 2 2 2 2 2
left_child=1 4 5 23 12 7 17 22 18 10 -6 -8 24 15 -15 -10 -9 -7 21 -20 -11 -3 -2 26 -1 -14 -4
right_child=2 8 3 -5 9 6 11 16 13 20 -12 -13 25 14 -16 -17 -18 -19 19 -21 -22 -23 -24 -25 -26 -27 -28
leaf_value=-16.074395942687989 31.624450683593757 0.12682779312133791 54.290563964843763 2.2060615539550783 -16.138022493061268 19.518549270629876 54.809680175781274 2.1757587852803142 1.9389885885501976 -3.4782651759464955 -4.1066369709215662 35.181034215291334 -4.3769382476806653 35.21615753173824 7.9608821195714619 7.5238804209933567 13.737604686948988 3.5494901438554125 -0.16029083293837471 10.134588456153871 -2.0243288110031021 6.0263119754791266 20.596285374959308 50.140995483398427 -16.860808211106523 -5.4755050023396805 54.407781982421866
leaf_weight=7.9999999999999991 5.9999999999999982 9.9999999999999982 2.9999999999999982 3.9999999999999991 19 5.0000000000000018 4.9999999999999973 22.000000000000004 67 238 76 9 3.9999999999999982 3.0000000000000027 17 85 8.9999999999999982 6 111 3.9999999999999991 360 25 3 5 26 6 3
leaf_count=8 6 10 3 4 19 5 5 22 67 238 76 9 4 3 17 85 9 6 111 4 360 25 3 5 26 6 3
internal_value=0.0971736 -1.51799 21.4779 39.0416 -3.78921 17.4247 28.3827 10.576 3.68043 -3.13898 -6.51291 42.1913 -14.0304 5.87457 12.0492 5.06212 5.53242 10.8082 1.16448 0.197792 -2.60299 4.34075 27.9484 52.4364 -16.6758 -5.03608 54.3492
internal_weight=1139 1059 80 15 737 65 25 40 322 693 95 14 44 172 20 152 31 11 150 115 598 35 9 11 34 10 6
internal_count=1139 1059 80 15 737 65 25 40 322 693 95 14 44 172 20 152 31 11 150 115 598 35 9 11 34 10 6
is_linear=0
shrinkage=0.05


Tree=2
num_leaves=27
num_cat=0
split_feature=1 3 7 1 4 2 3 7 4 1 8 8 7 0 3 4 3 3 6 0 0 3 7 3 0 1
split_gain=1.52413e+07 5.73431e+06 2.48015e+06 2.40261e+06 2.11403e+06 1.99915e+06 1.79658e+06 1.79536e+06 1.52951e+06 528157 809735 515051 732204 469497 466446 437379 243528 36396.8 30081.6 17665.3 7210.67 3488.5 2024.72 1987.43 558.366 585.707
threshold=37340.865000000013 0.85399376074079714 5.5000000000000009 18573.335000000003 44735.000000000007 3601.4650000000006 0.96277495761558618 4.5000000000000009 44810.000000000007 23884.950000000001 2.5000000000000004 4.5000000000000009 2.5000000000000004 41396.900000000009 0.87975548448597574 38272.500000000007 0.83300369910458871 0.96962000981229768 85.500000000000014 40480.450000000004 41396.900000000009 0.96839883296246421 3.5000000000000004 0.5130338296971263 41680.400000000001 38749.360000000008
decision_type=2 2 2 2 2 2 2 2 2 2 2 2 2 2 2 2 2 2 2 2 2 2 2 2 2 2
left_child=1 3 6 15 11 24 7 13 19 10 -5 12 -3 -2 -13 23 -11 21 -10 -6 -9 -8 -17 -1 25 -4
right_child=2 4 5 9 8 -7 17 20 18 16 -12 14 -14 -15 -16 22 -18 -19 -20 -21 -22 -23 -24 -25 -26 -27
leaf_value=-5.5207774571010049 30.064857700892833 5.6861644413541343 1.764705963134765 -14.670551986694335 33.480316598074765 39.231509399414065 53.720900472005226 2.1386069615681964 8.1674411773681648 -2.2939776777555898 -3.7098980726482718 23.274055035909004 -0.12749570969078278 51.538409423828114 6.9267481803894047 -15.28226283146785 0.53543901683932005 46.596553802490234 1.5440690517425535 38.066175333658848 5.6052734374999993 51.632688395182292 -16.033205440126618 -4.2155913543701171 2.1915917714436848 0.95296676456928242
leaf_weight=6.9999999999999982 7.0000000000000053 136 5.0000000000000018 20 7.0000000000000018 4.9999999999999991 2.9999999999999982 2.9999999999999991 2.9999999999999991 560 107 6.0000000000000027 90 4 15.999999999999998 12.999999999999998 88 3.9999999999999991 4 3 3 6 29 5 2.9999999999999991 4
leaf_count=7 7 136 5 20 7 5 3 3 3 560 107 6 90 4 16 13 88 4 4 3 3 6 29 5 3 4
internal_value=0.0463389 -1.15144 27.9266 -3.19811 5.25115 12.6687 36.5728 25.8729 22.3082 -2.48759 -5.43599 4.08192 3.37099 37.8734 11.3851 -13.3955 -1.90974 50.565 4.38266 34.8561 3.87194 52.3288 -15.8008 -4.97695 1.60085 1.40393
internal_weight=1141 1094 47 829 265 17 30 17 17 775 127 248 226 11 22 54 648 13 7 10 6 9 42 12 12 9
internal_count=1141 1094 47 829 265 17 30 17 17 775 127 248 226 11 22 54 648 13 7 10 6 9 42 12 12 9
is_linear=0
shrinkage=0.05


Tree=3
num_leaves=27
num_cat=0
split_feature=1 3 4 1 7 2 2 4 7 4 1 4 4 4 4 4 3 4 0 0 7 3 7 0 0 1
split_gain=1.54009e+07 4.7807e+06 2.23577e+06 1.99115e+06 1.38541e+06 2.65832e+06 2.39792e+06 1.37731e+06 1.19011e+06 1.077e+06 449739 394697 2.22577e+06 359777 315513 155306 38441.1 20321.9 16460.4 3354.5 3292.8 1785.15 1768.8 1236.36 919.198 138.976
threshold=36659.405000000006 0.85399376074079714 42910.000000000007 18573.335000000003 5.5000000000000009 1622.2750000000003 3601.4650000000006 44735.000000000007 3.5000000000000004 44810.000000000007 26810.655000000002 36212.500000000007 36349.500000000007 38272.500000000007 38272.500000000007 35397.500000000007 0.96962000981229768 35987.500000000007 38581.400000000009 39242.450000000004 2.5000000000000004 0.5130338296971263 3.5000000000000004 41257.100000000006 40970.100000000006 37858.74500000001
decision_type=2 2 2 2 2 2 2 2 2 2 2 2 2 2 2 2 2 2 2 2 2 2 2 2 2 2
left_child=1 3 20 13 5 16 23 11 -7 19 14 17 -13 21 -5 -12 -4 -3 -11 -9 -2 -1 -15 -6 -8 -22
right_child=2 7 4 10 6 8 24 9 -10 18 15 12 -14 22 -16 -17 -18 -19 -20 -21 25 -23 -24 -25 -26 -27
leaf_value=-5.2840244293212901 -0.45271374483903265 1.3607439613342276 49.990562855113637 -2.9344009049584936 1.2217324548297455 29.815499608656935 36.162867228190095 33.097851562500004 7.3299085617065431 1.4317123254140214 0.44644397321617468 23.245152079264326 3.2613577464101269 -14.515288085937499 -6.5982727671846932 -1.8829862616993212 44.2667236328125 -2.1432295481363934 6.6694584528605123 31.05013809204101 1.334245729446411 -4.0048117828369136 -15.207421684265137 2.3937969207763672 37.269934082031249 1.7844379425048826
leaf_weight=5.9999999999999982 2.9999999999999982 5.0000000000000027 10.999999999999998 214 9.0000000000000018 17.000000000000004 3 3.9999999999999982 8.9999999999999982 3 87 14.999999999999998 196 14.999999999999998 81 403 3.9999999999999991 24 3 4 4 5 24 2.9999999999999991 5 3
leaf_count=6 3 5 11 214 9 17 3 4 9 3 87 15 196 15 81 403 4 24 3 4 4 5 24 3 5 3
internal_value=0.284007 -1.18705 22.8471 -3.0142 26.4395 31.7023 15.6508 4.81955 22.032 20.064 -2.39799 3.93029 4.68201 -12.6887 -3.94041 -1.46939 48.4642 -1.5391 4.05059 32.074 0.933216 -4.70256 -14.9412 1.51475 36.8548 1.52719
internal_weight=1160 1089 71 835 61 41 20 254 26 14 785 240 211 50 295 490 15 29 6 8 10 11 39 12 8 7
internal_count=1160 1089 71 835 61 41 20 254 26 14 785 240 211 50 295 490 15 29 6 8 10 11 39 12 8 7
is_linear=0
shrinkage=0.05


Tree=4
num_leaves=27
num_cat=0
split_feature=1 3 0 2 1 3 7 2 3 1 7 7 8 0 1 8 5 8 7 7 2 1 6 1 7 0
split_gain=1.35146e+07 3.66925e+06 1.90528e+06 2.8598e+06 1.62827e+06 1.14099e+06 869429 840833 686543 660442 911779 583262 565424 558197 442518 776403 345283 305565 228793 197466 157205 85755.4 47782.9 1662.46 1645.89 641.08
threshold=36349.840000000004 0.83324009477560035 41322.55000000001 1257.1700000000003 18573.335000000003 0.96980437379853035 1.5000000000000002 3601.4650000000006 0.89758317799639031 39557.075000000004 3.5000000000000004 5.5000000000000009 4.5000000000000009 35461.950000000004 22753.290000000005 3.5000000000000004 20.500000000000004 3.5000000000000004 5.5000000000000009 2.5000000000000004 3246.105 27215.530000000002 78.500000000000014 16976.100000000002 3.5000000000000004 39981.450000000004
decision_type=2 2 2 2 2 2 2 2 2 2 2 2 2 2 2 2 2 2 2 2 2 2 2 2 2 2
left_child=1 4 3 25 17 9 20 -8 12 10 -4 13 19 -10 15 -6 -13 24 -14 -3 -5 -16 -11 -19 -1 -2
right_child=2 8 5 6 14 -7 7 -9 11 22 -12 16 18 -15 21 -17 -18 23 -20 -21 -22 -23 -24 -25 -26 -27
leaf_value=-13.789506912231445 47.777029418945318 2.16054542987243 47.470715332031169 26.553014945983893 -14.303565034412202 1.945655695597331 1.2824880843361219 15.578261793777347 17.786098098754884 47.804337565104177 18.780413436889649 11.785217503138952 19.078927879333488 3.9710973313275506 -2.9351602099110594 -3.5286061170624521 32.05962626139322 -5.4354897816975933 6.4934242468613839 -0.90246782284422022 15.251272773742674 -1.6925241600887642 40.075908406575508 -4.0286792755126948 -14.497428541917069 46.743362426757805
leaf_weight=11.999999999999998 2.9999999999999991 115 4.0000000000000062 7.9999999999999982 21 2.9999999999999991 24 18 7.9999999999999991 5.9999999999999982 8.9999999999999982 6.9999999999999982 5.0000000000000009 85 226 82 3 2.9999999999999982 13 97 5 360 3 7 26 3
leaf_count=12 3 115 4 8 21 3 24 18 8 6 9 7 5 85 226 82 3 3 13 97 5 360 3 7 26 3
internal_value=0.177489 -1.35519 19.2468 14.4825 -3.32332 30.8719 10.9067 7.40925 3.00072 34.8164 27.6082 6.39328 1.48145 5.15948 -2.70301 -5.72544 17.8675 -12.2274 9.9894 0.759072 22.2062 -2.17177 45.2282 -4.45072 -14.2739 47.2602
internal_weight=1156 1070 86 61 737 25 55 42 333 22 13 103 230 93 689 103 10 48 18 212 13 586 9 10 38 6
internal_count=1156 1070 86 61 737 25 55 42 333 22 13 103 230 93 689 103 10 48 18 212 13 586 9 10 38 6
is_linear=0
shrinkage=0.05


Tree=5
num_leaves=31
num_cat=0
split_feature=3 4 0 3 7 3 2 4 4 7 3 8 2 4 4 0 7 3 4 4 2 2 3 4 2 3 0 7 3 0
split_gain=1.02605e+07 4.84031e+06 1.78281e+06 1.13277e+06 2.14199e+06 2.05868e+06 1.10641e+06 906951 667831 649016 638792 633700 567944 343410 995106 248566 241568 97113.8 72668.3 26743.6 18050.1 15811.2 11856.3 11560.8 4657.31 2955.91 1453.67 1309.52 573.227 232.954
threshold=0.89684079943224571 42910.000000000007 34756.80000000001 0.96839883296246421 5.5000000000000009 0.91252564406869963 6206.8550000000005 38272.500000000007 38137.000000000007 4.5000000000000009 0.90323837961414843 4.5000000000000009 11348.185000000003 36212.500000000007 36767.500000000007 38336.700000000004 1.0000000180025095e-35 0.63704313014218805 30732.500000000004 43067.500000000007 7693.8050000000012 7876.7200000000003 0.92389411803651178 35012.500000000007 14193.735000000002 0.91252564406869963 40432.450000000004 3.5000000000000004 0.96962000981229768 36919.950000000004
decision_type=2 2 2 2 2 2 2 2 2 2 2 2 2 2 2 2 2 2 2 2 2 2 2 2 2 2 2 2 2 2
left_child=2 8 7 5 28 10 11 20 13 -7 -3 16 21 29 -15 -13 -4 19 -19 -8 23 -9 25 -1 -22 -10 -24 -14 -5 -2
right_child=1 3 6 4 -6 9 17 12 22 -11 -12 15 27 14 -16 -17 -18 18 -20 -21 24 -23 26 -25 -26 -27 -28 -29 -30 -31
leaf_value=0.77257948617140471 -2.083151054382324 16.575206661224357 5.0080864089908026 44.222933523995543 1.7692062377929689 21.154349931081139 -3.8213057576207556 -2.7325611925125117 -1.4321335427463051 5.496006905555725 33.555887095133464 4.7730787537314665 -13.264470574163623 25.456614112854005 6.0979127688285635 15.402492258765481 0.29937854510469314 2.1533020886507903 -1.9512873227352199 0.98211870193481454 -2.6860450571233576 -6.2705228805541999 0.45615096959200774 -2.3312931378682449 -3.9177736854553227 -0.45514159838358559 1.5692191839218141 -13.750843017578127 44.973260498046869 -1.5435287475585935
leaf_weight=5.9999999999999982 4 8.0000000000000018 33 6.9999999999999982 3.9999999999999991 8.9999999999999982 85 15.000000000000002 16.000000000000004 25 18 11.000000000000002 31 7.9999999999999991 39 10.999999999999998 156 10.999999999999998 547 2.9999999999999991 33 3.9999999999999991 10.999999999999998 6 9.9999999999999982 14.999999999999998 3.9999999999999991 25 4 4
leaf_count=6 4 8 33 7 4 9 85 15 16 25 18 11 31 8 39 11 156 11 547 3 33 4 11 6 10 15 4 25 4 4
internal_value=0.0684475 11.19 -1.91473 20.8124 33.102 17.7399 -1.08708 -7.37084 4.04473 9.64086 28.3311 2.0564 -10.9472 7.763 9.39301 10.0878 1.12153 -2.11383 -1.87037 -3.65755 -2.49399 -3.4774 -0.401016 -0.779357 -2.97249 -0.959396 0.752969 -13.4816 44.4958 -1.81334
internal_weight=1163 176 987 75 15 60 857 130 101 34 26 211 75 55 47 22 189 646 558 88 55 19 46 12 43 31 15 56 11 8
internal_count=1163 176 987 75 15 60 857 130 101 34 26 211 75 55 47 22 189 646 558 88 55 19 46 12 43 31 15 56 11 8
is_linear=0
shrinkage=0.05


Tree=6
num_leaves=30
num_cat=0
split_feature=3 4 1 4 0 4 7 2 3 0 0 3 4 7 4 4 4 7 2 0 3 3 7 0 3 0 7 7 2
split_gain=8.3637e+06 4.03026e+06 1.44675e+06 1.22946e+06 757183 1.08157e+06 689761 2.33321e+06 1.94278e+06 658871 497395 350854 311881 130767 175319 80760 110448 42489.4 42327 39487.1 16306.9 7597.76 2274.35 1895.48 1763.76 1666.67 775.667 471.265 115.989
threshold=0.87542446380032002 44735.000000000007 22753.290000000005 38272.500000000007 41396.900000000009 44012.500000000007 5.5000000000000009 3390.6550000000002 0.96033197461951747 35461.950000000004 40157.000000000007 0.83324009477560035 38137.000000000007 1.0000000180025095e-35 44395.000000000007 38272.500000000007 38452.500000000007 4.5000000000000009 7310.9450000000006 40480.450000000004 0.96839883296246421 0.56447048214001005 5.5000000000000009 41257.100000000006 0.5130338296971263 35269.700000000004 3.5000000000000004 2.5000000000000004 18459.985000000004
decision_type=2 2 2 2 2 2 2 2 2 2 2 2 2 2 2 2 2 2 2 2 2 2 2 2 2 2 2 2 2
left_child=2 4 3 21 9 -6 8 23 10 25 -3 15 -11 14 -13 18 -17 -15 -4 -9 -10 24 -23 -8 -1 -2 27 -5 -28
right_child=1 6 11 26 5 -7 7 19 20 12 -12 13 -14 17 -16 16 -18 -19 -20 -21 -22 22 -24 -25 -26 -27 28 -29 -30
leaf_value=-4.6107031685965403 19.74486796061198 3.6264020259181642 -0.5714603750329269 -12.837252165141861 43.698229980468739 5.7233115386962883 0.67192435330814759 27.672672843933114 46.730469767252622 5.6985552486108277 23.985581461588538 2.0141561402877173 1.6218546690212357 0.50836085655859542 12.126988220214844 -8.1072178310818153 -2.4561009409210901 -1.7717205153571236 -1.8021887081682288 33.038550821940099 42.324451555524547 -3.1245731483806267 -2.3718454801119289 1.8861149406433109 -3.7165522355299729 21.411534627278641 -13.147552490234373 -12.437016487121578 -12.911802673339844
leaf_weight=6.9999999999999991 2.9999999999999991 6.0000000000000018 95 19 3 5 9.0000000000000018 7.9999999999999982 2.9999999999999982 98 6 30 90 84 4.9999999999999991 8.9999999999999982 220 27 264 6 7 44 12.999999999999998 4.9999999999999991 26 3 15.000000000000002 12.000000000000002 7.9999999999999991
leaf_count=7 3 6 95 19 3 5 9 8 3 98 6 30 90 84 5 9 220 27 264 6 7 44 13 5 26 3 15 12 8
internal_value=0.00575435 8.03504 -2.29878 -6.88111 4.88914 19.9639 20.7445 15.5389 27.3697 4.2675 13.806 -1.39979 3.74694 0.79401 3.45885 -1.94451 -2.6782 -0.0462535 -1.47651 29.9723 43.6463 -3.30245 -2.9529 1.10556 -3.90622 20.5782 -12.8455 -12.6823 -13.0656
internal_weight=1130 252 878 144 202 8 50 28 22 194 12 734 188 146 35 588 229 111 359 14 10 90 57 14 33 6 54 31 23
internal_count=1130 252 878 144 202 8 50 28 22 194 12 734 188 146 35 588 229 111 359 14 10 90 57 14 33 6 54 31 23
is_linear=0
shrinkage=0.05


Tree=7
num_leaves=31
num_cat=0
split_feature=3 1 7 1 8 2 2 3 2 3 7 8 0 1 7 2 6 7 1 1 8 3 2 3 7 1 0 7 2 3
split_gain=9.65853e+06 2.61986e+06 2.94843e+06 1.81222e+06 1.27223e+06 1.17278e+06 1.15363e+06 783443 764360 902288 694800 592632 403438 725210 276391 264097 186746 184998 131353 72039.7 71693.7 38502.8 33238.5 5915.28 1792.15 1641.57 947.762 636.78 714.783 289.065
threshold=0.89684079943224571 37340.865000000013 5.5000000000000009 22753.290000000005 3.5000000000000004 3601.4650000000006 1622.2750000000003 0.83324009477560035 3636.3450000000007 0.90467304505513579 4.5000000000000009 4.5000000000000009 35461.950000000004 32162.960000000003 5.5000000000000009 4154.9700000000003 82.500000000000014 1.0000000180025095e-35 35331.125000000007 27215.530000000002 3.5000000000000004 0.96839883296246421 7103.5900000000011 0.56447048214001005 5.5000000000000009 16976.100000000002 41257.100000000006 3.5000000000000004 11981.885000000002 0.44285185766458218
decision_type=2 2 2 2 2 2 2 2 2 2 2 2 2 2 2 2 2 2 2 2 2 2 2 2 2 2 2 2 2 2
left_child=3 8 6 4 27 26 21 19 12 15 -8 17 13 -2 -13 -10 -11 -9 -14 20 -5 -3 -21 25 -25 -6 -4 28 -1 -29
right_child=1 2 5 7 23 -7 10 11 9 16 -12 14 18 -15 -16 -17 -18 -19 -20 22 -22 -23 -24 24 -26 -27 -28 29 -30 -31
leaf_value=-12.816205088297526 2.677809476852417 44.149942779540936 0.94002061784267377 -3.7325707241340922 -4.7405069986979163 31.127722167968752 27.55514780680339 3.9766471561632657 3.9812484393517154 32.572205607096365 2.5101791024208069 17.051180768012998 5.4648823931103667 35.198551305135084 5.0531139453252152 18.816363906860353 17.293694432576494 0.10703307258360313 1.4451186871528625 -0.54327816062195355 -1.8799917760754932 38.485523223876953 -1.6730101992390052 -2.9535192171732589 -2.2917147709773138 -3.5188936695908057 1.7096643606821698 -12.207331784566241 -12.005482035669788 -12.520791224429482
leaf_weight=2.9999999999999991 3.9999999999999991 4.0000000000000062 12.000000000000005 81 2.9999999999999991 3.9999999999999991 8.9999999999999982 38 12.000000000000005 5.9999999999999982 3.9999999999999991 8 63 3 12 3.9999999999999991 3 165 30 86 147 11.999999999999998 268 48 12.999999999999998 33 5.9999999999999991 12.000000000000002 29 19
leaf_count=3 4 4 12 81 3 4 9 38 12 6 4 8 63 3 12 4 3 165 30 86 147 12 268 48 13 33 6 12 29 19
internal_value=0.119152 10.891 20.4414 -1.84545 -6.70561 6.6386 30.9125 -0.879461 6.99442 14.8142 19.849 1.64045 5.03948 16.6153 9.85234 7.69003 27.4794 0.831394 4.16818 -1.84499 -2.53814 39.9016 -1.39856 -3.11244 -2.81248 -3.62069 1.19657 -12.2379 -12.0815 -12.3995
internal_weight=1141 176 51 965 160 22 29 805 125 25 13 223 100 7 20 16 9 203 93 582 228 16 354 97 61 36 18 63 32 31
internal_count=1141 176 51 965 160 22 29 805 125 25 13 223 100 7 20 16 9 203 93 582 228 16 354 97 61 36 18 63 32 31
is_linear=0
shrinkage=0.05


Tree=8
num_leaves=27
num_cat=0
split_feature=1 3 4 1 3 7 2 3 4 3 4 8 0 3 1 8 7 4 1 5 0 4 0 3 7 2
split_gain=8.93944e+06 2.50586e+06 1.59658e+06 1.27186e+06 860122 1.59569e+06 855197 1.1468e+06 531103 390386 1.17479e+06 538749 486818 375696 262173 498584 219899 185152 68227 29576.4 23183.3 5749.29 1953.58 1321.71 1101.44 412.761
threshold=36349.840000000004 0.83857227090050068 42910.000000000007 18573.335000000003 0.96667942604169388 5.5000000000000009 3601.4650000000006 0.90323837961414843 45077.500000000007 0.90323837961414843 44735.000000000007 4.5000000000000009 35461.950000000004 0.87975548448597574 23884.950000000001 2.5000000000000004 2.5000000000000004 38272.500000000007 26958.014999999999 19.500000000000004 39242.450000000004 42412.500000000007 41072.200000000004 0.49180407846407265 3.5000000000000004 3195.1550000000002
decision_type=2 2 2 2 2 2 2 2 2 2 2 2 2 2 2 2 2 2 2 2 2 2 2 2 2 2
left_child=1 3 21 17 6 19 8 -8 -4 11 12 16 -11 -13 15 -5 -3 23 -16 -6 -12 25 -23 -1 -19 -2
right_child=2 9 4 14 5 -7 7 -9 -10 10 20 13 -14 -15 18 -17 -18 24 -20 -21 -22 22 -24 -25 -26 -27
leaf_value=-4.5472887674967462 1.334163920084636 2.3344845153036573 5.4596258443593984 -11.19182464962914 34.130723571777324 1.0341738343238831 11.317485991391266 33.668218104044598 19.572157835960382 16.254596764700754 26.505306625366206 19.769620283444713 2.4252849331498147 4.9656972153981531 -2.4832008587510401 -2.7963312008551191 -1.0138322786306559 -11.212600054059711 -1.3122012008621964 39.032848358154297 21.122076225280757 -1.9131567597389219 -0.22526770432790114 -3.2619322458902995 -11.752635455953666 0.50474502245585107
leaf_weight=2.9999999999999982 2.9999999999999982 105 20 21 5.0000000000000027 3.9999999999999991 11.000000000000002 11.999999999999998 10.000000000000002 6.9999999999999991 4 6.0000000000000027 70 14.999999999999998 178 112 92 13.999999999999998 413 7.9999999999999991 4 4 3 6 29 3
leaf_count=3 3 105 20 21 5 4 11 12 10 7 4 6 70 15 178 112 92 14 413 8 4 4 3 6 29 3
internal_value=0.0632505 -1.15308 15.8755 -2.65874 18.864 28.6502 15.725 22.9787 10.1638 2.70301 5.5772 1.58235 3.6825 9.19539 -2.11625 -4.12194 0.770804 -10.2119 -1.66489 37.1474 23.8137 -0.216285 -1.18978 -3.69038 -11.5768 0.919454
internal_weight=1162 1079 83 776 70 17 53 23 30 303 85 218 77 21 724 133 197 52 591 13 8 13 7 9 43 6
internal_count=1162 1079 83 776 70 17 53 23 30 303 85 218 77 21 724 133 197 52 591 13 8 13 7 9 43 6
is_linear=0
shrinkage=0.05


Tree=9
num_leaves=28
num_cat=0
split_feature=1 3 4 1 7 2 2 7 3 0 4 1 4 4 4 4 8 3 7 2 4 0 7 1 2 6 0
split_gain=6.43681e+06 2.18597e+06 1.37695e+06 982009 608681 1.56202e+06 1.45802e+06 750173 335846 461932 431406 234219 434229 191641 114651 72746.4 69689.9 52425.2 18208.3 6061.92 4816.47 1942.76 983.333 897.649 454.662 304.435 149.585
threshold=36349.840000000004 0.83324009477560035 42910.000000000007 18573.335000000003 5.5000000000000009 3601.4650000000006 1622.2750000000003 3.5000000000000004 0.87542446380032002 35461.950000000004 44735.000000000007 22753.290000000005 38272.500000000007 38272.500000000007 35692.500000000007 38272.500000000007 4.5000000000000009 0.96839883296246421 3.5000000000000004 3784.5050000000006 42412.500000000007 41257.100000000006 3.5000000000000004 16976.100000000002 3195.1550000000002 75.500000000000014 35269.700000000004
decision_type=2 2 2 2 2 2 2 2 2 2 2 2 2 2 2 2 2 2 2 2 2 2 2 2 2 2 2
left_child=1 3 20 13 6 21 17 -8 14 26 -11 12 -5 23 18 -13 -16 -4 -3 -7 24 -6 -15 -1 -2 -22 -10
right_child=2 8 4 11 5 19 7 -9 9 10 -12 15 -14 22 16 -17 -18 -19 -20 -21 25 -23 -24 -25 -26 -27 -28
leaf_value=-4.2761171976725256 1.2581068801879887 6.0787363433837891 40.830133819580091 -2.7866598874673079 0.37406991554631114 28.104517364501959 21.363469393113078 4.6059796658429235 17.268992233276368 2.6881960695584617 12.946694673191416 -1.2739677426210569 -11.130118520636309 -10.65604699941782 -0.038070508207266152 -2.3947070724988473 5.977337474822999 33.65454428536551 2.0872133255004885 25.351809183756504 -0.44903546969095853 1.5355936845143638 -11.188638481727013 -3.2619396209716798 0.47950776418050123 -1.115343952178955 17.768300374348954
leaf_weight=2.9999999999999991 4.9999999999999982 9.9999999999999982 3.9999999999999982 87 9.0000000000000018 5.9999999999999982 17.000000000000004 10.999999999999998 2.9999999999999991 150 10.999999999999998 354 19 12.999999999999998 130 245 4.9999999999999991 7 3.9999999999999991 3 3 5.9999999999999991 26 7.9999999999999991 3 4 3
leaf_count=3 5 10 4 87 9 6 17 11 3 150 11 354 19 13 130 245 5 7 4 3 3 6 26 8 3 4 3
internal_value=-0.124628 -1.13457 13.7427 -2.59597 16.9843 10.7193 20.8397 14.7802 2.35705 3.89674 3.38909 -2.11574 -4.28219 -9.36714 0.631367 -1.73237 0.184722 36.2638 4.9383 27.1869 0.128038 0.838679 -11.0111 -3.53853 0.966132 -0.829783 17.5186
internal_weight=1149 1071 78 755 63 24 39 28 316 167 161 705 106 50 149 599 135 11 14 9 15 15 39 11 8 7 6
internal_count=1149 1071 78 755 63 24 39 28 316 167 161 705 106 50 149 599 135 11 14 9 15 15 39 11 8 7 6
is_linear=0
shrinkage=0.05


Tree=10
num_leaves=26
num_cat=0
split_feature=3 0 2 1 8 3 3 2 3 8 0 8 7 7 1 1 8 0 3 2 7 1 7 1 2
split_gain=5.72346e+06 1.80816e+06 1.35583e+06 1.24879e+06 879725 852432 608996 557548 821990 432114 320360 280138 258960 221243 178528 55310.3 67051.5 27680.7 5921.18 5450.97 1788.35 957.256 480.842 386.745 234.538
threshold=0.89684079943224571 41322.55000000001 1323.1000000000001 22753.290000000005 3.5000000000000004 0.96980437379853035 0.83324009477560035 3499.2850000000003 0.90467304505513579 4.5000000000000009 41680.400000000001 2.5000000000000004 5.5000000000000009 1.0000000180025095e-35 33370.395000000011 27215.530000000002 3.5000000000000004 41448.650000000001 0.56447048214001005 1323.1000000000001 5.5000000000000009 16976.100000000002 3.5000000000000004 20405.520000000004 18417.465000000004
decision_type=2 2 2 2 2 2 2 2 2 2 2 2 2 2 2 2 2 2 2 2 2 2 2 2 2
left_child=3 2 -2 4 22 10 15 14 -9 13 11 -3 -11 -8 -4 16 -5 -17 21 -12 -20 -6 23 -1 -24
right_child=1 5 7 6 18 -7 9 8 -10 12 19 -13 -14 -15 -16 17 -18 -19 20 -21 -22 -23 24 -25 -26
leaf_value=-10.121131951468328 35.185077667236328 11.401712250709517 7.5274996223449708 -3.300106351597365 -4.0623114267985025 1.372468638420105 4.2932806915707067 4.6076606875116175 19.502082417905331 15.291632986068723 34.813044230143234 27.988926696777341 4.0147598709378922 -0.028308879972218037 2.7009342774385363 -1.2532226846962322 -1.5531116900867539 2.4932924568653108 -2.5524948410365891 37.827168782552071 -1.9070939745221818 -3.1305927501005288 -10.717994241153491 -10.476006182502298 -10.421692033247515
leaf_weight=14.000000000000002 3.9999999999999991 4.0000000000000053 25 86 2.9999999999999991 3.9999999999999991 36 22 15.999999999999998 8 2.9999999999999991 7 14 167 82 353 152 4.9999999999999991 46 3 13.999999999999998 34 17.000000000000004 17 10.999999999999998
leaf_count=14 4 4 25 86 3 4 36 22 16 8 3 7 14 167 82 353 152 5 46 3 14 34 17 17 11
internal_value=-0.0628253 8.40439 6.4685 -1.53614 -5.63701 22.14 -0.756922 5.67632 10.879 1.45942 27.0265 21.9572 8.11544 0.738081 3.82864 -1.59363 -2.18438 -1.2009 -2.70867 36.3201 -2.4019 -3.20614 -10.4514 -10.3157 -10.6016
internal_weight=1147 170 149 977 156 21 821 145 38 225 17 11 22 203 107 596 238 358 97 6 60 37 59 31 28
internal_count=1147 170 149 977 156 21 821 145 38 225 17 11 22 203 107 596 238 358 97 6 60 37 59 31 28
is_linear=0
shrinkage=0.05


Tree=11
num_leaves=27
num_cat=0
split_feature=1 3 4 1 4 4 4 3 3 3 3 3 8 3 7 3 4 4 0 7 0 3 0 0 7 1
split_gain=6.72877e+06 1.94655e+06 1.55148e+06 816836 761331 543141 555694 442041 838419 641993 694658 534563 311559 643842 417598 122651 115383 63023.6 25557.6 8573.66 6095.48 5031.23 3607.47 1244.17 465.592 410.333
threshold=36349.840000000004 0.85988238519169591 42910.000000000007 22753.290000000005 38272.500000000007 44735.000000000007 45077.500000000007 0.96839883296246421 0.97108273596347094 0.9141067886808939 0.90323837961414843 0.92389411803651178 4.5000000000000009 0.87975548448597574 2.5000000000000004 0.81740553608274269 35692.500000000007 30732.500000000004 41448.650000000001 5.5000000000000009 38985.700000000004 0.56447048214001005 39242.450000000004 41008.750000000007 3.5000000000000004 37133.655000000006
decision_type=2 2 2 2 2 2 2 2 2 2 2 2 2 2 2 2 2 2 2 2 2 2 2 2 2 2
left_child=1 3 19 4 21 12 22 9 18 10 -4 -11 14 -14 -3 17 -17 -5 -9 23 -8 -1 -7 -2 -6 -21
right_child=2 5 7 15 24 6 20 8 -10 11 -12 -13 13 -15 -16 16 -18 -19 -20 25 -22 -23 -24 -25 -26 -27
leaf_value=-3.0241144901997337 -2.1556134700775158 3.650679428735748 12.182905714213845 1.1175078082084657 -9.8531138420104991 23.767616271972663 0.45446563164393095 33.041528756277906 1.3996785481770835 0.57400509953498824 28.86549260066106 14.619619265340624 26.46003746986387 4.2829419818189409 -1.3763381692229726 2.5830085001885892 -0.70254939733831978 -1.7450663509617848 28.031413269042964 0.32048566341400142 3.6418060938517245 -2.2753718309235156 21.473953755696609 -0.90853231549262992 -10.148041368567426 1.0601548194885253
leaf_weight=37 3.9999999999999973 128 12.000000000000002 20 32 3.9999999999999982 3 6.9999999999999982 2.9999999999999991 10.000000000000002 12.999999999999998 21 4.0000000000000027 18 61 32 162 498 4 3 3 57 3 4 23 5
leaf_count=37 4 128 12 20 32 4 3 7 3 10 13 21 4 18 61 32 162 498 4 3 3 57 3 4 23 5
internal_value=0.209839 -0.857233 13.6723 -1.93745 -5.30398 3.29484 13.2139 16.8831 24.8297 14.8964 20.8579 10.0888 2.68371 8.31514 2.0282 -1.23293 -0.160602 -1.63454 31.2197 -0.374647 2.04814 -2.57009 22.7846 -1.53207 -9.97645 0.782779
internal_weight=1171 1085 86 861 149 224 13 70 14 56 25 31 211 22 189 712 194 518 11 16 6 94 7 8 55 8
internal_count=1171 1085 86 861 149 224 13 70 14 56 25 31 211 22 189 712 194 518 11 16 6 94 7 8 55 8
is_linear=0
shrinkage=0.05


Tree=12
num_leaves=26
num_cat=0
split_feature=1 3 7 4 2 1 3 7 7 4 4 0 1 4 4 4 4 3 3 4 3 6 3 7 0
split_gain=6.14767e+06 2.17782e+06 1.65516e+06 1.00992e+06 840362 784271 484392 635202 454568 391327 423463 270755 227783 199462 183155 147477 111766 52953 41815.9 36546.9 17768 1910.47 991.302 761.52 657.759
threshold=37340.865000000013 0.85399376074079714 5.5000000000000009 44395.000000000007 3601.4650000000006 18573.335000000003 0.96033197461951747 4.5000000000000009 5.5000000000000009 38137.000000000007 36212.500000000007 41396.900000000009 26958.014999999999 38272.500000000007 44585.000000000007 38272.500000000007 35397.500000000007 0.96839883296246421 0.9092531901844837 42910.000000000007 0.96962000981229768 79.500000000000014 0.97108273596347094 3.5000000000000004 34627.400000000009
decision_type=2 2 2 2 2 2 2 2 2 2 2 2 2 2 2 2 2 2 2 2 2 2 2 2 2
left_child=1 5 6 9 21 15 7 11 14 10 -3 -2 13 -7 -5 24 -14 -8 -10 -11 -19 22 -4 -17 -1
right_child=2 3 4 8 -6 12 17 -9 18 19 -12 -13 16 -15 -16 23 -18 20 -20 -21 -22 -23 -24 -25 -26
leaf_value=-2.3665473937988284 19.199172019958478 -1.8861853808164597 0.26392399966716756 14.13828288487025 23.883731079101565 -1.7518479757491621 36.355318450927733 1.5026091456413271 21.493637084960941 -1.44835254383976 4.8252245666519293 35.131310272216801 0.82950634726558836 -4.5194877811977943 4.5285345883930432 -9.1208016028771031 -1.1934085523346802 31.269268290201826 14.571637407938637 0.9508115525950086 26.967141914367673 -0.72143766283988953 1.3296946207682292 -9.5894903036264267 -3.170296886989048
leaf_weight=3.9999999999999982 8.0000000000000053 29 8.0000000000000018 7.0000000000000027 4.9999999999999991 217 3.9999999999999991 3.9999999999999991 7.9999999999999982 57 124 3.9999999999999991 83 93 17 12.999999999999998 385 5.9999999999999982 3 22 4 3.9999999999999991 2.9999999999999991 26 7
leaf_count=4 8 29 8 7 5 217 4 4 8 57 124 4 83 93 17 13 385 6 3 22 4 4 3 26 7
internal_value=0.128073 -0.654817 17.2734 3.27194 6.13167 -1.92105 24.7012 18.7581 11.1891 2.07754 3.55313 24.5099 -1.53095 -2.58214 7.33138 -7.99111 -0.834644 31.4932 19.6058 -0.780231 29.5484 0.214315 0.554589 -9.43326 -2.87802
internal_weight=1145 1095 50 267 20 828 30 16 35 232 153 12 778 310 24 50 468 14 11 79 10 15 11 39 11
internal_count=1145 1095 50 267 20 828 30 16 35 232 153 12 778 310 24 50 468 14 11 79 10 15 11 39 11
is_linear=0
shrinkage=0.05


Tree=13
num_leaves=29
num_cat=0
split_feature=3 4 4 4 7 0 4 5 4 2 8 0 2 0 4 2 7 7 4 2 4 3 0 2 3 2 2 0
split_gain=5.318e+06 2.37922e+06 943543 1.04177e+06 1.01255e+06 841868 624828 1.20919e+06 459599 424277 323018 233430 229937 207912 203562 118536 116580 63595.7 127865 50398.4 49247.3 14226.9 13486.2 10752.8 16531.3 10344.9 2762.37 728.544
threshold=0.89684079943224571 42910.000000000007 44012.500000000007 44735.000000000007 5.5000000000000009 34756.80000000001 36767.500000000007 19.500000000000004 38272.500000000007 6364.7200000000003 4.5000000000000009 38336.700000000004 11348.185000000003 36026.400000000009 38137.000000000007 4088.4400000000005 1.0000000180025095e-35 2.5000000000000004 43067.500000000007 10302.280000000001 37162.000000000007 0.92389411803651178 36919.950000000004 7693.8050000000012 0.81466068489254506 7876.7200000000003 14193.735000000002 32878.05000000001
decision_type=2 2 2 2 2 2 2 2 2 2 2 2 2 2 2 2 2 2 2 2 2 2 2 2 2 2 2 2
left_child=5 6 -3 15 -5 8 7 22 23 10 16 -12 25 -9 20 -4 -7 18 -11 -19 -8 -16 -2 24 -1 -10 -25 -14
right_child=1 2 3 4 -6 9 14 13 12 17 11 -13 27 -15 21 -17 -18 19 -20 -21 -22 -23 -24 26 -26 -27 -28 -29
leaf_value=2.3028923273086548 -2.8854241371154794 35.572006225585938 0.86465433056155827 23.445889727274576 9.8752796828746803 3.3457738054209742 0.97455455859502171 38.911631266276032 -1.7675529700059152 -1.1672651856344332 2.029138587071345 11.925726504759355 -8.8258281707763668 20.296564229329423 -1.7386267183155848 11.752076562245687 -0.088634246302222067 -1.3322773619331945 3.0116227209568027 -2.4704416829114524 4.7149697043678982 0.25194996962180505 1.5493670781453446 -1.7633140994656473 -1.5602759069866605 -4.6752988338470463 -2.6567706743876141 -9.1814732233683269
leaf_weight=3.9999999999999991 3.9999999999999982 4.9999999999999991 15.000000000000002 27 28 29 11.999999999999998 3 13.000000000000002 216 13.000000000000002 10.999999999999998 24 3 29 2.9999999999999991 167 213 20 179 33 12.999999999999998 3 31 8.9999999999999982 3.9999999999999991 11.999999999999998 36
leaf_count=4 4 5 15 27 28 29 12 3 13 216 13 11 24 3 29 3 167 213 20 179 33 13 3 31 9 4 12 36
internal_value=0.0629913 8.01409 14.5594 13.1202 16.5372 -1.37972 2.90875 13.1332 -5.07825 -0.799639 1.08994 6.56507 -7.58484 29.6041 1.38096 2.67922 0.419518 -1.46159 -0.813122 -1.852 3.71753 -1.1225 -0.984799 -1.63169 -0.371609 -2.45173 -2.01265 -9.03922
internal_weight=1159 178 78 73 55 981 100 13 133 848 220 24 77 6 87 18 196 628 236 392 45 42 7 56 13 17 43 60
internal_count=1159 178 78 73 55 981 100 13 133 848 220 24 77 6 87 18 196 628 236 392 45 42 7 56 13 17 43 60
is_linear=0
shrinkage=0.05


Tree=14
num_leaves=22
num_cat=0
split_feature=1 2 4 1 4 4 7 4 4 8 7 0 1 4 4 4 3 0 1 7 2
split_gain=3.72148e+06 1.31477e+06 818311 590401 548457 444204 415300 342549 372417 232462 308040 283618 159877 292107 126505 50161.7 7279.08 3535.55 1003.87 577.252 394.662
threshold=36349.840000000004 6364.7200000000003 42910.000000000007 18573.335000000003 44012.500000000007 44395.000000000007 5.5000000000000009 44735.000000000007 45077.500000000007 4.5000000000000009 2.5000000000000004 38494.600000000006 22753.290000000005 38272.500000000007 38272.500000000007 30732.500000000004 0.91544160229482785 41214.750000000007 16976.100000000002 3.5000000000000004 3195.1550000000002
decision_type=2 2 2 2 2 2 2 2 2 2 2 2 2 2 2 2 2 2 2 2 2
left_child=1 7 16 14 -4 17 -7 9 -9 10 -1 -11 13 -5 18 -14 -2 -6 -3 -16 -18
right_child=2 3 4 12 5 6 -8 8 -10 11 -12 -13 15 -15 19 -17 20 -19 -20 -21 -22
leaf_value=2.3426044763122476 -1.5773876786231995 -3.4362434387207035 29.009631958007812 -2.1545258222624315 0.0041805624961853026 17.822448910199679 8.4883236234838311 20.555610351562507 1.2574986791610716 3.2026130965777804 -1.0514753388908675 15.528936926523844 1.4465232342481613 -8.8630894470214852 -8.2237560565655041 -1.3906588844300525 0.99847614288330055 2.175370089213053 -2.3801125208536784 -8.6292919300220632 0.27306861082712802
leaf_weight=181 5.9999999999999991 2.9999999999999991 4.9999999999999991 86 5 26 22 4.9999999999999982 5 21.000000000000004 106 5.9999999999999991 15.999999999999998 20 12.999999999999998 592 5 3 8.9999999999999982 27 3
leaf_count=181 6 3 5 86 5 26 22 5 5 21 106 6 16 20 13 592 5 3 9 27 3
internal_value=-0.13235 -0.87363 10.6409 -2.00301 13.143 11.7263 13.5443 1.79645 10.9066 1.50632 1.08904 5.9418 -1.6284 -3.42029 -7.14672 -1.316 -0.26091 0.818377 -2.64415 -8.49749 0.726448
internal_weight=1165 1090 75 766 61 56 48 324 10 314 287 27 714 106 52 608 14 8 12 40 8
internal_count=1165 1090 75 766 61 56 48 324 10 314 287 27 714 106 52 608 14 8 12 40 8
is_linear=0
shrinkage=0.05


Tree=15
num_leaves=27
num_cat=0
split_feature=1 3 7 2 7 1 2 4 4 2 7 2 0 0 4 4 2 7 3 0 0 6 0 0 7 6
split_gain=4.65819e+06 1.65755e+06 1.27916e+06 621170 636341 612551 548453 484015 410531 644046 323653 231961 198806 119014 109021 106935 106341 72658.1 45909.8 42509.2 16478.6 2764.95 2366.45 1645.38 835.326 738.663
threshold=37340.865000000013 0.87542446380032002 5.5000000000000009 1622.2750000000003 4.5000000000000009 18573.335000000003 3687.8050000000003 44395.000000000007 38137.000000000007 2840.1900000000005 5.5000000000000009 7103.5900000000011 41396.900000000009 34756.80000000001 42910.000000000007 38272.500000000007 4154.9700000000003 1.0000000180025095e-35 0.96839883296246421 38891.150000000009 41448.650000000001 79.500000000000014 41396.900000000009 41300.350000000006 3.5000000000000004 73.500000000000014
decision_type=2 2 2 2 2 2 2 2 2 2 2 2 2 2 2 2 2 2 2 2 2 2 2 2 2 2
left_child=1 5 3 18 12 15 21 8 9 -3 16 17 -5 -13 -10 25 -9 -7 -2 -12 -20 23 -6 -4 -17 -1
right_child=2 7 6 4 22 11 -8 10 14 -11 19 13 -14 -15 -16 24 -18 -19 20 -21 -22 -23 -24 -25 -26 -27
leaf_value=-3.1922990163167317 32.474135589599612 24.268932056427005 1.0039253592491144 16.172250802176332 0.017849675814310708 1.738901107915892 23.282400512695315 1.3429675623774524 -1.4168071650916882 3.8004613737670745 11.893913205464671 -3.7636370003223423 30.145662689208979 -1.4807826580110031 2.9764141634890908 -7.812469228108724 9.2657538255055751 -0.35273666730494174 27.854760306222104 19.007716587611608 24.096499786376953 -1.2183907890319825 2.0038211663564041 -0.35660967722535131 -8.2881100654602058 -2.2723072052001956
leaf_weight=2.9999999999999991 3.9999999999999991 3.9999999999999991 4.0000000000000018 7.0000000000000018 2.9999999999999991 52 2.9999999999999991 8.0000000000000018 55 98 3.0000000000000018 64 4 529 19 14.999999999999998 8.9999999999999982 206 6.9999999999999982 7 5 4.9999999999999991 3 5 24 7.9999999999999991
leaf_count=3 4 4 4 7 3 52 3 8 55 98 3 64 4 529 19 15 9 206 7 7 5 5 3 5 24 8
internal_value=0.0969832 -0.579063 15.0241 20.7641 14.109 -1.49867 3.88164 3.50256 2.5463 4.60315 9.73597 -1.18266 21.2535 -1.72716 -0.288818 -6.87714 5.53738 0.0688337 27.8351 16.8736 26.2888 -0.275664 1.01084 0.248073 -8.10517 -2.52321
internal_weight=1154 1104 50 33 17 901 17 203 176 102 27 851 11 593 74 50 17 258 16 10 12 14 6 9 39 11
internal_count=1154 1104 50 33 17 901 17 203 176 102 27 851 11 593 74 50 17 258 16 10 12 14 6 9 39 11
is_linear=0
shrinkage=0.05


Tree=16
num_leaves=29
num_cat=0
split_feature=3 4 0 3 7 2 4 4 5 3 0 4 8 0 4 7 3 8 4 3 6 0 7 2 0 3 3 2
split_gain=3.69637e+06 1.80553e+06 712964 599833 584879 952107 720716 331399 805834 316595 248113 171652 143139 281419 135493 126799 72410.2 196910 75782.7 41433.6 14231.6 3460.13 505.892 451.111 654.412 221.361 197.194 0.254052
threshold=0.89684079943224571 44735.000000000007 41396.900000000009 0.54875589111425105 5.5000000000000009 3390.6550000000002 45077.500000000007 36767.500000000007 19.500000000000004 0.82405847256116604 40157.000000000007 38272.500000000007 4.5000000000000009 38494.600000000006 35692.500000000007 1.5000000000000002 0.65951969598850224 2.5000000000000004 30732.500000000004 0.96839883296246421 78.500000000000014 41257.100000000006 3.5000000000000004 16875.290000000005 35797.450000000004 0.53430856926819514 0.44285185766458218 16657.830000000005
decision_type=2 2 2 2 2 2 2 2 2 2 2 2 2 2 2 2 2 2 2 2 2 2 2 2 2 2 2 2
left_child=3 2 7 11 6 21 19 8 -2 16 -8 23 14 -14 -11 -9 17 -5 -18 -3 -7 -6 27 25 -25 -1 -24 -13
right_child=1 4 -4 9 5 20 10 15 -10 12 -12 22 13 -15 -16 -17 18 -19 -20 -21 -22 -23 26 24 -26 -27 -28 -29
leaf_value=-1.869710572560626 -1.2695698976516727 30.850428771972659 21.927502746582032 -7.3249452167087128 -1.5686198711395258 22.231670761108404 0.23244463801383952 3.8278385914289035 21.960175432477676 4.4020538330078125 15.198779635959202 -7.4260896682739279 0.88024339477221147 12.695171247209821 -0.099728693754828152 0.17752512199956863 2.4680664334978379 -1.7314872663497927 -1.2637566935061912 24.974377504984538 18.381394195556638 0.23245576471090318 -7.6234141956676114 -3.3486999511718709 -2.5510575082567004 -2.4771100997924798 -7.8951047560747938 -7.4124791463216146
leaf_weight=3.0000000000000027 7.9999999999999982 3.9999999999999991 4.9999999999999991 18 8.0000000000000018 3.9999999999999982 4.0000000000000027 39 7 18 8.9999999999999982 7.9999999999999982 18.000000000000004 6.9999999999999991 234 61 13.999999999999998 125 481 11.999999999999998 6 3.9999999999999991 11.000000000000002 3.0000000000000027 18 3 17 6
leaf_count=3 8 4 5 18 8 4 4 39 7 18 9 8 18 7 234 61 14 125 481 12 6 4 11 3 18 3 17 6
internal_value=0.0084627 6.79372 3.44431 -1.17068 14.6747 8.52709 19.3384 2.64069 9.57098 -0.831681 10.5938 -5.66614 0.579823 4.18842 0.221827 1.60115 -1.44451 -2.43556 -1.15821 26.4434 19.9215 -0.968261 -7.66566 -2.55576 -2.66501 -2.17341 -7.78837 -7.42026
internal_weight=1155 171 120 984 51 22 29 115 15 915 13 69 277 25 252 100 638 143 495 16 10 12 42 27 21 6 28 14
internal_count=1155 171 120 984 51 22 29 115 15 915 13 69 277 25 252 100 638 143 495 16 10 12 42 27 21 6 28 14
is_linear=0
shrinkage=0.05


Tree=17
num_leaves=31
num_cat=0
split_feature=3 4 1 4 4 6 0 2 7 2 3 0 8 7 4 0 6 4 4 3 1 1 0 2 0 2 1 7 6 7
split_gain=3.16185e+06 1.59659e+06 624410 454951 348594 1.05522e+06 358166 332696 330377 1.03353e+06 436520 223838 222088 176732 168129 153940 101359 53155.8 77873.5 52286.8 44700.2 13145.3 7228.56 4149.96 3014.27 2049.67 1438.1 945.516 512.148 443.097
threshold=0.89684079943224571 44735.000000000007 22753.290000000005 38272.500000000007 36767.500000000007 80.500000000000014 41499.100000000013 6088.1050000000005 5.5000000000000009 3390.6550000000002 0.96033197461951747 36026.400000000009 4.5000000000000009 5.5000000000000009 44395.000000000007 40280.350000000006 73.500000000000014 39497.500000000007 43067.500000000007 0.96962000981229768 26304.610000000004 33494.120000000003 40950.80000000001 13886.985000000002 41257.100000000006 16657.830000000005 18573.335000000003 3.5000000000000004 75.500000000000014 3.5000000000000004
decision_type=2 2 2 2 2 2 2 2 2 2 2 2 2 2 2 2 2 2 2 2 2 2 2 2 2 2 2 2 2 2
left_child=2 4 3 23 5 21 16 12 10 24 15 -7 14 -14 -4 -3 -6 20 -19 -12 -9 -2 -11 27 -10 -25 29 -1 -28 -5
right_child=1 8 7 26 6 11 -8 17 9 22 19 -13 13 -15 -16 -17 -18 18 -20 -21 -22 -23 -24 25 -26 -27 28 -29 -30 -31
leaf_value=-1.6601832117353159 -2.6808544794718432 1.3260682026545192 0.035103918170663204 -7.0471013387044268 6.7892811059951788 34.878605143229173 15.115190197229385 -1.6062640847578162 -1.472701729089021 17.878357950846354 26.680146280924482 16.811230468749997 11.239157915115355 2.3764510774612426 5.0150098455579659 14.607245445251465 0.91644485493087113 -2.3443087970768963 -0.22264031454668209 19.058041381835938 -0.46780356346981683 1.3727385203043616 20.11885706583659 -1.85792885761635 0.20833298414945603 -2.4448548180716383 -8.4344245910644435 -0.92897402445475263 -7.7187797037760424 -7.4065963490804041
leaf_weight=7.0000000000000027 5.9999999999999982 3.0000000000000027 157 11.999999999999998 7.9999999999999991 2.9999999999999991 4.9999999999999991 124 8.0000000000000018 8.9999999999999982 8.9999999999999982 4 9 15 19 7.9999999999999991 90 162 59 2.9999999999999991 283 3 5.9999999999999991 51 3.9999999999999991 21 3.0000000000000027 11.999999999999998 14.999999999999998 30
leaf_count=7 6 3 157 12 8 3 5 124 8 9 9 4 9 15 19 8 90 162 59 3 283 3 6 51 4 21 3 12 15 30
internal_value=-0.0370304 6.27861 -1.12727 -4.08419 3.12844 9.99461 2.06185 -0.588023 13.776 10.0248 18.1796 24.5544 1.18798 5.69997 0.572707 10.9851 1.39586 -1.15363 -1.77789 24.7746 -0.814656 -1.32966 18.7746 -1.85566 -0.912357 -2.02912 -7.46413 -1.19837 -7.83805 -7.30388
internal_weight=1148 169 979 151 119 16 103 828 50 27 23 7 200 24 176 11 98 628 221 12 407 9 15 91 12 72 60 19 18 42
internal_count=1148 169 979 151 119 16 103 828 50 27 23 7 200 24 176 11 98 628 221 12 407 9 15 91 12 72 60 19 18 42
is_linear=0
shrinkage=0.05


Tree=18
num_leaves=22
num_cat=0
split_feature=1 1 0 2 0 1 3 2 3 4 8 2 4 4 4 1 8 4 0 4 2
split_gain=3.03539e+06 911124 437569 607370 431655 393831 332781 313797 537336 390484 253744 354540 177060 399642 163794 105251 204245 55870.3 27980.8 18091.3 239.139
threshold=36349.840000000004 31832.740000000009 41322.55000000001 1323.1000000000001 35461.950000000004 16976.100000000002 0.96980437379853035 3601.4650000000006 0.90467304505513579 45077.500000000007 4.5000000000000009 4654.1650000000018 44735.000000000007 44012.500000000007 37329.500000000007 25387.780000000002 2.5000000000000004 39497.500000000007 41680.400000000001 38272.500000000007 18635.275000000005
decision_type=2 2 2 2 2 2 2 2 2 2 2 2 2 2 2 2 2 2 2 2 2
left_child=1 5 3 -2 -3 19 12 9 -9 -5 14 -12 13 -4 -6 16 -7 -17 -14 -1 -21
right_child=2 4 6 7 10 15 -8 8 -10 -11 11 -13 18 -15 -16 17 -18 -19 -20 20 -22
leaf_value=-2.8284327189127607 23.769345092773438 16.179097919464112 27.472327677408817 -0.28526875050365924 2.5033444005861742 -6.251794624328614 -0.085278663535912846 3.47950846672058 21.541620309012277 13.918608856201173 2.9736987749735508 18.347709439992908 20.122047206333704 5.1216697275638579 0.058620586050622293 -0.63683907004137152 -1.662979223188116 -1.8279441258064786 25.3642894744873 -6.8208587392171225 -7.1943530273437508
leaf_weight=2.9999999999999991 4.9999999999999991 4.9999999999999991 3.0000000000000036 25.000000000000004 111 28 2.9999999999999991 10.000000000000002 6.9999999999999991 5.9999999999999991 15.000000000000002 4.9999999999999991 7 6 179 379 181 133 4 30 4.9999999999999991
leaf_count=3 5 5 3 25 111 28 3 10 7 6 15 5 7 6 179 379 181 133 4 30 5
internal_value=0.0278336 -0.6555 9.68442 7.18515 1.60509 -1.59369 15.4436 5.45763 10.9168 2.46387 1.37003 6.8172 17.7729 12.5719 0.99436 -1.33222 -2.27775 -0.946247 22.0283 -6.55481 -6.87422
internal_weight=1150 1074 76 53 315 759 23 48 17 31 310 20 20 9 290 721 209 512 11 38 35
internal_count=1150 1074 76 53 315 759 23 48 17 31 310 20 20 9 290 721 209 512 11 38 35
is_linear=0
shrinkage=0.05


Tree=19
num_leaves=23
num_cat=0
split_feature=1 1 4 4 4 1 0 8 3 3 4 1 8 2 4 4 3 4 0 3 3 2
split_gain=2.63508e+06 748508 562888 482318 441603 410582 399064 198700 309386 178840 156524 100347 168254 72670.3 68637.5 48488 7946.2 2480.14 541.974 411.3 260.833 208.841
threshold=36349.840000000004 32325.540000000005 42910.000000000007 44012.500000000007 44395.000000000007 18992.960000000003 35961.150000000001 4.5000000000000009 0.87975548448597574 0.96667942604169388 37329.500000000007 26385.655000000006 2.5000000000000004 3991.9600000000005 38272.500000000007 35397.500000000007 0.91252564406869963 42752.500000000007 33232.750000000007 0.5130338296971263 0.91671958768685347 3195.1550000000002
decision_type=2 2 2 2 2 2 2 2 2 2 2 2 2 2 2 2 2 2 2 2 2 2
left_child=1 5 16 13 20 14 -3 10 -9 -6 -8 12 -7 -4 19 -13 17 -2 -16 -1 -5 -18
right_child=2 6 3 4 9 11 7 8 -10 -11 -12 15 -14 -15 18 -17 21 -19 -20 -21 -22 -23
leaf_value=-2.5034531784057621 -2.8602296670277925 17.270006561279299 29.90585581461589 0.34849442938963587 9.0996076107795911 -4.9963734149932861 2.711735435543094 16.847898635864247 2.699005772085751 15.444381372465029 0.057591454103225616 0.29774676344046991 -1.4016056535950154 18.900532277425125 -6.4917138290405276 -0.9544700493965701 0.87253032922744733 -0.82711205482482897 -6.8893012364705406 -1.8894292195638021 -0.2087450793811253 0.32066141366958612
leaf_weight=4.9999999999999982 2.9999999999999982 3.9999999999999991 2.9999999999999991 2.9999999999999982 29 38 84 5.0000000000000027 17 18 164 96 227 3 30 397 4 3 11.999999999999998 6 7 3
leaf_count=5 3 4 3 3 29 38 84 5 17 18 164 96 227 3 30 397 4 3 12 6 7 3
internal_value=-0.0361155 -0.666554 8.96422 10.9189 9.4995 -1.42989 1.59282 1.36057 5.91466 11.5295 0.956576 -1.13241 -1.91708 24.4032 -5.68447 -0.710631 -0.508455 -1.84367 -6.60531 -2.16853 -0.0415732 0.636015
internal_weight=1161 1085 76 63 57 811 274 270 22 47 248 758 265 6 53 493 13 6 42 11 10 7
internal_count=1161 1085 76 63 57 811 274 270 22 47 248 758 265 6 53 493 13 6 42 11 10 7
is_linear=0
shrinkage=0.05


Tree=20
num_leaves=31
num_cat=0
split_feature=3 4 4 5 0 0 7 2 2 4 2 8 4 0 0 2 4 6 7 4 3 2 0 6 3 2 4 0 2 2
split_gain=2.46356e+06 1.24777e+06 465311 821378 418008 263076 245392 992567 591421 233345 213451 174824 206821 165999 144092 113698 106566 75700.4 46056.6 112299 40717.6 32376.6 10485.5 7065.35 5671.19 3168.52 7263.68 2329.71 2022.24 128.789
threshold=0.89684079943224571 44395.000000000007 36767.500000000007 19.500000000000004 34756.80000000001 41556.150000000009 5.5000000000000009 3390.6550000000002 1622.2750000000003 38272.500000000007 6088.1050000000005 4.5000000000000009 37941.500000000007 36026.400000000009 40157.000000000007 11348.185000000003 44395.000000000007 73.500000000000014 2.5000000000000004 43067.500000000007 0.96839883296246421 9946.6850000000013 37028.350000000013 86.500000000000014 0.90742128172380265 14193.735000000002 33577.500000000007 41257.100000000006 15670.530000000001 16354.320000000002
decision_type=2 2 2 2 2 2 2 2 2 2 2 2 2 2 2 2 2 2 2 2 2 2 2 2 2 2 2 2 2 2
left_child=4 2 3 22 9 17 8 27 20 25 11 16 -13 -5 -10 23 -6 -4 19 -12 -3 -20 -2 -11 -9 26 -1 -8 -17 -27
right_child=1 6 5 13 10 -7 7 24 14 15 18 12 -14 -15 -16 28 -18 -19 21 -21 -22 -23 -24 -25 -26 29 -28 -29 -30 -31
leaf_value=-0.22838599814309016 -2.7947030544281013 26.19748764038086 6.3184516270955413 31.993890380859366 -0.021890406965450117 15.888767369588217 -2.1794262727101636 15.622013600667319 -0.13756669163703905 -2.3751043319702143 -0.77808000256658583 12.25958420208522 1.599463943334726 16.434914970397948 10.622911548614503 -6.8996426476372621 4.0398563206195837 0.53114968780620198 -0.89382624157232127 2.9517750696702438 20.228573646545414 -1.7961285444016153 1.1157101949055988 0.027927756309509277 17.606534661187066 -1.8330889701843263 -1.5070668845341124 -0.83332343101501472 -6.2614754581451422 -2.2113732973734539
leaf_weight=18 3.9999999999999982 3.9999999999999991 5.9999999999999991 3 157 2.9999999999999991 9.0000000000000018 5.9999999999999991 4.0000000000000027 13.000000000000002 244 7.0000000000000009 13 4 13.999999999999998 18 18 97 211 22 9.9999999999999982 188 3 3.9999999999999991 8.9999999999999982 8.9999999999999982 29 4.9999999999999991 40 2.9999999999999991
leaf_count=18 4 4 6 3 157 3 9 6 4 13 244 7 13 4 14 18 18 97 211 22 10 188 3 4 9 9 29 5 40 3
internal_value=0.0195639 5.38477 2.4249 10.9921 -0.957401 1.29338 11.2075 7.87619 14.2264 -3.55496 -0.552664 0.902004 5.33051 23.103 8.23169 -5.40556 0.395889 0.868274 -0.979221 -0.469596 21.934 -1.31897 -1.11881 -1.80969 16.8127 -1.20251 -1.01736 -1.69868 -6.45953 -1.92766
internal_weight=1175 181 120 14 994 106 61 29 32 134 860 195 20 7 18 75 175 103 665 266 14 399 7 17 15 59 47 14 58 12
internal_count=1175 181 120 14 994 106 61 29 32 134 860 195 20 7 18 75 175 103 665 266 14 399 7 17 15 59 47 14 58 12
is_linear=0
shrinkage=0.05


Tree=21
num_leaves=28
num_cat=0
split_feature=1 1 4 7 2 2 7 1 4 4 0 4 3 4 4 1 4 7 0 1 3 0 0 2 2 7 2
split_gain=2.29982e+06 638102 498737 316063 589303 446032 391217 308329 196857 777693 149162 109220 108796 172388 89499.4 179885 74855.3 61886.3 37744 22014 9012.15 3348.95 2060.46 1857.44 494.266 483.311 224.179
threshold=36420.100000000013 31832.740000000009 42910.000000000007 5.5000000000000009 3601.4650000000006 1622.2750000000003 3.5000000000000004 18992.960000000003 36349.500000000007 36212.500000000007 36394.350000000013 35692.500000000007 0.86716417489869835 44395.000000000007 38272.500000000007 23970.810000000005 38272.500000000007 1.5000000000000002 41448.650000000001 24115.515000000003 0.91544160229482785 40970.100000000006 41008.750000000007 1323.1000000000001 16875.290000000005 3.5000000000000004 2992.3950000000004
decision_type=2 2 2 2 2 2 2 2 2 2 2 2 2 2 2 2 2 2 2 2 2 2 2 2 2 2 2
left_child=1 7 20 5 23 18 -7 16 9 11 -11 -3 17 -14 19 -16 24 -10 -4 -9 22 -6 -2 -5 -1 -18 -22
right_child=2 8 3 4 21 6 -8 14 12 10 -12 -13 13 -15 15 -17 25 -19 -20 -21 26 -23 -24 -25 -26 -27 -28
leaf_value=-1.5214866956075035 -2.9531688054402681 4.7160927772521974 22.124920145670572 -2.3575617074966408 14.465975952148433 13.58525097495631 1.7366745883768258 -1.3778639698170481 1.5211146756525964 24.872938028971355 11.999116007486981 -1.5430279070916384 1.0737080530119194 6.7098682133356737 -6.0416269222895309 -1.4555085505758014 -5.720547837477465 -1.0806489455288855 16.287588262557986 -0.55877818690935777 0.85921888351440412 16.57909225463867 -1.1000347296396888 -1.0626271406809489 -2.1073539733886721 -6.0855415344238288 0.28744236628214509
leaf_weight=5.9999999999999991 2.9999999999999982 9.9999999999999982 8.9999999999999982 4.0000000000000027 3 19.000000000000004 10.999999999999998 105 31 2.9999999999999991 8.9999999999999982 23 142 14.999999999999998 24 196 12.999999999999998 87 3.9999999999999991 375 4 5 3 8.9999999999999982 8.9999999999999982 30 3
leaf_count=6 3 10 9 4 3 19 11 105 31 3 9 23 142 15 24 196 13 87 4 375 4 5 3 9 9 30 3
internal_value=-0.0242883 -0.620584 8.32386 10.1375 5.1095 12.593 9.24077 -1.41098 1.25167 4.31738 15.2176 0.353675 0.75001 1.61219 -1.12071 -1.95581 -4.91428 -0.397135 20.3288 -0.737953 -0.604647 15.7867 -2.0266 -1.46107 -1.87301 -5.97519 0.614172
internal_weight=1155 1078 77 64 21 43 30 758 320 45 12 33 275 157 700 220 58 118 13 480 13 8 6 13 15 43 7
internal_count=1155 1078 77 64 21 43 30 758 320 45 12 33 275 157 700 220 58 118 13 480 13 8 6 13 15 43 7
is_linear=0
shrinkage=0.05


Tree=22
num_leaves=25
num_cat=0
split_feature=1 3 4 1 4 4 7 2 4 4 8 3 7 3 1 8 4 4 6 3 2 3 7 5
split_gain=2.08683e+06 541211 401999 327775 247467 330566 322453 205780 201344 206256 205510 243322 228403 112754 82093.3 114923 60853.9 48096.4 6820.2 5821.03 2620.69 590.89 369.28 331.906
threshold=36420.100000000013 0.85988238519169591 42910.000000000007 18573.335000000003 44012.500000000007 44395.000000000007 5.5000000000000009 4088.4400000000005 44395.000000000007 44810.000000000007 4.5000000000000009 0.87975548448597574 2.5000000000000004 0.89684079943224571 25644.670000000009 2.5000000000000004 35397.500000000007 38272.500000000007 85.500000000000014 0.91544160229482785 4107.9650000000011 0.5130338296971263 3.5000000000000004 18.500000000000004
decision_type=2 2 2 2 2 2 2 2 2 2 2 2 2 2 2 2 2 2 2 2 2 2 2 2
left_child=1 3 19 17 7 23 -7 -4 10 13 12 -12 -3 -10 15 -5 -16 21 -11 20 -2 -1 -19 -6
right_child=2 8 4 14 5 6 -8 -9 9 18 11 -13 -14 -15 16 -17 -18 22 -20 -21 -22 -23 -24 -25
leaf_value=-2.1103014151255297 -2.8163603782653817 1.9610000819472946 25.925644302368166 -4.7931614663865831 -0.58822937011718757 13.775441480565954 5.3990820789337164 8.6023679097493471 5.6694670836130756 1.5186201040943466 15.573584671020498 2.7240270274026055 -1.7119618595888217 15.362845102945963 0.35280672647343336 -1.2999564641843673 -0.87017949393489857 -5.4365401967366545 -1.6351269811391829 0.5385724902153014 -0.72642663319905587 -1.325756502151489 -5.7421234393941951 0.022830680608749387
leaf_weight=5.9999999999999982 2.9999999999999982 118 3.9999999999999991 27 3.9999999999999982 27 20 3 6.0000000000000018 2.9999999999999991 5.0000000000000027 13.999999999999998 66 6 131 184 455 14.999999999999998 4 5 3 4 29 5
leaf_count=6 3 118 4 27 4 27 20 3 6 3 5 14 66 6 131 184 455 15 4 5 3 4 29 5
internal_value=-0.0230862 -0.583163 8.09803 -1.1567 9.63793 8.53 10.211 18.5014 1.61541 6.53733 1.15474 6.10549 0.643525 10.5162 -0.901281 -1.74695 -0.596782 -4.92657 -0.283521 -0.721409 -1.77139 -1.79648 -5.63795 -0.248752
internal_weight=1147 1073 74 851 63 56 47 7 222 19 203 19 184 12 797 211 586 54 7 11 6 10 44 9
internal_count=1147 1073 74 851 63 56 47 7 222 19 203 19 184 12 797 211 586 54 7 11 6 10 44 9
is_linear=0
shrinkage=0.05


Tree=23
num_leaves=30
num_cat=0
split_feature=3 4 4 4 0 4 5 7 2 4 0 4 8 0 4 7 2 4 4 4 4 3 0 0 3 2 4 7 2
split_gain=1.89813e+06 888935 393312 445167 345465 310979 751943 306240 167881 160032 154765 127784 78701.4 185216 107639 77508.3 57402.7 50113 30881 62223.6 36220.9 11863.6 9671.72 4647.96 1535.66 1341.94 3971.32 257.7 178.515
threshold=0.89684079943224571 42910.000000000007 44012.500000000007 44395.000000000007 34756.80000000001 36767.500000000007 19.500000000000004 5.5000000000000009 6657.9050000000016 38272.500000000007 36026.400000000009 38137.000000000007 4.5000000000000009 38336.700000000004 35692.500000000007 5.5000000000000009 3991.9600000000005 37162.000000000007 39497.500000000007 43067.500000000007 39052.500000000007 0.92389411803651178 37028.350000000013 38832.350000000013 0.53430856926819514 14193.735000000002 33577.500000000007 5.5000000000000009 6088.1050000000005
decision_type=2 2 2 2 2 2 2 2 2 2 2 2 2 2 2 2 2 2 2 2 2 2 2 2 2 2 2 2 2
left_child=4 5 16 23 9 6 22 -5 12 25 -8 17 14 -14 -6 24 -3 -7 20 -20 -10 -13 -2 -4 -11 26 -1 -27 -17
right_child=1 2 3 7 8 11 10 -9 18 15 -12 21 13 -15 -16 28 -18 -19 19 -21 -22 -23 -24 -25 -26 27 -28 -29 -30
leaf_value=-0.39145170450210576 -2.5412623723347987 26.05604654947917 1.959154510498047 13.700938286604705 3.8351600094845426 -0.40092081806876445 29.052498372395831 6.1702661364166822 -0.82315985457391205 -5.3344919204711916 14.02924060821533 -1.8132325480061195 0.1873493465510282 8.1335292382673785 -0.090980266121237774 -1.7022558076041088 16.274885241190589 3.4959707960937965 -1.9432509976319778 0.099259447564884112 1.1434344158172607 -0.059592226573399132 0.9357555389404294 -0.2412152459844947 -5.852131271362305 -1.8114496231079107 -1.4002383728027343 -1.30836067199707 -1.3565086722373962
leaf_weight=15.999999999999998 5.9999999999999982 2.9999999999999991 2.9999999999999991 27 19 10.999999999999998 2.9999999999999991 27 369 38 4 31 22 10.999999999999998 215 6.9999999999999991 3 33 156 49 25 13.999999999999998 3 11.999999999999998 23 6.9999999999999982 25 4 7.9999999999999991
leaf_count=16 6 3 3 27 19 11 3 27 369 38 4 31 22 11 215 7 3 33 156 49 25 14 3 12 23 7 25 4 8
internal_value=0.00463256 4.72914 8.88664 7.81892 -0.850912 1.75949 8.17713 9.9356 -0.492547 -3.27547 20.4678 0.605757 0.550179 2.83608 0.227809 -4.73786 21.1655 2.52175 -0.957335 -1.45504 -0.698376 -1.26766 -1.38226 0.198859 -5.52967 -1.13813 -1.00657 -1.62851 -1.51786
internal_weight=1174 180 75 69 994 105 16 54 866 128 7 89 267 33 234 76 6 44 599 205 394 45 9 15 61 52 41 11 15
internal_count=1174 180 75 69 994 105 16 54 866 128 7 89 267 33 234 76 6 44 599 205 394 45 9 15 61 52 41 11 15
is_linear=0
shrinkage=0.05


Tree=24
num_leaves=31
num_cat=0
split_feature=3 4 4 0 1 0 3 7 4 4 3 7 1 8 4 4 6 0 7 4 3 4 3 3 1 1 0 6 0 7
split_gain=1.75941e+06 670452 374725 520680 330726 319471 315112 246064 757584 231925 231278 176459 146637 194864 301459 103296 83087.9 46784.5 45793.3 72125.1 41278.5 35578.2 5336.8 3121.85 2291.68 1613.1 891.439 655.581 300.813 283.306
threshold=0.89684079943224571 44735.000000000007 36767.500000000007 36394.350000000013 22753.290000000005 41396.900000000009 0.91625507702428666 5.5000000000000009 44810.000000000007 38272.500000000007 0.96033197461951747 2.5000000000000004 32740.580000000005 4.5000000000000009 37941.500000000007 36349.500000000007 73.500000000000014 40280.350000000006 2.5000000000000004 43067.500000000007 0.96962000981229768 38452.500000000007 0.90742128172380265 0.56447048214001005 18573.335000000003 39918.625000000007 34172.500000000007 75.500000000000014 34627.400000000009 3.5000000000000004
decision_type=2 2 2 2 2 2 2 2 2 2 2 2 2 2 2 2 2 2 2 2 2 2 2 2 2 2 2 2 2 2
left_child=4 2 3 -2 9 16 -7 10 22 23 17 -5 18 15 -15 -14 -4 -3 19 -6 -12 -20 -9 28 29 -10 -25 -26 -1 -11
right_child=1 7 5 11 12 6 -8 8 25 24 20 -13 13 14 -16 -17 -18 -19 21 -21 -22 -23 -24 26 27 -27 -28 -29 -30 -31
leaf_value=-1.4927779316902161 25.598660278320313 2.8200500488281222 6.5936397870381676 10.895882720947268 -0.47332355248597235 21.142177963256838 -0.29467163085937492 13.438482448032923 -2.0424651336669921 -4.8973388671875 19.87525855170356 -2.3878945159912108 4.6480414665662328 16.434838724136359 1.3984167605638502 -0.036748094279919902 0.51889097775731774 10.141744804382325 -0.77330341440835126 2.5010641444813122 13.102885254224143 -1.8395146911794489 15.390916987827845 -0.79175910254319515 -6.3100546836852978 -3.3644045511881497 -1.2707313331903196 -5.5986145917107084 -1.8404306377683366 -5.1814409891764326
leaf_weight=7.9999999999999991 3.9999999999999991 3.0000000000000027 5.9999999999999991 4.9999999999999982 277 3.9999999999999991 3 7 9.9999999999999982 12.999999999999998 8.9999999999999982 5 12.999999999999998 4.9999999999999973 10 124 91 7.9999999999999991 271 22 2.9999999999999991 110 7 11.999999999999998 4.0000000000000027 3.0000000000000009 51 17 28 27
leaf_count=8 4 3 6 5 277 4 3 7 10 13 9 5 13 5 10 124 91 8 271 22 3 110 7 12 4 3 51 17 28 27
internal_value=-0.00281756 4.72898 2.67288 10.3525 -0.80417 1.63909 11.955 9.58136 6.344 -2.88602 13.3817 4.25399 -0.403814 1.00017 6.41056 0.407794 0.894649 8.14492 -0.717646 -0.254472 18.1822 -1.08113 14.4147 -1.39174 -5.31116 -2.34753 -1.1795 -5.73413 -1.76317 -5.08911
internal_weight=1160 168 118 14 992 104 7 50 27 160 23 10 832 152 15 137 97 11 680 299 12 381 14 99 61 13 63 21 36 40
internal_count=1160 168 118 14 992 104 7 50 27 160 23 10 832 152 15 137 97 11 680 299 12 381 14 99 61 13 63 21 36 40
is_linear=0
shrinkage=0.05


Tree=25
num_leaves=26
num_cat=0
split_feature=4 2 1 4 4 1 4 0 2 2 7 8 6 8 0 2 4 4 5 4 4 2 2 1 0
split_gain=1.37923e+06 652205 399181 257486 570771 213530 201286 159255 257725 306858 214765 141165 137599 120658 99719.5 77023.1 40030.9 46118.5 35706.9 24925.7 22584.4 2527.05 2432.43 2025.52 1966.4
threshold=44395.000000000007 5850.4250000000002 32325.540000000005 36349.500000000007 36212.500000000007 22753.290000000005 38272.500000000007 41322.55000000001 1257.1700000000003 1622.2750000000003 5.5000000000000009 4.5000000000000009 77.500000000000014 2.5000000000000004 36394.350000000013 5907.4300000000012 37162.000000000007 43067.500000000007 18.500000000000004 44585.000000000007 30732.500000000004 6275.2250000000013 13886.985000000002 18573.335000000003 41322.55000000001
decision_type=2 2 2 2 2 2 2 2 2 2 2 2 2 2 2 2 2 2 2 2 2 2 2 2 2
left_child=2 7 5 4 15 6 22 8 -2 -10 18 13 -13 -5 -6 -4 20 -18 -9 -3 -7 -21 -1 -8 -23
right_child=1 19 3 11 14 16 23 10 9 -11 -12 12 -14 -15 -16 -17 17 -19 -20 21 -22 24 -24 -25 -26
leaf_value=-0.81325340647446487 17.688126525878907 2.9697966623306278 -1.3715560352636706 3.3095015270709993 21.049070231119792 1.4102628315196319 -4.8347256433396115 19.537389831542974 -2.0602640469372271 7.708323857842422 3.9190524673461917 -5.5399137496948185 6.02626031835874 -0.40660399949619541 10.764949590509588 4.8095348903111059 -1.3517366996768749 0.93752995332082123 13.81626327037811 0.16986762642860401 -0.45729933257276878 -1.5577650416981086 -1.4492693556679619 -5.4568847455476464 -0.64943488561190099
leaf_weight=19 4.9999999999999991 4.9999999999999991 18.000000000000004 25 2.9999999999999991 17 42 4.9999999999999982 9.9999999999999982 41 4.9999999999999991 3.0000000000000027 18 173 10.999999999999998 6.9999999999999991 264 24 6 5.0000000000000027 339 11.000000000000002 72 19 12.999999999999998
leaf_count=19 5 5 18 25 3 17 42 5 10 41 5 3 18 173 11 7 264 24 6 5 339 11 72 19 13
internal_value=-0.0198091 5.41679 -0.566563 1.14259 4.88565 -1.12054 -2.80617 8.11193 6.85499 5.79291 12.5112 0.476018 4.37395 0.0626012 12.9687 0.359149 -0.722683 -1.16096 16.4168 -0.290581 -0.368118 -0.852715 -1.31647 -5.02851 -1.06575
internal_weight=1160 106 1054 258 39 796 152 72 56 51 16 219 21 198 14 25 644 288 11 34 356 29 91 61 24
internal_count=1160 106 1054 258 39 796 152 72 56 51 16 219 21 198 14 25 644 288 11 34 356 29 91 61 24
is_linear=0
shrinkage=0.05


end of trees

feature_importances:
thermal_on_capacity=153
thermal_space_load_ratio=112
total_load=96
renewable_power=91
weekday=90
net_load=80
month=39
period=19
hour=9

parameters:
[boosting: gbdt]
[objective: regression]
[metric: rmse]
[tree_learner: serial]
[device_type: cpu]
[data_sample_strategy: bagging]
[data: ]
[valid: ]
[num_iterations: 400]
[learning_rate: 0.05]
[num_leaves: 31]
[num_threads: 0]
[seed: 42]
[deterministic: 0]
[force_col_wise: 0]
[force_row_wise: 0]
[histogram_pool_size: -1]
[max_depth: 5]
[min_data_in_leaf: 3]
[min_sum_hessian_in_leaf: 0.001]
[bagging_fraction: 0.85]
[pos_bagging_fraction: 1]
[neg_bagging_fraction: 1]
[bagging_freq: 1]
[bagging_seed: 400]
[bagging_by_query: 0]
[feature_fraction: 0.85]
[feature_fraction_bynode: 1]
[feature_fraction_seed: 30056]
[extra_trees: 0]
[extra_seed: 12879]
[early_stopping_round: 0]
[early_stopping_min_delta: 0]
[first_metric_only: 0]
[max_delta_step: 0]
[lambda_l1: 0]
[lambda_l2: 0]
[linear_lambda: 0]
[min_gain_to_split: 0]
[drop_rate: 0.1]
[max_drop: 50]
[skip_drop: 0.5]
[xgboost_dart_mode: 0]
[uniform_drop: 0]
[drop_seed: 17869]
[top_rate: 0.2]
[other_rate: 0.1]
[min_data_per_group: 100]
[max_cat_threshold: 32]
[cat_l2: 10]
[cat_smooth: 10]
[max_cat_to_onehot: 4]
[top_k: 20]
[monotone_constraints: ]
[monotone_constraints_method: basic]
[monotone_penalty: 0]
[feature_contri: ]
[forcedsplits_filename: ]
[refit_decay_rate: 0.9]
[cegb_tradeoff: 1]
[cegb_penalty_split: 0]
[cegb_penalty_feature_lazy: ]
[cegb_penalty_feature_coupled: ]
[path_smooth: 0]
[interaction_constraints: ]
[verbosity: -1]
[saved_feature_importance_type: 0]
[use_quantized_grad: 0]
[num_grad_quant_bins: 4]
[quant_train_renew_leaf: 0]
[stochastic_rounding: 1]
[linear_tree: 0]
[max_bin: 255]
[max_bin_by_feature: ]
[min_data_in_bin: 3]
[bin_construct_sample_cnt: 200000]
[data_random_seed: 175]
[is_enable_sparse: 1]
[enable_bundle: 1]
[use_missing: 1]
[zero_as_missing: 0]
[feature_pre_filter: 1]
[pre_partition: 0]
[two_round: 0]
[header: 0]
[label_column: ]
[weight_column: ]
[group_column: ]
[ignore_column: ]
[categorical_feature: ]
[forcedbins_filename: ]
[precise_float_parser: 0]
[parser_config_file: ]
[objective_seed: 16083]
[num_class: 1]
[is_unbalance: 0]
[scale_pos_weight: 1]
[sigmoid: 1]
[boost_from_average: 1]
[reg_sqrt: 0]
[alpha: 0.9]
[fair_c: 1]
[poisson_max_delta_step: 0.7]
[tweedie_variance_power: 1.5]
[lambdarank_truncation_level: 30]
[lambdarank_norm: 1]
[label_gain: ]
[lambdarank_position_bias_regularization: 0]
[eval_at: ]
[multi_error_top_k: 1]
[auc_mu_weights: ]
[num_machines: 1]
[local_listen_port: 12400]
[time_out: 120]
[machine_list_filename: ]
[machines: ]
[gpu_platform_id: -1]
[gpu_device_id: -1]
[gpu_use_dp: 0]
[num_gpu: 1]

end of parameters

pandas_categorical:[]
