tree
version=v4
num_class=1
num_tree_per_iteration=1
label_index=0
max_feature_idx=10
objective=regression
feature_names=total_load net_load renewable_power thermal_space_load_ratio thermal_on_capacity hour period weekday month is_weekend is_holiday
feature_infos=[28967.5:38355.699999999997] [11318.049999999999:37016.610000000001] [1273.99:18862.23] [0.37880501902718694:0.96672838764605418] [27170:45275] [22:23] [89:96] [0:6] [2:5] [0:1] none
tree_sizes=1776 1711 1929 1788 1788 1787 1790 1790 1735 1801 1779 1877 1718 1776 1837 1802 1791 1780 1877 1831 1900 1837 1936 1880 1790 1866 1858 1784 1853 1816 1882

Tree=0
num_leaves=19
num_cat=0
split_feature=2 2 1 4 4 4 2 0 0 8 1 4 8 1 0 1 7 2
split_gain=7.11545e+06 2.90917e+06 1.52757e+06 1.00736e+06 1.43818e+06 1.29776e+06 384957 266704 220805 215081 579398 64781.2 69811.6 20345.6 19806.5 15418.3 3591 581.939
threshold=3405.2500000000005 1398.2200000000003 16836.585000000003 36767.500000000007 44735.000000000007 44810.000000000007 6439.0550000000012 37441.250000000007 33659.850000000013 2.5000000000000004 21186.495000000003 35692.500000000007 4.5000000000000009 18878.385000000006 37087.150000000001 15878.780000000002 5.5000000000000009 17643.950000000001
decision_type=2 2 2 2 2 2 2 2 2 2 2 2 2 2 2 2 2 2
left_child=1 7 15 8 14 -6 11 -1 -3 10 -8 16 -13 -11 -5 17 -4 -2
right_child=2 3 6 4 5 -7 9 -9 -10 13 -12 12 -14 -15 -16 -17 -18 -19
leaf_value=344.23314877925168 291.06189748225461 328.24154817042597 309.90814726926732 309.65095979449995 342.27689877925167 312.79743307664984 290.38319275230742 365.31647906082719 345.39981392003943 302.89192012652876 303.79828068850287 305.99543839820893 311.5198138691768 304.20873452054178 313.89981392003943 294.38314725337278 308.48314738961193 290.38314725337278
leaf_weight=2.9999999999999991 4.0000000000000062 5 12.000000000000002 32 7.9999999999999982 7 10.999999999999998 3 3 33 30 122 5.9999999999999991 264 2.9999999999999991 2.9999999999999991 6.9999999999999991 14.999999999999998
leaf_count=3 4 5 12 32 8 7 11 3 3 33 30 122 6 264 3 3 7 15
internal_value=305.921 321.631 303.938 318.202 315.567 328.52 304.523 354.775 334.676 303.594 300.199 306.659 306.254 304.062 310.015 291.052 309.383 290.526
internal_weight=571 64 507 58 50 15 485 6 8 338 41 147 128 297 35 22 19 19
internal_count=571 64 507 58 50 15 485 6 8 338 41 147 128 297 35 22 19 19
is_linear=0
shrinkage=1


Tree=1
num_leaves=18
num_cat=0
split_feature=3 1 2 2 0 3 3 8 5 2 2 7 8 8 0 2 0
split_gain=6.02307e+06 1.39662e+06 1.39143e+06 1.07346e+06 846951 463551 170120 494446 130317 102739 62895.5 33489.1 24195.3 17184.7 2360.17 535.71 0.12477
threshold=0.90859250150235282 15878.780000000002 1398.2200000000003 3200.8400000000006 34223.100000000013 0.80978045987433134 0.61889920419037925 2.5000000000000004 22.500000000000004 1704.6850000000002 4451.3100000000004 1.0000000180025095e-35 4.5000000000000009 3.5000000000000004 36678.950000000004 17607.195000000003 29964.550000000003
decision_type=2 2 2 2 2 2 2 2 2 2 2 2 2 2 2 2 2
left_child=1 15 -2 4 8 6 7 -3 -4 -6 12 -12 -7 -8 -5 -1 -17
right_child=2 5 3 14 9 10 13 -9 -10 -11 11 -13 -14 -15 -16 16 -18
leaf_value=-13.874344635009756 44.636674804687502 -13.423221969604493 34.682647705078047 33.919487508138019 13.860128657023097 1.8658106764157614 -1.8863729103751805 -2.2564921830829823 19.945098495483393 3.6639642817633495 1.8030864470638335 -0.14091825866036944 4.0608744452981389 -1.0840131879602588 35.902820841471346 -14.530469767252605 -14.519157409667969
leaf_weight=4.0000000000000027 4.9999999999999991 11.999999999999998 3.0000000000000062 2.9999999999999991 3.0000000000000027 48 115 57 3 13.999999999999998 32 72 17 159 3 2.9999999999999991 12.999999999999998
leaf_count=4 5 12 3 3 3 48 115 57 3 14 32 72 17 159 3 3 13
internal_value=-0.125922 -1.42985 20.2767 16.0768 11.1634 -0.923522 -1.97956 -4.19853 27.3139 5.46329 1.2198 0.457237 2.4399 -1.42077 34.9112 -14.3919 -14.5213
internal_weight=566 532 34 29 23 512 343 69 6 17 169 104 65 274 6 20 16
internal_count=566 532 34 29 23 512 343 69 6 17 169 104 65 274 6 20 16
is_linear=0
shrinkage=0.05


Tree=2
num_leaves=20
num_cat=0
split_feature=3 1 2 2 4 3 8 1 8 4 0 1 2 3 0 6 0 2 0
split_gain=5.75674e+06 1.45596e+06 1.31952e+06 1.11179e+06 1.33459e+06 454050 211412 480652 73600.1 53209.9 30757.3 29198.1 22075.9 18997.4 1569.78 168.463 213.683 32.415 0.000300531
threshold=0.90859250150235282 16836.585000000003 1398.2200000000003 3171.5550000000007 36767.500000000007 0.81714942083669462 2.5000000000000004 21186.495000000003 4.5000000000000009 35692.500000000007 33098.80000000001 30982.200000000008 2781.6800000000003 0.69554913284468478 36015.150000000009 90.500000000000014 32234.650000000005 17643.950000000001 29964.550000000003
decision_type=2 2 2 2 2 2 2 2 2 2 2 2 2 2 2 2 2 2 2
left_child=1 15 -2 4 10 6 7 -3 9 -7 -4 -10 -6 -8 -5 16 -1 -17 -19
right_child=2 5 3 14 12 8 13 -9 11 -11 -12 -13 -14 -15 -16 17 -18 18 -20
leaf_value=-13.2184850056966 42.444843139648441 -13.696123250325522 26.251168060302714 31.827772013346358 3.0570852609241705 3.8967459165132965 -1.9190548780441283 -1.9621228165924549 2.9604375586790193 0.54406846048253954 32.948513793945303 7.3070310974121107 7.7092918395996097 -1.1100575086526099 33.34080429077148 -13.974188232421859 -13.815258789062497 -13.792634582519533 -13.793199157714845
leaf_weight=3.0000000000000027 4.9999999999999991 11.999999999999998 4.0000000000000027 2.9999999999999991 17.000000000000004 12.999999999999998 125 32 17.000000000000004 132 3 4.9999999999999991 2.9999999999999991 173 4 3.0000000000000027 3 2.9999999999999991 10.999999999999998
leaf_count=3 5 12 4 3 17 13 125 32 17 132 3 5 3 173 4 3 3 3 11
internal_value=-0.0802688 -1.43957 18.462 14.9351 10.3314 -0.883548 -1.92709 -5.1623 1.25352 0.844653 29.1215 3.9483 3.75492 -1.4494 32.6924 -13.7446 -13.5169 -13.825 -13.7931
internal_weight=571 532 39 34 27 509 342 44 167 145 7 22 20 298 7 23 6 17 14
internal_count=571 532 39 34 27 509 342 44 167 145 7 22 20 298 7 23 6 17 14
is_linear=0
shrinkage=0.05


Tree=3
num_leaves=19
num_cat=0
split_feature=3 2 1 4 2 3 2 3 2 2 0 2 4 4 6 2 2 3
split_gain=5.4373e+06 1.68067e+06 986781 840988 1.1928e+06 411788 240701 116765 106892 98799.6 71676.7 69731.1 73001.8 22405.3 20296.7 11827.6 439.273 0.0996407
threshold=0.90859250150235282 1398.2200000000003 16836.585000000003 36767.500000000007 3171.5550000000007 0.80978045987433134 1330.3950000000002 0.61889920419037925 12855.795000000002 1704.6850000000002 33659.850000000013 4451.3100000000004 35692.500000000007 39295.000000000007 90.500000000000014 17007.915000000005 17607.195000000003 0.40402410180819998
decision_type=2 2 2 2 2 2 2 2 2 2 2 2 2 2 2 2 2 2
left_child=2 6 15 10 9 7 -2 8 -4 -5 -3 14 -13 -9 -7 -1 -17 -18
right_child=1 3 5 4 -6 11 -8 13 -10 -11 -12 12 -14 -15 -16 16 17 -19
leaf_value=-9.5353993733723836 52.313435872395843 24.658173751831058 -8.1430991416627716 13.014267222086557 31.636290283203124 4.122144651412964 32.284268188476553 -0.97147739563137303 -2.7948565875901092 3.250408532901814 34.882095845540356 3.571974767049154 -0.21141941344036774 -1.937683984132794 1.9897761696035212 -12.502797317504884 -13.10327072143555 -13.11238301595052
leaf_weight=3.0000000000000027 2.9999999999999991 3.9999999999999991 10.999999999999998 3.0000000000000062 4.9999999999999991 13.999999999999998 3 160 62 19 3 14.999999999999998 85 96 55 3.9999999999999991 5.9999999999999982 6
leaf_count=3 3 4 11 3 5 14 3 160 62 19 3 15 85 96 55 4 6 6
internal_value=0.141096 17.9014 -1.23301 13.5959 9.59193 -0.80633 42.2989 -1.83681 -3.60076 4.58184 29.0399 1.19974 0.35609 -1.3338 2.42243 -12.4164 -12.9566 -13.1078
internal_weight=557 40 517 34 27 498 6 329 73 22 7 169 100 256 69 19 16 12
internal_count=557 40 517 34 27 498 6 329 73 22 7 169 100 256 69 19 16 12
is_linear=0
shrinkage=0.05


Tree=4
num_leaves=19
num_cat=0
split_feature=3 2 2 1 0 7 3 8 1 2 8 2 1 6 2 0 2 2
split_gain=5.33415e+06 1.01225e+06 994875 943570 595611 592792 361064 217180 434648 91182.4 76859.3 32343.1 24718.8 13056.2 9853.27 5807.65 63.3358 0.000315454
threshold=0.90859250150235282 1398.2200000000003 3171.5550000000007 16836.585000000003 34631.80000000001 1.5000000000000002 0.80978045987433134 2.5000000000000004 21186.495000000003 1704.6850000000002 4.5000000000000009 4794.1250000000009 30982.200000000008 91.500000000000014 17568.415000000005 37163.000000000007 17643.950000000001 18156.090000000004
decision_type=2 2 2 2 2 2 2 2 2 2 2 2 2 2 2 2 2 2
left_child=3 -2 4 14 5 -3 7 8 -5 -6 11 -8 -12 -9 -1 -4 -16 -18
right_child=1 2 15 6 9 -7 10 13 -10 -11 12 -13 -14 -15 16 -17 17 -19
leaf_value=-9.6256647348403845 38.267803344726566 3.0708364963531483 28.95943908691406 -12.739265911395734 12.363554350535061 26.645028686523432 1.4912892814124785 -0.85380515110555977 -1.6113078258655691 2.8146091945966085 2.8057077897222413 0.034956620167000123 6.7568962860107424 -1.5540052842328003 -12.193084716796875 31.742160034179676 -12.447762012481691 -12.448268280029296
leaf_weight=4.0000000000000027 4.9999999999999991 4.0000000000000009 5 12.999999999999998 3.0000000000000027 8 62 106 27 14.999999999999998 19.000000000000004 99 4.9999999999999991 179 2.9999999999999991 3 7.9999999999999982 5
leaf_count=4 5 4 5 13 3 8 62 106 27 15 19 99 5 179 3 3 8 5
internal_value=0.182266 17.119 14.3362 -1.19184 10.1584 18.787 -0.774064 -1.7778 -5.22789 4.4061 0.989263 0.59578 3.62887 -1.29358 -11.8453 30.003 -12.4002 -12.448
internal_weight=573 43 38 530 30 12 510 325 40 18 185 161 24 285 20 8 16 13
internal_count=573 43 38 530 30 12 510 325 40 18 185 161 24 285 20 8 16 13
is_linear=0
shrinkage=0.05


Tree=5
num_leaves=19
num_cat=0
split_feature=3 2 2 2 4 3 2 3 8 2 2 4 8 4 0 2 0 6
split_gain=4.71457e+06 1.30378e+06 1.02529e+06 1.02404e+06 915690 347749 217232 143087 374066 88967.1 53027.3 70944.8 24576.4 24189.7 5241.4 323.361 0.111247 0.0719271
threshold=0.90859250150235282 1398.2200000000003 17007.915000000005 3171.5550000000007 36767.500000000007 0.80978045987433134 1330.3950000000002 0.61889920419037925 2.5000000000000004 1704.6850000000002 4794.1250000000009 35692.500000000007 4.5000000000000009 39295.000000000007 37163.000000000007 17607.195000000003 29536.100000000002 90.500000000000014
decision_type=2 2 2 2 2 2 2 2 2 2 2 2 2 2 2 2 2 2
left_child=2 6 5 4 -3 7 -2 8 -1 -6 12 -12 -7 -9 -5 -4 -17 -18
right_child=1 3 15 14 9 10 -8 13 -10 -11 11 -13 -14 -15 -16 16 17 -19
leaf_value=-11.339688389117903 47.784370930989581 29.875735473632787 -11.332188796997061 27.511466674804684 11.745376586914048 1.4324471620952384 28.756661987304682 -0.78436345081995518 -1.9250640507255281 2.4450666308403015 3.349058926900228 -0.40567230016757283 3.3550289663401518 -1.7613403705087038 30.155050659179679 -11.837981414794909 -11.834358723958333 -11.825702857971192
leaf_weight=12.999999999999998 2.9999999999999991 4.0000000000000027 4.0000000000000027 5 3.0000000000000027 68 3 170 56 18 14.999999999999998 78 22 101 3 3.0000000000000027 2.9999999999999991 11.999999999999998
leaf_count=13 3 4 4 5 3 68 3 170 56 18 15 78 22 101 3 3 3 12
internal_value=0.0368073 16.8307 -1.16495 12.9325 7.95001 -0.720165 38.2705 -1.66605 -3.69883 3.77368 1.03722 0.19993 1.90241 -1.14848 28.5028 -11.7388 -11.8292 -11.8274
internal_weight=584 39 545 33 25 523 6 340 69 21 183 93 90 271 8 22 18 15
internal_count=584 39 545 33 25 523 6 340 69 21 183 93 90 271 8 22 18 15
is_linear=0
shrinkage=0.05


Tree=6
num_leaves=19
num_cat=0
split_feature=3 2 1 2 4 3 3 4 0 2 2 4 4 2 1 0 2 0
split_gain=4.3899e+06 1.1883e+06 921030 882254 857047 298573 125737 88485.9 87756.2 70982.9 59771.8 46259 22890.1 19145.4 9340.17 4730.37 291.759 0.311336
threshold=0.90859250150235282 1398.2200000000003 16836.585000000003 3171.5550000000007 36767.500000000007 0.80978045987433134 0.61889920419037925 43067.500000000007 33659.850000000013 1704.6850000000002 4862.8200000000006 35692.500000000007 39295.000000000007 3233.5250000000001 15878.780000000002 37163.000000000007 17607.195000000003 29964.550000000003
decision_type=2 2 2 2 2 2 2 2 2 2 2 2 2 2 2 2 2 2
left_child=2 -2 14 4 8 6 7 -4 -3 -6 13 -12 -8 -7 16 -5 -1 -18
right_child=1 3 5 15 9 10 12 -9 -10 -11 11 -13 -14 -15 -16 -17 17 -19
leaf_value=-10.765579223632795 38.164623413085941 18.999226379394514 -3.9582009737832209 26.135893249511714 11.158107499281552 4.1445119857788084 -0.73724580217907043 1.5926581472158432 30.311952718098951 2.9360191844758532 3.0288076747547499 -0.42937195435166359 -1.6894329800189121 1.5805615527486361 -8.1672718365987134 28.647299194335933 -11.252388000488272 -11.236436286339394
leaf_weight=4.0000000000000062 4.9999999999999991 4.0000000000000027 70 5 3.0000000000000027 7.9999999999999991 163 7.9999999999999991 3 21 10.999999999999998 80 103 81 2.9999999999999991 3 4.0000000000000027 12.999999999999998
leaf_count=4 5 4 70 5 3 8 163 8 3 21 11 80 103 81 3 3 4 13
internal_value=0.0211045 15.2161 -1.19893 12.274 8.45366 -0.760242 -1.62359 -3.38888 23.8475 3.96378 0.889715 -0.0113502 -1.10595 1.81103 -10.777 27.0777 -11.1498 -11.2402
internal_weight=592 44 548 39 31 524 344 78 7 24 180 91 266 89 24 8 21 17
internal_count=592 44 548 39 31 524 344 78 7 24 180 91 266 89 24 8 21 17
is_linear=0
shrinkage=0.05


Tree=7
num_leaves=19
num_cat=0
split_feature=3 1 2 3 0 7 3 8 1 3 3 8 7 6 8 0 1 2
split_gain=3.28736e+06 758696 738296 714485 342657 392459 276371 185598 375538 63467.2 54585.5 20727.9 12300.2 11952.3 10130.4 3319.52 148.454 187.556
threshold=0.90859250150235282 16836.585000000003 1398.2200000000003 0.91704413256461914 34631.80000000001 1.5000000000000002 0.80978045987433134 2.5000000000000004 21186.495000000003 0.95318701051063115 0.8858036711537064 4.5000000000000009 1.5000000000000002 95.500000000000014 3.5000000000000004 37163.000000000007 13984.390000000001 17662.100000000002
decision_type=2 2 2 2 2 2 2 2 2 2 2 2 2 2 2 2 2 2
left_child=1 13 -2 15 5 -5 7 8 -3 -6 14 -12 -9 16 -8 -4 17 -1
right_child=2 6 3 4 9 -7 10 12 -10 -11 11 -13 -14 -15 -16 -17 -18 -19
leaf_value=-10.232698822021462 34.432093811035159 -11.338606098720007 25.014714431762698 2.4155597050984681 3.1256950438022608 25.290843200683589 -0.46265081004662956 -1.7656606020671981 -1.4211875581741333 11.050725269317628 1.5408591544628143 3.6250150371370289 -0.94335798977235386 -7.2624687830607106 0.56621175634449927 27.214935302734371 -10.929125785827637 -10.674706331888835
leaf_weight=3.0000000000000062 3.9999999999999991 13.999999999999998 3.9999999999999991 3.0000000000000018 16.000000000000004 5 33 56 30 2.9999999999999991 40 17 242 2.9999999999999991 87 3 3.9999999999999991 11.999999999999998
leaf_count=3 4 14 4 3 16 5 33 56 30 3 40 17 242 3 87 3 4 12
internal_value=-0.10241 -1.10091 14.1131 11.7226 8.03201 16.7126 -0.715401 -1.54546 -4.57673 4.37702 0.888433 2.16245 -1.09788 -10.1954 0.283275 25.9577 -10.6585 -10.5863
internal_weight=579 541 38 34 27 8 519 342 44 19 177 57 298 22 120 7 19 15
internal_count=579 541 38 34 27 8 519 342 44 19 177 57 298 22 120 7 19 15
is_linear=0
shrinkage=0.05


Tree=8
num_leaves=18
num_cat=0
split_feature=3 1 2 3 4 3 3 8 3 3 4 4 2 2 0 2 0
split_gain=2.77161e+06 758769 699841 678494 605598 254271 109459 268270 60424.7 47715.1 56917.1 18395.1 18111.7 7903.18 4010.52 272.369 8.91733
threshold=0.90859250150235282 16836.585000000003 1398.2200000000003 0.91704413256461914 36767.500000000007 0.80560229559553032 0.61427917533599452 2.5000000000000004 0.95318701051063115 0.88094521902268419 35692.500000000007 39295.000000000007 3712.4250000000006 17007.915000000005 37163.000000000007 17607.195000000003 30106.350000000002
decision_type=2 2 2 2 2 2 2 2 2 2 2 2 2 2 2 2 2
left_child=1 13 -2 14 -5 6 7 -3 -6 10 -7 -8 -11 -1 -4 -15 -17
right_child=2 5 3 4 8 9 11 -9 -10 12 -12 -13 -14 15 -16 16 -18
leaf_value=-7.3346735874811735 32.710488128662114 -9.4255523545401427 23.435784912109376 24.960100173950174 2.8885207515954967 2.7967796611785891 -0.684404540616256 -1.6279267301926248 10.498188670476278 1.6887871834427814 -0.1091578758765604 -1.5428409639596941 4.0511841011047371 -9.7069601058959876 25.854187011718746 -10.214561208089187 -10.138783749667082
leaf_weight=3.0000000000000027 3.9999999999999991 13.999999999999998 3.9999999999999991 4.0000000000000027 20.000000000000004 20 166 52 2.9999999999999991 43 107 100 9.9999999999999982 4.0000000000000027 3 6.0000000000000027 10.999999999999998
leaf_count=3 4 14 4 4 20 20 166 52 3 43 107 100 10 4 3 6 11
internal_value=-0.121102 -1.0462 12.9277 10.6003 7.0039 -0.638906 -1.45935 -3.28197 3.88109 0.874363 0.34847 -1.00713 2.13452 -9.73524 24.4722 -10.0782 -10.1655
internal_weight=574 536 38 34 27 512 332 66 23 180 127 266 53 24 7 21 17
internal_count=574 536 38 34 27 512 332 66 23 180 127 266 53 24 7 21 17
is_linear=0
shrinkage=0.05


Tree=9
num_leaves=19
num_cat=0
split_feature=3 2 1 3 4 3 2 8 1 3 0 4 8 4 2 0 2 6
split_gain=2.99793e+06 958579 658868 394345 557525 397537 220743 238777 173945 84830 72370 35170.8 19567.7 14774.2 7317.88 573.937 122.793 24.4698
threshold=0.90859250150235282 1330.3950000000002 16836.585000000003 0.91704413256461914 36767.500000000007 0.96140633523142494 8136.2550000000001 2.5000000000000004 21186.495000000003 0.85821417385990451 33659.850000000013 35692.500000000007 4.5000000000000009 43067.500000000007 17007.915000000005 36015.150000000009 17607.195000000003 95.500000000000014
decision_type=2 2 2 2 2 2 2 2 2 2 2 2 2 2 2 2 2 2
left_child=2 -2 14 15 10 -6 9 8 -8 11 -5 -4 -11 -9 -1 -3 -16 -18
right_child=1 3 6 4 5 -7 7 13 -10 12 -12 -13 -14 -15 16 -17 17 -19
leaf_value=-6.9679399967193518 40.129793294270833 22.101704915364586 1.655490827560425 16.460705566406247 2.6510200354185969 22.053469848632815 -10.312249873234673 -1.2521516150305259 -2.2802721057619371 1.3380514246675204 26.28380839029947 -0.43473544885572163 3.173524539470673 0.55570320288340258 -9.3212203979492081 23.079744466145826 -9.6404177529471244 -9.7977745056152354
leaf_weight=3.0000000000000027 2.9999999999999991 2.9999999999999991 23 5 22.000000000000004 2.9999999999999991 13.000000000000002 194 13.999999999999998 53 3 161 20 11.999999999999998 3.0000000000000027 3 14.000000000000002 2.9999999999999991
leaf_count=3 3 3 23 5 22 3 13 194 14 53 3 161 20 12 3 3 14 3
internal_value=0.0515026 12.8946 -0.999976 10.7995 8.65569 4.97931 -0.611757 -1.72632 -6.14752 0.39872 20.1444 -0.173457 1.84092 -1.14684 -9.27072 22.5907 -9.61614 -9.66819
internal_weight=555 42 513 39 33 25 490 233 27 257 8 184 73 206 23 6 20 17
internal_count=555 42 513 39 33 25 490 233 27 257 8 184 73 206 23 6 20 17
is_linear=0
shrinkage=0.05


Tree=10
num_leaves=19
num_cat=0
split_feature=3 2 1 3 0 7 1 8 1 2 7 2 7 7 1 0 2 6
split_gain=2.07845e+06 659903 649454 493930 303512 276280 210275 118464 228384 55342.4 40917.1 17765.2 12747.7 11037.3 6650.53 575.227 145.766 23.2194
threshold=0.90859250150235282 1398.2200000000003 16836.585000000003 0.91704413256461914 34631.80000000001 1.5000000000000002 26767.050000000003 2.5000000000000004 21186.495000000003 4862.8200000000006 5.5000000000000009 3233.5250000000001 1.5000000000000002 1.0000000180025095e-35 15878.780000000002 36015.150000000009 17607.195000000003 95.500000000000014
decision_type=2 2 2 2 2 2 2 2 2 2 2 2 2 2 2 2 2 2
left_child=2 -2 14 15 5 -5 7 8 -4 11 -6 -8 -9 -11 16 -3 -1 -18
right_child=1 3 6 4 10 -7 9 12 -10 13 -12 -13 -14 -15 -16 -17 17 -19
leaf_value=-8.8052019755045361 27.846465454101565 20.996619160970056 -9.7963691075642902 2.0178046544392885 4.3001866560715891 21.210869140624997 3.4082453641024504 -1.8363015347338738 -1.3482983400424322 0.57757560690244047 -0.24462087564170357 1.261865774790446 -0.92163145530190482 -0.37302334467047138 -6.6195429484049484 21.975757344563796 -9.1563024044036858 -9.3078857421874996
leaf_weight=3.0000000000000062 4.9999999999999991 2.9999999999999991 11.999999999999998 3.0000000000000018 13 5 10.999999999999998 47 24 45 8 78 201 95 2.9999999999999991 3 16.000000000000004 2.9999999999999991
leaf_count=3 5 3 12 3 13 5 11 47 24 45 8 78 201 95 3 3 16 3
internal_value=-0.140996 10.8551 -0.958547 8.42772 5.72597 14.0135 -0.575048 -1.48405 -4.16432 0.55227 2.56883 1.52715 -1.09498 -0.0674737 -8.82795 21.4862 -9.1291 -9.18024
internal_weight=578 40 538 35 29 8 513 284 36 229 21 89 248 140 25 6 22 19
internal_count=578 40 538 35 29 8 513 284 36 229 21 89 248 140 25 6 22 19
is_linear=0
shrinkage=0.05


Tree=11
num_leaves=20
num_cat=0
split_feature=3 1 3 3 4 3 3 1 4 0 8 4 3 0 0 7 0 0 0
split_gain=2.39021e+06 514464 497516 490509 499845 215994 169868 68814 163553 65313.9 37086.3 36141.6 19958.6 16443.7 3295.5 88.5672 151.474 5.32452 8.27762
threshold=0.90859250150235282 15878.780000000002 0.96329580993230679 0.91704413256461914 36767.500000000007 0.95795537991178215 0.81714942083669462 18948.620000000006 38272.500000000007 33659.850000000013 4.5000000000000009 35692.500000000007 0.69554913284468478 34992.750000000007 37163.000000000007 3.5000000000000004 30106.350000000002 32234.650000000005 30425.700000000001
decision_type=2 2 2 2 2 2 2 2 2 2 2 2 2 2 2 2 2 2 2
left_child=1 15 3 14 9 -6 7 8 -3 -5 11 -8 -9 -12 -2 16 -1 18 -17
right_child=2 6 -4 4 5 -7 10 12 -10 -11 13 -13 -14 -15 -16 17 -18 -19 -20
leaf_value=-8.7583051045735569 20.212514038085935 -1.5061768907489199 30.984589131673175 14.57712692260742 2.0012257611209696 16.302955373128256 2.9570733479091103 -1.4082780312408101 -9.4749177932739261 23.909074656168613 2.2459103778004645 0.28907488014768151 -0.55779934254399421 6.2798240661621101 22.308702087402338 -8.7914108276367191 -8.2558545430501287 -8.7957298278808604 -8.6940210342407234
leaf_weight=3.0000000000000027 5 33 2.9999999999999991 5 22.000000000000004 2.9999999999999991 13.999999999999998 110 7.9999999999999991 3 16.000000000000004 136 185 2.9999999999999991 3 2.9999999999999991 3 2.9999999999999991 7.9999999999999991
leaf_count=3 5 33 3 5 22 3 14 110 8 3 16 136 185 3 3 3 3 3 8
internal_value=0.135353 -0.80281 11.3293 9.89116 7.19845 3.71743 -0.491326 -1.14169 -3.06105 18.0766 0.8017 0.538088 -0.874927 2.88284 20.9986 -8.6678 -8.50708 -8.73669 -8.72058
internal_weight=569 525 44 41 33 25 505 336 41 8 169 150 295 19 8 20 6 14 11
internal_count=569 525 44 41 33 25 505 336 41 8 169 150 295 19 8 20 6 14 11
is_linear=0
shrinkage=0.05


Tree=12
num_leaves=18
num_cat=0
split_feature=3 2 2 1 3 4 3 3 4 2 4 4 2 2 0 2 6
split_gain=2.20918e+06 764788 474049 437528 248187 284266 177679 69660.3 66177.8 36096 38797.8 17989.2 15130.2 5396.5 2974.19 96.8264 19.3005
threshold=0.90859250150235282 1330.3950000000002 3171.5550000000007 16836.585000000003 0.95795537991178215 36767.500000000007 0.80560229559553032 0.61889920419037925 43067.500000000007 4936.9600000000009 35692.500000000007 39295.000000000007 3233.5250000000001 17007.915000000005 37163.000000000007 17607.195000000003 95.500000000000014
decision_type=2 2 2 2 2 2 2 2 2 2 2 2 2 2 2 2 2
left_child=3 -2 4 13 5 -3 7 8 -5 12 -11 -9 -8 -1 -4 -15 -17
right_child=1 2 14 6 -6 -7 9 11 -10 10 -12 -13 -14 15 -16 16 -18
leaf_value=-5.9476325670878021 35.181749471028645 14.196626790364576 19.201888122558593 -3.0811325450441736 16.643198394775393 1.9187073935161938 3.1611163746226918 -0.52543985109307811 1.7302998185157776 2.6665295124053956 -0.38229221162269827 -1.3707656808068405 1.1818501470964167 -7.9788703918456934 21.193267822265621 -8.2616816838582352 -8.4034726460774731
leaf_weight=3.0000000000000027 2.9999999999999991 6.0000000000000027 5 67 4.9999999999999991 22 10.999999999999998 167 7.9999999999999991 11.999999999999998 80 101 79 3.0000000000000027 3 11.999999999999998 2.9999999999999991
leaf_count=3 3 6 5 67 5 22 11 167 8 12 80 101 79 3 3 12 3
internal_value=0.0345353 10.8123 9.02918 -0.834004 6.38204 4.54969 -0.550925 -1.22096 -2.56791 0.711832 0.0153802 -0.844014 1.42376 -7.91096 19.9487 -8.23818 -8.29004
internal_weight=590 44 41 546 33 28 525 343 75 182 92 268 90 21 8 18 15
internal_count=590 44 41 546 33 28 525 343 75 182 92 268 90 21 8 18 15
is_linear=0
shrinkage=0.05


Tree=13
num_leaves=19
num_cat=0
split_feature=3 2 2 4 2 2 8 4 6 3 2 4 8 2 4 6 7 0
split_gain=1.77219e+06 421591 399422 261878 410284 154436 150015 146664 53426.1 45550.9 42134.4 32888 12181.1 8321.91 8040.91 20.9481 18.8735 9.46172
threshold=0.90859250150235282 1398.2200000000003 17007.915000000005 36767.500000000007 2928.5300000000002 7833.545000000001 2.5000000000000004 39295.000000000007 91.500000000000014 0.85998774979099413 1704.6850000000002 35692.500000000007 4.5000000000000009 3233.5250000000001 43067.500000000007 95.500000000000014 3.5000000000000004 32234.650000000005
decision_type=2 2 2 2 2 2 2 2 2 2 2 2 2 2 2 2 2 2
left_child=2 -2 5 8 10 9 7 -7 -3 11 -5 -1 -11 -6 -8 16 -4 -18
right_child=1 3 15 4 13 6 14 -9 -10 12 -12 -13 -14 -15 -16 -17 17 -19
leaf_value=1.7675472281195903 23.955613708496095 22.003789265950523 -7.745261955261217 8.0874056498209441 15.669834391276041 -8.9143551508585599 -0.96754267225120261 -1.6947134466732252 13.176951408386229 1.0520028313686109 1.6602606156293085 -0.30808324318689606 2.4574123065386502 19.394058227539059 0.10132510348370201 -7.9832990010579428 -7.8450397915310335 -7.9475728352864579
leaf_weight=22 4.9999999999999991 2.9999999999999991 4.0000000000000062 3.0000000000000062 2.9999999999999991 12.000000000000002 238 17 4 58 17 144 21 3 19 2.9999999999999991 8.9999999999999982 2.9999999999999991
leaf_count=22 5 3 4 3 3 12 238 17 4 58 17 144 21 3 19 3 9 3
internal_value=-0.0173332 10.4257 -0.73885 8.37568 6.06455 -0.483971 -1.27319 -4.68215 16.9599 0.437322 2.62433 -0.0329997 1.42559 17.5319 -0.888521 -7.86205 -7.83932 -7.87067
internal_weight=588 38 550 33 26 531 286 29 7 245 20 166 79 6 257 19 16 12
internal_count=588 38 550 33 26 531 286 29 7 245 20 166 79 6 257 19 16 12
is_linear=0
shrinkage=0.05


Tree=14
num_leaves=19
num_cat=0
split_feature=3 1 1 3 4 3 2 8 1 2 0 4 4 3 2 0 2 0
split_gain=1.91639e+06 594741 369910 261801 327186 233075 141827 174028 105510 43475.2 41164.4 23835 15182.5 11911.8 4390.76 949.384 168.438 7.33416
threshold=0.90859250150235282 35953.455000000009 16836.585000000003 0.91704413256461914 36767.500000000007 0.95795537991178215 8041.0350000000008 2.5000000000000004 21186.495000000003 4936.9600000000009 33659.850000000013 35692.500000000007 43067.500000000007 0.90376262684788922 17007.915000000005 37163.000000000007 17607.195000000003 30106.350000000002
decision_type=2 2 2 2 2 2 2 2 2 2 2 2 2 2 2 2 2 2
left_child=2 3 14 15 10 -6 9 8 -8 13 -5 -11 -9 -4 -1 -2 -16 -18
right_child=1 -3 6 4 5 -7 7 12 -10 11 -12 -13 -14 -15 16 -17 17 -19
leaf_value=-5.3369801521301206 17.906003316243492 32.224883015950518 0.98015720931688954 13.15560417175292 2.0202138097662674 17.01676279703776 -8.4534267132098844 -1.0186479478803221 -1.7998721057718452 1.4362486484504882 20.903599929809566 -0.3608390958881692 0.81090748806794499 2.6196036852323097 -7.1070142745971623 19.163900756835933 -7.5301597595214851 -7.4510983553799726
leaf_weight=3.0000000000000027 2.9999999999999991 2.9999999999999991 75 4.0000000000000027 19.000000000000004 2.9999999999999991 13.000000000000002 206 10.999999999999998 21 3 152 11.999999999999998 12.999999999999998 4.0000000000000027 3 3.9999999999999991 10.999999999999998
leaf_count=3 3 3 75 4 19 3 13 206 11 21 3 152 12 13 4 3 4 11
internal_value=0.0163531 10.8593 -0.768467 9.02792 7.06095 4.0652 -0.490901 -1.36283 -5.40388 0.317549 16.4762 -0.142695 -0.917938 1.22235 -7.11462 18.535 -7.3953 -7.47218
internal_weight=563 38 525 35 29 22 503 242 24 261 7 173 218 88 22 6 19 15
internal_count=563 38 525 35 29 22 503 242 24 261 7 173 218 88 22 6 19 15
is_linear=0
shrinkage=0.05


Tree=15
num_leaves=19
num_cat=0
split_feature=3 1 3 2 4 3 2 8 0 0 3 4 4 6 2 0 2 6
split_gain=1.81684e+06 395751 298987 268855 362168 189543 121948 121977 106345 75744 61926.9 24735.6 23704.5 17365.5 4133.57 2211.55 164.888 15.048
threshold=0.90859250150235282 16836.585000000003 0.96329580993230679 3171.5550000000007 36767.500000000007 0.95795537991178215 11088.270000000002 2.5000000000000004 34356.000000000007 32677.350000000002 0.85821417385990451 35692.500000000007 43067.500000000007 92.500000000000014 17007.915000000005 37163.000000000007 17607.195000000003 95.500000000000014
decision_type=2 2 2 2 2 2 2 2 2 2 2 2 2 2 2 2 2 2
left_child=1 14 3 4 9 -6 10 8 -8 -2 11 -3 -9 -12 -1 -5 -16 -18
right_child=2 6 -4 15 5 -7 7 12 -10 -11 13 -13 -14 -15 16 -17 17 -19
leaf_value=-5.0701307932535755 12.101093037923164 0.60997448385807518 25.429691060384116 16.488518066406247 1.8424694939663533 13.817613029479981 -7.9967807476337116 -1.215040760060661 -1.6013109353872446 23.336748250325513 2.050637508693494 -0.55455130571336075 1.5981731772422791 0.50698750951460425 -6.7516637802123967 18.205706787109371 -7.0855963706970204 -7.2076260884602865
leaf_weight=3.0000000000000027 3.0000000000000027 57 2.9999999999999991 5 19.000000000000004 3.9999999999999991 13.000000000000002 117 12.999999999999998 3 38 228 7.9999999999999991 35 4.0000000000000027 3 16.000000000000004 2.9999999999999991
leaf_count=3 3 57 3 5 19 4 13 117 13 3 38 228 8 35 4 3 16 3
internal_value=-0.0302952 -0.798803 10.2485 9.01758 6.779 3.9251 -0.491454 -1.68311 -4.79905 17.7189 0.0111722 -0.321646 -1.035 1.31053 -6.81575 17.1325 -7.04344 -7.10486
internal_weight=575 535 40 37 29 23 509 151 26 6 358 285 125 73 26 8 23 19
internal_count=575 535 40 37 29 23 509 151 26 6 358 285 125 73 26 8 23 19
is_linear=0
shrinkage=0.05


Tree=16
num_leaves=19
num_cat=0
split_feature=3 2 2 2 4 3 8 4 7 2 0 4 4 0 0 7 0 0
split_gain=1.46887e+06 309020 300286 287754 319442 124362 128305 110555 50665.8 48178.1 44462.2 23937 21215.6 13625.2 2203.48 18.5587 7.58017 5.11002
threshold=0.90859250150235282 1398.2200000000003 17007.915000000005 3171.5550000000007 36767.500000000007 0.69208256631736387 2.5000000000000004 39295.000000000007 5.5000000000000009 4936.9600000000009 33659.850000000013 35692.500000000007 43067.500000000007 34031.400000000001 36015.150000000009 3.5000000000000004 32234.650000000005 30425.700000000001
decision_type=2 2 2 2 2 2 2 2 2 2 2 2 2 2 2 2 2 2
left_child=2 -2 5 4 10 6 7 -1 -6 13 -3 -11 -8 -7 -5 -4 17 -17
right_child=1 3 15 14 8 9 12 -9 -10 11 -12 -13 -14 -15 -16 16 -18 -19
leaf_value=-7.647532297770181 20.563590393066406 10.992043151855462 -6.6523405456542948 15.472850545247397 3.9937253506978352 0.63954072450205945 -1.1312243938446045 -1.5769776455561322 -0.93348250277340394 0.6060338140561663 18.691582234700515 -0.53419348143809575 1.7012104170663016 2.0207397566391871 17.265449905395506 -6.8023137410481773 -6.8346598307291631 -6.7269625345865895
leaf_weight=15.000000000000002 4.9999999999999991 5.0000000000000018 5.0000000000000009 2.9999999999999991 15 57 119 14.999999999999998 8 58 3 223 6.9999999999999991 26 4 2.9999999999999991 3.0000000000000009 8.9999999999999982
leaf_count=15 5 5 5 3 15 57 119 15 8 58 3 223 7 26 4 3 3 9
internal_value=-0.0154391 8.8784 -0.723652 7.34088 5.27332 -0.492417 -1.67356 -4.61225 2.27991 0.0137854 13.8794 -0.298844 -0.973867 1.07221 16.4972 -6.73576 -6.76357 -6.7458
internal_weight=583 43 540 38 31 520 156 30 23 364 8 281 126 83 7 20 15 12
internal_count=583 43 540 38 31 520 156 30 23 364 8 281 126 83 7 20 15 12
is_linear=0
shrinkage=0.05


Tree=17
num_leaves=19
num_cat=0
split_feature=3 3 2 4 1 3 2 8 1 6 1 4 4 4 7 0 1 0
split_gain=1.327e+06 274007 254942 337439 239612 171102 97252 70181.5 91284.5 65111.1 32478.8 18641.5 14509.5 8421.31 5111.59 1866.5 575.659 48.2014
threshold=0.90859250150235282 0.96329580993230679 3171.5550000000007 36767.500000000007 16836.585000000003 0.95795537991178215 7833.545000000001 2.5000000000000004 21186.495000000003 93.500000000000014 30571.260000000002 38137.000000000007 33155.000000000007 39497.500000000007 4.5000000000000009 37163.000000000007 13984.390000000001 30475.750000000004
decision_type=2 2 2 2 2 2 2 2 2 2 2 2 2 2 2 2 2 2
left_child=4 2 3 9 14 -5 10 8 -8 -2 12 -12 -6 -9 16 -4 17 -1
right_child=1 -3 15 5 6 -7 7 13 -10 -11 11 -13 -14 -15 -16 -17 -18 -19
leaf_value=-6.4435535975864937 21.363657124837243 23.130026753743493 14.85459777832031 1.2708307112990456 2.5554976145426433 12.512799739837646 -7.2289611053466771 -0.56396898828318409 -1.2085530885878732 10.9464360555013 4.1301154817853636 1.1976247124373913 0.062325061458936883 -1.2007574044369365 -4.7120541381835936 16.432148742675775 -7.0814087867736824 -6.2040069580078105
leaf_weight=7.0000000000000018 2.9999999999999991 2.9999999999999991 5 22.000000000000004 5.9999999999999991 3.9999999999999991 10.000000000000002 174 17 3 7.0000000000000027 24 213 74 4.9999999999999991 3 3.9999999999999991 3
leaf_count=7 3 3 5 22 6 4 10 174 17 3 7 24 213 74 5 3 4 3
internal_value=0.100063 8.5558 7.46273 5.46687 -0.568313 3.00036 -0.368685 -1.01753 -3.43833 16.155 0.345048 1.8598 0.130631 -0.753978 -6.08436 15.4462 -6.57447 -6.37169
internal_weight=587 43 40 32 544 26 525 275 27 6 250 31 219 248 19 8 14 10
internal_count=587 43 40 32 544 26 525 275 27 6 250 31 219 248 19 8 14 10
is_linear=0
shrinkage=0.05


Tree=18
num_leaves=20
num_cat=0
split_feature=3 2 1 2 4 3 3 8 1 0 4 3 6 8 2 0 3 0 6
split_gain=1.47089e+06 409227 274552 186749 199784 194413 95480.2 47698 128232 23734 16399.4 23971.7 8988.46 3977.3 3700.36 1684.52 26.678 36.6121 7.68065
threshold=0.90859250150235282 1330.3950000000002 16836.585000000003 3171.5550000000007 36767.500000000007 0.95795537991178215 0.80560229559553032 2.5000000000000004 21186.495000000003 33659.850000000013 35692.500000000007 0.85998774979099413 91.500000000000014 4.5000000000000009 17007.915000000005 37163.000000000007 0.42059289796765859 31403.500000000004 95.500000000000014
decision_type=2 2 2 2 2 2 2 2 2 2 2 2 2 2 2 2 2 2 2
left_child=2 -2 14 4 9 -6 7 8 -4 -3 13 -12 -9 -8 -1 -5 18 -18 -16
right_child=1 3 6 15 5 -7 10 12 -10 -11 11 -13 -14 -15 16 -17 17 -19 -20
leaf_value=-4.2282716115315706 27.157472737630208 10.805620574951163 -6.8347502390543626 14.111867065429687 1.2396512024542863 13.491116333007813 2.3517052241734091 -0.30036767845352497 -0.7473610349239842 16.688820330301919 -0.21338028348982335 1.0451676031023684 -0.87557151520349952 0.8920141901288714 -6.126053376631301 15.61054077148437 -5.8938067118326822 -6.1248750686645499 -6.2163093566894538
leaf_weight=3.0000000000000027 2.9999999999999991 4.0000000000000027 11.999999999999998 5 17.000000000000004 3.9999999999999991 14.000000000000002 108 31 3 81 71 183 6.9999999999999991 11.000000000000002 3 2.9999999999999991 4 2.9999999999999991
leaf_count=3 3 4 12 5 17 4 14 108 31 3 81 71 183 7 11 3 3 4 3
internal_value=0.0430284 9.41515 -0.64532 7.93662 6.0117 3.57326 -0.397955 -0.89178 -2.44617 13.327 0.55544 0.374494 -0.662094 1.86514 -5.87089 14.6739 -6.10554 -6.02585 -6.14539
internal_weight=570 39 531 36 28 21 507 334 43 7 173 152 291 21 24 8 21 7 14
internal_count=570 39 531 36 28 21 507 334 43 7 173 152 291 21 24 8 21 7 14
is_linear=0
shrinkage=0.05


Tree=19
num_leaves=20
num_cat=0
split_feature=3 2 2 1 2 8 1 4 3 2 4 8 4 3 2 2 3 6 3
split_gain=904058 444597 246345 220416 87586.9 85192 68782.1 53724.2 69326.9 27403.6 19280.1 13088.4 11921.5 10690.1 3857.82 323.231 13.5298 4.37237 1.88668
threshold=0.90859250150235282 1330.3950000000002 2928.5300000000002 15878.780000000002 8192.1300000000028 2.5000000000000004 21186.495000000003 36767.500000000007 0.95795537991178215 4936.9600000000009 35692.500000000007 4.5000000000000009 35397.500000000007 0.93340911321693187 3233.5250000000001 17607.195000000003 0.41315654961782705 95.500000000000014 0.43073888409155636
decision_type=2 2 2 2 2 2 2 2 2 2 2 2 2 2 2 2 2 2 2
left_child=3 -2 7 15 9 6 -6 13 -9 11 -11 -5 -7 -3 -4 -1 17 -17 -18
right_child=1 2 14 4 5 12 -8 8 -10 10 -12 -13 -14 -15 -16 16 18 -19 -20
leaf_value=-5.2512210845947207 25.799599202473956 5.6378383080164527 12.085766855875647 0.62834795077345262 -6.5717979431152331 -0.42113392503963692 -1.3223280044702383 1.2954174976599842 9.4743171691894528 1.2796366778287023 -0.29612907150478079 2.0858865797519686 -1.1736620125017667 9.8588333129882795 14.353751373291013 -5.8315651575724265 -5.7911232948303208 -5.9054939270019524 -5.742560386657714
leaf_weight=3.0000000000000027 2.9999999999999991 3.0000000000000027 3 67 12.000000000000002 118 12.999999999999998 19.000000000000004 2.9999999999999991 22 165 20 95 3 5 6.0000000000000018 4 3 4
leaf_count=3 3 3 3 67 12 118 13 19 3 22 165 20 95 3 5 6 4 3 4
internal_value=-0.041645 7.30643 5.76533 -0.58032 -0.379171 -1.08086 -3.84207 3.5545 2.41072 0.23032 -0.110745 0.963414 -0.756769 7.74834 13.5033 -5.72971 -5.81415 -5.85621 -5.76684
internal_weight=571 39 36 532 512 238 25 28 22 274 187 87 213 6 8 20 17 9 8
internal_count=571 39 36 532 512 238 25 28 22 274 187 87 213 6 8 20 17 9 8
is_linear=0
shrinkage=0.05


Tree=20
num_leaves=20
num_cat=0
split_feature=3 2 2 2 4 3 3 8 0 2 0 4 4 8 0 2 3 6 0
split_gain=1.079e+06 357340 217474 145830 159870 113949 87060.3 100878 62988.7 37051.6 35467 19364.3 16354.3 11941.9 403.42 138.781 13.2471 4.55271 1.64861
threshold=0.90859250150235282 1330.3950000000002 17007.915000000005 3171.5550000000007 36767.500000000007 0.95795537991178215 0.69208256631736387 2.5000000000000004 34356.000000000007 4794.1250000000009 33659.850000000013 43067.500000000007 35692.500000000007 4.5000000000000009 37163.000000000007 17607.195000000003 0.41315654961782705 95.500000000000014 31403.500000000004
decision_type=2 2 2 2 2 2 2 2 2 2 2 2 2 2 2 2 2 2 2
left_child=2 -2 6 4 10 -6 7 8 -1 13 -3 -9 -11 -8 -5 -4 17 -17 -18
right_child=1 3 15 14 5 -7 9 11 -10 12 -12 -13 -14 -15 -16 16 18 -19 -20
leaf_value=-6.3168404388427719 24.509619649251306 8.6957621765136679 -5.1978767395019494 13.292346191406251 1.4538614458159396 10.738888168334961 0.60418906431931718 -0.95440447479486468 -1.4567205066482227 0.51845639848283365 15.572487362225846 1.5849185109138491 -0.43601464790712419 1.9756694946970261 14.112326049804686 -5.5379928588867173 -5.4907173156738285 -5.610219192504883 -5.4416844685872379
leaf_weight=15.000000000000002 2.9999999999999991 5.0000000000000018 4.0000000000000027 2.9999999999999991 19.000000000000004 3.9999999999999991 65 122 11.999999999999998 56 3 7.9999999999999991 226 21 3 8.0000000000000018 3.9999999999999991 2.9999999999999991 3
leaf_count=15 3 5 4 3 19 4 65 122 12 56 3 8 226 21 3 8 4 3 3
internal_value=-0.0143639 7.91295 -0.594058 6.56728 5.1863 3.06865 -0.389973 -1.37574 -4.15679 0.0305859 11.2745 -0.798138 -0.246474 0.939085 13.7023 -5.46427 -5.52347 -5.55769 -5.4697
internal_weight=587 40 547 37 31 23 525 157 27 368 8 130 282 86 6 22 18 11 7
internal_count=587 40 547 37 31 23 525 157 27 368 8 130 282 86 6 22 18 11 7
is_linear=0
shrinkage=0.05


Tree=21
num_leaves=20
num_cat=0
split_feature=3 2 1 4 2 3 3 3 4 7 1 4 4 4 2 7 5 0 1
split_gain=719825 197688 164961 141130 188613 73812.3 38474.1 30635.7 32558.2 22288.6 18587.7 18883.4 15751.7 11055.4 3281.77 58.138 65.8012 5.41962 5.07113
threshold=0.90859250150235282 1398.2200000000003 15878.780000000002 36767.500000000007 2928.5300000000002 0.81714942083669462 0.93340911321693187 0.62029841987487444 38272.500000000007 5.5000000000000009 30571.260000000002 35692.500000000007 38137.000000000007 39295.000000000007 3233.5250000000001 3.5000000000000004 22.500000000000004 32110.450000000001 13150.665000000001
decision_type=2 2 2 2 2 2 2 2 2 2 2 2 2 2 2 2 2 2 2
left_child=2 -2 15 6 9 7 -3 8 -4 -5 11 -7 -12 -9 -6 16 -1 18 -17
right_child=1 3 5 4 14 10 -8 13 -10 -11 12 -13 -14 -15 -16 17 -18 -19 -20
leaf_value=-4.9161595662434836 17.130330467224123 16.341933822631837 -0.81401606892114098 2.6079388898961677 10.576576741536458 1.655806228518486 8.3342227935790998 -0.26318549444632872 -2.9312432869275415 -1.1896966075897217 3.4639373064041141 -0.0036606693205734095 0.94822563449186947 -0.91720347188767937 12.915296427408851 -5.2794371795654307 -5.2473222096761054 -5.3198819160461417 -5.1972087860107408
leaf_weight=3.0000000000000027 3.9999999999999991 2.9999999999999991 46 17.000000000000007 2.9999999999999991 20 3 168 30 4.9999999999999991 7.9999999999999991 120 28 105 3 4.9999999999999982 3 4 3
leaf_count=3 4 3 46 17 3 20 3 168 30 5 8 120 28 105 3 5 3 4 3
internal_value=-0.0366812 6.6161 -0.502254 5.37913 3.88793 -0.340886 12.3381 -0.761901 -1.64976 1.74484 0.49397 0.233406 1.50727 -0.514731 11.7459 -5.20882 -5.08174 -5.27236 -5.2486
internal_weight=581 38 543 34 28 525 6 349 76 22 176 140 36 273 6 18 6 12 8
internal_count=581 38 543 34 28 525 6 349 76 22 176 140 36 273 6 18 6 12 8
is_linear=0
shrinkage=0.05


Tree=22
num_leaves=21
num_cat=0
split_feature=3 3 1 2 4 1 8 1 1 1 3 4 2 1 7 2 7 6 2 6
split_gain=817380 175575 164866 145494 191841 74913 38009.3 83030.2 28947.1 22881 21190.6 20614.3 15642.1 10995.7 8408.02 3808.14 3038.67 3813.22 789.844 108.579
threshold=0.90859250150235282 0.95795537991178215 16836.585000000003 2928.5300000000002 36767.500000000007 26767.050000000003 2.5000000000000004 21186.495000000003 31315.650000000005 35450.855000000003 0.8858036711537064 35692.500000000007 3733.3750000000005 34596.040000000001 1.5000000000000002 3233.5250000000001 4.5000000000000009 93.500000000000014 17568.415000000005 91.500000000000014
decision_type=2 2 2 2 2 2 2 2 2 2 2 2 2 2 2 2 2 2 2 2
left_child=2 3 16 4 8 6 7 -4 -2 -3 11 -7 -12 -6 -8 -5 18 -18 -1 -20
right_child=1 9 5 15 13 10 14 -9 -10 -11 12 -13 -14 -15 -16 -17 17 -19 19 -21
leaf_value=-5.6865344047546289 7.7641858673095658 11.797695922851563 -5.7578724225362148 10.047748057047524 1.5252466996510821 1.4943272336669591 -1.2180337164712991 -0.81259989820677669 13.976766300201414 17.973047892252598 0.86855877162294193 -0.10781486469992921 3.260247838497162 -1.2655587315559389 -0.46503279534514741 12.301082458496092 -5.0191206614176433 -2.4981349309285474 -4.6625370979309082 -4.9815869808197029
leaf_weight=4.0000000000000062 5.0000000000000018 2.9999999999999991 11.999999999999998 3 12.000000000000002 23 46 29 3 3 47 158 7.9999999999999991 4.9999999999999991 191 5 2.9999999999999991 3 3.9999999999999991 7.9999999999999991
leaf_count=4 5 3 12 3 12 23 46 29 3 3 47 158 8 5 191 5 3 3 4 8
internal_value=0.0288954 7.01762 -0.479613 5.58712 3.70906 -0.298194 -0.854355 -2.26 10.0939 14.8854 0.356945 0.0957723 1.21644 0.704422 -0.611185 11.4561 -4.71822 -3.75863 -5.07806 -4.87524
internal_weight=575 39 536 33 25 514 278 41 8 6 236 181 55 17 237 8 22 6 16 12
internal_count=575 39 536 33 25 514 278 41 8 6 236 181 55 17 237 8 22 6 16 12
is_linear=0
shrinkage=0.05


Tree=23
num_leaves=20
num_cat=0
split_feature=3 2 2 2 4 3 8 3 0 7 8 4 0 6 0 7 0 3 0
split_gain=579474 135758 131237 127178 168364 61899 35090.8 79719.7 26124.8 19848.3 16941.3 15451.8 14500.3 7856.74 1038.89 83.4837 67.4667 24.163 6.33437
threshold=0.90859250150235282 17007.915000000005 3171.5550000000007 1398.2200000000003 36767.500000000007 0.80560229559553032 2.5000000000000004 0.62475610546214222 33659.850000000013 5.5000000000000009 4.5000000000000009 35692.500000000007 34601.750000000007 91.500000000000014 37163.000000000007 3.5000000000000004 30106.350000000002 0.39171016474810366 32110.450000000001
decision_type=2 2 2 2 2 2 2 2 2 2 2 2 2 2 2 2 2 2 2
left_child=1 5 3 -2 8 6 7 -1 -5 -6 11 -7 -12 -8 -4 16 -3 -17 -19
right_child=2 15 14 4 9 10 13 -9 -10 -11 12 -13 -14 -15 -16 17 -18 18 -20
leaf_value=-5.1380023053714208 14.122697957356772 -4.7359296162923128 10.968951263427734 7.375976371765133 2.0407537460327148 1.9044351504399228 -0.17354501980707188 -0.54365388057355224 13.277928161621091 -1.3042399545510612 1.1313517797738313 0.10398047734182199 4.429112052917481 -0.71087087855483944 12.145890808105465 -4.9195790608723966 -4.4006022135416654 -4.7260652542114263 -4.8150482177734366
leaf_weight=13.999999999999998 2.9999999999999991 3.0000000000000027 5 5.0000000000000018 17.000000000000004 12.999999999999998 109 29 3 5.9999999999999991 20.000000000000004 143 3.9999999999999991 181 3 2.9999999999999991 3 5.9999999999999982 3
leaf_count=14 3 3 5 5 17 13 109 29 3 6 20 143 4 181 3 3 3 6 3
internal_value=-0.00532284 -0.452508 5.64837 4.29262 3.34132 -0.302752 -0.706553 -2.03949 9.58921 1.16815 0.44428 0.254018 1.68098 -0.50891 11.4103 -4.72055 -4.56827 -4.79669 -4.75573
internal_weight=573 531 42 34 31 513 333 43 8 23 180 156 24 290 8 18 6 12 9
internal_count=573 531 42 34 31 513 333 43 8 23 180 156 24 290 8 18 6 12 9
is_linear=0
shrinkage=0.05


Tree=24
num_leaves=19
num_cat=0
split_feature=3 1 3 3 1 8 0 1 1 4 3 4 4 7 0 0 1 6
split_gain=428786 141023 119368 174569 64546.4 63193.7 50062.4 44744.7 22250.8 21926.5 16831.2 13897.1 10264.3 111.866 179.343 95.5102 21.5753 3.94899
threshold=0.90859250150235282 15878.780000000002 0.92341870187540176 0.95795537991178215 24312.975000000002 2.5000000000000004 33098.80000000001 21186.495000000003 30063.120000000006 39497.500000000007 0.9293050221039546 38137.000000000007 43067.500000000007 3.5000000000000004 30475.750000000004 36015.150000000009 11938.175000000001 91.500000000000014
decision_type=2 2 2 2 2 2 2 2 2 2 2 2 2 2 2 2 2 2
left_child=1 13 15 6 5 7 -4 -3 9 -6 -8 -10 -7 14 -1 -2 -15 -18
right_child=2 4 3 -5 8 12 10 -9 11 -11 -12 -13 -14 16 -16 -17 17 -19
leaf_value=-4.5017382812499989 10.402315266927081 -5.191849953787667 7.7573842366536274 12.104881286621094 0.276431623584178 -0.70659899962525219 2.2189423370361321 -1.3212585205212237 2.5441444983849162 -0.64745179854799062 -0.76151746147208754 0.60552863329648976 1.4010876814524333 -4.6736000061035128 -4.0127347310384103 10.759172210693357 -4.5521373748779306 -4.4892964172363277
leaf_weight=5 3 14.000000000000002 3.0000000000000062 4.9999999999999991 194 155 10.000000000000002 15.999999999999998 12.999999999999998 96 8.9999999999999982 32 5.9999999999999991 3.0000000000000009 3 5 4.9999999999999982 5
leaf_count=5 3 14 3 5 194 155 10 16 13 96 9 32 6 3 3 5 5 5
internal_value=-0.104225 -0.447521 5.261 3.67157 -0.287109 -1.02064 1.75491 -3.12753 0.131114 -0.0294056 0.807146 1.16557 -0.628052 -4.46547 -4.31836 10.6254 -4.556 -4.52072
internal_weight=582 547 35 27 526 191 22 30 335 290 19 45 161 21 8 8 13 10
internal_count=582 547 35 27 526 191 22 30 335 290 19 45 161 21 8 8 13 10
is_linear=0
shrinkage=0.05


Tree=25
num_leaves=20
num_cat=0
split_feature=2 2 1 4 4 1 2 4 1 0 8 6 4 0 1 2 2 1 0
split_gain=364552 201015 162383 44059.6 112312 38258.9 36746.4 21584.2 50095.9 19844.3 17533.2 15176.1 14859.2 6400.53 1055.4 615.332 92.2083 20.1776 4.17061
threshold=3356.1300000000006 1398.2200000000003 16836.585000000003 44735.000000000007 44810.000000000007 26767.050000000003 2288.9450000000002 38272.500000000007 20591.070000000003 36568.900000000009 2.5000000000000004 89.500000000000014 35692.500000000007 32993.500000000007 32073.940000000006 17568.415000000005 17643.950000000001 11554.095000000001 36678.950000000004
decision_type=2 2 2 2 2 2 2 2 2 2 2 2 2 2 2 2 2 2 2
left_child=1 -1 15 6 18 7 -3 13 -9 -6 14 -8 -12 -4 -7 -2 -17 -18 -5
right_child=2 3 5 4 9 10 11 8 -10 -11 12 -13 -14 -15 -16 16 17 -19 -20
leaf_value=14.629553604125977 -4.9217049598693805 7.3695149739583332 -0.66159324260918728 10.445467376708988 4.2387266159057608 1.7756193569728307 3.8643086989720667 -4.8481579250759559 -0.92528353866408863 -1.1408244043588638 1.2948675260595655 1.0842793552963823 -0.053509763111182253 -0.078076148553881605 2.793734455108642 -4.0303891181945763 -4.4141618092854769 -4.2721139017740892 10.528840128580725
leaf_weight=3.9999999999999991 4.0000000000000027 2.9999999999999991 95 2.9999999999999982 3 6.9999999999999982 5.9999999999999991 8.9999999999999982 85 4 23 27 183 93 4 4.0000000000000027 3.0000000000000027 14.999999999999998 3
leaf_count=4 4 3 95 3 3 7 6 9 85 4 23 27 183 93 4 4 3 15 3
internal_value=-0.0999475 3.85215 -0.498921 2.97236 5.46737 -0.298198 2.07139 -0.682252 -1.30088 1.1647 0.200894 1.58974 0.0970372 -0.372939 2.14584 -4.35125 -4.24753 -4.29579 10.4872
internal_weight=578 53 525 49 13 499 36 282 94 7 217 33 206 188 11 26 22 18 6
internal_count=578 53 525 49 13 499 36 282 94 7 217 33 206 188 11 26 22 18 6
is_linear=0
shrinkage=0.05


Tree=26
num_leaves=20
num_cat=0
split_feature=3 3 1 3 7 3 1 4 1 3 4 4 0 1 5 0 3 0 3
split_gain=401863 138146 131273 106002 51099.5 68436.2 41564.9 21942 41973.7 17103.9 12450.9 11840 5028.12 2205.03 271.976 135.306 51.9159 48.0133 20.7648
threshold=0.90859250150235282 0.96329580993230679 16836.585000000003 0.91704413256461914 5.5000000000000009 0.93340911321693187 26767.050000000003 38272.500000000007 20591.070000000003 0.88973893239007207 38137.000000000007 35692.500000000007 33049.350000000006 15878.780000000002 22.500000000000004 36678.950000000004 0.42059289796765859 31403.500000000004 0.39171016474810366
decision_type=2 2 2 2 2 2 2 2 2 2 2 2 2 2 2 2 2 2 2
left_child=2 3 13 15 5 -5 7 12 -9 11 -11 -8 -4 16 -6 -2 18 -18 -1
right_child=1 -3 6 4 14 -7 9 8 -10 10 -12 -13 -14 -15 -16 -17 17 -19 -20
leaf_value=-4.2215793609619041 9.6729791641235359 15.098204930623375 -0.57481114719595228 1.7960960419972729 -1.4509164810180666 7.5225552082061773 1.253199139237404 -4.742049980163574 -0.94778345285392396 1.9121466149886448 0.31776609277725221 -0.10202977121263355 -0.063972285264328618 -2.6078111648559572 -0.82112927436828598 9.2287707010904931 -3.8237084388732905 -4.0686914443969719 -4.074508094787598
leaf_weight=3.0000000000000062 3.9999999999999991 2.9999999999999991 105 15.000000000000005 2.9999999999999991 7.9999999999999991 18 7.9999999999999991 82 24 25 154 89 2.9999999999999991 4 3 4 4 11.999999999999998
leaf_count=3 4 3 105 15 3 8 18 8 82 24 25 154 89 3 4 3 4 4 12
internal_value=-0.0539704 4.77894 -0.418031 3.94224 2.64949 3.78791 -0.239649 -0.639801 -1.28505 0.274573 1.09869 0.0397965 -0.340457 -3.88276 -1.09104 9.4826 -4.04906 -3.9462 -4.10392
internal_weight=571 40 531 37 30 23 505 284 90 221 49 172 194 26 7 7 23 8 15
internal_count=571 40 531 37 30 23 505 284 90 221 49 172 194 26 7 7 23 8 15
is_linear=0
shrinkage=0.05


Tree=27
num_leaves=19
num_cat=0
split_feature=2 2 4 1 2 2 8 1 4 4 6 2 4 7 4 6 6 2
split_gain=312093 153366 105874 103052 45972.8 34733.4 35284.9 28316.8 26536.9 92269.8 16354.1 13398.6 9219.95 7108.71 3955.07 2232.45 212.813 203.608
threshold=3405.2500000000005 1398.2200000000003 36767.500000000007 16836.585000000003 2453.4250000000006 8347.8000000000011 2.5000000000000004 21186.495000000003 44735.000000000007 44810.000000000007 91.500000000000014 4189.2850000000008 35397.500000000007 2.5000000000000004 37941.500000000007 95.500000000000014 94.500000000000014 17607.195000000003
decision_type=2 2 2 2 2 2 2 2 2 2 2 2 2 2 2 2 2 2
left_child=1 -1 4 15 -3 10 7 -7 14 -10 11 -5 -8 -12 -4 16 17 -2
right_child=3 2 8 5 -6 6 12 -9 9 -11 13 -13 -14 -15 -16 -17 -18 -19
leaf_value=12.699282169342041 -3.4045378367105998 5.0300229263305658 1.5743235650269882 2.4420203367869062 12.85926729838053 -4.4526472611860788 -0.2656331968888388 -0.77639194369316111 9.1220983886718781 0.65065069595972691 0.13296981674797234 0.41966156004876887 -0.96094708412885665 -0.51614991165697577 0.56857684500077199 -2.5634205341339111 -4.1835821151733397 -3.8615154853233928
leaf_weight=3.9999999999999991 3.0000000000000098 5 23 8.9999999999999982 3 11.000000000000002 118 9.9999999999999982 4.9999999999999973 9 81 91 80 88 17 3.9999999999999991 3.9999999999999991 12.999999999999998
leaf_count=4 3 5 23 9 3 11 118 10 5 9 81 91 80 88 17 4 4 13
internal_value=-0.0259195 3.2101 2.5979 -0.443063 7.96599 -0.285752 -0.753258 -2.70205 1.80262 3.67617 0.0948578 0.601674 -0.546568 -0.205033 1.14688 -3.64172 -3.85738 -3.77583
internal_weight=578 66 62 512 8 488 219 21 54 14 269 100 198 169 40 24 20 16
internal_count=578 66 62 512 8 488 219 21 54 14 269 100 198 169 40 24 20 16
is_linear=0
shrinkage=0.05


Tree=28
num_leaves=20
num_cat=0
split_feature=3 2 2 2 4 3 3 8 4 0 4 3 4 6 2 0 7 3 3
split_gain=488979 216672 95376.7 93158.7 112512 49822.6 45540.7 39276.2 31921.8 27763.8 18605.5 17050.2 12036.6 9697.27 2033.39 190.087 61.0407 22.8659 3.41898
threshold=0.90859250150235282 1330.3950000000002 17007.915000000005 2928.5300000000002 36767.500000000007 0.95795537991178215 0.70038789934305101 2.5000000000000004 39295.000000000007 33659.850000000013 43067.500000000007 0.85998774979099413 35692.500000000007 91.500000000000014 3293.3600000000006 36015.150000000009 3.5000000000000004 0.39171016474810366 0.41315654961782705
decision_type=2 2 2 2 2 2 2 2 2 2 2 2 2 2 2 2 2 2 2
left_child=2 -2 6 4 9 -6 7 8 -1 -3 -9 12 -8 -13 15 -5 -4 -18 -19
right_child=1 3 16 14 5 -7 11 10 -10 -11 -12 13 -14 -15 -16 -17 17 18 -20
leaf_value=-4.4212981003981362 18.096237691243491 5.7656574249267578 -3.5091197204589819 8.4201726277669291 0.1815628486871719 6.2944145917892458 0.5723865973896215 -0.67842563451893301 -1.0361699930826822 11.849930445353188 2.1675218264261882 1.4140234929142577 -0.25140034575539993 0.2686585937937101 9.733024597167967 7.857312266031899 -3.8336917877197267 -3.712985000610352 -3.6602790355682373
leaf_weight=13 2.9999999999999991 5 5.0000000000000027 2.9999999999999982 20.000000000000004 3.9999999999999991 56 134 15 3 5.9999999999999991 33 213 42 3 3 2.9999999999999991 4.9999999999999991 7.9999999999999991
leaf_count=13 3 5 5 3 20 4 56 134 15 3 6 33 213 42 3 3 3 5 8
internal_value=0.0591714 5.12516 -0.359034 4.17606 2.91209 1.20037 -0.223577 -0.898353 -2.60784 8.04726 -0.556456 0.105965 -0.0799057 0.772619 8.67017 8.13874 -3.66161 -3.70926 -3.68055
internal_weight=577 44 533 41 32 24 512 168 28 8 140 344 269 75 9 6 21 16 13
internal_count=577 44 533 41 32 24 512 168 28 8 140 344 269 75 9 6 21 16 13
is_linear=0
shrinkage=0.05


Tree=29
num_leaves=19
num_cat=0
split_feature=3 2 1 4 3 3 1 6 4 1 6 4 2 0 2 3 2 3
split_gain=357343 211304 104397 80191.8 73886.3 55749.1 34000.6 18443.2 15388.4 29704.7 13029.5 12791.9 9143.68 6121.89 633.838 71.3785 40.1595 22.465
threshold=0.90859250150235282 1330.3950000000002 16836.585000000003 36767.500000000007 0.91704413256461914 0.95795537991178215 26767.050000000003 91.500000000000014 38272.500000000007 20591.070000000003 90.500000000000014 38137.000000000007 4189.2850000000008 33628.900000000001 17568.415000000005 0.42059289796765859 17662.100000000002 0.39171016474810366
decision_type=2 2 2 2 2 2 2 2 2 2 2 2 2 2 2 2 2 2
left_child=2 -2 14 7 -5 -6 8 -3 13 -10 12 -12 -8 -4 -1 17 -17 -16
right_child=1 3 6 4 5 -7 10 -9 9 -11 11 -13 -14 -15 15 16 -18 -19
leaf_value=-4.1421684265136687 17.191426595052086 11.257433191935222 -0.48786074775743532 8.0006864929199235 0.36195658866478042 6.1872670173645021 1.9821772439139231 6.071269679069518 -4.0114100456237791 -0.81773799481215304 0.45553031189412607 -0.43314391111023726 0.54547736616629483 0.13597528620453722 -3.6420071919759076 -3.2202506542205813 -3.4622547149658196 -3.4860036087036139
leaf_weight=4.0000000000000027 2.9999999999999991 2.9999999999999991 138 4.9999999999999991 23.000000000000004 4.9999999999999991 13.999999999999998 4 7.9999999999999991 81 82 80 53 55 3.0000000000000027 3.9999999999999991 3 9.9999999999999982
leaf_count=4 3 3 138 5 23 5 14 4 8 81 82 80 53 55 3 4 3 10
internal_value=0.00772056 4.39294 -0.344736 3.43305 2.40196 1.40219 -0.193369 8.29391 -0.560901 -1.10481 0.259226 0.0166788 0.845683 -0.310084 -3.5676 -3.45269 -3.32397 -3.522
internal_weight=578 43 535 40 33 28 511 7 282 89 229 162 67 193 24 20 7 13
internal_count=578 43 535 40 33 28 511 7 282 89 229 162 67 193 24 20 7 13
is_linear=0
shrinkage=0.05


Tree=30
num_leaves=20
num_cat=0
split_feature=3 3 1 3 4 3 1 8 1 4 4 0 0 1 0 1 3 6 6
split_gain=469334 117534 93960.3 58560 85942 39422 29506 26665.9 21823 15842.5 15079.5 13925.8 10935.4 9586 1118.67 730.002 130.834 99.2257 19.3022
threshold=0.90859250150235282 0.96329580993230679 16836.585000000003 0.91704413256461914 36767.500000000007 0.95795537991178215 24236.980000000003 2.5000000000000004 21186.495000000003 43067.500000000007 39497.500000000007 33659.850000000013 34548.200000000004 29262.245000000006 37163.000000000007 13984.390000000001 0.42059289796765859 91.500000000000014 95.500000000000014
decision_type=2 2 2 2 2 2 2 2 2 2 2 2 2 2 2 2 2 2 2
left_child=2 3 15 14 11 -6 7 8 -4 -9 12 -5 -8 -12 -2 16 18 -18 -1
right_child=1 -3 6 4 5 -7 10 9 -10 -11 13 -13 -14 -15 -16 -17 17 -19 -20
leaf_value=-3.3342141238125871 7.6250460815429681 13.29266586303711 -3.8775420102206137 6.1880701065063421 0.84230181794417514 6.3036045789718633 0.17403653893159349 -0.57848882095639909 -0.98451360315084457 1.7051121592521667 -0.68788528331555432 10.694562403360999 1.1526371117023861 0.24493723746743942 8.8463394165039038 -4.0210883140563967 -2.8824770609537764 -3.2891418457031243 -3.4772946675618495
leaf_weight=11.000000000000005 5 3.9999999999999991 11.000000000000002 4.0000000000000027 19.000000000000004 3.9999999999999991 178 150 15.999999999999998 7.9999999999999991 80 3 34 42 3 3.9999999999999991 2.9999999999999991 3 2.9999999999999991
leaf_count=11 5 4 11 4 19 4 178 150 16 8 80 3 34 42 3 4 3 3 3
internal_value=0.0479807 5.14022 -0.345894 4.28206 3.26847 1.79209 -0.204456 -0.711014 -2.16315 -0.462863 0.0761219 8.11942 0.330982 -0.36675 8.08303 -3.40448 -3.28115 -3.08581 -3.36487
internal_weight=585 42 543 38 30 23 519 185 27 158 334 7 212 122 8 24 20 6 14
internal_count=585 42 543 38 30 23 519 185 27 158 334 7 212 122 8 24 20 6 14
is_linear=0
shrinkage=0.05


end of trees

feature_importances:
renewable_power=124
thermal_space_load_ratio=112
thermal_on_capacity=89
total_load=75
net_load=72
month=39
period=30
weekday=24
hour=3

parameters:
[boosting: gbdt]
[objective: regression]
[metric: rmse]
[tree_learner: serial]
[device_type: cpu]
[data_sample_strategy: bagging]
[data: ]
[valid: ]
[num_iterations: 400]
[learning_rate: 0.05]
[num_leaves: 31]
[num_threads: 0]
[seed: 42]
[deterministic: 0]
[force_col_wise: 0]
[force_row_wise: 0]
[histogram_pool_size: -1]
[max_depth: 5]
[min_data_in_leaf: 3]
[min_sum_hessian_in_leaf: 0.001]
[bagging_fraction: 0.85]
[pos_bagging_fraction: 1]
[neg_bagging_fraction: 1]
[bagging_freq: 1]
[bagging_seed: 400]
[bagging_by_query: 0]
[feature_fraction: 0.85]
[feature_fraction_bynode: 1]
[feature_fraction_seed: 30056]
[extra_trees: 0]
[extra_seed: 12879]
[early_stopping_round: 0]
[early_stopping_min_delta: 0]
[first_metric_only: 0]
[max_delta_step: 0]
[lambda_l1: 0]
[lambda_l2: 0]
[linear_lambda: 0]
[min_gain_to_split: 0]
[drop_rate: 0.1]
[max_drop: 50]
[skip_drop: 0.5]
[xgboost_dart_mode: 0]
[uniform_drop: 0]
[drop_seed: 17869]
[top_rate: 0.2]
[other_rate: 0.1]
[min_data_per_group: 100]
[max_cat_threshold: 32]
[cat_l2: 10]
[cat_smooth: 10]
[max_cat_to_onehot: 4]
[top_k: 20]
[monotone_constraints: ]
[monotone_constraints_method: basic]
[monotone_penalty: 0]
[feature_contri: ]
[forcedsplits_filename: ]
[refit_decay_rate: 0.9]
[cegb_tradeoff: 1]
[cegb_penalty_split: 0]
[cegb_penalty_feature_lazy: ]
[cegb_penalty_feature_coupled: ]
[path_smooth: 0]
[interaction_constraints: ]
[verbosity: -1]
[saved_feature_importance_type: 0]
[use_quantized_grad: 0]
[num_grad_quant_bins: 4]
[quant_train_renew_leaf: 0]
[stochastic_rounding: 1]
[linear_tree: 0]
[max_bin: 255]
[max_bin_by_feature: ]
[min_data_in_bin: 3]
[bin_construct_sample_cnt: 200000]
[data_random_seed: 175]
[is_enable_sparse: 1]
[enable_bundle: 1]
[use_missing: 1]
[zero_as_missing: 0]
[feature_pre_filter: 1]
[pre_partition: 0]
[two_round: 0]
[header: 0]
[label_column: ]
[weight_column: ]
[group_column: ]
[ignore_column: ]
[categorical_feature: ]
[forcedbins_filename: ]
[precise_float_parser: 0]
[parser_config_file: ]
[objective_seed: 16083]
[num_class: 1]
[is_unbalance: 0]
[scale_pos_weight: 1]
[sigmoid: 1]
[boost_from_average: 1]
[reg_sqrt: 0]
[alpha: 0.9]
[fair_c: 1]
[poisson_max_delta_step: 0.7]
[tweedie_variance_power: 1.5]
[lambdarank_truncation_level: 30]
[lambdarank_norm: 1]
[label_gain: ]
[lambdarank_position_bias_regularization: 0]
[eval_at: ]
[multi_error_top_k: 1]
[auc_mu_weights: ]
[num_machines: 1]
[local_listen_port: 12400]
[time_out: 120]
[machine_list_filename: ]
[machines: ]
[gpu_platform_id: -1]
[gpu_device_id: -1]
[gpu_use_dp: 0]
[num_gpu: 1]

end of parameters

pandas_categorical:[]
