tree
version=v4
num_class=1
num_tree_per_iteration=1
label_index=0
max_feature_idx=10
objective=regression
feature_names=total_load net_load renewable_power thermal_space_load_ratio thermal_on_capacity hour period weekday month is_weekend is_holiday
feature_infos=[20617.400000000001:40567.599999999999] [-18846.150000000001:34526.279999999999] [4099.1199999999999:40576.68] [-0.89198188220594088:0.89387501488657717] [27170:45275] [8:16] [35:66] [0:6] [2:5] [0:1] none
tree_sizes=2719 2767 2779 2819 2823 2769 2760 2666 2708 2830

Tree=0
num_leaves=31
num_cat=0
split_feature=1 2 7 1 0 4 1 1 5 1 4 0 4 1 4 2 7 4 0 4 1 2 8 1 7 0 4 8 4 5
split_gain=2.92953e+07 7.16312e+06 6.56274e+06 2.1791e+06 1.81501e+06 1.13004e+06 640996 351126 235383 201040 127243 123353 110002 91258.5 306267 97826.6 86408.1 84436.8 72133.5 62133.7 62027.4 58109.9 53479.2 46104.4 34191.6 26742.4 10801.2 13133.9 2565.66 680.098
threshold=17658.515000000003 9108.1350000000002 5.5000000000000009 12299.490000000002 37141.400000000009 35012.500000000007 32240.190000000002 20909.850000000002 10.500000000000002 15804.07 37162.000000000007 34555.500000000007 36520.000000000007 9283.8150000000023 33822.500000000007 23957.140000000003 5.5000000000000009 37162.000000000007 36074.900000000001 36212.500000000007 15332.080000000002 12432.420000000002 4.5000000000000009 27566.930000000008 3.5000000000000004 36280.450000000004 33305.000000000007 4.5000000000000009 33155.000000000007 14.500000000000002
decision_type=2 2 2 2 2 2 2 2 2 2 2 2 2 2 2 2 2 2 2 2 2 2 2 2 2 2 2 2 2 2
left_child=3 2 6 13 23 20 17 11 -6 16 19 24 -11 26 15 -15 -7 -2 -13 -9 22 -12 -5 -4 -3 -16 29 -28 -22 -1
right_child=1 7 4 5 8 9 -8 10 -10 12 21 18 -14 14 25 -17 -18 -19 -20 -21 28 -23 -24 -25 -26 -27 27 -29 -30 -31
leaf_value=82.222121150210654 105.7192488885764 94.945121216592895 121.29181531517142 89.692345631887605 145.79759636172093 84.264365756944414 123.16714897402562 96.340785393148494 133.57264867756916 90.983624126994982 95.766208348995406 89.300706342712843 86.596109250629326 89.057932633642736 82.789054194103883 82.835149320447826 87.104758712137127 98.937809667330512 92.427418433954855 99.930017353317368 93.343349039638412 94.115759630898935 92.908815791690728 114.29905815371313 92.76594076403417 86.917024424159905 82.565702252331576 83.101778028528628 94.316410848269953 82.446149307485996
leaf_weight=195 4.9999999999999991 36 3.0000000000000027 28 8.9999999999999982 164 2.9999999999999991 33 6.9999999999999991 20 101 35 50 30 205 7.9999999999999991 32 56 39 19 10.000000000000002 113 24 10.999999999999998 36 3.9999999999999991 850 132 21 41
leaf_count=195 5 36 3 28 9 164 3 33 7 20 101 35 50 30 205 8 32 56 39 19 10 113 24 11 36 4 850 132 21 41
internal_value=86.5557 97.194 109.649 83.5883 128.945 87.1389 100.603 94.3524 140.449 85.5496 95.4338 92.3821 87.8497 82.7425 83.6188 87.7479 84.7281 99.4937 90.9486 97.6522 92.2322 94.8947 91.1769 115.798 93.8555 82.8681 82.5648 82.6378 94.0025 82.261
internal_weight=2320 506 94 1814 30 349 64 412 16 266 266 146 70 1465 247 38 196 61 74 52 83 214 52 14 72 209 1218 982 31 236
internal_count=2320 506 94 1814 30 349 64 412 16 266 266 146 70 1465 247 38 196 61 74 52 83 214 52 14 72 209 1218 982 31 236
is_linear=0
shrinkage=1


Tree=1
num_leaves=31
num_cat=0
split_feature=1 2 7 1 0 1 8 1 0 5 0 7 6 8 3 8 1 2 0 8 0 1 0 6 2 7 7 8 7 7
split_gain=2.42147e+07 4.49763e+06 4.6081e+06 1.43144e+06 1.2697e+06 609610 505696 492725 209670 172096 169187 137769 120977 118169 116719 127327 115493 113449 90532.4 75474 64874.2 61130.6 46570.6 38697.7 29166.9 23718.7 9595 8341.15 6554.45 5143.57
threshold=17175.330000000005 9108.1350000000002 5.5000000000000009 12299.490000000002 37141.400000000009 32240.190000000002 4.5000000000000009 20909.850000000002 39339.150000000001 10.500000000000002 32502.250000000004 5.5000000000000009 45.500000000000007 3.5000000000000004 0.28294786044278941 4.5000000000000009 15804.07 14268.060000000003 32542.600000000002 2.5000000000000004 33752.200000000004 15990.145000000002 36832.500000000007 53.500000000000007 25354.555000000004 3.5000000000000004 4.5000000000000009 4.5000000000000009 2.5000000000000004 3.5000000000000004
decision_type=2 2 2 2 2 2 2 2 2 2 2 2 2 2 2 2 2 2 2 2 2 2 2 2 2 2 2 2 2 2
left_child=3 2 5 14 23 8 11 17 -2 -6 21 16 -13 19 27 24 -5 25 -17 -9 -15 -8 -19 -4 -16 -3 -12 29 -29 -1
right_child=1 7 4 6 9 -7 10 13 -10 -11 26 12 -14 20 15 18 -18 22 -20 -21 -22 -23 -24 -25 -26 -27 -28 28 -30 -31
leaf_value=-3.7605087728113746 12.569113349914552 8.0209764208112446 32.430121866861946 -1.8851011929057895 56.739119466145837 34.791641743977863 -2.9636631965637208 9.6689422607421882 1.8980096435546878 44.179067993164061 5.3097273321712724 4.5081730978829517 -0.85876065208798369 14.820165506998698 -3.0402826924703112 -3.3812537431716905 1.1351650873819987 3.7361135957141722 3.2051053365071618 7.0797489757685703 9.4717515075091026 3.2174888134002688 6.1986083189646406 25.872879706488717 1.9206489562988283 5.8539844844652258 6.8762403902800191 -3.9620879426294446 -3.2749856644317883 -3.9886509463472191
leaf_weight=592 58 28 3.0000000000000027 168 5.9999999999999982 2.9999999999999991 7.9999999999999991 36 4.9999999999999991 5 17 21 21 5.9999999999999991 239 8.0000000000000018 39 96 14.999999999999998 129 103 7.9999999999999991 24 8.9999999999999982 2.9999999999999991 23 23 49 119 424
leaf_count=592 58 28 3 168 6 3 8 36 5 5 17 21 21 6 239 8 39 96 15 129 103 8 24 9 3 23 23 49 119 424
internal_value=-0.0959611 9.22639 19.4871 -2.93412 38.7598 12.7708 0.179218 7.17425 11.7222 51.03 4.47231 -0.786297 1.82471 8.48862 -3.58945 -2.6409 -1.31607 5.0682 0.914198 7.64466 9.76616 0.126913 4.22861 27.5122 -2.97878 7.04371 6.21047 -3.80175 -3.47539 -3.85572
internal_weight=2288 534 89 1754 23 66 305 445 63 11 56 249 42 274 1449 265 207 171 23 165 109 16 120 12 242 51 40 1184 168 1016
internal_count=2288 534 89 1754 23 66 305 445 63 11 56 249 42 274 1449 265 207 171 23 165 109 16 120 12 242 51 40 1184 168 1016
is_linear=0
shrinkage=0.05


Tree=2
num_leaves=31
num_cat=0
split_feature=1 2 7 1 6 4 1 1 2 4 1 0 7 1 6 7 4 3 4 2 4 8 0 6 3 2 4 4 8 7
split_gain=2.34581e+07 5.96123e+06 5.56646e+06 1.43182e+06 1.37891e+06 860841 539114 427196 255061 122653 111721 99116.3 94665.4 88235.8 85776 84393.2 78328.6 75257.9 268111 60910.4 55476.3 52523.7 51422.5 39675.1 35087.2 15653.5 12776.9 9924.79 8332.26 4382.86
threshold=16940.455000000005 9108.1350000000002 5.5000000000000009 12299.490000000002 49.500000000000007 35012.500000000007 32240.190000000002 20909.850000000002 6423.5800000000008 37162.000000000007 30128.780000000006 34555.500000000007 5.5000000000000009 15804.07 45.500000000000007 1.0000000180025095e-35 43377.500000000007 0.30401214491137613 33822.500000000007 12143.275000000001 36212.500000000007 4.5000000000000009 32078.200000000001 44.500000000000007 0.43221195211953944 19673.825000000001 36337.500000000007 42555.000000000007 4.5000000000000009 1.0000000180025095e-35
decision_type=2 2 2 2 2 2 2 2 2 2 2 2 2 2 2 2 2 2 2 2 2 2 2 2 2 2 2 2 2 2
left_child=3 2 6 17 10 23 15 11 -6 20 -4 22 13 -7 -14 -2 -13 27 21 -11 -9 -19 -3 24 -5 -25 -20 28 -1 -29
right_child=1 7 4 5 8 12 -8 9 -10 19 -12 16 14 -15 -16 -17 -18 18 26 -21 -22 -23 -24 25 -26 -27 -28 29 -30 -31
leaf_value=-3.6940545646390768 19.506653849283854 3.5580808003743494 44.131914672851536 1.7982723602881796 41.345747884114587 -2.137480721884216 33.052060190836592 8.9638874053955089 25.045790576934817 8.420355308934262 53.453607177734376 2.567311926055373 3.6606251398722329 0.45346266088031584 -1.0970351505279543 10.902636491206655 5.7967226709638329 0.31873836517333987 -2.3817847251892093 6.7287928463013706 12.303353640907689 4.7567982482910143 6.5193835584423212 6.5507839414808489 5.6351842360063031 4.3146198272705076 -3.4785754093757042 -3.9498528220436793 -3.3190633217947827 -2.8655416222869374
leaf_weight=965 2.9999999999999991 18 5.0000000000000027 13.000000000000002 2.9999999999999991 151 2.9999999999999991 36 11.999999999999998 95 8.9999999999999982 57 18 42 20 57 28 20 32 121 19 10.000000000000002 79 36 10.999999999999998 9.9999999999999982 156 10.999999999999998 175 61
leaf_count=965 3 18 5 13 3 151 3 36 12 95 9 57 18 42 20 57 28 20 32 121 19 10 79 36 11 10 156 11 175 61
internal_value=0.0613165 9.10781 20.7115 -2.78695 38.8389 0.347427 12.3671 6.75122 28.3058 8.00953 50.1244 4.87759 -1.12452 -1.57365 1.15659 11.3328 3.63112 -3.4467 -2.59143 7.47277 10.1175 1.79809 5.96986 5.20484 3.55686 6.06466 -3.29189 -3.60053 -3.63649 -3.0312
internal_weight=2276 545 92 1731 29 301 63 453 15 271 14 182 231 193 38 60 85 1430 218 216 55 30 97 70 24 46 188 1212 1140 72
internal_count=2276 545 92 1731 29 301 63 453 15 271 14 182 231 193 38 60 85 1430 218 216 55 30 97 70 24 46 188 1212 1140 72
is_linear=0
shrinkage=0.05


Tree=3
num_leaves=31
num_cat=0
split_feature=3 2 7 6 1 4 1 1 2 0 0 4 4 4 4 1 1 3 4 2 0 5 7 4 4 2 4 4 0 7
split_gain=2.07375e+07 4.47003e+06 4.30857e+06 1.24788e+06 1.13223e+06 733708 504313 349448 274862 149526 146367 131154 135897 99058.7 155130 89279.6 89153.6 88205.4 232976 86721.3 66496.9 49277 37789.9 32178.6 28331.5 22063.8 10048.4 6462.03 5664.62 3005.47
threshold=0.50511739731108196 9108.1350000000002 5.5000000000000009 50.500000000000007 12299.490000000002 35012.500000000007 32240.190000000002 20020.020000000008 6423.5800000000008 39339.150000000001 36931.200000000004 37329.500000000007 43377.500000000007 43067.500000000007 43377.500000000007 30128.780000000006 15804.07 0.28294786044278941 32625.000000000004 24111.210000000003 31323.050000000007 9.5000000000000018 1.5000000000000002 35987.500000000007 33030.000000000007 19673.825000000001 42555.000000000007 45077.500000000007 26931.800000000007 1.0000000180025095e-35
decision_type=2 2 2 2 2 2 2 2 2 2 2 2 2 2 2 2 2 2 2 2 2 2 2 2 2 2 2 2 2 2
left_child=4 2 6 15 17 21 9 13 -5 -2 16 22 -13 20 -15 -4 -7 26 19 -19 -3 24 -9 -20 -6 -23 28 -12 -1 -28
right_child=1 7 3 8 5 10 -8 11 -10 -11 27 12 -14 14 -16 -17 -18 18 23 -21 -22 25 -24 -25 -26 -27 29 -29 -30 -31
leaf_value=-3.7354895084224951 11.207071391323158 -1.3737495422363282 41.863178710937483 39.27845967610677 5.0079231262207013 -2.0155121547741124 31.399457041422529 8.1181789493560785 22.488279049213119 2.9088274002075196 2.879558290754046 4.9312120723724364 7.5391268393150854 -3.7797065734863269 4.1892137627852595 50.611054774693081 0.62008615395961675 3.4818080765860415 -1.7672454873720806 -3.8451686096191411 5.1923926518342212 6.1452684293474471 10.199067726135254 -3.2217450895270363 1.2779365335191999 3.733003264207106 -3.7441628932952882 5.1157115300496416 -3.4231312868992489 -2.7103562387926825
leaf_weight=171 57 3.9999999999999991 5.0000000000000018 2.9999999999999991 8.0000000000000018 181 2.9999999999999991 80 12.999999999999998 5.9999999999999991 6.9999999999999982 80 133 9.0000000000000018 19 7 39 21.000000000000004 48 4.9999999999999991 107 35 30 183 13.999999999999998 12.999999999999998 7.9999999999999991 6 960 58
leaf_count=171 57 4 5 3 8 181 3 80 13 6 7 80 133 9 19 7 39 21 48 5 107 35 30 183 14 13 8 6 960 58
internal_value=-0.0122449 8.40382 18.3429 34.7777 -2.6755 0.104933 11.3705 6.38159 25.6364 10.4168 -1.24366 7.28368 6.55963 4.28539 1.62778 46.9661 -1.54829 -3.25491 -2.41446 2.07277 4.95577 4.59383 8.68569 -2.91951 2.6343 5.49195 -3.43536 3.91163 -3.47036 -2.83567
internal_weight=2313 556 94 28 1757 303 66 462 16 63 233 323 213 139 28 12 220 1454 257 26 111 70 110 231 22 48 1197 13 1131 66
internal_count=2313 556 94 28 1757 303 66 462 16 63 233 323 213 139 28 12 220 1454 257 26 111 70 110 231 22 48 1197 13 1131 66
is_linear=0
shrinkage=0.05


Tree=4
num_leaves=31
num_cat=0
split_feature=1 2 7 6 1 1 8 3 2 0 1 0 7 8 6 7 2 3 8 1 0 0 0 2 7 2 2 0 8 0
split_gain=2.01202e+07 4.96895e+06 4.79555e+06 1.3518e+06 1.24861e+06 440555 352748 272469 248063 154226 129135 124677 123721 100952 96198.6 83976.8 79619.9 73872.6 90224.7 51729.6 49934.9 32266.7 69228.2 27581.1 26928.1 13121.6 7304.05 6967.62 7554.32 240.324
threshold=17175.330000000005 9108.1350000000002 5.5000000000000009 50.500000000000007 12299.490000000002 32240.190000000002 4.5000000000000009 0.56406944582319696 6423.5800000000008 39035.700000000004 30128.780000000006 32578.400000000005 5.5000000000000009 3.5000000000000004 45.500000000000007 3.5000000000000004 12143.275000000001 0.28294786044278941 4.5000000000000009 15990.145000000002 32578.400000000005 36632.200000000004 35761.250000000007 25354.555000000004 3.5000000000000004 18269.610000000004 19673.825000000001 27314.700000000004 4.5000000000000009 26417.900000000005
decision_type=2 2 2 2 2 2 2 2 2 2 2 2 2 2 2 2 2 2 2 2 2 2 2 2 2 2 2 2 2 2
left_child=4 2 5 10 17 9 12 21 -5 -2 -4 19 15 16 -14 -6 -9 27 23 -8 -20 22 -3 -19 -15 -23 -13 29 -29 -1
right_child=1 7 3 8 6 -7 11 13 -10 -11 -12 26 14 24 -16 -17 -18 18 20 -21 -22 25 -24 -25 -26 -27 -28 28 -30 -31
leaf_value=-3.5642600963642068 11.152650942121234 4.7438824415206913 39.108874511718753 37.314537556966144 -0.36603213865545731 29.829485575358078 -1.9746821212768548 7.469740749540783 21.36386545621432 3.7310190677642825 48.387331237792971 5.7032589744119093 3.9993684005737311 8.4533306625654117 -0.53400984677401453 -2.6194096599306382 5.4130642757237517 -2.6744026174230022 -3.0554850896199528 3.2504243320888948 2.3416171391805012 6.0853868643442794 1.6155084882463731 2.1494152069091799 6.3616539637247724 4.1592544555664066 3.8110606193542482 -3.2680164709618569 -2.8781386237308899 -3.436126391092936
leaf_weight=154 56 48 5.9999999999999991 2.9999999999999991 158 2.9999999999999991 10.000000000000002 84 12.999999999999998 7.9999999999999991 9.9999999999999982 34 25 106 22 56 107 242 6.0000000000000027 8.9999999999999982 14.999999999999998 24 28 2.9999999999999991 18 13.999999999999998 5.9999999999999991 868 145 48
leaf_count=154 56 48 6 3 158 3 10 84 13 8 10 34 25 106 22 56 107 242 6 9 15 24 28 3 18 14 6 868 145 48
internal_value=0.0278058 8.61084 18.7079 34.6313 -2.48849 11.1028 0.34375 6.28074 24.3546 10.2249 44.9079 3.83532 -0.445533 7.03879 1.87736 -0.955701 6.31757 -3.10045 -2.34574 0.500368 0.799588 4.18614 3.59132 -2.61534 8.1497 5.37576 5.41943 -3.26568 -3.21221 -3.53381
internal_weight=2329 528 99 32 1801 67 320 429 16 64 16 59 261 315 47 214 191 1481 266 19 21 114 76 245 124 38 40 1215 1013 202
internal_count=2329 528 99 32 1801 67 320 429 16 64 16 59 261 315 47 214 191 1481 266 19 21 114 76 245 124 38 40 1215 1013 202
is_linear=0
shrinkage=0.05


Tree=5
num_leaves=30
num_cat=0
split_feature=3 2 7 6 3 4 3 3 3 4 3 0 4 4 3 7 8 7 0 3 4 6 2 8 4 4 8 2 0
split_gain=1.73965e+07 3.95242e+06 3.65076e+06 1.06403e+06 833397 412729 387080 329891 150732 349467 141011 132768 119970 125076 91758.8 89555.4 126130 86165.2 71447.4 64913.8 57147.8 56432.7 46309.5 45211.9 32486.9 9153.51 13701.5 6740.56 1598.6
threshold=0.50511739731108196 9108.1350000000002 5.5000000000000009 50.500000000000007 0.40860690509086717 35012.500000000007 0.85260171666637374 0.56406944582319696 0.29755740279330234 32625.000000000004 0.82141521991862321 36931.200000000004 37329.500000000007 43672.500000000007 0.79093399285929766 5.5000000000000009 2.5000000000000004 1.0000000180025095e-35 31323.050000000007 0.31460646621014027 35012.500000000007 37.500000000000007 16896.415000000005 4.5000000000000009 33030.000000000007 34230.000000000007 4.5000000000000009 18097.095000000005 34079.450000000004
decision_type=2 2 2 2 2 2 2 2 2 2 2 2 2 2 2 2 2 2 2 2 2 2 2 2 2 2 2 2 2
left_child=4 2 6 14 8 21 17 18 25 19 -5 -11 23 -14 -4 16 -7 -2 -3 -10 -20 24 -17 -9 -6 28 -27 -23 -1
right_child=1 7 3 10 5 15 -8 12 9 11 -12 -13 13 -15 -16 22 -18 -19 20 -21 -22 27 -24 -25 -26 26 -28 -29 -30
leaf_value=-3.3410352197411939 17.105335044860841 -3.0226197361946108 37.153430175781232 19.71311052495783 5.6197029113769545 2.5345616441023981 28.338009897867842 8.1081764221191417 -3.9055309295654297 -2.58544450809155 31.942485555013022 4.9341719309488932 4.6098819769701915 7.1051900201914266 45.333126831054692 -1.7620951175689699 -1.8499310231208803 9.5410052061080943 6.7719014848981587 3.8204533478309366 3.3710745012192498 6.364808246067593 2.5691424051920575 4.995929894080529 -0.59920926775251115 -3.0737379543098484 -2.4522865237611713 4.9732834111089295 -2.3346491813659669
leaf_weight=292 3.9999999999999991 3.9999999999999991 6.0000000000000027 10.999999999999998 2.9999999999999982 19 2.9999999999999991 114 2.9999999999999991 271 2.9999999999999991 5.9999999999999991 103 98 7.9999999999999991 7.9999999999999991 120 64 13.999999999999998 29 105 13.999999999999998 27 12.999999999999998 7 852 99 23 3.9999999999999991
leaf_count=292 4 4 6 11 3 19 3 114 3 271 3 6 103 98 8 8 120 64 14 29 105 14 27 13 7 852 99 23 4
internal_value=-0.0264296 7.74437 16.7911 32.0806 -2.43157 0.441595 10.7614 5.7585 -2.83965 -1.85105 22.3337 -2.42256 6.5866 5.8265 41.8275 -0.681408 -1.25061 9.98597 3.55024 3.09614 3.77117 4.5991 1.57915 7.7896 1.26646 -3.08462 -3.00904 5.49981 -3.32744
internal_weight=2327 550 99 28 1777 221 71 451 1556 309 14 277 328 201 14 174 139 68 123 32 119 47 35 127 10 1247 951 37 296
internal_count=2327 550 99 28 1777 221 71 451 1556 309 14 277 328 201 14 174 139 68 123 32 119 47 35 127 10 1247 951 37 296
is_linear=0
shrinkage=0.05


Tree=6
num_leaves=31
num_cat=0
split_feature=1 2 7 5 1 4 1 1 0 4 1 4 1 4 2 4 1 7 4 2 7 7 0 7 2 2 4 4 4 5
split_gain=1.4924e+07 3.41395e+06 3.44139e+06 855670 600684 460320 444330 370437 149135 147185 126743 86259.2 62734.7 183378 91814.7 56150.2 54580.5 51579 84203.9 43723 42834.6 41566.6 58376.6 55924.5 33541.8 24615 17374.5 8620.31 12179.6 456.613
threshold=15804.07 9108.1350000000002 5.5000000000000009 11.500000000000002 12299.490000000002 35012.500000000007 20909.850000000002 32240.190000000002 39339.150000000001 36520.000000000007 17175.330000000005 37162.000000000007 9947.4800000000014 32625.000000000004 24111.210000000003 36212.500000000007 30683.315000000006 2.5000000000000004 33030.000000000007 13271.285000000002 3.5000000000000004 5.5000000000000009 31660.250000000004 3.5000000000000004 8089.1000000000013 25354.555000000004 34732.500000000007 33305.000000000007 36337.500000000007 14.500000000000002
decision_type=2 2 2 2 2 2 2 2 2 2 2 2 2 2 2 2 2 2 2 2 2 2 2 2 2 2 2 2 2 2
left_child=4 2 7 16 12 17 9 8 -2 20 -11 15 27 14 -14 -8 -4 18 -6 -13 -3 23 -23 -7 -5 -15 -19 29 -29 -1
right_child=1 6 3 24 5 21 11 -9 -10 10 -12 19 13 25 -16 -17 -18 26 -20 -21 -22 22 -24 -25 -26 -27 -28 28 -30 -31
leaf_value=-3.2370395456041607 9.6751018524169936 6.6170738621761931 37.531718139648419 25.283101399739589 4.2800371256741601 -1.0292092309139744 7.1464741677948922 26.921109263102217 0.648934555053711 -0.05420331954956055 3.4723590415954591 6.7499942222008347 3.5644001531600953 -2.639475586683075 -3.4877604802449547 10.503938751220703 44.371551077706471 5.3765796025594081 -2.7349530220031739 5.3115915127014848 4.2582861142280777 3.4501102447509768 -1.0968737006187439 -3.102130856116613 19.996184031168617 1.9287010192871095 2.9700245285034179 -2.6039087082210344 -2.9808726203671503 -3.0433041042751738
leaf_weight=196 54 38 5.0000000000000018 5.9999999999999982 11.000000000000002 101 33 2.9999999999999991 4.9999999999999991 32 125 130 20.000000000000004 173 5.9999999999999991 20 7 30 6.9999999999999991 89 39 9.9999999999999982 24 48 6 2.9999999999999991 9.9999999999999982 304 726 36
leaf_count=196 54 38 5 6 11 101 33 3 5 32 125 130 20 173 6 20 7 30 7 89 39 10 24 48 6 3 10 304 726 36
internal_value=-0.0450896 6.79455 16.0046 32.0806 -2.41991 -0.106817 5.2292 9.78167 8.91017 3.63176 2.75357 6.60347 -2.80068 -1.98258 1.93698 8.41344 41.5216 3.77471 1.55199 6.16544 5.42236 -1.33703 0.240475 -1.697 22.6396 -2.56161 4.77494 -2.93163 -2.86961 -3.20698
internal_weight=2297 592 86 24 1705 241 506 62 59 234 157 272 1464 202 26 53 12 58 18 219 77 183 34 149 12 176 40 1262 1030 232
internal_count=2297 592 86 24 1705 241 506 62 59 234 157 272 1464 202 26 53 12 58 18 219 77 183 34 149 12 176 40 1262 1030 232
is_linear=0
shrinkage=0.05


Tree=7
num_leaves=30
num_cat=0
split_feature=1 3 7 2 7 1 6 3 8 0 0 0 0 1 3 8 7 8 7 0 7 1 0 6 0 8 7 2 0
split_gain=1.39657e+07 3.06696e+06 1.35177e+06 1.01118e+06 1.15154e+06 849971 392952 208600 199657 155135 150668 100739 88886.2 86255.9 84828.2 65265.9 57251.4 53454 51416 48193.8 47543 20236.1 19975.1 9310.58 6209.65 6126.53 5933.37 4123.57 85.3949
threshold=17388.435000000001 0.82141521991862321 5.5000000000000009 9108.1350000000002 5.5000000000000009 13119.170000000002 50.500000000000007 0.57136131515280142 4.5000000000000009 38113.80000000001 38338.05000000001 39339.150000000001 32578.400000000005 15804.07 0.28294786044278941 3.5000000000000004 1.5000000000000002 4.5000000000000009 5.5000000000000009 36832.500000000007 2.5000000000000004 15990.145000000002 31524.650000000005 63.500000000000007 26931.800000000007 4.5000000000000009 4.5000000000000009 5796.1850000000004 26417.900000000005
decision_type=2 2 2 2 2 2 2 2 2 2 2 2 2 2 2 2 2 2 2 2 2 2 2 2 2 2 2 2 2
left_child=5 3 9 4 11 14 -6 19 13 23 -4 -2 21 18 24 -9 -15 22 -7 -5 -19 -10 -16 -3 28 -26 -14 -12 -1
right_child=1 2 10 7 6 8 -8 15 12 -11 27 -13 26 16 17 -17 -18 20 -20 -21 -22 -23 -24 -25 25 -27 -28 -29 -30
leaf_value=-3.0816690818936219 8.9391274690628055 11.580730895996098 29.949453735351558 3.0839906795458365 34.690744628906224 -1.2211495084147301 18.196997253711409 5.5528628208420496 -1.4729610443115229 23.271365865071601 41.063081359863276 2.0673380533854169 3.8238073587417603 -0.85703016729915849 -1.6005019207333409 7.0844944597327189 2.6636403971248206 1.9645179033279416 1.3528177054032036 5.14258741197132 -2.5780557632446293 1.9008810615539553 -2.4166493782118046 8.3443118095397946 -2.800800363536224 -2.460286122102004 5.1953208425770638 43.51533203124999 -2.9852207960905854
leaf_weight=153 48 4.9999999999999982 4 88 5.0000000000000027 124 12.999999999999998 176 8.0000000000000018 3.0000000000000009 4 5.9999999999999991 11.999999999999998 17 129 115 36 16.000000000000004 23 42 8.9999999999999982 9.9999999999999982 179 4 862 156 23 3 27
leaf_count=153 48 5 4 88 5 124 13 176 8 3 4 6 12 17 129 115 36 16 23 42 9 10 179 4 862 156 23 3 27
internal_value=-0.0612176 7.18331 25.03 6.3507 11.8263 -2.15661 22.7786 5.41425 0.52813 13.4246 37.6906 8.1756 3.25666 -0.194931 -2.60027 6.15815 1.53437 -1.89434 -0.81842 3.74908 0.329191 0.401396 -2.07482 10.1423 -2.79649 -2.74862 4.72509 42.114 -3.0672
internal_weight=2300 516 23 493 72 1784 18 421 253 12 11 54 53 200 1531 291 53 333 147 130 25 18 308 9 1198 1018 35 7 180
internal_count=2300 516 23 493 72 1784 18 421 253 12 11 54 53 200 1531 291 53 333 147 130 25 18 308 9 1198 1018 35 7 180
is_linear=0
shrinkage=0.05


Tree=8
num_leaves=30
num_cat=0
split_feature=3 3 2 7 0 1 5 4 7 3 4 0 0 7 8 3 4 2 4 5 4 7 7 4 8 4 2 0 7
split_gain=1.31804e+07 3.25643e+06 1.14783e+06 1.4484e+06 1.08329e+06 706279 524735 506557 363755 234777 113005 109034 107252 70723.6 70587.8 64716 196818 75524.4 61255.8 37541.2 24603.4 16998.4 11293 9005.92 7136.65 5770.53 3721.51 2446.3 2426.85
threshold=0.49987044819430493 0.82141521991862321 9108.1350000000002 5.5000000000000009 38227.850000000006 12299.490000000002 11.500000000000002 35012.500000000007 5.5000000000000009 0.56406944582319696 37329.500000000007 39339.150000000001 36931.200000000004 5.5000000000000009 2.5000000000000004 0.28294786044278941 33822.500000000007 23957.140000000003 36520.000000000007 9.5000000000000018 35987.500000000007 4.5000000000000009 2.5000000000000004 42555.000000000007 4.5000000000000009 45077.500000000007 5796.1850000000004 37376.80000000001 1.0000000180025095e-35
decision_type=2 2 2 2 2 2 2 2 2 2 2 2 2 2 2 2 2 2 2 2 2 2 2 2 2 2 2 2 2
left_child=5 2 3 11 8 15 -5 19 27 18 -11 -2 14 -6 -9 23 17 -17 -4 21 -18 -7 -21 24 -1 -14 -15 -3 -25
right_child=1 4 9 6 13 7 -8 12 -10 10 -12 -13 25 26 -16 16 20 -19 -20 22 -22 -23 -24 28 -26 -27 -28 -29 -30
leaf_value=-2.7428662174837033 8.257053573608399 9.4168485005696532 4.8480385530562629 35.796938069661444 30.832572428385426 1.1175081389290944 17.920966086020837 1.5575977134704591 28.451983261108399 6.8638101322444403 4.9727184478175701 0.51312110900878904 2.2382676260811945 39.009925842285149 -1.5660492391182634 2.3776660498450783 -1.0702005922794342 -2.7732814682854547 2.5657535660023592 3.239342429421165 -2.6115378822599138 4.1351680755615234 5.0585567775525551 -2.9493875503540039 -2.3920088891422049 4.2684903417314803 41.339562988281244 11.123382895333426 -1.9609328876842154
leaf_weight=983 50 3.0000000000000018 42 6.0000000000000027 2.9999999999999982 14.000000000000002 12.999999999999998 20 3.9999999999999991 127 209 4.9999999999999991 6.9999999999999982 4 189 34 30 8.9999999999999982 98 10.999999999999998 189 6.9999999999999991 38 6.9999999999999991 170 7 3 7 55
leaf_count=983 50 3 42 6 3 14 13 20 4 127 209 5 7 4 189 34 30 9 98 11 189 7 38 7 170 7 3 7 55
internal_value=0.0741032 6.65804 5.87134 11.6645 24.6866 -2.06103 23.566 0.181451 15.7087 4.97072 5.68751 7.55306 -0.983337 37.2556 -1.26714 -2.50588 -1.79315 1.29956 3.25044 3.89213 -2.4004 2.12339 4.65016 -2.65957 -2.69114 3.25338 40.0083 10.6114 -2.07253
internal_weight=2344 574 550 74 24 1770 19 293 14 476 336 55 223 10 209 1477 262 43 140 70 219 21 49 1215 1153 14 7 10 62
internal_count=2344 574 550 74 24 1770 19 293 14 476 336 55 223 10 209 1477 262 43 140 70 219 21 49 1215 1153 14 7 10 62
is_linear=0
shrinkage=0.05


Tree=9
num_leaves=31
num_cat=0
split_feature=3 2 7 1 5 4 1 1 2 0 0 4 4 4 4 8 0 7 8 3 4 0 2 2 6 8 4 8 4 7
split_gain=1.11559e+07 2.50508e+06 2.49398e+06 591456 537563 491285 269708 186130 108093 89743.1 72104.4 68074.8 455332 62914.7 208588 57008.9 52356 51508.8 51114.8 48380.7 128497 36922.6 27406.4 27112.8 18518.2 11258.9 8274.36 6120.11 3695.55 2200.68
threshold=0.49987044819430493 9108.1350000000002 5.5000000000000009 12299.490000000002 11.500000000000002 35012.500000000007 32240.190000000002 20909.850000000002 7388.0050000000001 36632.200000000004 39035.700000000004 42977.500000000007 43377.500000000007 43067.500000000007 43377.500000000007 2.5000000000000004 30783.200000000004 2.5000000000000004 4.5000000000000009 0.28294786044278941 35987.500000000007 33357.100000000006 7758.7900000000009 23957.140000000003 39.500000000000007 2.5000000000000004 42555.000000000007 4.5000000000000009 33577.500000000007 1.0000000180025095e-35
decision_type=2 2 2 2 2 2 2 2 2 2 2 2 2 2 2 2 2 2 2 2 2 2 2 2 2 2 2 2 2 2
left_child=3 2 6 19 22 17 10 13 -6 15 -2 21 -13 16 -15 -7 -3 18 -5 26 23 -9 -4 -21 -11 -22 27 -1 -19 -28
right_child=1 7 4 5 8 9 -8 11 -10 24 -12 12 -14 14 -16 -17 -18 28 -20 20 25 -23 -24 -25 -26 -27 29 -29 -30 -31
leaf_value=-2.6055922556520721 8.6476904704652977 -2.5416526794433594 38.146675763811366 -0.95190191268920887 29.667458089192706 1.374711693657769 23.447128423055016 11.011682128906251 18.960272303494541 -0.81865317026774087 2.889961083730062 -3.5036475626627608 5.7777211953927807 -3.8117220560709635 3.8001919375525581 -1.5721754829409305 4.1350563724835716 4.6308175117738788 3.9499696878286503 0.30179254154660812 -1.5268092568273899 6.1372224242598925 32.434695434570301 -2.6210512055291071 3.5733638922373454 -2.628208622787938 -2.8035135814121794 -2.2921132927971919 5.6642271995544435 -1.8631932209644999
leaf_weight=983 58 2.9999999999999991 7.0000000000000018 9 2.9999999999999991 18 2.9999999999999991 3.9999999999999991 10.999999999999998 2.9999999999999991 5.9999999999999991 14.999999999999998 111 11.999999999999998 36 186 138 31 13 67 27 135 3 8.9999999999999982 11.999999999999998 165 6.9999999999999991 185 11.999999999999998 56
leaf_count=983 58 3 7 9 3 18 3 4 11 3 6 15 111 12 36 186 138 31 13 67 27 135 3 9 12 165 7 185 12 56
internal_value=-0.0833031 6.17719 13.7488 -1.99691 27.579 0.0952575 8.79473 4.65952 21.2547 -1.0377 8.1079 5.51451 4.6728 3.46074 1.89721 -1.31216 3.993 3.91244 1.94466 -2.39329 -1.78451 6.27749 36.4331 -0.0443337 2.69496 -2.47332 -2.52583 -2.55594 4.91921 -1.96767
internal_weight=2328 545 91 1783 24 284 67 454 14 219 64 265 126 189 48 204 141 65 22 1499 268 139 10 76 15 192 1231 1168 43 63
internal_count=2328 545 91 1783 24 284 67 454 14 219 64 265 126 189 48 204 141 65 22 1499 268 139 10 76 15 192 1231 1168 43 63
is_linear=0
shrinkage=0.05


end of trees

feature_importances:
thermal_on_capacity=56
net_load=45
total_load=44
weekday=43
renewable_power=37
month=26
thermal_space_load_ratio=24
period=13
hour=9

parameters:
[boosting: gbdt]
[objective: regression]
[metric: rmse]
[tree_learner: serial]
[device_type: cpu]
[data_sample_strategy: bagging]
[data: ]
[valid: ]
[num_iterations: 400]
[learning_rate: 0.05]
[num_leaves: 31]
[num_threads: 0]
[seed: 42]
[deterministic: 0]
[force_col_wise: 0]
[force_row_wise: 0]
[histogram_pool_size: -1]
[max_depth: 5]
[min_data_in_leaf: 3]
[min_sum_hessian_in_leaf: 0.001]
[bagging_fraction: 0.85]
[pos_bagging_fraction: 1]
[neg_bagging_fraction: 1]
[bagging_freq: 1]
[bagging_seed: 400]
[bagging_by_query: 0]
[feature_fraction: 0.85]
[feature_fraction_bynode: 1]
[feature_fraction_seed: 30056]
[extra_trees: 0]
[extra_seed: 12879]
[early_stopping_round: 0]
[early_stopping_min_delta: 0]
[first_metric_only: 0]
[max_delta_step: 0]
[lambda_l1: 0]
[lambda_l2: 0]
[linear_lambda: 0]
[min_gain_to_split: 0]
[drop_rate: 0.1]
[max_drop: 50]
[skip_drop: 0.5]
[xgboost_dart_mode: 0]
[uniform_drop: 0]
[drop_seed: 17869]
[top_rate: 0.2]
[other_rate: 0.1]
[min_data_per_group: 100]
[max_cat_threshold: 32]
[cat_l2: 10]
[cat_smooth: 10]
[max_cat_to_onehot: 4]
[top_k: 20]
[monotone_constraints: ]
[monotone_constraints_method: basic]
[monotone_penalty: 0]
[feature_contri: ]
[forcedsplits_filename: ]
[refit_decay_rate: 0.9]
[cegb_tradeoff: 1]
[cegb_penalty_split: 0]
[cegb_penalty_feature_lazy: ]
[cegb_penalty_feature_coupled: ]
[path_smooth: 0]
[interaction_constraints: ]
[verbosity: -1]
[saved_feature_importance_type: 0]
[use_quantized_grad: 0]
[num_grad_quant_bins: 4]
[quant_train_renew_leaf: 0]
[stochastic_rounding: 1]
[linear_tree: 0]
[max_bin: 255]
[max_bin_by_feature: ]
[min_data_in_bin: 3]
[bin_construct_sample_cnt: 200000]
[data_random_seed: 175]
[is_enable_sparse: 1]
[enable_bundle: 1]
[use_missing: 1]
[zero_as_missing: 0]
[feature_pre_filter: 1]
[pre_partition: 0]
[two_round: 0]
[header: 0]
[label_column: ]
[weight_column: ]
[group_column: ]
[ignore_column: ]
[categorical_feature: ]
[forcedbins_filename: ]
[precise_float_parser: 0]
[parser_config_file: ]
[objective_seed: 16083]
[num_class: 1]
[is_unbalance: 0]
[scale_pos_weight: 1]
[sigmoid: 1]
[boost_from_average: 1]
[reg_sqrt: 0]
[alpha: 0.9]
[fair_c: 1]
[poisson_max_delta_step: 0.7]
[tweedie_variance_power: 1.5]
[lambdarank_truncation_level: 30]
[lambdarank_norm: 1]
[label_gain: ]
[lambdarank_position_bias_regularization: 0]
[eval_at: ]
[multi_error_top_k: 1]
[auc_mu_weights: ]
[num_machines: 1]
[local_listen_port: 12400]
[time_out: 120]
[machine_list_filename: ]
[machines: ]
[gpu_platform_id: -1]
[gpu_device_id: -1]
[gpu_use_dp: 0]
[num_gpu: 1]

end of parameters

pandas_categorical:[]
