tree
version=v4
num_class=1
num_tree_per_iteration=1
label_index=0
max_feature_idx=10
objective=regression
feature_names=total_load net_load renewable_power thermal_space_load_ratio thermal_on_capacity hour period weekday month is_weekend is_holiday
feature_infos=[29193.099999999999:42544.199999999997] [11318.049999999999:40077.610000000001] [1223.46:18960.91] [0.37880501902718694:0.96996973557285182] [27170:46830] [20:23] [81:96] [0:6] [2:4] [0:1] none
tree_sizes=2093 1987 2155 2130 2056 2186 2304 2135 2214

Tree=0
num_leaves=23
num_cat=0
split_feature=2 2 4 1 4 4 2 8 4 0 0 7 1 4 7 2 0 4 7 6 0 6
split_gain=1.66144e+07 7.70897e+06 3.16097e+06 2.94898e+06 2.48867e+06 2.80495e+06 728772 667072 822646 192712 549127 155181 122960 132877 120335 75936.2 44201 42744.3 1219.33 1276.65 707.637 58.198
threshold=3826.1150000000002 1354.1600000000001 36662.500000000007 17051.530000000002 44735.000000000007 44810.000000000007 8463.4600000000009 2.5000000000000004 39295.000000000007 34081.200000000004 35663.30000000001 1.0000000180025095e-35 31874.680000000004 38452.500000000007 2.5000000000000004 14930.595000000003 38288.150000000001 43067.500000000007 3.5000000000000004 91.500000000000014 32697.400000000005 82.500000000000014
decision_type=2 2 2 2 2 2 2 2 2 2 2 2 2 2 2 2 2 2 2 2 2 2
left_child=1 16 9 15 11 -6 12 8 -8 20 -11 -4 13 -5 -14 -2 -1 -9 19 -17 -3 -20
right_child=3 2 4 6 5 -7 7 17 -10 10 -12 -13 14 -15 -16 18 -18 -19 21 -21 -22 -23
leaf_value=361.41564520480119 301.98230996411922 336.51564317029602 306.26731008491799 310.71700161561233 346.47516697981979 318.08907088822355 294.49678917211179 307.11196982002826 304.73080088180188 361.657312125781 337.74064317029598 313.19784582281846 312.8830012949922 307.7279898597381 309.14841177390178 294.45486003837868 368.53231288872047 309.58562588051524 293.73830997429178 293.53230983696267 335.42964361788711 293.53230983696267
leaf_weight=2.9999999999999991 2.9999999999999991 2.9999999999999991 9.9999999999999982 47 13.999999999999998 23 24 216 108 3.9999999999999982 6 42 34 178 59 9.9999999999999982 7.9999999999999991 19 4.0000000000000027 5.9999999999999991 3 24
leaf_count=3 3 3 10 47 14 23 24 216 108 4 6 42 34 178 59 10 8 19 4 6 3 24
internal_value=309.187 326.768 322.596 306.401 318.918 328.83 307.232 305.714 302.87 343.057 347.307 311.865 308.984 308.352 310.514 294.285 366.591 307.312 293.761 294.109 335.973 293.562
internal_weight=848 116 105 732 89 37 685 367 132 16 10 52 318 225 93 47 11 235 44 16 6 28
internal_count=848 116 105 732 89 37 685 367 132 16 10 52 318 225 93 47 11 235 44 16 6 28
is_linear=0
shrinkage=1


Tree=1
num_leaves=21
num_cat=0
split_feature=3 2 3 3 2 8 0 2 7 0 8 1 1 0 0 8 2 7 0 6
split_gain=1.60252e+07 6.85644e+06 2.6706e+06 2.37655e+06 711796 645431 643771 609399 540472 492617 134228 133549 102005 96363.2 41138 26182.9 14850.7 1187.7 1024.16 74.5493
threshold=0.90426630972778832 1354.1600000000001 0.5457079115844945 0.91126697665713341 8463.4600000000009 2.5000000000000004 34671.80000000001 1464.4850000000004 5.5000000000000009 32951.900000000009 3.5000000000000004 31999.385000000006 32457.065000000006 39719.700000000004 38288.150000000001 3.5000000000000004 16155.535000000002 3.5000000000000004 30475.750000000004 82.500000000000014
decision_type=2 2 2 2 2 2 2 2 2 2 2 2 2 2 2 2 2 2 2 2
left_child=2 14 16 8 10 6 -6 -5 -3 -9 11 -4 -12 -10 -2 -7 -1 18 -18 -19
right_child=1 3 4 7 5 15 -8 9 13 -11 12 -13 -14 -15 -16 -17 17 19 -20 -21
leaf_value=-10.807690111796063 49.812550862630211 10.381716028849272 -1.2120184445753694 28.52054672241211 -12.016767097241951 -2.2032239614034954 -3.9628961374759677 28.072985839843753 35.372395911583531 7.266604938507081 1.6903236783634534 1.0964328037474746 11.15822270711263 25.43086395263672 56.573382568359378 -1.1129497331062346 -14.67661590576172 -14.412248738606756 -13.800193023681642 -14.67661590576172
leaf_weight=2.9999999999999991 2.9999999999999991 3.0000000000000027 192 3.9999999999999991 33 95 100 2.9999999999999991 12.999999999999998 55 55 93 2.9999999999999991 2.9999999999999991 8.9999999999999982 131 4.9999999999999991 3.0000000000000027 9.9999999999999982 24
leaf_count=3 3 3 192 4 33 95 100 3 13 55 55 93 3 3 9 131 5 3 10 24
internal_value=0.0384707 19.6112 -2.39829 14.3857 -1.64137 -3.19762 -5.96123 9.64459 29.8568 8.3428 -0.0125272 -0.458734 2.18004 33.5084 54.8832 -1.57125 -14.2063 -14.4491 -14.0923 -14.6472
internal_weight=840 93 747 81 702 359 133 62 19 58 343 285 58 16 12 226 45 42 15 27
internal_count=840 93 747 81 702 359 133 62 19 58 343 285 58 16 12 226 45 42 15 27
is_linear=0
shrinkage=0.05


Tree=2
num_leaves=23
num_cat=0
split_feature=3 2 3 4 3 2 8 4 3 0 3 0 3 6 7 4 0 7 6 6 3 0
split_gain=1.39788e+07 5.44878e+06 2.32807e+06 2.11541e+06 2.87213e+06 707567 551978 706795 273048 354370 162888 153062 131344 114769 102184 43075.6 37871.2 1087.98 1070.03 66.6075 0.724684 2.32831e-10
threshold=0.90426630972778832 1354.1600000000001 0.5457079115844945 36662.500000000007 0.91126697665713341 8463.4600000000009 2.5000000000000004 39295.000000000007 0.92816110161410581 35663.30000000001 0.88952589485976596 35630.05000000001 0.96077049496469036 82.500000000000014 1.0000000180025095e-35 43067.500000000007 38737.450000000004 3.5000000000000004 91.500000000000014 82.500000000000014 0.46537295760688585 32867.100000000013
decision_type=2 2 2 2 2 2 2 2 2 2 2 2 2 2 2 2 2 2 2 2 2 2
left_child=2 16 17 8 11 10 7 -7 9 -3 14 -5 -6 -12 -4 -8 -2 18 20 -19 -1 -21
right_child=1 3 5 4 12 6 15 -9 -10 -11 13 -13 -14 -15 -16 -17 -18 19 -20 21 -22 -23
leaf_value=-13.118661934988843 47.157298787434897 49.678803253173839 1.432221013552522 19.727598444620767 4.1635409251503326 -12.95836926973783 -1.7214954651577372 -3.7502442982083277 24.637676391601559 26.945800781249996 9.0607776505606505 32.354539171854661 14.961317189534507 1.9724366249336349 -0.71717729547894316 0.76314313788163046 53.744714355468751 -13.691636149088527 -13.991118164062499 -13.942784118652341 -13.091983413696287 -13.942784118652344
leaf_weight=6.9999999999999982 2.9999999999999991 3.9999999999999982 73 2.9999999999999991 46 26 213 105 5 3 6.9999999999999991 11.999999999999998 2.9999999999999991 31 228 19 7.9999999999999991 3.0000000000000027 4.9999999999999991 19.000000000000004 4 2.9999999999999991
leaf_count=7 3 4 73 3 46 26 213 105 5 3 7 12 3 31 228 19 8 3 5 19 4 3
internal_value=0.0949145 19.0576 -2.12549 14.2972 10.6851 -1.4491 -2.98312 -5.57781 33.5617 39.9361 0.19353 29.8292 4.82463 3.27818 -0.195895 -1.51801 51.9481 -13.7066 -13.3846 -13.9126 -13.109 -13.9428
internal_weight=830 87 743 76 64 702 363 131 12 7 339 15 49 38 301 232 11 41 16 25 11 22
internal_count=830 87 743 76 64 702 363 131 12 7 339 15 49 38 301 232 11 41 16 25 11 22
is_linear=0
shrinkage=0.05


Tree=3
num_leaves=23
num_cat=0
split_feature=3 2 3 3 4 2 2 4 3 4 4 1 4 4 0 1 1 6 7 6 6 0
split_gain=1.27871e+07 5.7512e+06 2.20421e+06 1.57804e+06 2.1262e+06 741940 595544 583487 317119 290488 839958 151260 163713 117159 33819.4 29798.1 16067.4 14424.4 449.025 1220.97 48.1531 9.64326
threshold=0.90426630972778832 1354.1600000000001 0.5457079115844945 0.91126697665713341 36662.500000000007 1464.4850000000004 8463.4600000000009 44735.000000000007 0.92816110161410581 37740.000000000007 39295.000000000007 31599.800000000007 37010.000000000007 38452.500000000007 38288.150000000001 25636.720000000005 16631.595000000005 91.500000000000014 3.5000000000000004 91.500000000000014 83.500000000000014 39496.100000000013
decision_type=2 2 2 2 2 2 2 2 2 2 2 2 2 2 2 2 2 2 2 2 2 2
left_child=2 14 16 7 8 -6 11 -3 -5 15 -11 13 -13 -4 -2 -8 18 -9 19 -1 -20 -16
right_child=1 3 6 4 5 -7 9 17 -10 10 -12 12 -14 -15 21 -17 -18 -19 20 -21 -22 -23
leaf_value=-12.454633903503421 44.964058430989581 10.193797934055333 1.4678296853514281 41.527986145019547 26.481425857543947 4.1781256987831812 -1.3586900028315458 33.47041473388672 23.352940877278641 -12.353201455336352 -2.8335450569928535 9.619072564442952 1.1249954122763415 -1.2373118011060582 51.167270914713555 0.46826661612306331 -9.3083449363708493 29.793069458007803 -13.057683181762684 -13.358855765206471 -13.245645141601564 51.057479858398438
leaf_weight=7.9999999999999982 2.9999999999999991 3.9999999999999973 51 3.9999999999999982 3.9999999999999991 55 110 7.9999999999999991 6 26 213 5.9999999999999991 104 186 2.9999999999999982 28 2.9999999999999991 4.0000000000000009 4.0000000000000027 7 23 6
leaf_count=8 3 4 51 4 4 55 110 8 6 26 213 6 104 186 3 28 3 4 4 7 23 6
internal_value=0.051741 17.1588 -2.1061 12.5843 9.30366 5.69021 -1.43873 26.7319 30.623 -2.81452 -3.86916 0.0560037 1.58831 -0.655193 49.5616 -0.988003 -12.8434 32.2446 -13.0959 -12.8766 -13.2178 51.0941
internal_weight=866 97 769 85 69 59 724 16 10 377 239 347 110 237 12 138 45 12 42 15 27 9
internal_count=866 97 769 85 69 59 724 16 10 377 239 347 110 237 12 138 45 12 42 15 27 9
is_linear=0
shrinkage=0.05


Tree=4
num_leaves=22
num_cat=0
split_feature=3 2 3 3 2 8 2 8 1 7 8 1 1 0 2 8 2 7 6 0 2
split_gain=1.08002e+07 4.18272e+06 2.12959e+06 1.53996e+06 570700 489217 469570 601579 464401 396017 140424 241794 133936 81484.6 28140.5 21288 12973.6 741.891 857.877 37.0543 0.00229648
threshold=0.90426630972778832 1354.1600000000001 0.5457079115844945 0.91126697665713341 8463.4600000000009 2.5000000000000004 1464.4850000000004 3.5000000000000004 21618.745000000003 5.5000000000000009 3.5000000000000004 32878.215000000004 31599.800000000007 39719.700000000004 1264.3250000000003 3.5000000000000004 14930.595000000003 3.5000000000000004 91.500000000000014 33342.30000000001 1234.4600000000003
decision_type=2 2 2 2 2 2 2 2 2 2 2 2 2 2 2 2 2 2 2 2 2
left_child=2 14 16 9 10 8 -5 -8 -6 -3 12 -12 -4 -11 20 -7 -1 18 -18 -19 -2
right_child=1 3 4 6 5 15 7 -9 -10 13 11 -13 -14 -15 -16 -17 17 19 -20 -21 -22
leaf_value=-9.0356297492980957 48.504605102539074 10.920123958587643 -1.1433324709691499 25.157353973388673 -11.569821797246519 -1.863660093310934 3.0546162128448486 13.458396116892496 -3.7812032691219404 30.469042460123703 1.6047226598240294 16.195834541320803 1.0553565918032184 21.256017303466788 42.715855916341134 -0.90554143102796925 -11.835679880777995 -12.556561307553892 -12.607527160644532 -12.741789754231771 48.502775065104153
leaf_weight=2.9999999999999991 3.9999999999999982 4.0000000000000009 190 3.9999999999999991 23 104 33 24 114 11.999999999999998 53 2.9999999999999991 109 3.0000000000000009 3 131 8.9999999999999982 27.000000000000004 5.9999999999999991 2.9999999999999991 3
leaf_count=3 4 4 190 4 23 104 33 24 114 12 53 3 109 3 3 131 9 27 6 3 3
internal_value=-0.115043 16.2798 -2.01896 12.4689 -1.34549 -2.714 8.59727 7.43516 -5.08878 24.8988 0.0885592 2.38639 -0.341804 28.6264 46.7674 -1.32956 -12.2193 -12.4315 -12.1444 -12.5751 48.5038
internal_weight=865 90 775 80 727 372 61 57 137 19 355 56 299 15 10 235 48 45 15 30 7
internal_count=865 90 775 80 727 372 61 57 137 19 355 56 299 15 10 235 48 45 15 30 7
is_linear=0
shrinkage=0.05


Tree=5
num_leaves=24
num_cat=0
split_feature=3 2 3 4 3 2 8 4 2 0 0 3 3 4 7 4 0 2 7 6 0 2 0
split_gain=1.10167e+07 4.04513e+06 1.87487e+06 1.73186e+06 2.09239e+06 514591 425215 551971 333557 259169 287252 147021 125369 98419.6 66087.5 35265.4 29690.2 11428 914.995 762.344 68.6089 33.9896 0.00991352
threshold=0.90426630972778832 1354.1600000000001 0.5457079115844945 36662.500000000007 0.91126697665713341 8463.4600000000009 2.5000000000000004 39295.000000000007 1464.4850000000004 34081.200000000004 35663.30000000001 0.88508849875240914 0.90947188596801043 32370.000000000004 2.5000000000000004 43067.500000000007 38737.450000000004 14930.595000000003 3.5000000000000004 91.500000000000014 32697.400000000005 17143.505000000001 39996.450000000004
decision_type=2 2 2 2 2 2 2 2 2 2 2 2 2 2 2 2 2 2 2 2 2 2 2
left_child=2 16 17 9 12 11 7 -7 -6 20 -11 13 -5 -4 -13 -8 -2 -1 19 -19 -3 -20 -18
right_child=1 3 5 4 8 6 15 -9 -10 10 -12 14 -14 -15 -16 -17 22 18 21 -21 -22 -23 -24
leaf_value=-8.5838480313618977 40.245383707682294 21.681451924641934 3.8272520746503562 20.44741540908813 20.802810414632162 -11.20882655956127 -1.4641719378322087 -3.1931768235564233 3.6651861179549741 44.445544433593739 23.978273518880201 4.5978683312733972 28.845024108886719 -0.46637608012953002 0.70620461225509645 0.78353034328473248 46.075777180989576 -11.2389968178489 -12.104700215657537 -11.983598937988283 21.343297831217441 -11.926588958740235 46.079412841796874
leaf_weight=2.9999999999999991 2.9999999999999991 2.9999999999999982 13.999999999999998 10.000000000000002 2.9999999999999991 27 214 105 53 4 3 24 7.9999999999999991 286 20 19 3 10.999999999999998 3.0000000000000027 4.9999999999999991 3 25 5
leaf_count=3 3 3 14 10 3 27 214 105 53 4 3 24 8 286 20 19 3 11 3 5 3 25 5
internal_value=0.145873 15.9189 -1.89878 12.3068 9.34997 -1.25768 -2.56539 -4.83274 4.58327 29.1378 35.6739 0.129857 24.1797 -0.266007 2.82893 -1.28088 44.4873 -11.5697 -11.7733 -11.4717 21.5124 -11.9457 46.078
internal_weight=854 98 756 87 74 709 365 132 56 13 7 344 18 300 44 233 11 47 44 16 6 28 8
internal_count=854 98 756 87 74 709 365 132 56 13 7 344 18 300 44 233 11 47 44 16 6 28 8
is_linear=0
shrinkage=0.05


Tree=6
num_leaves=25
num_cat=0
split_feature=3 2 1 4 3 2 3 3 4 4 3 4 1 1 6 1 6 7 1 0 0 6 7 3
split_gain=9.43008e+06 3.78931e+06 1.5686e+06 1.55621e+06 1.53563e+06 482263 394390 368994 204200 597266 144447 95403.6 96376.5 51608.9 24695.3 18405.1 464.601 944.16 144.072 66.6656 61.9195 40.2332 0.233482 0.0997459
threshold=0.90426630972778832 1354.1600000000001 16631.595000000005 36662.500000000007 0.91126697665713341 1464.4850000000004 0.77068779004413923 0.92816110161410581 37740.000000000007 39052.500000000007 0.90947188596801043 38452.500000000007 31350.635000000002 32457.065000000006 89.500000000000014 25636.720000000005 90.500000000000014 3.5000000000000004 13393.100000000002 39496.100000000013 32697.400000000005 83.500000000000014 3.5000000000000004 0.46537295760688585
decision_type=2 2 2 2 2 2 2 2 2 2 2 2 2 2 2 2 2 2 2 2 2 2 2 2
left_child=2 14 16 7 10 -6 8 -3 15 -10 -5 13 -13 -8 19 -4 17 23 22 -2 -9 -19 -18 -1
right_child=1 3 6 4 5 -7 11 20 9 -11 -12 12 -14 -15 -16 -17 18 21 -20 -21 -22 -23 -24 -25
leaf_value=-10.677001444498693 44.073600260416683 38.828179016113296 -1.1333961000381891 18.164432589213053 24.379337056477866 3.7927626349709254 1.6650261830199851 20.59737904866536 -10.424995128925032 -2.3849229617611223 27.741092136928014 -1.1683784008413167 0.72169977075342717 8.4429125467936199 38.567793782552073 0.38552893549203876 -11.345729827880852 -11.176099967956544 -11.736213429768881 43.775460205078119 20.276132710774736 -11.359205627441407 -11.359205627441407 -10.665835316975908
leaf_weight=6.0000000000000018 2.9999999999999982 4.9999999999999982 118 8.9999999999999982 2.9999999999999991 55 44 3 26 207 6.9999999999999991 154 120 2.9999999999999991 3 24 5.0000000000000027 3.9999999999999991 2.9999999999999991 5 3 11.999999999999998 8.9999999999999982 3
leaf_count=6 3 5 118 9 3 55 44 3 26 207 7 154 120 3 3 24 5 4 3 5 3 12 9 3
internal_value=0.081262 14.8226 -1.83631 11.249 8.64064 4.85759 -1.27005 28.7965 -2.37125 -3.2821 22.3542 0.0163975 -0.340607 2.09766 42.4365 -0.876676 -11.2201 -11.083 -11.4218 43.8873 20.4368 -11.3134 -11.3544 -10.6733
internal_weight=834 96 738 85 74 58 696 11 375 233 16 321 274 47 11 142 42 25 17 8 6 16 14 9
internal_count=834 96 738 85 74 58 696 11 375 233 16 321 274 47 11 142 42 25 17 8 6 16 14 9
is_linear=0
shrinkage=0.05


Tree=7
num_leaves=23
num_cat=0
split_feature=3 2 3 8 3 0 0 2 8 1 0 6 7 8 6 1 0 0 0 6 7 2
split_gain=7.10294e+06 2.63799e+06 1.47647e+06 1.13841e+06 1.20891e+06 522280 449766 340569 312345 323993 136679 90367.3 60158.6 24942.9 17382.1 10804.7 4897.47 1130.07 703.827 418.286 960.292 127.857
threshold=0.89975715922092936 1354.1600000000001 0.5457079115844945 2.5000000000000004 0.92412070868503149 38938.350000000013 34627.400000000009 8463.4600000000009 2.5000000000000004 21618.745000000003 35086.750000000007 90.500000000000014 4.5000000000000009 3.5000000000000004 93.500000000000014 16631.595000000005 37124.500000000007 33355.600000000006 39996.450000000004 91.500000000000014 3.5000000000000004 17662.100000000002
decision_type=2 2 2 2 2 2 2 2 2 2 2 2 2 2 2 2 2 2 2 2 2 2
left_child=2 18 15 10 5 -5 -6 11 9 -9 17 12 -4 -13 -10 19 -12 -3 -2 20 -1 -21
right_child=1 3 7 4 6 -7 -8 8 14 -11 16 13 -14 -15 -16 -17 -18 -19 -20 21 -22 -23
leaf_value=-10.139408798217771 42.599774169921879 -4.4869408130645727 1.0479675672672413 24.924309761957691 16.941071425543893 11.143160409927368 4.0344875547620989 -9.8636572338285902 -0.9313843576610088 -3.1098505085836288 2.5440658187866214 -1.3873024279371315 -1.0185561023818124 0.49457788353874571 -2.0553768180665517 -7.5428396989901856 4.4313386050137611 -3.3594072723388666 41.586653137207023 -11.151418558756511 -10.750511678059896 -10.786473910013836
leaf_weight=10.000000000000002 2.9999999999999991 4.0000000000000018 162 22 8.9999999999999982 9.9999999999999982 27 21 190 115 4.9999999999999991 109 45 21 42 2.9999999999999991 10.999999999999998 5 4 2.9999999999999991 18 11.999999999999998
leaf_count=10 3 4 162 22 9 10 27 21 190 115 5 109 45 21 42 3 11 5 4 3 18 12
internal_value=-0.0979353 12.4203 -1.76482 10.1923 13.5466 20.6177 7.26113 -1.19851 -2.25016 -4.15272 1.06881 -0.0501309 0.598723 -1.08331 -1.13487 -10.444 3.84157 -3.86053 42.0208 -10.6464 -10.5323 -10.8595
internal_weight=851 100 751 93 68 32 36 705 368 136 25 337 207 130 232 46 16 9 7 43 28 15
internal_count=851 100 751 93 68 32 36 705 368 136 25 337 207 130 232 46 16 9 7 43 28 15
is_linear=0
shrinkage=0.05


Tree=8
num_leaves=24
num_cat=0
split_feature=3 2 3 8 3 4 2 3 8 4 0 4 1 4 2 0 0 2 7 5 0 0 0
split_gain=6.89328e+06 3.41859e+06 1.30884e+06 867101 997484 402061 401435 357839 330780 363947 117323 84077.8 101201 34154.3 8754.16 2900.42 2267.46 1039.02 653.855 454.075 142.66 103.539 1.12276
threshold=0.89975715922092936 1354.1600000000001 0.5457079115844945 2.5000000000000004 0.92412070868503149 44735.000000000007 1464.4850000000004 0.75696842696433819 2.5000000000000004 39295.000000000007 35086.750000000007 35390.000000000007 31245.235000000004 43067.500000000007 14930.595000000003 38699.700000000004 38737.450000000004 2801.0350000000003 3.5000000000000004 22.500000000000004 33985.05000000001 33342.30000000001 40279.850000000013
decision_type=2 2 2 2 2 2 2 2 2 2 2 2 2 2 2 2 2 2 2 2 2 2 2
left_child=2 16 14 10 5 -5 -6 8 9 -4 17 20 -13 -10 -1 -12 -2 -3 19 -16 -9 -20 -18
right_child=1 3 7 4 6 -7 -8 11 13 -11 15 12 -14 -15 18 -17 22 -19 21 -21 -22 -23 -24
leaf_value=-7.3291272481282554 41.132974243164078 -3.1814369964599596 -9.8137724304199239 11.473469869295753 21.438655090332034 23.163873145454811 4.6663976113001508 3.4318848133087165 -1.3541455463743679 -3.0259802163915435 4.2784308195114145 -0.89129483212720995 0.82953954317273892 1.0448467826936394 -9.6332195705837691 2.824165630340576 39.466881306966137 -4.2625936985015862 -10.22487106323242 -10.273476600646973 3.7409657342093325 -10.535093688964844 39.507345581054679
leaf_weight=2.9999999999999991 2.9999999999999982 5.0000000000000018 25 12.000000000000002 3.9999999999999991 19 33 7.9999999999999982 204 94 7.9999999999999982 227 137 15.999999999999998 8.9999999999999982 6 3 4 26.000000000000004 3.9999999999999991 7 2.9999999999999991 4
leaf_count=3 3 5 25 12 4 19 33 8 204 94 8 227 137 16 9 6 3 4 26 4 7 3 4
internal_value=-0.0416634 12.2335 -1.66656 9.18413 12.0227 18.6386 6.47961 -1.14812 -2.32836 -4.45199 0.791951 -0.0924411 -0.243618 -1.17967 -9.93849 3.65517 39.9829 -3.66195 -10.1249 -9.83022 3.57612 -10.257 39.49
internal_weight=864 101 763 91 68 31 37 718 339 119 23 379 364 220 45 14 10 9 42 13 15 29 7
internal_count=864 101 763 91 68 31 37 718 339 119 23 379 364 220 45 14 10 9 42 13 15 29 7
is_linear=0
shrinkage=0.05


end of trees

feature_importances:
total_load=36
thermal_space_load_ratio=35
renewable_power=33
thermal_on_capacity=27
net_load=18
period=17
weekday=17
month=15
hour=1

parameters:
[boosting: gbdt]
[objective: regression]
[metric: rmse]
[tree_learner: serial]
[device_type: cpu]
[data_sample_strategy: bagging]
[data: ]
[valid: ]
[num_iterations: 400]
[learning_rate: 0.05]
[num_leaves: 31]
[num_threads: 0]
[seed: 42]
[deterministic: 0]
[force_col_wise: 0]
[force_row_wise: 0]
[histogram_pool_size: -1]
[max_depth: 5]
[min_data_in_leaf: 3]
[min_sum_hessian_in_leaf: 0.001]
[bagging_fraction: 0.85]
[pos_bagging_fraction: 1]
[neg_bagging_fraction: 1]
[bagging_freq: 1]
[bagging_seed: 400]
[bagging_by_query: 0]
[feature_fraction: 0.85]
[feature_fraction_bynode: 1]
[feature_fraction_seed: 30056]
[extra_trees: 0]
[extra_seed: 12879]
[early_stopping_round: 0]
[early_stopping_min_delta: 0]
[first_metric_only: 0]
[max_delta_step: 0]
[lambda_l1: 0]
[lambda_l2: 0]
[linear_lambda: 0]
[min_gain_to_split: 0]
[drop_rate: 0.1]
[max_drop: 50]
[skip_drop: 0.5]
[xgboost_dart_mode: 0]
[uniform_drop: 0]
[drop_seed: 17869]
[top_rate: 0.2]
[other_rate: 0.1]
[min_data_per_group: 100]
[max_cat_threshold: 32]
[cat_l2: 10]
[cat_smooth: 10]
[max_cat_to_onehot: 4]
[top_k: 20]
[monotone_constraints: ]
[monotone_constraints_method: basic]
[monotone_penalty: 0]
[feature_contri: ]
[forcedsplits_filename: ]
[refit_decay_rate: 0.9]
[cegb_tradeoff: 1]
[cegb_penalty_split: 0]
[cegb_penalty_feature_lazy: ]
[cegb_penalty_feature_coupled: ]
[path_smooth: 0]
[interaction_constraints: ]
[verbosity: -1]
[saved_feature_importance_type: 0]
[use_quantized_grad: 0]
[num_grad_quant_bins: 4]
[quant_train_renew_leaf: 0]
[stochastic_rounding: 1]
[linear_tree: 0]
[max_bin: 255]
[max_bin_by_feature: ]
[min_data_in_bin: 3]
[bin_construct_sample_cnt: 200000]
[data_random_seed: 175]
[is_enable_sparse: 1]
[enable_bundle: 1]
[use_missing: 1]
[zero_as_missing: 0]
[feature_pre_filter: 1]
[pre_partition: 0]
[two_round: 0]
[header: 0]
[label_column: ]
[weight_column: ]
[group_column: ]
[ignore_column: ]
[categorical_feature: ]
[forcedbins_filename: ]
[precise_float_parser: 0]
[parser_config_file: ]
[objective_seed: 16083]
[num_class: 1]
[is_unbalance: 0]
[scale_pos_weight: 1]
[sigmoid: 1]
[boost_from_average: 1]
[reg_sqrt: 0]
[alpha: 0.9]
[fair_c: 1]
[poisson_max_delta_step: 0.7]
[tweedie_variance_power: 1.5]
[lambdarank_truncation_level: 30]
[lambdarank_norm: 1]
[label_gain: ]
[lambdarank_position_bias_regularization: 0]
[eval_at: ]
[multi_error_top_k: 1]
[auc_mu_weights: ]
[num_machines: 1]
[local_listen_port: 12400]
[time_out: 120]
[machine_list_filename: ]
[machines: ]
[gpu_platform_id: -1]
[gpu_device_id: -1]
[gpu_use_dp: 0]
[num_gpu: 1]

end of parameters

pandas_categorical:[]
