tree
version=v4
num_class=1
num_tree_per_iteration=1
label_index=0
max_feature_idx=10
objective=regression
feature_names=total_load net_load renewable_power thermal_space_load_ratio thermal_on_capacity hour period weekday month is_weekend is_holiday
feature_infos=[22195.900000000001:46842.5] [-11825.210000000003:43667.559999999998] [1144.03:36022.5] [-0.52127464982271476:0.97282505160491894] [27170:48330] [15:19] [61:80] [0:6] [1:4] [0:1] none
tree_sizes=2685 2769 2767 2790 2712 2763 2801 2267 2712 2669 2693 2675 2801 2679 2832 2846 2820 2639 2765 2779 2424 2768 2660

Tree=0
num_leaves=31
num_cat=0
split_feature=2 1 4 4 7 4 4 1 7 0 4 8 1 4 2 0 4 4 0 4 0 2 1 1 4 1 0 7 8 6
split_gain=3.62582e+07 1.15823e+07 4.52575e+06 5.48669e+06 3.56192e+06 3.7396e+06 2.72933e+06 1.42141e+06 1.36834e+06 1.0187e+06 733603 611531 475106 829493 433276 426921 309930 182798 166686 157253 129054 57068.4 55617.6 43595.3 54084.6 30189.7 29133.8 13323.4 4787.84 3070.61
threshold=5852.2250000000013 18686.580000000002 42910.000000000007 45602.500000000007 2.5000000000000004 48055.000000000007 44735.000000000007 24257.710000000003 5.5000000000000009 41386.05000000001 36372.500000000007 2.5000000000000004 13324.140000000001 36662.500000000007 7228.1750000000002 38353.250000000007 36372.500000000007 39497.500000000007 34364.650000000009 39497.500000000007 37490.850000000006 18353.960000000003 14066.210000000001 11232.980000000003 36662.500000000007 38960.990000000013 37452.700000000004 1.5000000000000002 2.5000000000000004 70.500000000000014
decision_type=2 2 2 2 2 2 2 2 2 2 2 2 2 2 2 2 2 2 2 2 2 2 2 2 2 2 2 2 2 2
left_child=2 12 10 6 5 -5 9 11 -8 -4 15 18 23 22 16 26 -9 -16 -3 -13 29 -15 -14 28 -25 -6 -1 -22 -2 -12
right_child=1 7 3 4 25 -7 8 14 -10 -11 20 19 13 21 17 -17 -18 -19 -20 -21 27 -23 -24 24 -26 -27 -28 -29 -30 -31
leaf_value=308.36207616906114 268.20910257693873 276.97774293128475 298.28639019673517 313.94491908566198 284.71515472091454 286.69751800637192 326.91072539888785 297.0024094082986 310.50240953545517 319.23217264820454 280.63574298005051 282.04215373460232 275.35363178565183 271.17432369220063 284.33919995201308 287.87502864665248 285.32996772776517 281.7748829723472 271.69251430339079 278.27810657514607 289.02740991692491 268.68948558634975 279.81845262012274 272.48850742103576 269.01706090333624 287.20355873308381 302.32740921756374 286.42259477291583 268.77792771504818 282.17544886590957
leaf_weight=2.9999999999999982 75 26 34 34 34 20 27 5.9999999999999991 24 6.9999999999999991 4.0000000000000027 56 8.9999999999999982 68 93 6.9999999999999991 109 275 35 55 5.9999999999999991 35 31 17 33 19 6 27 73 17
leaf_count=3 75 26 34 34 34 20 27 6 24 7 4 56 9 68 93 7 109 275 35 55 6 35 31 17 33 19 6 27 73 17
internal_value=282.379 277.98 298.667 302.514 294.816 303.853 311.467 281.87 319.189 301.862 287.733 277.967 270.507 272.703 283.26 297.136 285.939 282.423 273.945 280.177 284.946 270.33 278.814 268.921 270.197 285.607 304.339 286.896 268.49 281.882
internal_weight=1265 996 269 199 107 54 92 655 51 41 70 172 341 143 483 16 115 368 61 111 54 103 40 198 50 53 9 33 148 21
internal_count=1265 996 269 199 107 54 92 655 51 41 70 172 341 143 483 16 115 368 61 111 54 103 40 198 50 53 9 33 148 21
is_linear=0
shrinkage=1


Tree=1
num_leaves=31
num_cat=0
split_feature=2 1 3 0 3 8 7 2 1 7 0 1 8 8 3 2 3 0 7 6 3 6 8 3 1 6 3 0 8 0
split_gain=2.97878e+07 1.03444e+07 3.97875e+06 1.80488e+06 1.23556e+06 1.12934e+06 1.03769e+06 3.15624e+06 2.54541e+06 502575 691969 498286 714035 436732 224968 224840 224247 153759 239509 130042 109025 108999 100689 49184.4 13045.5 24913.3 10569.2 4235.51 2695.02 25.1905
threshold=5852.2250000000013 18876.970000000001 0.89793050820045328 39171.350000000006 0.6888197181594109 2.5000000000000004 5.5000000000000009 1805.5350000000001 37858.74500000001 4.5000000000000009 38033.350000000013 12387.060000000001 3.5000000000000004 2.5000000000000004 0.88636654614914412 7566.1800000000012 0.62818143311856656 37423.55000000001 1.0000000180025095e-35 67.500000000000014 0.44098241019733792 67.500000000000014 3.5000000000000004 0.46842849335882702 11232.980000000003 62.500000000000007 0.93920391088143762 35498.500000000007 2.5000000000000004 34364.650000000009
decision_type=2 2 2 2 2 2 2 2 2 2 2 2 2 2 2 2 2 2 2 2 2 2 2 2 2 2 2 2 2 2
left_child=2 11 5 26 13 17 7 -5 -8 14 -11 24 23 16 -7 19 -3 27 -19 -6 -14 -15 -17 -13 28 -26 -4 -1 -2 -28
right_child=1 4 3 6 15 9 8 -9 -10 10 -12 12 20 21 -16 22 -18 18 -20 -21 -22 -23 -24 -25 25 -27 29 -29 -30 -31
leaf_value=-1.3771841716766358 -13.397881988525391 -10.136650246840258 3.5062425692876191 56.017024612426759 6.3543226686390968 9.2363635708304024 32.906570493257966 22.957183951300546 4.4868970870971685 8.7507812213897722 33.104761832101005 -12.647768290837606 -7.0917375477877531 -3.5155448052618241 16.280886515449076 -0.15342088395640963 -4.501465017145331 15.088148911794029 4.4923949544628465 2.1779259883966602 -2.4894032528323513 -0.68567163294140743 2.1119338372256609 -10.537461530245267 -10.165392355485395 -13.298177032470704 -0.15043910344441727 0.43783343103196892 -12.974009633382162 0.041227561235427847
leaf_weight=4.9999999999999991 75 26 2.9999999999999982 7.9999999999999991 22 34 12.999999999999998 74 20 4.9999999999999982 7 48 22 54 17 210 55 5.9999999999999991 48 122 31 92 64 65 11.000000000000002 14.999999999999998 3 8.9999999999999982 75 4
leaf_count=5 75 26 3 8 22 34 13 74 20 5 7 48 22 54 17 210 55 6 48 122 31 92 64 65 11 15 3 9 75 4
internal_value=-0.181632 -4.12362 15.0166 21.3978 -0.39629 8.92761 23.1695 26.1825 15.6825 13.7508 22.9573 -11.1532 -9.18806 -3.36588 11.5845 1.21638 -6.31029 4.45909 5.6697 2.81599 -4.39981 -1.73234 0.375713 -11.4339 -13.0067 -11.9728 1.02323 -0.210387 -13.1859 -0.0409153
internal_weight=1243 987 256 125 645 131 115 82 33 63 12 342 166 227 51 418 81 68 54 144 53 146 274 113 176 26 10 14 150 7
internal_count=1243 987 256 125 645 131 115 82 33 63 12 342 166 227 51 418 81 68 54 144 53 146 274 113 176 26 10 14 150 7
is_linear=0
shrinkage=0.05


Tree=2
num_leaves=30
num_cat=0
split_feature=2 1 4 4 2 7 3 4 7 2 4 3 4 2 8 4 4 3 0 4 6 0 7 2 3 4 1 1 1
split_gain=2.80761e+07 1.02308e+07 4.46309e+06 3.25948e+06 2.59161e+06 2.28749e+06 1.25732e+06 623163 612315 498772 497323 797793 394333 740493 373226 184715 178866 152429 124170 122533 79525.8 77754.2 62203.7 32950.8 25279.6 10589.2 9226.6 1629.3 1192
threshold=5231.7000000000007 19292.385000000006 42910.000000000007 47695.000000000007 4138.5000000000009 5.5000000000000009 0.67923994134223731 36662.500000000007 1.0000000180025095e-35 6664.630000000001 48000.000000000007 0.92025682563497302 36662.500000000007 20022.105000000003 2.5000000000000004 36372.500000000007 39052.500000000007 0.51612230973513784 35798.100000000006 36372.500000000007 67.500000000000014 37547.900000000009 1.0000000180025095e-35 18797.830000000005 0.44098241019733792 42412.500000000007 40830.905000000006 31394.675000000003 33730.525000000009
decision_type=2 2 2 2 2 2 2 2 2 2 2 2 2 2 2 2 2 2 2 2 2 2 2 2 2 2 2 2 2
left_child=2 12 7 4 5 -4 14 28 -6 15 11 -5 13 24 16 -8 -3 23 -15 -11 -16 27 -19 -14 -2 -23 -12 -9 -1
right_child=1 6 3 10 8 -7 9 21 -10 19 26 -13 17 18 20 -17 -18 22 -20 -21 -22 25 -24 -25 -26 -27 -28 -29 -30
leaf_value=18.721377563476562 -4.5042603628976003 -12.810750834147136 36.473807349571814 2.975976389646529 25.741743164062502 17.812211786707245 10.304085350036623 -1.0999634385108938 11.512936429823599 2.637468954258495 1.8661735534667958 24.159895000457766 -11.223274148305258 -12.116625397293657 -3.3057110678065906 3.728143702094088 -5.2598881498712018 -2.5584143877029422 -2.9867312908172607 0.22629043939320939 -0.62146242741193325 4.9434276580810534 -9.2097077649215162 -12.533898713534937 -1.9020864350455149 2.961684240613665 4.1653196811676025 0.028262463212013245 17.402917989095048
leaf_weight=3.9999999999999991 13.999999999999998 8.9999999999999982 52 8.0000000000000018 9.9999999999999982 24 11.999999999999998 4.0000000000000027 31 63 6.0000000000000027 9.9999999999999982 75 54 44 97 61 3.9999999999999991 3.9999999999999991 322 74 13.000000000000002 29 133 28 13.999999999999998 15.999999999999998 15.999999999999998 3
leaf_count=4 14 9 52 8 10 24 12 4 31 63 6 10 75 54 44 97 61 4 4 322 74 13 29 133 28 14 16 16 3
internal_value=0.0313264 -3.39386 16.6378 20.9025 25.115 30.5807 0.141812 4.23842 14.9834 1.4662 8.58122 14.7448 -10.4652 -7.82563 -3.33824 4.4521 -6.23071 -11.5605 -11.487 0.620847 -1.62237 2.16554 -8.40349 -12.0613 -2.76948 3.91586 3.53828 -0.197383 18.1563
internal_weight=1234 1023 211 157 117 76 682 54 41 494 40 18 341 100 188 109 70 241 58 385 118 47 33 208 42 27 22 20 7
internal_count=1234 1023 211 157 117 76 682 54 41 494 40 18 341 100 188 109 70 241 58 385 118 47 33 208 42 27 22 20 7
is_linear=0
shrinkage=0.05


Tree=3
num_leaves=31
num_cat=0
split_feature=2 1 3 4 4 7 3 4 2 4 4 4 4 0 7 1 4 4 0 4 0 3 4 0 0 3 7 1 4 6
split_gain=2.51569e+07 7.98514e+06 3.48221e+06 3.14534e+06 3.20356e+06 1.82863e+06 746499 503197 834184 473029 1.36268e+06 631441 443954 408993 368892 195569 184709 203301 138143 130637 260631 153102 85610.1 47423.3 40696.7 35680.5 10004.4 9672.79 2984.89 2669.48
threshold=6246.2900000000009 19797.395 0.89793050820045328 42910.000000000007 48055.000000000007 5.5000000000000009 0.67923994134223731 36662.500000000007 20022.105000000003 44065.000000000007 45602.500000000007 36372.500000000007 36090.000000000007 37362.150000000009 2.5000000000000004 17636.370000000003 38752.500000000007 39052.500000000007 35798.100000000006 36662.500000000007 34775.100000000006 0.77159267889299943 45602.500000000007 37205.700000000004 38353.250000000007 0.4524342591007991 1.0000000180025095e-35 16428.135000000006 40910.000000000007 73.500000000000014
decision_type=2 2 2 2 2 2 2 2 2 2 2 2 2 2 2 2 2 2 2 2 2 2 2 2 2 2 2 2 2 2
left_child=2 7 9 24 5 -5 16 8 27 11 13 12 -1 -11 -12 25 26 -18 -10 20 -8 -21 -17 -13 -4 -9 -3 -2 -26 -6
right_child=1 6 3 4 29 -7 19 15 18 10 14 23 -14 -15 -16 22 17 -19 -20 21 -22 -23 -24 -25 28 -27 -28 -29 -30 -31
leaf_value=4.3350453853607176 -2.7498320492831145 2.2122493743896485 -0.31151873171329486 31.244467073871245 4.1897070748465381 15.446825353915877 10.238322476148605 -11.835544254161695 -11.534290564501728 3.6001438713073735 13.440386753082278 -0.33737747536765206 20.523196750217011 18.86116954220666 2.754844866622062 -6.821813864965697 -12.293841225760325 -3.5411635247271835 -2.8471155166625977 -0.85912864057140226 1.508970947033268 1.2596866512020526 -12.525990104675294 2.9089296150207522 5.4777811686197921 -10.399399718591724 -0.41999252742609461 -1.3374547134946895 3.7280874545757587 2.9406730565157808
leaf_weight=8 22 3.9999999999999991 8.0000000000000018 62 7.0000000000000027 26 9.9999999999999982 162 54 4.9999999999999991 9.9999999999999982 18 9 36 42 37 6.9999999999999991 127 4.9999999999999991 144 59 209 7.9999999999999991 30 2.9999999999999991 59 37 27 12.999999999999998 10.999999999999998
leaf_count=8 22 4 8 62 7 26 10 162 54 5 10 18 9 36 42 37 7 127 5 144 59 209 8 30 3 59 37 27 13 11
internal_value=-0.0938721 -3.94308 12.8839 18.945 22.6458 26.577 -0.354276 -9.67175 -6.79347 7.8968 10.184 4.62437 12.9052 17.0001 4.80976 -10.8404 -3.09986 -3.99839 -10.7981 0.784295 2.77409 0.395354 -7.83589 1.69156 2.60026 -11.4521 -0.163188 -1.97158 4.05616 3.42641
internal_weight=1259 971 288 130 106 88 597 374 108 158 93 65 17 41 52 266 175 134 59 422 69 353 45 48 24 221 41 49 16 18
internal_count=1259 971 288 130 106 88 597 374 108 158 93 65 17 41 52 266 175 134 59 422 69 353 45 48 24 221 41 49 16 18
is_linear=0
shrinkage=0.05


Tree=4
num_leaves=31
num_cat=0
split_feature=2 3 3 7 7 2 3 8 3 7 3 8 8 2 0 8 7 0 2 2 1 6 0 6 8 1 8 2 6 2
split_gain=2.31827e+07 8.09006e+06 2.81453e+06 2.46838e+06 1.87669e+06 2.49555e+06 2.02935e+06 882613 818863 737350 533568 1.33138e+06 455603 766210 436530 346549 299950 756452 290345 222906 190573 189549 134173 96425.8 83091.2 166979 63608.3 53025.5 36278.9 23102.8
threshold=5852.2250000000013 0.56372184029962036 0.89793050820045328 1.0000000180025095e-35 5.5000000000000009 2766.7150000000006 0.91404921645323978 2.5000000000000004 0.6888197181594109 5.5000000000000009 0.91873069903394478 1.5000000000000002 3.5000000000000004 20022.105000000003 37728.000000000007 2.5000000000000004 1.0000000180025095e-35 42364.650000000001 4911.2650000000012 7566.1800000000012 24041.135000000002 70.500000000000014 35146.700000000004 70.500000000000014 2.5000000000000004 17636.370000000003 3.5000000000000004 18673.055000000004 67.500000000000014 15786.515000000001
decision_type=2 2 2 2 2 2 2 2 2 2 2 2 2 2 2 2 2 2 2 2 2 2 2 2 2 2 2 2 2 2
left_child=2 12 7 10 5 -5 -6 16 15 18 11 -4 24 27 -11 20 17 -1 -9 21 -3 -10 -15 -18 29 -26 -21 -14 -17 -2
right_child=1 8 3 4 6 -7 -8 9 19 14 -12 -13 13 22 -16 28 23 -19 -20 26 -22 -23 -24 -25 25 -27 -28 -29 -30 -31
leaf_value=-0.024373260140419007 -9.6881508653814148 -7.3236198100637884 3.5544860294886989 40.479342784052314 30.476225962638843 20.155744090947238 2.8898969566822057 14.641979698512865 5.2533064324408771 11.673829778035479 1.3527936628460884 43.366314697265615 -1.7084023472542567 -11.270452359517416 35.799331054687492 -2.149323866267999 6.8164204796155294 33.189466349283848 7.1194187920669023 -0.10595513307259757 -2.4503064918518067 1.4770572065837095 -3.9554225376674106 2.2348643488421733 -10.521692683367895 -5.0090846803453237 1.7045550830902592 -5.1716183980305992 -0.30023084572619863 -11.423190381368002
leaf_weight=3.9999999999999991 22 47 7.0000000000000018 23 10.000000000000002 44 20 23 48 3 20 3 42 60 5 42 14.999999999999998 3 29 223 35 108 6.9999999999999991 49 58 18 62 14.999999999999998 72 150
leaf_count=4 22 47 7 23 10 44 20 23 48 3 20 3 42 60 5 42 15 3 29 223 35 108 7 49 58 18 62 15 72 150
internal_value=-0.0769212 -3.49693 13.2982 18.6022 22.4787 27.1325 12.0853 8.15628 -0.0755475 12.6208 6.06787 15.498 -9.3556 -6.88099 26.7523 -2.76459 4.38346 14.2101 10.4467 1.11958 -5.24355 2.63898 -10.5062 3.30867 -10.5929 -9.21607 0.28791 -2.61977 -0.981476 -11.2013
internal_weight=1267 1009 258 127 97 67 30 131 637 60 30 10 372 124 8 196 71 7 52 441 82 156 67 64 248 76 285 57 114 172
internal_count=1267 1009 258 127 97 67 30 131 637 60 30 10 372 124 8 196 71 7 52 441 82 156 67 64 248 76 285 57 114 172
is_linear=0
shrinkage=0.05


Tree=5
num_leaves=31
num_cat=0
split_feature=2 3 4 4 3 7 7 3 4 3 8 4 4 0 3 6 0 3 3 2 3 8 0 0 2 2 2 4 3 6
split_gain=2.03209e+07 7.1907e+06 3.2628e+06 3.16279e+06 2.65992e+06 2.16584e+06 947167 701473 378870 667513 350879 316270 270961 366372 261900 172118 148155 140291 104089 404492 93758.8 87375.8 69235.5 51970.8 19218.2 18255.1 18139.4 12848.6 4652.81 1189.19
threshold=5478.4950000000008 0.56738402752020378 42910.000000000007 47695.000000000007 0.89793050820045328 5.5000000000000009 4.5000000000000009 0.76170598030574954 36662.500000000007 0.39357655838957473 2.5000000000000004 36662.500000000007 36372.500000000007 37315.250000000007 0.62579842715260914 65.500000000000014 38571.650000000009 0.51612230973513784 0.93546861830537209 2706.9050000000002 0.65772427248125698 2.5000000000000004 35798.100000000006 37547.900000000009 3386.9050000000002 19584.860000000004 18400.620000000006 42412.500000000007 0.88838243808600603 70.500000000000014
decision_type=2 2 2 2 2 2 2 2 2 2 2 2 2 2 2 2 2 2 2 2 2 2 2 2 2 2 2 2 2 2
left_child=2 8 11 4 6 -6 -4 10 9 22 14 16 13 -9 -3 -14 28 26 24 -20 -12 -19 -2 29 -5 -11 -10 -25 -1 -13
right_child=1 7 3 18 5 -7 -8 12 17 25 20 23 15 -15 -16 -17 -18 21 19 -21 -22 -23 -24 27 -26 -27 -28 -29 -30 -31
leaf_value=17.55923716227214 -10.276844503198353 -7.9412450949351001 8.3447431472214788 0.85783514022827156 31.567780245867642 14.054897732918079 23.705857309928309 19.543952331542968 -9.7474758015304328 -1.4082915815147194 -1.4295326468373799 -1.353855450948078 5.0447795595826399 3.2205766851251774 -2.2630832931873477 1.1246203457782551 3.7440029144287106 -9.4857880334059406 2.6329434633255011 22.106298971176145 0.68649077069398168 -5.1233670223842971 -2.4802330652872726 3.911005674089703 4.2060619368155798 -3.7282813072204593 -10.784023346170024 1.8655471100526697 14.774513753255205 -0.27860964768462709
leaf_weight=2.9999999999999982 56 24 44 4.9999999999999991 55 26 12.999999999999998 4.9999999999999991 61 37 81 3.0000000000000027 32 10.999999999999998 132 224 4 24 7.9999999999999982 4 148 22 2.9999999999999991 14.000000000000002 30 10.999999999999998 137 17 3 18
leaf_count=3 56 24 44 5 55 26 13 5 61 37 81 3 32 11 132 224 4 24 8 4 148 22 3 14 30 11 137 17 3 18
internal_value=0.128185 -3.02129 12.9811 16.3079 20.1232 25.9464 11.8482 0.0654271 -8.79898 -6.31834 -1.30781 3.05434 2.00917 8.32163 -3.13665 1.61464 11.1977 -9.8868 5.10553 9.12406 -0.0619717 -7.39941 -9.88041 1.4883 3.72774 -1.93996 -10.4647 2.7893 16.1669 -0.432216
internal_weight=1255 1008 247 185 138 81 57 657 351 107 385 62 272 16 156 256 10 244 47 12 229 46 59 52 35 48 198 31 6 21
internal_count=1255 1008 247 185 138 81 57 657 351 107 385 62 272 16 156 256 10 244 47 12 229 46 59 52 35 48 198 31 6 21
is_linear=0
shrinkage=0.05


Tree=6
num_leaves=31
num_cat=0
split_feature=2 3 3 4 4 7 3 3 4 4 4 7 4 4 4 4 2 4 4 0 4 0 3 0 7 1 6 4 0 0
split_gain=1.7268e+07 5.70121e+06 2.84533e+06 2.26294e+06 2.68244e+06 1.80739e+06 634337 296153 530394 274208 1.55009e+06 386353 400229 378936 177212 221483 95504.5 145898 68490.5 63034.5 41180.3 24553.2 20714.7 17467.4 4792.41 4593.75 3724.09 3181.73 614.524 14.0302
threshold=6246.2900000000009 0.55016390264335002 0.89793050820045328 42910.000000000007 48055.000000000007 5.5000000000000009 0.66496799282607733 0.39357655838957473 36662.500000000007 44810.000000000007 44735.000000000007 1.5000000000000002 48055.000000000007 44065.000000000007 37740.000000000007 39052.500000000007 7345.9350000000004 36372.500000000007 39497.500000000007 43633.650000000009 45602.500000000007 38353.250000000007 0.44098241019733792 35798.100000000006 3.5000000000000004 24257.710000000003 73.500000000000014 42412.500000000007 38033.350000000013 34401.000000000007
decision_type=2 2 2 2 2 2 2 2 2 2 2 2 2 2 2 2 2 2 2 2 2 2 2 2 2 2 2 2 2 2
left_child=2 7 9 21 5 -5 14 23 22 10 13 12 -11 -1 25 -16 17 -8 -18 -13 -10 29 -9 24 -2 -3 -6 -23 -12 -4
right_child=1 6 3 4 26 -7 16 8 20 11 28 19 -14 -15 15 -17 18 -19 -20 -21 -22 27 -24 -25 -26 -27 -28 -29 -30 -31
leaf_value=4.4404963616168862 -9.8718181398179805 -0.35106366443924791 -0.097839879989623943 28.517122183348008 3.7127253668648836 12.160441034038861 11.326686668395997 -3.8010736905611484 -8.3507757697523264 19.602907807486403 32.158657836914067 0.74983427343946518 -0.22337966263294218 11.668726131439209 -10.352580666542053 -3.2308988214278025 1.3318872858552222 1.5743307076474673 -0.26504091881691144 4.2540373302641372 -10.89632323415656 3.8666374553333633 -1.3858883631016528 -7.1225958251953134 -10.405466760562945 1.6758129517237348 2.2615589221318562 2.3454578590393065 33.170688883463534 -0.24088070392608635
leaf_weight=66 90 41 4.0000000000000027 57 7.0000000000000027 24 3.9999999999999991 12.999999999999998 97 6.9999999999999982 2.9999999999999991 33 4 25 11.999999999999998 121 94 93 235 21 19 10.999999999999998 28 4.9999999999999991 79 2.9999999999999991 11.999999999999998 4.9999999999999991 3 3
leaf_count=66 90 41 4 57 7 24 4 13 97 7 3 33 4 25 12 121 94 93 235 21 19 11 28 5 79 3 12 5 3 3
internal_value=-0.0545534 -3.34185 10.7185 16.452 19.7045 23.6707 -0.447601 -8.61445 -7.03996 6.36534 8.04927 3.8524 12.3933 6.42627 -2.96348 -3.87346 0.597728 1.97649 0.191224 2.11258 -8.76772 2.31071 -2.15168 -10.0351 -10.1213 -0.212868 2.7962 3.39127 32.6647 -0.159143
internal_weight=1219 934 285 123 100 81 603 331 157 162 97 65 11 91 177 133 426 97 329 54 116 23 41 174 169 44 19 16 6 7
internal_count=1219 934 285 123 100 81 603 331 157 162 97 65 11 91 177 133 426 97 329 54 116 23 41 174 169 44 19 16 6 7
is_linear=0
shrinkage=0.05


Tree=7
num_leaves=25
num_cat=0
split_feature=2 1 0 5 2 1 7 7 1 2 8 8 2 8 8 2 8 6 8 7 0 2 0 2
split_gain=1.75292e+07 6.66358e+06 1.85807e+06 1.01019e+06 802927 693682 1.27415e+06 576906 445396 317788 299956 220944 180595 201952 146463 313847 133055 103260 78567.7 48641.6 41369.9 15334 11878.6 3941.56
threshold=4771.4050000000016 20408.820000000003 38571.650000000009 16.500000000000004 8068.7750000000005 37320.92500000001 5.5000000000000009 4.5000000000000009 17517.935000000005 15786.515000000001 2.5000000000000004 3.5000000000000004 6246.2900000000009 2.5000000000000004 3.5000000000000004 20022.105000000003 2.5000000000000004 66.500000000000014 3.5000000000000004 4.5000000000000009 33254.900000000001 15258.260000000002 37728.000000000007 4138.5000000000009
decision_type=2 2 2 2 2 2 2 2 2 2 2 2 2 2 2 2 2 2 2 2 2 2 2 2
left_child=2 8 11 -4 12 7 -7 -5 14 16 20 22 13 -3 21 -16 -6 -14 -12 -11 -10 -2 23 -1
right_child=1 4 3 5 9 6 -8 -9 10 19 18 -13 17 -15 15 -17 -18 -19 -20 -21 -22 -23 -24 -25
leaf_value=-0.31960761801284887 -7.7269074996312455 2.2072263670264411 41.277523803710942 7.3059021886657263 -1.6298114936408954 21.603094659624873 8.7360972266930812 18.375925257470875 -6.2777308205763482 -5.0685762119293223 -4.4554080640828166 12.012216262817383 5.0620036878083887 6.4596776476446198 -2.9197082227276221 -9.0041916050128084 0.20871684875177299 1.1354623197769442 -0.76611458649558406 -11.525574384416851 -10.027680949160928 -9.573184628626489 3.349227523803711 1.6461688677469892
leaf_weight=17.000000000000011 11.999999999999998 59 3.9999999999999991 34 172 74 26 18 12.000000000000002 4.9999999999999982 27 4.9999999999999991 19 53 31 67 230 141 31 7 19 179 2.9999999999999991 2.9999999999999991
leaf_count=17 12 59 4 34 172 74 26 18 12 5 27 5 19 53 31 67 230 141 31 7 19 179 3 3
internal_value=0.0962843 -2.36795 14.346 16.4746 0.569275 15.8219 18.2577 11.1378 -7.69846 -0.817257 -4.60567 2.48621 2.67966 4.21955 -8.65092 -7.07951 -0.577917 1.60174 -2.48354 -8.83516 -8.57609 -9.45719 0.415342 -0.0247411
internal_weight=1248 1064 184 156 686 152 100 52 378 414 89 28 272 112 289 98 402 160 58 12 31 191 23 20
internal_count=1248 1064 184 156 686 152 100 52 378 414 89 28 272 112 289 98 402 160 58 12 31 191 23 20
is_linear=0
shrinkage=0.05


Tree=8
num_leaves=29
num_cat=0
split_feature=2 3 4 4 2 4 4 3 8 2 4 8 4 4 4 3 1 4 7 3 0 0 2 4 4 1 1 3
split_gain=1.57959e+07 5.74999e+06 2.87065e+06 2.41712e+06 1.50147e+06 1.09477e+06 758823 680837 358148 524008 333400 258383 229092 411862 217279 255333 217064 139248 114947 73532 42244.9 34102.3 17466 17298.7 6562.28 5716.71 2977.48 1427.96
threshold=5096.8050000000012 0.56738402752020378 42910.000000000007 47695.000000000007 4273.5400000000009 44735.000000000007 46555.000000000007 0.76170598030574954 2.5000000000000004 18797.830000000005 36662.500000000007 2.5000000000000004 36372.500000000007 36090.000000000007 48055.000000000007 0.92025682563497302 24041.135000000002 39497.500000000007 5.5000000000000009 0.65465826878892097 35761.55000000001 37490.850000000006 15786.515000000001 39052.500000000007 42412.500000000007 40830.905000000006 20750.135000000006 0.88967269231014734
decision_type=2 2 2 2 2 2 2 2 2 2 2 2 2 2 2 2 2 2 2 2 2 2 2 2 2 2 2 2
left_child=2 8 10 4 5 -4 -6 11 22 17 -1 16 13 -9 15 -5 -3 -10 -14 -13 -11 27 23 -2 -23 -16 -24 -12
right_child=1 7 3 14 6 -7 -8 12 9 20 21 19 18 -15 25 -17 -18 -19 -20 -21 -22 24 26 -25 -26 -27 -28 -29
leaf_value=14.523584594726564 -10.082533645629878 -5.5850924230956789 12.961428181330362 2.2109410524368278 8.2665055809598993 26.14373477271625 31.326225662231447 2.8684181213378901 -1.3636057564367852 -8.4879351521793165 -1.2065313180287673 -1.370496302234455 1.1763507043095325 19.586003112792969 0.2159813472202845 14.195295858383179 -1.5497520248824304 -5.281305077879928 3.9809055454855748 0.63031096563889433 -5.2433192339810466 2.8291116015116367 -9.3162539442924608 -6.9059179878234858 1.2604003022114436 1.9659886257989065 -10.698971748352051 -0.29385503371556604
leaf_weight=4.9999999999999991 6.0000000000000027 48 21 8.0000000000000018 33 63 3.9999999999999991 14.000000000000002 48 114 6.0000000000000027 71 243 4.9999999999999991 7.0000000000000027 9.9999999999999982 109 43 43 130 10.999999999999998 15.000000000000002 146 14.999999999999998 11.999999999999998 13.999999999999998 3.9999999999999991 14.999999999999998
leaf_count=5 6 48 21 8 33 63 4 14 48 114 6 71 243 5 7 10 109 43 43 130 11 15 146 15 12 14 4 15
internal_value=-0.0931132 -2.61158 12.3218 15.6626 19.1516 22.8482 10.7594 0.215306 -7.45453 -6.10116 2.23646 -1.26361 1.95121 7.26778 4.83785 8.86892 -2.78349 -3.21483 1.59801 -0.0764419 -8.20241 0.956551 -9.16405 -7.81352 2.13191 1.38265 -9.35313 -0.55462
internal_weight=1263 1050 213 160 121 84 37 663 387 216 53 358 305 19 39 18 157 91 286 201 125 48 171 21 27 21 150 21
internal_count=1263 1050 213 160 121 84 37 663 387 216 53 358 305 19 39 18 157 91 286 201 125 48 171 21 27 21 150 21
is_linear=0
shrinkage=0.05


Tree=9
num_leaves=30
num_cat=0
split_feature=3 3 4 4 7 4 4 7 7 3 3 4 4 8 4 4 1 3 8 4 0 8 0 0 1 4 7 1 3
split_gain=1.38483e+07 4.85719e+06 1.83721e+06 2.5905e+06 1.85724e+06 2.1547e+06 1.12256e+06 1.10154e+06 1.0994e+06 529369 323067 522989 304940 234937 193784 307219 133701 117643 84508.6 76935.1 27159.4 37304.1 20815.2 20804.8 8738.8 7780.09 6364.34 690.724 306.02
threshold=0.86411103746982243 0.56738402752020378 42910.000000000007 45602.500000000007 2.5000000000000004 47845.000000000007 44735.000000000007 5.5000000000000009 3.5000000000000004 0.67923994134223731 0.39357655838957473 36662.500000000007 36662.500000000007 2.5000000000000004 36662.500000000007 36090.000000000007 27317.550000000007 0.62579842715260914 2.5000000000000004 47202.500000000007 35798.100000000006 3.5000000000000004 38236.000000000007 41062.80000000001 17060.190000000006 42412.500000000007 3.5000000000000004 33730.525000000009 0.88967269231014734
decision_type=2 2 2 2 2 2 2 2 2 2 2 2 2 2 2 2 2 2 2 2 2 2 2 2 2 2 2 2 2
left_child=1 10 12 6 5 -5 8 -8 -4 13 20 24 27 17 15 -11 -16 -3 -13 -6 26 -22 28 -15 -12 -24 -1 -2 -14
right_child=2 9 3 4 19 -7 7 -9 -10 14 11 18 22 23 16 -17 -18 -19 -20 -21 21 -23 25 -25 -26 -27 -28 -29 -30
leaf_value=-8.3705264631037917 13.576582336425782 -7.3130320659528181 23.440945180257163 26.024097788852199 -0.57001179960267301 5.5312500947508321 32.49875837961833 17.009415575591003 5.5339693701267247 1.3601031642223969 -2.0019301256963185 -8.3252168889229115 -0.68678176403045577 -0.89801274331159964 -1.5693301815483156 8.3718540906906131 0.89904831472841595 -3.0256335652743775 -5.8050533820842878 3.403811790829613 -9.1727305094401057 -1.2877160708109534 2.8902291218439728 2.7773046612739565 -0.71579998064041139 1.1247194597354302 -8.9646010813993566 12.503639729817706 -0.13648016564548016
leaf_weight=96 2.9999999999999991 24 14.999999999999998 23 29 29 24 22 20 61 28 78 3.0000000000000027 103 66 21 325 48 58 21 2.9999999999999991 3 12.000000000000002 3.9999999999999991 25 12.999999999999998 85 3 15.999999999999998
leaf_count=96 3 24 15 23 29 29 24 22 20 61 28 78 3 103 66 21 325 48 58 21 3 3 12 4 25 13 85 3 16
internal_value=-0.0460026 -2.54056 10.96 13.2808 7.97951 14.5954 19.9564 25.0908 13.2084 0.0694185 -7.06636 -5.60851 2.46601 -2.24653 0.945857 3.1558 0.482391 -4.45477 -7.25044 1.09899 -8.5398 -5.23022 1.02409 -0.760618 -1.39526 1.97216 -8.64951 13.0401 -0.22337
internal_weight=1261 1028 233 183 102 52 81 46 35 652 376 189 50 179 473 82 391 72 136 50 187 6 44 107 53 25 181 6 19
internal_count=1261 1028 233 183 102 52 81 46 35 652 376 189 50 179 473 82 391 72 136 50 187 6 44 107 53 25 181 6 19
is_linear=0
shrinkage=0.05


Tree=10
num_leaves=30
num_cat=0
split_feature=2 1 3 7 7 3 1 3 6 0 6 3 8 8 7 8 0 2 6 2 7 8 8 2 7 0 2 6 0
split_gain=1.18611e+07 4.40432e+06 1.44342e+06 1.27126e+06 962670 2.01178e+06 1.875e+06 462863 402649 418857 392768 259347 282789 201170 212222 187154 171408 149874 217325 133673 71081 69808.1 58650.5 133191 34232.9 24960.3 10016.3 8513.97 3275.28
threshold=5551.380000000001 19797.395 0.89793050820045328 1.0000000180025095e-35 5.5000000000000009 0.91404921645323978 37320.92500000001 0.67923994134223731 73.500000000000014 43530.200000000004 67.500000000000014 0.46842849335882702 3.5000000000000004 2.5000000000000004 5.5000000000000009 2.5000000000000004 38033.350000000013 7345.9350000000004 65.500000000000014 15786.515000000001 1.5000000000000002 3.5000000000000004 3.5000000000000004 20022.105000000003 3.5000000000000004 40820.750000000007 15326.525000000003 66.500000000000014 43633.650000000009
decision_type=2 2 2 2 2 2 2 2 2 2 2 2 2 2 2 2 2 2 2 2 2 2 2 2 2 2 2 2 2
left_child=2 11 10 8 6 -6 -5 15 9 -4 16 22 24 20 -15 19 -1 18 -9 -3 -12 -19 26 -24 -13 -17 -2 -14 -10
right_child=1 7 3 4 5 -7 -8 17 28 -11 13 12 27 14 -16 25 -18 21 -20 -21 -22 -23 23 -25 -26 -27 -28 -29 -30
leaf_value=9.7706838687260955 -5.4455946524937957 -3.2355158144967597 25.124697518348679 7.0354478154863633 28.271440336439333 -0.19435654491186144 24.948309086759888 7.4460291301502908 -0.1674017104235562 2.2430183410644529 7.9086833000183105 -5.6410643654839641 -2.5134735107421875 6.6780247006210551 20.443340301513672 -0.9987013419237093 26.672749837239579 -0.18375870681237505 1.4593505109074927 -9.2557435469193887 2.5478100293087511 1.6286055404473754 -3.2211957068670367 -7.7613444192068917 -7.6307498284288364 3.6255239486694339 -8.3625175777558365 -0.8056024847207246 1.1187489933437771
leaf_weight=2.9999999999999991 2.9999999999999991 57 4.0000000000000018 21 9.0000000000000018 20 48 17 11.000000000000002 4 6.9999999999999991 52 9.9999999999999982 42 2.9999999999999991 107 3 243 140 10.999999999999998 53 68 21 70 37 2.9999999999999991 155 27 8.9999999999999982
leaf_count=3 3 57 4 21 9 20 48 17 11 4 7 52 10 42 3 107 3 243 140 11 53 68 21 70 37 3 155 27 9
internal_value=-0.140075 -2.4792 9.93692 13.5993 16.2839 8.63986 19.4966 0.0228503 4.20351 13.6839 5.77957 -6.7894 -4.94095 5.06859 7.59571 -2.14731 18.2217 0.848255 2.10759 -4.20938 3.17325 0.212514 -7.72476 -6.71362 -6.46824 -0.872586 -8.30713 -1.26719 0.411366
internal_weight=1258 1021 237 126 98 29 69 646 28 8 111 375 126 105 45 178 6 468 157 68 60 311 249 91 89 110 158 37 20
internal_count=1258 1021 237 126 98 29 69 646 28 8 111 375 126 105 45 178 6 468 157 68 60 311 249 91 89 110 158 37 20
is_linear=0
shrinkage=0.05


Tree=11
num_leaves=30
num_cat=0
split_feature=3 1 4 8 7 4 4 7 3 0 4 8 4 3 0 4 3 1 4 3 5 4 0 4 0 0 4 1 1
split_gain=1.07694e+07 4.1761e+06 1.42909e+06 2.54091e+06 1.74297e+06 2.28958e+06 1.27915e+06 681574 560000 534203 247102 223689 208675 166522 317904 165388 334080 113937 91202.3 41050.5 34834.5 34417.8 23102.6 21435.1 18815.5 11166.8 6791.19 6694.53 1636.43
threshold=0.86411103746982243 18876.970000000001 42910.000000000007 2.5000000000000004 2.5000000000000004 47845.000000000007 44735.000000000007 5.5000000000000009 0.67664133737944343 39789.700000000004 36662.500000000007 2.5000000000000004 44585.000000000007 0.79327172318058481 37772.000000000007 37740.000000000007 0.36710579925816439 24647.785000000003 39497.500000000007 0.58553627640400263 16.500000000000004 27195.000000000004 37547.900000000009 41855.000000000007 29865.400000000005 38033.350000000013 42412.500000000007 11382.125 31818.275000000005
decision_type=2 2 2 2 2 2 2 2 2 2 2 2 2 2 2 2 2 2 2 2 2 2 2 2 2 2 2 2 2
left_child=1 15 10 4 5 -4 12 -8 11 -6 25 17 -5 18 -15 16 27 -3 -10 23 -13 -18 28 -17 -21 -2 -24 -1 -12
right_child=2 8 3 6 9 -7 7 -9 13 -11 22 20 -14 14 -16 19 21 -19 -20 24 -22 -23 26 -25 -26 -27 -28 -29 -30
leaf_value=-7.9287946017283319 12.685673522949219 -6.1497863137444782 24.449444055557251 15.316486883163449 22.187824122111003 4.015906835013423 29.700363477071125 17.655387785123743 1.2191589574212012 0.58436807259436585 -1.4168968439102161 -1.8879884580771131 5.0529349620525643 6.1878365475270485 1.0501339759824433 -8.0663512804846125 -7.5002109527587892 -2.0513549276760648 -0.66419345204723867 -0.64617751439412441 -0.21729274423076556 -1.9863749769628047 2.4958810488382972 -7.0849030504323016 -6.2461101849873844 8.650225130716958 0.93451523253550894 -6.3770794808864597 -0.27016765645572116
leaf_weight=53 3.9999999999999991 43 26 8 2.9999999999999991 29 24 23 103 62 4.0000000000000027 60 13 36 184 127 2.9999999999999991 28 171 2.9999999999999991 65 50 15.000000000000002 99 3 3 12.999999999999998 7.9999999999999991 13.999999999999998
leaf_count=53 4 43 26 8 3 29 24 23 103 62 4 60 13 36 184 127 3 28 171 3 65 50 15 99 3 3 13 8 14
internal_value=-0.0642098 -2.27883 9.45591 11.5002 7.12451 13.6754 19.2221 23.806 -0.0308682 1.58145 2.20435 -2.29226 8.96286 0.866362 1.89085 -6.76177 -5.2023 -4.5335 0.0437821 -7.52806 -1.01923 -2.29848 0.872543 -7.63642 -3.44614 10.9562 1.77096 -7.72529 -0.524996
internal_weight=1277 1036 241 188 120 55 68 47 690 65 53 196 21 494 220 346 114 71 274 232 125 53 46 226 6 7 28 61 18
internal_count=1277 1036 241 188 120 55 68 47 690 65 53 196 21 494 220 346 114 71 274 232 125 53 46 226 6 7 28 61 18
is_linear=0
shrinkage=0.05


Tree=12
num_leaves=31
num_cat=0
split_feature=2 1 4 2 4 1 4 0 7 4 3 3 4 2 7 0 7 4 2 4 4 1 4 1 0 4 6 6 2 1
split_gain=9.90049e+06 3.25932e+06 1.46827e+06 1.89596e+06 1.61326e+06 719447 448710 369925 563817 283270 261408 250003 307884 109941 91463.2 82007.6 80499.7 67148.3 63656.1 60520.7 244063 78631.1 32838.8 90602.1 31422.5 12808 9626.3 6276.29 5879.7 4575.87
threshold=6246.2900000000009 20408.820000000003 42910.000000000007 4698.1400000000012 48055.000000000007 40582.81500000001 36372.500000000007 39971.650000000001 5.5000000000000009 36090.000000000007 0.67664133737944343 0.46223377729250298 37740.000000000007 15786.515000000001 1.0000000180025095e-35 36749.400000000009 1.5000000000000002 43767.500000000007 11564.695000000002 36372.500000000007 36090.000000000007 27317.550000000007 36662.500000000007 12223.345000000003 37205.700000000004 42195.000000000007 65.500000000000014 71.500000000000014 16277.655000000002 40830.905000000006
decision_type=2 2 2 2 2 2 2 2 2 2 2 2 2 2 2 2 2 2 2 2 2 2 2 2 2 2 2 2 2 2
left_child=2 11 6 4 5 -4 9 8 -5 -1 13 22 26 18 -9 -11 -14 -15 -3 20 -12 -21 23 -2 27 -26 -13 -8 -24 -6
right_child=1 10 3 7 29 -7 24 14 -10 15 19 12 16 17 -16 -17 -18 -19 -20 21 -22 -23 28 -25 25 -27 -28 -29 -30 -31
leaf_value=2.3996755838394161 -7.3122001559646037 -7.7340398311614997 14.699405991511291 4.9286975328127536 -0.54101045496761768 25.692013147142202 -2.1532296998160216 7.4214352130889898 23.064117028315863 21.939122517903641 0.88014880570710885 -2.8070329427719116 -3.938871179746859 -0.70279000997543339 1.6928520304185373 12.058431243896484 -6.9276767593874062 -8.3679539108276373 -1.3301976139270344 -1.2808888831778484 11.541134707132976 0.61264473784504325 -5.3192117214202881 -3.3726818275451667 2.1885675191879272 0.44029671490192418 -0.64800898545497176 -0.38879189557499361 -7.5529043837291443 1.2211067440254348
leaf_weight=8 54 3.9999999999999991 86 15.000000000000002 5.0000000000000027 18 7.0000000000000027 7.9999999999999991 5.9999999999999991 3 51 5.9999999999999991 33 3.9999999999999991 54 7 71 9.9999999999999982 130 68 5.9999999999999991 283 2.9999999999999991 20 22 20 37 18 164 13.999999999999998
leaf_count=8 54 4 86 15 5 18 7 8 6 3 51 6 33 4 54 7 71 10 130 68 6 283 3 20 22 20 37 18 164 14
internal_value=-0.130485 -2.61605 7.93266 10.2141 14.1544 16.602 2.40362 4.37471 10.1102 9.41243 -0.161763 -6.13302 -4.50793 -1.96184 2.43202 15.0226 -5.97931 -6.17791 -1.52136 0.491207 2.00236 0.245806 -7.12426 -6.24747 0.52065 1.35606 -0.949268 -0.882834 -7.51278 0.757392
internal_weight=1235 944 291 206 123 104 85 83 21 18 556 388 147 148 62 10 104 14 134 408 57 351 241 74 67 42 43 25 167 19
internal_count=1235 944 291 206 123 104 85 83 21 18 556 388 147 148 62 10 104 14 134 408 57 351 241 74 67 42 43 25 167 19
is_linear=0
shrinkage=0.05


Tree=13
num_leaves=30
num_cat=0
split_feature=3 3 4 4 4 7 4 7 7 3 4 8 2 8 4 4 8 6 2 3 0 0 0 2 4 0 4 0 0
split_gain=9.91183e+06 3.37907e+06 1.37448e+06 2.35738e+06 1.39672e+06 1.09763e+06 1.83498e+06 991428 878142 393784 256675 190995 277860 157073 162490 138595 130677 171884 91277.3 55020.5 24043.7 23506.8 16867.1 13658.9 27788 7964.75 7025.69 1085.82 796.977
threshold=0.86411103746982243 0.56372184029962036 42910.000000000007 45602.500000000007 44735.000000000007 2.5000000000000004 47845.000000000007 5.5000000000000009 3.5000000000000004 0.6888197181594109 36662.500000000007 2.5000000000000004 19884.485000000004 2.5000000000000004 39052.500000000007 36662.500000000007 2.5000000000000004 65.500000000000014 4698.1400000000012 0.76766800306084393 41062.80000000001 35798.100000000006 37547.900000000009 14482.345000000003 39905.000000000007 33210.30000000001 42412.500000000007 33852.05000000001 37816.500000000007
decision_type=2 2 2 2 2 2 2 2 2 2 2 2 2 2 2 2 2 2 2 2 2 2 2 2 2 2 2 2 2
left_child=1 11 10 4 8 6 -5 -6 -4 13 28 23 15 14 -3 -13 19 -18 -7 -11 -15 -14 27 24 -1 -25 -24 -12 -2
right_child=2 9 3 5 7 18 -8 -9 -10 16 22 12 21 20 -16 -17 17 -19 -20 -21 -22 -23 26 25 -26 -27 -28 -29 -30
leaf_value=-1.3337771415710447 10.41436716715495 -8.8496170043945312 19.029859047465855 22.166476743871517 30.575518798828128 -2.864470951373761 3.1549984753628575 15.287456178665161 4.1384819657965144 -1.0778056179043614 -1.422457758585612 -1.1776393027305605 -6.9410949110043676 -0.79235918557500107 -2.5456879252972815 -4.7993881758834638 5.8777581239965828 1.2462826077759799 2.0419679529326302 0.58582163863474812 2.4550191481908161 -3.4237118649482725 2.2627925668443947 -6.992735946645924 -7.4206992340087883 -7.7348838227135808 0.70537990252176919 -0.36715773206490737 11.492447662353513
leaf_weight=3 2.9999999999999991 11.999999999999998 18 22 24 12.999999999999998 30 19 22 79 2.9999999999999991 50 95 114 69 56 22 224 35 134 5.9999999999999991 4.9999999999999991 14.000000000000002 102 5 56 14.999999999999998 12.999999999999998 4
leaf_count=3 3 12 18 22 24 13 30 19 22 79 3 50 95 114 69 56 22 224 35 134 6 5 14 102 5 56 15 13 4
internal_value=0.0296217 -2.08072 9.29716 11.3355 17.5646 6.16543 11.1983 23.8203 10.8396 0.0672496 2.1237 -5.89163 -4.87461 -1.77834 -3.4796 -3.09102 0.87545 1.66048 0.713141 -0.0312044 -0.62999 -6.76523 0.738208 -7.15372 -5.1381 -7.25578 1.45723 -0.565026 11.0304
internal_weight=1267 1032 235 183 83 100 52 43 40 660 52 372 206 201 81 106 459 246 48 213 120 100 45 166 8 158 29 16 7
internal_count=1267 1032 235 183 83 100 52 43 40 660 52 372 206 201 81 106 459 246 48 213 120 100 45 166 8 158 29 16 7
is_linear=0
shrinkage=0.05


Tree=14
num_leaves=31
num_cat=0
split_feature=2 1 4 2 4 7 4 3 1 4 0 8 7 8 4 0 3 4 1 8 7 8 2 5 4 2 7 4 0 3
split_gain=8.89957e+06 2.62228e+06 1.30151e+06 1.76432e+06 1.23984e+06 610966 376147 222658 217095 369194 198456 195358 257209 172314 85178.9 73973.1 71737.7 109333 58137.7 54177.7 45315.3 34058.6 24803.5 10318 6594.44 4870.82 4451.84 14983.8 1753.54 634.315
threshold=6246.2900000000009 20408.820000000003 42910.000000000007 4698.1400000000012 48055.000000000007 5.5000000000000009 36372.500000000007 0.66496799282607733 12387.060000000001 36662.500000000007 37452.700000000004 2.5000000000000004 5.5000000000000009 2.5000000000000004 39295.000000000007 38099.55000000001 0.75801636461108013 36372.500000000007 37114.970000000008 2.5000000000000004 3.5000000000000004 2.5000000000000004 19884.485000000004 17.500000000000004 39497.500000000007 4771.4050000000016 3.5000000000000004 34325.000000000007 44472.850000000013 0.36039930606048309
decision_type=2 2 2 2 2 2 2 2 2 2 2 2 2 2 2 2 2 2 2 2 2 2 2 2 2 2 2 2 2 2
left_child=2 8 6 4 5 -4 10 13 26 22 -1 18 -13 14 -3 -12 19 -18 -5 -9 -11 25 -10 -23 -15 -8 27 -2 -6 -28
right_child=1 7 3 11 28 -7 21 16 9 20 15 12 -14 24 -16 -17 17 -19 -20 -21 -22 23 -24 -25 -26 -27 29 -29 -30 -31
leaf_value=20.779851786295573 -5.0612313461303717 -8.8865932464599613 17.100282029858953 -0.15239745775858562 0.0080548271536827042 8.7201908210228236 -0.50012610469545626 -1.20442145370889 -0.73340227692215532 -4.9761151067912586 10.327602386474611 4.9104115986824031 16.438264147440592 0.11581169366836548 -3.287436965405941 2.4762169202168778 5.4871541830209587 0.76263811974411055 3.3121234468511633 0.42591709149622825 -6.6937337078154089 -0.95463101863861088 -3.7165867447853089 1.7259987266574588 -0.81508935036567542 -2.1154805024464927 -6.967484581776155 -6.7923437093098959 1.0254411485460071 -7.4643463134765629
leaf_weight=2.9999999999999991 14.999999999999998 7.9999999999999991 87 18 8.0000000000000018 29 21.000000000000004 87 54 96 5.9999999999999982 25.000000000000004 5.9999999999999991 30 45 6 12.999999999999998 211 37 123 64 3.9999999999999991 7.9999999999999991 35 52 5.9999999999999991 78 75 8.9999999999999982 6.9999999999999991
leaf_count=3 15 8 87 18 8 29 21 87 54 96 6 25 6 30 45 6 13 211 37 123 64 4 8 35 52 6 78 75 9 7
internal_value=0.0229631 -2.31324 7.54552 9.5484 13.1572 15.0053 2.13035 -0.137232 -5.43199 -4.39388 9.2775 3.96739 7.14161 -1.91065 -4.13259 6.40191 0.414407 1.03683 2.17828 -0.249509 -5.66316 0.505998 -1.11833 1.45106 -0.474516 -0.859094 -6.74891 -6.50382 0.546671 -7.0084
internal_weight=1266 966 300 219 133 116 81 569 397 222 15 86 31 135 53 12 434 224 55 210 160 66 62 39 82 27 175 90 17 85
internal_count=1266 966 300 219 133 116 81 569 397 222 15 86 31 135 53 12 434 224 55 210 160 66 62 39 82 27 175 90 17 85
is_linear=0
shrinkage=0.05


Tree=15
num_leaves=31
num_cat=0
split_feature=2 1 3 4 4 7 8 4 4 3 8 1 4 7 3 7 4 0 4 0 3 2 6 1 0 3 3 4 1 0
split_gain=7.49963e+06 2.34365e+06 1.2134e+06 1.23552e+06 1.47217e+06 975820 369274 508769 644642 297291 153866 139219 219850 138073 108325 79154.4 66137.3 178785 57069.9 261100 50430.2 38679.5 33759.2 17912 11042.1 4223.64 3337.21 19763 2995.75 2980.58
threshold=6246.2900000000009 19292.385000000006 0.89793050820045328 42910.000000000007 47845.000000000007 5.5000000000000009 2.5000000000000004 44735.000000000007 44810.000000000007 0.69073889565257951 2.5000000000000004 12387.060000000001 36662.500000000007 2.5000000000000004 0.62412087380024583 1.5000000000000002 44065.000000000007 39628.500000000007 36372.500000000007 34775.100000000006 0.76766800306084393 11273.960000000001 67.500000000000014 14066.210000000001 38353.250000000007 0.84465595597414123 0.36710579925816439 37740.000000000007 37858.74500000001 35698.80000000001
decision_type=2 2 2 2 2 2 2 2 2 2 2 2 2 2 2 2 2 2 2 2 2 2 2 2 2 2 2 2 2 2
left_child=2 11 6 24 5 -5 16 13 -9 10 14 26 23 -8 -3 -6 25 -18 19 -11 -20 -14 -12 -13 -4 -1 29 -28 -26 -2
right_child=1 9 3 4 15 -7 7 8 -10 18 22 12 21 -15 -16 -17 17 -19 20 -21 -22 -23 -24 -25 28 -27 27 -29 -30 -31
leaf_value=-2.0648799896240222 -6.5319472588990868 -6.3047781436339676 -0.39378163367509827 19.990284729003907 0.49002654353777564 8.0765346145629877 6.3131812108323935 25.830524989536833 4.3722300563539775 11.090189797537668 -1.6721403224048794 -2.9720984125137329 0.11702586809794109 1.7721947248165426 -2.2956501220426864 7.1213670730590826 10.703020163377126 1.6214316768305643 -0.49622605650101681 0.76684347561427524 0.79782541539842411 -5.626523770112545 -0.084062634924934668 -0.88827637434005746 1.5470849906696991 -0.38685799481968086 -2.0903147300084433 -6.6275477568308521 3.2608562469482423 -4.9404587189356484
leaf_weight=5.0000000000000027 152 23 8.0000000000000018 55 18.000000000000004 25 47 6.9999999999999982 7 6.9999999999999991 54 14.999999999999998 2.9999999999999991 26 63 5.9999999999999991 5.9999999999999991 56 118 49 208 128 88 33 17.000000000000004 14.999999999999998 2.9999999999999991 11.999999999999998 2.9999999999999991 2.9999999999999991
leaf_count=5 152 23 8 55 18 25 47 7 7 7 54 15 3 26 63 6 6 56 118 49 208 128 88 33 17 15 3 12 3 3
internal_value=0.021445 -2.13967 6.90687 10.4989 13.0089 16.2672 4.10122 6.3703 15.1014 -0.270048 -1.69881 -5.4075 -4.43429 4.69584 -3.36786 2.14786 1.69379 2.5003 0.582722 2.05726 0.329426 -5.49499 -0.68798 -1.53947 1.17617 -0.806363 -6.43223 -5.7201 1.80415 -6.50114
internal_weight=1260 959 301 132 104 80 169 87 14 610 228 349 179 73 86 24 82 62 382 56 326 131 142 48 28 20 170 15 20 155
internal_count=1260 959 301 132 104 80 169 87 14 610 228 349 179 73 86 24 82 62 382 56 326 131 142 48 28 20 170 15 20 155
is_linear=0
shrinkage=0.05


Tree=16
num_leaves=31
num_cat=0
split_feature=2 3 4 8 7 4 7 3 0 3 8 7 4 2 6 7 4 8 4 0 0 7 6 4 3 0 4 3 6 3
split_gain=7.23392e+06 2.48199e+06 1.22837e+06 1.38616e+06 1.74002e+06 1.68461e+06 994334 1.18539e+06 482037 305331 287790 276412 182078 174146 115156 464376 86752.6 75972.3 174942 75075.8 69823 60613.4 52243.8 45412.3 80411.6 15711.7 6298.49 4622.21 2874.64 2688.33
threshold=5478.4950000000008 0.62579842715260914 42910.000000000007 2.5000000000000004 2.5000000000000004 47845.000000000007 4.5000000000000009 0.96967843581206392 40414.700000000004 0.46842849335882702 2.5000000000000004 3.5000000000000004 36662.500000000007 6664.630000000001 65.500000000000014 5.5000000000000009 36372.500000000007 2.5000000000000004 39052.500000000007 32409.100000000002 38571.650000000009 4.5000000000000009 61.500000000000007 36662.500000000007 0.30865499965935006 37547.900000000009 42412.500000000007 0.88838243808600603 71.500000000000014 0.4348753624298673
decision_type=2 2 2 2 2 2 2 2 2 2 2 2 2 2 2 2 2 2 2 2 2 2 2 2 2 2 2 2 2 2
left_child=2 9 12 4 5 -4 11 -8 -6 23 21 -5 20 14 15 -3 -16 18 -15 -12 27 -11 -19 24 -2 28 -27 -1 -14 -25
right_child=1 13 3 6 8 -7 7 -9 -10 10 19 -13 25 17 16 -17 -18 22 -20 -21 -22 -23 -24 29 -26 26 -28 -29 -30 -31
leaf_value=11.583505439758305 -6.1128655392190687 0.33785416058131634 20.769529724319778 12.869489121437073 19.496386279662453 3.5542153694011547 24.01377607233384 -4.7616876602172855 -1.1385228867530823 -4.7120882560649227 -5.447643574078878 2.8307994405428563 -1.6314076026280713 -4.7965457014415582 7.5272428830464682 23.850172424316401 1.2963154020316807 6.2862637996673589 -0.2032832688518933 -1.2915776649765347 1.3536466757456458 -7.8776482200622553 0.52213307811241405 -6.1454431728577958 -2.8490716843662085 1.8529630439622058 0.32457231649985685 8.9872164408365869 -0.33646729588508606 -6.6897309056034802
leaf_weight=3.9999999999999982 46 6.9999999999999982 30 15.999999999999998 2.9999999999999991 27 34 3.9999999999999991 50 62 11.999999999999998 12.000000000000002 6.0000000000000027 23 5.9999999999999991 3 81 3.9999999999999991 210 115 3 20 228 142 32 14.000000000000002 12.999999999999998 3 14.999999999999998 27
leaf_count=4 46 7 30 16 3 27 34 4 50 62 12 12 6 23 6 3 81 4 210 115 3 20 228 142 32 14 13 3 15 27
internal_value=-0.018677 -1.84085 7.90854 9.98816 6.55102 12.6149 15.7167 20.9848 0.0294908 -4.58167 -3.17515 8.56719 1.59797 0.383028 2.31011 7.39155 1.72603 -0.0189648 -0.656695 -1.68428 7.73566 -5.48418 0.621515 -5.77181 -4.77387 0.319281 1.11707 10.4708 -0.70645 -6.2324
internal_weight=1252 1018 234 176 110 57 66 38 53 456 209 28 58 562 97 10 87 465 233 127 10 82 232 247 78 48 27 7 21 169
internal_count=1252 1018 234 176 110 57 66 38 53 456 209 28 58 562 97 10 87 465 233 127 10 82 232 247 78 48 27 7 21 169
is_linear=0
shrinkage=0.05


Tree=17
num_leaves=29
num_cat=0
split_feature=2 1 4 4 7 4 0 4 4 4 3 4 0 8 4 2 2 4 1 0 4 4 1 1 8 4 3 4
split_gain=6.14662e+06 1.84188e+06 922398 1.29123e+06 930773 1.11305e+06 759679 710598 810437 285299 232399 202380 192145 119247 114165 207359 102343 79694.2 74812.6 66837.2 64447.2 203466 55623.5 41333.7 55178.8 23686.7 16451.7 5633.99
threshold=6246.2900000000009 19292.385000000006 44395.000000000007 45602.500000000007 2.5000000000000004 47845.000000000007 41523.600000000006 44735.000000000007 44810.000000000007 36372.500000000007 0.65950069026994596 36090.000000000007 39694.05000000001 2.5000000000000004 36662.500000000007 20022.105000000003 4698.1400000000012 42277.500000000007 37263.930000000008 35798.100000000006 36372.500000000007 36090.000000000007 27317.550000000007 17636.370000000003 2.5000000000000004 39497.500000000007 0.55945472477257108 27195.000000000004
decision_type=2 2 2 2 2 2 2 2 2 2 2 2 2 2 2 2 2 2 2 2 2 2 2 2 2 2 2 2
left_child=2 14 6 7 5 -5 9 12 -9 11 13 -1 -4 17 15 27 -6 -3 -11 -17 21 -12 -22 26 -25 -15 -16 -2
right_child=1 10 3 4 16 -7 -8 8 -10 18 20 -13 -14 25 23 19 -18 -19 -20 -21 22 -23 -24 24 -26 -27 -28 -29
leaf_value=1.5141809076070782 -2.7692301869392395 -7.3820953369140625 -0.72537037602492704 17.435375427246097 -3.510224767831656 3.4486755959915394 21.884386291503908 27.112437983921598 12.988695615046735 1.3347510872868931 0.74165990198812182 11.96594210537997 9.306945791244507 0.015796789722073646 -5.7375152455950245 -5.8879573685782303 1.5811179204684933 -2.7852454864843326 -3.2372851276397707 0.1454852819442749 -1.0270887244409985 9.2143957614898682 0.39464515054164684 -5.2080579423904423 -0.6592064595222471 -1.5433371301355034 -2.4999256491661073 -0.80739422121713345
leaf_weight=8 3.9999999999999991 11.999999999999998 7.0000000000000027 25 12.999999999999998 33 4.9999999999999991 13.999999999999998 37 85 62 11 14.999999999999998 42 206 56 41 44 9.9999999999999982 4.9999999999999991 90 7.9999999999999991 292 20 10.000000000000002 58 3.9999999999999991 43
leaf_count=8 4 12 7 25 13 33 5 14 37 85 62 11 15 42 206 56 41 44 10 5 90 8 292 20 10 58 4 43
internal_value=0.0498763 -1.91942 6.24279 8.45171 5.07932 9.47743 2.80875 13.6258 16.8658 1.9721 -0.259029 7.5652 6.11485 -1.92299 -4.82033 -3.47031 0.355424 -3.77028 0.853484 -5.39341 0.315258 1.70997 0.0596817 -5.42784 -3.69177 -0.888501 -5.67585 -0.974359
internal_weight=1260 956 304 185 112 58 119 73 51 114 608 19 22 156 348 108 54 56 95 61 452 70 382 240 30 100 210 47
internal_count=1260 956 304 185 112 58 119 73 51 114 608 19 22 156 348 108 54 56 95 61 452 70 382 240 30 100 210 47
is_linear=0
shrinkage=0.05


Tree=18
num_leaves=30
num_cat=0
split_feature=2 3 4 4 4 2 4 1 2 8 6 4 4 4 4 4 4 0 9 4 2 0 2 1 1 0 6 2 0
split_gain=5.95549e+06 2.22744e+06 1.34133e+06 1.16123e+06 473296 950455 920633 306938 255957 249459 207488 239807 208919 144183 54322.2 83307.6 69674.2 50534.6 49890.9 28161.5 72156.4 11047.6 6935.7 5576.3 3379.94 1115.14 382.924 144.89 10.4405
threshold=4698.1400000000012 0.62579842715260914 42910.000000000007 48055.000000000007 44735.000000000007 3608.7950000000005 44810.000000000007 15903.629999999999 7345.9350000000004 2.5000000000000004 66.500000000000014 44735.000000000007 36372.500000000007 36662.500000000007 36372.500000000007 39052.500000000007 36090.000000000007 32019.900000000005 1.0000000180025095e-35 36662.500000000007 20022.105000000003 38236.000000000007 17479.760000000002 37858.74500000001 40830.905000000006 33852.05000000001 73.500000000000014 2865.7150000000006 37903.650000000009
decision_type=2 2 2 2 2 2 2 2 2 2 2 2 2 2 2 2 2 2 2 2 2 2 2 2 2 2 2 2 2
left_child=2 7 13 4 5 -4 -6 19 10 18 11 -3 -12 28 16 -16 -10 -11 -9 20 -2 25 -21 -23 27 -15 -26 -5 -1
right_child=1 8 3 24 6 -7 -8 9 14 17 12 -13 -14 21 15 -17 -18 -19 -20 22 -22 23 -24 -25 26 -27 -28 -29 -30
leaf_value=8.6768363952636722 -1.4799833210075604 -0.62725321905953513 -8.2403201511928028 -0.72141833305358805 28.662328269264915 12.516317749940434 13.038398479692866 -4.2126228122150193 0.63622721216130651 -7.6766479492187507 7.1403650204340625 10.85151763695937 0.99043822941081283 -1.2081390142440787 -2.8011404930585715 -0.15900925633608337 6.2789533615112312 -1.11164959029702 -7.3403249852797563 -4.690823430600374 -5.1166852173597919 0.87507891862288756 -5.6216688849709255 3.1670295715332033 0.80211284339427957 -0.26151604439531057 0.25637507653898667 -1.2128280003865557 8.8087486267089812
leaf_weight=2.9999999999999991 17 7.0000000000000027 6.9999999999999991 3.0000000000000027 10.999999999999998 26 66 51 62 2.9999999999999991 14.999999999999998 12.999999999999998 174 4.0000000000000027 33 311 5.9999999999999991 128 17 23 69 23.000000000000004 154 2.9999999999999991 4.9999999999999991 13.999999999999998 8.9999999999999982 3 3
leaf_count=3 17 7 7 3 11 26 66 51 62 3 15 13 174 4 33 311 6 128 17 23 69 23 154 3 5 14 9 3 3
internal_value=0.00968461 -1.39006 8.43149 11.1083 13.1233 8.11339 15.2704 -4.01902 0.565783 -2.53744 1.99101 6.83395 1.47853 1.47182 -0.157208 -0.41247 1.13411 -1.26199 -4.99455 -5.14006 -4.3978 0.480321 -5.50071 1.13953 0.02576 -0.471877 0.451281 -0.967123 8.74279
internal_weight=1263 1083 180 130 110 33 77 462 621 199 209 20 189 50 412 344 68 131 68 263 86 44 177 26 20 18 14 6 6
internal_count=1263 1083 180 130 110 33 77 462 621 199 209 20 189 50 412 344 68 131 68 263 86 44 177 26 20 18 14 6 6
is_linear=0
shrinkage=0.05


Tree=19
num_leaves=31
num_cat=0
split_feature=2 1 3 4 4 8 8 4 4 1 8 4 2 2 4 3 2 4 6 0 3 0 2 4 2 0 4 9 8 0
split_gain=5.44979e+06 1.6047e+06 799916 796136 1.33706e+06 1.08583e+06 244065 370581 404660 140076 141360 135370 221987 116371 103891 67400.1 118141 62563.3 65773.4 59238.7 50575.1 45406.1 39549.3 39234.8 11847.1 8486.88 7738.21 5468.87 2115.52 902.3
threshold=6246.2900000000009 20408.820000000003 0.89793050820045328 42910.000000000007 44065.000000000007 2.5000000000000004 2.5000000000000004 44735.000000000007 44810.000000000007 24257.710000000003 2.5000000000000004 37740.000000000007 20022.105000000003 3975.4350000000009 44395.000000000007 0.89321459612366294 4698.1400000000012 39497.500000000007 69.500000000000014 35798.100000000006 0.79715127839612332 34458.000000000007 10681.930000000002 42277.500000000007 17603.510000000006 38353.250000000007 39497.500000000007 1.0000000180025095e-35 3.5000000000000004 33852.05000000001
decision_type=2 2 2 2 2 2 2 2 2 2 2 2 2 2 2 2 2 2 2 2 2 2 2 2 2 2 2 2 2 2
left_child=2 11 6 25 13 -6 15 14 -9 10 21 12 24 -5 -8 16 -1 18 -11 -14 -19 -3 -13 -24 -2 29 -12 -17 -27 -4
right_child=1 9 3 4 5 -7 7 8 -10 17 26 22 19 -15 -16 27 -18 20 -20 -21 -22 -23 23 -25 -26 28 -28 -29 -30 -31
leaf_value=6.6109835114330053 -0.25927309677577937 -1.8762298583984376 -1.2103947003682445 40.470039876302081 5.0870265462568831 15.465926488240562 2.5640659114163693 21.328881617954803 4.3276197569710861 5.1890498423576359 0.20924804217510806 -0.0026364803314208986 -5.2448605453266817 26.543360773722323 6.8806204700469982 -2.952459825788226 1.1441024078854494 -0.52114479534620806 0.91466135498550205 0.39404526948928836 0.70473815606052714 -5.2376258982552422 -5.5302201857496254 -4.2838168060889954 -1.6900651483432108 1.142657193115779 -0.8575097301427056 -0.63487260937690726 2.446486854553223 -0.11355053424835203
leaf_weight=11.999999999999998 39 15.999999999999998 3.0000000000000018 2.9999999999999991 63 42 46 6.9999999999999982 7 9.9999999999999982 34 3.9999999999999991 68 3 20 6.9999999999999982 56 229 90 4.9999999999999991 133 27 152 108 23 14.000000000000002 34 4 3.9999999999999991 5
leaf_count=12 39 16 3 3 63 42 46 7 7 10 34 4 68 3 20 7 56 229 90 5 133 27 152 108 23 14 34 4 4 5
internal_value=-0.0345208 -1.84341 5.90549 8.70566 10.5504 9.23859 3.49277 5.43944 12.8283 -0.14813 -1.74303 -4.27799 -2.9901 33.5067 3.87211 1.52145 2.10885 0.235061 1.3421 -4.85863 -0.0707513 -3.98687 -4.93658 -5.01248 -0.790051 0.830162 -0.324131 -2.1097 1.4324 -0.524867
internal_weight=1268 972 296 137 111 105 159 80 14 573 111 399 135 6 66 79 68 462 100 73 362 43 264 260 62 26 68 11 18 8
internal_count=1268 972 296 137 111 105 159 80 14 573 111 399 135 6 66 79 68 462 100 73 362 43 264 260 62 26 68 11 18 8
is_linear=0
shrinkage=0.05


Tree=20
num_leaves=27
num_cat=0
split_feature=3 3 4 4 8 4 2 2 8 7 3 4 3 2 8 0 4 4 4 2 0 6 4 8 0 2
split_gain=4.6824e+06 2.1376e+06 785740 1.14629e+06 1.14888e+06 1.01496e+06 785837 429524 254584 227972 108531 133858 105455 105025 91178.1 71357.7 39733.4 37279.2 26584.9 77129.8 6228.77 6015.16 3154 2296.69 1751.56 286.728
threshold=0.89793050820045328 0.56738402752020378 42910.000000000007 44065.000000000007 2.5000000000000004 46555.000000000007 1271.4150000000002 6664.630000000001 2.5000000000000004 5.5000000000000009 0.46223377729250298 37740.000000000007 0.67923994134223731 3975.4350000000009 2.5000000000000004 43336.950000000004 40485.000000000007 39497.500000000007 36662.500000000007 20022.105000000003 38790.30000000001 65.500000000000014 42595.000000000007 3.5000000000000004 40590.400000000001 1919.6050000000002
decision_type=2 2 2 2 2 2 2 2 2 2 2 2 2 2 2 2 2 2 2 2 2 2 2 2 2 2
left_child=1 10 20 13 5 -5 -6 8 15 -10 18 21 14 -4 -9 -3 -13 -14 19 -1 25 -12 -20 24 -22 -2
right_child=2 7 3 4 6 -7 -8 12 9 -11 11 16 17 -15 -16 -17 -18 -19 22 -21 23 -23 -24 -25 -26 -27
leaf_value=-0.9590111487052021 -0.46003346443176246 -0.44629300818327933 38.446538289388023 -4.9437854978773332 -2.8382714080810549 9.1044303982787671 18.280809526185731 -2.5493933755708369 3.3665632187859114 11.280837979316713 -1.8857628296528544 -5.4727205340067551 1.070885221577353 25.216193580627433 -0.20910562966018917 2.431763589743412 -3.2781439597859525 -0.057413690825559707 -5.1784860325610547 -4.7478765295818448 0.25278135538101176 -0.27624055839636746 -4.6693577814102172 2.3825445556640625 1.53422010242939 0.10791805744171142
leaf_weight=17 4.0000000000000018 62 2.9999999999999991 18 4.9999999999999991 45 37 76 101 9.9999999999999982 6.9999999999999991 30 99 3 92 33 66 281 127 64 4.0000000000000027 34 40 4.9999999999999991 7.9999999999999991 5
leaf_count=17 4 62 3 18 5 45 37 76 101 10 7 30 99 3 92 33 66 281 127 64 4 34 40 5 8 5
internal_value=0.00968354 -1.04077 8.74303 10.5757 9.36105 5.09065 15.7666 0.507032 2.45344 4.07956 -4.07205 -2.94257 -0.224648 31.8314 -1.26781 0.553453 -3.96395 0.236538 -4.69601 -3.95268 0.919118 -0.551037 -5.05654 1.48221 1.10707 -0.144505
internal_weight=1276 1139 137 111 105 63 42 754 206 111 385 137 548 6 168 95 96 380 248 81 26 41 167 17 12 9
internal_count=1276 1139 137 111 105 63 42 754 206 111 385 137 548 6 168 95 96 380 248 81 26 41 167 17 12 9
is_linear=0
shrinkage=0.05


Tree=21
num_leaves=30
num_cat=0
split_feature=2 3 4 4 7 4 2 2 1 4 4 6 7 4 4 4 2 4 4 4 0 7 2 4 0 5 6 5 0
split_gain=4.73396e+06 1.67573e+06 1.03233e+06 863022 612694 2.89595e+06 834519 165827 165215 173986 122074 119033 387405 132724 55625.2 50286.5 123539 45716.1 85435.5 84236.7 11434.8 10754 7415.76 4295.63 3296.45 1079.4 772.341 112.83 9.42253
threshold=4698.1400000000012 0.62412087380024583 42910.000000000007 48055.000000000007 5.5000000000000009 44810.000000000007 1919.6050000000002 7345.9350000000004 17517.935000000005 45602.500000000007 36662.500000000007 66.500000000000014 5.5000000000000009 36372.500000000007 37740.000000000007 36662.500000000007 20022.105000000003 36372.500000000007 36090.000000000007 39052.500000000007 38236.000000000007 1.0000000180025095e-35 15326.525000000003 42412.500000000007 43530.200000000004 17.500000000000004 74.500000000000014 18.500000000000004 37903.650000000009
decision_type=2 2 2 2 2 2 2 2 2 2 2 2 2 2 2 2 2 2 2 2 2 2 2 2 2 2 2 2 2
left_child=2 8 10 4 6 -6 -4 11 15 14 28 12 -3 -13 -10 16 -2 18 -9 -19 26 -17 -11 -22 27 -26 -12 -5 -1
right_child=1 7 3 24 5 -7 -8 17 9 22 20 13 -14 -15 -16 21 -18 19 -20 -21 23 -23 -24 -25 25 -27 -28 -29 -30
leaf_value=7.9464631398518879 -0.70366890601092769 0.53237101078033433 27.838218688964844 -1.2032114346822089 25.552211830832732 -6.6846727471602598 11.758472847327209 0.45284286654386369 0.0034989524715476569 -4.4387596487998939 -0.85415383444892012 5.8695864064352854 14.777589362008232 0.8134266797411307 -2.2257423584525653 -3.6457337141036987 -4.5492631997913122 -2.9442763686180116 6.2850052697317942 -0.12931246940726004 1.6901209865297586 -4.8168070522861353 -6.4551075182463 0.3697580868547613 0.83668869336446139 -0.25845108429590863 -0.21569919347763064 -1.6368584632873533 8.0717796325683562
leaf_weight=2.9999999999999991 31 15.000000000000002 8.9999999999999982 3.0000000000000027 11.000000000000002 19 78 61 45 6.0000000000000027 9.0000000000000018 13.999999999999998 6.9999999999999991 178 74 22 64 29 6.9999999999999991 318 14.000000000000002 180 19 10.999999999999998 2.9999999999999991 8.9999999999999982 9.9999999999999982 3 3
leaf_count=3 31 15 9 3 11 19 78 61 45 6 9 14 7 178 74 22 64 29 7 318 14 180 19 11 3 9 10 3 3
internal_value=0.0708003 -1.20609 7.45607 9.72914 11.2972 5.13552 13.4219 0.450725 -3.56922 -2.17935 1.31879 1.58127 5.06494 1.1821 -1.38275 -4.24309 -3.29439 -0.132258 1.05321 -0.364569 0.406469 -4.68926 -5.97118 1.10916 -0.463122 0.0153339 -0.518125 -1.42003 8.00912
internal_weight=1255 1070 185 135 117 30 87 629 441 144 50 214 22 192 119 297 95 415 68 347 44 202 25 25 18 12 19 6 6
internal_count=1255 1070 185 135 117 30 87 629 441 144 50 214 22 192 119 297 95 415 68 347 44 202 25 25 18 12 19 6 6
is_linear=0
shrinkage=0.05


Tree=22
num_leaves=29
num_cat=0
split_feature=2 3 4 4 7 4 4 1 8 2 4 4 6 7 2 4 4 1 7 7 8 4 1 2 4 1 2 1
split_gain=4.09144e+06 1.48055e+06 873085 960260 468644 2.22526e+06 950970 176155 158792 157579 119968 103182 99007.5 241692 71443.1 53001.7 37736.7 94808.2 37070.3 31989.4 30412.9 25220.4 10261 10099.3 5075.5 2629.19 776.424 40.7916
threshold=4698.1400000000012 0.62579842715260914 42910.000000000007 47845.000000000007 5.5000000000000009 44810.000000000007 44810.000000000007 17636.370000000003 2.5000000000000004 7566.1800000000012 48055.000000000007 36662.500000000007 67.500000000000014 5.5000000000000009 2766.7150000000006 30732.500000000004 36662.500000000007 12223.345000000003 4.5000000000000009 1.0000000180025095e-35 2.5000000000000004 39497.500000000007 33956.830000000009 17603.510000000006 42412.500000000007 40830.905000000006 2230.3250000000003 26184.765000000007
decision_type=2 2 2 2 2 2 2 2 2 2 2 2 2 2 2 2 2 2 2 2 2 2 2 2 2 2 2 2
left_child=2 7 11 4 6 -6 -4 16 18 12 14 -1 13 -3 -5 27 17 -2 -9 -14 -17 -10 26 -18 -24 -12 -13 -11
right_child=1 9 3 10 5 -7 -8 8 21 15 25 22 19 -15 -16 20 23 -19 -20 -21 -22 -23 24 -25 -26 -27 -28 -29
leaf_value=7.9445506286621104 -4.4178091414769494 0.99978159352352758 6.7220947880898754 11.211185455322269 25.414635043674039 -5.6630581855773929 18.155531423742122 -3.3678270159096559 -0.030278243679626317 3.9423487345377604 -1.4071393013000479 -0.075972778797149615 2.4100929611069817 10.94656223720974 2.8345895494733533 -0.7461102426663424 -3.8105159706082841 -1.1996881462029509 -6.4295433807373046 0.75341699632933778 0.1451455325403429 -1.6105665089488028 1.678884585946798 -4.5806557148694997 0.28170306040690496 -0.17982237562537196 -0.81757032871246338 4.186249923706054
leaf_weight=4.9999999999999991 60 19 31 3.9999999999999982 9.0000000000000018 15.999999999999998 44 29 51 2.9999999999999991 6.0000000000000027 5.0000000000000027 35 9.0000000000000018 7 195 58 37 14.999999999999998 174 188 50 13.000000000000002 160 12.999999999999998 15.999999999999998 11.999999999999998 4
leaf_count=5 60 19 31 4 9 16 44 29 51 3 6 5 35 9 7 195 58 37 15 174 188 50 13 160 13 16 12 4
internal_value=-0.0335065 -1.19248 6.92673 9.01292 11.4535 5.52491 13.4297 -3.34686 -1.90471 0.388087 1.61718 1.14624 1.40491 4.19696 5.88062 -0.229826 -4.0107 -3.19028 -4.41159 1.03085 -0.308627 -0.812599 0.355743 -4.37576 0.980294 -0.514545 -0.599453 4.08172
internal_weight=1268 1087 181 133 100 25 75 460 145 627 33 48 237 28 11 390 315 97 44 209 383 101 43 218 26 22 17 7
internal_count=1268 1087 181 133 100 25 75 460 145 627 33 48 237 28 11 390 315 97 44 209 383 101 43 218 26 22 17 7
is_linear=0
shrinkage=0.05


end of trees

feature_importances:
thermal_on_capacity=186
renewable_power=89
thermal_space_load_ratio=87
total_load=83
weekday=63
net_load=62
month=59
period=31
hour=5
is_weekend=2

parameters:
[boosting: gbdt]
[objective: regression]
[metric: rmse]
[tree_learner: serial]
[device_type: cpu]
[data_sample_strategy: bagging]
[data: ]
[valid: ]
[num_iterations: 400]
[learning_rate: 0.05]
[num_leaves: 31]
[num_threads: 0]
[seed: 42]
[deterministic: 0]
[force_col_wise: 0]
[force_row_wise: 0]
[histogram_pool_size: -1]
[max_depth: 5]
[min_data_in_leaf: 3]
[min_sum_hessian_in_leaf: 0.001]
[bagging_fraction: 0.85]
[pos_bagging_fraction: 1]
[neg_bagging_fraction: 1]
[bagging_freq: 1]
[bagging_seed: 400]
[bagging_by_query: 0]
[feature_fraction: 0.85]
[feature_fraction_bynode: 1]
[feature_fraction_seed: 30056]
[extra_trees: 0]
[extra_seed: 12879]
[early_stopping_round: 0]
[early_stopping_min_delta: 0]
[first_metric_only: 0]
[max_delta_step: 0]
[lambda_l1: 0]
[lambda_l2: 0]
[linear_lambda: 0]
[min_gain_to_split: 0]
[drop_rate: 0.1]
[max_drop: 50]
[skip_drop: 0.5]
[xgboost_dart_mode: 0]
[uniform_drop: 0]
[drop_seed: 17869]
[top_rate: 0.2]
[other_rate: 0.1]
[min_data_per_group: 100]
[max_cat_threshold: 32]
[cat_l2: 10]
[cat_smooth: 10]
[max_cat_to_onehot: 4]
[top_k: 20]
[monotone_constraints: ]
[monotone_constraints_method: basic]
[monotone_penalty: 0]
[feature_contri: ]
[forcedsplits_filename: ]
[refit_decay_rate: 0.9]
[cegb_tradeoff: 1]
[cegb_penalty_split: 0]
[cegb_penalty_feature_lazy: ]
[cegb_penalty_feature_coupled: ]
[path_smooth: 0]
[interaction_constraints: ]
[verbosity: -1]
[saved_feature_importance_type: 0]
[use_quantized_grad: 0]
[num_grad_quant_bins: 4]
[quant_train_renew_leaf: 0]
[stochastic_rounding: 1]
[linear_tree: 0]
[max_bin: 255]
[max_bin_by_feature: ]
[min_data_in_bin: 3]
[bin_construct_sample_cnt: 200000]
[data_random_seed: 175]
[is_enable_sparse: 1]
[enable_bundle: 1]
[use_missing: 1]
[zero_as_missing: 0]
[feature_pre_filter: 1]
[pre_partition: 0]
[two_round: 0]
[header: 0]
[label_column: ]
[weight_column: ]
[group_column: ]
[ignore_column: ]
[categorical_feature: ]
[forcedbins_filename: ]
[precise_float_parser: 0]
[parser_config_file: ]
[objective_seed: 16083]
[num_class: 1]
[is_unbalance: 0]
[scale_pos_weight: 1]
[sigmoid: 1]
[boost_from_average: 1]
[reg_sqrt: 0]
[alpha: 0.9]
[fair_c: 1]
[poisson_max_delta_step: 0.7]
[tweedie_variance_power: 1.5]
[lambdarank_truncation_level: 30]
[lambdarank_norm: 1]
[label_gain: ]
[lambdarank_position_bias_regularization: 0]
[eval_at: ]
[multi_error_top_k: 1]
[auc_mu_weights: ]
[num_machines: 1]
[local_listen_port: 12400]
[time_out: 120]
[machine_list_filename: ]
[machines: ]
[gpu_platform_id: -1]
[gpu_device_id: -1]
[gpu_use_dp: 0]
[num_gpu: 1]

end of parameters

pandas_categorical:[]
