tree
version=v4
num_class=1
num_tree_per_iteration=1
label_index=0
max_feature_idx=10
objective=regression
feature_names=total_load net_load renewable_power thermal_space_load_ratio thermal_on_capacity hour period weekday month is_weekend is_holiday
feature_infos=[29193.099999999999:42544.199999999997] [11318.049999999999:40077.610000000001] [1223.46:18960.91] [0.37880501902718694:0.96996973557285182] [27170:46830] [20:23] [81:96] [0:6] [2:4] [0:1] none
tree_sizes=1601 1520 2047 2132 2103 2074 2193 2087 2124 2219

Tree=0
num_leaves=17
num_cat=0
split_feature=2 2 4 1 4 4 0 2 8 7 0 5 1 1 7 2
split_gain=1.55026e+07 7.45033e+06 2.74207e+06 2.66645e+06 2.44092e+06 2.98184e+06 691190 660379 542922 199805 144600 237315 124174 18308.3 962.839 3.73333
threshold=1464.4850000000004 3826.1150000000002 36662.500000000007 17051.530000000002 44735.000000000007 44810.000000000007 37446.250000000007 8472.2700000000023 2.5000000000000004 1.0000000180025095e-35 36390.100000000013 22.500000000000004 31860.930000000004 16631.595000000005 3.5000000000000004 1264.3250000000003
decision_type=2 2 2 2 2 2 2 2 2 2 2 2 2 2 2 2
left_child=6 2 10 13 9 -6 -1 12 -9 -4 11 -2 -5 14 -3 -8
right_child=1 3 4 7 5 -7 15 8 -10 -11 -12 -13 -14 -15 -16 -17
leaf_value=347.54871786014218 357.16121786014219 297.72983299592192 309.80352492155765 312.12509113869987 349.9397892887136 318.77927612089155 372.16121786014219 306.77635587877432 310.91848209371216 316.93877963260786 338.47371786014219 340.8217181958355 314.46667776073468 301.44455100274064 297.19555115278541 372.09455119347547
leaf_weight=3.9999999999999991 4.9999999999999982 12.999999999999998 12.999999999999998 222 14.000000000000002 17 6.9999999999999982 119 236 40 3.9999999999999991 4 76 2.9999999999999991 24 3
leaf_count=4 5 13 13 222 14 17 7 119 236 40 4 4 76 3 24 3
internal_value=312.96 312.036 325.014 310.219 321.707 332.852 365.115 310.987 309.53 315.189 346.384 349.899 312.722 297.688 297.383 372.141
internal_weight=804 790 97 693 84 31 14 653 355 53 13 9 298 40 37 10
internal_count=804 790 97 693 84 31 14 653 355 53 13 9 298 40 37 10
is_linear=0
shrinkage=1


Tree=1
num_leaves=16
num_cat=0
split_feature=2 3 3 3 3 8 7 2 2 8 7 1 0 2 7
split_gain=1.33198e+07 6.37503e+06 2.73546e+06 1.20999e+06 859265 552099 1.03302e+06 520562 414692 414541 322187 122361 39226.3 15668 1401.23
threshold=1354.1600000000001 0.90019454217110939 0.5457079115844945 0.91126697665713341 0.90343291285488192 3.5000000000000004 1.5000000000000002 8472.2700000000023 1464.4850000000004 2.5000000000000004 5.5000000000000009 31253.245000000006 38706.500000000007 14939.355000000001 3.5000000000000004
decision_type=2 2 2 2 2 2 2 2 2 2 2 2 2 2 2
left_child=12 2 13 4 -3 8 -7 11 -5 -9 -6 -4 -1 -2 -15
right_child=1 3 7 5 10 6 -8 9 -10 -11 -12 -13 -14 14 -16
leaf_value=49.687701416015628 -10.93251241048177 5.2424325776100122 -0.82004220989388488 23.905897776285808 14.520817120869964 4.9997275458441841 29.693176651000972 -5.4225521774979333 4.63168918132782 -1.7020145567085434 32.840513372421263 1.2213842511177064 56.391937255859375 -14.24679929293119 -14.874952806745256
leaf_weight=2.9999999999999991 2.9999999999999991 5.0000000000000027 213 2.9999999999999991 2.9999999999999973 9 8 111 40 230 12 112 7.9999999999999991 12.999999999999998 28
leaf_count=3 3 5 213 3 3 9 8 111 40 230 12 112 8 13 28
internal_value=-0.0776 -0.838426 -2.34612 12.5424 23.193 8.99214 16.6202 -1.54841 5.9764 -2.9131 29.1766 -0.116535 54.5635 -14.4206 -14.6758
internal_weight=801 790 710 80 20 60 17 666 43 341 15 325 11 44 41
internal_count=801 790 710 80 20 60 17 666 43 341 15 325 11 44 41
is_linear=0
shrinkage=0.05


Tree=2
num_leaves=22
num_cat=0
split_feature=3 2 3 4 4 4 2 8 4 0 0 7 1 4 7 4 2 7 6 2 0
split_gain=1.13378e+07 4.26908e+06 2.52793e+06 2.32037e+06 1.68847e+06 1.86617e+06 488658 324861 672632 158870 451859 135098 122016 124673 69168.2 34497.6 13947.3 1039.24 1298.19 33.0288 17.3419
threshold=0.90019454217110939 1354.1600000000001 0.5457079115844945 36662.500000000007 44735.000000000007 44810.000000000007 8472.2700000000023 2.5000000000000004 39295.000000000007 34081.200000000004 35663.30000000001 1.0000000180025095e-35 31860.930000000004 32370.000000000004 1.5000000000000002 43067.500000000007 14939.355000000001 3.5000000000000004 91.500000000000014 17086.255000000001 39996.450000000004
decision_type=2 2 2 2 2 2 2 2 2 2 2 2 2 2 2 2 2 2 2 2 2
left_child=2 20 16 9 11 -6 12 8 -8 -3 -11 -5 13 -4 -14 -9 -1 18 -18 -19 -2
right_child=1 3 6 4 5 -7 7 15 -10 10 -12 -13 14 -15 -16 -17 17 19 -20 -21 -22
leaf_value=-10.385886891682944 53.731374104817718 24.280511856079102 4.0824399801400997 -2.8061348915100099 33.88268966674805 9.1653477617672507 -13.566374086078845 -1.9058785519379879 -3.3038202639222143 48.782281494140641 26.235860290527341 4.4154942007625806 4.3507913827896116 -0.964742964735398 0.81685654386878026 0.37323216415113875 -13.243851623535157 -14.257663472493475 -14.174151611328126 -14.081696065266929 53.572344970703114
leaf_weight=2.9999999999999991 2.9999999999999991 3.9999999999999991 12.999999999999998 7.9999999999999991 11.999999999999998 21 19 214 100 3.9999999999999982 5 34 18 208 60 18 9.9999999999999982 3.0000000000000027 5.9999999999999991 24 4
leaf_count=3 3 4 13 8 12 21 19 214 100 4 5 34 18 208 60 18 10 3 6 24 4
internal_value=-0.143199 16.0595 -2.35478 13.0701 9.6899 18.1535 -1.55316 -2.81847 -4.94238 32.5716 36.2565 3.03995 -0.0677899 -0.66785 1.63238 -1.72905 -13.6821 -13.912 -13.5927 -14.1012 53.6405
internal_weight=791 95 696 88 75 33 650 351 119 13 9 42 299 221 78 232 46 43 16 27 7
internal_count=791 95 696 88 75 33 650 351 119 13 9 42 299 221 78 232 46 43 16 27 7
is_linear=0
shrinkage=0.05


Tree=3
num_leaves=23
num_cat=0
split_feature=3 2 3 3 4 2 2 7 4 4 1 0 4 3 0 2 6 2 7 0 6 0
split_gain=1.24823e+07 5.17834e+06 2.05968e+06 1.98197e+06 1.66917e+06 693240 538950 492176 270522 989933 155825 152496 106179 92815.4 35918.2 24366.3 15491.1 14136.1 1148.93 902.974 44.4286 8.50439
threshold=0.90343291285488192 1354.1600000000001 0.91126697665713341 0.5457079115844945 36662.500000000007 1464.4850000000004 8472.2700000000023 5.5000000000000009 37740.000000000007 39295.000000000007 32753.945000000003 34081.200000000004 38452.500000000007 0.89820911484001764 38289.650000000001 11750.400000000001 91.500000000000014 15218.300000000001 3.5000000000000004 30475.750000000004 82.500000000000014 39493.950000000004
decision_type=2 2 2 2 2 2 2 2 2 2 2 2 2 2 2 2 2 2 2 2 2 2
left_child=3 14 7 17 11 -6 10 -3 15 -10 12 -4 -5 -12 -2 -8 -9 -1 19 -19 -20 -16
right_child=1 2 4 6 5 -7 8 16 9 -11 13 -13 -14 -15 21 -17 -18 18 20 -21 -22 -23
leaf_value=-9.5974409739176441 44.516749064127609 13.81325130462646 22.428237915039066 1.4291640119552613 25.394002532958986 3.8075490735611823 -0.47374716612600515 33.327962917751734 -13.181601861807017 -2.7791339274064493 1.7028912282238406 35.031826019287102 -1.1357948186009696 10.714742501576742 50.998620605468737 -1.7979826504671121 29.85685180664062 -13.465443420410157 -13.205161794026678 -12.588186368075284 -13.411504669189453 50.892135009765617
leaf_weight=2.9999999999999991 2.9999999999999991 5.0000000000000009 5.9999999999999982 50 3.9999999999999991 53 62 8.9999999999999982 26 190 60 4 209 2.9999999999999991 3 79 5.0000000000000009 3.9999999999999991 3.0000000000000027 10.999999999999998 20 5
leaf_count=3 3 5 6 50 4 53 62 9 26 190 60 4 209 3 3 79 5 4 3 11 20 5
internal_value=0.0423951 16.8802 12.7485 -2.22603 8.62795 5.32239 -1.58141 27.2791 -2.91924 -4.03128 -0.0981528 27.4697 -0.640629 2.13203 49.1824 -1.21569 32.0883 -12.9017 -13.1626 -12.8221 -13.3846 50.9321
internal_weight=817 97 86 720 67 57 679 19 357 216 322 10 259 63 11 141 14 41 38 15 23 8
internal_count=817 97 86 720 67 57 679 19 357 216 322 10 259 63 11 141 14 41 38 15 23 8
is_linear=0
shrinkage=0.05


Tree=4
num_leaves=23
num_cat=0
split_feature=3 2 3 3 8 7 2 8 1 2 7 1 8 7 0 8 1 7 6 0 6 0
split_gain=1.15768e+07 5.03747e+06 1.9096e+06 1.52501e+06 808963 1.73665e+06 497642 406365 614689 376705 215321 133583 107044 85566.1 84348.1 22541.5 11954.4 750.014 1325.35 200.22 54.9675 0.0991882
threshold=0.90343291285488192 1354.1600000000001 0.5457079115844945 0.91126697665713341 3.5000000000000004 1.5000000000000002 8472.2700000000023 2.5000000000000004 21618.745000000003 1464.4850000000004 5.5000000000000009 31860.930000000004 3.5000000000000004 2.5000000000000004 39708.500000000007 3.5000000000000004 16631.595000000005 3.5000000000000004 91.500000000000014 38706.500000000007 83.500000000000014 39996.450000000004
decision_type=2 2 2 2 2 2 2 2 2 2 2 2 2 2 2 2 2 2 2 2 2 2
left_child=2 19 16 10 9 -6 11 8 -8 -5 -3 12 -4 -13 -12 -9 17 18 -1 -2 -19 -21
right_child=1 3 6 4 5 -7 7 15 -10 -11 14 13 -14 -15 -16 -17 -18 20 -20 21 -22 -23
leaf_value=-11.958777202259412 48.823782348632818 15.019220256805415 -1.2231511072338563 20.982634735107425 4.4407557423909507 30.596748768199571 -12.40624817557957 -2.0735450520373808 -3.3735208591732846 2.4996791669551066 30.199926757812502 3.260699186492257 1.3356496648146559 0.20599790330116569 20.741588592529286 -1.0890151427610077 -9.25826660792033 -12.538328742980946 -12.940557861328125 48.337618001302076 -12.74136962890625 48.349118041992178
leaf_weight=10.999999999999998 2.9999999999999991 4.0000000000000009 191 2.9999999999999991 15 11 23 101 104 34 10.999999999999998 41 52 52 3.0000000000000009 137 2.9999999999999991 4.0000000000000027 4.9999999999999991 3 20 5
leaf_count=11 3 4 191 3 15 11 23 101 104 34 11 41 52 52 3 137 3 4 5 3 20 5
internal_value=-0.00567245 16.7266 -2.07471 12.415 8.74782 15.5068 -1.44733 -2.72552 -5.00937 3.9983 25.25 -0.0588319 -0.675589 1.55269 28.1731 -1.50682 -12.3024 -12.5308 -12.2656 48.4754 -12.7075 48.3448
internal_weight=836 92 744 81 63 26 701 365 127 37 18 336 243 93 14 238 43 40 16 11 24 8
internal_count=836 92 744 81 63 26 701 365 127 37 18 336 243 93 14 238 43 40 16 11 24 8
is_linear=0
shrinkage=0.05


Tree=5
num_leaves=23
num_cat=0
split_feature=3 2 3 3 4 4 2 8 4 2 0 7 3 4 6 0 2 0 7 0 0 0
split_gain=8.22502e+06 4.0635e+06 1.75246e+06 1.30668e+06 1.33732e+06 484491 413314 311836 653343 298934 111485 110751 126390 42905.6 31465.1 18290.2 11548.4 9128.18 773.92 650.472 90.1798 6.04455
threshold=0.90343291285488192 1354.1600000000001 0.5457079115844945 0.91126697665713341 36662.500000000007 44735.000000000007 8472.2700000000023 2.5000000000000004 39295.000000000007 1464.4850000000004 34874.350000000013 4.5000000000000009 0.83921563646510189 43067.500000000007 89.500000000000014 37168.600000000013 15218.300000000001 37580.30000000001 3.5000000000000004 30475.750000000004 33342.30000000001 39493.950000000004
decision_type=2 2 2 2 2 2 2 2 2 2 2 2 2 2 2 2 2 2 2 2 2 2
left_child=2 14 16 5 10 -3 11 8 -8 -6 -5 12 -4 -9 21 -7 -1 -13 19 -18 -20 -2
right_child=1 3 6 4 9 15 7 13 -10 -11 -12 17 -14 -15 -16 -17 18 -19 20 -21 -22 -23
leaf_value=-8.7440594514211014 46.023706054687516 8.7282406330108682 -0.30328542449671753 21.829536743164059 19.933503468831383 26.351510620117182 -12.149502779089886 -1.648929078238351 -2.7764437540290281 3.7177338064268781 34.02161865234374 -1.9658264935016634 2.1284804672370723 0.77129892289638524 39.849721272786446 30.589861624581474 -12.14514389038086 -0.83215223413247341 -12.073385040283203 -11.364235782623291 -12.363501993815106 45.929817962646474
leaf_weight=2.9999999999999991 2.9999999999999982 3.9999999999999973 157 5 2.9999999999999991 4 23 217 97 54 3 56 81 20 3 7 3.9999999999999991 26 25.000000000000004 7.9999999999999991 2.9999999999999991 4
leaf_count=3 3 4 157 5 3 4 23 217 97 54 3 56 81 20 3 7 4 26 25 8 3 4
internal_value=-0.166876 14.084 -1.94823 10.3277 7.25801 23.6299 -1.32655 -2.49621 -4.57295 4.5712 26.4016 -0.0216598 0.524332 -1.44469 44.134 29.0486 -11.7361 -1.60637 -11.9605 -11.6245 -12.1045 45.9701
internal_weight=810 90 720 80 65 15 677 357 120 57 8 320 238 237 10 11 43 82 40 12 28 7
internal_count=810 90 720 80 65 15 677 357 120 57 8 320 238 237 10 11 43 82 40 12 28 7
is_linear=0
shrinkage=0.05


Tree=6
num_leaves=24
num_cat=0
split_feature=3 2 3 3 4 4 2 3 4 4 4 3 7 3 0 0 1 1 2 6 7 0 0
split_gain=8.14131e+06 3.56899e+06 1.44313e+06 1.15265e+06 967084 606440 455376 414900 377839 218696 807026 133619 97790.9 111934 28397.3 26325.1 25061.8 12635.3 10823.5 676.969 938.953 131.419 5.45531
threshold=0.90019454217110939 1354.1600000000001 0.5457079115844945 0.91126697665713341 36662.500000000007 44735.000000000007 1464.4850000000004 0.77127824818308455 39905.000000000007 37740.000000000007 39052.500000000007 0.93050294332138583 4.5000000000000009 0.8300649029077789 38289.650000000001 39303.80000000001 25859.995000000006 16631.595000000005 4154.9700000000003 91.500000000000014 3.5000000000000004 30839.350000000002 39493.950000000004
decision_type=2 2 2 2 2 2 2 2 2 2 2 2 2 2 2 2 2 2 2 2 2 2 2
left_child=2 14 17 5 11 8 -6 9 -3 16 -11 -5 13 -9 -2 -7 -4 19 -14 20 -1 -21 -16
right_child=1 3 7 4 6 15 -8 12 -10 10 -12 -13 18 -15 22 -17 -18 -19 -20 21 -22 -23 -24
leaf_value=-10.794149246215818 37.857237243652357 21.42269744873046 -1.2535290760653359 32.320537312825522 23.553494517008463 27.095268249511719 3.5191916727102726 -0.34572361488552655 -2.0510010242462156 -11.424430847167969 -2.3720318492136747 18.361259841918944 -2.8174788747515001 2.0021213209187545 43.722521972656239 22.358583641052238 0.52692398875951774 -7.9582730968793234 -1.2759391460262361 -11.516155115763347 -11.438591590294472 -11.886147562662762 43.633327484130852
leaf_weight=10 2.9999999999999982 3.0000000000000009 112 2.9999999999999991 2.9999999999999991 10.999999999999998 52 136 4 28 204 4 13.999999999999998 81 3 4.0000000000000009 24 2.9999999999999991 61 11.999999999999998 13 2.9999999999999991 4
leaf_count=10 3 3 112 3 3 11 52 136 4 28 204 4 14 81 3 4 24 3 61 12 13 3 4
internal_value=-0.127217 13.6903 -1.98006 10.3287 6.83976 20.1612 4.61197 -1.41462 8.00916 -2.53133 -3.46456 24.3438 -0.00727252 0.530661 41.9273 25.8322 -0.939331 -11.0822 -1.56369 -11.3288 -11.1584 -11.5902 43.6716
internal_weight=795 94 701 84 62 22 55 660 7 368 232 7 292 217 10 15 136 41 75 38 23 15 7
internal_count=795 94 701 84 62 22 55 660 7 368 232 7 292 217 10 15 136 41 75 38 23 15 7
is_linear=0
shrinkage=0.05


Tree=7
num_leaves=23
num_cat=0
split_feature=3 2 3 3 8 7 2 2 0 8 0 7 1 5 0 8 1 0 6 7 1 0
split_gain=7.91551e+06 2.65729e+06 1.34496e+06 1.05395e+06 543034 1.21802e+06 475766 383521 298709 280389 463640 91649.3 91438 41405.4 24502.1 23135.9 9338.61 7878.38 445.855 812.401 125.827 4.87885
threshold=0.90343291285488192 1354.1600000000001 0.5457079115844945 0.91259713798500341 3.5000000000000004 1.5000000000000002 1464.4850000000004 8220.970000000003 39303.80000000001 2.5000000000000004 34671.80000000001 4.5000000000000009 31253.245000000006 20.500000000000004 38289.650000000001 3.5000000000000004 16631.595000000005 37216.500000000007 90.500000000000014 3.5000000000000004 14098.469999999999 40733.200000000004
decision_type=2 2 2 2 2 2 2 2 2 2 2 2 2 2 2 2 2 2 2 2 2 2
left_child=2 14 16 8 6 -6 -5 11 13 10 -9 12 -4 -3 -2 -11 18 -13 19 -1 -20 -16
right_child=1 3 7 4 5 -7 -8 9 -10 15 -12 17 -14 -15 21 -17 -18 -19 20 -21 -22 -23
leaf_value=-10.252379131317136 35.964375305175793 19.894939676920551 -0.20945176127411069 20.900820350646974 3.5174133300781243 27.144947662353516 2.7486905882487429 -9.4664253473281867 10.864616355895997 -1.8935496439443573 -2.4984496150879152 -1.8354703294469958 1.8664151168372258 26.521766523881396 41.543680826822907 -0.9008369529705782 -7.8999127070109054 -0.8362926781177521 -10.937263870239258 -10.876298421223957 -11.29929911295573 41.453506469726555
leaf_weight=8 2.9999999999999982 3.0000000000000027 147 3.9999999999999991 12 10 37 32 4.9999999999999991 107 94 47 83 10.999999999999998 3 130 2.9999999999999991 34 11.999999999999998 15 2.9999999999999991 3
leaf_count=8 3 3 147 4 12 10 37 32 5 107 94 47 83 11 3 130 3 34 12 15 3 3
internal_value=-0.0254212 13.8637 -1.79313 11.0331 7.92005 14.2572 4.51963 -1.25827 21.3551 -2.36225 -4.26809 0.0302958 0.539665 25.1017 39.6539 -1.34902 -10.5856 -1.41606 -10.7976 -10.6593 -11.0097 41.4986
internal_weight=806 91 715 82 63 22 41 674 19 363 126 311 230 14 9 237 41 81 38 23 15 6
internal_count=806 91 715 82 63 22 41 674 19 363 126 311 230 14 9 237 41 81 38 23 15 6
is_linear=0
shrinkage=0.05


Tree=8
num_leaves=23
num_cat=0
split_feature=3 2 3 3 4 2 4 3 3 8 4 4 1 1 4 0 0 1 5 7 0 0
split_gain=6.65324e+06 2.93252e+06 1.32152e+06 971309 1.20915e+06 422240 401918 320705 257222 241379 429312 102363 107184 66337.2 41854.2 32258.4 23149.8 8325.54 379.889 819.485 101.468 4.87719
threshold=0.90343291285488192 1354.1600000000001 0.5457079115844945 0.91126697665713341 36662.500000000007 1464.4850000000004 44735.000000000007 0.77127824818308455 0.92445912160182508 2.5000000000000004 39052.500000000007 38452.500000000007 31860.930000000004 32457.065000000006 43067.500000000007 39303.80000000001 38289.650000000001 16631.595000000005 22.500000000000004 3.5000000000000004 31067.300000000003 39996.450000000004
decision_type=2 2 2 2 2 2 2 2 2 2 2 2 2 2 2 2 2 2 2 2 2 2
left_child=2 16 17 6 8 -6 -3 9 -5 10 -4 13 -13 -9 -11 -8 -2 18 19 -1 -20 -18
right_child=1 3 7 4 5 -7 15 11 -10 14 -12 12 -14 -15 -16 -17 21 -19 20 -21 -22 -23
leaf_value=-9.7979725924405159 34.166155497233085 3.4255897521972636 -9.9465943574905396 32.701042175292976 19.855779361724856 3.0599486839668506 24.845859735662287 1.6865374554528132 16.332173538208007 -1.394140340715246 -2.4699602966584888 -1.0074313595573954 1.1151436003974113 9.3654962539672848 1.2533006556332111 18.996630668640126 39.464038085937489 -7.5049169063568115 -10.39193162918091 -10.340258146587171 -10.732908630371092 39.379701995849601
leaf_weight=11.000000000000002 2.9999999999999982 3.0000000000000009 24 3.9999999999999982 3.9999999999999991 58 10.999999999999998 45 6 223 96 188 87 2.9999999999999991 15.999999999999998 3.0000000000000009 3 2.9999999999999991 7.9999999999999982 19 3 4
leaf_count=11 3 3 24 4 4 58 11 45 6 223 96 188 87 3 16 3 3 3 8 19 3 4
internal_value=0.00911813 12.1685 -1.64897 9.28392 6.7458 4.14355 20.0336 -1.10713 22.8797 -2.13558 -3.96529 0.0359476 -0.335926 2.16647 -1.21691 23.5925 37.8409 -10.0475 -10.2336 -10.1414 -10.4849 39.4158
internal_weight=825 99 726 89 72 62 17 682 10 359 120 323 275 48 239 14 10 44 41 30 11 7
internal_count=825 99 726 89 72 62 17 682 10 359 120 323 275 48 239 14 10 44 41 30 11 7
is_linear=0
shrinkage=0.05


Tree=9
num_leaves=24
num_cat=0
split_feature=3 2 8 3 3 4 2 8 4 0 4 1 4 3 4 0 2 0 0 1 2 0 0
split_gain=7.55534e+06 2.83519e+06 1.17387e+06 1.22489e+06 1.08257e+06 535370 336444 252026 514784 249976 122224 82869.6 92311.1 72103.6 33550.7 22283.9 8016.34 4679.51 2825.84 577.02 463.496 4.91134 0.0420541
threshold=0.90343291285488192 1354.1600000000001 2.5000000000000004 0.92566709393047741 0.5457079115844945 36662.500000000007 8472.2700000000023 2.5000000000000004 39295.000000000007 39611.05000000001 44065.000000000007 33345.490000000013 32370.000000000004 0.89820911484001764 43067.500000000007 38289.650000000001 14939.355000000001 38189.700000000004 33355.600000000006 15786.785000000002 17410.525000000005 39493.950000000004 40733.200000000004
decision_type=2 2 2 2 2 2 2 2 2 2 2 2 2 2 2 2 2 2 2 2 2 2 2
left_child=4 15 10 9 16 -5 11 8 -8 -4 18 12 -6 -13 -9 -2 -1 -12 -3 20 -18 -17 -23
right_child=1 2 3 5 6 -7 7 14 -10 -11 17 13 -14 -15 -16 21 19 -19 -20 -21 -22 22 -24
leaf_value=-7.0811563809712723 32.457848103841144 -5.2118682861328116 24.593078994750972 20.748897806803384 3.6662128448486331 4.1793895927759319 -10.228822898864747 -1.3641475045653784 -2.3314747643470763 13.614729663303919 2.2830621719360344 1.4267281467209059 -0.50132051018919532 9.4120326519012458 0.8814758052428564 37.48601074218751 -9.2482739257812501 4.1908399581909181 -3.3324269612630206 -10.268042297363282 -9.7723581102159294 37.40347188313801 37.4118438720703
leaf_weight=2.9999999999999991 2.9999999999999991 3 20.000000000000004 5.9999999999999991 13.999999999999998 26 26 219 100 6.9999999999999991 5.0000000000000009 49 261 2.9999999999999991 18 2.9999999999999982 4.9999999999999991 8.9999999999999982 6 4.9999999999999991 27 3 3
leaf_count=3 3 3 20 6 14 26 26 219 100 7 5 49 261 3 18 3 5 9 6 5 27 3 3
internal_value=0.148147 13.4905 10.1686 13.9038 -1.5699 7.28617 -1.10631 -2.15421 -3.96109 21.7468 0.587074 0.0569667 -0.289155 1.88742 -1.19359 36.1898 -9.56697 3.50949 -3.95891 -9.76852 -9.69047 37.4338 37.4077
internal_weight=824 94 82 59 730 32 690 363 126 27 23 327 275 52 237 12 40 14 9 37 32 9 6
internal_count=824 94 82 59 730 32 690 363 126 27 23 327 275 52 237 12 40 14 9 37 32 9 6
is_linear=0
shrinkage=0.05


end of trees

feature_importances:
total_load=38
renewable_power=36
thermal_space_load_ratio=35
thermal_on_capacity=32
weekday=22
net_load=19
month=15
period=8
hour=3

parameters:
[boosting: gbdt]
[objective: regression]
[metric: rmse]
[tree_learner: serial]
[device_type: cpu]
[data_sample_strategy: bagging]
[data: ]
[valid: ]
[num_iterations: 400]
[learning_rate: 0.05]
[num_leaves: 31]
[num_threads: 0]
[seed: 42]
[deterministic: 0]
[force_col_wise: 0]
[force_row_wise: 0]
[histogram_pool_size: -1]
[max_depth: 5]
[min_data_in_leaf: 3]
[min_sum_hessian_in_leaf: 0.001]
[bagging_fraction: 0.85]
[pos_bagging_fraction: 1]
[neg_bagging_fraction: 1]
[bagging_freq: 1]
[bagging_seed: 400]
[bagging_by_query: 0]
[feature_fraction: 0.85]
[feature_fraction_bynode: 1]
[feature_fraction_seed: 30056]
[extra_trees: 0]
[extra_seed: 12879]
[early_stopping_round: 0]
[early_stopping_min_delta: 0]
[first_metric_only: 0]
[max_delta_step: 0]
[lambda_l1: 0]
[lambda_l2: 0]
[linear_lambda: 0]
[min_gain_to_split: 0]
[drop_rate: 0.1]
[max_drop: 50]
[skip_drop: 0.5]
[xgboost_dart_mode: 0]
[uniform_drop: 0]
[drop_seed: 17869]
[top_rate: 0.2]
[other_rate: 0.1]
[min_data_per_group: 100]
[max_cat_threshold: 32]
[cat_l2: 10]
[cat_smooth: 10]
[max_cat_to_onehot: 4]
[top_k: 20]
[monotone_constraints: ]
[monotone_constraints_method: basic]
[monotone_penalty: 0]
[feature_contri: ]
[forcedsplits_filename: ]
[refit_decay_rate: 0.9]
[cegb_tradeoff: 1]
[cegb_penalty_split: 0]
[cegb_penalty_feature_lazy: ]
[cegb_penalty_feature_coupled: ]
[path_smooth: 0]
[interaction_constraints: ]
[verbosity: -1]
[saved_feature_importance_type: 0]
[use_quantized_grad: 0]
[num_grad_quant_bins: 4]
[quant_train_renew_leaf: 0]
[stochastic_rounding: 1]
[linear_tree: 0]
[max_bin: 255]
[max_bin_by_feature: ]
[min_data_in_bin: 3]
[bin_construct_sample_cnt: 200000]
[data_random_seed: 175]
[is_enable_sparse: 1]
[enable_bundle: 1]
[use_missing: 1]
[zero_as_missing: 0]
[feature_pre_filter: 1]
[pre_partition: 0]
[two_round: 0]
[header: 0]
[label_column: ]
[weight_column: ]
[group_column: ]
[ignore_column: ]
[categorical_feature: ]
[forcedbins_filename: ]
[precise_float_parser: 0]
[parser_config_file: ]
[objective_seed: 16083]
[num_class: 1]
[is_unbalance: 0]
[scale_pos_weight: 1]
[sigmoid: 1]
[boost_from_average: 1]
[reg_sqrt: 0]
[alpha: 0.9]
[fair_c: 1]
[poisson_max_delta_step: 0.7]
[tweedie_variance_power: 1.5]
[lambdarank_truncation_level: 30]
[lambdarank_norm: 1]
[label_gain: ]
[lambdarank_position_bias_regularization: 0]
[eval_at: ]
[multi_error_top_k: 1]
[auc_mu_weights: ]
[num_machines: 1]
[local_listen_port: 12400]
[time_out: 120]
[machine_list_filename: ]
[machines: ]
[gpu_platform_id: -1]
[gpu_device_id: -1]
[gpu_use_dp: 0]
[num_gpu: 1]

end of parameters

pandas_categorical:[]
