tree
version=v4
num_class=1
num_tree_per_iteration=1
label_index=0
max_feature_idx=10
objective=regression
feature_names=total_load net_load renewable_power thermal_space_load_ratio thermal_on_capacity hour period weekday month is_weekend is_holiday
feature_infos=[26780.099999999999:40742.400000000001] [9620.2999999999993:38683.110000000001] [1615.1700000000001:19128.880000000001] [0.33550603334030826:0.95508263646906033] [27170:48330] [0:5] [1:24] [0:6] [1:4] [0:1] none
tree_sizes=2453 2142 2628 2486 2744 2718 2629 2676 2757 2679 2711

Tree=0
num_leaves=28
num_cat=0
split_feature=1 2 0 4 4 0 4 8 1 4 7 7 2 4 6 4 6 1 4 2 1 1 0 1 1 0 1
split_gain=9.88369e+06 6.29647e+06 4.65852e+06 3.9545e+06 2.98151e+06 2.689e+06 2.36799e+06 1.52625e+06 1.01943e+06 845937 621784 310967 235340 214323 200876 134481 126537 106762 104896 87917.2 28683.9 47162.9 56864.1 23666 22866.4 11875.3 1329.75
threshold=26470.515000000003 2882.0000000000005 29601.600000000002 44395.000000000007 44810.000000000007 38755.650000000009 44735.000000000007 2.5000000000000004 23067.700000000001 36662.500000000007 3.5000000000000004 1.5000000000000002 3430.3200000000002 37010.000000000007 10.500000000000002 39905.000000000007 1.5000000000000002 29567.815000000006 39715.000000000007 13971.185000000003 21241.735000000004 25410.340000000004 28316.150000000005 28897.190000000006 23417.120000000003 35399.600000000013 31216.765000000003
decision_type=2 2 2 2 2 2 2 2 2 2 2 2 2 2 2 2 2 2 2 2 2 2 2 2 2 2 2
left_child=2 3 20 18 6 -6 -5 8 10 11 -4 14 16 19 -3 -10 -11 -14 26 -9 -1 22 -22 -13 -15 -20 -2
right_child=1 9 7 4 5 -7 -8 13 15 12 -12 23 17 24 -16 -17 -18 -19 25 -21 21 -23 -24 -25 -26 -27 -28
leaf_value=250.7254980650909 270.39192653570245 282.81406901410037 259.78389919034061 282.60375893465613 268.39536139026768 300.70674806509089 306.12799806509088 265.59865454157921 265.0148525278683 274.52549781077772 253.47825661847526 268.13294450836457 263.61657081855628 262.1840914296165 271.77049802694393 261.31096778047726 266.91566161804741 265.21099049399885 265.93978339790687 262.21824768457486 251.78110906091337 250.7254980650909 257.7897835613939 270.18649791631771 263.32480635977424 267.6649713678317 271.21216468089494
leaf_weight=91 28 7.0000000000000027 71 23 33 7.9999999999999991 20 153 31 5.9999999999999991 87 47 212 96 9.9999999999999982 117 61 208 21 22 8.9999999999999982 19 6.9999999999999991 20 81 19 5.9999999999999991
leaf_count=91 28 7 71 23 33 8 20 153 31 6 87 47 212 96 10 117 61 208 21 22 9 19 7 20 81 19 6
internal_value=263.898 268.089 260.001 276.923 284.347 274.7 293.545 261.688 259.105 265.644 256.312 270.278 264.845 263.933 276.318 262.087 267.597 264.406 268.495 265.174 251.193 252.41 254.41 268.746 262.706 266.759 270.537
internal_weight=1513 729 784 158 84 41 43 658 306 571 158 84 487 352 17 148 67 420 74 175 126 35 16 67 177 40 34
internal_count=1513 729 784 158 84 41 43 658 306 571 158 84 487 352 17 148 67 420 74 175 126 35 16 67 177 40 34
is_linear=0
shrinkage=1


Tree=1
num_leaves=23
num_cat=0
split_feature=3 0 3 1 7 1 8 8 1 2 7 3 0 0 8 6 1 1 2 0 1 0
split_gain=9.78196e+06 5.64514e+06 2.55634e+06 1.50775e+06 1.6557e+06 4.85192e+06 1.36306e+06 867930 864708 588939 689654 380210 373928 197225 105975 78457.8 52960.2 47623.2 41285.5 35725.7 1494.03 181.5
threshold=0.91673356697534736 29601.600000000002 0.75235049282457345 36671.910000000011 5.5000000000000009 33356.565000000002 2.5000000000000004 3.5000000000000004 23250.314999999999 2664.8250000000003 1.5000000000000002 0.85280076922386783 38362.100000000006 30340.000000000004 3.5000000000000004 7.5000000000000009 21241.735000000004 25454.475000000002 5786.6200000000008 33326.350000000013 33743.349999999999 40030.200000000004
decision_type=2 2 2 2 2 2 2 2 2 2 2 2 2 2 2 2 2 2 2 2 2 2
left_child=1 16 6 4 9 19 8 13 -3 12 -11 -9 -2 -4 -8 21 -1 18 -18 -6 -7 -5
right_child=3 2 7 15 5 20 14 11 -10 10 -12 -13 -14 -15 -16 -17 17 -19 -20 -21 -22 -23
leaf_value=-12.536274719238282 4.7163799034921743 -7.5521321151314709 -8.2023590723673507 34.931330362955741 36.95360046386719 2.2529591300270768 -1.2541644448618736 2.5193867093986935 -2.1153532456719515 21.245234959920246 3.7377230538262256 7.5427047439768344 16.080919218063354 0.91940802697224511 0.62637709638168071 25.303186543782545 -5.4680606842040964 -12.536274719238282 -10.380076911232688 42.050884454900569 3.1873747144426621 35.481330362955724
leaf_weight=86 76 164 5.9999999999999991 2.9999999999999982 4.9999999999999991 11.000000000000002 155 72 132 15 9 79 7.9999999999999991 479 145 3 7.0000000000000062 11.999999999999998 10.999999999999998 10.999999999999998 6.9999999999999991 3
leaf_count=86 76 164 6 3 5 11 155 72 132 15 9 79 8 479 145 3 7 12 11 11 7 3
internal_value=-0.00862427 -1.36047 -0.36761 12.0595 10.8016 20.4242 -2.72038 1.83719 -5.12762 7.77232 14.6799 5.14748 5.79872 0.806561 -0.345236 31.9053 -11.9053 -10.0964 -8.46985 40.458 2.61634 35.2063
internal_weight=1499 1348 1232 151 142 34 596 636 296 108 24 151 84 485 300 9 116 30 18 16 18 6
internal_count=1499 1348 1232 151 142 34 596 636 296 108 24 151 84 485 300 9 116 30 18 16 18 6
is_linear=0
shrinkage=0.05


Tree=2
num_leaves=28
num_cat=0
split_feature=3 0 4 4 4 3 1 8 4 0 4 7 2 1 0 4 1 4 1 4 2 0 0 0 0 0 0
split_gain=9.66471e+06 5.27468e+06 3.23171e+06 2.25146e+06 2.16043e+06 2.06912e+06 1.77443e+06 1.16312e+06 917948 849355 773024 457542 280103 212234 177125 135675 121791 117665 43078.9 47696.6 36623.5 35246.1 8403.63 955.218 155.951 0.0212772 9.31323e-10
threshold=0.91673356697534736 29601.600000000002 44395.000000000007 44810.000000000007 44735.000000000007 0.75235049282457345 36671.910000000011 2.5000000000000004 42195.000000000007 35198.900000000009 35390.000000000007 1.5000000000000002 2049.8900000000003 36353.295000000006 30340.000000000004 39715.000000000007 31317.235000000004 37010.000000000007 21241.735000000004 39905.000000000007 5786.6200000000008 34890.750000000007 35523.450000000004 33461.350000000006 32529.650000000005 34056.600000000006 29158.250000000004
decision_type=2 2 2 2 2 2 2 2 2 2 2 2 2 2 2 2 2 2 2 2 2 2 2 2 2 2 2
left_child=1 18 15 4 9 7 13 8 -3 -4 11 -7 -8 -5 -12 23 -17 -9 26 20 -20 -6 -18 24 -2 -25 -1
right_child=2 5 3 6 21 10 12 17 -10 -11 14 -13 -14 -15 -16 16 22 -19 19 -21 -22 -23 -24 25 -26 -27 -28
leaf_value=-11.909461212158204 5.8737513224283822 -10.160718462959169 9.808451747894285 3.0112696047182439 37.179667765299477 12.16446834564209 33.059386062622075 0.83832460247701224 -3.3290663629770281 33.417550048828126 -7.792240969340007 3.8361154130164614 15.144276301066078 11.877227528889975 0.84885277417424609 -8.0093544324239101 1.9020243810570758 -1.2109114475872207 -5.1946575164794897 -11.909461212158201 -9.9101317977905268 42.027080688476566 3.4924709906944864 6.7035728454589849 6.1286623318990081 6.7095278422037739 -11.909461212158204
leaf_weight=81 12.000000000000005 63 16.000000000000004 27 15.000000000000002 20 7.9999999999999982 124 224 4.9999999999999991 5.9999999999999991 94 3 8.9999999999999982 511 2.9999999999999991 23 161 7.0000000000000027 14.000000000000002 9.9999999999999982 4.9999999999999991 12.999999999999998 2.9999999999999991 11.999999999999998 3 8.9999999999999982
leaf_count=81 12 63 16 27 15 20 8 124 224 5 6 94 3 9 511 3 23 161 7 14 10 5 13 3 12 3 9
internal_value=-0.0139395 -1.40483 11.7156 18.0677 26.6306 -0.403945 10.598 -2.58189 -4.8287 15.4297 1.57036 5.29723 28.1734 5.22776 0.748569 3.61433 1.66976 -0.319314 -11.3558 -9.74827 -7.96847 38.3915 2.47635 6.14228 6.00121 6.70655 -11.9095
internal_weight=1481 1324 157 88 41 1203 47 572 287 21 631 114 11 36 517 69 39 285 121 31 17 20 36 30 24 6 90
internal_count=1481 1324 157 88 41 1203 47 572 287 21 631 114 11 36 517 69 39 285 121 31 17 20 36 30 24 6 90
is_linear=0
shrinkage=0.05


Tree=3
num_leaves=26
num_cat=0
split_feature=3 0 4 4 3 4 1 4 3 0 4 0 7 0 1 3 4 0 1 1 2 1 0 0 0
split_gain=8.45492e+06 4.92964e+06 2.85704e+06 2.27891e+06 1.98895e+06 1.84986e+06 1.43023e+06 787491 743259 722224 625938 691746 601087 183364 121557 75833.9 74963.5 36209.8 24427.8 35536.1 42888.8 19613.3 7091.81 858.033 13.8777
threshold=0.91673356697534736 29601.600000000002 44395.000000000007 44810.000000000007 0.75363336546665638 44735.000000000007 36487.450000000012 35390.000000000007 0.94904381695332218 35930.600000000013 37740.000000000007 31315.800000000007 1.5000000000000002 31315.800000000007 29169.715000000004 0.57137568970002184 39715.000000000007 34724.700000000004 21241.735000000004 25410.340000000004 5786.6200000000008 36080.730000000003 35523.450000000004 33461.350000000006 28159.650000000005
decision_type=2 2 2 2 2 2 2 2 2 2 2 2 2 2 2 2 2 2 2 2 2 2 2 2 2
left_child=1 18 14 5 10 9 21 12 -8 -4 15 -12 -6 -9 -2 -3 23 -7 -1 20 -20 -5 -18 -16 -21
right_child=2 4 3 6 7 17 8 13 -10 -11 11 -13 -14 -15 16 -17 22 -19 19 24 -22 -23 -24 -25 -26
leaf_value=-11.313987731933594 -6.347451782226563 -1.1276554454346093 10.535623617733224 2.509737972418467 12.903406992825595 34.859504699707024 5.0708992958068855 -5.5492396267977631 30.974522569444446 34.149172973632815 -8.6129127160266599 -2.5821233926397102 3.6417223752931109 0.97538729544488412 5.6998227990191914 1.2897644720971586 1.8952622703883959 39.734200439453133 -4.2563533782958958 -11.431791432698555 -9.7054093287541328 5.7058707555135095 3.3563088490412789 6.3712228775024418 -11.313987731933594
leaf_weight=86 2.9999999999999991 49 17.000000000000004 24.000000000000004 22 16.000000000000004 3.9999999999999991 10.999999999999998 8.9999999999999982 3.9999999999999991 54 398 86 511 23.000000000000004 96 23 4.9999999999999991 5.0000000000000027 3.0000000000000027 12.999999999999998 5.9999999999999991 12.999999999999998 5.9999999999999991 14.999999999999998
leaf_count=86 3 49 17 24 22 16 4 11 9 4 54 398 86 511 23 96 23 5 5 3 13 6 13 6 15
internal_value=-0.00737912 -1.27075 11.1317 17.2429 -0.317666 25.5268 9.1517 1.64198 23.0042 15.0334 -2.38563 -3.30262 5.52836 0.837895 3.49271 0.472843 3.94687 36.0201 -10.8562 -9.7627 -8.19178 3.14896 2.42286 5.83873 -11.3336
internal_weight=1502 1349 153 85 1227 42 43 630 13 21 597 452 108 522 68 145 65 21 122 36 18 30 36 29 18
internal_count=1502 1349 153 85 1227 42 43 630 13 21 597 452 108 522 68 145 65 21 122 36 18 30 36 29 18
is_linear=0
shrinkage=0.05


Tree=4
num_leaves=30
num_cat=0
split_feature=3 0 3 7 1 1 8 1 8 3 6 7 1 1 2 2 3 1 1 0 0 1 0 0 3 0 1 0 2
split_gain=7.48351e+06 4.42377e+06 1.92463e+06 1.28132e+06 4.33104e+06 1.48425e+06 987417 725034 633741 356910 221342 414857 186337 148165 81363 51742.9 38587.8 26295.1 30765.2 29267.7 14133.1 1298.95 536.857 380.908 162.976 109.922 12.5568 4.65661e-10 4.65661e-10
threshold=0.91673356697534736 29601.600000000002 0.75060627647340228 5.5000000000000009 33356.565000000002 36671.910000000011 2.5000000000000004 23250.314999999999 3.5000000000000004 0.85367514848331083 5.5000000000000009 1.5000000000000002 29567.815000000006 29169.715000000004 12023.325000000003 1999.3900000000001 0.93016124768744601 21241.735000000004 25410.340000000004 28230.700000000004 33244.05000000001 33743.349999999999 35212.600000000013 39655.250000000007 0.92946347071546886 35889.600000000013 25495.835000000003 28689.100000000002 8968.1150000000016
decision_type=2 2 2 2 2 2 2 2 2 2 2 2 2 2 2 2 2 2 2 2 2 2 2 2 2 2 2 2 2
left_child=1 17 6 5 16 10 7 -3 12 -10 11 -2 -4 -12 -8 23 22 27 19 -19 -18 25 -5 -7 -23 -6 -20 28 -1
right_child=3 2 8 4 21 15 14 -9 9 -11 13 -13 -14 -15 -16 -17 20 18 26 -21 -22 24 -24 -25 -26 -27 -28 -29 -30
leaf_value=-10.748288726806642 21.695753510793054 -6.5851559777755142 -0.37505714070229307 37.600447591145787 1.7129621914454862 30.20400594075522 0.37229192343562151 -1.6807502031326296 1.9444202335430429 6.7743752002716064 -6.0300790150960291 5.0653256416320804 1.5799942419301114 5.2880797863006599 -1.3368390320075882 21.763318761189772 30.768960571289064 -10.232060350690565 -10.86216557820638 -6.0963018937544398 34.285555419921877 2.3114794413248707 38.546366373697907 29.40723368326822 2.7519556318010601 2.0415336608886716 -10.74779790242513 -10.748288726806642 -10.748288726806642
leaf_weight=2.9999999999999991 5.9999999999999991 169 231 3.0000000000000027 7.0000000000000018 2.9999999999999982 172 136 77 76 2.9999999999999991 9.9999999999999982 258 80 117 3 3.9999999999999991 7.0000000000000027 2.9999999999999991 10.999999999999998 9.9999999999999982 2.9999999999999982 3 3 7 4 11.999999999999998 29 58
leaf_count=3 6 169 231 3 7 3 172 136 77 76 3 10 258 80 117 3 4 7 3 11 10 3 3 3 7 4 12 29 58
internal_value=-0.0963074 -1.26259 -0.362683 10.5412 18.0665 7.68433 -2.41389 -4.39827 1.53516 4.34361 5.91701 11.3017 0.656442 4.87899 -0.31964 27.1249 34.7186 -10.3056 -9.0983 -7.70465 33.2808 2.20738 38.0734 29.8056 2.61981 1.83244 -10.7707 -10.7483 -10.7483
internal_weight=1508 1359 1236 149 41 108 594 305 642 153 99 16 489 83 289 9 20 123 33 18 14 21 6 6 10 11 15 90 61
internal_count=1508 1359 1236 149 41 108 594 305 642 153 99 16 489 83 289 9 20 123 33 18 14 21 6 6 10 11 15 90 61
is_linear=0
shrinkage=0.05


Tree=5
num_leaves=29
num_cat=0
split_feature=3 0 4 3 4 4 4 8 4 0 0 4 4 3 4 4 0 0 2 2 0 6 0 6 7 2 0 2
split_gain=6.46938e+06 3.93797e+06 1.89246e+06 1.71121e+06 1.70415e+06 1.07882e+06 951061 878200 663749 655640 630440 615699 508622 155766 87202.3 82724.4 29562.9 23217.2 17521.2 25824.6 28846.3 5687.24 2680.78 427.263 304.036 231.266 127.522 4.65661e-10
threshold=0.91812234930375192 29601.600000000002 44395.000000000007 0.75235049282457345 44810.000000000007 44735.000000000007 47530.000000000007 2.5000000000000004 33577.500000000007 35559.80000000001 38983.450000000004 42195.000000000007 33235.000000000007 0.88400441227726156 39715.000000000007 37010.000000000007 34042.500000000007 33326.350000000013 7403.4850000000015 5196.3200000000006 28316.150000000005 22.500000000000004 36734.400000000009 18.500000000000004 4.5000000000000009 2529.6200000000003 32529.650000000005 17424.560000000001
decision_type=2 2 2 2 2 2 2 2 2 2 2 2 2 2 2 2 2 2 2 2 2 2 2 2 2 2 2 2
left_child=1 18 14 7 5 9 22 11 12 -4 -8 -3 -5 -10 23 -9 -16 -7 19 25 -21 -18 -6 24 -2 -1 -25 -20
right_child=2 3 4 8 6 17 10 15 13 -11 -12 -13 -14 -15 16 -17 21 -19 27 20 -22 -23 -24 26 -26 -27 -28 -29
leaf_value=-10.722885640462239 5.6331501430935305 -8.3365112595485922 9.4679411751883347 3.3797519854136873 1.9410892677307126 30.147897338867171 10.364553664280816 0.75091597466699544 0.46404637399063503 30.560562744140626 28.976263863699781 -2.88834847470453 12.504254586356026 2.4016849864931671 -3.2423008600870733 -0.95168420668868792 1.6017390205746602 33.902383117675782 -10.210874176025392 -9.5680134667290542 -5.5647971471150726 3.3472284317016605 2.9687388680197979 4.926501846313478 5.2325715255737295 -10.235858271672177 5.3087562561035142 -10.210874176025392
leaf_weight=2.9999999999999991 9.0000000000000036 66 14.000000000000002 56 15.000000000000002 7.0000000000000027 13.000000000000002 124 437 4.9999999999999991 6.9999999999999991 242 21 136 3.0000000000000027 168 21.000000000000004 9.9999999999999982 59 9.0000000000000018 8.9999999999999982 5.9999999999999991 10.999999999999998 7.9999999999999982 10 12.999999999999998 3 25
leaf_count=3 9 66 14 56 15 7 13 124 437 5 7 242 21 136 3 168 21 10 59 9 9 6 11 8 10 13 3 25
internal_value=-0.0375604 -1.09198 10.1205 -0.267749 15.058 23.2059 8.68142 -2.19327 1.50965 15.0186 16.8787 -4.05581 5.86825 0.92394 3.37259 -0.228662 1.46643 32.3564 -9.82325 -8.86559 -7.56641 1.98963 2.37586 5.27875 5.42232 -10.3272 5.03075 -10.2109
internal_weight=1510 1368 142 1250 82 36 46 600 650 19 20 308 77 573 60 292 30 17 118 34 18 27 26 30 19 16 11 84
internal_count=1510 1368 142 1250 82 36 46 600 650 19 20 308 77 573 60 292 30 17 118 34 18 27 26 30 19 16 11 84
is_linear=0
shrinkage=0.05


Tree=6
num_leaves=28
num_cat=0
split_feature=3 0 4 4 2 4 0 1 3 4 4 4 1 0 4 1 1 3 0 1 1 2 6 0 1 3 0
split_gain=5.92763e+06 3.57199e+06 2.27826e+06 1.58894e+06 1.51612e+06 1.27783e+06 750702 717343 564891 533956 477499 461717 610435 129673 106122 99736.4 89039.1 62126.4 45536.6 26499.8 36350.3 14489.5 5217.47 561.339 243.771 223.116 6.1493
threshold=0.91673356697534736 29601.600000000002 44395.000000000007 44810.000000000007 7921.5150000000003 44735.000000000007 35198.900000000009 36487.450000000012 0.94904381695332218 33577.500000000007 33235.000000000007 37740.000000000007 23250.314999999999 30699.300000000003 39715.000000000007 36353.295000000006 31317.235000000004 0.56544289231161604 34724.700000000004 22193.015000000003 25410.340000000004 5589.9050000000007 21.500000000000004 33821.500000000007 21949.635000000002 0.91922908484158827 28316.150000000005
decision_type=2 2 2 2 2 2 2 2 2 2 2 2 2 2 2 2 2 2 2 2 2 2 2 2 2 2 2
left_child=1 19 14 5 9 6 -4 15 -9 10 -3 17 -13 -11 23 -5 -16 -6 -7 24 21 -21 -18 25 -1 -2 -22
right_child=2 4 3 7 11 18 -8 8 -10 13 -12 12 -14 -15 16 -17 22 -19 -20 20 26 -23 -24 -25 -26 -27 -28
leaf_value=-9.7003303527832045 5.323758570353184 3.2446016764236711 8.0755289077758778 2.4654797792434691 -1.0868310919334723 29.970219639369414 28.81412633260091 3.8105216026306161 27.364789690290181 -4.9969852685928347 12.547955195109051 -4.5028202596024718 -0.96238847424688412 1.0585899413940321 -7.1099673271179205 10.228044509887695 1.5111087009824555 1.1858685383200647 35.52897888183594 -2.8938139597574839 -9.7709081649780281 -6.9062224494086371 2.8891798125372996 5.5473197937011722 -10.099145698547364 4.8683651557335494 -9.6964001125759562
leaf_weight=91 3.0000000000000027 59 16.000000000000004 24.000000000000004 43 14.000000000000002 5.9999999999999991 3.9999999999999982 7 8.9999999999999982 18 243 244 499 2.9999999999999991 4.9999999999999991 29 100 4.9999999999999991 3.0000000000000027 3.9999999999999991 8.9999999999999982 8.9999999999999982 3.9999999999999991 3.9999999999999991 26 8.9999999999999982
leaf_count=91 3 59 16 24 43 14 6 4 7 9 18 243 244 499 3 5 29 100 5 3 4 9 9 4 4 26 9
internal_value=-0.0317118 -1.1063 9.22362 15.0176 -0.293495 21.9347 13.7315 7.92768 18.7996 1.53942 5.41941 -1.99548 -2.72897 0.951306 2.88153 3.80385 1.1828 0.502469 31.4331 -9.33596 -7.88755 -5.90312 1.83749 4.99206 -9.71712 4.91547 -9.71933
internal_weight=1490 1335 155 81 1215 41 22 40 11 585 77 630 487 508 74 29 41 143 19 120 25 12 38 33 95 29 13
internal_count=1490 1335 155 81 1215 41 22 40 11 585 77 630 487 508 74 29 41 143 19 120 25 12 38 33 95 29 13
is_linear=0
shrinkage=0.05


Tree=7
num_leaves=30
num_cat=0
split_feature=3 0 3 2 6 8 1 8 0 1 0 1 8 1 7 3 1 0 2 0 1 1 0 6 0 2 1 1 1
split_gain=6.09452e+06 3.26496e+06 1.28482e+06 847099 850823 751418 671086 1.00194e+06 724899 544518 521771 598320 391388 369391 1.20307e+06 176985 146196 71431.5 52858.9 17629.3 11219 36374.2 4787.81 4779.31 3479.19 2046.48 799.315 25.496 12.1638
threshold=0.91673356697534736 29601.600000000002 0.75060627647340228 1965.8250000000003 6.5000000000000009 2.5000000000000004 33955.420000000006 3.5000000000000004 40030.200000000004 23250.314999999999 35306.55000000001 36487.450000000012 3.5000000000000004 32384.370000000006 5.5000000000000009 0.85628609544302348 29567.815000000006 38755.650000000009 12023.325000000003 36153.950000000004 22436.52 25410.340000000004 33224.650000000009 23.500000000000004 38256.850000000006 5752.6500000000005 21949.635000000002 31526.885000000006 25495.835000000003
decision_type=2 2 2 2 2 2 2 2 2 2 2 2 2 2 2 2 2 2 2 2 2 2 2 2 2 2 2 2 2
left_child=1 20 5 10 6 9 7 -5 -8 -3 22 24 16 14 -6 -14 -4 -13 -7 -15 23 25 -2 26 -12 -22 -1 -24 -23
right_child=3 2 12 4 13 18 8 -9 -10 -11 11 17 15 19 -16 -17 -18 -19 -20 -21 21 28 27 -25 -26 -27 -28 -29 -30
leaf_value=-9.2153137207031257 25.832940673828105 -5.74608995296337 -0.36804368967383078 30.520289750532665 5.3687983942031865 0.30416912726230094 2.3393658161163322 5.1197189966837566 26.474571990966798 -1.4016039019335922 1.9385901451110836 15.984560219446815 1.9681370899081232 1.6771350357267594 29.378564961751302 5.4582469671964651 1.3538956165313722 25.74376312255859 -1.0755395060487554 3.8900610129038493 -3.6989164352416952 -9.3187189737955745 28.382388305664058 -7.4918944835662842 4.0924062093098952 -5.5457530975341784 -9.7704511369977691 28.176249186197907 -9.2061550776163745
leaf_weight=88 3.0000000000000018 162 232 11.000000000000002 40 180 14.000000000000002 5.9999999999999991 3.9999999999999991 130 5 3 84 36 5.9999999999999991 64 263 5 113 11.999999999999998 3.0000000000000027 2.9999999999999991 3 3.9999999999999991 3 3 6.9999999999999991 3 11.999999999999998
leaf_count=88 3 162 232 11 40 180 14 6 4 130 5 3 84 36 6 64 263 5 113 12 3 3 3 4 3 3 7 3 12
internal_value=-0.013984 -1.0905 -0.321271 9.40902 7.77653 -2.01686 14.4312 21.5554 7.70274 -3.8119 17.8327 12.4152 1.22137 5.29873 8.50051 3.47737 0.546845 22.0841 -0.227937 2.23037 -8.96227 -7.91257 27.4639 -9.18493 2.74627 -4.62233 -9.25622 28.2793 -9.22867
internal_weight=1502 1348 1228 154 129 585 35 17 18 292 25 16 643 94 46 148 495 8 293 48 120 21 9 99 8 6 95 6 15
internal_count=1502 1348 1228 154 129 585 35 17 18 292 25 16 643 94 46 148 495 8 293 48 120 21 9 99 8 6 95 6 15
is_linear=0
shrinkage=0.05


Tree=8
num_leaves=29
num_cat=0
split_feature=3 0 4 4 3 4 1 8 4 4 7 0 3 0 1 4 4 0 0 1 1 1 2 0 2 5 1 2
split_gain=5.69567e+06 2.83118e+06 1.72794e+06 1.65558e+06 1.24975e+06 1.01747e+06 909913 685987 513896 487792 425037 375132 320574 134262 78391.5 61373.7 56200 31161.2 25415.5 21471.4 24348.4 25961.2 6615.53 671.711 248.562 1.35989 1.67072 0.593502
threshold=0.91673356697534736 29601.600000000002 44395.000000000007 44810.000000000007 0.74663007214249622 44735.000000000007 36487.450000000012 2.5000000000000004 42195.000000000007 35390.000000000007 1.5000000000000002 35198.900000000009 0.94904381695332218 30340.000000000004 36353.295000000006 39715.000000000007 37010.000000000007 34724.700000000004 34042.500000000007 21241.735000000004 25454.475000000002 22436.52 2160.8950000000004 33461.350000000006 2431.7600000000007 4.5000000000000009 10454.065000000002 2529.6200000000003
decision_type=2 2 2 2 2 2 2 2 2 2 2 2 2 2 2 2 2 2 2 2 2 2 2 2 2 2 2 2
left_child=1 19 15 5 7 11 14 8 -3 10 -6 -4 -8 -11 -5 23 -9 -7 -17 25 21 -21 -20 24 -2 -1 -27 -22
right_child=2 4 3 6 9 17 12 16 -10 13 -12 -13 -14 -15 -16 18 -18 -19 22 20 27 -23 -24 -25 -26 26 -28 -29
leaf_value=-8.7545486450195309 4.2642376200358054 -7.5209994522493275 8.9381784566243478 2.2374891567230226 10.583295785813105 27.209405994415278 3.8154374440511072 0.60463813533302124 -2.5375420748137167 -6.8613649050394701 2.7153962277351544 26.171269226074219 22.254586115750399 0.65834359293267564 8.4981398264567058 -3.0895092646280928 -0.82457017580424352 31.434661356608075 1.149684637471249 -7.7158797454833961 -8.7251795450846359 -3.8944700717926026 2.6492514689763387 5.0210646820068368 4.6250686645507812 -8.7545486450195309 -8.7868627548217777 -8.7500438054402672
leaf_weight=70 15.000000000000005 67 15.000000000000002 30 21 16.000000000000004 2.9999999999999991 119 227 5.9999999999999991 94 3.9999999999999991 10.999999999999998 556 5.9999999999999991 2.9999999999999991 163 5.9999999999999991 19.000000000000004 10.000000000000002 2.9999999999999991 7.9999999999999991 11.999999999999998 4.9999999999999991 6.9999999999999991 7.9999999999999991 7.9999999999999991 11.999999999999998
leaf_count=70 15 67 15 30 21 16 3 119 227 6 94 4 11 556 6 3 163 6 19 10 3 8 12 5 7 8 8 12
internal_value=0.0460842 -0.971323 9.22952 13.5942 -0.271361 21.0419 7.48721 -1.9833 -3.67323 1.18518 4.15214 12.5662 18.3033 0.578062 3.28093 2.71821 -0.221465 28.3617 1.3049 -8.34152 -7.25729 -6.01748 1.73016 4.49794 4.37905 -8.75755 -8.77071 -8.74507
internal_weight=1524 1372 152 91 1253 41 50 576 294 677 115 19 14 562 36 61 282 22 34 119 33 18 31 27 22 86 16 15
internal_count=1524 1372 152 91 1253 41 50 576 294 677 115 19 14 562 36 61 282 22 34 119 33 18 31 27 22 86 16 15
is_linear=0
shrinkage=0.05


Tree=9
num_leaves=29
num_cat=0
split_feature=3 0 4 4 3 1 4 8 4 4 7 6 0 1 4 4 0 0 1 1 0 2 2 5 3 6 2 1
split_gain=5.05491e+06 2.65768e+06 2.01359e+06 1.37129e+06 1.12985e+06 1.04818e+06 796101 656098 549966 508095 604069 433500 121679 100191 67467.7 60625.5 26396 18989.1 14116.6 21371.2 26743.3 5322.9 960.116 821.11 218.699 8.41849 0.577923 0.00280942
threshold=0.91673356697534736 29601.600000000002 44395.000000000007 44810.000000000007 0.74663007214249622 36671.910000000011 44735.000000000007 2.5000000000000004 42195.000000000007 35390.000000000007 1.5000000000000002 9.5000000000000018 30340.000000000004 36487.450000000012 39715.000000000007 37010.000000000007 33461.350000000006 34042.500000000007 21241.735000000004 25454.475000000002 28316.150000000005 2160.8950000000004 1999.3900000000001 1.0000000180025095e-35 0.92191960862866529 23.500000000000004 2529.6200000000003 19516.660000000003
decision_type=2 2 2 2 2 2 2 2 2 2 2 2 2 2 2 2 2 2 2 2 2 2 2 2 2 2 2 2
left_child=1 18 14 6 7 13 11 8 -3 10 -6 -4 -11 -5 23 -9 -8 -16 25 20 -20 -19 -7 -2 -25 27 -21 -1
right_child=2 4 3 5 9 22 16 15 -10 12 -12 -13 -14 -15 17 -17 -18 21 19 26 -22 -23 -24 24 -26 -27 -28 -29
leaf_value=-8.3167628828301492 4.8762844848632811 -7.7177663680045843 22.301254108973904 2.4178144250597278 12.683312670389812 23.331037597656248 24.682355499267572 0.67236774438811897 -2.4017775685386322 -6.5182968139648443 2.6304772577502513 6.3844697085293864 0.6403177829666642 10.101622314453126 -2.0484029293060302 -0.80259591805859931 28.099249267578127 1.1366855959097544 -7.694349718093874 -8.288920847574861 -3.462514236995152 2.3929111994229832 24.462476603190098 4.5812198638915964 4.1284173647562659 -8.4019149780273441 -8.3131035396030963 -8.315205383300782
leaf_weight=83 4.9999999999999991 62 7.0000000000000027 28 18 5 10.000000000000002 124 226 5.9999999999999991 88 10.999999999999998 557 4.9999999999999991 3.9999999999999991 159 12.999999999999998 24 7.9999999999999982 3.0000000000000027 7 12.999999999999998 3 3.0000000000000027 24 2.9999999999999991 13.999999999999998 2.9999999999999991
leaf_count=83 5 62 7 28 18 5 10 124 226 6 88 11 557 5 4 159 13 24 8 3 7 13 3 3 24 3 14 3
internal_value=0.0517178 -0.92263 8.60712 13.9842 -0.23243 7.51828 20.45 -1.8661 -3.54619 1.16193 4.33756 12.5743 0.564027 3.58203 2.56715 -0.156322 26.6136 1.22426 -7.99575 -7.09508 -5.71949 1.57806 23.7553 4.28772 4.17873 -8.31958 -8.30884 -8.31671
internal_weight=1516 1361 155 82 1240 41 41 571 288 669 106 18 563 33 73 283 23 41 121 32 15 37 8 32 27 89 17 86
internal_count=1516 1361 155 82 1240 41 41 571 288 669 106 18 563 33 73 283 23 41 121 32 15 37 8 32 27 89 17 86
is_linear=0
shrinkage=0.05


Tree=10
num_leaves=30
num_cat=0
split_feature=3 0 2 7 1 3 8 1 8 6 0 3 2 7 0 0 8 0 0 1 1 2 1 1 0 0 1 6 6
split_gain=4.47639e+06 2.49812e+06 1.11251e+06 877769 2.2702e+06 710196 531626 595812 365111 271885 178499 162487 131588 213611 125495 87294.8 45072.4 26120.3 9949.08 7759.28 15973.7 18459.1 992.483 850.952 681.897 175.378 125.318 9.9895 0.00238105
threshold=0.91812234930375192 29601.600000000002 6873.8300000000008 5.5000000000000009 33356.565000000002 0.94904381695332218 2.5000000000000004 23067.700000000001 3.5000000000000004 9.5000000000000018 31315.800000000007 0.85934008924100536 2664.8250000000003 1.5000000000000002 38388.450000000004 38388.450000000004 3.5000000000000004 34724.700000000004 33244.05000000001 21241.735000000004 25410.340000000004 5786.6200000000008 33743.349999999999 25977.815000000006 40030.200000000004 35889.600000000013 34142.155000000006 23.500000000000004 20.500000000000004
decision_type=2 2 2 2 2 2 2 2 2 2 2 2 2 2 2 2 2 2 2 2 2 2 2 2 2 2 2 2 2
left_child=1 19 8 5 17 12 7 -4 10 24 -3 -10 15 -14 -11 -2 -8 18 -5 27 21 -21 25 -22 -7 -6 -24 28 -1
right_child=3 2 6 4 22 9 16 -9 11 14 -12 -13 13 -15 -16 -17 -18 -19 -20 20 23 -23 26 -25 -26 -27 -28 -29 -30
leaf_value=-7.9009826660156257 2.9999077710552493 -6.576600503921509 -5.0826390825164545 22.306504440307577 0.97508964538574183 22.177293395996099 -0.57210981024400842 -0.98080447112838631 2.1498603262313423 15.68589452107747 0.97436806552958299 5.5339154188183777 12.325108782450357 2.4304218435287472 1.2236157099405922 10.597413206100464 0.54445643192993665 28.59824645996094 25.158075303297778 -2.9147543430328344 -7.9426387786865238 -6.881134501370517 1.6953387498855588 -8.8841313680013023 23.130811055501297 1.4025065422058103 2.0911259174346921 -7.9816844940185554 -7.9002489530123201
leaf_weight=74 69 7.9999999999999991 157 4.0000000000000062 6.0000000000000018 4.9999999999999982 197 203 73 3 361 69 12 10 3 3.9999999999999991 167 4.9999999999999991 12.999999999999998 4.0000000000000027 11.999999999999998 10.999999999999998 4 2.9999999999999991 3 4 4 3.9999999999999991 12.999999999999998
leaf_count=74 69 8 157 4 6 5 197 203 73 3 361 69 12 10 3 4 167 5 13 4 12 11 4 3 3 4 4 4 13
internal_value=0.0856556 -0.818262 -0.146514 8.31191 14.647 5.98712 -1.40726 -2.76966 1.63975 16.5005 0.810661 3.79423 4.43778 7.82752 8.45476 3.41621 -0.059839 25.4215 24.4871 -7.67453 -6.97719 -5.82343 1.47813 -8.13094 22.5349 1.14606 1.89323 -7.90443 -7.90087
internal_weight=1505 1356 1235 149 40 109 724 360 511 14 369 142 95 22 6 73 364 22 17 121 30 15 18 15 8 10 8 91 87
internal_count=1505 1356 1235 149 40 109 724 360 511 14 369 142 95 22 6 73 364 22 17 121 30 15 18 15 8 10 8 91 87
is_linear=0
shrinkage=0.05


end of trees

feature_importances:
total_load=73
net_load=67
thermal_on_capacity=51
thermal_space_load_ratio=33
renewable_power=29
month=16
period=14
weekday=14
hour=2

parameters:
[boosting: gbdt]
[objective: regression]
[metric: rmse]
[tree_learner: serial]
[device_type: cpu]
[data_sample_strategy: bagging]
[data: ]
[valid: ]
[num_iterations: 400]
[learning_rate: 0.05]
[num_leaves: 31]
[num_threads: 0]
[seed: 42]
[deterministic: 0]
[force_col_wise: 0]
[force_row_wise: 0]
[histogram_pool_size: -1]
[max_depth: 5]
[min_data_in_leaf: 3]
[min_sum_hessian_in_leaf: 0.001]
[bagging_fraction: 0.85]
[pos_bagging_fraction: 1]
[neg_bagging_fraction: 1]
[bagging_freq: 1]
[bagging_seed: 400]
[bagging_by_query: 0]
[feature_fraction: 0.85]
[feature_fraction_bynode: 1]
[feature_fraction_seed: 30056]
[extra_trees: 0]
[extra_seed: 12879]
[early_stopping_round: 0]
[early_stopping_min_delta: 0]
[first_metric_only: 0]
[max_delta_step: 0]
[lambda_l1: 0]
[lambda_l2: 0]
[linear_lambda: 0]
[min_gain_to_split: 0]
[drop_rate: 0.1]
[max_drop: 50]
[skip_drop: 0.5]
[xgboost_dart_mode: 0]
[uniform_drop: 0]
[drop_seed: 17869]
[top_rate: 0.2]
[other_rate: 0.1]
[min_data_per_group: 100]
[max_cat_threshold: 32]
[cat_l2: 10]
[cat_smooth: 10]
[max_cat_to_onehot: 4]
[top_k: 20]
[monotone_constraints: ]
[monotone_constraints_method: basic]
[monotone_penalty: 0]
[feature_contri: ]
[forcedsplits_filename: ]
[refit_decay_rate: 0.9]
[cegb_tradeoff: 1]
[cegb_penalty_split: 0]
[cegb_penalty_feature_lazy: ]
[cegb_penalty_feature_coupled: ]
[path_smooth: 0]
[interaction_constraints: ]
[verbosity: -1]
[saved_feature_importance_type: 0]
[use_quantized_grad: 0]
[num_grad_quant_bins: 4]
[quant_train_renew_leaf: 0]
[stochastic_rounding: 1]
[linear_tree: 0]
[max_bin: 255]
[max_bin_by_feature: ]
[min_data_in_bin: 3]
[bin_construct_sample_cnt: 200000]
[data_random_seed: 175]
[is_enable_sparse: 1]
[enable_bundle: 1]
[use_missing: 1]
[zero_as_missing: 0]
[feature_pre_filter: 1]
[pre_partition: 0]
[two_round: 0]
[header: 0]
[label_column: ]
[weight_column: ]
[group_column: ]
[ignore_column: ]
[categorical_feature: ]
[forcedbins_filename: ]
[precise_float_parser: 0]
[parser_config_file: ]
[objective_seed: 16083]
[num_class: 1]
[is_unbalance: 0]
[scale_pos_weight: 1]
[sigmoid: 1]
[boost_from_average: 1]
[reg_sqrt: 0]
[alpha: 0.9]
[fair_c: 1]
[poisson_max_delta_step: 0.7]
[tweedie_variance_power: 1.5]
[lambdarank_truncation_level: 30]
[lambdarank_norm: 1]
[label_gain: ]
[lambdarank_position_bias_regularization: 0]
[eval_at: ]
[multi_error_top_k: 1]
[auc_mu_weights: ]
[num_machines: 1]
[local_listen_port: 12400]
[time_out: 120]
[machine_list_filename: ]
[machines: ]
[gpu_platform_id: -1]
[gpu_device_id: -1]
[gpu_use_dp: 0]
[num_gpu: 1]

end of parameters

pandas_categorical:[]
