tree
version=v4
num_class=1
num_tree_per_iteration=1
label_index=0
max_feature_idx=22
objective=regression
feature_names=total_load net_load renewable_power thermal_space_load_ratio thermal_on_capacity hour period weekday month is_weekend is_holiday price_lag_1d price_lag_2d price_lag_3d price_lag_7d price_ma_3d price_ma_7d price_std_7d net_load_lag_1d knn_similar_price weighted_knn_regression_price knn_similar_count knn_similar_min_distance
feature_infos=[31325.099999999999:48277.599999999999] [13380.389999999999:45874.959999999999] [1144.03:19856.66] [0.41387726832827804:0.97282505160491894] [27170:49115] [18:21] [73:88] [0:6] [1:5] [0:1] none [0:1500] [0:1500] [0:1500] [0:1500] [5.9733333333333336:1035.48] [79.428571428571431:846.28571428571433] [11.335333957067826:492.08120199323025] [13380.389999999999:45874.959999999999] [0:1500] [0:1500.0000000000002] [3:5] [0:1.5445945531214476]
tree_sizes=2495 2606 2690 2568 2428 2588 2776 2501 2544 2469 2367 2846 2778 2735 2614

Tree=0
num_leaves=27
num_cat=0
split_feature=3 4 3 12 11 3 16 22 20 0 14 3 8 17 4 4 1 17 19 0 22 5 0 13 0 5
split_gain=7.092e+07 2.71323e+07 1.22592e+07 1.18897e+07 7.30296e+06 6.62112e+06 5.09506e+06 3.21774e+06 3.03582e+06 2.39044e+06 1.34243e+06 929059 866479 802822 365823 336630 276266 16082.8 14992.7 14434.9 13964.7 12574.2 11100.1 2748.8 652.392 3.72529e-09
threshold=0.89684079943224571 48480.000000000007 0.96667942604169388 359.50000000000006 1499.5000000000002 0.81676849653691475 241.50000000000003 0.086491575648801527 172.89905566062012 47230.750000000007 13.810000000000002 0.67043802720645551 2.5000000000000004 68.327381020795031 48702.000000000007 39497.500000000007 23198.775000000001 416.81021445133382 1435.0570000000005 44186.250000000007 0.33205596483261518 20.500000000000004 46718.350000000006 186.53500000000003 45152.000000000007 20.500000000000004
decision_type=2 2 2 10 10 2 2 2 2 2 8 2 2 2 2 2 2 2 2 2 2 2 2 10 2 2
left_child=5 2 3 6 25 8 -2 -5 16 10 -7 12 -10 -12 19 -13 23 18 -16 21 -18 -3 -19 -1 -21 -4
right_child=1 14 4 7 -6 9 -8 -9 11 -11 13 15 -14 -15 17 -17 20 22 -20 24 -22 -23 -24 -25 -26 -27
leaf_value=386.34342357880809 450.86088306672315 441.07658062226511 461.30388347871042 418.27598612453426 406.14138123161536 446.30388042695262 410.53164187220318 436.25989512370961 395.15960350140648 437.05388042695262 407.45669722044079 402.4216501391021 400.30356393087385 404.23543806803866 448.77271435029246 400.29495243095027 392.54213135010934 453.15388042695264 450.68165820473041 444.08771424856724 396.09277016355202 443.97188172903594 450.43358013398387 387.13710628754831 444.82504741914011 461.30388347871042
leaf_weight=24 7.9999999999999991 10.000000000000005 15.999999999999998 38 7.9999999999999991 1.9999999999999989 372 72 135 5.9999999999999991 288 396 208 589 24 351 3.9999999999999991 5.9999999999999973 18 5.9999999999999982 8.9999999999999982 5.9999999999999991 10 20 6 8.0000000000000018
leaf_count=24 4 5 8 19 4 1 194 36 135 3 172 302 193 335 12 320 4 3 9 3 9 3 5 20 3 4
internal_value=406.835 421.816 417.529 415.571 447.513 402.352 411.381 430.047 399.845 405.601 405.387 400.433 398.279 405.293 447.839 401.422 388.596 450.105 449.591 443.145 395 442.162 451.454 386.704 444.456 461.304
internal_weight=2640 608 522 490 32 2032 380 110 1147 885 879 1090 343 877 86 747 57 58 42 28 13 16 16 44 12 24
internal_count=1830 312 269 253 16 1518 198 55 1007 511 508 950 328 507 43 622 57 29 21 14 13 8 8 44 6 12
is_linear=0
shrinkage=1


Tree=1
num_leaves=28
num_cat=0
split_feature=3 4 4 22 19 2 12 20 0 14 7 3 14 4 2 14 19 4 1 13 2 6 19 5 16 3 7
split_gain=6.17151e+07 2.2864e+07 9.30344e+06 1.3804e+07 1.4586e+07 6.10652e+06 4.44931e+06 2.61803e+06 2.16136e+06 2.08896e+06 1.30008e+06 2.08744e+06 1.26468e+06 918907 778400 696008 395497 359156 215922 133002 18253.5 10859.5 10678.8 6932.47 4662.8 3205.37 2941.23
threshold=0.89684079943224571 48480.000000000007 42910.000000000007 0.093067007445973168 369.30000000000007 7112.9500000000016 389.50000000000006 172.89905566062012 47230.750000000007 1210.0000000000002 1.0000000180025095e-35 0.86463598906069195 13.810000000000002 37979.500000000007 18615.260000000006 330.75000000000006 287.10000000000008 48702.000000000007 22918.085000000003 252.06000000000003 4143.3350000000009 75.500000000000014 1058.9560000000001 18.500000000000004 391.37214285714293 0.92608236387654286 3.5000000000000004
decision_type=2 2 2 2 2 2 10 2 2 10 2 2 8 2 2 8 2 2 2 8 2 2 2 2 2 2 2
left_child=5 2 6 9 -5 8 13 18 10 -4 11 -1 -12 -2 16 -8 -9 20 26 -16 24 -20 25 -24 -3 -19 -7
right_child=1 17 3 4 -6 7 15 14 -10 -11 12 -13 -14 -15 19 -17 -18 22 21 -21 -22 -23 23 -25 -26 -27 -28
leaf_value=1.0257816911745472 4.0601426992416378 34.340150451660129 0.43659478063676876 3.9356666407099477 35.394040023047346 -18.416438802083334 44.020338948567726 -6.6639120668664988 28.897305297851563 15.854572912624903 37.684805297851561 20.26157913208008 -2.1279012577964909 -2.6686209660131954 -15.793530273437501 19.937005615234369 -4.6811281912331921 39.344698079427062 -9.6193832397460959 -9.9518162376002266 32.658870239257816 -12.774462890624998 43.081518554687506 41.398372474083537 35.898528544108075 40.760098775227867 -19.254667663574221
leaf_weight=119 100 8.0000000000000053 102 54 116 18 5.9999999999999973 545 5.9999999999999991 28 1.9999999999999989 15.999999999999998 752 103 20 6.0000000000000009 467 6.0000000000000027 5.9999999999999982 19 9.9999999999999982 5 7.9999999999999991 26 11.999999999999998 11.999999999999998 25
leaf_count=68 50 4 51 27 58 18 3 501 3 14 1 8 438 59 20 3 386 3 6 19 5 5 4 13 6 6 25
internal_value=0.12991 14.2377 10.3332 16.0223 25.4014 -4.08125 2.39484 -6.56772 -1.01137 3.75739 -1.21323 3.30558 -2.0223 0.646041 -6.01606 31.9787 -5.74893 38.7597 -17.3047 -12.9476 34.4031 -11.0535 41.2731 41.7944 35.2752 40.2883 -18.9038
internal_weight=2597 597 515 300 170 2000 215 1105 895 130 889 135 754 203 1051 12 1012 82 54 39 30 11 52 34 20 18 43
internal_count=1804 306 265 150 85 1498 115 980 518 65 515 76 439 109 926 6 887 41 54 39 15 11 26 17 10 9 43
is_linear=0
shrinkage=0.05


Tree=2
num_leaves=29
num_cat=0
split_feature=3 4 12 12 7 7 2 18 20 11 11 14 18 1 2 2 18 11 4 1 14 12 22 2 6 17 16 13
split_gain=5.10335e+07 2.1387e+07 7.62615e+06 8.14304e+06 8.19522e+06 8.11186e+06 5.49145e+06 3.56934e+06 2.67894e+06 2.38303e+06 1.24077e+06 1.11227e+06 1.13582e+06 984088 789330 731624 476416 379694 290742 185367 158651 143365 16859.5 13744.3 11469.5 5427.85 5181.84 2552.04
threshold=0.89684079943224571 48480.000000000007 245.55500000000004 338.50000000000006 2.5000000000000004 4.5000000000000009 7112.9500000000016 39783.075000000004 172.89905566062012 396.50000000000006 1055.0000000000002 13.810000000000002 26195.895000000004 37435.060000000005 6092.670000000001 18615.260000000006 29202.095000000005 1246.6450000000002 48702.000000000007 22918.085000000003 299.01000000000005 395.50000000000006 0.35378513423045665 4143.3350000000009 86.500000000000014 416.81021445133382 387.77071428571435 186.53500000000003
decision_type=2 2 10 10 2 2 2 10 2 8 10 8 8 2 2 2 10 8 2 2 8 10 2 2 2 2 2 10
left_child=6 2 5 9 -5 7 10 -2 19 -4 11 -1 -13 -7 17 16 -10 -12 23 27 -17 -16 -21 26 25 -20 -3 -8
right_child=1 18 3 4 -6 13 8 -9 15 -11 14 12 -14 -15 21 20 -18 -19 24 22 -22 -23 -24 -25 -26 -27 -28 -29
leaf_value=35.800564575195317 -1.7055062954242413 32.301890055338504 -1.3381022750716849 25.221331336705582 -0.62607037658276765 31.672467041015626 -18.316477294921878 41.078023274739586 -4.2209008893661224 8.2934659863511726 9.9978260551180131 1.9260019196690739 -2.5136815997312696 48.309014587402345 -1.6741268217563627 -16.060093374813302 -6.4137992818376661 25.031404622395836 39.059164047241211 -13.236433105468752 -9.6289450905539766 6.5235642433166507 -9.4349902561732701 31.0791015625 37.094128417968754 40.2395490373884 34.05814470563616 -17.586683057702107
leaf_weight=1.9999999999999989 26 6.0000000000000062 194 92 46 15.999999999999998 25 5.9999999999999991 441 96 14.000000000000002 185 651 20 16.000000000000004 17 565 5.9999999999999991 32 4.9999999999999982 22 7.9999999999999991 7 7.9999999999999991 5.9999999999999991 13.999999999999998 13.999999999999998 23
leaf_count=1 18 3 97 46 23 8 25 3 335 48 7 99 383 10 8 17 546 3 16 5 22 4 7 4 3 7 7 23
internal_value=-0.155818 12.9484 9.07905 6.60781 16.6055 24.6333 -3.95452 6.31641 -6.3029 1.85028 -1.0124 -1.44212 -1.53122 40.915 7.17183 -5.71299 -5.4525 14.5079 36.9384 -16.5772 -12.4323 1.05844 -11.0189 32.8306 39.1502 39.4184 33.5313 -17.9668
internal_weight=2563 576 496 428 138 68 1987 32 1105 290 882 838 836 36 44 1045 1006 20 80 60 39 24 12 28 52 46 20 48
internal_count=1778 293 253 214 69 39 1485 21 980 145 505 483 482 18 22 920 881 10 40 60 39 12 12 14 26 23 10 48
is_linear=0
shrinkage=0.05


Tree=3
num_leaves=28
num_cat=0
split_feature=3 4 4 4 12 2 12 19 1 14 7 1 14 2 11 18 4 1 2 16 3 19 6 6 13 7 1
split_gain=5.01016e+07 2.06344e+07 7.28816e+06 8.97115e+06 1.10266e+07 5.18045e+06 3.35383e+06 2.28029e+06 1.83634e+06 1.13027e+06 1.11288e+06 1.94435e+06 1.04034e+06 748926 668066 425884 303442 158849 150370 16632 11486.3 8611.99 4606.21 4515.81 3446.29 2553.79 1474.52
threshold=0.89684079943224571 48480.000000000007 42910.000000000007 47710.000000000007 289.22500000000008 7386.0750000000007 389.50000000000006 156.73800000000003 41679.105000000003 452.00000000000006 1.0000000180025095e-35 36659.405000000006 13.810000000000002 18615.260000000006 419.50000000000006 29202.095000000005 48702.000000000007 22918.085000000003 19247.695000000003 391.37214285714293 0.93741082127103403 23.647000000000002 75.500000000000014 86.500000000000014 279.93000000000006 3.5000000000000004 41143.445000000007
decision_type=2 2 2 2 10 2 10 2 2 8 2 2 8 2 10 10 2 2 2 2 2 2 2 2 10 2 2
left_child=5 2 6 4 -4 8 14 17 10 -5 11 -1 -12 15 -2 -9 19 25 -15 24 23 -19 -22 -18 -3 -7 -21
right_child=1 16 3 9 -6 7 -8 13 -10 -11 12 -13 -14 18 -16 -17 20 21 -20 26 22 -23 -24 -25 -26 -27 -28
leaf_value=1.3444829175071995 -1.4245937751399147 30.658188883463534 39.096315874372209 -1.7944938270484698 12.557437443733216 -16.617774047851565 29.99742095947266 -4.1689419218122143 26.451429239908858 10.462496486993937 34.010537719726564 26.703722763061524 -2.0947167924674508 -9.6339240670204163 5.2837332458496098 -6.2917482171607064 36.823337131076379 -11.997988637288415 -15.452937945197611 31.745175933837899 38.639349873860681 -8.7169841766357408 37.439582316080731 35.239422607421879 29.072970581054683 -17.357531574794226 32.782080078124999
leaf_weight=137 144 6.0000000000000009 56 68 130 20 9.9999999999999982 438 5.9999999999999991 26 1.9999999999999989 7.9999999999999991 821 32 50 513 18.000000000000004 2.9999999999999982 17 7.9999999999999982 11.999999999999998 6 24 5.9999999999999991 8 28 6
leaf_count=76 79 3 28 34 65 20 5 337 3 13 1 4 490 32 25 504 9 3 17 4 6 6 12 3 4 28 3
internal_value=-0.0737515 12.9975 8.9481 14.1852 20.5476 -3.75506 1.7599 -6.1791 -1.12444 1.59574 -1.29537 2.74361 -2.00698 -5.62465 0.304356 -5.31405 35.2689 -15.9064 -11.6528 30.971 37.2746 -9.81065 37.8395 36.4274 29.7523 -17.0493 32.1896
internal_weight=2603 572 484 280 186 2031 204 1057 974 94 968 145 823 1000 194 951 88 57 49 28 60 9 36 24 14 48 14
internal_count=1814 293 249 140 93 1521 109 947 574 47 571 80 491 890 104 841 44 57 49 14 30 9 18 12 7 48 7
is_linear=0
shrinkage=0.05


Tree=4
num_leaves=26
num_cat=0
split_feature=3 16 18 22 12 2 2 14 22 18 19 7 7 1 14 2 7 18 22 1 14 19 19 7 12
split_gain=4.17253e+07 1.1332e+07 8.77272e+06 1.95892e+07 7.19472e+06 4.95973e+06 4.64454e+06 2.08023e+06 1.9422e+06 1.9197e+06 1.89871e+06 1.79116e+06 848771 1.81035e+06 939166 619400 488245 335495 288038 141609 104159 7772.32 5380.1 2266.42 697.59
threshold=0.89684079943224571 241.50000000000003 33501.080000000009 0.099837432872148787 379.00000000000006 1575.4650000000004 7386.0750000000007 1210.0000000000002 0.42892739275888198 43743.390000000007 156.73800000000003 1.5000000000000002 1.0000000180025095e-35 36659.405000000006 13.810000000000002 18615.260000000006 3.5000000000000004 29202.095000000005 0.19179775798660237 22918.085000000003 307.48000000000008 23.647000000000002 1458.9970000000003 3.5000000000000004 186.53500000000003
decision_type=2 2 10 2 10 2 2 10 2 10 2 2 2 2 8 2 2 10 2 2 8 2 2 2 10
left_child=6 16 4 7 5 -3 9 -4 -6 12 19 -5 13 -1 -14 17 -2 -12 -11 23 -17 -21 24 -8 -18
right_child=1 2 3 11 8 -7 10 -9 -10 18 15 -13 14 -15 -16 20 22 -19 -20 21 -22 -23 -24 -25 -26
leaf_value=0.89879085721760765 49.573155975341798 45.794836425781256 -0.29289651676720263 24.406205557543657 7.6918562889099125 -0.19417403638362885 -15.791942154733759 16.06794438958168 29.027363395690919 26.602021280924482 -4.0599674735825495 36.449977111816409 32.310009765625004 25.368535995483398 -1.9961327265343578 -13.167736117045084 35.579813639322872 -5.9185191768339314 11.10907753308614 -11.398089345296228 -8.5562600860595719 -8.2811351776123043 36.662952423095703 -16.516411621093749 34.935428728376117
leaf_weight=137 7.9999999999999991 5.9999999999999991 102 58 15.999999999999998 256 19 24 32 5.9999999999999982 454 66 1.9999999999999989 7.9999999999999991 795 24 6.0000000000000062 522 6 2.9999999999999982 25 6 7.9999999999999991 25 13.999999999999998
leaf_count=78 4 3 51 29 8 135 19 12 16 3 352 33 1 4 478 24 3 514 3 3 25 6 4 25 7
internal_value=-0.145714 11.4874 9.73932 16.7081 4.11937 0.859009 -3.55778 2.82345 21.9155 -1.01673 -5.80655 30.8166 -1.26988 2.24885 -1.91004 -5.32939 38.6795 -5.05399 18.8555 -15.0347 -10.8149 -9.32012 35.5671 -16.2036 35.1287
internal_weight=2628 596 560 250 310 262 2032 126 48 954 1078 124 942 145 797 1025 36 976 12 53 49 9 28 44 20
internal_count=1840 305 287 125 162 138 1535 63 24 567 968 62 561 82 479 915 18 866 6 53 49 9 14 44 10
is_linear=0
shrinkage=0.05


Tree=5
num_leaves=27
num_cat=0
split_feature=3 4 3 16 12 18 3 20 8 0 19 14 18 2 4 18 2 14 2 17 0 0 14 16 0 1
split_gain=4.01641e+07 1.61835e+07 6.56938e+06 6.72182e+06 5.60078e+06 5.57974e+06 4.34708e+06 1.90235e+06 1.56577e+06 2.71579e+06 885261 794453 614315 419094 227243 133426 107593 42139.9 13525.8 9336.2 11555.8 5728.46 4564.03 4064.06 1237.88 523.498
threshold=0.89684079943224571 48480.000000000007 0.96667942604169388 241.50000000000003 450.50000000000006 34452.465000000004 0.83152106125963487 126.52886156325138 4.5000000000000009 38336.700000000004 273.87000000000006 13.810000000000002 43743.390000000007 18937.950000000001 48702.000000000007 28731.845000000005 11266.375000000002 314.50000000000006 4143.3350000000009 416.81021445133382 44115.55000000001 34614.750000000007 190.65500000000003 387.77071428571435 42098.05000000001 25260.685000000001
decision_type=2 2 2 2 10 10 2 2 2 2 2 8 10 2 2 10 2 10 2 2 2 2 10 2 2 2
left_child=6 2 3 -2 24 -5 7 16 11 17 13 -8 -13 -9 18 -12 25 -10 23 20 -16 -18 -21 -3 -4 -1
right_child=1 14 4 5 -6 -7 8 10 9 -11 15 12 -14 -15 19 -17 21 -19 -20 22 -22 -23 -24 -25 -26 -27
leaf_value=-7.6998542785644535 47.085539550781249 27.755357869466117 43.797122955322259 1.1829566349302021 -1.1024473249912263 12.319286307534005 30.694509887695315 -6.246490176776045 -0.55270137786865181 41.458469645182298 -3.0571165633428832 -1.0401562985198962 11.44137529373169 -13.327231043035335 33.737107849121095 -4.3646726093794177 -15.421132798628376 4.5793025970458983 26.524382324218749 33.74140624999999 31.929551914760044 -13.162992350260417 35.343675994873045 29.349106852213545 44.639264933268237 -8.6339291890462224
leaf_weight=2.9999999999999991 9.9999999999999982 6.0000000000000062 16.000000000000004 280 9.9999999999999982 188 1.9999999999999989 417 8.0000000000000053 5.9999999999999991 341 695 9.9999999999999982 22 24 456 44 7.9999999999999991 9.9999999999999982 10.000000000000002 13.999999999999998 2.9999999999999991 7.9999999999999991 11.999999999999998 5.9999999999999991 3
leaf_count=3 5 3 8 146 5 94 1 390 4 3 240 395 5 22 12 406 44 4 5 5 7 3 4 6 3 3
internal_value=-0.0870628 11.3409 7.99152 6.52324 29.9239 5.65652 -3.4509 -5.1961 -0.365079 12.7711 -4.79834 -0.773841 -0.863113 -6.60133 31.6766 -3.80523 -14.4721 2.0133 27.9988 33.5155 33.0712 -15.277 34.4535 28.8179 44.0268 -8.16689
internal_weight=2612 594 510 478 32 468 2018 1289 729 22 1236 707 705 439 84 797 53 16 28 56 38 47 18 18 22 6
internal_count=1826 303 261 245 16 240 1523 1111 412 11 1058 401 400 412 42 646 53 8 14 28 19 47 9 9 11 6
is_linear=0
shrinkage=0.05


Tree=6
num_leaves=30
num_cat=0
split_feature=3 4 11 22 1 3 4 19 11 8 0 14 3 3 3 11 13 4 22 4 14 4 1 0 6 0 5 15 7
split_gain=3.44434e+07 1.367e+07 5.36116e+06 1.20025e+07 7.60997e+06 3.5411e+06 2.99671e+06 1.65292e+06 1.41467e+06 1.37475e+06 2.61179e+06 1.25789e+06 943355 881439 711993 648510 572184 563601 323345 293063 229150 174042 156976 12394.2 9604.82 7443.48 7287.92 6701.25 1981.41
threshold=0.89684079943224571 48480.000000000007 356.00000000000006 0.1267670885150812 37154.69000000001 0.83152106125963487 36767.500000000007 187.62000000000003 1055.0000000000002 4.5000000000000009 38336.700000000004 349.50000000000006 0.89940983052476742 0.87035219537695263 0.65830072324561473 300.50000000000006 252.06000000000003 36384.500000000007 0.21670426227998002 39497.500000000007 337.50000000000006 48702.000000000007 23198.775000000001 44186.250000000007 75.500000000000014 45243.750000000007 20.500000000000004 644.11333333333346 3.5000000000000004
decision_type=2 2 10 2 2 2 2 2 10 2 2 10 2 2 2 8 8 2 2 2 10 2 2 2 2 2 2 2 2
left_child=5 2 6 11 -5 7 15 22 9 17 -11 -4 -8 20 16 -2 -9 -7 -15 -16 -10 23 28 26 -23 -24 -3 -26 -1
right_child=1 21 3 4 -6 8 12 14 13 10 -12 -13 -14 18 19 -17 -18 -19 -20 -21 -22 24 25 -25 27 -27 -28 -29 -30
leaf_value=-14.2307689891142 35.75983072916668 25.172664489746083 -1.1356070749643372 10.183307374318442 34.449887215750557 1.0536334938701541 16.115822315216064 -10.607165215232158 -1.271868225932121 1.2936118867662216 39.385544840494795 7.0782964176601837 -1.444142500559489 24.325082778930653 -2.9325908893103052 14.014212608337401 -5.3333677883311914 -2.2831851172036139 10.838745193481445 -4.7132768687495483 8.3765617370605465 33.656837972005206 -8.1315993309021 28.267981567382812 31.815176391601565 -10.916133371988934 27.1973762512207 30.21533126831055 -14.930430297851565
leaf_weight=17 5.9999999999999973 10.000000000000004 82 60 70 174 7.9999999999999991 66 16.000000000000004 18.000000000000004 5.9999999999999991 108 174 8.0000000000000018 538 8 233 464 9.9999999999999982 405 9.9999999999999982 5.9999999999999991 11.999999999999998 9.9999999999999982 36 2.9999999999999991 8 7.9999999999999991 25
leaf_count=17 3 5 41 30 35 94 4 66 8 9 3 54 94 4 393 4 223 267 5 370 5 3 12 5 18 3 4 4 25
internal_value=-0.0714863 10.5036 7.55455 11.5432 23.2499 -3.20446 1.04244 -4.75356 -0.354198 -0.93122 10.8166 3.53335 -0.672276 8.32736 -4.37146 23.3338 -6.49748 -1.37314 16.8327 -3.69736 2.43907 30.0128 -13.0791 26.8566 31.7802 -8.68851 26.0725 31.5243 -14.6472
internal_weight=2599 594 516 320 130 2005 196 1299 706 662 24 190 182 44 1242 14 299 638 18 943 26 78 57 28 50 15 18 44 42
internal_count=1808 304 265 160 65 1504 105 1109 395 373 12 95 98 22 1052 7 289 361 9 763 13 39 57 14 25 15 9 22 42
is_linear=0
shrinkage=0.05


Tree=7
num_leaves=26
num_cat=0
split_feature=3 4 2 16 18 2 13 20 11 8 16 7 3 8 4 18 1 17 2 2 22 6 1 1 13
split_gain=3.26639e+07 1.21873e+07 5.90172e+06 5.61011e+06 5.33398e+06 3.59362e+06 2.89583e+06 1.68335e+06 1.35171e+06 1.27568e+06 2.14567e+06 960613 778945 599321 191012 186433 143870 88405.8 13931.9 13259.3 11834.8 6078.93 4155.84 2842.94 1771.85
threshold=0.89684079943224571 48480.000000000007 1323.1000000000001 241.50000000000003 33978.820000000014 6152.1250000000009 279.93000000000006 172.89905566062012 1246.6450000000002 4.5000000000000009 314.86714285714294 1.0000000180025095e-35 0.6807070784531889 2.5000000000000004 48702.000000000007 21105.650000000005 22918.085000000003 61.905699375425762 3090.1500000000005 4143.3350000000009 0.33205596483261518 75.500000000000014 40117.535000000003 40679.245000000003 181.40000000000003
decision_type=2 2 2 2 10 2 10 2 10 2 2 2 2 2 2 8 2 2 2 2 2 2 2 2 10
left_child=5 2 6 -4 -5 8 -2 16 9 11 -11 -1 13 -9 19 -14 24 -8 21 22 -18 -16 -3 -20 -7
right_child=1 14 3 4 -6 7 17 12 -10 10 -12 -13 15 -15 18 -17 20 -19 23 -21 -22 -23 -24 -25 -26
leaf_value=4.3287157047878617 -0.99891962210337271 25.382535705566397 43.251434936523438 0.85394285995594787 11.532662796331387 -14.249183509463357 40.129606246948235 -8.2919864006762243 20.693949508666993 1.6785756383623391 37.416269938151046 -1.3741121891666861 -0.2131428344452635 -4.2853749057624198 32.060765991210943 -3.4405598171079279 -10.257884368896484 33.012785847981768 29.898084259033205 23.939529113769535 -7.278599739074707 30.573984042080969 26.762665812174482 28.565103149414064 -13.626190490722657
leaf_weight=88 6.0000000000000027 10.000000000000002 9.9999999999999982 274 204 21 16.000000000000004 159 7.9999999999999991 14.000000000000002 5.9999999999999991 459 47 226 9.9999999999999982 933 4.9999999999999991 5.9999999999999991 7.9999999999999991 9.9999999999999982 9.9999999999999982 22 11.999999999999998 7.9999999999999991 25
leaf_count=44 3 5 5 144 102 21 8 159 4 7 3 270 27 208 5 730 5 3 4 5 10 11 6 4 25
internal_value=0.00825698 10.2829 7.46766 6.1868 5.41139 -3.05207 29.7913 -4.39758 0.284798 -0.00316197 12.3999 -0.456655 -4.03442 -5.94005 28.4414 -3.28578 -12.524 38.1887 30.4363 25.4491 -8.27169 31.0386 26.1353 29.2316 -13.9106
internal_weight=2597 596 516 488 478 2001 28 1426 575 567 20 547 1365 385 80 980 61 22 48 32 15 32 22 16 46
internal_count=1818 305 265 251 246 1513 14 1185 328 324 10 314 1124 367 40 757 61 11 24 16 15 16 11 8 46
is_linear=0
shrinkage=0.05


Tree=8
num_leaves=27
num_cat=0
split_feature=3 4 12 7 12 7 2 18 11 0 20 2 8 1 2 19 4 19 11 2 0 0 19 17 12 0
split_gain=2.86964e+07 1.18163e+07 4.94143e+06 6.34392e+06 3.84354e+06 4.6776e+06 3.18883e+06 2.75081e+06 2.33358e+06 1.24913e+06 1.24418e+06 782570 1.19224e+06 772602 486404 335261 173662 101224 98341.3 51025.2 11798.4 6936.05 6632.39 5054.12 4156.39 2616.81
threshold=0.89684079943224571 48480.000000000007 245.55500000000004 4.5000000000000009 338.50000000000006 2.5000000000000004 8367.9150000000027 38574.705000000009 394.83500000000009 47230.750000000007 126.52886156325138 6152.1250000000009 4.5000000000000009 37435.060000000005 18937.950000000001 287.10000000000008 48702.000000000007 242.60000000000005 1008.5000000000001 11266.375000000002 44186.250000000007 42648.000000000007 1058.9560000000001 419.63046437782646 259.50000000000006 44933.500000000007
decision_type=2 2 10 2 10 2 2 8 10 2 2 2 2 2 2 2 2 2 10 2 2 2 2 2 10 2
left_child=6 2 3 7 8 -6 9 -2 -4 11 19 12 -1 -5 15 -12 20 -16 -13 -8 21 -3 25 -24 -21 -18
right_child=1 16 4 13 5 -7 10 -9 -10 -11 14 18 -14 -15 17 -17 22 -19 -20 24 -22 -23 23 -25 -26 -27
leaf_value=-0.39885292221324725 -2.5014304860432945 24.568379592895486 -1.7967952683568003 24.609765625000001 17.37003093326793 -1.5580476333697639 -6.3774503072102871 34.585037231445312 7.3903279516432026 21.601753743489585 -5.2409443842834387 -2.728563080817624 12.024229106903077 39.049808016690349 -6.6855381011962853 -3.1441542657005868 28.669390258789054 -14.369746653238932 -0.065387223217938398 -13.21908191257053 25.53140563964844 22.667714945475261 28.978966111403249 30.416110992431641 -11.296955871582032 27.456148529052737
leaf_weight=562 30 8.0000000000000053 192 15.999999999999998 102 48 2.9999999999999991 5.9999999999999991 108 5.9999999999999991 517 549 20 22 6.0000000000000027 302 10.000000000000002 14.999999999999998 37 45 9.9999999999999982 11.999999999999998 26 7.9999999999999991 2.9999999999999991 7.9999999999999991
leaf_count=321 22 4 96 8 51 24 3 3 54 3 496 385 10 11 6 238 5 15 19 45 5 6 13 4 3 4
internal_value=-0.0579031 9.50899 6.74704 18.7205 4.77806 11.313 -2.86543 3.67965 1.51057 -1.15371 -5.12081 -1.27061 0.0280571 32.9698 -4.66043 -4.46777 27.1585 -12.1743 -2.56041 -12.7036 24.1291 23.428 28.9063 29.3171 -13.0989 28.1302
internal_weight=2671 606 524 74 450 150 2065 36 300 1174 891 1168 582 38 840 819 82 21 586 51 30 20 52 34 48 18
internal_count=1854 310 269 44 225 75 1544 25 150 738 806 735 331 19 755 734 41 21 404 51 15 10 26 17 48 9
is_linear=0
shrinkage=0.05


Tree=9
num_leaves=26
num_cat=0
split_feature=3 4 4 22 18 2 12 18 20 18 7 3 14 4 3 13 18 4 1 2 6 2 3 0 7
split_gain=2.50996e+07 1.13748e+07 3.69281e+06 7.64274e+06 1.03212e+07 2.9372e+06 2.90461e+06 1.49954e+06 1.31325e+06 1.03323e+06 873663 1.34895e+06 757455 630396 532107 563888 189398 149131 111455 11662.5 8695.54 6269.19 4661.07 2403.3 1678.96
threshold=0.89684079943224571 48480.000000000007 42910.000000000007 0.099837432872148787 30968.265000000003 6666.5500000000011 398.20000000000005 43743.390000000007 172.89905566062012 41898.260000000002 1.0000000180025095e-35 0.86463598906069195 13.810000000000002 37979.500000000007 0.66125720976363567 252.06000000000003 29202.095000000005 48702.000000000007 22918.085000000003 4143.3350000000009 86.500000000000014 18811.145 0.94775982087551547 44186.250000000007 3.5000000000000004
decision_type=2 2 2 2 10 2 8 10 2 10 2 2 8 2 2 8 10 2 2 2 2 2 2 2 2
left_child=5 2 6 9 -5 7 13 10 18 -4 11 -1 -12 -2 15 -10 -16 19 24 23 22 -20 -19 -3 -7
right_child=1 17 3 4 -6 8 -8 -9 14 -11 12 -13 -14 -15 16 -17 -18 20 21 -21 -22 -23 -24 -25 -26
leaf_value=1.510492519672229 2.9596281964864053 23.029159164428691 -0.37959492793158883 -1.9548732528686525 25.292151494611772 -12.184543132781982 35.566696675618488 18.835652923583986 -9.5651257345121206 13.109004455804826 29.362591552734376 19.189511744181313 -1.4545518683801806 -2.3572739223102195 -2.4242631647912241 -4.5239040051897375 -3.9264405850136637 27.340008205837673 -7.1392298380533861 21.609167175292971 25.605556233723959 -9.6946947733561206 28.477875773111982 24.147962697347008 -12.815206712292088
leaf_weight=107 112 8.0000000000000053 126 50 114 15.999999999999998 5.9999999999999991 9.9999999999999982 73 15.999999999999998 1.9999999999999989 11.999999999999998 658 111 359 231 505 36 11.999999999999998 9.9999999999999982 5.9999999999999991 2.9999999999999991 11.999999999999998 11.999999999999998 31
leaf_count=56 56 4 63 25 57 16 3 5 73 8 1 6 376 63 251 220 465 18 12 5 3 3 6 6 31
internal_value=-0.0838241 8.7244 6.03869 9.63228 16.9851 -2.78432 1.23677 -0.40319 -4.31172 1.14025 -0.650158 3.29325 -1.36117 0.313098 -3.93531 -5.73446 -3.30227 25.8299 -11.4029 23.0033 27.4002 -7.65032 27.6245 23.7004 -12.6005
internal_weight=2638 619 535 306 164 2019 229 789 1230 142 779 119 660 223 1168 304 864 84 62 30 54 15 48 20 47
internal_count=1832 317 275 153 82 1515 122 444 1071 71 439 62 377 119 1009 293 716 42 62 15 27 15 24 10 47
is_linear=0
shrinkage=0.05


Tree=10
num_leaves=25
num_cat=0
split_feature=3 4 3 11 18 22 19 16 2 0 14 18 19 19 8 14 4 18 17 0 6 14 2 16
split_gain=2.26061e+07 8.31007e+06 4.84433e+06 3.40465e+06 3.04826e+06 8.21867e+06 2.63457e+06 2.52409e+06 1.2196e+06 896270 618140 659116 449638 392775 230948 196757 134958 103987 52271.4 18510.4 8298.33 10839.5 8291.26 3051.5
threshold=0.89684079943224571 48480.000000000007 0.96667942604169388 1499.5000000000002 34996.195000000007 0.099837432872148787 352.73700000000002 241.50000000000003 15557.210000000001 47230.750000000007 13.810000000000002 28591.020000000004 253.84000000000003 283.74900000000008 2.5000000000000004 305.55500000000006 48702.000000000007 25385.955000000005 61.905699375425762 44392.55000000001 86.500000000000014 127.49000000000002 4143.3350000000009 387.77071428571435
decision_type=2 2 2 10 10 2 2 2 2 2 8 8 2 2 2 8 2 10 2 2 2 10 2 2
left_child=6 2 4 18 7 -6 8 -2 13 10 -8 -12 15 14 -1 -10 22 -15 -4 -14 21 -18 23 -3
right_child=1 16 3 -5 5 -7 9 -9 12 -11 11 -13 19 17 -16 -17 20 -19 -20 -21 -22 -23 -24 -25
leaf_value=-5.363548054258187 29.363544583320618 21.348598225911434 35.022263251410585 -0.80209148406982433 0.67944714602302103 22.239989383404072 27.894461059570315 0.86832198395448579 -11.936864609553897 19.579883321126303 2.2371622364293962 -1.3440147747085893 -5.0176700780421131 -1.2675644107486892 -3.1872108026898864 -6.3835229873657227 25.68119951883952 -2.7694748905669897 30.164823532104492 -7.5387402057647712 24.325278727213544 27.431842476981032 20.528708801269531 22.69632546561105
leaf_weight=251 7.9999999999999991 6.0000000000000062 18.000000000000004 9.9999999999999982 102 78 1.9999999999999989 272 58 5.9999999999999991 210 331 81 138 237 22 24 699 7.9999999999999991 7.9999999999999991 5.9999999999999991 13.999999999999998 9.9999999999999982 13.999999999999998
leaf_count=232 4 3 9 5 51 39 1 142 58 3 109 196 81 81 214 22 12 527 4 8 3 7 5 7
internal_value=-0.144444 8.66015 6.32825 23.9916 4.9459 10.0223 -2.60094 1.68247 -3.68937 0.361026 0.148663 0.0460909 -7.68945 -3.17917 -4.3066 -10.4097 24.2902 -2.52185 33.5277 -5.24428 26.0533 26.3262 21.7042 22.292
internal_weight=2613 570 496 36 460 180 2043 280 1494 549 543 541 169 1325 488 80 74 837 26 89 44 38 30 20
internal_count=1823 291 254 18 236 90 1532 146 1223 309 306 305 169 1054 446 80 37 608 13 89 22 19 15 10
is_linear=0
shrinkage=0.05


Tree=11
num_leaves=30
num_cat=0
split_feature=3 4 11 22 2 14 4 11 3 8 18 15 14 14 22 2 18 15 4 11 22 1 13 14 16 2 12 22 11
split_gain=2.26447e+07 8.36492e+06 4.06937e+06 1.08231e+07 2.67025e+06 1.91152e+06 1.89012e+06 1.32911e+06 1.21081e+06 1.05037e+06 1.93686e+06 842704 586484 321484 211400 166725 159743 130878 125584 96004.9 65513.2 38723.7 31281.3 23775.2 10816.7 8762.01 7158.15 4152.14 2772.6
threshold=0.89788198144278508 48480.000000000007 294.50000000000006 0.31067842155599373 6152.1250000000009 314.50000000000006 44735.000000000007 1115.5000000000002 0.65830072324561473 4.5000000000000009 25478.595000000005 271.9500000000001 13.810000000000002 299.01000000000005 0.21670426227998002 8367.9150000000027 29202.095000000005 292.83333333333343 48702.000000000007 1008.5000000000001 0.074293424924337839 37435.060000000005 1499.5000000000002 349.50000000000006 387.77071428571435 2778.1450000000004 419.50000000000006 0.15355498843152751 259.50000000000006
decision_type=2 2 10 2 2 10 2 10 2 2 8 2 8 8 2 2 10 2 2 10 2 2 10 10 2 2 10 2 10
left_child=4 2 17 6 7 -5 -4 9 11 12 -11 13 -1 -6 -9 19 -17 21 24 -10 -13 -2 -19 -16 -3 26 -20 -27 -26
right_child=1 18 3 5 8 -7 -8 14 15 10 -12 20 -14 -15 23 16 -18 22 25 -21 -22 -23 -24 -25 28 27 -28 -29 -30
leaf_value=26.499740600585938 -6.6282101557804998 19.318577880859369 0.47023673250868514 35.551826782226563 -10.932412101911462 19.184122662110763 8.0241928541913961 19.671100870768218 -2.3316170991424801 0.95083479200090659 34.905112711588544 -0.93074824128832145 -0.6253481040867892 -5.5631714320182803 6.8588904380798317 -2.4739426040649413 -4.2178430321359803 -1.1808218879699708 25.815377197265622 0.48868274651467802 -4.4670739178587064 -3.4668053376047236 2.6399059613545734 10.377825228373212 21.717992510114392 24.834318847656242 24.04571876525879 23.535547065734864 20.433329264322918
leaf_weight=1.9999999999999989 12.999999999999998 10.000000000000002 148 30 92 44 188 6.0000000000000027 529 14.000000000000002 5.9999999999999991 13.999999999999998 550 40 8.0000000000000018 245 283 50 20.000000000000004 32 203 38 5.9999999999999991 11.999999999999998 14.000000000000002 10.000000000000002 7.9999999999999991 15.999999999999998 5.9999999999999991
leaf_count=1 13 5 74 15 92 22 94 3 374 7 3 9 317 39 4 178 278 25 10 17 200 19 3 6 7 5 4 8 3
internal_value=0.0927717 8.62082 6.24312 8.50927 -2.4246 25.8197 4.69686 0.383331 -3.59229 -0.11923 11.1371 -6.15517 -0.527069 -9.30537 11.4397 -2.77094 -3.40865 -2.44025 23.255 -2.17074 -4.23892 -4.27265 -0.771458 8.97025 20.6613 24.696 25.3098 24.0351 21.3326
internal_weight=2637 601 517 410 2036 74 336 598 1438 572 20 349 552 132 26 1089 528 107 84 561 217 51 56 20 30 54 28 26 20
internal_count=1835 307 265 205 1528 37 168 341 1187 328 10 340 318 131 13 847 456 60 42 391 209 32 28 10 15 27 14 13 10
is_linear=0
shrinkage=0.05


Tree=12
num_leaves=30
num_cat=0
split_feature=3 4 11 22 4 19 7 11 19 12 18 12 18 12 11 16 1 22 15 4 1 6 22 2 19 22 6 16 13
split_gain=2.05915e+07 7.09442e+06 3.42986e+06 7.41518e+06 2.26502e+06 1.95924e+06 1.49759e+06 741864 727487 503347 498392 762846 427329 302663 235876 228821 371603 137169 121936 101014 83137.3 6788.43 6213.34 4738.12 4719.18 4350.65 4294.85 1931.32 1272.62
threshold=0.89684079943224571 48480.000000000007 294.50000000000006 0.33205596483261518 44735.000000000007 292.43900000000008 1.5000000000000002 1055.0000000000002 187.62000000000003 369.50000000000006 26195.895000000004 210.22000000000003 25776.215 359.50000000000006 1246.6450000000002 291.9992857142858 24342.510000000006 0.074293424924337839 311.73333333333341 48702.000000000007 23198.775000000001 75.500000000000014 0.18039212267568408 4143.3350000000009 1058.9560000000001 0.15355498843152751 75.500000000000014 387.77071428571435 190.65500000000003
decision_type=2 2 10 2 2 2 2 10 2 10 8 8 10 10 8 2 2 2 2 2 2 2 2 2 2 2 2 2 10
left_child=5 2 13 4 -4 8 -5 10 20 22 12 -12 -7 18 -11 16 -10 -17 -2 23 28 -22 -9 27 25 -21 -26 -3 -1
right_child=1 19 3 6 -6 7 -8 9 15 14 11 -13 -14 -15 -16 17 -18 -19 -20 24 21 -23 -24 -25 26 -27 -28 -29 -30
leaf_value=-11.108344335141389 -3.7146055964862601 19.315239461263001 0.72368000042744174 10.866731113857695 8.9984635846181344 0.079693270262607654 27.685701904296877 -0.3274019559224447 -9.4958849452790766 7.2401735093858495 8.5855352934669042 -2.1023901001707315 8.5403325915336605 9.0632332166035976 18.687545267740884 -0.75844807827726335 -4.2938875689151441 -3.6040539427338363 -0.047345104638267965 23.824079895019519 -5.6646036148071266 -7.6663671705457901 -2.4046163558959961 18.626007080078125 24.739060974121095 22.175093841552737 23.414256403996394 20.387431335449222 -10.562994766235352
leaf_weight=23 68 6.0000000000000062 156 18 176 222 50 5.9999999999999991 42 18.000000000000004 17 931 15.999999999999998 5.9999999999999991 5.9999999999999991 47 188 428 34 6.0000000000000027 8.0000000000000018 8.9999999999999982 8.9999999999999982 7.9999999999999991 7.9999999999999991 11.999999999999998 26 13.999999999999998 20
leaf_count=23 41 3 78 9 88 119 25 3 42 9 11 641 10 3 3 31 175 391 17 3 8 9 6 4 4 6 13 7 20
internal_value=0.0152138 8.23595 6.05647 8.19127 5.11031 -2.41383 23.2336 -1.17403 -4.39912 5.61134 -1.39716 -1.91073 0.648476 -1.85022 10.102 -3.94931 -5.24382 -3.32249 -2.49219 22.0757 -9.68443 -6.72436 -1.57373 19.6544 23.3794 22.7248 23.726 20.0658 -10.8547
internal_weight=2578 588 508 400 332 1990 68 1225 765 39 1186 948 238 108 24 705 230 475 102 80 60 17 15 28 52 18 34 20 43
internal_count=1802 301 261 200 166 1501 34 802 699 21 781 652 129 61 12 639 217 422 58 40 60 17 9 14 26 9 17 10 43
is_linear=0
shrinkage=0.05


Tree=13
num_leaves=29
num_cat=0
split_feature=3 22 18 12 16 2 14 13 11 16 20 11 8 0 12 3 17 17 13 18 16 11 18 13 14 2 13 1
split_gain=2.02917e+07 6.36396e+06 9.46938e+06 3.97674e+06 2.51895e+06 2.04315e+06 1.74087e+06 1.48653e+06 1.36021e+06 1.03936e+06 947047 685216 636087 1.13111e+06 574342 497322 461903 513379 391465 387728 290221 159308 135282 98070.8 87064.4 45313.1 1082.51 657.86
threshold=0.89684079943224571 0.083978441089659836 33501.080000000009 359.50000000000006 241.50000000000003 6152.1250000000009 399.50000000000006 395.50000000000006 1115.5000000000002 583.18142857142868 126.52886156325138 1115.5000000000002 4.5000000000000009 37958.30000000001 210.22000000000003 0.67043802720645551 409.3688158585166 377.68472831822413 252.06000000000003 40251.55000000001 316.58500000000009 1246.6450000000002 29202.095000000005 299.01000000000005 349.50000000000006 11266.375000000002 186.53500000000003 25260.685000000001
decision_type=2 2 10 10 2 2 10 10 10 2 2 10 2 2 8 2 2 2 8 8 2 10 10 10 10 2 10 2
left_child=5 9 3 4 -3 11 8 -5 -4 20 25 12 14 -14 -1 18 17 -11 -12 -8 -2 24 -17 -22 -13 27 -27 -7
right_child=1 2 6 7 -6 10 19 -9 -10 16 15 21 13 -15 -16 22 -18 -19 -20 -21 23 -23 -24 -25 -26 26 -28 -29
leaf_value=7.9353650522232062 8.6384971618652351 21.649413347244263 23.201418900163208 19.830857849121095 1.0579401409568419 -5.126687622070313 11.316790008544926 -3.2637912750244142 2.026995372772217 2.4751243591308567 -7.4830509957302827 1.5748971303304018 0.32084754308064772 26.909246699015302 -0.70352130491330689 -1.7288121951753226 -2.2298401991526289 20.9752001953125 -3.6557900675197148 -6.6583778381347649 -0.30140468934003045 15.890071868896484 -2.8984718406868875 -3.426307294766108 9.1934888076782233 -10.51711557561701 -10.040566136286809 -6.1737949371337875
leaf_weight=20 5.9999999999999991 15.999999999999998 146 54 207 2.9999999999999991 5.9999999999999973 7.9999999999999991 7.9999999999999991 6.0000000000000062 89 6.0000000000000062 12.000000000000002 5.9999999999999991 506 402 5.9999999999999991 9.9999999999999982 268 6.0000000000000009 34 5.9999999999999991 642 96 9.9999999999999982 22 26 3
leaf_count=15 3 8 73 27 110 3 3 4 4 3 89 3 6 3 284 267 3 5 255 3 17 3 541 48 5 22 26 3
internal_value=0.153032 8.15369 11.179 5.64961 2.53536 -2.25785 20.6721 16.8509 22.1014 -0.481763 -3.2494 0.291088 -0.0587662 9.18365 -0.375047 -2.99896 9.60108 14.0377 -4.60993 2.32921 -2.11281 8.94203 -2.44809 -2.60903 6.33652 -9.7469 -10.259 -5.65024
internal_weight=2630 609 451 285 223 2021 166 62 154 158 1455 566 544 18 526 1401 22 16 357 12 136 22 1044 130 16 54 48 6
internal_count=1836 311 232 149 118 1525 83 31 77 79 1206 319 308 9 299 1152 11 8 344 6 68 11 808 65 8 54 48 6
is_linear=0
shrinkage=0.05


Tree=14
num_leaves=28
num_cat=0
split_feature=3 4 12 0 12 4 7 20 16 3 15 0 16 13 7 1 14 7 3 3 22 4 22 0 0 1 0
split_gain=1.52181e+07 5.50929e+06 3.10837e+06 3.9388e+06 3.18959e+06 2.33735e+06 2.23733e+06 2.04363e+06 1.15415e+06 866541 677135 589957 493651 981444 314177 228100 172624 165889 164395 102455 83789.4 68235.1 6617.24 5741.32 4427.25 4178.25 2058.24
threshold=0.89684079943224571 48480.000000000007 245.55500000000004 38668.500000000007 359.50000000000006 48097.000000000007 2.5000000000000004 365.01153498041737 257.24571428571437 0.65830072324561473 269.74166666666667 47230.750000000007 319.28500000000003 295.05000000000007 1.0000000180025095e-35 23947.340000000007 335.50000000000006 1.0000000180025095e-35 0.91073974390719648 0.76671981550324364 0.074293424924337839 48702.000000000007 0.15355498843152751 44186.250000000007 42954.700000000004 40038.760000000009 43263.000000000007
decision_type=2 2 10 2 10 2 2 2 2 2 2 2 2 8 2 2 8 2 2 2 2 2 2 2 2 2 2
left_child=7 2 3 18 8 -5 -6 9 -4 10 15 12 13 -9 -14 -1 19 -18 -2 -11 -12 23 26 24 -3 -24 -23
right_child=1 21 4 5 6 -7 -8 11 -10 16 20 -13 14 -15 -16 -17 17 -19 -20 -21 -22 22 25 -25 -26 -27 -28
leaf_value=-10.172050177369799 3.7015565236409489 17.969822184244784 22.694256369272868 27.228848484584262 14.627757566625423 -2.2592830181121828 -1.1837625439961752 9.4523914836701888 0.55369301292204087 -3.6212289985943169 -0.19456721544265748 16.317829386393228 2.5482985459841214 -0.91541970062255862 -1.0212056069704545 -5.5451609722403603 0.18377288391715604 -2.128352155640334 -6.0911456807454432 -2.387274312874939 -3.9456933360233486 21.037358398437494 21.348979187011711 18.51174285888672 16.173101043701173 20.014624439586296 22.051814575195312
leaf_weight=70 6.0000000000000027 6.0000000000000027 5.9999999999999991 42 88 7.9999999999999991 30 42 310 293 15.999999999999998 5.9999999999999991 78 50 294 43 95 423 14.999999999999998 395 214 10.000000000000002 8.0000000000000018 9.9999999999999982 7.9999999999999991 22 9.9999999999999982
leaf_count=69 3 3 3 21 44 4 15 23 155 271 10 3 41 29 165 43 63 295 15 296 211 5 4 5 4 11 5
internal_value=-0.0988797 7.04706 5.18004 14.8786 3.59341 22.5107 10.6079 -2.14816 0.974083 -3.02441 -5.24192 0.739722 0.538281 3.81771 -0.272761 -8.41138 -2.39372 -1.70431 -3.29323 -2.91278 -3.68475 19.7882 20.8401 17.5967 16.9431 20.3705 21.5446
internal_weight=2598 579 505 71 434 50 118 2019 316 1549 343 470 464 92 372 113 1206 518 21 688 230 74 50 24 14 30 20
internal_count=1816 297 260 43 217 25 59 1519 158 1258 333 261 258 52 206 112 925 358 18 567 221 37 25 12 7 15 10
is_linear=0
shrinkage=0.05


end of trees

feature_importances:
thermal_on_capacity=39
thermal_space_load_ratio=37
renewable_power=35
price_lag_7d=27
net_load_lag_1d=27
total_load=25
net_load=24
knn_similar_min_distance=23
price_lag_1d=22
price_lag_2d=22
weekday=20
knn_similar_price=20
price_ma_7d=19
price_lag_3d=15
period=10
month=9
price_std_7d=9
weighted_knn_regression_price=9
price_ma_3d=5
hour=4

parameters:
[boosting: gbdt]
[objective: regression]
[metric: rmse]
[tree_learner: serial]
[device_type: cpu]
[data_sample_strategy: bagging]
[data: ]
[valid: ]
[num_iterations: 400]
[learning_rate: 0.05]
[num_leaves: 31]
[num_threads: 0]
[seed: 42]
[deterministic: 0]
[force_col_wise: 0]
[force_row_wise: 0]
[histogram_pool_size: -1]
[max_depth: 5]
[min_data_in_leaf: 3]
[min_sum_hessian_in_leaf: 0.001]
[bagging_fraction: 0.85]
[pos_bagging_fraction: 1]
[neg_bagging_fraction: 1]
[bagging_freq: 1]
[bagging_seed: 400]
[bagging_by_query: 0]
[feature_fraction: 0.85]
[feature_fraction_bynode: 1]
[feature_fraction_seed: 30056]
[extra_trees: 0]
[extra_seed: 12879]
[early_stopping_round: 0]
[early_stopping_min_delta: 0]
[first_metric_only: 0]
[max_delta_step: 0]
[lambda_l1: 0]
[lambda_l2: 0]
[linear_lambda: 0]
[min_gain_to_split: 0]
[drop_rate: 0.1]
[max_drop: 50]
[skip_drop: 0.5]
[xgboost_dart_mode: 0]
[uniform_drop: 0]
[drop_seed: 17869]
[top_rate: 0.2]
[other_rate: 0.1]
[min_data_per_group: 100]
[max_cat_threshold: 32]
[cat_l2: 10]
[cat_smooth: 10]
[max_cat_to_onehot: 4]
[top_k: 20]
[monotone_constraints: ]
[monotone_constraints_method: basic]
[monotone_penalty: 0]
[feature_contri: ]
[forcedsplits_filename: ]
[refit_decay_rate: 0.9]
[cegb_tradeoff: 1]
[cegb_penalty_split: 0]
[cegb_penalty_feature_lazy: ]
[cegb_penalty_feature_coupled: ]
[path_smooth: 0]
[interaction_constraints: ]
[verbosity: -1]
[saved_feature_importance_type: 0]
[use_quantized_grad: 0]
[num_grad_quant_bins: 4]
[quant_train_renew_leaf: 0]
[stochastic_rounding: 1]
[linear_tree: 0]
[max_bin: 255]
[max_bin_by_feature: ]
[min_data_in_bin: 3]
[bin_construct_sample_cnt: 200000]
[data_random_seed: 175]
[is_enable_sparse: 1]
[enable_bundle: 1]
[use_missing: 1]
[zero_as_missing: 0]
[feature_pre_filter: 1]
[pre_partition: 0]
[two_round: 0]
[header: 0]
[label_column: ]
[weight_column: ]
[group_column: ]
[ignore_column: ]
[categorical_feature: ]
[forcedbins_filename: ]
[precise_float_parser: 0]
[parser_config_file: ]
[objective_seed: 16083]
[num_class: 1]
[is_unbalance: 0]
[scale_pos_weight: 1]
[sigmoid: 1]
[boost_from_average: 1]
[reg_sqrt: 0]
[alpha: 0.9]
[fair_c: 1]
[poisson_max_delta_step: 0.7]
[tweedie_variance_power: 1.5]
[lambdarank_truncation_level: 30]
[lambdarank_norm: 1]
[label_gain: ]
[lambdarank_position_bias_regularization: 0]
[eval_at: ]
[multi_error_top_k: 1]
[auc_mu_weights: ]
[num_machines: 1]
[local_listen_port: 12400]
[time_out: 120]
[machine_list_filename: ]
[machines: ]
[gpu_platform_id: -1]
[gpu_device_id: -1]
[gpu_use_dp: 0]
[num_gpu: 1]

end of parameters

pandas_categorical:[]
