tree
version=v4
num_class=1
num_tree_per_iteration=1
label_index=0
max_feature_idx=10
objective=regression
feature_names=total_load net_load renewable_power thermal_space_load_ratio thermal_on_capacity hour period weekday month is_weekend is_holiday
feature_infos=[26780.099999999999:38057.699999999997] [9620.2999999999993:35657.659999999996] [1615.1700000000001:19128.880000000001] [0.33550603334030826:0.95508263646906033] [27170:45275] [0:5] [1:24] [0:6] [2:4] [0:1] none
tree_sizes=1828 2016 1941 2524 2111 1914

Tree=0
num_leaves=20
num_cat=0
split_feature=0 2 4 4 4 2 1 4 7 4 1 1 4 0 0 6 1 1 1
split_gain=8.10154e+06 5.99018e+06 3.40933e+06 4.16707e+06 2.24758e+06 1.25661e+06 594347 536268 529428 219689 182061 122852 88726.6 10654 8500.83 8242.39 2895.49 1677.38 1.88602e-05
threshold=29562.350000000002 2866.9850000000006 44395.000000000007 44810.000000000007 44735.000000000007 5976.1900000000014 13686.525 36662.500000000007 1.5000000000000002 37010.000000000007 32656.320000000003 22204.535000000003 39715.000000000007 35407.150000000001 29031.000000000004 23.500000000000004 29134.690000000006 33743.349999999999 21970.555000000004
decision_type=2 2 2 2 2 2 2 2 2 2 2 2 2 2 2 2 2 2 2
left_child=11 2 12 4 -4 7 -7 8 -3 -8 -9 15 16 -14 -13 18 -2 -5 -1
right_child=1 5 3 17 -6 6 9 10 -10 -11 -12 14 13 -15 -16 -17 -18 -19 -20
leaf_value=270.80133357029314 289.05133401534118 297.33406127997665 303.04451635948885 286.44364183480542 326.20383509617204 270.80133357029314 285.26939237545167 285.83946541986626 288.65213862707338 283.02690359158828 296.61383438091633 276.10133433323261 286.06309881752594 287.89133408845623 279.46800061842953 273.46800036411639 290.67375818725134 287.36383414249775 270.80143366794942
leaf_weight=80 2.9999999999999991 22 22 13.000000000000002 20 8.9999999999999982 163 198 87 331 3.9999999999999991 5 17 14.999999999999998 3 2.9999999999999991 33 7.9999999999999991 4.9999999999999991
leaf_count=80 3 22 22 13 20 9 163 198 87 331 4 5 17 15 3 3 33 8 5
internal_value=285.271 286.677 296.6 304.98 314.073 285.08 283.535 287.578 290.404 283.767 286.053 271.432 288.836 286.92 277.364 270.892 290.539 286.794 270.801
internal_weight=1041 945 131 63 42 814 503 311 109 494 202 96 68 32 8 88 36 21 85
internal_count=1041 945 131 63 42 814 503 311 109 494 202 96 68 32 8 88 36 21 85
is_linear=0
shrinkage=1


Tree=1
num_leaves=22
num_cat=0
split_feature=0 3 7 1 3 2 0 8 7 1 2 1 3 0 0 1 0 0 1 6 6
split_gain=7.1766e+06 5.09878e+06 2.22969e+06 4.79612e+06 1.10671e+06 946822 714464 625685 573526 487820 201372 127373 97250.1 19056.7 16872.9 11641.8 5559.85 4849.92 6314.34 1190.61 20.5231
threshold=29562.350000000002 0.91745077520649243 5.5000000000000009 33382.665000000001 0.83525575215093184 2687.0100000000007 35913.100000000006 3.5000000000000004 1.5000000000000002 13686.525 12063.805000000002 22460.235000000004 0.9362902440571953 33475.450000000004 35417.250000000007 21232.010000000006 28812.400000000005 28360.800000000003 22204.535000000003 5.5000000000000009 23.500000000000004
decision_type=2 2 2 2 2 2 2 2 2 2 2 2 2 2 2 2 2 2 2 2 2
left_child=11 4 5 13 9 12 -7 14 -9 -2 -11 15 -3 -4 -6 20 -13 18 -17 -5 -1
right_child=1 2 3 19 7 6 -8 8 -10 10 -12 16 -14 -15 -16 17 -18 -19 -20 -21 -22
leaf_value=-13.540066528320313 -13.540066528320313 5.4708479785919195 36.939807128906232 2.2818082809448241 0.47093355489273869 11.459734869003297 35.860275268554688 12.141716680159936 3.5240458984375005 -0.5348943784306146 -2.7835546846676591 -8.0675666809082021 1.4448891639709474 40.147034523703837 1.5220150096075875 -13.539971313476565 -5.431316757202147 -10.094511413574217 -10.638400268554685 1.3512707103382458 -13.673399353027344
leaf_weight=76 7.9999999999999991 40 8.0000000000000018 4.9999999999999991 120 11.999999999999998 3.9999999999999991 26 75 396 133 4 24 10.999999999999998 56 4.9999999999999982 4 3 3 10.999999999999998 2.9999999999999991
leaf_count=76 8 40 8 5 120 12 4 26 75 396 133 4 24 11 56 5 4 3 3 11 3
internal_value=0.0733205 1.43085 11.2859 21.8117 0.0385522 6.68086 17.5599 2.60553 5.74246 -1.28557 -1.10025 -12.7955 3.96111 38.7966 0.805369 -13.3329 -6.74944 -11.809 -12.4519 1.64206 -13.5451
internal_weight=1027 929 115 35 814 80 16 277 101 537 529 98 64 19 176 90 8 11 8 16 79
internal_count=1027 929 115 35 814 80 16 277 101 537 529 98 64 19 176 90 8 11 8 16 79
is_linear=0
shrinkage=0.05


Tree=2
num_leaves=21
num_cat=0
split_feature=0 3 4 4 4 2 4 7 1 2 2 4 0 0 1 0 0 1 1 6
split_gain=6.37258e+06 4.76967e+06 2.64643e+06 3.60752e+06 1.79692e+06 1.03733e+06 577717 738758 484605 181770 100190 66392.6 38773.9 8006.11 6026.43 6428.65 4868.78 1520.83 725.804 24.3874
threshold=29562.350000000002 0.91745077520649243 44395.000000000007 44810.000000000007 44735.000000000007 5976.1900000000014 36372.500000000007 1.5000000000000002 13686.525 11997.900000000001 5976.1900000000014 39715.000000000007 31473.850000000002 35407.150000000001 21232.010000000006 28360.800000000003 28812.400000000005 33743.349999999999 30864.575000000004 23.500000000000004
decision_type=2 2 2 2 2 2 2 2 2 2 2 2 2 2 2 2 2 2 2 2
left_child=10 5 11 4 -4 6 7 -2 -7 -10 16 18 -8 -13 19 -16 -1 -5 -3 -12
right_child=1 2 3 17 -6 8 12 -9 9 -11 14 13 -14 -15 15 -17 -18 -19 -20 -21
leaf_value=-7.8602717590332025 14.232210903167726 4.902334826925526 16.170504112243652 1.1810877164204914 37.365576019287111 -12.863063049316407 -3.9654472351074221 3.2818528289225561 -0.56264421868027081 -2.6796373774819342 -12.863063049316407 0.85646532603672565 1.0080747376451837 2.4154475498199464 -12.86307373046875 -9.58978576660156 -5.312389755249022 2.0159813785552978 5.5198377609252933 -12.989729309082032
leaf_weight=5 20 23.000000000000004 20 12.000000000000002 20 8.9999999999999982 3.9999999999999991 67 361 141 76 13.999999999999998 193 20 2.9999999999999991 3 3 9.9999999999999982 5.9999999999999991 3.9999999999999991
leaf_count=5 20 23 20 12 20 9 4 67 361 141 76 14 193 20 3 3 3 10 6 4
internal_value=0.143582 1.41059 10.4898 17.8235 26.768 -0.0169635 2.40572 5.79918 -1.36343 -1.15726 -12.2569 3.27257 0.90709 1.77351 -12.7548 -11.2264 -6.90482 1.56058 5.03009 -12.8694
internal_weight=1014 920 125 62 40 795 284 87 511 502 94 63 197 34 86 6 8 22 29 80
internal_count=1014 920 125 62 40 795 284 87 511 502 94 63 197 34 86 6 8 22 29 80
is_linear=0
shrinkage=0.05


Tree=3
num_leaves=27
num_cat=0
split_feature=3 0 4 4 4 2 0 4 7 1 4 1 4 0 0 0 0 1 5 4 1 2 3 6 0 6
split_gain=6.57626e+06 4.93493e+06 2.82389e+06 3.33793e+06 1.71725e+06 907857 879021 502405 588820 427079 162801 81774.2 69061.2 36836.9 26650 6675.04 3081.98 1223.23 1219.71 1215.28 698.431 619.881 173.79 155.989 72.25 16.8047
threshold=0.91745077520649243 29562.350000000002 44395.000000000007 44810.000000000007 44735.000000000007 6595.9700000000012 35180.150000000001 36662.500000000007 1.5000000000000002 13686.525 37010.000000000007 22460.235000000004 39715.000000000007 34728.400000000001 34835.500000000007 35407.150000000001 28812.400000000005 33743.349999999999 4.5000000000000009 42977.500000000007 30864.575000000004 6033.9100000000008 0.92946347071546886 15.500000000000002 35913.100000000006 23.500000000000004
decision_type=2 2 2 2 2 2 2 2 2 2 2 2 2 2 2 2 2 2 2 2 2 2 2 2 2 2
left_child=1 11 12 4 6 7 -4 8 -3 -7 -11 21 20 -6 -9 18 -13 24 -14 -17 23 -1 -19 -2 -5 -23
right_child=2 5 3 17 13 9 -8 14 -10 10 -12 16 15 -15 -16 19 -18 22 -20 -21 -22 25 -24 -25 -26 -27
leaf_value=-11.493395233154297 4.7976955707256606 12.749863433837891 9.5034150123596177 1.0678666750590002 34.108823310004333 -12.219910430908204 31.944577026367188 0.10957803651953357 3.0536723919129103 0.066083385179072252 -1.8761902455874826 -7.3131828308105469 0.48544949342807109 38.960078125000003 1.2225077707202812 2.8421190643310559 -5.0467703501383454 1.5990943908691413 1.4936284065246583 1.8874164581298825 5.3772410392761234 -12.219905159690164 2.0651822090148921 4.561060892740886 1.3512000083923341 -12.340243530273439
leaf_weight=2.9999999999999991 13.000000000000002 19 16.000000000000004 9.0000000000000018 18.000000000000004 8.9999999999999982 5.9999999999999991 124 89 162 323 2.9999999999999991 12.000000000000005 4.9999999999999991 95 4.9999999999999973 3 2.9999999999999982 3.9999999999999991 10 3.9999999999999991 88 6 14.999999999999998 2.9999999999999991 2.9999999999999991
leaf_count=3 13 19 16 9 18 9 6 124 89 162 323 3 12 5 95 5 3 3 4 10 4 88 6 15 3 3
internal_value=0.128617 -1.3523 10.7017 17.9293 25.6107 -0.0749488 15.6237 1.96865 4.75948 -1.4277 -1.22743 -11.8393 3.12983 35.1634 0.592356 1.44789 -6.17998 1.46918 0.737494 2.20565 4.75922 -12.2006 1.90982 4.67093 1.1387 -12.2239
internal_weight=1050 921 129 66 45 821 22 327 108 494 485 100 63 23 219 31 6 21 16 15 32 94 9 28 12 91
internal_count=1050 921 129 66 45 821 22 327 108 494 485 100 63 23 219 31 6 21 16 15 32 94 9 28 12 91
is_linear=0
shrinkage=0.05


Tree=4
num_leaves=23
num_cat=0
split_feature=0 3 7 1 2 2 0 1 8 3 8 1 3 1 0 1 0 0 1 1 6 2
split_gain=5.45091e+06 3.37116e+06 1.42242e+06 4.19465e+06 714798 401387 497898 361591 285731 199268 130659 91945.6 67235.4 44387.2 33667.9 10064.1 4958.72 2792.14 1392.39 977.058 15.1412 9.31323e-10
threshold=29562.350000000002 0.91745077520649243 5.5000000000000009 33382.665000000001 7944.3550000000005 2687.0100000000007 35576.100000000013 13686.525 3.5000000000000004 0.85654326289485894 3.5000000000000004 22578.870000000003 0.93971410883778705 29609.120000000006 34728.400000000001 21232.010000000006 28254.600000000002 28812.400000000005 22150.125000000004 33587.555 23.500000000000004 17301.880000000001
decision_type=2 2 2 2 2 2 2 2 2 2 2 2 2 2 2 2 2 2 2 2 2 2
left_child=11 4 5 14 8 12 -7 -6 13 -10 -9 15 -3 -2 -4 20 18 -13 -17 -5 21 -1
right_child=1 2 3 19 7 6 -8 10 9 -11 -12 17 -14 -15 -16 16 -18 -19 -20 -21 -22 -23
leaf_value=-11.608914947509767 -0.33826776687595728 4.4896472306961712 32.79222081502278 1.1030339241027829 -11.608914947509767 7.974447490618779 30.57234802246094 -2.1974673195845553 1.3800121922825659 5.0019908961127788 -0.28322488883406755 -6.6596820831298835 1.1405084967613222 0.91240100901420806 37.379424031575518 -11.608757527669276 -8.5743372917175282 -4.6417927742004386 -10.085392252604166 1.7859124660491945 -11.723231506347657 -11.608914947509767
leaf_weight=54 138 47 12.000000000000002 11.000000000000002 8.9999999999999982 12.999999999999998 2.9999999999999991 234 86 68 144 2.9999999999999991 22 146 5.9999999999999991 2.9999999999999982 4 4 3 9.9999999999999982 2.9999999999999991 30
leaf_count=54 138 47 12 11 9 13 3 234 86 68 144 3 22 146 6 3 4 4 3 10 3 30
internal_value=-0.173889 1.01701 8.70375 16.6096 -0.138334 5.07635 12.2116 -1.70406 1.24508 2.97933 -1.46823 -11.0408 3.42181 0.304682 34.3213 -11.4402 -9.93798 -5.5066 -10.8471 1.42821 -11.6129 -11.6089
internal_weight=1053 949 124 39 825 85 16 387 438 154 378 104 69 284 18 97 10 7 6 21 87 84
internal_count=1053 949 124 39 825 85 16 387 438 154 378 104 69 284 18 97 10 7 6 21 87 84
is_linear=0
shrinkage=0.05


Tree=5
num_leaves=20
num_cat=0
split_feature=0 3 4 4 4 3 4 7 2 2 4 2 0 6 0 0 2 0 2
split_gain=5.37499e+06 3.85974e+06 2.16838e+06 2.56994e+06 1.52347e+06 768311 471733 492927 321237 180628 58612 54823.2 23941.5 9033.69 6051.84 613.714 450.178 449.431 73.0787
threshold=29562.350000000002 0.91745077520649243 44395.000000000007 44810.000000000007 44735.000000000007 0.83708494919736631 36372.500000000007 1.5000000000000002 16974.220000000005 12063.805000000002 39715.000000000007 5794.3700000000008 31473.850000000002 23.500000000000004 35208.950000000004 36604.400000000001 6033.9100000000008 33475.450000000004 7443.0000000000009
decision_type=2 2 2 2 2 2 2 2 2 2 2 2 2 2 2 2 2 2 2
left_child=11 5 10 4 -4 8 7 -7 9 -2 17 -1 -8 16 -12 -5 -13 -3 -18
right_child=1 2 3 15 -6 6 12 -9 -10 -11 14 13 -14 -15 -16 -17 18 -19 -20
leaf_value=-5.543066940307618 -0.39686064360245726 4.2003398895263668 13.316109397194603 1.2293416640337773 31.923741982199932 11.606377137225607 -3.6058131535847986 2.9124277983392992 -11.028469085693359 -2.5140326969711868 0.45360832810401919 -10.414250691731771 0.89773157213438948 -8.8364976501464838 1.839689205752479 1.9176901817321779 -11.279370880126955 4.7179595184326173 -11.028469085693359
leaf_weight=4.9999999999999991 397 26.000000000000004 22 17.000000000000004 22 23 2.9999999999999991 56 7.9999999999999991 135 13.999999999999998 2.9999999999999991 181 4.9999999999999991 18 3.9999999999999991 2.9999999999999991 4.9999999999999991 89
leaf_count=5 397 26 22 17 22 23 3 56 8 135 14 3 181 5 18 4 3 5 89
internal_value=0.07156 1.28104 9.34461 15.7515 22.6199 -0.00431038 2.21184 5.44358 -1.08366 -0.934113 2.73434 -10.6525 0.824304 -10.908 1.23328 1.36046 -11.017 4.28383 -11.0367
internal_weight=1036 931 128 65 44 803 263 79 540 532 63 105 184 100 32 21 95 31 92
internal_count=1036 931 128 65 44 803 263 79 540 532 63 105 184 100 32 21 95 31 92
is_linear=0
shrinkage=0.05


end of trees

feature_importances:
total_load=31
net_load=26
thermal_on_capacity=23
renewable_power=17
thermal_space_load_ratio=11
period=8
weekday=7
month=3
hour=1

parameters:
[boosting: gbdt]
[objective: regression]
[metric: rmse]
[tree_learner: serial]
[device_type: cpu]
[data_sample_strategy: bagging]
[data: ]
[valid: ]
[num_iterations: 400]
[learning_rate: 0.05]
[num_leaves: 31]
[num_threads: 0]
[seed: 42]
[deterministic: 0]
[force_col_wise: 0]
[force_row_wise: 0]
[histogram_pool_size: -1]
[max_depth: 5]
[min_data_in_leaf: 3]
[min_sum_hessian_in_leaf: 0.001]
[bagging_fraction: 0.85]
[pos_bagging_fraction: 1]
[neg_bagging_fraction: 1]
[bagging_freq: 1]
[bagging_seed: 400]
[bagging_by_query: 0]
[feature_fraction: 0.85]
[feature_fraction_bynode: 1]
[feature_fraction_seed: 30056]
[extra_trees: 0]
[extra_seed: 12879]
[early_stopping_round: 0]
[early_stopping_min_delta: 0]
[first_metric_only: 0]
[max_delta_step: 0]
[lambda_l1: 0]
[lambda_l2: 0]
[linear_lambda: 0]
[min_gain_to_split: 0]
[drop_rate: 0.1]
[max_drop: 50]
[skip_drop: 0.5]
[xgboost_dart_mode: 0]
[uniform_drop: 0]
[drop_seed: 17869]
[top_rate: 0.2]
[other_rate: 0.1]
[min_data_per_group: 100]
[max_cat_threshold: 32]
[cat_l2: 10]
[cat_smooth: 10]
[max_cat_to_onehot: 4]
[top_k: 20]
[monotone_constraints: ]
[monotone_constraints_method: basic]
[monotone_penalty: 0]
[feature_contri: ]
[forcedsplits_filename: ]
[refit_decay_rate: 0.9]
[cegb_tradeoff: 1]
[cegb_penalty_split: 0]
[cegb_penalty_feature_lazy: ]
[cegb_penalty_feature_coupled: ]
[path_smooth: 0]
[interaction_constraints: ]
[verbosity: -1]
[saved_feature_importance_type: 0]
[use_quantized_grad: 0]
[num_grad_quant_bins: 4]
[quant_train_renew_leaf: 0]
[stochastic_rounding: 1]
[linear_tree: 0]
[max_bin: 255]
[max_bin_by_feature: ]
[min_data_in_bin: 3]
[bin_construct_sample_cnt: 200000]
[data_random_seed: 175]
[is_enable_sparse: 1]
[enable_bundle: 1]
[use_missing: 1]
[zero_as_missing: 0]
[feature_pre_filter: 1]
[pre_partition: 0]
[two_round: 0]
[header: 0]
[label_column: ]
[weight_column: ]
[group_column: ]
[ignore_column: ]
[categorical_feature: ]
[forcedbins_filename: ]
[precise_float_parser: 0]
[parser_config_file: ]
[objective_seed: 16083]
[num_class: 1]
[is_unbalance: 0]
[scale_pos_weight: 1]
[sigmoid: 1]
[boost_from_average: 1]
[reg_sqrt: 0]
[alpha: 0.9]
[fair_c: 1]
[poisson_max_delta_step: 0.7]
[tweedie_variance_power: 1.5]
[lambdarank_truncation_level: 30]
[lambdarank_norm: 1]
[label_gain: ]
[lambdarank_position_bias_regularization: 0]
[eval_at: ]
[multi_error_top_k: 1]
[auc_mu_weights: ]
[num_machines: 1]
[local_listen_port: 12400]
[time_out: 120]
[machine_list_filename: ]
[machines: ]
[gpu_platform_id: -1]
[gpu_device_id: -1]
[gpu_use_dp: 0]
[num_gpu: 1]

end of parameters

pandas_categorical:[]
