tree
version=v4
num_class=1
num_tree_per_iteration=1
label_index=0
max_feature_idx=10
objective=regression
feature_names=total_load net_load renewable_power thermal_space_load_ratio thermal_on_capacity hour period weekday month is_weekend is_holiday
feature_infos=[22195.900000000001:46842.5] [-11825.210000000003:43667.559999999998] [1144.03:36022.5] [-0.52127464982271476:0.97282505160491894] [27170:48330] [15:19] [61:80] [0:6] [1:4] [0:1] none
tree_sizes=2630 2789 2788 2784 2660 2738 2787 2772 2695 2756 2554 2690 2708 2833 2663 2496 2617 2641 2574 2760 2710 2691 2787 2736 2538 2458 2398 2531 2573 2819 2575 2298 2678

Tree=0
num_leaves=30
num_cat=0
split_feature=2 1 4 2 4 7 1 8 7 1 4 8 2 4 0 4 0 0 4 0 4 1 1 1 4 4 8 1 6
split_gain=3.35551e+07 1.17953e+07 5.31782e+06 3.47252e+06 3.87934e+06 2.7861e+06 1.21817e+06 935399 763405 620608 1.03314e+06 576847 569176 417933 356467 319719 199712 174408 170292 119557 106339 104224 76116.3 11258.7 19879.1 10582.2 4375.98 3022.6 1940.83
threshold=5503.5750000000016 19292.385000000006 42910.000000000007 4217.5650000000014 48025.000000000007 5.5000000000000009 24257.710000000003 2.5000000000000004 1.0000000180025095e-35 12387.060000000001 36662.500000000007 2.5000000000000004 6734.1750000000011 44735.000000000007 37547.900000000009 36662.500000000007 38571.650000000009 34364.650000000009 37740.000000000007 37490.850000000006 39497.500000000007 14066.210000000001 17636.370000000003 11232.980000000003 36662.500000000007 40910.000000000007 2.5000000000000004 40745.81500000001 70.500000000000014
decision_type=2 2 2 2 2 2 2 2 2 2 2 2 2 2 2 2 2 2 2 2 2 2 2 2 2 2 2 2 2
left_child=2 9 15 4 5 -4 11 8 -5 23 21 17 14 -9 -8 16 -1 -3 -14 28 -13 -11 -12 26 -25 -21 -2 -6 -17
right_child=1 6 3 7 27 -7 12 13 -10 10 22 20 18 -15 -16 19 -18 -19 -20 25 -22 -23 -24 24 -26 -27 -28 -29 -30
leaf_value=302.21851822575684 266.78358346039721 276.25656402183148 317.57782643921087 304.10244756012486 284.39351860722655 296.99238252102271 291.7923521988003 296.39608139237515 286.01450431410086 273.71635183374838 268.34149798933277 280.82654986212469 283.31764873050867 309.8643526611138 283.93633367718286 279.38101860722657 286.41851860722653 270.54313607162868 280.65811772872752 287.39768501958008 277.54764607226895 278.62060835646497 271.08713606893599 269.82447293350941 267.12651819693468 285.05941857060549 267.34080309908347 285.980602010496 280.76043037140653
leaf_weight=4 69 22 65 6.9999999999999991 3.9999999999999991 22 18 16.000000000000004 35 14.999999999999998 98 48 73 8.9999999999999982 73 3.0000000000000027 4 34 343 6.0000000000000027 51 39 34 11.000000000000002 18 25 72 11.999999999999998 17
leaf_count=4 69 22 65 7 4 22 18 16 35 15 98 48 73 9 73 3 4 34 343 6 51 39 34 11 18 25 72 12 17
internal_value=280.666 276.776 297.959 302.447 308.211 312.372 280.722 293.587 289.029 269.436 271.432 276.843 281.908 301.245 285.49 285.025 294.319 272.788 281.125 283.567 279.137 277.258 269.049 267.253 268.15 285.512 267.068 285.584 280.554
internal_weight=1247 1018 229 170 103 87 662 67 42 356 186 155 507 25 91 59 8 56 416 51 99 54 132 170 29 31 141 16 20
internal_count=1247 1018 229 170 103 87 662 67 42 356 186 155 507 25 91 59 8 56 416 51 99 54 132 170 29 31 141 16 20
is_linear=0
shrinkage=1


Tree=1
num_leaves=31
num_cat=0
split_feature=2 1 3 7 7 3 2 3 3 0 8 7 1 8 8 5 7 5 3 8 0 3 1 3 7 6 2 1 8 0
split_gain=3.15977e+07 9.59518e+06 4.94134e+06 3.16678e+06 1.94505e+06 3.35025e+06 3.05819e+06 960978 845135 1.89558e+06 724477 636345 507286 691117 411379 342070 274216 644229 232087 189313 262913 195301 184442 116668 102576 88745.1 56562.3 48098 51310.9 37763.8
threshold=6261.1600000000008 19292.385000000006 0.89843304090766141 1.0000000180025095e-35 5.5000000000000009 0.91426623115233918 2641.7300000000005 0.67664133737944343 0.91894566342541983 44793.200000000004 2.5000000000000004 4.5000000000000009 13324.140000000001 3.5000000000000004 2.5000000000000004 16.500000000000004 1.0000000180025095e-35 18.500000000000004 0.86679055522935655 3.5000000000000004 34980.400000000001 0.76766800306084393 24041.135000000002 0.44098241019733792 5.5000000000000009 67.500000000000014 12841.060000000003 11232.980000000003 3.5000000000000004 42142.850000000013
decision_type=2 2 2 2 2 2 2 2 2 2 2 2 2 2 2 2 2 2 2 2 2 2 2 2 2 2 2 2 2 2
left_child=2 12 10 8 6 -6 -5 14 9 -4 16 18 27 26 22 -13 17 -1 -12 21 -21 -9 -3 -15 -18 -16 -14 -2 -29 -10
right_child=1 7 3 4 5 -7 -8 19 29 -11 11 15 13 23 25 -17 24 -19 -20 20 -22 -23 -24 -25 -26 -27 -28 28 -30 -31
leaf_value=3.8962587118148813 -13.04824464643324 -8.923860830874057 47.139550781250001 47.586132507324223 38.595835633711381 4.5332326253255211 24.166480702939243 -0.97419276340254424 -0.046354850795533906 4.9837711334228523 7.4599796897486641 28.550981760025032 -6.4981430053710945 -7.7288467543465762 -3.4009380033281111 10.643142724037169 4.8700904731750496 28.471953296661372 13.146286403431612 9.9577918812632564 1.9026282910200267 1.4596427099632967 -3.5982249391490018 -2.3282076617649623 -0.11538462111583124 -0.57790807598359784 -11.515565632690084 -12.608450494493757 -9.2925493526458744 4.2382009188334147
leaf_weight=7.9999999999999982 148 37 3.9999999999999991 20 10.999999999999998 21 46 145 9.0000000000000018 7.9999999999999991 38 7.9999999999999982 5.9999999999999991 13.999999999999998 45 4 50 4 34 11.999999999999998 65 191 29 35 12.999999999999998 73 88 28 20 11.999999999999998
leaf_count=8 148 37 4 20 11 21 46 145 9 8 38 8 6 14 45 4 50 4 34 12 65 191 29 35 13 73 88 28 20 12
internal_value=0.236018 -4.23199 14.6569 21.8473 26.3585 16.2423 31.2633 -0.41719 8.45059 19.0357 8.73268 11.9218 -10.9501 -8.68566 -3.42261 22.5817 5.16083 12.0882 10.1452 0.921787 3.15798 0.409327 -6.58381 -3.87125 3.84134 -1.65449 -11.1953 -12.6022 -11.2268 2.40196
internal_weight=1226 936 290 131 98 32 66 597 33 12 159 84 339 143 184 12 75 12 72 413 77 336 66 49 63 118 94 196 48 21
internal_count=1226 936 290 131 98 32 66 597 33 12 159 84 339 143 184 12 75 12 72 413 77 336 66 49 63 118 94 196 48 21
is_linear=0
shrinkage=0.05


Tree=2
num_leaves=31
num_cat=0
split_feature=2 1 4 2 4 7 3 4 4 7 3 4 7 0 8 2 3 6 4 0 6 1 3 0 0 4 2 6 6 1
split_gain=2.843e+07 9.09907e+06 4.02469e+06 4.4321e+06 2.84879e+06 1.86547e+06 948715 873152 658860 472037 468887 762317 365367 363254 326538 209061 178264 170241 101237 87962.2 86759.8 49444.4 49015.7 38008 22330 10519.7 7395.44 4263.51 3926.61 10.5621
threshold=5852.2250000000013 19292.385000000006 42910.000000000007 4138.5000000000009 48025.000000000007 5.5000000000000009 0.6888197181594109 45602.500000000007 36372.500000000007 1.0000000180025095e-35 0.39357655838957473 36662.500000000007 4.5000000000000009 38353.250000000007 2.5000000000000004 7602.7800000000007 0.62579842715260914 64.500000000000014 36372.500000000007 37547.900000000009 67.500000000000014 14066.210000000001 0.47537786495154816 37452.700000000004 35798.100000000006 42412.500000000007 21199.855000000003 70.500000000000014 73.500000000000014 33215.535000000011
decision_type=2 2 2 2 2 2 2 2 2 2 2 2 2 2 2 2 2 2 2 2 2 2 2 2 2 2 2 2 2 2
left_child=2 10 8 4 5 -4 14 12 13 -9 24 21 -5 23 16 17 -3 -8 -17 27 -16 -12 -13 -1 26 -21 -2 -10 -6 -15
right_child=1 6 3 7 28 -7 15 9 19 -11 11 22 -14 29 20 18 -18 -19 -20 25 -22 -23 -24 -25 -26 -27 -28 -29 -30 -31
leaf_value=24.891178385416676 -11.629653313580683 -9.7198822331428545 34.10338064099922 11.940377446879511 5.5329206466674812 18.108842867154344 8.1514955328061038 14.76477430820465 -1.7437144756317124 2.3194089129567148 -5.7762569774280905 -11.820414205392202 22.185274451119561 5.1801841735839851 -3.2088108615233346 2.3744110234994062 -4.1798765124015089 2.1395551696419717 -0.135590661586066 4.8662107740129734 -0.64343790736463335 -1.9054504470391707 -9.7398299700971975 17.998426310221351 -8.9027647781372075 2.9604856300354006 -12.451180402606937 0.052304880556307345 3.6501408682929148 5.0560749053955067
leaf_weight=2.9999999999999982 34 20 61 23 3.9999999999999991 26 12.999999999999998 9.9999999999999982 4.0000000000000027 32 10.999999999999998 48 13.999999999999998 2.9999999999999991 52 49 53 125 223 14.000000000000002 90 33 69 6 4.9999999999999991 14.999999999999998 141 19 8.9999999999999982 4
leaf_count=3 34 20 61 23 4 26 13 10 4 32 11 48 14 3 52 49 53 125 223 14 90 33 69 6 5 15 141 19 9 4
internal_value=-0.00360114 -3.87429 15.1344 19.0682 26.0612 29.3234 -0.289881 10.2163 4.77915 5.28259 -10.4439 -8.48352 15.8168 13.6518 -2.97999 1.12079 -5.69769 2.7059 0.316579 2.0491 -1.58287 -2.87315 -10.5934 20.296 -12.1974 3.88049 -12.2916 -0.260046 4.22946 5.10926
internal_weight=1213 966 247 179 100 87 625 79 68 42 341 161 37 16 215 410 73 138 272 52 142 44 117 9 180 29 175 23 13 7
internal_count=1213 966 247 179 100 87 625 79 68 42 341 161 37 16 215 410 73 138 272 52 142 44 117 9 180 29 175 23 13 7
is_linear=0
shrinkage=0.05


Tree=3
num_leaves=31
num_cat=0
split_feature=2 1 4 4 3 7 7 3 4 3 4 2 4 2 4 0 4 1 4 1 0 0 0 2 7 3 0 7 2 6
split_gain=2.82999e+07 9.14029e+06 4.39266e+06 3.00914e+06 3.20369e+06 1.72326e+06 1.34259e+06 926522 507120 392011 687435 309607 242324 200699 513368 185884 175563 239930 124328 117896 76194.7 43579.6 58792.9 26560.2 10218.2 10035.3 8454.1 6222.48 3047.8 1925.4
threshold=5503.5750000000016 19633.805000000004 42910.000000000007 47695.000000000007 0.89843304090766141 5.5000000000000009 4.5000000000000009 0.67923994134223731 36662.500000000007 0.39357655838957473 36662.500000000007 7101.4100000000008 36372.500000000007 3608.7950000000005 48025.000000000007 38662.500000000007 38752.500000000007 23063.610000000004 36372.500000000007 17636.370000000003 37547.900000000009 35798.100000000006 36005.30000000001 18479.670000000002 1.0000000180025095e-35 0.89996303050768589 43692.900000000009 1.5000000000000002 4323.8350000000009 70.500000000000014
decision_type=2 2 2 2 2 2 2 2 2 2 2 2 2 2 2 2 2 2 2 2 2 2 2 2 2 2 2 2 2 2
left_child=2 9 8 4 6 -6 -4 16 15 21 23 12 -9 14 -5 28 24 -18 -13 -12 29 27 -23 -11 -3 -22 -15 -2 -1 -10
right_child=1 7 3 13 5 -7 -8 11 20 10 19 18 -14 26 -16 -17 17 -19 -20 -21 25 22 -24 -25 -26 -27 -28 -29 -30 -31
leaf_value=16.68183898925782 -11.151392477911873 2.1960227221250537 10.119150801845219 20.363864696025843 34.071029469004849 18.537865422322199 30.333354568481447 11.775371837615968 -1.3598174095153794 -1.6762367225610295 -10.885030753612519 2.494508237242699 2.7782216067971857 1.6942050790786731 3.7174814397638487 4.7407714843749993 -6.1443510736737936 -1.9588198289871217 -0.018401023414475425 -7.8264765542486447 2.7845045916239415 -2.4405824661254885 -12.339479064941402 -4.2654242068529129 -0.4575383681517381 4.5846579074859619 4.0893486567905972 -11.883873993603153 18.697709960937498 0.0083621611197789505
leaf_weight=2.9999999999999982 37 3.9999999999999991 46 8 57 26 9.9999999999999982 7.9999999999999991 3.0000000000000027 26 100 60 116 5.0000000000000027 11 4 63 75 274 46 15.000000000000002 2.9999999999999991 3 15.999999999999998 39 15.999999999999998 13.999999999999998 134 5 18
leaf_count=3 37 4 46 8 57 26 10 8 3 26 100 60 116 5 11 4 63 75 274 46 15 3 3 16 39 16 14 134 5 18
internal_value=0.115962 -3.57738 15.5023 19.5614 22.9701 29.2052 13.7288 0.0282313 4.27641 -9.88967 -8.29973 1.22512 3.35868 7.09277 10.7265 13.5414 -3.00036 -3.86961 0.43302 -9.92138 2.13833 -11.5784 -7.39003 -2.66259 -0.210695 3.71362 3.45905 -11.7254 17.9418 -0.187092
internal_weight=1245 1004 241 177 139 83 56 639 64 365 188 458 124 38 19 12 181 138 334 146 52 177 6 42 43 31 19 171 8 21
internal_count=1245 1004 241 177 139 83 56 639 64 365 188 458 124 38 19 12 181 138 334 146 52 177 6 42 43 31 19 171 8 21
is_linear=0
shrinkage=0.05


Tree=4
num_leaves=30
num_cat=0
split_feature=2 1 3 0 6 7 3 8 7 3 8 8 7 5 6 3 3 8 0 3 8 2 2 8 8 0 6 2 3
split_gain=2.39808e+07 7.35535e+06 3.89655e+06 1.83716e+06 1.22037e+06 780996 687722 520637 433090 408596 506186 341548 331657 725078 286444 237887 201270 136329 254512 114368 79096.7 230883 77701 59378.5 28111.4 17943.3 15132 8300.55 78.125
threshold=6261.1600000000008 19797.395 0.89843304090766141 39171.350000000006 69.500000000000014 5.5000000000000009 0.67923994134223731 2.5000000000000004 5.5000000000000009 0.46223377729250298 3.5000000000000004 2.5000000000000004 1.0000000180025095e-35 18.500000000000004 67.500000000000014 0.86679055522935655 0.62412087380024583 2.5000000000000004 34775.100000000006 0.76766800306084393 3.5000000000000004 20022.105000000003 4621.1800000000012 2.5000000000000004 3.5000000000000004 38353.250000000007 65.500000000000014 16286.945000000002 0.93979102946983628
decision_type=2 2 2 2 2 2 2 2 2 2 2 2 2 2 2 2 2 2 2 2 2 2 2 2 2 2 2 2 2
left_child=2 9 7 25 -5 -6 11 12 15 20 23 16 13 -1 -10 -9 -3 19 -19 -8 27 -22 -14 -11 -13 28 -12 -2 -4
right_child=1 6 3 4 5 -7 17 8 14 10 26 24 22 -15 -16 -17 -18 18 -20 -21 21 -23 -24 -25 -26 -27 -28 -29 -30
leaf_value=3.9803552968161457 -8.5835299173990887 -10.141917073099236 -0.34707044661045083 48.054064941406253 22.507716962331681 13.191365911114602 -1.507135634360214 5.9185779144889432 32.441435750325518 -9.8478862729717491 -4.2623127937316898 -1.8321999103250637 5.642982774972916 33.360417683919266 14.324689131975175 11.769683289527894 -4.0795991605641886 8.711060071984928 1.2086473925478565 0.91654373387331667 -4.0932702008415678 -10.58936201095581 1.9220071015205791 -7.2872111616863151 -0.13241897209270581 3.8860361099243166 -1.2761650873082024 -11.238268549937123 -0.034570451080799099
leaf_weight=6.9999999999999982 2.9999999999999991 19 2.9999999999999982 3.9999999999999991 82 31 90 38 2.9999999999999991 61 4.9999999999999991 71 20 3 7.9999999999999991 32 49 11.999999999999998 195 106 17 70 47 36 37 3.9999999999999991 28 159 6
leaf_count=7 3 19 3 4 82 31 90 38 3 61 5 71 20 3 8 32 49 12 195 106 17 70 47 36 37 4 28 159 6
internal_value=-0.131429 -3.93469 12.5197 18.9314 20.9127 19.9519 -0.390073 7.24427 10.0427 -9.34982 -7.07773 -2.99763 4.30049 12.7944 19.2656 8.59337 -5.77348 0.748711 1.64357 -0.19637 -10.536 -9.32001 3.03275 -8.89753 -1.24987 1.09965 -1.72861 -11.1891 -0.138737
internal_weight=1246 958 288 130 117 113 579 158 81 379 130 176 77 10 11 70 68 403 207 196 249 87 67 97 108 13 33 162 9
internal_count=1246 958 288 130 117 113 579 158 81 379 130 176 77 10 11 70 68 403 207 196 249 87 67 97 108 13 33 162 9
is_linear=0
shrinkage=0.05


Tree=5
num_leaves=31
num_cat=0
split_feature=2 3 4 8 7 4 4 3 3 4 0 7 3 4 4 8 2 4 5 8 4 0 4 2 0 6 4 8 6 6
split_gain=2.14244e+07 6.85158e+06 3.40416e+06 3.34646e+06 2.75008e+06 3.19447e+06 2.69474e+06 1.51404e+06 764480 520428 449101 387561 369067 529913 325858 300134 178269 176203 166694 130877 94473 54664.1 54201.2 177426 38056.9 33902.5 9530.86 3900.26 3076.62 2602.73
threshold=5852.2250000000013 0.56372184029962036 42910.000000000007 2.5000000000000004 2.5000000000000004 47845.000000000007 44735.000000000007 0.97000117379689221 0.6888197181594109 36372.500000000007 39971.650000000001 1.5000000000000002 0.44362278151799611 36662.500000000007 36090.000000000007 2.5000000000000004 7351.3550000000005 39052.500000000007 15.500000000000002 2.5000000000000004 39497.500000000007 37547.900000000009 36662.500000000007 20022.105000000003 37452.700000000004 67.500000000000014 42412.500000000007 2.5000000000000004 70.500000000000014 73.500000000000014
decision_type=2 2 2 2 2 2 2 2 2 2 2 2 2 2 2 2 2 2 2 2 2 2 2 2 2 2 2 2 2 2
left_child=2 12 9 4 5 -4 11 -8 15 14 -6 -5 22 29 -1 17 18 -3 -10 -15 -18 28 23 -2 -16 -17 -23 -24 -11 -14
right_child=1 8 3 6 10 -7 7 -9 16 21 -12 -13 13 19 24 25 20 -19 -20 -21 -22 26 27 -25 -26 -27 -28 -29 -30 -31
leaf_value=4.0641381263732903 -3.165082667090676 -10.510813506444295 29.696607503583358 20.043820190429685 15.694022909800211 6.6097274237665635 34.779876600309862 2.6193155765533449 8.5155942006544638 -1.7878223896026597 1.1498448076941397 6.4164055824279771 -1.6062733795331874 -9.9234863672683495 22.531176757812496 -2.0851309738260637 1.7566159591078758 -3.9852964966297151 2.0728550396341343 -6.4371712191899624 -0.20195542431868066 3.6149215189615891 -10.863010154724122 -10.11093511411122 15.633997599283854 -0.36796032693740488 1.9084022363026936 -10.310771863003994 -0.25478768919905032 -0.64004925787448885
leaf_weight=8 10.999999999999998 11.999999999999998 31 8 5.9999999999999991 29 43 3.9999999999999991 10.999999999999998 4.0000000000000027 46 15 23 67 3 47 88 75 115 45 205 14.999999999999998 100 56 6 74 18 47 18 9.9999999999999982
leaf_count=8 11 12 31 8 6 29 43 4 11 4 46 15 23 67 3 47 88 75 115 45 205 15 100 56 6 74 18 47 18 10
internal_value=0.0143856 -3.32135 12.9633 16.6041 11.2441 18.5379 25.1801 32.0428 -0.167506 3.76039 2.82802 11.1564 -8.8296 -6.88201 11.4065 -2.64547 1.0626 -4.88537 2.63532 -8.52273 0.386284 1.39705 -10.1492 -8.97057 17.9331 -1.03496 2.68409 -10.6864 -0.533521 -1.31348
internal_weight=1240 986 254 182 112 60 70 47 627 72 52 23 359 145 17 208 419 87 126 112 293 55 214 67 9 121 33 147 22 33
internal_count=1240 986 254 182 112 60 70 47 627 72 52 23 359 145 17 208 419 87 126 112 293 55 214 67 9 121 33 147 22 33
is_linear=0
shrinkage=0.05


Tree=6
num_leaves=31
num_cat=0
split_feature=2 3 4 4 7 4 4 7 0 3 3 4 4 2 6 2 0 4 0 4 4 2 0 4 4 2 0 5 2 3
split_gain=1.85582e+07 6.23672e+06 2.85987e+06 2.22612e+06 2.13076e+06 3.16271e+06 2.12222e+06 1.37093e+06 1.03727e+06 612041 417960 514158 342581 241960 176475 172017 141269 100145 91599.5 78958.2 72554.2 180952 43281.5 15888.9 11542.6 7692.29 3813.12 3673.1 2689.34 810.33
threshold=5503.5750000000016 0.56738402752020378 42910.000000000007 45602.500000000007 2.5000000000000004 48025.000000000007 44735.000000000007 5.5000000000000009 41396.900000000009 0.67923994134223731 0.46223377729250298 37740.000000000007 36662.500000000007 7351.3550000000005 65.500000000000014 15786.515000000001 38571.650000000009 36372.500000000007 35289.500000000007 40485.000000000007 36662.500000000007 20022.105000000003 37547.900000000009 47695.000000000007 42412.500000000007 16555.680000000004 40336.30000000001 16.500000000000004 4323.8350000000009 0.88854946630230314
decision_type=2 2 2 2 2 2 2 2 2 2 2 2 2 2 2 2 2 2 2 2 2 2 2 2 2 2 2 2 2 2
left_child=2 10 12 6 5 -5 8 -8 -4 15 20 27 16 14 -11 18 28 -15 -3 -13 21 -2 29 -6 -24 -22 -17 -12 -1 -14
right_child=1 9 3 4 23 -7 7 -9 -10 13 11 19 22 17 -16 26 -18 -19 -20 -21 25 -23 24 -25 -26 -27 -28 -29 -30 -31
leaf_value=14.477561950683601 -3.2774407450358076 -3.8640812163083056 8.6362364768981941 27.372911348342896 0.50625077613762448 2.0732641129266649 37.602905397829801 20.520212141672772 27.990016810099288 7.6104763858458568 -1.7125222905476889 -10.05508836746216 -0.77884523391723581 2.1905219543082963 2.1615248986859252 -9.527058029174805 3.8301353454589839 -0.11130315123710272 -1.3222500002063882 -6.9304052346175729 -7.583876101175945 -9.378846936672927 3.8284038271222784 3.0328987121582034 1.8321712303161624 -10.141253896017332 -12.048011525472003 -0.71512627551953001 16.457955932617185 -0.043848840296268468
leaf_weight=2.9999999999999982 14.999999999999998 53 30 30 28 21 23 24 8.9999999999999982 17 14.999999999999998 30 5.0000000000000027 58 118 2.9999999999999991 4 255 107 62 2.9999999999999991 64 14.000000000000002 7.9999999999999991 14.999999999999998 148 3 24 4 14.999999999999998
leaf_count=3 15 53 30 30 28 21 23 24 9 17 15 30 5 58 118 3 4 255 107 62 3 64 14 8 15 148 3 24 4 15
internal_value=0.0806926 -2.94887 12.7581 16.0203 10.3812 16.9554 21.725 28.8798 13.1025 0.117433 -8.16414 -5.90984 3.35189 1.07836 2.84769 -2.47592 11.3259 0.315233 -2.16423 -7.94932 -9.44811 -8.22035 1.5618 1.06773 2.79587 -10.0904 -10.7875 -1.09874 15.6092 -0.227598
internal_weight=1208 975 233 173 87 51 86 47 39 614 361 131 60 448 135 166 11 313 160 92 230 79 49 36 29 151 6 39 7 20
internal_count=1208 975 233 173 87 51 86 47 39 614 361 131 60 448 135 166 11 313 160 92 230 79 49 36 29 151 6 39 7 20
is_linear=0
shrinkage=0.05


Tree=7
num_leaves=31
num_cat=0
split_feature=2 3 3 0 3 7 2 3 8 7 1 8 0 2 0 8 7 0 0 8 3 8 1 6 1 8 0 0 7 1
split_gain=1.72689e+07 5.78268e+06 1.86657e+06 1.27887e+06 869186 1.46158e+06 869422 560656 500505 494200 335807 509844 281283 205831 224408 205229 184467 122757 436606 104756 95628.7 41787.4 34281.6 29872.5 16669.7 21974.5 13500.6 4384.94 3486.61 366.701
threshold=5503.5750000000016 0.56738402752020378 0.89843304090766141 39171.350000000006 0.91213414669537285 5.5000000000000009 4046.4400000000005 0.67923994134223731 2.5000000000000004 4.5000000000000009 13324.140000000001 3.5000000000000004 38033.350000000013 7351.3550000000005 37547.900000000009 2.5000000000000004 1.0000000180025095e-35 38934.100000000006 40662.350000000006 2.5000000000000004 0.62579842715260914 3.5000000000000004 16651.045000000002 67.500000000000014 12223.345000000003 3.5000000000000004 38790.30000000001 36660.450000000004 3.5000000000000004 32398.845000000001
decision_type=2 2 2 2 2 2 2 2 2 2 2 2 2 2 2 2 2 2 2 2 2 2 2 2 2 2 2 2 2 2
left_child=2 10 8 26 6 -6 -5 15 17 16 24 19 -11 14 -9 20 -10 27 -19 -12 -3 -15 -13 -17 28 -26 29 -1 -2 -4
right_child=1 7 3 4 5 -7 -8 13 9 12 11 22 -14 21 -16 23 -18 18 -20 -21 -22 -23 -24 -25 25 -27 -28 -29 -30 -31
leaf_value=-0.66286364316940316 -9.3606275198062274 -7.105763523957946 -0.18926427960395817 29.434929482142135 18.248964737636456 2.897936911582947 12.459637767618354 6.8848321647644042 13.385791269938151 7.7049986839294462 -9.3151677138184859 -3.3907785892486575 26.004204722813196 -0.020853276011139277 1.6539609399411763 -2.0318209181229276 6.0507484801610314 23.505242760976159 3.6300236979552682 -6.394747649688485 -3.1732792083675472 1.4525962311029437 -0.81553861702171471 -0.23643247368244025 -9.0512335024381922 -5.5802943785985315 3.8823053359985353 1.0469009121259054 -9.8309878613575403 0.42878137230873103
leaf_weight=9.9999999999999982 75 22 5.9999999999999982 24 69 20 10.999999999999998 25 11.999999999999998 2.9999999999999982 73 28 7 243 114 36 30 2.9999999999999991 35 53 52 60 24 65 19.000000000000004 5.9999999999999991 2.9999999999999991 5.9999999999999991 83 4
leaf_count=10 75 22 6 24 69 20 11 25 12 3 73 28 7 243 114 36 30 3 35 53 52 60 24 65 19 6 3 6 83 4
internal_value=0.0764666 -2.88753 12.0057 15.8603 17.4244 14.7993 24.0998 0.0533384 7.02373 10.5249 -7.9139 -6.36766 20.5144 1.00172 2.59477 -2.34201 8.14647 3.65221 5.19912 -8.08674 -4.3424 0.270919 -2.20221 -0.876373 -9.41789 -8.21821 0.940497 -0.0217019 -9.60772 0.057954
internal_weight=1221 978 243 137 124 89 35 617 106 52 361 178 10 442 139 175 42 54 38 126 74 303 52 101 183 25 13 16 158 10
internal_count=1221 978 243 137 124 89 35 617 106 52 361 178 10 442 139 175 42 54 38 126 74 303 52 101 183 25 13 16 158 10
is_linear=0
shrinkage=0.05


Tree=8
num_leaves=30
num_cat=0
split_feature=3 1 4 4 4 7 4 7 7 3 3 4 4 8 2 4 4 4 3 4 4 0 8 4 2 4 2 3 3
split_gain=1.63088e+07 5.32802e+06 2.20251e+06 2.53825e+06 1.70859e+06 1.67374e+06 2.17907e+06 1.43323e+06 1.1397e+06 546236 396591 482463 293370 257270 200447 369128 136310 86438 177793 68520 66705.2 28500.5 25581.1 13789.9 11393.3 10171.3 9022.5 3665.22 391.942
threshold=0.86426075818049675 20408.820000000003 42910.000000000007 45602.500000000007 44735.000000000007 2.5000000000000004 48025.000000000007 5.5000000000000009 3.5000000000000004 0.67664133737944343 0.46842849335882702 37740.000000000007 36662.500000000007 2.5000000000000004 7351.3550000000005 36372.500000000007 42277.500000000007 36662.500000000007 0.36039930606048309 42277.500000000007 39497.500000000007 37547.900000000009 1.5000000000000002 39497.500000000007 15326.525000000003 42412.500000000007 4621.1800000000012 0.54251589455555205 0.88854946630230314
decision_type=2 2 2 2 2 2 2 2 2 2 2 2 2 2 2 2 2 2 2 2 2 2 2 2 2 2 2 2 2
left_child=1 10 12 4 8 6 -5 -6 -4 13 17 27 26 16 15 -11 -3 18 -1 -13 -16 28 -7 -15 -19 -23 -2 -12 -14
right_child=2 9 3 5 7 22 -8 -9 -10 14 11 19 21 23 20 -17 -18 24 -20 -21 -22 25 -24 -25 -26 -27 -28 -29 -30
leaf_value=-8.7205134161587434 13.813693618774415 -9.8957618019797593 22.553486291985763 22.833253304804529 35.223421020507814 3.0488890409469604 0.9613335000144112 17.725153450532392 6.3075436916053294 11.251485373757102 -1.3134514621817148 -8.3862364227479365 -0.81214946111043196 0.11113364063203335 1.3072547214627266 1.7440373530768802 -3.8076730019812075 -6.1262373924255371 -3.6764355764389038 -5.805911132723093 -0.2447755455672741 3.2133573259626114 0.30395470662363649 -1.1779193977178153 -9.2359388210155355 1.2295930708448093 10.186322657267251 -0.39983788226780143 -0.18609659135341647
leaf_weight=58 3.9999999999999991 10.999999999999998 19 31 25 11.999999999999998 18 22 25 10.999999999999998 26 53 3.0000000000000027 32 100 142 56 2.9999999999999991 25 50 225 14.000000000000002 29 59 162 11.999999999999998 3 19 14.999999999999998
leaf_count=58 4 11 19 31 25 12 18 22 25 11 26 53 3 32 100 142 56 3 25 50 225 14 29 59 162 12 3 19 15
internal_value=-0.049177 -2.74202 11.9293 14.5154 20.4038 8.56151 14.7987 27.0327 13.3228 0.0928405 -7.29499 -5.24671 2.75153 -2.45585 0.935294 2.42758 -4.80721 -8.51734 -7.20121 -7.13365 0.232772 1.23896 1.10735 -0.724626 -9.1794 2.29777 12.2591 -0.927704 -0.290439
internal_weight=1264 1032 232 181 91 90 49 47 44 636 396 148 51 158 478 153 67 248 83 103 325 44 41 91 165 26 7 45 18
internal_count=1264 1032 232 181 91 90 49 47 44 636 396 148 51 158 478 153 67 248 83 103 325 44 41 91 165 26 7 45 18
is_linear=0
shrinkage=0.05


Tree=9
num_leaves=31
num_cat=0
split_feature=2 3 4 8 7 4 4 7 3 4 1 4 4 8 4 4 0 0 1 3 8 6 2 2 6 2 0 3 1 1
split_gain=1.31775e+07 4.60425e+06 1.87145e+06 1.9067e+06 2.16719e+06 2.40034e+06 1.24924e+06 753209 464356 316749 482939 264244 258677 209740 213901 169445 297309 153902 105743 85192.2 73056.9 29971 28221.2 27966.1 24443.9 17855 17548.8 5880.53 2328.95 1621.31
threshold=5503.5750000000016 0.56372184029962036 42910.000000000007 2.5000000000000004 2.5000000000000004 47845.000000000007 44735.000000000007 5.5000000000000009 0.69974924138118932 36662.500000000007 12223.345000000003 44585.000000000007 36662.500000000007 2.5000000000000004 39052.500000000007 36662.500000000007 34775.100000000006 38571.650000000009 27867.120000000003 0.48829254162894692 2.5000000000000004 74.500000000000014 19884.485000000004 20022.105000000003 69.500000000000014 17777.105000000003 37547.900000000009 0.91623920325134434 33654.68 30182.040000000005
decision_type=2 2 2 2 2 2 2 2 2 2 2 2 2 2 2 2 2 2 2 2 2 2 2 2 2 2 2 2 2 2
left_child=2 9 12 4 5 -4 11 -8 13 10 23 -5 17 14 -3 16 -10 28 -17 25 -21 -6 -12 -2 -15 -11 29 -28 -1 -14
right_child=1 8 3 6 21 -7 7 -9 15 19 22 -13 26 24 -16 18 -18 -19 -20 20 -22 -23 -24 -25 -26 -27 27 -29 -30 -31
leaf_value=15.00338973999024 -3.4364791015783944 -10.314731944691053 25.322403748830162 17.686781529017853 2.2618244858627974 5.1492780405899579 30.598299535115558 17.790050220489501 12.225210332870484 -7.3560155639648448 -1.0751973114115125 5.788905279125486 -1.3396606763203924 -1.3828906121104956 -2.8727610749534414 -1.4326059520000318 1.983278981716402 2.4648085784912106 0.85765270885208555 -7.958502903217223 -4.7419257498556568 -0.29312606354554499 -4.1313969373703001 -8.3987597645453693 -0.0075764286518096927 -8.792245108740671 1.2075483143329617 2.8678191781044009 13.160462570190427 -0.073002184717915961
leaf_weight=2.9999999999999982 2.9999999999999991 10.999999999999998 30 7.0000000000000009 22 29 24 22 7.9999999999999991 25 47 14 3.0000000000000027 60 79 61 62 5 290 41 31 24 8.9999999999999982 53 70 161 16.000000000000004 7.9999999999999991 4 15.999999999999998
leaf_count=3 3 11 30 7 22 29 24 22 8 25 47 14 3 60 79 61 62 5 290 41 31 24 9 53 70 161 16 8 4 16
internal_value=-0.184457 -2.62881 10.7021 13.2693 9.06406 15.4068 19.8596 24.4726 -0.0652397 -7.07003 -4.84965 9.75486 2.67368 -1.92688 -3.78234 0.90759 3.15379 9.16467 0.459631 -8.03392 -6.57359 0.928807 -1.56637 -8.13292 -0.642337 -8.5992 0.86224 1.76097 13.9503 -0.273001
internal_weight=1238 1011 227 172 105 59 67 46 641 370 112 21 55 220 90 421 70 12 351 258 72 46 56 56 130 186 43 24 7 19
internal_count=1238 1011 227 172 105 59 67 46 641 370 112 21 55 220 90 421 70 12 351 258 72 46 56 56 130 186 43 24 7 19
is_linear=0
shrinkage=0.05


Tree=10
num_leaves=28
num_cat=0
split_feature=2 3 3 6 0 2 8 7 6 3 3 8 1 1 0 2 8 8 8 8 2 2 1 0 0 6 7
split_gain=1.19488e+07 3.91303e+06 1.84413e+06 981456 895678 417799 405739 562225 349314 304470 299026 438443 147676 121840 377818 109807 161693 102948 78805.5 63977.8 52783.8 26816.6 18982.3 17079.8 12199.6 11382 5007.8
threshold=6261.1600000000008 0.56738402752020378 0.89843304090766141 69.500000000000014 39628.500000000007 3933.8150000000001 2.5000000000000004 5.5000000000000009 69.500000000000014 0.65950069026994596 0.39357655838957473 3.5000000000000004 30093.735000000004 34343.060000000005 40551.000000000007 8686.1600000000017 3.5000000000000004 2.5000000000000004 2.5000000000000004 2.5000000000000004 16005.415000000003 18673.055000000004 20408.820000000003 35798.100000000006 38790.30000000001 67.500000000000014 1.5000000000000002
decision_type=2 2 2 2 2 2 2 2 2 2 2 2 2 2 2 2 2 2 2 2 2 2 2 2 2 2 2
left_child=2 10 6 -4 24 -6 13 12 -9 17 23 18 -8 25 -15 16 -11 20 -12 -17 -3 -13 -19 26 -5 -1 -2
right_child=1 9 3 4 5 -7 7 8 -10 15 11 21 -14 14 -16 19 -18 22 -20 -21 -22 -23 -24 -25 -26 -27 -28
leaf_value=2.4454941749572727 -7.7351063178135808 -3.6095893763481302 37.82145462036133 0.041787784631984931 15.493905476953394 6.5014506022135423 17.193125073115031 28.398847961425787 8.5751587510108944 0.99315907078095345 -7.8975025243229346 -1.1531918173486537 5.8611463510471848 21.241741053263347 2.9833614120880765 -1.0766867932812734 6.3998728795846311 -3.4298066928982736 -5.4708478552207609 0.53722747015203987 -10.45021464029948 -3.4914166597759024 -0.86068905950851848 -5.2701671667397028 2.9524483680725098 -0.86851647257020614 -8.3783403354220933
leaf_weight=3.0000000000000027 39 47 3.9999999999999991 8.9999999999999982 93 14.999999999999998 2.9999999999999991 4.9999999999999982 4 177 81 44 69 2.9999999999999991 51 110 14.999999999999998 7.9999999999999991 57 139 2.9999999999999991 17 71 4.9999999999999991 5.9999999999999991 19 135
leaf_count=3 39 47 4 9 93 15 3 5 4 177 81 44 69 3 51 110 15 8 57 139 3 17 71 5 6 19 135
internal_value=-0.028744 -2.72389 8.96773 13.4475 12.6548 14.245 5.34398 7.80609 19.5883 -0.107934 -6.66859 -5.33483 6.33331 2.71989 3.99772 0.517066 1.41556 -2.24456 -6.89519 -0.175747 -4.02003 -1.80483 -1.12085 -8.15137 1.20605 -0.416606 -8.23417
internal_weight=1232 948 284 127 123 108 157 81 9 570 378 199 72 76 54 441 192 129 138 249 50 61 79 179 15 22 174
internal_count=1232 948 284 127 123 108 157 81 9 570 378 199 72 76 54 441 192 129 138 249 50 61 79 179 15 22 174
is_linear=0
shrinkage=0.05


Tree=11
num_leaves=30
num_cat=0
split_feature=3 1 4 4 4 7 4 3 4 3 4 1 4 8 3 3 0 4 3 1 3 6 0 1 4 4 1 8 3
split_gain=1.30987e+07 4.03624e+06 2.25678e+06 2.29296e+06 1.45322e+06 1.38783e+06 2.34785e+06 1.21336e+06 1.0553e+06 413412 243622 197559 357268 184663 152840 149626 187758 56187.1 49254.8 30986.6 22130.7 19661.1 12705.5 10370.9 15513.8 9436.75 7600.04 2660.66 418.845
threshold=0.86426075818049675 19797.395 42910.000000000007 45602.500000000007 44735.000000000007 2.5000000000000004 48025.000000000007 0.97000117379689221 44065.000000000007 0.6888197181594109 36662.500000000007 12387.060000000001 36662.500000000007 2.5000000000000004 0.62412087380024583 0.82048781288563022 37772.000000000007 36372.500000000007 0.47537786495154816 14066.210000000001 0.89215658961468891 67.500000000000014 37547.900000000009 11232.980000000003 36662.500000000007 42412.500000000007 33654.68 2.5000000000000004 0.88854946630230314
decision_type=2 2 2 2 2 2 2 2 2 2 2 2 2 2 2 2 2 2 2 2 2 2 2 2 2 2 2 2 2
left_child=1 11 10 4 8 6 -5 -6 -4 13 26 23 19 14 -3 17 -17 -11 -14 -13 -7 -15 28 27 -25 -24 -2 -1 -12
right_child=2 9 3 5 7 20 -8 -9 -10 15 22 12 18 21 -16 16 -18 -19 -20 -21 -22 -23 25 24 -26 -27 -28 -29 -30
leaf_value=-8.0800779473291691 8.842756334940594 -7.5506208169460294 27.301297150717843 21.968938535259618 27.529680303010078 1.5751743872960411 0.31602292827197487 -1.2330131530761719 7.8528017228649505 1.6728421050926734 -0.70335508982340411 -3.7621431536972523 -7.7402524763537999 -1.5330518419092352 -2.4464852860840889 6.5928638446898695 1.4680384582746775 -0.051942001537815856 -5.8959511929544917 -1.1391219615936279 -0.92626286447048189 -0.22564685701067191 2.6116875995289188 -5.3544578573920489 -7.7936964988708501 0.73220007068970627 12.171928405761717 -7.6531860665099263 -0.065224710220677981
leaf_weight=73 2.9999999999999991 20 8.9999999999999982 31 44 24 21 3.9999999999999991 31 58 3.0000000000000027 15.999999999999998 62 44 55 21 120 254 87 38 13.999999999999998 83 11.000000000000002 11.000000000000002 15.999999999999998 17 4 73 18
leaf_count=73 3 20 9 31 44 24 21 4 31 58 3 16 62 44 55 21 120 254 87 38 14 83 11 11 16 17 4 73 18
internal_value=0.0943745 -2.32954 10.7741 13.5283 19.2673 7.91678 13.2245 25.1328 12.2287 0.0407546 2.01978 -6.45865 -5.40061 -1.84036 -3.80759 0.879572 2.23131 0.268691 -6.66338 -1.91631 0.653592 -0.678606 0.773303 -7.70015 -6.79993 1.47057 10.7451 -7.86663 -0.156386
internal_weight=1265 1031 234 178 88 90 52 48 40 655 56 376 203 202 75 453 141 312 149 54 38 127 49 173 27 28 7 146 21
internal_count=1265 1031 234 178 88 90 52 48 40 655 56 376 203 202 75 453 141 312 149 54 38 127 49 173 27 28 7 146 21
is_linear=0
shrinkage=0.05


Tree=12
num_leaves=30
num_cat=0
split_feature=3 1 4 4 4 7 4 3 7 3 4 4 3 2 4 4 4 3 3 6 2 2 0 2 7 0 7 4 3
split_gain=1.04139e+07 3.60547e+06 1.74455e+06 1.37102e+06 1.42908e+06 1.35154e+06 1.85028e+06 1.05747e+06 928340 467664 259755 154138 293574 147751 162863 107617 145139 54645.1 41835.3 36601 19449 18951.6 11064.5 10208.8 10073.5 9592.78 9364.55 6521.99 206.627
threshold=0.86426075818049675 18876.970000000001 42910.000000000007 45602.500000000007 44735.000000000007 2.5000000000000004 48025.000000000007 0.97000117379689221 3.5000000000000004 0.68065908331195957 36662.500000000007 36662.500000000007 0.36710579925816439 6261.1600000000008 36372.500000000007 37740.000000000007 39052.500000000007 0.76170598030574954 0.46842849335882702 69.500000000000014 4698.1400000000012 20495.430000000004 37547.900000000009 15326.525000000003 3.5000000000000004 38033.350000000013 1.0000000180025095e-35 42412.500000000007 0.8903071102881509
decision_type=2 2 2 2 2 2 2 2 2 2 2 2 2 2 2 2 2 2 2 2 2 2 2 2 2 2 2 2 2
left_child=1 11 10 4 8 6 -5 -6 -4 15 25 12 24 14 -11 26 -17 -15 23 -20 -7 -14 28 -13 -1 -2 -3 -24 -12
right_child=2 9 3 5 7 20 -8 -9 -10 13 22 18 21 17 -16 16 -18 -19 19 -21 -22 -23 27 -25 -26 -27 -28 -29 -30
leaf_value=-6.4126098394393924 11.873132476806639 2.3361292421817779 18.982287399470806 20.313925575487545 25.823124137291543 -1.0167274743318557 0.3851344270838632 -1.1713624954223634 2.9957381271180652 8.6807826128872971 -0.51817365487416522 -4.6645730972290043 -1.3774912844598295 -0.11147872671711345 1.9608470757901668 -8.4397133541107188 -2.2171731345005483 1.0650914916245069 -5.5072385499351908 -8.1506844913258281 1.4485946655273438 -4.9870951294898989 2.1910804680415561 -7.6092228180322898 -7.8115730531754046 8.2967686335245752 -0.18192239891116818 0.69053439935048422 -0.06598544551525265
leaf_weight=22 5 3.9999999999999991 15.999999999999998 33 39 11.999999999999998 18 3.9999999999999991 21 10.999999999999998 3.0000000000000027 2.9999999999999991 40 181 50 9.9999999999999982 149 217 57 17 24 3.9999999999999991 14 156 31 3 48 15 15.999999999999998
leaf_count=22 5 4 16 33 39 12 18 4 21 11 3 3 40 181 50 10 149 217 57 17 24 4 14 156 31 3 48 15 16
internal_value=0.0573372 -2.12146 9.82771 12.3886 17.113 8.04434 13.2802 23.312 9.90884 -0.0144262 2.19069 -6.39937 -4.72458 0.881216 3.17264 -1.96277 -2.60853 0.530018 -7.0966 -6.11452 0.626821 -1.70564 0.800476 -7.55366 -7.23087 10.532 0.0117739 1.41494 -0.137384
internal_weight=1223 1000 223 167 80 87 51 43 37 670 56 330 97 459 61 211 159 398 233 74 36 44 48 159 53 8 52 29 19
internal_count=1223 1000 223 167 80 87 51 43 37 670 56 330 97 459 61 211 159 398 233 74 36 44 48 159 53 8 52 29 19
is_linear=0
shrinkage=0.05


Tree=13
num_leaves=31
num_cat=0
split_feature=2 3 4 2 4 7 7 3 4 7 4 8 8 2 4 4 3 4 4 0 0 2 0 4 4 0 4 2 0 2
split_gain=1.01848e+07 3.01197e+06 1.62645e+06 1.64292e+06 1.89725e+06 1.21998e+06 335464 330963 309029 285465 238127 178452 166206 250168 125355 425304 106247 65425.6 62552.7 42569.9 40350.9 24898.6 19943.6 19064.8 16404.5 9239 7974.23 5449.82 3940.46 377.114
threshold=5852.2250000000013 0.55016390264335002 42910.000000000007 4621.1800000000012 48025.000000000007 5.5000000000000009 5.5000000000000009 0.65950069026994596 36662.500000000007 1.0000000180025095e-35 36090.000000000007 2.5000000000000004 2.5000000000000004 18797.830000000005 36372.500000000007 36090.000000000007 0.76766800306084393 39052.500000000007 44860.000000000007 35761.55000000001 37452.700000000004 15691.635000000002 37547.900000000009 39497.500000000007 39052.500000000007 33753.200000000004 42412.500000000007 4771.4050000000016 45776.000000000007 5503.5750000000016
decision_type=2 2 2 2 2 2 2 2 2 2 2 2 2 2 2 2 2 2 2 2 2 2 2 2 2 2 2 2 2 2
left_child=2 12 8 4 5 -4 9 11 10 -5 29 17 21 18 15 -9 -16 -3 -14 -15 -12 24 27 -13 -2 -23 -24 -10 -6 -1
right_child=1 7 3 6 28 -7 -8 14 22 -11 20 23 13 19 16 -17 -18 -19 -20 -21 -22 25 26 -25 -26 -27 -28 -29 -30 -31
leaf_value=1.4711627388000486 -7.7068460845947273 -7.7374983180652963 20.243303513824941 11.853306016325952 -0.10047591682523488 8.5595429766562674 16.69856872558594 0.81568818365113216 -0.18598196142249634 1.6030875353184013 18.162208048502599 -0.021783842643102014 -1.9894187230174827 -6.6512674123322206 -0.74259661243706154 11.966805000305177 0.8704340096059684 -3.4930985996356378 -6.988499065807888 -3.3876263781027363 11.231351470947265 -7.1765029144287116 2.1879472553730013 -1.4257032937648004 -4.2527859644456347 -8.1047128041585292 0.609357051178813 -2.2263391494750979 1.6540843963623049 2.1802598953247063
leaf_weight=5 4.9999999999999991 10.999999999999998 80 7.9999999999999991 16.000000000000004 31 4.9999999999999991 59 18.000000000000004 45 3 42 59 109 189 9.9999999999999982 222 52 6.9999999999999991 10.999999999999998 7 105 15.999999999999998 57 10.999999999999998 36 15.999999999999998 3.9999999999999991 3.9999999999999991 3
leaf_count=5 5 11 80 8 16 31 5 59 18 45 3 42 59 109 189 10 222 52 7 11 7 105 16 57 11 36 16 4 4 3
internal_value=0.106232 -2.22073 8.88806 11.3242 14.4261 16.9803 4.31825 -0.199773 2.49315 3.15029 8.16682 -2.15391 -6.0034 -4.99219 0.459748 2.43179 0.128675 -4.23418 -2.51962 -6.3521 13.3106 -7.20138 0.601923 -0.830101 -5.33218 -7.41349 1.39865 -0.556956 0.250436 1.73707
internal_weight=1246 985 261 189 131 111 58 642 72 53 18 162 343 186 480 69 411 63 66 120 10 157 54 99 16 141 32 22 20 8
internal_count=1246 985 261 189 131 111 58 642 72 53 18 162 343 186 480 69 411 63 66 120 10 157 54 99 16 141 32 22 20 8
is_linear=0
shrinkage=0.05


Tree=14
num_leaves=29
num_cat=0
split_feature=2 3 4 8 7 4 7 7 3 1 8 1 8 4 4 2 7 1 2 4 0 2 4 4 0 0 4 3
split_gain=8.43926e+06 3.10688e+06 1.52733e+06 1.6086e+06 1.26752e+06 2.29024e+06 776670 1.68053e+06 416564 268824 203073 277899 202826 144714 140820 116144 139945 111013 81963.6 48239.7 43815.4 35879.5 26692.5 21536.9 10672.5 7574.21 6164.24 628.689
threshold=4989.4650000000011 0.56738402752020378 42910.000000000007 2.5000000000000004 2.5000000000000004 47845.000000000007 4.5000000000000009 5.5000000000000009 0.76510438148304538 37225.965000000011 2.5000000000000004 17636.370000000003 2.5000000000000004 39052.500000000007 36662.500000000007 6715.4050000000016 5.5000000000000009 36919.135000000002 20022.105000000003 39715.000000000007 40963.05000000001 15786.515000000001 43067.500000000007 39052.500000000007 38790.30000000001 37108.650000000009 42412.500000000007 0.88854946630230314
decision_type=2 2 2 2 2 2 2 2 2 2 2 2 2 2 2 2 2 2 2 2 2 2 2 2 2 2 2 2
left_child=2 10 14 4 5 -4 9 -8 12 -5 21 18 13 -3 -1 16 -10 -6 -12 -17 -14 23 -13 -2 27 -23 -26 -16
right_child=1 8 3 6 17 -7 7 -9 15 -11 11 22 20 -15 24 19 -18 -19 -20 -21 -22 25 -24 -25 26 -27 -28 -29
leaf_value=10.516732788085939 -7.2575179508754148 -5.7082529141352731 22.675211712166117 6.1331266294878253 6.7050387763977062 2.4392767634885066 35.55703928629557 14.045281117895374 2.2722875898686525 17.374583435058593 -4.0497403352077193 -0.60484567866092775 -0.10019826448119398 -1.6271253911439669 -0.73370728492736759 2.7162071139724167 8.4574391555786139 -1.3831232854298183 -6.3490693991382923 0.42041998293002447 3.140636183456941 -6.9003037825652527 -3.7622188139706854 -3.9622305533465219 2.2805686170404607 -8.2092014312744137 0.67234114866990302 -0.028219935894012449
leaf_weight=3.9999999999999991 7.0000000000000027 26 27 13.000000000000002 4.9999999999999991 29 14.999999999999998 23 107 8.9999999999999982 65 41 201 132 4.0000000000000027 27 9.9999999999999982 28 96 150 10.999999999999998 140 7.9999999999999991 17 11 11.999999999999998 13 14.999999999999998
leaf_count=4 7 26 27 13 5 29 15 23 107 9 65 41 201 132 4 27 10 28 96 150 11 140 8 17 11 12 13 15
internal_value=-0.122175 -1.90003 9.40205 11.881 7.61536 12.1959 18.2083 22.5368 0.173677 10.7319 -5.46724 -4.41733 -0.94267 -2.2987 1.54331 1.5786 2.80093 -0.157644 -5.42077 0.770625 0.0679582 -6.71996 -1.12034 -4.92336 0.708571 -7.00364 1.40945 -0.176744
internal_weight=1246 1050 196 149 89 56 60 38 664 22 386 210 370 158 47 294 117 33 161 177 212 176 49 24 43 152 24 19
internal_count=1246 1050 196 149 89 56 60 38 664 22 386 210 370 158 47 294 117 33 161 177 212 176 49 24 43 152 24 19
is_linear=0
shrinkage=0.05


Tree=15
num_leaves=27
num_cat=0
split_feature=2 1 4 4 8 7 7 1 2 8 4 0 6 4 2 4 1 0 4 0 2 0 4 6 1 2
split_gain=7.98169e+06 2.98729e+06 1.64052e+06 1.25019e+06 555573 1.50699e+06 807856 400042 330209 299724 237189 367191 245016 162948 144754 82168.3 211576 70577.1 64030.4 38015.6 18856.1 9748.73 4283.66 2605.46 673.015 324.893
threshold=4698.1400000000012 22711.235000000004 42910.000000000007 48025.000000000007 2.5000000000000004 2.5000000000000004 4.5000000000000009 17517.935000000005 7351.3550000000005 2.5000000000000004 36372.500000000007 37452.700000000004 66.500000000000014 36662.500000000007 15786.515000000001 36662.500000000007 12223.345000000003 33949.700000000004 39497.500000000007 32466.150000000005 17877.020000000004 38236.000000000007 42412.500000000007 77.500000000000014 42041.990000000005 2230.3250000000003
decision_type=2 2 2 2 2 2 2 2 2 2 2 2 2 2 2 2 2 2 2 2 2 2 2 2 2 2
left_child=2 7 13 4 5 -4 -6 15 10 17 11 -3 -12 -1 18 16 -2 -9 -10 -11 -17 25 -23 24 -5 -15
right_child=1 8 3 23 6 -7 -8 9 14 19 12 -13 -14 21 -16 20 -18 -19 -20 -21 -22 22 -24 -25 -26 -27
leaf_value=10.201289062500001 -6.1470524125180006 18.088468297322592 17.419722401468377 0.17606769402821854 10.524908446130299 1.2040564495584238 22.997858145657709 -3.1567236071047575 1.1103647545725106 -6.4834586620330814 7.0554351466042666 2.4425650882720951 1.3231996107307902 0.12152484485081259 -9.4740041732788089 -5.384969871723178 -1.0978440201375634 -6.6659487021596808 -0.3098136445095665 -0.77281912591527491 -6.4672664095560712 2.1397914695739741 0.6762930870056153 -1.0433598704636098 0.95554392337799077 -0.30098284047383528
leaf_weight=4.9999999999999991 59 5.9999999999999991 38 9.0000000000000018 21 23 34 23 110 2.9999999999999991 21 9.9999999999999982 166 7.0000000000000027 3.9999999999999991 55 32 38 285 102 150 10.000000000000002 9.9999999999999982 3.9999999999999991 3.9999999999999991 12.999999999999998
leaf_count=5 59 6 38 9 21 23 34 23 110 3 21 10 166 7 4 55 32 38 285 102 150 10 10 4 4 13
internal_value=0.143632 -1.49581 9.94344 12.7355 14.5913 11.3056 18.2355 -4.52004 0.825115 -2.55535 2.46686 8.30978 1.96693 1.69123 -0.0101573 -5.62186 -4.37151 -5.3428 0.0856791 -0.93598 -6.17689 0.627469 1.40804 0.0725497 0.415907 -0.153105
internal_weight=1242 1064 178 133 116 61 55 462 602 166 203 16 187 45 399 296 91 61 395 105 205 40 20 17 13 20
internal_count=1242 1064 178 133 116 61 55 462 602 166 203 16 187 45 399 296 91 61 395 105 205 40 20 17 13 20
is_linear=0
shrinkage=0.05


Tree=16
num_leaves=28
num_cat=0
split_feature=2 3 4 4 7 8 3 0 4 0 4 2 4 8 4 6 0 3 8 0 0 2 2 4 0 3 6
split_gain=6.6105e+06 2.72142e+06 1.35306e+06 1.20638e+06 505917 773678 401905 323568 271862 417660 157583 251700 144014 142400 146512 124551 94937.7 42286.5 63916.3 42277.5 9490.56 7615.68 4848.16 3846.13 3479.52 1421.01 200.817
threshold=4698.1400000000012 0.56372184029962036 42910.000000000007 48025.000000000007 1.5000000000000002 2.5000000000000004 0.76170598030574954 41743.750000000007 36372.500000000007 37315.250000000007 36662.500000000007 20022.105000000003 36662.500000000007 2.5000000000000004 39052.500000000007 66.500000000000014 35798.100000000006 0.47537786495154816 2.5000000000000004 40963.05000000001 38236.000000000007 15326.525000000003 19584.860000000004 42412.500000000007 45776.000000000007 0.94439424372368763 71.500000000000014
decision_type=2 2 2 2 2 2 2 2 2 2 2 2 2 2 2 2 2 2 2 2 2 2 2 2 2 2 2
left_child=2 10 12 4 7 -6 13 -4 9 -8 11 22 -1 14 -3 -10 -13 21 -19 -15 26 -12 -2 -22 25 -5 -14
right_child=1 6 3 24 5 -7 8 -9 15 -11 17 16 20 19 -16 -17 -18 18 -20 -21 23 -23 -24 -25 -26 -27 -28
leaf_value=9.7123982238769528 -0.39245436638593678 -5.4539090385437019 13.542645498422473 -0.50139341056346876 6.9166563976101756 16.819954254752712 16.023119163513176 24.162534523010255 4.0313156785333861 2.1689057462355672 -3.6388560295104981 -6.097792606694358 -0.59546298980712897 -0.15921461704586234 -1.2819544925837589 0.8208394997234274 1.0929742431640626 -5.9761705636978153 -3.1764492748822608 2.6785397699901039 1.928593620887169 -6.1803234896010899 -1.8215333802359446 0.68725612461566932 1.4016391277313234 0.71525065302848823 -0.1416276035973659
leaf_weight=4.9999999999999991 39 25 13.000000000000002 12.000000000000002 41 38 8.0000000000000018 15.999999999999998 34 17 2.9999999999999991 56 2.9999999999999991 210 133 271 4.9999999999999991 47 36 13.999999999999998 13.000000000000002 169 6.9999999999999991 11.999999999999998 3.9999999999999991 2.9999999999999991 12.999999999999998
leaf_count=5 39 25 13 12 41 38 8 16 34 17 3 56 3 210 133 271 5 47 36 14 13 169 7 12 4 3 13
internal_value=-0.0220698 -1.48315 9.04847 11.7097 13.7537 11.6803 0.311496 19.4019 1.5896 6.60225 -5.01296 -3.4025 1.70116 -0.792626 -1.94207 1.17873 -5.50839 -5.68872 -4.76183 0.018145 0.724177 -6.136 -0.609923 1.33275 0.0913467 -0.258065 -0.226722
internal_weight=1247 1074 173 127 108 79 712 29 330 25 362 107 46 382 158 305 61 255 83 224 41 172 46 25 19 15 16
internal_count=1247 1074 173 127 108 79 712 29 330 25 362 107 46 382 158 305 61 255 83 224 41 172 46 25 19 15 16
is_linear=0
shrinkage=0.05


Tree=17
num_leaves=29
num_cat=0
split_feature=2 3 4 4 7 8 0 3 4 4 4 8 2 4 4 2 4 2 4 4 2 7 0 0 1 8 1 6
split_gain=6.77738e+06 2.37059e+06 1.19464e+06 1.26216e+06 691115 1.76223e+06 873778 341582 174702 149631 262577 142721 132780 156994 128012 108370 106622 103091 55359.8 38790.5 116108 34120.4 8603.21 7674.4 4522.01 4099.57 1586.16 325.355
threshold=4698.1400000000012 0.56738402752020378 42910.000000000007 47845.000000000007 2.5000000000000004 2.5000000000000004 41396.900000000009 0.76170598030574954 48025.000000000007 36372.500000000007 36090.000000000007 2.5000000000000004 17777.105000000003 37740.000000000007 36662.500000000007 2865.7150000000006 39052.500000000007 5897.8500000000013 41515.000000000007 36662.500000000007 20022.105000000003 2.5000000000000004 38353.250000000007 36005.30000000001 40745.81500000001 3.5000000000000004 18532.885000000006 71.500000000000014
decision_type=2 2 2 2 2 2 2 2 2 2 2 2 2 2 2 2 2 2 2 2 2 2 2 2 2 2 2 2
left_child=2 12 14 4 6 -6 -4 11 15 10 -9 16 13 26 -1 -5 -3 -11 -15 20 -14 -13 27 -21 -10 -24 -2 -16
right_child=1 7 3 8 5 -7 -8 9 24 17 -12 21 19 18 22 -17 -18 -19 -20 23 -22 -23 25 -25 -26 -27 -28 -29
leaf_value=9.2167784118652349 -0.78456516234498286 -5.1395561757295027 11.468165146677118 11.692115129743307 -0.16928299198979918 17.280945109709716 26.266542561848958 1.5427773407527376 -1.0464581886927282 2.7909486219077042 13.403048815046038 0.62805219777963228 -1.0184861216280197 -5.8716601046120251 -0.56568983395894301 2.0542311096191401 -1.4397902231516801 0.60683407636804398 -3.3037452916073242 -5.7706550294405794 -5.5971249544620516 -0.62306178769604736 1.1170314565300941 -6.8389245886551713 0.57768454154332483 3.1311990102132161 -0.083174212702683048 0.0047087833782037099
leaf_weight=4.9999999999999991 19 23 19 6.9999999999999982 23 39 21 14.000000000000002 6.0000000000000027 71 6.9999999999999991 108 18 41 3.0000000000000027 5 127 226 43 146 60 110 16.000000000000004 19 14.999999999999998 2.9999999999999991 13.999999999999998 14.999999999999998
leaf_count=5 19 23 19 7 23 39 21 14 6 71 7 108 18 41 3 5 127 226 43 146 60 110 16 19 15 3 14 15
internal_value=0.0239149 -1.5072 9.07221 11.3634 14.1133 10.8075 19.2373 0.217131 2.86371 1.41737 5.4962 -0.820028 -4.79302 -3.40915 1.7077 7.67633 -2.00709 1.12896 -4.55713 -5.45932 -4.54052 -0.00324385 0.692964 -5.89367 0.113644 1.43506 -0.487005 -0.0903577
internal_weight=1223 1046 177 135 102 62 40 686 33 318 21 368 360 117 42 12 150 297 84 243 78 218 37 165 21 19 33 18
internal_count=1223 1046 177 135 102 62 40 686 33 318 21 368 360 117 42 12 150 297 84 243 78 218 37 165 21 19 33 18
is_linear=0
shrinkage=0.05


Tree=18
num_leaves=28
num_cat=0
split_feature=3 3 4 4 3 0 4 4 0 1 8 2 4 8 4 2 4 4 2 4 1 4 9 0 4 2 3
split_gain=5.50189e+06 1.93039e+06 1.08684e+06 1.99684e+06 718192 750597 696107 1.44706e+06 271671 260074 220955 212694 274252 165032 133568 126148 215168 123612 72212.8 69809.8 134751 66832.4 62537 34121.7 32716 14982.7 10113.1
threshold=0.86426075818049675 0.62412087380024583 44735.000000000007 45602.500000000007 0.97000117379689221 41332.80000000001 46555.000000000007 47695.000000000007 41396.900000000009 17517.935000000005 2.5000000000000004 4138.5000000000009 44065.000000000007 2.5000000000000004 39052.500000000007 8056.7350000000006 36372.500000000007 39905.000000000007 11273.960000000001 36662.500000000007 12223.345000000003 42910.000000000007 1.0000000180025095e-35 33818.450000000004 39497.500000000007 15326.525000000003 0.89215658961468891
decision_type=2 2 2 2 2 2 2 2 2 2 2 2 2 2 2 2 2 2 2 2 2 2 2 2 2 2 2
left_child=1 9 8 4 5 -4 26 -8 11 19 22 21 -13 14 18 16 -15 -16 -3 20 -1 -2 -11 -17 -12 -21 -5
right_child=2 13 3 6 -6 -7 7 -9 -10 10 24 12 -14 15 17 23 -18 -19 -20 25 -22 -23 -24 -25 -26 -27 -28
leaf_value=-5.1770388889312748 1.0844622982872856 -2.1754482242796152 16.322314969954952 0.076633801098380749 -5.0188069661458341 31.525017200816762 18.773783562400123 2.3165525466203691 14.283949012756347 -3.9669356438421435 -0.14271557110433394 1.2510003799483891 9.7938543459948377 8.2778688362666539 3.5050225757417226 3.7960411889212473 1.6714094759480469 -0.50841755618651707 -7.8847437858581548 -3.8678568840026859 -1.3404551236814743 -3.3686635797674009 -7.9931785311017727 0.23828819292437964 -1.8998489616093814 -5.4603797823190696 -1.8238452638898577
leaf_weight=60 36 18.000000000000004 31 14.000000000000002 2.9999999999999991 10.999999999999998 22 34 4.9999999999999991 31 52 21 17 13.999999999999998 21 6.9999999999999991 103 222 7.9999999999999991 15.999999999999998 37 10.999999999999998 13.999999999999998 181 54 192 13.999999999999998
leaf_count=60 36 18 31 14 3 11 22 34 5 31 52 21 17 14 21 7 103 222 8 16 37 11 14 181 54 192 14
internal_value=-0.0223656 -1.55256 7.17446 10.1166 18.6158 20.304 5.56339 8.78189 2.95746 -3.98112 -2.28406 2.2912 5.0728 0.37674 -0.526019 1.17294 2.46193 -0.161577 -3.93215 -4.8213 -3.7136 0.0422413 -5.21954 0.370758 -1.03786 -5.33788 -0.873606
internal_weight=1249 1030 219 129 45 42 84 56 90 456 151 85 38 574 269 305 117 243 26 305 97 47 45 188 106 208 28
internal_count=1249 1030 219 129 45 42 84 56 90 456 151 85 38 574 269 305 117 243 26 305 97 47 45 188 106 208 28
is_linear=0
shrinkage=0.05


Tree=19
num_leaves=30
num_cat=0
split_feature=3 3 4 4 2 4 1 1 4 2 0 4 8 2 4 4 4 1 0 4 1 2 0 6 0 4 1 1 3
split_gain=5.33145e+06 1.86937e+06 846150 1.14508e+06 736673 774200 232513 210321 114501 108980 217360 103335 98943.3 161998 66103 60051.1 55607.5 74479.1 42174 35911 13966 8898.35 7711.84 5693.92 4682.73 3090.33 2816.33 437.516 243.234
threshold=0.86426075818049675 0.55016390264335002 42910.000000000007 47695.000000000007 4138.5000000000009 44065.000000000007 35344.570000000007 23782.450000000001 36662.500000000007 6261.1600000000008 37772.000000000007 37740.000000000007 2.5000000000000004 18673.055000000004 41515.000000000007 36372.500000000007 48025.000000000007 41231.855000000003 35146.700000000004 36662.500000000007 17162.005000000001 17073.230000000003 37547.900000000009 65.500000000000014 38033.350000000013 42412.500000000007 40745.81500000001 18686.580000000002 0.88854946630230314
decision_type=2 2 2 2 2 2 2 2 2 2 2 2 2 2 2 2 2 2 2 2 2 2 2 2 2 2 2 2 2
left_child=1 12 8 4 5 -4 -6 11 24 10 -9 23 20 19 -13 -11 17 -5 -15 -14 21 -1 28 -3 -2 -24 -18 -22 -10
right_child=2 7 3 16 6 -7 -8 9 22 15 -12 14 13 18 -16 -17 26 -19 -20 -21 27 -23 25 -25 -26 -27 -28 -29 -30
leaf_value=-4.379086735156867 8.5716978073120114 2.323302968343099 31.419938913981124 2.1690715363151147 12.062473599727339 12.715824839766597 4.2611421293682525 7.6759141604105636 -0.59725670814514087 1.5630458378273508 0.72592839744355953 -4.1485737847118846 -0.51537381117232151 -5.1700784678771114 -1.5160987447228349 -0.033871958592437454 -1.1262928792408529 10.646443430582684 -2.8100986584373144 -2.8328333257990224 -6.4351579121180933 -5.4041478474934905 1.6461829628263196 0.073578211839000388 5.9584670384724916 0.5756040012034086 0.11766582108460939 -6.9192895071847111 -0.10664492314681412
leaf_weight=26 3.9999999999999991 2.9999999999999991 5.9999999999999991 19.000000000000004 12.999999999999998 71 36 14.999999999999998 3.0000000000000027 69 45 41 32 107 57 401 7.0000000000000027 2.9999999999999991 23 35 14.000000000000002 114 14.000000000000002 45 3 12.999999999999998 12.999999999999998 6.9999999999999991 15.999999999999998
leaf_count=26 4 3 6 19 13 71 36 15 3 69 45 41 32 107 57 401 7 3 23 35 14 114 14 45 3 13 13 7 16
internal_value=-0.0466423 -1.55327 7.00248 8.7402 11.1235 14.1733 6.33088 -0.00614679 1.49422 0.456742 2.46342 -1.68649 -4.47466 -3.72321 -2.61744 0.200569 1.59041 3.32508 -4.75254 -1.72599 -5.39414 -5.21378 0.587637 0.214186 7.45174 1.13072 -0.31772 -6.59654 -0.18411
internal_weight=1255 1034 221 168 126 77 49 676 53 530 60 146 358 197 98 470 42 22 130 67 161 140 46 48 7 27 20 21 19
internal_count=1255 1034 221 168 126 77 49 676 53 530 60 146 358 197 98 470 42 22 130 67 161 140 46 48 7 27 20 21 19
is_linear=0
shrinkage=0.05


Tree=20
num_leaves=30
num_cat=0
split_feature=2 3 3 4 4 8 8 3 4 4 7 4 2 4 4 8 4 4 4 0 0 0 2 7 3 7 2 8 7
split_gain=4.78107e+06 1.55776e+06 731817 819378 1.20333e+06 1.27675e+06 240797 171676 155882 516199 134605 81561.7 152027 76031.4 198128 75665 75235.4 291948 73922.2 65816.6 45195.9 29067.8 20735.5 19040.4 44709.3 14388.4 13657.9 2623.48 4650.7
threshold=5852.2250000000013 0.55016390264335002 0.89843304090766141 42910.000000000007 44065.000000000007 2.5000000000000004 2.5000000000000004 0.6888197181594109 44735.000000000007 44810.000000000007 2.5000000000000004 36662.500000000007 20022.105000000003 44065.000000000007 45602.500000000007 2.5000000000000004 36372.500000000007 36090.000000000007 42277.500000000007 35798.100000000006 35798.100000000006 41057.250000000007 4273.5400000000009 3.5000000000000004 0.5096477637237381 5.5000000000000009 16813.125000000004 3.5000000000000004 2.5000000000000004
decision_type=2 2 2 2 2 2 2 2 2 2 2 2 2 2 2 2 2 2 2 2 2 2 2 2 2 2 2 2 2
left_child=2 11 6 27 -5 -6 13 15 10 -10 -8 12 25 22 -15 18 17 -9 -3 -14 -18 -17 -1 24 -13 -2 -25 28 -4
right_child=1 7 3 4 5 -7 8 16 9 -11 -12 23 19 14 -16 21 20 -19 -20 -21 -22 -23 -24 26 -26 -27 -28 -29 -30
leaf_value=-0.57953803688287719 -0.37679951778716514 -4.5624565309948393 -0.18908124590913447 37.338629913330081 4.8684337062968153 16.044027124449265 6.2792163213661745 0.67913438961482964 22.555857238769537 -0.16416332244873044 1.1371992337703707 -4.7082560268770752 -5.0589708522214734 11.606335363388062 1.1148689909444915 -0.63752530157798903 -1.3439344028147255 10.432733620537654 -1.3952900522767873 1.5685660839080811 0.42119722562563267 3.2485543251037599 -4.4119819259643558 -6.3554946205832747 -2.0345154179467095 -3.0214846054712936 -4.9610385056199702 1.8790274858474731 1.2342500981959428
leaf_weight=12.000000000000002 36 27 12.000000000000004 3.9999999999999991 63 43 35 52 4.9999999999999982 5 20 119 59 4.9999999999999991 45 128 41 8.9999999999999982 58 3.9999999999999991 314 4.9999999999999991 4.9999999999999991 22 18 5.9999999999999991 87 3.9999999999999991 11
leaf_count=12 36 27 12 4 63 43 35 52 5 5 20 119 59 5 45 128 41 9 58 4 314 5 5 22 18 6 87 4 11
internal_value=0.034371 -1.57903 5.94217 8.50206 10.4178 9.40193 3.28531 -0.0995417 5.45346 11.1958 4.40939 -4.25138 -3.08475 1.18189 2.16402 -1.23612 0.496068 2.11819 -2.40133 -4.63817 0.217337 -0.491432 -1.70673 -4.74933 -4.35696 -0.754612 -5.24249 0.697181 0.491642
internal_weight=1254 985 269 137 110 106 132 634 65 10 55 351 105 67 50 218 416 61 85 63 355 133 17 246 137 42 109 27 23
internal_count=1254 985 269 137 110 106 132 634 65 10 55 351 105 67 50 218 416 61 85 63 355 133 17 246 137 42 109 27 23
is_linear=0
shrinkage=0.05


Tree=21
num_leaves=29
num_cat=0
split_feature=2 3 4 4 7 4 2 3 2 4 0 4 6 4 7 4 2 5 4 1 5 4 7 4 0 1 4 2
split_gain=4.02697e+06 1.6005e+06 763925 753660 664236 2.7743e+06 1.17352e+06 191367 171639 205057 243884 132794 131687 101520 84828.4 60761.6 115262 57948.8 52487.2 47099 101012 47698.6 22606.6 6236.16 4053.25 3070.33 2112.53 319.488
threshold=4698.1400000000012 0.62153762151690961 42910.000000000007 47845.000000000007 5.5000000000000009 44810.000000000007 2230.3250000000003 0.51612230973513784 7602.7800000000007 36372.500000000007 36749.400000000009 45602.500000000007 66.500000000000014 36662.500000000007 1.5000000000000002 36662.500000000007 20022.105000000003 18.500000000000004 37740.000000000007 22811.605000000007 17.500000000000004 39497.500000000007 2.5000000000000004 42277.500000000007 38236.000000000007 41640.475000000013 42412.500000000007 2230.3250000000003
decision_type=2 2 2 2 2 2 2 2 2 2 2 2 2 2 2 2 2 2 2 2 2 2 2 2 2 2 2 2
left_child=2 7 13 4 6 -6 -4 15 9 10 -3 18 -11 -1 25 16 -2 -16 -9 20 -10 -21 -13 -17 27 -5 -26 -15
right_child=1 8 3 14 5 -7 -8 11 19 12 -12 22 -14 24 17 23 -18 -19 -20 21 -22 -23 -24 -25 26 -27 -28 -29
leaf_value=7.9861709594726564 -0.81752569973468781 14.954245122273765 28.571504142067649 -0.64549289670857501 26.187217864990227 -6.0674097299575811 10.828756879587644 -0.065588746406137946 -0.49735434838637177 4.878676888488588 2.2031837368011473 -4.0281258129411261 0.71046797036068499 0.13223767057061186 2.6705479213169632 -4.8919186577200895 -4.4613943099975586 10.214682006835936 -2.1942546671384 0.89391263107434649 -6.8680040359497072 -0.37676328941037829 -7.4822929382324226 -4.3269876648353627 1.4034129762649532 0.64186074435710916 0.41941874325275424 -0.32133830785751344
leaf_weight=4.9999999999999991 34 5.9999999999999991 10.999999999999998 11.000000000000002 10.000000000000002 20 61 48 28 21 9.9999999999999982 9.0000000000000018 194 6.0000000000000027 7.0000000000000018 128 60 4 73 103 7.9999999999999991 261 9.9999999999999982 79 10.000000000000002 7.9999999999999991 11.999999999999998 10.999999999999998
leaf_count=5 34 6 11 11 10 20 61 48 28 21 10 9 194 6 7 128 60 4 73 103 8 261 10 79 10 8 12 11
internal_value=-0.0254531 -1.17628 6.98414 8.886 10.9349 4.68413 13.5395 -3.48726 0.43884 1.52398 6.98483 -1.96004 1.1176 1.27856 1.91957 -4.1976 -3.1434 5.41387 -1.34983 -0.18783 -1.91305 -0.0172039 -5.84611 -4.67632 0.418612 -0.103449 0.866689 -0.161253
internal_weight=1248 1072 176 132 102 30 72 441 631 231 16 140 215 44 30 301 94 11 121 400 36 364 19 207 39 19 22 17
internal_count=1248 1072 176 132 102 30 72 441 631 231 16 140 215 44 30 301 94 11 121 400 36 364 19 207 39 19 22 17
is_linear=0
shrinkage=0.05


Tree=22
num_leaves=31
num_cat=0
split_feature=2 1 3 4 4 7 2 8 8 4 4 7 7 2 4 4 2 3 7 2 4 4 1 7 1 4 1 5 4 7
split_gain=3.58542e+06 1.16742e+06 636285 698742 995574 1.67492e+06 356610 533205 132784 145523 517870 150227 116219 114992 102423 96601 145239 88113.2 144516 58025.1 124644 45690.3 40865.2 54415.4 31534.1 29813.5 18589.9 11957.1 9505.68 7059.39
threshold=6261.1600000000008 20408.820000000003 0.89731955843195865 44735.000000000007 47845.000000000007 5.5000000000000009 3608.7950000000005 2.5000000000000004 2.5000000000000004 44735.000000000007 44810.000000000007 2.5000000000000004 1.5000000000000002 15786.515000000001 44065.000000000007 36662.500000000007 20022.105000000003 0.8810672270258193 1.5000000000000002 8093.2200000000012 36372.500000000007 43767.500000000007 17636.370000000003 3.5000000000000004 37058.680000000008 36372.500000000007 12703.320000000003 15.500000000000002 42277.500000000007 5.5000000000000009
decision_type=2 2 2 2 2 2 2 2 2 2 2 2 2 2 2 2 2 2 2 2 2 2 2 2 2 2 2 2 2 2
left_child=2 15 8 6 5 -5 14 -8 17 11 -11 -10 -6 19 -4 16 29 24 -19 20 -3 -15 28 -24 -1 -21 -18 -23 -17 -2
right_child=1 13 3 4 12 -7 7 -9 9 10 -12 -13 -14 21 -16 22 26 18 -20 25 -22 27 23 -25 -26 -27 -28 -29 -30 -31
leaf_value=-1.4890439745325308 -0.27082839614671211 7.4114466530936101 0.64503536542708217 20.230131458591771 -0.095495736598968511 3.6705487251281741 20.010695966084807 0.76799546546406205 4.9143848356746496 21.340625305175788 -0.44731912612915031 -0.35063569486141205 6.5638455200195303 0.018125259876251222 -6.2989228384835378 -4.6677207118403308 -4.3413853168487551 10.841927490234376 1.6603783680498603 0.61778961438685664 0.59042879687201599 -4.1872477531433114 -1.7544743956746283 -4.8514781910440199 1.5269759467014901 -0.46593180376466015 -1.7647127628326418 -7.716455396016439 -3.970477479382565 -1.7366079050302508
leaf_weight=26 46 6.9999999999999991 22.000000000000004 37 19 26 5.9999999999999973 9 42 4.9999999999999982 6 20 10.000000000000002 3.9999999999999991 6.9999999999999991 137 56 4.9999999999999991 30 80 155 3.9999999999999982 37 23 12.999999999999998 307 7.9999999999999991 6 76 9.9999999999999982
leaf_count=26 46 7 22 37 19 26 6 9 42 5 6 20 10 4 7 137 56 5 30 80 155 4 37 23 13 307 8 6 76 10
internal_value=-0.0198343 -1.48325 4.92373 7.38859 9.8671 13.396 2.20624 8.46508 2.64331 4.15631 9.45629 3.21599 2.20083 -0.0234397 -1.03109 -3.57454 -2.39216 1.15076 2.97203 0.0906716 0.885164 -4.49823 -4.09426 -2.94166 -0.483704 -0.241907 -4.0193 -6.30477 -4.41894 -0.532575
internal_weight=1239 956 283 136 92 63 44 15 147 73 11 62 29 563 29 393 120 74 35 549 162 14 273 60 39 387 64 10 213 56
internal_count=1239 956 283 136 92 63 44 15 147 73 11 62 29 563 29 393 120 74 35 549 162 14 273 60 39 387 64 10 213 56
is_linear=0
shrinkage=0.05


Tree=23
num_leaves=30
num_cat=0
split_feature=3 3 4 4 7 8 0 8 2 7 8 2 4 4 4 2 2 4 3 4 4 4 0 4 2 0 0 3 5
split_gain=3.33974e+06 1.34963e+06 671027 807913 657728 1.58459e+06 494431 154817 160126 151058 131551 151121 120759 95670.2 57901.2 56944.3 54500.9 103695 85538.9 33872.3 31931.5 40999.3 24402.7 22379.3 14466.6 8728 2928.06 2207.66 241.564
threshold=0.88254064787342312 0.62153762151690961 42910.000000000007 47695.000000000007 2.5000000000000004 2.5000000000000004 41396.900000000009 2.5000000000000004 6261.1600000000008 5.5000000000000009 2.5000000000000004 18797.830000000005 39052.500000000007 39905.000000000007 36662.500000000007 11273.960000000001 2865.7150000000006 48025.000000000007 0.92990824610510858 30732.500000000004 43767.500000000007 39052.500000000007 35761.55000000001 39905.000000000007 14482.345000000003 38790.30000000001 38353.250000000007 0.92045218623166136 18.500000000000004
decision_type=2 2 2 2 2 2 2 2 2 2 2 2 2 2 2 2 2 2 2 2 2 2 2 2 2 2 2 2 2
left_child=1 10 23 4 6 -6 -4 12 9 -9 20 14 15 -14 -12 -3 17 -5 -18 -10 21 -1 -13 25 -22 -2 28 -28 -25
right_child=2 7 3 16 5 -7 -8 8 19 -11 11 22 13 -15 -16 -17 18 -19 -20 -21 24 -23 -24 26 -26 -27 27 -29 -30
leaf_value=-4.5416390981429666 5.2723539034525544 -1.8917491211610677 8.9419011433919273 8.6957350413004573 -2.0487071401086347 13.147452731359573 20.234894234793529 2.4807396767437457 4.0396357400076734 9.8806288480758671 -0.20922443917723466 -3.9884162744589613 3.2759801663850485 -0.40810044348362545 -2.2774720627226328 -6.6467695236206055 0.98086553698494316 -0.2619734968457903 -8.0449625968933116 0.51571465697964991 -8.616811370849609 -2.7394146244480928 -1.6169656912485761 -0.3963664266196163 -5.0477948499175742 1.8610001945495602 0.30131068348884577 1.4361229737599692 -0.0019648879766464233
leaf_weight=78 3 17.000000000000004 18 5.9999999999999982 29 42 21 50 6.9999999999999991 7.9999999999999991 61 113 19 243 76 9.9999999999999982 21.000000000000004 7 2.9999999999999991 264 2.9999999999999991 53 11.999999999999998 11.000000000000002 53 5 15.000000000000002 5.9999999999999991 5.9999999999999991
leaf_count=78 3 17 18 6 29 42 21 50 7 8 61 113 19 243 76 10 21 7 3 264 3 53 12 11 53 5 15 6 6
internal_value=-0.0455965 -1.1404 6.00704 7.65627 9.80607 6.94057 15.0227 0.375333 1.11705 3.50141 -3.22665 -2.50361 -0.469039 -0.140934 -1.35657 -3.65287 1.26497 3.87235 -0.147363 0.606738 -4.23968 -3.81249 -3.76076 0.736666 -5.23899 3.14026 0.230647 0.625543 -0.257166
internal_weight=1260 1067 193 147 110 71 39 618 329 58 449 262 289 262 137 27 37 13 24 271 187 131 125 46 56 8 38 21 17
internal_count=1260 1067 193 147 110 71 39 618 329 58 449 262 289 262 137 27 37 13 24 271 187 131 125 46 56 8 38 21 17
is_linear=0
shrinkage=0.05


Tree=24
num_leaves=27
num_cat=0
split_feature=3 1 4 4 7 4 4 3 0 1 8 3 4 4 6 0 4 3 4 0 4 1 3 3 4 1
split_gain=3.12496e+06 1.16698e+06 513788 608247 1.37153e+06 1.28771e+06 981040 511342 168115 134401 144177 97204.4 132431 274429 69169.9 67125.7 55882.6 55839.1 36756.8 33515 26576.1 77033.6 18714.4 14484.7 4042.93 3386.85
threshold=0.86426075818049675 22711.235000000004 42910.000000000007 44810.000000000007 5.5000000000000009 45077.500000000007 44735.000000000007 0.91213414669537285 41379.05000000001 17636.370000000003 2.5000000000000004 0.76766800306084393 36372.500000000007 36090.000000000007 66.500000000000014 39369.000000000007 36662.500000000007 0.59364928632862768 30732.500000000004 34011.150000000009 36662.500000000007 14066.210000000001 0.55945472477257108 0.53773190048494446 39905.000000000007 37414.540000000008
decision_type=2 2 2 2 2 2 2 2 2 2 2 2 2 2 2 2 2 2 2 2 2 2 2 2 2 2
left_child=1 9 16 6 5 -5 7 -4 -6 20 19 17 13 -13 -14 -8 -2 -3 -19 -11 21 -1 -22 -12 -18 -26
right_child=2 11 3 4 8 -7 15 -9 -10 10 23 12 14 -15 -16 -17 24 18 -20 -21 22 -23 -24 -25 25 -27
leaf_value=-3.7607158799102347 5.908816933631897 -7.0994837443033862 9.5506109945235718 24.24707229614258 -12.968023790631969 5.312702503326264 15.874459838867189 -6.3960648854573572 -3.5839951896667479 -2.0896074459666298 0.82702407042185466 0.77802161212478349 2.7186412080294557 12.903008379255022 0.35290758767242147 24.312110207297586 1.6774039602279665 4.0070125579833986 -0.31850952669063631 -4.5459206653804314 -4.0103547844621872 -0.36293805258517919 -0.033933035532633465 -0.87132544688057978 0.016014334269695812 1.5496299266815186
leaf_weight=69 4.9999999999999991 2.9999999999999991 31 9.9999999999999982 7.0000000000000027 88 2.9999999999999991 5.9999999999999991 14.999999999999998 21 14.999999999999998 14.000000000000002 36 6.9999999999999991 218 10.999999999999998 4.9999999999999991 4.9999999999999991 277 41 216 22 2.9999999999999991 77 36 3.9999999999999991
leaf_count=69 5 3 31 10 7 88 3 6 15 21 15 14 36 7 218 11 5 5 277 41 216 22 3 77 36 4
internal_value=-0.039621 -1.20336 5.35252 6.65615 4.7121 7.24478 11.2304 6.96466 -6.56982 -3.05768 -1.85033 0.333085 1.0037 4.81968 0.688208 22.504 0.894123 -0.314002 -0.241816 -3.71394 -3.65746 -2.93928 -3.95588 -0.594421 0.336935 0.169376
internal_weight=1245 1024 221 171 120 98 51 37 22 464 154 560 275 21 254 14 50 285 282 62 310 91 219 92 45 40
internal_count=1245 1024 221 171 120 98 51 37 22 464 154 560 275 21 254 14 50 285 282 62 310 91 219 92 45 40
is_linear=0
shrinkage=0.05


Tree=25
num_leaves=26
num_cat=0
split_feature=2 1 4 4 7 4 2 2 6 7 2 4 2 4 4 4 7 4 0 2 4 4 1 1 1
split_gain=3.01249e+06 1.07798e+06 636708 563105 598672 2.04246e+06 742636 130142 182421 482609 122488 112363 78754.9 69049 60084 54698.5 39298.6 32368.3 57000.8 7940.24 3793.86 3588.86 3419.86 1846.64 1070.24
threshold=4698.1400000000012 22550.980000000003 42910.000000000007 48025.000000000007 5.5000000000000009 44810.000000000007 1919.6050000000002 7351.3550000000005 66.500000000000014 5.5000000000000009 17777.105000000003 37740.000000000007 15786.515000000001 42277.500000000007 36372.500000000007 36662.500000000007 2.5000000000000004 36662.500000000007 35798.100000000006 18046.765000000003 37010.000000000007 39905.000000000007 42041.990000000005 37414.540000000008 40745.81500000001
decision_type=2 2 2 2 2 2 2 2 2 2 2 2 2 2 2 2 2 2 2 2 2 2 2 2 2
left_child=2 10 15 4 6 -6 -4 8 9 -3 11 20 16 -13 -10 -1 -9 18 -12 -19 -2 -17 24 -23 -5
right_child=1 7 3 22 5 -7 -8 12 14 -11 17 13 -14 -15 -16 21 -18 19 -20 -21 -22 23 -24 -25 -26
leaf_value=6.5376342773437504 -0.098400557539067596 0.6671882427655732 25.556749057769778 -1.5431324076652517 21.302851715087883 -6.3724290060997006 9.5792262458801272 0.43127708295032607 3.9656092413266499 17.810597101847332 -3.1735756614765567 -3.7390724803010622 -7.1176200866699224 -1.4819154982222245 0.66286637420278227 1.6840799903869632 -0.559929647264233 -5.2806639584628021 1.5389721819332669 -3.8913340176208111 1.7302449385325116 0.15706477365323476 0.56941914662718773 1.4496484438578288 -0.61062306612730033
leaf_weight=3.9999999999999991 52 13.000000000000002 7.9999999999999991 5.0000000000000027 10.000000000000002 20 80 199 14.999999999999998 5.9999999999999991 77 72 3.9999999999999991 64 168 4.9999999999999991 201 10.999999999999998 6.9999999999999991 158 2.9999999999999991 35 4.9999999999999991 2.9999999999999991 7.9999999999999991
leaf_count=4 52 13 8 5 10 20 80 199 15 6 77 72 4 64 168 5 201 11 7 158 3 35 5 3 8
internal_value=0.0419575 -0.989811 5.96194 7.69572 8.95231 2.85266 11.0317 0.381503 1.41774 6.0809 -2.86147 -1.90566 -0.136614 -2.67688 0.933583 0.945046 -0.0668043 -3.58305 -2.78086 -3.98176 0.00134374 0.424805 -0.541864 0.259111 -0.969281
internal_weight=1233 1050 183 136 118 30 88 606 202 19 444 191 404 136 183 47 400 253 84 169 55 43 18 38 13
internal_count=1233 1050 183 136 118 30 88 606 202 19 444 191 404 136 183 47 400 253 84 169 55 43 18 38 13
is_linear=0
shrinkage=0.05


Tree=26
num_leaves=26
num_cat=0
split_feature=3 3 4 4 4 4 1 8 3 4 8 1 1 4 3 0 4 1 4 3 3 8 7 1 3
split_gain=3.12262e+06 1.01884e+06 628161 1.10608e+06 685484 812821 182361 135985 205979 141619 129680 54192.5 73792.5 51894 48309.2 40315.9 34953.2 76739.6 33373.5 11717.6 9602.24 2409.18 2770.16 732.857 380.637
threshold=0.89843304090766141 0.65950069026994596 42910.000000000007 44065.000000000007 44735.000000000007 47845.000000000007 17636.370000000003 2.5000000000000004 0.86426075818049675 44735.000000000007 2.5000000000000004 38322.405000000006 38499.240000000005 39052.500000000007 0.80756723530354757 40551.000000000007 36662.500000000007 12223.345000000003 39052.500000000007 0.55945472477257108 0.52820175635509348 3.5000000000000004 2.5000000000000004 37058.680000000008 0.91623920325134434
decision_type=2 2 2 2 2 2 2 2 2 2 2 2 2 2 2 2 2 2 2 2 2 2 2 2 2
left_child=1 6 21 -4 15 -6 16 11 14 -10 13 18 -13 -8 -9 -5 17 -1 -3 -18 -12 22 24 -24 -2
right_child=2 7 3 4 5 -7 10 8 9 -11 20 12 -14 -15 -16 -17 19 -19 -20 -21 -22 -23 23 -25 -26
leaf_value=-3.6109497363750749 -0.76346594492594222 -2.4147284181494464 32.172104492187501 -0.35378589630126966 12.428137603993456 1.7727684139013293 -5.555961074829102 0.33937441995265066 3.1742179378386468 10.635921192169191 0.92848503887653355 8.4290153741836473 0.72852708612169537 -2.273308360747627 1.6861510066475187 -7.452718989054361 -3.6354754617824647 -0.58261555101190299 -0.23749449348825358 -0.9032541275024415 -0.46040696661304015 1.5198467016220094 0.29521876970926914 1.2837238883972166 -0.12131562650203705
leaf_weight=52 3.0000000000000062 19 4.9999999999999991 2.9999999999999982 63 25 14.999999999999998 182 31 7.9999999999999991 13.999999999999998 4.0000000000000027 13.999999999999998 61 105 6 207 35 239 3.9999999999999991 112 3.9999999999999991 3 5 9.9999999999999982
leaf_count=52 3 19 5 3 63 25 15 182 31 8 14 4 14 61 105 6 207 35 239 4 112 4 3 5 10
internal_value=0.0739902 -0.781598 7.49807 9.23897 8.05685 9.40104 -2.44979 0.603944 1.2954 4.70482 -1.28999 -0.212774 2.43975 -2.9212 0.832098 -5.08641 -3.23596 -2.39265 -0.397833 -3.58368 -0.306086 0.395204 0.180987 0.913034 -0.269504
internal_weight=1229 1102 127 102 97 88 500 602 326 39 202 276 18 76 287 9 298 87 258 211 126 25 21 8 13
internal_count=1229 1102 127 102 97 88 500 602 326 39 202 276 18 76 287 9 298 87 258 211 126 25 21 8 13
is_linear=0
shrinkage=0.05


Tree=27
num_leaves=27
num_cat=0
split_feature=2 1 4 4 7 4 2 1 8 2 6 7 4 7 2 2 4 4 2 7 2 0 1 4 1 6
split_gain=2.43606e+06 902269 474765 480397 442478 1.96908e+06 526222 89586.4 109167 72330.5 95920.6 420499 64727.7 62171.6 53076.4 38884.2 35751.5 29986.2 76065.5 18240.3 16660.2 3353.37 2535.67 2357.3 857.039 283.143
threshold=4698.1400000000012 22711.235000000004 42910.000000000007 48025.000000000007 5.5000000000000009 44810.000000000007 1919.6050000000002 17636.370000000003 2.5000000000000004 8093.2200000000012 65.500000000000014 5.5000000000000009 36662.500000000007 2.5000000000000004 15786.515000000001 14075.190000000002 39497.500000000007 36662.500000000007 20022.105000000003 1.5000000000000002 12841.060000000003 38353.250000000007 42041.990000000005 42412.500000000007 40745.81500000001 71.500000000000014
decision_type=2 2 2 2 2 2 2 2 2 2 2 2 2 2 2 2 2 2 2 2 2 2 2 2 2 2
left_child=2 7 12 4 6 -6 -4 17 15 10 11 -3 -1 -12 16 -9 -11 18 -2 -10 -19 25 24 -23 -5 -14
right_child=1 9 3 22 5 -7 -8 8 19 14 13 -13 21 -15 -16 -17 -18 20 -20 -21 -22 23 -24 -25 -26 -27
leaf_value=6.3244082641601569 -0.064061894769278857 0.094442830483118675 23.06022131783622 -1.3842774534225455 20.976539306640618 -6.1970533299446107 8.7416483495142554 -2.0409459488466384 0.68431693885637368 0.73932889978309257 1.6368400879964538 16.837572631835936 -0.67951555252075124 -0.01006880254633185 -6.7840372721354179 -4.5465746045112612 -0.42656591400692739 -0.23148655891418457 -3.2639980272146376 -0.94456004697610352 -3.4880848842638508 1.1746787101030347 0.45230979025363927 0.18361537059148153 -0.56783014933268239 -0.14424585295575007
leaf_weight=4.9999999999999991 26 15.000000000000002 6.9999999999999991 5.0000000000000027 10.000000000000002 20 77 32 23 91 98 4.9999999999999991 3.0000000000000027 138 2.9999999999999991 30 237 3.9999999999999991 65 68 216 12.000000000000002 4.9999999999999991 11.999999999999998 8.9999999999999982 13.999999999999998
leaf_count=5 26 15 7 5 10 20 77 32 23 91 98 5 3 138 3 30 237 4 65 68 216 12 5 12 9 14
internal_value=-0.0597349 -0.97804 5.3321 6.84648 8.07327 2.86081 9.93486 -2.62581 -1.63528 0.324457 0.955568 4.28023 0.953556 0.673817 -0.163653 -3.25335 -0.103101 -3.11311 -2.34973 -0.532866 -3.42887 0.298574 -0.514227 0.679147 -0.859418 -0.238705
internal_weight=1230 1051 179 133 114 30 84 464 153 587 256 20 46 236 331 62 328 311 91 91 220 41 19 24 14 17
internal_count=1230 1051 179 133 114 30 84 464 153 587 256 20 46 236 331 62 328 311 91 91 220 41 19 24 14 17
is_linear=0
shrinkage=0.05


Tree=28
num_leaves=28
num_cat=0
split_feature=2 3 4 4 7 4 3 2 8 8 2 5 4 4 0 4 7 6 7 4 0 3 0 0 4 6 3
split_gain=2.13551e+06 777186 504079 384114 455950 1.59252e+06 669058 102692 118584 91299.4 85593.8 145632 57837.8 83763.3 48574.1 44903 33858.5 28662.4 18969.9 16760.9 47173.9 3758.37 2663.41 1953.37 1949.18 1544.16 361.766
threshold=4698.1400000000012 0.64557418761230745 42910.000000000007 48025.000000000007 5.5000000000000009 44810.000000000007 0.95421891704680439 18797.830000000005 2.5000000000000004 2.5000000000000004 6261.1600000000008 17.500000000000004 39052.500000000007 39905.000000000007 32409.100000000002 36662.500000000007 4.5000000000000009 63.500000000000007 5.5000000000000009 36662.500000000007 35798.100000000006 0.3978041609445197 38353.250000000007 42996.650000000009 42412.500000000007 73.500000000000014 0.8903071102881509
decision_type=2 2 2 2 2 2 2 2 2 2 2 2 2 2 2 2 2 2 2 2 2 2 2 2 2 2 2
left_child=2 7 15 4 6 -6 -4 8 16 12 11 -11 18 -14 -10 -1 -2 -12 -3 20 -9 -21 26 -5 -24 -25 -17
right_child=1 9 3 23 5 -7 -8 19 14 10 17 -13 13 -15 -16 22 -18 -19 -20 21 -22 -23 24 25 -26 -27 -28
leaf_value=5.8204366683959963 -2.3997526466128338 -3.9389662815974305 8.2018728150261779 -1.385296241939068 18.884384078979487 -5.5532015931606296 22.661495632595489 -2.8679319217187267 -3.1457850380947718 5.8361778051956845 2.6573801353573803 0.74275286576400212 3.0759229850769043 -0.29589556190205235 -0.45042454249245661 -0.66418849627176846 -4.4104525804519659 0.4696780278639221 -0.84442920088767992 -3.3331843376159669 2.1693130111694336 -4.0016150547907907 1.0826600109537441 0.69268417656421666 0.1814613550901413 -0.51050036847591407 -0.065859318338334569
leaf_weight=3.9999999999999991 83 13 72 3.9999999999999991 10.000000000000002 20 8.9999999999999982 66 19 23 15.999999999999998 36 20 233 139 3.0000000000000027 28 233 8 110 4.9999999999999991 26 12.000000000000002 3.9999999999999991 11.999999999999998 7.9999999999999991 15.999999999999998
leaf_count=4 83 13 72 4 10 20 9 66 19 23 16 36 20 233 139 3 28 233 8 110 5 26 12 4 12 8 16
internal_value=0.0439735 -0.80023 5.17712 6.81428 7.85827 2.59266 9.8085 -2.2987 -1.65446 0.425321 1.01599 2.72833 -0.238639 -0.0293486 -0.77455 0.753295 -2.90696 0.610253 -2.7601 -3.13589 -2.5132 -3.46097 0.281934 -0.428403 0.632061 -0.109439 -0.160332
internal_weight=1232 1058 174 127 111 30 81 476 269 582 308 59 274 253 158 47 111 249 21 207 71 136 43 16 24 12 19
internal_count=1232 1058 174 127 111 30 81 476 269 582 308 59 274 253 158 47 111 249 21 207 71 136 43 16 24 12 19
is_linear=0
shrinkage=0.05


Tree=29
num_leaves=31
num_cat=0
split_feature=2 1 3 3 7 4 4 4 3 8 3 4 0 4 4 2 3 0 4 4 0 1 2 3 8 4 0 2 4 1
split_gain=1.80021e+06 576188 325718 540636 458888 742342 303338 692314 161460 123568 164878 114177 126096 108128 65307.3 88823.2 56145.7 48330.6 37530.3 33048.5 149343 40921.4 31500.7 39650.3 31309.1 46787.3 7755.31 5946.58 5586.72 410.87
threshold=6261.1600000000008 20408.820000000003 0.89843304090766141 0.91213414669537285 5.5000000000000009 44810.000000000007 42910.000000000007 44065.000000000007 0.95034411901445781 2.5000000000000004 0.83733857060794181 44065.000000000007 39628.500000000007 44395.000000000007 36662.500000000007 21509.970000000005 0.6888197181594109 35798.100000000006 42910.000000000007 36372.500000000007 34775.100000000006 27456.665000000005 11273.960000000001 0.60900014033789807 2.5000000000000004 42195.000000000007 30223.800000000003 19656.200000000001 30732.500000000004 37058.680000000008
decision_type=2 2 2 2 2 2 2 2 2 2 2 2 2 2 2 2 2 2 2 2 2 2 2 2 2 2 2 2 2 2
left_child=2 14 9 6 5 -5 29 -8 -6 11 -11 18 -13 -12 15 27 24 -17 -1 20 -18 -21 26 -24 25 -3 -16 -2 -26 -4
right_child=1 16 3 4 8 -7 7 -9 -10 10 13 12 -14 -15 22 17 19 -19 -20 21 -22 -23 23 -25 28 -27 -28 -29 -30 -31
leaf_value=-1.2737629377841948 0.047394424137108183 -4.6006961042230783 0.8537744848678509 -2.4644361433528719 0.058674645160927477 8.737849511504173 29.716323242187482 9.2646002466479942 -8.9639804295131142 13.269289684295655 1.1301422166824342 8.5649260247747119 0.88550312652879848 5.1011149732271832 2.4644495805104576 -3.44953263203303 7.7633419036865234 2.2709402322769168 -5.9527252038319913 -1.0320987077009294 0.40557711690664294 0.38989619840817019 -2.9131696845261796 -7.4072130584716804 0.88426672577857968 -1.0230502146261711 -1.130757904052734 -1.1944860488176345 -0.35579769043157805 0.02625853220621744
leaf_weight=15.000000000000002 49 10.999999999999998 2.9999999999999991 21 17.000000000000004 50 5.0000000000000027 24 6.9999999999999991 3.9999999999999991 40 5.9999999999999991 49 30 2.9999999999999991 48 7.9999999999999991 3.9999999999999991 5.9999999999999991 62 50 275 267 4.9999999999999991 9.9999999999999982 54 3 11.999999999999998 99 3
leaf_count=15 49 11 3 21 17 50 5 24 7 4 40 6 49 30 3 48 8 4 6 62 50 275 267 5 10 54 3 12 99 3
internal_value=0.0018229 -1.02706 3.52941 5.36124 3.40409 5.4245 10.6735 12.7908 -2.57293 1.94182 3.39617 0.525742 1.72326 2.83199 -2.50475 -1.4912 -0.0116287 -3.0095 -2.61061 0.318018 1.42044 0.128283 -2.91673 -2.99578 -0.759964 -1.6285 0.666846 -0.19691 -0.24203 0.440017
internal_weight=1240 960 280 130 95 71 35 29 24 150 74 76 55 70 391 113 569 52 21 395 58 337 278 272 174 65 6 61 109 6
internal_count=1240 960 280 130 95 71 35 29 24 150 74 76 55 70 391 113 569 52 21 395 58 337 278 272 174 65 6 61 109 6
is_linear=0
shrinkage=0.05


Tree=30
num_leaves=29
num_cat=0
split_feature=3 3 3 7 8 7 4 4 0 4 8 3 1 6 1 4 7 4 4 3 4 7 4 1 1 0 0 1
split_gain=2.03359e+06 758288 418557 465108 690610 870059 279514 472561 272743 224939 117362 105804 84909.4 108351 79407.9 85855.5 57824.6 53271.5 95530.7 25369.4 23552.1 21054.8 19827.7 44647.3 18017.3 11235.8 6593.52 54.2256
threshold=0.89843304090766141 0.64557418761230745 0.91213414669537285 5.5000000000000009 2.5000000000000004 4.5000000000000009 42910.000000000007 44065.000000000007 41743.750000000007 44735.000000000007 2.5000000000000004 0.95034411901445781 36381.30000000001 75.500000000000014 17636.370000000003 45602.500000000007 2.5000000000000004 39052.500000000007 39905.000000000007 0.62818143311856656 41855.000000000007 5.5000000000000009 36662.500000000007 11874.425000000003 17162.005000000001 41680.400000000001 42303.950000000004 37058.680000000008
decision_type=2 2 2 2 2 2 2 2 2 2 2 2 2 2 2 2 2 2 2 2 2 2 2 2 2 2 2 2
left_child=1 14 6 4 8 -6 27 -8 -4 -9 17 26 16 -14 22 20 -12 21 -19 -17 -16 -3 23 -1 -24 -13 -5 -2
right_child=2 10 3 11 5 -7 7 9 -10 -11 12 25 13 -15 15 19 -18 18 -20 -21 -22 -23 24 -25 -26 -27 -28 -29
leaf_value=-2.9520824695455619 0.81108575065930699 -4.071585083007812 -2.760688749700785 1.0218423843383786 3.7816163879174449 22.45195404688517 28.47315216064451 -0.90354433059692296 4.9365022407799231 12.033439257031397 1.6104799835033541 -9.9583376566569015 12.002593803405759 0.36480448246002189 -1.2966470357076061 -4.2391874962382845 0.26913840987465604 3.2401928472518922 -0.34686995511910657 0.027532690763473512 0.063633501157164582 -0.87237299283345537 -2.8600090590784855 -0.74713805402187927 -5.43942723955427 -5.9104293823242173 -1.2369463582833609 0.51045962969462066
leaf_weight=58 2.9999999999999991 12 15.999999999999998 7.0000000000000018 13 12 4.0000000000000027 4.0000000000000027 41 21 168 2.9999999999999991 4 4 82 27.000000000000004 154 20 258 3.9999999999999991 52 9 206 38 6.9999999999999991 4 6 3
leaf_count=58 3 12 16 7 13 12 4 4 41 21 168 3 4 4 82 27 154 20 258 4 52 9 206 38 7 4 6 3
internal_value=0.0208342 -0.692779 5.7662 4.1473 5.81476 12.7434 10.4842 12.5166 2.77589 9.96352 0.445276 -2.68928 1.09539 6.1837 -2.20298 -1.31736 0.968969 -0.272237 -0.0888079 -3.68864 -0.768777 -2.70049 -2.67589 -2.07929 -2.94478 -7.64525 -0.0206755 0.660773
internal_weight=1240 1103 137 102 82 25 35 29 57 25 629 20 330 8 474 165 322 299 278 31 134 21 309 96 213 7 13 6
internal_count=1240 1103 137 102 82 25 35 29 57 25 629 20 330 8 474 165 322 299 278 31 134 21 309 96 213 7 13 6
is_linear=0
shrinkage=0.05


Tree=31
num_leaves=25
num_cat=0
split_feature=3 3 6 3 3 7 2 7 6 0 1 8 2 0 5 8 2 0 7 1 7 2 2 7
split_gain=1.56484e+06 491977 203544 198203 530114 320502 207654 80675.6 153063 109276 54323.1 57512.1 48438.6 42910.2 62014.7 39665.9 83854.1 51582.3 28965.9 18817.4 11737.3 16219.5 11775.3 4669.24
threshold=0.86426075818049675 0.56372184029962036 67.500000000000014 0.89843304090766141 0.91213414669537285 5.5000000000000009 3878.0000000000005 1.0000000180025095e-35 70.500000000000014 39501.850000000006 27225.200000000004 3.5000000000000004 9239.5500000000011 37423.55000000001 15.500000000000002 3.5000000000000004 20022.105000000003 35146.700000000004 4.5000000000000009 37666.655000000006 3.5000000000000004 18797.830000000005 15610.220000000001 1.5000000000000002
decision_type=2 2 2 2 2 2 2 2 2 2 2 2 2 2 2 2 2 2 2 2 2 2 2 2
left_child=1 15 -2 7 6 -6 -5 8 -4 -9 11 18 -13 14 -12 20 23 -18 -3 -15 21 -1 -22 -17
right_child=2 10 3 4 5 -7 -8 9 -10 -11 13 12 -14 19 -16 16 17 -19 -20 -21 22 -23 -24 -25
leaf_value=-1.8491840936587409 14.919394493103027 -0.76187009594610178 -1.8286011123657226 13.146613036167054 4.5114549624919889 -2.1842203403512639 5.4440254704157516 3.5815527144405581 9.0823523415459544 -0.40978255208502423 4.9670861287550494 5.8725227564573288 0.22551169319947562 0.04848538664397517 0.75997722523156996 -1.1096425208178433 -3.2344495985243058 1.2898380960736957 -2.2541986378885452 2.8738551457722981 -4.8677447424994575 -2.9125203371047976 -2.9699347506748159 0.039528494344817269
leaf_weight=65 3.9999999999999991 144 4.9999999999999991 21 70 24 14.999999999999998 27 8.9999999999999982 47 10.999999999999998 3.9999999999999991 75 331 43 10.999999999999998 63 6.9999999999999991 42 5.9999999999999991 8.9999999999999982 80 89 45
leaf_count=65 4 144 5 21 70 24 15 27 9 47 11 4 75 331 43 11 63 7 42 6 9 80 89 45
internal_value=-0.0633817 -0.887683 3.74251 3.53743 4.77784 2.80192 9.9372 1.705 5.18558 1.04652 -0.066118 -0.618801 0.511436 0.308462 1.61698 -2.34824 -1.62832 -2.78202 -1.09885 0.0987887 -2.72153 -2.43585 -3.14422 -0.186202
internal_weight=1247 1025 222 218 130 94 36 88 14 74 656 265 79 391 54 369 126 70 186 337 243 145 98 56
internal_count=1247 1025 222 218 130 94 36 88 14 74 656 265 79 391 54 369 126 70 186 337 243 145 98 56
is_linear=0
shrinkage=0.05


Tree=32
num_leaves=30
num_cat=0
split_feature=3 3 4 4 7 4 0 4 7 4 7 4 8 1 2 8 4 4 4 2 0 6 7 0 4 4 7 3 1
split_gain=1.42566e+06 511338 312967 996084 504965 1.23303e+06 372884 638834 214446 628907 93319.5 118519 66683.5 81995.5 63514.5 63377.4 60205.6 92633.6 59284.1 47921.9 150498 35255.5 33163.5 29567.9 18194.7 33940.2 17741.9 12982.6 8095.22
threshold=0.86426075818049675 0.62579842715260914 44735.000000000007 45077.500000000007 5.5000000000000009 44810.000000000007 41396.900000000009 44065.000000000007 1.5000000000000002 48025.000000000007 2.5000000000000004 44395.000000000007 2.5000000000000004 17636.370000000003 2865.7150000000006 2.5000000000000004 39052.500000000007 39905.000000000007 44065.000000000007 8056.7350000000006 37772.000000000007 77.500000000000014 5.5000000000000009 41057.250000000007 43767.500000000007 42277.500000000007 3.5000000000000004 0.53773190048494446 20854.830000000005
decision_type=2 2 2 2 2 2 2 2 2 2 2 2 2 2 2 2 2 2 2 2 2 2 2 2 2 2 2 2 2
left_child=1 12 6 4 21 -6 10 -8 9 -5 11 -2 24 26 -10 16 22 -18 -12 20 -17 -4 -3 -21 25 -1 -14 -15 -26
right_child=2 15 3 8 5 -7 7 -9 14 -11 18 -13 13 27 -16 19 17 -19 -20 23 -22 -23 -24 -25 28 -27 -28 -29 -30
leaf_value=-2.8501103234947274 0.68956108268350369 -3.7694947292930205 21.085036468505862 9.4426770656339585 16.503563455434939 -9.5250633239746101 25.796005249023434 -2.4624857902526851 5.0456905364990234 -1.4695958790571795 0.23134914728311393 7.1228781938552856 -1.7861659446260434 0.86655401131686038 -0.44585621717364293 4.3145622401526484 3.0370489392961777 -0.43933905775416388 -3.565839931544136 0.010334687534904942 0.36122935414314272 14.970120398203532 -0.084974921743075027 2.6802345579320734 -3.1927727806568149 -0.73644072206124012 -2.8492908132249033 -0.66011705485644279 -4.5548134072621664
leaf_weight=109 35 19 10.999999999999998 31 13.000000000000002 6.9999999999999991 4 4 5.9999999999999991 23 26 8.9999999999999982 91 17 43 33 21 219 17 181 89 2.9999999999999991 9.0000000000000018 10.999999999999998 40 23 69 77 14.999999999999998
leaf_count=109 35 19 11 31 13 7 4 4 6 23 26 9 91 17 43 33 21 219 17 181 89 3 9 11 40 23 69 77 15
internal_value=0.00310706 -0.799426 3.54186 5.0711 12.4917 7.39354 1.33653 11.6668 2.6216 4.79486 0.386625 2.00547 -2.08361 -1.55606 0.226578 0.173644 -0.391128 -0.135155 -1.26987 0.655679 1.43057 19.7747 -2.58518 0.163298 -2.80018 -2.48182 -2.24464 -0.384017 -3.56424
internal_weight=1255 1023 232 137 34 20 95 8 103 54 87 44 441 254 49 582 268 240 43 314 122 14 28 192 187 132 160 94 55
internal_count=1255 1023 232 137 34 20 95 8 103 54 87 44 441 254 49 582 268 240 43 314 122 14 28 192 187 132 160 94 55
is_linear=0
shrinkage=0.05


end of trees

feature_importances:
thermal_on_capacity=263
thermal_space_load_ratio=130
renewable_power=125
total_load=106
weekday=91
net_load=88
month=79
period=39
hour=11
is_weekend=1

parameters:
[boosting: gbdt]
[objective: regression]
[metric: rmse]
[tree_learner: serial]
[device_type: cpu]
[data_sample_strategy: bagging]
[data: ]
[valid: ]
[num_iterations: 400]
[learning_rate: 0.05]
[num_leaves: 31]
[num_threads: 0]
[seed: 42]
[deterministic: 0]
[force_col_wise: 0]
[force_row_wise: 0]
[histogram_pool_size: -1]
[max_depth: 5]
[min_data_in_leaf: 3]
[min_sum_hessian_in_leaf: 0.001]
[bagging_fraction: 0.85]
[pos_bagging_fraction: 1]
[neg_bagging_fraction: 1]
[bagging_freq: 1]
[bagging_seed: 400]
[bagging_by_query: 0]
[feature_fraction: 0.85]
[feature_fraction_bynode: 1]
[feature_fraction_seed: 30056]
[extra_trees: 0]
[extra_seed: 12879]
[early_stopping_round: 0]
[early_stopping_min_delta: 0]
[first_metric_only: 0]
[max_delta_step: 0]
[lambda_l1: 0]
[lambda_l2: 0]
[linear_lambda: 0]
[min_gain_to_split: 0]
[drop_rate: 0.1]
[max_drop: 50]
[skip_drop: 0.5]
[xgboost_dart_mode: 0]
[uniform_drop: 0]
[drop_seed: 17869]
[top_rate: 0.2]
[other_rate: 0.1]
[min_data_per_group: 100]
[max_cat_threshold: 32]
[cat_l2: 10]
[cat_smooth: 10]
[max_cat_to_onehot: 4]
[top_k: 20]
[monotone_constraints: ]
[monotone_constraints_method: basic]
[monotone_penalty: 0]
[feature_contri: ]
[forcedsplits_filename: ]
[refit_decay_rate: 0.9]
[cegb_tradeoff: 1]
[cegb_penalty_split: 0]
[cegb_penalty_feature_lazy: ]
[cegb_penalty_feature_coupled: ]
[path_smooth: 0]
[interaction_constraints: ]
[verbosity: -1]
[saved_feature_importance_type: 0]
[use_quantized_grad: 0]
[num_grad_quant_bins: 4]
[quant_train_renew_leaf: 0]
[stochastic_rounding: 1]
[linear_tree: 0]
[max_bin: 255]
[max_bin_by_feature: ]
[min_data_in_bin: 3]
[bin_construct_sample_cnt: 200000]
[data_random_seed: 175]
[is_enable_sparse: 1]
[enable_bundle: 1]
[use_missing: 1]
[zero_as_missing: 0]
[feature_pre_filter: 1]
[pre_partition: 0]
[two_round: 0]
[header: 0]
[label_column: ]
[weight_column: ]
[group_column: ]
[ignore_column: ]
[categorical_feature: ]
[forcedbins_filename: ]
[precise_float_parser: 0]
[parser_config_file: ]
[objective_seed: 16083]
[num_class: 1]
[is_unbalance: 0]
[scale_pos_weight: 1]
[sigmoid: 1]
[boost_from_average: 1]
[reg_sqrt: 0]
[alpha: 0.9]
[fair_c: 1]
[poisson_max_delta_step: 0.7]
[tweedie_variance_power: 1.5]
[lambdarank_truncation_level: 30]
[lambdarank_norm: 1]
[label_gain: ]
[lambdarank_position_bias_regularization: 0]
[eval_at: ]
[multi_error_top_k: 1]
[auc_mu_weights: ]
[num_machines: 1]
[local_listen_port: 12400]
[time_out: 120]
[machine_list_filename: ]
[machines: ]
[gpu_platform_id: -1]
[gpu_device_id: -1]
[gpu_use_dp: 0]
[num_gpu: 1]

end of parameters

pandas_categorical:[]
