tree
version=v4
num_class=1
num_tree_per_iteration=1
label_index=0
max_feature_idx=10
objective=regression
feature_names=total_load net_load renewable_power thermal_space_load_ratio thermal_on_capacity hour period weekday month is_weekend is_holiday
feature_infos=[26930.099999999999:39202.699999999997] [3451.1099999999969:35214.939999999995] [1434.76:26725.990000000002] [0.11436188368000892:0.96085206700191261] [27170:45275] [5:8] [21:34] [0:6] [2:4] [0:1] none
tree_sizes=1764 1885 2582 1938 1355 2319 2557 1788 2407 2387 2435 2196 2046 2339 2534 2438 1930 1929 2655 1994 1530 2458 1762 2219 2159 2388 2434 1771 2396 2316 2244 1971

Tree=0
num_leaves=19
num_cat=0
split_feature=0 2 4 1 2 1 2 4 4 7 0 2 2 0 1 2 4 0
split_gain=5.2537e+06 3.42277e+06 2.21307e+06 1.97277e+06 1.16913e+06 733815 469966 425334 417252 92068.8 115104 72083.1 55370.6 32868.3 10472.5 9282.67 7392.93 400.167
threshold=31370.650000000005 1847.3950000000002 44810.000000000007 34551.805 6592.6550000000016 14562.200000000003 16360.340000000002 44395.000000000007 37740.000000000007 1.0000000180025095e-35 28904.150000000005 7469.6850000000004 14646.790000000003 34795.200000000004 18771.350000000002 15585.450000000003 27195.000000000004 36498.100000000013
decision_type=2 2 2 2 2 2 2 2 2 2 2 2 2 2 2 2 2 2
left_child=5 2 13 4 7 16 -6 -3 12 10 -10 -11 14 -2 -7 -14 -1 -4
right_child=1 3 17 -5 6 8 -8 -9 9 11 -12 -13 15 -15 -16 -17 -18 -19
leaf_value=258.98238033901777 311.43738024365035 273.09285303028719 273.34071395845342 302.91768129955858 269.98631182817957 269.50738063666847 262.41347143086739 278.58404730026388 257.5073804343852 262.48430381941847 267.41192608169752 257.21891882256409 264.12404716463016 318.05738024365036 272.46154732357587 268.05738062512006 256.75738024365035 274.15738062512008
leaf_weight=3.9999999999999991 4.9999999999999982 163 3 4.9999999999999991 298 4.0000000000000062 22 45 3.9999999999999991 13.000000000000002 10.999999999999998 12.999999999999998 2.9999999999999991 3 11.999999999999998 3 56 3
leaf_count=4 5 163 3 5 298 4 22 45 4 13 11 13 3 3 12 3 56 3
internal_value=270.2 272.3 296.704 271.659 271.363 260.863 269.466 274.281 264.632 261.651 264.771 259.852 270.187 313.92 271.723 266.091 256.906 273.749
internal_weight=670 547 14 533 528 123 320 208 63 41 15 26 22 8 16 6 60 6
internal_count=670 547 14 533 528 123 320 208 63 41 15 26 22 8 16 6 60 6
is_linear=0
shrinkage=1


Tree=1
num_leaves=20
num_cat=0
split_feature=1 1 7 0 0 1 8 7 5 1 8 3 0 8 7 1 1 0 8
split_gain=3.99021e+06 2.05058e+06 1.11766e+06 1.14908e+06 604477 487237 277770 224367 337795 165639 147177 118420 72724.9 66457.4 47822.4 13157 12717.5 484.633 18.7408
threshold=14562.200000000003 29920.825000000008 5.5000000000000009 35292.950000000004 30677.050000000003 34821.465000000004 3.5000000000000004 1.0000000180025095e-35 7.5000000000000009 25320.740000000002 3.5000000000000004 0.79126700900808256 28904.150000000005 3.5000000000000004 2.5000000000000004 13811.195000000002 18771.350000000002 33137.55000000001 2.5000000000000004
decision_type=2 2 2 2 2 2 2 2 2 2 2 2 2 2 2 2 2 2 2
left_child=14 4 7 -4 10 -5 9 8 -3 -6 12 -8 -2 -9 -1 17 -12 18 -16
right_child=1 2 3 5 6 -7 11 13 -10 -11 16 -13 -14 -15 15 -17 -18 -19 -20
leaf_value=-7.5361910247802744 -10.761079260019157 6.3447193017372712 40.857881164550747 5.858415198326111 -2.4800538092401245 26.008623504638674 0.67688302193293537 2.7101932691093138 24.064093303680423 0.075598170671428586 -2.272660684585571 3.8314466544560029 -6.0441160418770536 6.0264685736762154 -12.837869262695314 -9.4080722173055005 1.7144226074218747 -12.278423690795899 -12.925948660714287
leaf_weight=4.9999999999999991 12.999999999999998 26.000000000000004 4.0000000000000027 11.999999999999998 122 3.9999999999999991 102 94 2.9999999999999991 132 4 42 22 18 44 2.9999999999999991 4 3.9999999999999991 6.9999999999999991
leaf_count=5 13 26 4 12 122 4 102 94 3 132 4 42 22 18 44 3 4 4 7
internal_value=-0.255538 0.997399 5.82706 16.8884 -0.76581 10.896 -0.157349 4.25808 8.17776 -1.15192 -6.39762 1.59696 -7.79613 3.24317 -12.228 -12.6325 -0.279119 -12.8084 -12.85
internal_weight=665 602 161 20 441 16 398 141 29 254 43 144 35 112 63 58 8 55 51
internal_count=665 602 161 20 441 16 398 141 29 254 43 144 35 112 63 58 8 55 51
is_linear=0
shrinkage=0.05


Tree=2
num_leaves=29
num_cat=0
split_feature=1 7 4 1 0 4 7 4 1 1 3 0 0 4 4 3 7 4 4 6 0 4 4 0 1 0 0 0
split_gain=4.45567e+06 3.36517e+06 3.80211e+06 2.91032e+06 599676 353281 239916 454223 223702 166451 148099 130750 119998 91764 28049.7 33380.8 27621.1 63086.4 46162.4 18660.1 13500.8 9938.42 6558.72 2646 636.123 367.55 46.4016 4.65661e-10
threshold=31295.955000000005 5.5000000000000009 44810.000000000007 14562.200000000003 30677.050000000003 36662.500000000007 1.0000000180025095e-35 44395.000000000007 25320.740000000002 32401.260000000002 0.82341785523644029 28954.500000000004 34795.200000000004 40095.000000000007 37010.000000000007 0.43258782955984726 4.5000000000000009 44860.000000000007 43067.500000000007 23.500000000000004 36445.700000000004 42977.500000000007 29480.000000000004 33575.55000000001 33638.100000000006 33137.55000000001 36498.100000000013 30309.650000000005
decision_type=2 2 2 2 2 2 2 2 2 2 2 2 2 2 2 2 2 2 2 2 2 2 2 2 2 2 2 2
left_child=3 6 12 14 11 10 7 21 -7 -9 -6 19 23 -13 15 22 18 -18 -8 -5 -14 -2 -1 -3 -4 27 -26 -16
right_child=1 2 24 4 5 8 16 9 -10 -11 -12 13 20 -15 25 -17 17 -19 -20 -21 -22 -23 -24 -25 26 -27 -28 -29
leaf_value=-12.210113398234052 4.3131215286254863 36.185235595703105 1.6045057932535802 -11.975721740722658 1.1980911633417923 -2.3974143993536026 3.4416993502912856 9.6035614013671822 0.35546147798976074 21.955900065104164 4.8752401251541944 -3.3574762582778925 43.937561035156243 -12.558740234375001 -12.195975494384767 -5.7661052227020271 8.0638593401227698 1.0769546190897621 0.16022111072259793 -8.1758085886637364 48.18032348632812 1.8566928046090263 -9.3468276341756162 38.285235595703114 2.6233767827351882 -11.697506713867188 2.3632440567016597 -12.195975494384767
leaf_weight=5.9999999999999982 10.000000000000002 3.0000000000000009 3 6.9999999999999982 98 131 29 5.0000000000000018 169 6 38 28.000000000000004 3 2.9999999999999991 41 3.9999999999999991 6.9999999999999982 6 17 6 5 6.9999999999999991 3 3 3 3.9999999999999991 4 7.9999999999999991
leaf_count=6 10 3 3 7 98 131 29 5 169 6 38 28 3 3 41 4 7 6 17 6 5 7 3 3 3 4 4 8
internal_value=0.0531816 9.18545 25.7609 -1.80338 -0.449764 0.11166 4.61291 8.42433 -0.846628 16.3412 2.22553 -6.01296 42.5804 -4.24792 -11.6479 -9.56658 2.8041 4.83913 2.22898 -10.2219 46.5893 3.30165 -11.2557 37.2352 2.21366 -12.1584 2.47473 -12.196
internal_weight=657 111 24 546 480 436 87 28 300 11 136 44 14 31 66 13 59 13 46 13 8 17 9 6 10 53 7 49
internal_count=657 111 24 546 480 436 87 28 300 11 136 44 14 31 66 13 59 13 46 13 8 17 9 6 10 53 7 49
is_linear=0
shrinkage=0.05


Tree=3
num_leaves=21
num_cat=0
split_feature=3 1 7 4 0 2 7 4 4 4 0 4 0 1 3 2 7 1 2 0
split_gain=3.72435e+06 2.3715e+06 1.88424e+06 3.40301e+06 537441 308934 263980 532695 216207 157441 106930 97006.2 87163.7 84929.6 52621.6 44330.2 41203.2 5605.43 749.412 406.395
threshold=0.46823662692125356 31295.955000000005 5.5000000000000009 44810.000000000007 31370.650000000005 7013.9950000000008 1.0000000180025095e-35 44395.000000000007 37740.000000000007 39715.000000000007 35212.500000000007 36662.500000000007 28904.150000000005 15046.350000000002 0.85804737855364777 14646.790000000003 2.5000000000000004 13811.195000000002 1847.3950000000002 33137.55000000001
decision_type=2 2 2 2 2 2 2 2 2 2 2 2 2 2 2 2 2 2 2 2
left_child=13 4 6 10 8 9 7 -3 15 -6 -4 -7 -10 16 -8 -2 -1 19 -5 -18
right_child=1 2 3 18 5 11 14 -9 12 -11 -12 -13 -14 -15 -16 -17 17 -19 -20 -21
leaf_value=-6.7278472137451182 1.3809828368517065 2.8334771898057727 35.153975830078124 2.386587388174874 4.1838074415922168 1.1120340256129995 6.6455291152000431 16.116055943415713 -10.095435215876654 0.6901791961834981 45.05442708333333 -1.0570616870663816 -5.1411726347037723 -3.5997925996780396 2.3284908206264179 -3.8147805849711101 -11.601612604314631 -9.632079935073854 1.5851178550720213 -11.079626846313477
leaf_weight=4.9999999999999991 13.000000000000002 18 5 7 64 68 7.9999999999999991 13.000000000000002 12.999999999999998 65 6 213 28 3.9999999999999991 60 5.9999999999999991 55 3.9999999999999991 5 3.9999999999999991
leaf_count=5 13 18 5 7 64 68 8 13 13 65 6 213 28 4 60 6 55 4 5 4
internal_value=0.0573785 1.3633 7.5747 20.4664 -0.249021 0.397779 4.57965 8.40359 -4.66882 2.42345 40.5542 -0.532156 -6.71204 -10.6802 2.83638 -0.259785 -11.0967 -11.4434 2.05264 -11.5662
internal_weight=664 592 122 23 470 410 99 31 60 129 11 281 41 72 68 19 68 63 12 59
internal_count=664 592 122 23 470 410 99 31 60 129 11 281 41 72 68 19 68 63 12 59
is_linear=0
shrinkage=0.05


Tree=4
num_leaves=14
num_cat=0
split_feature=3 1 1 3 1 6 0 8 7 0 1 3 0
split_gain=3.28613e+06 2.90321e+06 1.34902e+06 1.28154e+06 844891 455645 434450 96789.8 34598.6 26259.3 8830.48 2383.27 28.69
threshold=0.94381230176377218 14562.200000000003 34551.805 0.95149920690134537 27585.270000000004 22.500000000000004 28904.150000000005 2.5000000000000004 2.5000000000000004 34795.200000000004 13811.195000000002 0.43258782955984726 36498.100000000013
decision_type=2 2 2 2 2 2 2 2 2 2 2 2 2
left_child=1 8 4 5 6 -2 -3 -6 -1 -7 11 -10 -5
right_child=3 2 -4 12 7 9 -8 -9 10 -11 -12 -13 -14
leaf_value=-6.3914549255371096 16.786123728752123 -9.5056654357910162 26.440580406188964 2.3728785832722981 0.80856495423750452 34.589525604248045 -0.81281698016655568 3.1961321566854757 -10.984536834716797 40.318762969970692 -8.0689024607340496 -10.100691689385309 2.1542081832885738
leaf_weight=4.9999999999999991 4.0000000000000027 14.999999999999998 4.9999999999999991 2.9999999999999991 55 4 344 186 50 4 2.9999999999999991 8.9999999999999982 3
leaf_count=5 4 15 5 3 55 4 344 186 50 4 3 9 3
internal_value=0.0478585 -0.51687 0.576794 21.1311 0.361263 30.5648 -1.17603 2.65125 -10.3925 37.4541 -10.7152 -10.8497 2.26354
internal_weight=690 672 605 18 600 12 359 241 67 8 62 59 6
internal_count=690 672 605 18 600 12 359 241 67 8 62 59 6
is_linear=0
shrinkage=0.05


Tree=5
num_leaves=25
num_cat=0
split_feature=0 3 4 2 0 4 3 2 4 7 4 6 3 5 3 2 0 4 2 3 0 0 0 3
split_gain=3.08472e+06 2.25086e+06 1.66715e+06 918481 690527 756216 380736 357517 265131 125028 94030.3 71899.4 96896.3 80288.1 69908.7 42986.2 33380.1 8406.6 18479.5 7793.24 1178.61 284.557 66.2997 5.62438
threshold=31370.650000000005 0.94381230176377218 44810.000000000007 6592.6550000000016 37542.900000000009 44395.000000000007 0.46823662692125356 16360.340000000002 37740.000000000007 1.5000000000000002 37010.000000000007 23.500000000000004 0.70635636508558763 7.5000000000000009 0.43598371976033495 14646.790000000003 35212.500000000007 37740.000000000007 21267.480000000003 0.82095871977151236 33575.55000000001 35955.05000000001 30677.050000000003 0.43258782955984726
decision_type=2 2 2 2 2 2 2 2 2 2 2 2 2 2 2 2 2 2 2 2 2 2 2 2
left_child=6 3 16 4 9 -6 17 10 15 -2 -5 12 -10 -13 -9 19 20 18 -1 -8 -3 -4 -20 -19
right_child=1 2 21 7 5 -7 8 14 11 -11 -12 13 -14 -15 -16 -17 -18 23 22 -21 -22 -23 -24 -25
leaf_value=-6.2305427551269545 4.7524117655224272 31.482246907552096 1.4334100564320884 1.118449411354959 0.93953717947006199 21.143115486881953 0.81976006993880601 -10.415176296234128 -1.1028172492980945 1.9586820713502746 -0.77770927749755914 -4.2870501926967073 -11.004828098842076 -11.859938430786134 -4.6274391237894701 -3.9614178848266608 38.642524210611974 -10.456869506835938 -10.784173329671221 3.6469614664713541 32.88380126953124 2.077598667144775 -10.451758575439451 -10.501061248779298
leaf_weight=3.9999999999999982 54 2.9999999999999982 2.9999999999999991 96 8.0000000000000018 10.999999999999998 13.000000000000005 8.0000000000000018 3.0000000000000027 155 205 28 13.999999999999998 3.9999999999999991 14.999999999999998 4.9999999999999991 3 36 3 2.9999999999999991 3 4 3 8.9999999999999982
leaf_count=4 54 3 3 96 8 11 13 8 3 155 205 28 14 4 15 5 3 36 3 3 3 4 3 9
internal_value=0.0497998 1.61472 20.1023 1.07885 3.51016 12.6363 -7.06119 -0.632075 -4.61518 2.68051 -0.172954 -6.62966 -9.25741 -5.23366 -6.64057 0.0852703 34.3362 -10.1743 -8.863 1.34986 32.183 1.80152 -10.618 -10.4657
internal_weight=693 568 16 552 228 19 125 324 70 209 301 49 17 32 23 21 9 55 10 16 6 7 6 45
internal_count=693 568 16 552 228 19 125 324 70 209 301 49 17 32 23 21 9 55 10 16 6 7 6 45
is_linear=0
shrinkage=0.05


Tree=6
num_leaves=28
num_cat=0
split_feature=0 3 4 4 2 1 3 4 4 4 4 4 0 4 6 5 5 2 3 7 4 1 3 2 4 2 1
split_gain=2.8592e+06 1.76533e+06 1.47856e+06 2.4443e+06 439421 384388 226904 223873 157054 155408 680997 97302.2 84312.1 80697.6 78386.1 77059.6 58607.5 39166.3 36746.8 31051.7 28643.9 28591.7 7306.21 7293.39 5473.76 3901.99 252.241
threshold=31370.650000000005 0.90461791971710481 44735.000000000007 44810.000000000007 7076.545000000001 14562.200000000003 0.55962860622981347 37740.000000000007 44395.000000000007 44395.000000000007 44810.000000000007 39715.000000000007 35726.05000000001 39497.500000000007 23.500000000000004 6.5000000000000009 7.5000000000000009 14646.790000000003 0.71612365347834239 2.5000000000000004 39715.000000000007 32401.260000000002 0.82590824454398948 15585.450000000003 27195.000000000004 1847.3950000000002 13228.955000000002
decision_type=2 2 2 2 2 2 2 2 2 2 2 2 2 2 2 2 2 2 2 2 2 2 2 2 2 2 2
left_child=5 4 8 12 9 19 15 17 20 11 -11 -2 -4 -8 18 -6 -16 22 -9 -1 -3 -10 -7 -19 -21 -5 -26
right_child=1 2 3 25 6 7 13 14 21 10 -12 -13 -14 -15 16 -17 -18 23 -20 24 -22 -23 -24 -25 26 -27 -28
leaf_value=-4.6256654103597006 3.242193961729769 5.1690397262573242 31.541067504882808 1.9371124267578121 -1.0227382659912105 0.83838825959425667 1.0732835662506877 -4.0963874181111661 7.920153808593752 24.779188728332521 3.0015461802482606 0.66131502258908625 40.332316589355464 -0.80860664713180685 -3.6307932715415951 -6.5939029479026807 -9.5607586288452158 -5.1285779953002937 -10.283299446105957 -8.0611592769622806 2.2644259419934505 13.377536392211912 3.5758232116699222 -1.6420818010965978 -9.9481424448441498 -0.27139159838358556 -10.361083030700684
leaf_weight=2.9999999999999991 61 11.999999999999998 5 6 9.0000000000000018 13.000000000000005 84 2.9999999999999991 5.9999999999999982 3.9999999999999991 35 91 6 177 25.000000000000004 20 4.9999999999999991 2.9999999999999991 11.999999999999998 3.9999999999999991 29 4 2.9999999999999991 3 49 3 3.9999999999999991
leaf_count=3 61 12 5 6 9 13 84 3 6 4 35 91 6 177 25 20 5 3 12 4 29 4 3 3 49 3 4
internal_value=0.0873887 1.64368 9.00332 20.5254 0.557327 -6.67695 -0.669139 -4.07385 4.48486 2.4195 5.23515 1.69706 36.3363 -0.202941 -6.09472 -4.86492 -4.61912 0.0597517 -9.04592 -9.58375 3.11456 10.1031 1.35166 -3.38533 -9.8447 1.20094 -9.97931
internal_weight=679 552 71 20 481 127 290 67 51 191 39 152 11 261 45 29 30 22 15 60 41 10 16 6 57 9 53
internal_count=679 552 71 20 481 127 290 67 51 191 39 152 11 261 45 29 30 22 15 60 41 10 16 6 57 9 53
is_linear=0
shrinkage=0.05


Tree=7
num_leaves=19
num_cat=0
split_feature=3 1 3 1 1 6 0 7 8 8 2 6 0 7 5 1 0 3
split_gain=2.38689e+06 1.97482e+06 940945 844811 673256 339350 293973 184364 178331 45539.3 41614.1 26152.9 19916.2 12204.6 7739.81 1129.1 28.6384 4.59073
threshold=0.94381230176377218 15046.350000000002 0.95149920690134537 29225.640000000003 34722.030000000006 22.500000000000004 29224.650000000005 1.0000000180025095e-35 3.5000000000000004 3.5000000000000004 18231.955000000005 23.500000000000004 34795.200000000004 3.5000000000000004 6.5000000000000009 13228.955000000002 36498.100000000013 0.43258782955984726
decision_type=2 2 2 2 2 2 2 2 2 2 2 2 2 2 2 2 2 2
left_child=1 9 5 6 7 -2 11 -5 -8 15 14 -3 -7 -12 -11 17 -4 -1
right_child=2 3 16 4 -6 12 8 -9 -10 10 13 -13 -14 -15 -16 -17 -18 -19
leaf_value=-9.4366188049316406 14.314577674865712 -9.803177424839566 2.0642356236775714 6.5788531446456915 26.883723386128743 29.656327056884763 -1.2361527659803631 2.2850945380131402 0.99783642874132816 -1.3476766586303697 -5.988312387466431 -5.6183151721954347 34.645846557617183 -9.370891189575195 -4.9392906506856278 -10.447706604003907 1.8457622528076165 -9.4786010742187496
leaf_weight=35 4.0000000000000027 6.9999999999999991 2.9999999999999991 30 2.9999999999999991 4 250 150 139 3.0000000000000027 3.9999999999999991 7.9999999999999991 4 7.9999999999999991 3 2.9999999999999991 3 7.9999999999999991
leaf_count=35 4 7 3 30 3 4 250 150 139 3 4 8 4 8 3 3 3 8
internal_value=0.161189 -0.335425 18.1221 0.57389 3.39225 26.2056 -0.702742 3.00072 -0.437889 -8.67554 -6.5434 -7.57125 32.1511 -8.24336 -3.14348 -9.50986 1.955 -9.44443
internal_weight=669 651 18 587 183 12 404 180 389 64 18 15 8 12 6 46 6 43
internal_count=669 651 18 587 183 12 404 180 389 64 18 15 8 12 6 46 6 43
is_linear=0
shrinkage=0.05


Tree=8
num_leaves=27
num_cat=0
split_feature=0 3 4 4 2 7 4 2 1 4 4 0 4 4 0 5 4 7 4 2 1 4 5 2 0 1
split_gain=2.5767e+06 1.54946e+06 1.51123e+06 1.96615e+06 392991 245555 472108 237982 206389 158782 93798.7 78875.2 70502.7 67497.2 77381.4 62415.1 58994.1 26130.2 26122.6 25087.8 11711.7 4343.5 4069.16 3852.85 529.726 248.24
threshold=31370.650000000005 0.90461791971710481 44735.000000000007 44810.000000000007 6592.6550000000016 1.0000000180025095e-35 44395.000000000007 15700.975 14562.200000000003 37740.000000000007 44395.000000000007 36445.700000000004 39497.500000000007 40095.000000000007 28707.650000000005 6.5000000000000009 39715.000000000007 2.5000000000000004 39715.000000000007 14646.790000000003 32401.260000000002 27195.000000000004 6.5000000000000009 1754.8400000000004 30864.400000000005 13228.955000000002
decision_type=2 2 2 2 2 2 2 2 2 2 2 2 2 2 2 2 2 2 2 2 2 2 2 2 2 2
left_child=8 4 10 11 5 6 -2 12 17 19 18 -4 -6 14 -11 -9 -7 -1 -3 22 -12 -19 -10 -5 -15 -23
right_child=1 2 3 23 7 16 -8 15 9 13 20 -13 -14 24 -16 -17 -18 21 -20 -21 -22 25 -24 -25 -26 -27
leaf_value=-4.0949664433797208 -1.0813997030258178 4.8723057486794215 29.602668544224329 1.8780039978027341 1.0210453817985721 3.3759435349497302 23.211286926269526 -1.152218764168875 1.1117756223678585 -8.8938361358642588 7.1952033996582045 37.825032958984366 -0.65611949865259023 -10.674017906188963 -3.6896557397842411 -6.7163773159186055 1.3924569831704194 -7.3003466129302979 1.9966627597808839 -3.5402962303161623 11.021383666992186 -8.9791888784854983 -0.98780953884124756 -0.38851960698763521 -9.8602872848510721 -9.3894987106323242
leaf_weight=2.9999999999999991 4 10.999999999999998 7 5 97 58 4 7.0000000000000027 10.000000000000002 9.9999999999999982 5.9999999999999982 5 177 4 25 18 106 3.9999999999999991 28 4.9999999999999991 3 47 2.9999999999999991 3 4 3.9999999999999991
leaf_count=3 4 11 7 5 97 58 4 7 10 10 6 5 177 4 25 18 106 4 28 5 3 47 3 3 4 4
internal_value=0.155392 1.62556 8.68096 20.2284 0.606948 2.51119 11.0649 -0.488468 -6.50362 -4.47318 3.86953 33.0287 -0.0623786 -6.12365 -5.17656 -5.15841 2.09393 -8.63907 2.80774 -0.530397 8.4706 -8.88693 0.627256 1.02806 -10.2672 -9.01137
internal_weight=658 539 68 20 471 172 8 299 119 61 48 12 274 43 35 25 164 58 39 18 9 55 13 8 8 51
internal_count=658 539 68 20 471 172 8 299 119 61 48 12 274 43 35 25 164 58 39 18 9 55 13 8 8 51
is_linear=0
shrinkage=0.05


Tree=9
num_leaves=27
num_cat=0
split_feature=1 7 4 1 0 5 4 4 0 0 1 1 5 0 7 4 3 6 7 5 2 0 1 0 0 0
split_gain=2.11965e+06 1.60775e+06 1.93318e+06 1.43708e+06 326833 208684 198134 153868 122589 91080.8 82441.2 77935.3 70080.8 65385.3 34189.6 33696.7 38476.5 32316 21684.3 5402.61 4599.51 2357.59 764.066 691.582 450.812 44.9824
threshold=31237.355000000007 5.5000000000000009 44810.000000000007 15046.350000000002 31370.650000000005 7.5000000000000009 36662.500000000007 37740.000000000007 35079.05000000001 35726.05000000001 28233.345000000005 24876.300000000003 5.5000000000000009 34881.30000000001 1.5000000000000002 37010.000000000007 0.43258782955984726 29.500000000000004 3.5000000000000004 6.5000000000000009 1847.3950000000002 33770.750000000007 13228.955000000002 37542.900000000009 32274.650000000005 33137.55000000001
decision_type=2 2 2 2 2 2 2 2 2 2 2 2 2 2 2 2 2 2 2 2 2 2 2 2 2 2
left_child=3 5 9 15 7 8 10 17 13 21 -6 -8 -9 -2 -10 16 18 -5 -1 -18 -4 -3 25 -11 -24 -17
right_child=1 2 20 4 6 -7 11 12 14 23 -12 -13 -14 -15 -16 22 19 -19 -20 -21 -22 -23 24 -25 -26 -27
leaf_value=-3.9141422907511352 5.3915691716330407 26.034544372558589 1.5692710494995117 1.1101970851421354 1.1707836201203239 13.313696136474611 -1.5228181507645382 -7.4737695944936648 3.5373131558812902 34.687597656249991 4.0974704742431642 0.17438860298520295 -3.4788105623080181 14.214246622721351 1.3871184484631409 -8.5234249296642499 -1.3014978090922038 -3.9144270181655885 -8.7609285736083997 -4.3022225697835275 -0.70546987801790229 27.888768513997391 -8.6773351033528652 35.761207071940099 -9.544141387939451 -8.3230181376139338
leaf_weight=3.0000000000000027 6.9999999999999982 4 5 16.000000000000004 97 4.9999999999999991 108 19 29 3 32 181 26 3 51 42 2.9999999999999991 3.9999999999999991 9.9999999999999982 3 4 3 2.9999999999999991 3 3 2.9999999999999991
leaf_count=3 7 4 5 16 97 5 108 19 29 3 32 181 26 3 51 42 3 4 10 3 4 3 3 3 3 3
internal_value=0.0777795 6.1919 18.3716 -1.21581 -0.245466 3.37134 0.267428 -3.54377 2.81899 30.7039 1.89678 -0.459862 -5.16557 8.03837 2.16656 -7.91115 -6.11384 0.105272 -7.64244 -2.80186 0.558275 26.8292 -8.58073 35.2244 -9.11074 -8.51006
internal_weight=670 117 22 553 483 95 418 65 90 13 129 289 45 10 80 70 19 20 13 6 9 7 51 6 6 45
internal_count=670 117 22 553 483 95 418 65 90 13 129 289 45 10 80 70 19 20 13 6 9 7 51 6 6 45
is_linear=0
shrinkage=0.05


Tree=10
num_leaves=26
num_cat=0
split_feature=1 7 1 0 5 0 0 7 5 8 3 1 1 0 8 6 7 7 0 2 1 8 1 0 0
split_gain=2.03146e+06 1.28415e+06 1.14518e+06 587288 404488 469392 272359 174546 209671 113296 102057 85984.6 81835.1 77011.2 65982.1 64542.7 37879.7 10561.5 6647.76 6613.82 4212.73 9469.18 988.388 670.148 51.3374
threshold=29225.640000000003 5.5000000000000009 14562.200000000003 35292.950000000004 6.5000000000000009 37037.250000000007 30677.050000000003 1.0000000180025095e-35 7.5000000000000009 3.5000000000000004 0.54846284338420903 33058.890000000007 21810.800000000007 29135.550000000003 3.5000000000000004 31.500000000000004 4.5000000000000009 2.5000000000000004 34200.400000000001 6184.6900000000014 12706.545000000004 3.5000000000000004 30344.860000000004 35955.05000000001 33137.55000000001
decision_type=2 2 2 2 2 2 2 2 2 2 2 2 2 2 2 2 2 2 2 2 2 2 2 2 2
left_child=2 7 17 18 23 -6 13 8 11 10 -8 -2 -11 19 16 -15 -9 -1 -3 -4 24 -22 -16 -5 -19
right_child=1 3 6 4 5 -7 9 14 -10 12 -12 -13 -14 15 22 -17 -18 20 -20 -21 21 -23 -24 -25 -26
leaf_value=-5.2556736469268799 7.3745586119592197 24.867286987304677 -8.3616636003766747 0.73123517036437935 32.95321756998699 9.3142630440848215 -7.3256938616434741 0.99640392674641187 18.606864114602409 -0.74223781471349759 -0.72087946661330504 2.1909121721982956 1.7922194169772852 -1.996984330371574 3.898553494044712 -8.8025217056274414 3.2018739871978763 -8.1212025906177274 27.844479878743485 -6.2571696281433109 -8.2522490365164636 -5.4033120632171627 4.4926879610334129 1.6765023803710937 -7.907867431640625
leaf_weight=3.9999999999999991 15.999999999999998 5.0000000000000018 6.9999999999999991 3.0000000000000018 2.9999999999999982 7 5.9999999999999991 88 2.9999999999999991 49 232 15.999999999999998 91 27.000000000000004 14.000000000000002 3.9999999999999991 25 47 3 7.9999999999999991 6.9999999999999982 5 13.999999999999998 5 2.9999999999999991
leaf_count=4 16 5 7 3 3 7 6 88 3 49 232 16 91 27 14 4 25 47 3 8 7 5 14 5 3
internal_value=0.120177 4.33951 -1.61922 14.7118 9.70198 16.4059 -0.665551 2.80725 5.96766 -0.223481 -0.887387 4.78274 0.905159 -4.29821 2.02275 -2.87512 1.48434 -7.74584 25.9837 -7.23927 -7.90649 -7.06519 4.19562 1.32203 -8.1084
internal_weight=692 202 490 26 18 10 424 176 35 378 238 32 140 46 141 31 113 66 8 15 62 12 28 8 50
internal_count=692 202 490 26 18 10 424 176 35 378 238 32 140 46 141 31 113 66 8 15 62 12 28 8 50
is_linear=0
shrinkage=0.05


Tree=11
num_leaves=24
num_cat=0
split_feature=1 1 7 4 0 5 0 4 4 1 0 3 0 0 4 4 1 7 0 4 3 0 0
split_gain=1.83199e+06 1.19059e+06 1.06426e+06 1.73141e+06 251118 173696 224959 156586 129121 85125.3 81806 69737.6 66306.8 60350.8 36475 31952.6 27735.3 17932.5 14051.6 5422.02 5321.22 3786.49 1015.59
threshold=31237.355000000007 14562.200000000003 5.5000000000000009 44810.000000000007 31370.650000000005 7.5000000000000009 38547.30000000001 36662.500000000007 37740.000000000007 20323.435000000005 35079.05000000001 0.82095871977151236 34881.30000000001 36445.700000000004 40095.000000000007 44860.000000000007 18771.350000000002 2.5000000000000004 34795.200000000004 27195.000000000004 0.95149920690134537 32204.300000000007 37961.450000000004
decision_type=2 2 2 2 2 2 2 2 2 2 2 2 2 2 2 2 2 2 2 2 2 2 2
left_child=1 17 5 13 8 10 -7 11 16 -9 12 -6 -2 18 -10 -12 -3 -1 -4 -19 22 -21 -5
right_child=2 4 3 20 7 6 -8 9 14 -11 15 -13 -14 -15 -16 -17 -18 19 -20 21 -22 -23 -24
leaf_value=-4.4098819160461424 4.4183530092239387 -2.1598559829923833 23.688759358723964 -1.2505084455013273 0.83031175712744398 18.664734458923341 0.55215180714925116 -3.2711201062202457 -4.2062665308223055 -0.22188694947646206 2.6830787484260168 3.3394469404220581 13.134806315104164 32.467044830322251 -8.169698306492398 0.19966868348419667 1.5119877974192302 -5.4437952280044559 27.879762776692701 -7.7387884548732222 1.6085718154907225 -6.3027226543426522 0.050512067476908354
leaf_weight=4.9999999999999991 7.9999999999999982 9.0000000000000018 5.9999999999999982 3 90 3.9999999999999991 3 25 34 271 68 40 3 4.0000000000000009 6.9999999999999991 15.999999999999998 11.999999999999998 2.9999999999999991 3 56 5 4.9999999999999991 3
leaf_count=5 8 9 6 3 90 4 3 25 34 271 68 40 3 4 7 16 12 3 3 56 5 5 3
internal_value=0.0855458 -1.14608 5.53011 15.0035 -0.276843 3.30109 10.9022 0.15586 -3.24993 -0.479424 2.741 1.60235 6.79557 27.3569 -4.88295 2.21005 -0.0616595 -7.29372 25.0858 -7.51902 0.403897 -7.62108 -0.599998
internal_weight=683 557 126 24 488 102 7 426 62 296 95 130 11 13 41 84 21 69 9 64 11 61 6
internal_count=683 557 126 24 488 102 7 426 62 296 95 130 11 13 41 84 21 69 9 64 11 61 6
is_linear=0
shrinkage=0.05


Tree=12
num_leaves=22
num_cat=0
split_feature=1 2 1 4 1 0 4 4 4 4 4 2 6 2 4 7 0 3 2 4 2
split_gain=1.5064e+06 757024 769389 759767 715861 159630 126408 278380 124454 87630.9 69766.4 60516.6 57110.3 42267.8 36535 16250.7 12421.4 4036.39 22580.5 367.422 83.7943
threshold=26319.025000000001 1847.3950000000002 34551.805 44810.000000000007 14562.200000000003 30677.050000000003 44395.000000000007 44810.000000000007 39497.500000000007 36662.500000000007 41855.000000000007 8774.3150000000023 30.500000000000004 7469.6850000000004 36090.000000000007 2.5000000000000004 34795.200000000004 0.43258782955984726 16796.315000000006 27195.000000000004 1644.6250000000002
decision_type=2 2 2 2 2 2 2 2 2 2 2 2 2 2 2 2 2 2 2 2 2
left_child=4 3 6 16 15 11 8 -8 -3 14 -11 13 -13 -6 -7 -1 -2 19 -19 -17 -5
right_child=1 2 -4 20 5 9 7 -9 -10 10 -12 12 -14 -15 -16 17 -18 18 -20 -21 -22
leaf_value=-4.1893877881765365 22.416155090332037 2.8162351748882197 23.699140214920046 1.5360966205596922 -4.382110449847052 0.092723070062471158 10.926192370328037 1.9909653736012325 0.41053573892295714 -2.3849272437656626 -0.32770710229873656 0.075629368153485393 -7.7071434656778983 -8.9985503060477114 2.7558965407311917 -7.8965314229329424 26.485774739583327 -7.5107212066650391 -2.564797268311183 -7.3254325037417205 1.1865254084269201
leaf_weight=4.9999999999999991 4.9999999999999982 78 3.9999999999999991 4 17.000000000000004 66 10.999999999999998 42 173 85 80 10.999999999999998 2.9999999999999991 6.9999999999999991 15.999999999999998 2.9999999999999991 3 9.9999999999999982 2.9999999999999991 46 3
leaf_count=5 5 78 4 4 17 66 11 42 173 85 80 11 3 7 16 3 3 10 3 46 3
internal_value=-0.0183234 2.44748 1.91329 13.4161 -2.28098 -1.18771 1.62664 3.84545 1.15812 -0.723568 -1.38749 -4.20461 -1.59211 -5.72857 0.612367 -6.93146 23.9423 -7.1526 -6.36935 -7.3604 1.38628
internal_weight=675 323 308 15 352 285 304 53 251 247 165 38 14 24 82 67 8 62 13 49 7
internal_count=675 323 308 15 352 285 304 53 251 247 165 38 14 24 82 67 8 62 13 49 7
is_linear=0
shrinkage=0.05


Tree=13
num_leaves=25
num_cat=0
split_feature=0 3 6 3 4 2 3 4 3 7 4 7 4 7 0 4 4 7 0 2 3 4 2 4
split_gain=1.37803e+06 1.02121e+06 1.01268e+06 426288 713982 230578 188974 139913 134625 117280 248881 83728.7 49854.3 40807.3 71107.9 39604.1 33069.5 26489.3 15919 13784.3 3654.03 2902.55 1274.98 216.285
threshold=31741.200000000004 0.90461791971710481 30.500000000000004 0.94381230176377218 44810.000000000007 6592.6550000000016 0.46823662692125356 37740.000000000007 0.55962860622981347 1.0000000180025095e-35 44395.000000000007 4.5000000000000009 39715.000000000007 3.5000000000000004 28904.150000000005 39497.500000000007 44395.000000000007 2.5000000000000004 31299.350000000002 11193.140000000001 0.82095871977151236 27195.000000000004 15585.450000000003 37740.000000000007
decision_type=2 2 2 2 2 2 2 2 2 2 2 2 2 2 2 2 2 2 2 2 2 2 2 2
left_child=6 5 3 16 -5 9 17 19 11 10 -2 -7 -11 14 -9 -10 -3 -1 -15 20 -8 -19 -21 -23
right_child=1 2 -4 4 -6 8 7 13 15 12 -12 -13 -14 18 -16 -17 -18 21 -20 22 -22 23 -24 -25
leaf_value=-2.6632941961288452 0.011723160743713379 2.3733231412397848 31.391099548339845 22.945027160644536 1.0792365959712436 -2.6363794905778306 1.0195163454328262 -6.3100886980692543 0.74393769823188016 2.9404610245124156 19.063006464640292 -10.406919860839844 0.97757604301078338 -8.3199138096400684 -2.0938122858603796 -0.55582381795443925 5.7527330398559577 -5.5805604428052904 -4.626020774841308 -0.44446151124106514 2.9139232873916621 -7.2374165126255576 -1.6346881866455079 -6.9381950205022633
leaf_weight=3.9999999999999991 3.9999999999999991 37 3.9999999999999991 7.9999999999999982 7 26.000000000000004 7.0000000000000018 14.999999999999998 86 46 3 3.9999999999999991 109 6.9999999999999982 30 184 8.9999999999999982 3.9999999999999991 5 8.9999999999999982 4 6.9999999999999991 2.9999999999999991 44
leaf_count=4 4 37 4 8 7 26 7 15 86 46 3 4 109 7 30 184 9 4 5 9 4 7 3 44
internal_value=-0.0165342 1.15152 7.01949 5.42135 12.741 0.325945 -4.44507 -2.86184 -0.494888 1.84601 8.17656 -3.67245 1.56011 -4.19009 -3.49924 -0.141826 3.03451 -6.59183 -6.78079 0.429917 1.70839 -6.87754 -0.742018 -6.97926
internal_weight=666 527 65 61 15 462 139 80 300 162 7 30 155 57 45 270 46 59 12 23 11 55 12 51
internal_count=666 527 65 61 15 462 139 80 300 162 7 30 155 57 45 270 46 59 12 23 11 55 12 51
is_linear=0
shrinkage=0.05


Tree=14
num_leaves=28
num_cat=0
split_feature=0 3 4 4 2 1 2 4 7 4 0 2 4 1 7 0 4 2 1 4 0 4 1 2 1 0 0
split_gain=1.25474e+06 1.01124e+06 788166 1.13887e+06 181935 170517 102037 85404.7 71539.8 68998.1 59863.3 51317.2 49633 46547.9 86314.1 45454.1 33417.7 20636.7 20343.4 17950.7 6186.18 4608.48 4238.17 4081.28 1393.27 1162.68 734.366
threshold=31526.150000000005 0.90461791971710481 44735.000000000007 44810.000000000007 14646.790000000003 14562.200000000003 6592.6550000000016 37740.000000000007 5.5000000000000009 44395.000000000007 36445.700000000004 19124.415000000005 39715.000000000007 23299.110000000004 1.0000000180025095e-35 28904.150000000005 39715.000000000007 12890.315000000001 32401.260000000002 42910.000000000007 30587.250000000004 27195.000000000004 25094.005000000001 1754.8400000000004 12990.730000000001 30056.200000000004 29516.650000000005
decision_type=2 2 2 2 2 2 2 2 2 2 2 2 2 2 2 2 2 2 2 2 2 2 2 2 2 2 2
left_child=5 4 9 10 6 21 12 17 11 19 -4 -6 -2 14 -9 -15 -8 22 -11 -3 -19 -1 -7 -5 26 -26 -23
right_child=1 2 3 23 8 7 16 13 -10 18 -12 -13 -14 15 -16 -17 -18 20 -20 -21 -22 24 -24 -25 25 -27 -28
leaf_value=-4.5866132418314614 2.7359685542729668 3.0238103250662487 21.899832589285712 1.4043679428100584 -1.411428417265415 0.74356688559055295 0.62341933781902004 0.6464568805694576 -9.5639753341674805 5.0027768707275406 29.063027343749997 -6.581314023335775 0.90112344287643753 -7.1162435531616159 -6.6019251159999683 -1.2519761662734183 -0.50487847764151439 -3.3168894052505502 9.7867374420165998 0.65535097916920981 -0.77839774489402769 -6.6873959655761723 2.9472551981608075 -0.92837997277577688 -6.7000455856323242 -8.0021855672200513 -6.2913059204816824
leaf_weight=2.9999999999999991 53 24 7 5 24.000000000000004 8.0000000000000018 105 5.0000000000000027 3.9999999999999991 4.9999999999999982 5 5.9999999999999991 121 4.0000000000000027 23 19 175 3.9999999999999982 4 11.999999999999998 6 25 2.9999999999999991 3 3.9999999999999991 3 22
leaf_count=3 53 24 7 5 24 8 105 5 4 5 5 6 121 4 23 19 175 4 4 12 6 25 3 3 4 3 22
internal_value=-0.0105509 1.02527 6.8838 15.1425 0.244937 -4.45095 0.509136 -2.8335 -3.28288 3.21326 24.8845 -2.44541 1.46001 -3.93852 -5.30757 -2.27185 -0.0817668 -0.149888 7.12898 2.23432 -1.79379 -6.49404 1.34457 0.529587 -6.60001 -7.25811 -6.50199
internal_weight=682 553 65 20 488 129 454 72 34 45 12 30 174 51 28 23 280 21 9 36 10 57 11 8 54 7 47
internal_count=682 553 65 20 488 129 454 72 34 45 12 30 174 51 28 23 280 21 9 36 10 57 11 8 54 7 47
is_linear=0
shrinkage=0.05


Tree=15
num_leaves=26
num_cat=0
split_feature=0 2 6 2 0 1 2 2 6 4 7 3 7 0 2 4 1 1 6 2 3 2 0 4 1
split_gain=1.23434e+06 728756 517143 261829 460910 189335 167560 102605 124250 83783.4 62644.4 47811.3 37515.5 61809.7 33527.5 31693.1 25479.5 21650.6 9057.83 5407.47 2624.71 15429.5 1166.61 611.085 175.719
threshold=31741.200000000004 2817.8500000000008 29.500000000000004 1847.3950000000002 35514.150000000001 14562.200000000003 14646.790000000003 6592.6550000000016 32.500000000000007 37740.000000000007 5.5000000000000009 0.92897207021522055 4.5000000000000009 28904.150000000005 19324.490000000002 39497.500000000007 23370.430000000004 17922.340000000004 29.500000000000004 7242.9850000000015 0.43258782955984726 16796.315000000006 31258.450000000004 28185.000000000004 13228.955000000002
decision_type=2 2 2 2 2 2 2 2 2 2 2 2 2 2 2 2 2 2 2 2 2 2 2 2 2
left_child=5 2 3 4 -2 20 7 8 -3 17 14 -5 13 -11 -8 -9 -14 18 -7 -19 22 24 23 -1 -22
right_child=1 6 -4 11 -6 9 10 15 -10 12 -12 -13 16 -15 -16 -17 -18 19 -20 -21 21 -23 -24 -25 -26
leaf_value=-6.9933461507161461 20.093727329799108 1.2616902482218859 26.582014973958334 5.6595970740685102 1.2083781480789184 -0.90752736330032313 -1.6742575342838579 0.75635490885025336 8.0638199806213375 -5.8266877514975413 -9.9620887756347667 1.9458754225419117 -8.0690805162702315 -1.8957318544387818 -6.1449996948242189 -0.39092016589016687 -3.0666333436965938 3.0351107915242515 -4.1912957827250157 0.64028449762951256 -6.2762912750244153 -2.4025493462880454 -7.3187329610188803 -6.2563343811035157 -6.6821693420410142
leaf_weight=2.9999999999999991 6.9999999999999982 164 2.9999999999999991 12.999999999999998 6 7.0000000000000018 26.000000000000004 89 6.9999999999999991 13.999999999999998 2.9999999999999991 26 6.9999999999999982 35 4.9999999999999991 186 4 2.9999999999999991 3 10.999999999999998 7.9999999999999982 2.9999999999999991 2.9999999999999991 45 4
leaf_count=3 7 164 3 13 6 7 26 89 7 14 3 26 7 35 5 186 4 3 3 11 8 3 3 45 4
internal_value=-0.178721 0.945133 6.39673 5.23219 11.3774 -4.18714 0.320472 0.578404 1.54014 -2.61253 -3.063 3.18378 -3.61124 -3.01886 -2.39534 -0.0196202 -6.25001 -0.115755 -1.89266 1.15346 -6.19118 -5.60978 -6.36218 -6.3024 -6.41158
internal_weight=685 535 55 52 13 150 480 446 171 84 34 39 60 49 31 275 11 24 10 14 66 15 51 48 12
internal_count=685 535 55 52 13 150 480 446 171 84 34 39 60 49 31 275 11 24 10 14 66 15 51 48 12
is_linear=0
shrinkage=0.05


Tree=16
num_leaves=21
num_cat=0
split_feature=3 3 4 8 2 5 0 3 7 6 6 2 4 0 0 3 0 4 3 0
split_gain=998573 685524 562659 306809 238737 476817 173589 66310.4 50719.2 34675 26219.9 23305.8 21510 17023.7 14383.1 10707.1 12695.2 4263.64 1746.44 397.509
threshold=0.55962860622981347 0.94381230176377218 44810.000000000007 2.5000000000000004 5889.4850000000015 7.5000000000000009 31370.650000000005 0.45955488530753758 4.5000000000000009 25.500000000000004 31.500000000000004 11515.530000000002 39905.000000000007 33777.750000000007 34795.200000000004 0.54846284338420903 30776.800000000003 27195.000000000004 0.45202396024083952 35955.05000000001
decision_type=2 2 2 2 2 2 2 2 2 2 2 2 2 2 2 2 2 2 2 2
left_child=7 3 14 6 5 -5 9 13 15 -2 -10 -6 -8 17 -3 16 -9 -1 -19 -4
right_child=1 2 19 4 11 -7 12 8 10 -11 -12 -13 -14 -15 -16 -17 -18 18 -20 -21
leaf_value=-4.084128411610922 -5.0527484339590263 18.243515777587895 0.51768140792846662 2.357615423587061 0.54458917757230141 22.483178456624351 1.2717545623057767 -4.1618520100911311 -3.5935374140739444 -2.4172021170457203 -10.204117584228513 -0.55251704973771287 -0.56644753900033484 -2.0641507307688398 22.483660888671871 -4.0525622248649595 -0.59882135589917496 -5.9531335483897818 -7.1919829050699882 1.2790623188018797
leaf_weight=2.9999999999999991 26 3.9999999999999982 3 155 168 2.9999999999999991 19 3.0000000000000098 2.9999999999999991 24 3 68 98 2.9999999999999991 4 3.9999999999999991 14.999999999999998 55 2.9999999999999991 4
leaf_count=3 26 4 3 155 168 3 19 3 3 24 3 68 98 3 4 4 15 55 3 4
internal_value=-0.0162714 0.756328 11.3052 0.474273 1.23553 2.73975 -1.32175 -4.85342 -2.82397 -3.78769 -6.89883 0.228474 -0.267936 -5.7413 20.3636 -1.71264 -1.19266 -5.92214 -6.01721 0.952756
internal_weight=668 576 15 561 394 158 167 92 28 50 6 236 117 64 8 22 18 61 58 7
internal_count=668 576 15 561 394 158 167 92 28 50 6 236 117 64 8 22 18 61 58 7
is_linear=0
shrinkage=0.05


Tree=17
num_leaves=21
num_cat=0
split_feature=1 3 1 4 1 7 4 8 2 7 2 1 4 4 3 0 7 1 0 4
split_gain=1.01507e+06 595681 531396 430620 335907 110465 214048 94573.2 70423.4 68706.1 68648.9 56817 50362 23173.7 21650.6 15592.2 6936.49 2026.93 3537.36 678.278
threshold=27585.270000000004 0.94381230176377218 13811.195000000002 44810.000000000007 34551.805 1.5000000000000002 44395.000000000007 2.5000000000000004 14646.790000000003 4.5000000000000009 8774.3150000000023 23299.110000000004 39497.500000000007 36372.500000000007 0.68112034744472882 34795.200000000004 2.5000000000000004 12706.545000000004 29744.600000000002 27195.000000000004
decision_type=2 2 2 2 2 2 2 2 2 2 2 2 2 2 2 2 2 2 2 2
left_child=2 4 16 15 5 6 -2 10 13 -10 11 -4 -7 -9 -12 -3 -1 19 -19 -18
right_child=1 3 7 -5 -6 12 -8 8 9 -11 14 -13 -14 -15 -16 -17 17 18 -20 -21
leaf_value=-3.4651061058044434 1.804391099658667 17.171257324218754 -5.2915649374326073 0.73167824745178223 14.737195777893067 2.4916436692022468 8.4329338782466952 0.80510769435154494 -1.0911944168861267 -6.6499314934015281 -1.8153465323499405 -2.0155773291587833 0.55236567074166876 -0.26055696799164324 0.49029725832598547 21.359477996826168 -6.4394721984863281 -5.7800483703613281 -3.508783181508381 -5.6674214241721419
leaf_weight=3.9999999999999991 51 4.9999999999999982 18 4.9999999999999991 4.9999999999999991 44 15.999999999999998 93 27 6.9999999999999991 15.999999999999998 50 140 113 28 4 2.9999999999999991 3.9999999999999991 3 55
leaf_count=4 51 5 18 5 5 44 16 93 27 7 16 50 140 113 28 4 3 4 3 55
internal_value=0.0609196 2.4539 -1.47377 12.4966 1.90469 1.64906 3.38733 -0.687284 -0.127415 -2.23564 -1.887 -2.88275 1.01611 0.220544 -0.348119 19.0327 -5.48599 -5.61036 -4.80665 -5.70736
internal_weight=691 270 421 14 256 251 67 352 240 34 112 68 184 206 44 9 69 65 7 58
internal_count=691 270 421 14 256 251 67 352 240 34 112 68 184 206 44 9 69 65 7 58
is_linear=0
shrinkage=0.05


Tree=18
num_leaves=29
num_cat=0
split_feature=1 4 4 1 1 3 4 2 4 6 0 1 4 1 0 4 3 4 8 0 3 1 4 1 0 4 0 5
split_gain=881630 410768 671846 689681 261345 249832 108039 94045.8 85270.2 54250.1 92746.1 43591 39271.2 69678.4 31403.3 26380.6 18602.3 18916.6 16593.5 13475.1 12213.3 5406.35 5384.6 1576.17 4783.95 1151.96 807.5 681.219
threshold=23418.605000000003 44395.000000000007 44810.000000000007 32677.610000000004 14562.200000000003 0.94381230176377218 39905.000000000007 8751.3350000000009 42277.500000000007 31.500000000000004 31892.050000000003 27585.270000000004 44860.000000000007 32401.260000000002 28904.150000000005 40910.000000000007 0.74574057958986462 38752.500000000007 2.5000000000000004 36988.150000000009 0.88216079908410527 13811.195000000002 34325.000000000007 10528.665000000001 29516.650000000005 37010.000000000007 31093.100000000002 7.5000000000000009
decision_type=2 2 2 2 2 2 2 2 2 2 2 2 2 2 2 2 2 2 2 2 2 2 2 2 2 2 2 2
left_child=4 6 3 5 21 -3 11 16 14 15 -11 22 13 -4 -8 -9 26 -18 -13 -5 -10 23 -2 24 -1 -25 -6 -14
right_child=1 2 12 19 7 -7 8 9 20 10 -12 18 27 -15 -16 -17 17 -19 -20 -21 -22 -23 -24 25 -26 -27 -28 -29
leaf_value=-5.6316174915858666 1.4825045551124374 3.8960078304464165 5.0322423494779134 21.267543538411459 -6.5107235590616845 16.277679443359375 -6.1156805038452156 0.44182660526965023 0.10859772820269394 -8.8082942199707031 -1.6045678435691766 4.972824160257975 -0.26155399584935773 -0.14457020025986891 -1.5299439091767584 -1.2844231073793613 -0.42127720117568979 -4.7315911974225724 2.2170957814963139 25.700511932373043 1.1063101291656494 -3.4063866257667543 0.52220557386439947 -6.2174810791015629 -4.2711268107096352 -5.4014073491096504 -5.5935836791992175 0.32744285662968958
leaf_weight=14.000000000000002 19 22.000000000000004 13.000000000000002 2.9999999999999991 6.0000000000000018 4.9999999999999991 3.9999999999999991 53 107 4.9999999999999991 42 5.9999999999999991 27 12.999999999999998 56 38 3.9999999999999982 7 61 4 43 3.9999999999999991 63 4.9999999999999991 11.999999999999998 32 4 5.9999999999999991
leaf_count=14 19 22 13 3 6 5 4 53 107 5 42 6 27 13 56 38 4 7 61 4 43 4 63 5 12 32 4 6
internal_value=-0.0197315 1.25519 4.21664 9.81486 -2.56957 6.18891 0.488017 -1.46585 -0.242611 -0.991483 -2.37092 1.51776 0.99055 2.44384 -1.83566 -0.279025 -4.58309 -3.1642 2.46388 23.8007 0.394609 -5.18887 0.744714 -5.30204 -5.0037 -5.51169 -6.14387 -0.154464
internal_weight=678 452 93 34 226 27 359 159 210 138 47 149 59 26 60 91 21 11 67 7 150 67 82 63 26 37 10 33
internal_count=678 452 93 34 226 27 359 159 210 138 47 149 59 26 60 91 21 11 67 7 150 67 82 63 26 37 10 33
is_linear=0
shrinkage=0.05


Tree=19
num_leaves=22
num_cat=0
split_feature=2 3 1 4 8 0 2 1 9 4 1 2 0 4 0 0 0 0 5 1 1
split_gain=776548 453486 699135 365398 155002 96956.4 83108.7 70977.2 42227.9 20339 15168.8 9265.48 5669.95 4059.8 10390.2 26368.7 643.394 358.752 52.7853 59.2363 0.848536
threshold=14646.790000000003 0.94381230176377218 34551.805 44810.000000000007 2.5000000000000004 31029.200000000004 5701.2800000000016 13811.195000000002 1.0000000180025095e-35 40910.000000000007 19901.600000000002 19324.490000000002 34200.400000000001 37010.000000000007 30174.800000000003 29516.650000000005 31258.450000000004 35955.05000000001 6.5000000000000009 12706.545000000004 10528.665000000001
decision_type=2 2 2 2 2 2 2 2 2 2 2 2 2 2 2 2 2 2 2 2 2
left_child=1 2 4 12 5 -1 -6 13 10 -10 11 -9 -3 14 15 -2 -16 -5 20 -20 -15
right_child=7 3 -4 17 6 -7 -8 8 9 -11 -12 -13 -14 18 16 -17 -18 -19 19 -21 -22
leaf_value=-3.2629301849164465 -6.363340123494468 15.487124938964847 19.016218872070311 0.46244192918141674 1.7691688869769377 -0.38153289886457581 0.22570935202927533 -0.53594178896058675 -3.4992115461826319 -8.70676778157552 -4.2076241254806517 -3.4980580409367885 18.236657206217441 -5.0736808776855451 -5.1289495468139634 -0.16218450069427487 -6.0975996653238917 1.1857537746429443 -5.1404581160772409 -5.3084097726004469 -5.0918464024861656
leaf_weight=38 2.9999999999999982 4.9999999999999982 4.9999999999999991 3 138 126 237 22.000000000000007 5 3 3.9999999999999991 2.9999999999999991 3 10.000000000000002 4 4 3 4 21.000000000000004 6.9999999999999991 18
leaf_count=38 3 5 5 3 138 126 237 22 5 3 4 3 3 10 4 4 3 4 21 7 18
internal_value=-0.104875 0.642095 0.405616 9.2184 0.232976 -1.04917 0.793702 -4.00727 -2.23599 -5.45205 -1.34881 -0.891396 16.5182 -4.94351 -4.18195 -2.81982 -5.54409 0.875763 -5.1339 -5.18245 -5.08536
internal_weight=666 559 544 15 539 164 375 107 37 8 29 25 8 70 14 7 7 7 56 28 28
internal_count=666 559 544 15 539 164 375 107 37 8 29 25 8 70 14 7 7 7 56 28 28
is_linear=0
shrinkage=0.05


Tree=20
num_leaves=16
num_cat=0
split_feature=3 2 4 3 4 4 4 8 4 4 4 3 4 0 3
split_gain=753671 593866 219439 204003 144172 453173 97447.1 83463.4 62814.9 34956.7 29509.5 49493.1 18261.1 11644.1 4754.27
threshold=0.94381230176377218 15528.090000000002 44810.000000000007 0.806075818856542 44395.000000000007 44810.000000000007 39905.000000000007 2.5000000000000004 42195.000000000007 41855.000000000007 37740.000000000007 0.43258782955984726 36372.500000000007 34795.200000000004 0.49498775579658444
decision_type=2 2 2 2 2 2 2 2 2 2 2 2 2 2 2
left_child=1 3 13 7 6 -6 -5 8 -1 10 11 -3 -9 -2 -12
right_child=2 9 -4 4 5 -7 -8 12 -10 -11 14 -13 -14 -15 -16
leaf_value=-2.6308236754129806 14.696959533691411 -4.6419923146565747 0.69078979492187509 2.1961204134319958 11.451224034173149 0.96441351511539564 -0.092032455640534569 0.65819574304801576 -0.20049274447171586 -0.0089540684223175047 -4.8908609951243687 -0.38494040397080509 -0.2696351559819482 18.316293716430661 -6.9390179951985678
leaf_weight=63 4.9999999999999982 18.000000000000004 2.9999999999999991 76 13.999999999999998 39 120 85 46 4.9999999999999991 51 10.999999999999998 141 4 2.9999999999999991
leaf_count=63 5 18 3 76 14 39 120 85 46 5 51 11 141 4 3
internal_value=-0.0182888 -0.240077 12.4019 0.336908 1.42085 3.73451 0.79521 -0.468766 -1.60518 -4.06916 -4.31375 -3.02725 0.0793278 16.3056 -5.00465
internal_weight=684 672 12 584 249 53 196 335 109 88 83 29 226 9 54
internal_count=684 672 12 584 249 53 196 335 109 88 83 29 226 9 54
is_linear=0
shrinkage=0.05


Tree=21
num_leaves=27
num_cat=0
split_feature=1 7 4 1 0 4 7 4 3 0 4 1 4 7 7 0 1 6 1 4 0 6 2 3 0 4
split_gain=687086 552734 779077 365455 90802.8 84031.7 77946.4 186336 146713 66232.7 65480.7 39423.4 33369.8 22864.3 17695.5 16222.2 13850.4 28593.2 10255.8 9831.89 9301.47 8903.18 4299.67 2441.13 1897.34 1409.2
threshold=29225.640000000003 5.5000000000000009 44810.000000000007 16672.945000000003 30107.100000000002 39497.500000000007 1.0000000180025095e-35 44395.000000000007 0.90829003447373313 36988.150000000009 41515.000000000007 21784.965000000007 39715.000000000007 2.5000000000000004 4.5000000000000009 28904.150000000005 14562.200000000003 31.500000000000004 20924.060000000005 42977.500000000007 34795.200000000004 23.500000000000004 1847.3950000000002 0.43258782955984726 38478.250000000007 32370.000000000004
decision_type=2 2 2 2 2 2 2 2 2 2 2 2 2 2 2 2 2 2 2 2 2 2 2 2 2 2
left_child=3 6 9 13 15 11 7 19 -9 20 -7 -6 25 -1 -14 21 23 -18 -17 -2 -3 -5 -4 -15 -24 -8
right_child=1 2 22 4 5 10 12 8 -10 -11 -12 -13 14 16 -16 18 17 -19 -20 -21 -22 -23 24 -25 -26 -27
leaf_value=-0.74662889480590833 1.7719289692965419 14.165644226074221 0.9855229902267455 -5.3389346122741683 -0.50523872666060921 -2.1848699843061383 3.1743605083889421 16.280375385284426 4.9501443672180176 23.335969543457022 -0.20653988113999366 1.2321178896086558 0.39544625819384399 -4.702676967698701 1.9477245157179626 0.7513762950897217 -0.62252624375479571 -5.5731290960311881 -2.5467024216936398 -0.39428707599639889 17.40047912597656 -2.7910134792327881 -1.8888961235682165 -3.9319665652055011 -0.11063053607940672 2.4080924246046282
leaf_weight=4.9999999999999991 11 4.9999999999999982 5 8.0000000000000018 45 58 9.0000000000000018 3.9999999999999991 9.9999999999999982 4.0000000000000009 150 119 91 49 23 2.9999999999999991 6.9999999999999982 5 10.999999999999998 10 4 5.9999999999999991 3 12.999999999999998 3 18
leaf_count=5 11 5 5 8 45 58 9 4 10 4 150 119 91 49 23 3 7 5 11 10 4 6 3 13 3 18
internal_value=0.116399 2.57786 9.69596 -0.911352 -0.297586 -0.0909063 1.60721 3.71918 8.18735 17.9826 -0.75819 0.755404 1.08297 -4.01903 0.708625 -3.04347 -4.24014 -2.68528 -1.83997 0.740398 15.6033 -4.24697 -0.0973605 -4.54108 -0.999763 2.66352
internal_weight=679 200 24 479 400 372 176 35 14 13 208 164 141 79 114 28 74 12 14 21 9 14 11 62 6 27
internal_count=679 200 24 479 400 372 176 35 14 13 208 164 141 79 114 28 74 12 14 21 9 14 11 62 6 27
is_linear=0
shrinkage=0.05


Tree=22
num_leaves=19
num_cat=0
split_feature=3 3 1 3 1 8 4 4 3 6 4 1 1 1 1 7 3 1
split_gain=534309 431520 240560 189113 120940 75709.4 46537.6 41119.4 34562.5 26180.5 22408.7 20346.2 6997.31 6304.18 11451.7 1316.69 733.807 90.0127
threshold=0.55962860622981347 0.94381230176377218 34551.805 0.95149920690134537 27585.270000000004 2.5000000000000004 37740.000000000007 39497.500000000007 0.43258782955984726 31.500000000000004 41515.000000000007 14562.200000000003 33058.890000000007 10528.665000000001 8405.4350000000013 5.5000000000000009 0.38964243867835385 12990.730000000001
decision_type=2 2 2 2 2 2 2 2 2 2 2 2 2 2 2 2 2 2
left_child=6 2 4 12 5 -2 8 -6 13 15 11 17 -3 14 -1 -10 -15 -8
right_child=1 3 -4 -5 7 -7 10 -9 9 -11 -12 -13 -14 16 -16 -17 -18 -19
leaf_value=-5.423957824707033 -1.4499668735478606 13.212370910644536 11.256274948120117 1.0426504611968992 2.4052748776496724 0.16798038511883981 -4.3693442233773165 0.75936491400911121 -0.40824678154552663 -4.282922945022583 -0.79352684728801259 -8.1033563613891602 16.266833496093746 -4.6196472167968734 -1.33734655380249 0.72791774347424509 -5.65412082672119 -4.5760773340860998
leaf_weight=2.9999999999999982 112 4.9999999999999982 4.9999999999999991 4 47 204 43 197 17.000000000000007 4.9999999999999991 3.9999999999999991 3.9999999999999991 3 3 4 2.9999999999999991 4 5.9999999999999991
leaf_count=3 112 5 5 4 47 204 43 197 17 5 4 4 3 3 4 3 4 6
internal_value=-0.037689 0.536965 0.337692 9.91941 0.240204 -0.405469 -3.4916 1.0764 -2.16071 -1.04684 -4.40221 -4.67456 14.3578 -4.14976 -3.08875 -0.237822 -5.21077 -4.39466
internal_weight=673 577 565 12 560 316 96 244 39 25 57 53 8 14 7 20 7 49
internal_count=673 577 565 12 560 316 96 244 39 25 57 53 8 14 7 20 7 49
is_linear=0
shrinkage=0.05


Tree=23
num_leaves=24
num_cat=0
split_feature=0 3 6 3 4 3 5 2 2 3 4 5 0 0 4 6 7 7 0 0 7 4 3
split_gain=576943 385812 349155 157590 311028 96477 140833 158193 72093.4 62745.9 68270 81292.4 50592 40949.2 33366.4 27621.7 26221.5 25831.3 12790.7 4513.12 4334.51 1266.67 352.763
threshold=31741.200000000004 0.91192175573261536 30.500000000000004 0.94381230176377218 44810.000000000007 0.8401688281267311 7.5000000000000009 5889.4850000000015 15700.975 0.45955488530753758 39905.000000000007 7.5000000000000009 29664.950000000001 36918.700000000004 39497.500000000007 25.500000000000004 4.5000000000000009 1.5000000000000002 31451.800000000003 31370.650000000005 2.5000000000000004 27195.000000000004 0.43598371976033495
decision_type=2 2 2 2 2 2 2 2 2 2 2 2 2 2 2 2 2 2 2 2 2 2 2
left_child=9 5 3 13 -5 8 17 -8 14 20 11 12 -11 -3 -2 18 -10 -7 -12 -17 -1 -22 -23
right_child=1 2 -4 4 -6 6 7 -9 16 10 15 -13 -14 -15 -16 19 -18 -19 -20 -21 21 22 -24
leaf_value=-2.4358016967773439 0.70343553407392545 2.4366225907677102 21.164076741536462 14.094685702853731 0.54504972100257865 2.4964429971117243 17.032772318522134 0.79531612396240214 -2.0702382644148245 -3.2968348329717467 -5.9655385530911929 -7.723891639709473 0.55369833670556545 -3.6311941941579189 -0.3487856711114421 -1.0322474559148156 -6.5242925643920904 0.73936872311006085 -2.3435713926951092 -3.4074094772338861 -3.2805271148681641 -4.1616184711456299 -4.6029285430908207
leaf_weight=3.9999999999999991 122 38 2.9999999999999991 9 8 26 2.9999999999999991 3 19.000000000000004 10.999999999999998 13.000000000000005 3.9999999999999991 38 2.9999999999999991 197 5.9999999999999982 3.9999999999999991 107 2.9999999999999991 3 3.9999999999999991 48 4.9999999999999991
leaf_count=4 122 38 3 9 8 26 3 3 19 11 13 4 38 3 197 6 4 107 3 3 4 48 5
internal_value=0.0482048 0.78521 4.53119 3.67087 7.71839 0.310147 1.42089 8.91404 -0.141296 -2.82558 -1.88614 -0.870193 -0.310707 1.99264 0.0536312 -4.03994 -2.84486 1.08286 -5.28642 -1.82397 -4.02685 -4.1385 -4.20325
internal_weight=681 542 61 58 17 481 139 6 342 139 78 53 49 41 319 25 23 133 16 9 61 57 53
internal_count=681 542 61 58 17 481 139 6 342 139 78 53 49 41 319 25 23 133 16 9 61 57 53
is_linear=0
shrinkage=0.05


Tree=24
num_leaves=23
num_cat=0
split_feature=0 3 4 3 6 3 1 3 4 4 7 4 5 0 1 0 6 3 4 3 4 0
split_gain=471880 263955 238544 149718 122184 324888 75459.6 55819.3 50627.9 34585.7 34092.2 26356.7 26118.6 26172.2 13265.7 7933.56 5536.99 3327.41 2874.85 1421.45 2238.39 894.82
threshold=31741.200000000004 0.94381230176377218 44810.000000000007 0.8352216264376231 30.500000000000004 0.90006183347766566 14562.200000000003 0.55962860622981347 37740.000000000007 39715.000000000007 4.5000000000000009 39497.500000000007 7.5000000000000009 28904.150000000005 17922.340000000004 35212.500000000007 29.500000000000004 0.82590824454398948 27195.000000000004 0.45955488530753758 37740.000000000007 35955.05000000001
decision_type=2 2 2 2 2 2 2 2 2 2 2 2 2 2 2 2 2 2 2 2 2 2
left_child=6 3 15 7 9 -6 18 10 14 -5 -2 -9 13 -10 16 -3 -8 -16 -1 20 -20 -4
right_child=1 2 21 4 5 -7 8 11 12 -11 -12 -13 -14 -15 17 -17 -18 -19 19 -21 -22 -23
leaf_value=-2.4526133219401043 -1.3638880275762999 11.888476257324221 -0.18344661394755041 2.356313849336062 2.7911459425320988 20.168704732259116 -0.66299890428781483 0.69144377430471093 -4.0057621887751989 0.64411936557489979 -5.5451750755310059 -0.29686779884262554 -5.9723255062103275 -1.4478256644521441 0.54537651734426607 15.140871683756508 -3.1818223635355634 2.3599691708882649 -4.8201778411865241 -2.9838061332702637 -3.9530479874721793 0.95889582633972159
leaf_weight=2.9999999999999991 26 4.9999999999999982 3 39 26.000000000000004 2.9999999999999991 8.0000000000000018 104 13.999999999999998 121 5.9999999999999991 192 4.9999999999999991 35 16.000000000000004 3 2.9999999999999991 2.9999999999999991 8.9999999999999982 2.9999999999999991 43 4
leaf_count=3 26 5 3 39 26 3 8 104 14 121 6 192 5 35 16 3 3 3 9 3 43 4
internal_value=-0.0120051 0.671504 7.21002 0.481799 1.6027 4.58882 -2.57276 -0.164087 -1.615 1.06147 -2.14788 0.0503768 -2.52993 -2.17866 0.0318824 13.1081 -1.34995 0.831891 -3.95986 -4.04207 -4.10313 0.46932
internal_weight=674 532 15 517 189 29 142 328 84 160 32 296 54 49 30 8 11 19 58 55 52 7
internal_count=674 532 15 517 189 29 142 328 84 160 32 296 54 49 30 8 11 19 58 55 52 7
is_linear=0
shrinkage=0.05


Tree=25
num_leaves=26
num_cat=0
split_feature=1 7 4 1 0 4 4 6 0 4 4 4 1 6 2 2 1 0 4 2 7 1 4 1 4
split_gain=473184 273968 574688 250855 71894.8 61793.5 220715 112235 50684.5 48356.9 51689.4 46492.5 43176.4 41211.5 30027.3 8392.14 8043.18 7686.89 7426.37 6739.42 6579.93 1292.89 9497.6 896.835 865.228
threshold=30075.535000000003 5.5000000000000009 44810.000000000007 14562.200000000003 30587.250000000004 44395.000000000007 44860.000000000007 30.500000000000004 36988.150000000009 39497.500000000007 42277.500000000007 42977.500000000007 21784.965000000007 31.500000000000004 8824.5750000000025 1754.8400000000004 33638.100000000006 34795.200000000004 39715.000000000007 3787.1750000000006 2.5000000000000004 12706.545000000004 37010.000000000007 31208.100000000002 27195.000000000004
decision_type=2 2 2 2 2 2 2 2 2 2 2 2 2 2 2 2 2 2 2 2 2 2 2 2 2
left_child=3 5 8 20 13 11 7 -7 17 12 -11 18 -6 14 -5 -4 -17 -3 -2 -13 -1 24 -23 -8 -22
right_child=1 2 15 4 9 6 23 -9 -10 10 -12 19 -14 -15 -16 16 -18 -19 -20 -21 21 22 -24 -25 -26
leaf_value=-1.8271838951110841 2.3590820014476779 11.497585296630859 1.0007664442062376 -2.6104362351474943 -0.62542827587436756 3.9946848027846387 0.26344714760780313 11.17649725675583 19.591359329223625 -1.4559716188779444 0.071358490952827633 -0.22160408231947148 1.0705901673896525 -7.0860278129577638 0.59692209482192993 -0.40237556099891658 -3.8272314707438144 14.699020894368486 1.1467280910412472 -2.0316057840983075 -4.6505247751871748 -0.81234283447265632 -4.0608637491861979 -0.55669072955846788 -3.7741419667782994
leaf_weight=4.9999999999999991 15.999999999999998 5 4 27 54 17.000000000000004 4.0000000000000027 7.9999999999999991 4.0000000000000009 93 137 9.0000000000000018 123 3.9999999999999991 9.9999999999999982 4 3 3 60 11.999999999999998 2.9999999999999991 2.9999999999999991 8.9999999999999982 20 46
leaf_count=5 16 5 4 27 54 17 4 8 4 93 137 9 123 4 10 4 3 3 60 12 3 3 9 20 46
internal_value=0.0615226 2.35668 7.4288 -0.693111 -0.269144 1.55765 3.00493 6.29286 14.9959 -0.0681076 -0.546214 0.826549 0.553161 -2.2648 -1.74358 -0.826194 -1.87017 12.6981 1.40196 -1.25589 -3.57095 -3.71388 -3.24873 -0.420001 -3.8278
internal_weight=683 169 23 514 448 146 49 25 12 407 230 97 177 41 37 11 7 8 76 21 66 61 12 24 49
internal_count=683 169 23 514 448 146 49 25 12 407 230 97 177 41 37 11 7 8 76 21 66 61 12 24 49
is_linear=0
shrinkage=0.05


Tree=26
num_leaves=26
num_cat=0
split_feature=0 3 6 3 3 1 1 4 4 4 0 1 6 6 7 3 6 4 0 6 7 0 6 4 3
split_gain=437104 290825 377141 128805 170841 63192.9 46148 49000.2 33764 46371.9 32164.1 30955.4 28954.7 23735.6 23634.6 60423.5 17574.4 16422.9 10702.9 7982.43 5936.17 3797.78 3040.96 7550.68 3960.17
threshold=31741.200000000004 0.90461791971710481 30.500000000000004 0.94381230176377218 0.95010034532205467 25568.555000000004 17161.335000000003 39905.000000000007 36372.500000000007 36090.000000000007 29664.950000000001 34532.410000000011 33.500000000000007 25.500000000000004 1.5000000000000002 0.81593684789338217 30.500000000000004 32370.000000000004 31451.800000000003 23.500000000000004 2.5000000000000004 31370.650000000005 31.500000000000004 37740.000000000007 0.38964243867835385
decision_type=2 2 2 2 2 2 2 2 2 2 2 2 2 2 2 2 2 2 2 2 2 2 2 2 2
left_child=6 5 3 11 -5 8 20 10 9 -2 19 -3 -10 18 15 -7 -12 -16 -9 -8 -1 -15 23 -22 -24
right_child=1 2 -4 4 -6 14 7 13 12 -11 16 -13 -14 21 17 -17 -18 -19 -20 -21 22 -23 24 -25 -26
leaf_value=-1.7358245944976809 -0.19271509058591796 1.8914225188286409 18.611791229248048 11.791901111602785 0.63074833949406939 0.23752507251210331 -4.2581425476074219 -5.4758587750521563 -0.64219350475817927 3.4633247722278946 0.63231233774588036 -3.3505726019541422 -2.8470234173185687 -0.76887945731480933 2.2125542700290679 3.2196850229953897 -2.9030897617340088 0.30895668524936798 -2.1066584904988606 -1.7664446433385212 -1.7918233735220774 -2.7578551769256587 -3.6830417887369786 -3.5752719781337641 -5.4536725044250494
leaf_weight=4.9999999999999991 41 46 3.9999999999999991 7.9999999999999982 6 41 4.9999999999999991 11.000000000000002 120 10.999999999999998 29 2.9999999999999991 17 5.9999999999999982 11.999999999999998 29 3.9999999999999991 203 2.9999999999999991 8.9999999999999982 6.9999999999999991 4 15.000000000000002 39 3.9999999999999991
leaf_count=5 41 46 4 8 6 41 5 11 120 11 29 3 17 6 12 29 4 203 3 9 7 4 15 39 4
internal_value=-0.00549777 0.640724 3.72419 2.77894 7.00855 0.204875 -2.48497 -1.5868 -0.50406 0.580678 -0.648171 1.57048 -0.915786 -3.42496 0.675011 1.47299 0.203779 0.415204 -4.75389 -2.65634 -3.39597 -1.56447 -3.52367 -3.30388 -4.05581
internal_weight=682 541 67 63 14 474 141 71 189 52 47 49 137 24 285 70 33 215 14 14 70 10 65 46 19
internal_count=682 541 67 63 14 474 141 71 189 52 47 49 137 24 285 70 33 215 14 14 70 10 65 46 19
is_linear=0
shrinkage=0.05


Tree=27
num_leaves=19
num_cat=0
split_feature=1 1 4 2 0 0 2 4 6 1 2 8 2 0 4 6 1 1
split_gain=355405 196839 288288 193344 88615.1 85588.8 50788.8 45742.1 13414.2 28823 7747.92 1941.24 2008.41 1540.94 731.409 483.118 350.485 4.82003
threshold=16672.945000000003 34551.805 44810.000000000007 1847.3950000000002 35514.150000000001 31842.600000000002 5701.2800000000016 39905.000000000007 30.500000000000004 14562.200000000003 17429.540000000005 2.5000000000000004 18375.850000000002 34200.400000000001 37010.000000000007 26.500000000000004 12990.730000000001 10528.665000000001
decision_type=2 2 2 2 2 2 2 2 2 2 2 2 2 2 2 2 2 2
left_child=8 3 -3 4 13 7 -7 -5 9 14 -10 17 -13 -2 -1 -11 -16 -12
right_child=1 2 -4 5 -6 6 -8 -9 10 15 11 12 -14 -15 16 -17 -18 -19
leaf_value=-2.6268156846364339 10.205854797363285 17.681201934814457 -0.327801866531372 -0.56372325619061792 0.48246033986409498 1.0411306428343223 -0.010596030818996953 -3.041888070989538 -6.4887456258138023 -0.52840624809265146 -3.4179916381835938 -5.3719011942545549 -3.925493462880453 11.808425649007159 -3.3638104512141305 0.20882341563701626 -3.7877628962198893 -3.356763305664062
leaf_weight=2.9999999999999991 2.9999999999999982 3.9999999999999982 5 60 3 179 320 27 2.9999999999999991 4.9999999999999982 8.9999999999999982 3.0000000000000009 11.999999999999998 3 26 4 5.9999999999999991 5.0000000000000009
leaf_count=3 3 4 5 60 3 179 320 27 3 5 9 3 12 3 26 4 6 5
internal_value=-0.0684017 0.337075 7.6762 0.226063 7.49891 0.114364 0.366677 -1.33281 -3.29087 -2.72438 -4.0698 -3.81956 -4.21478 11.0071 -3.37332 -0.200749 -3.4433 -3.39612
internal_weight=680 604 9 595 9 586 499 87 76 44 32 29 15 6 35 9 32 14
internal_count=680 604 9 595 9 586 499 87 76 44 32 29 15 6 35 9 32 14
is_linear=0
shrinkage=0.05


Tree=28
num_leaves=27
num_cat=0
split_feature=0 3 3 3 5 6 3 2 7 0 4 6 6 4 2 6 2 0 5 7 0 7 4 0 3 0
split_gain=376958 231521 137045 126665 259317 49378.1 41085.5 35314.4 32565.6 31740.3 30859.9 33660.4 29905.7 15301.7 11538.4 10689.7 7065.77 6419.64 5495.32 4461.59 2590.29 2323.2 898.463 242.79 211.465 34.5829
threshold=31741.200000000004 0.94381230176377218 0.95149920690134537 0.84572870162632074 7.5000000000000009 30.500000000000004 0.55962860622981347 7363.1350000000011 1.0000000180025095e-35 29799.400000000005 37740.000000000007 31.500000000000004 29.500000000000004 39497.500000000007 13101.420000000002 23.500000000000004 13341.465000000002 34795.200000000004 5.5000000000000009 1.5000000000000002 30776.800000000003 2.5000000000000004 38752.500000000007 33575.55000000001 0.91192175573261536 36498.100000000013
decision_type=2 2 2 2 2 2 2 2 2 2 2 2 2 2 2 2 2 2 2 2 2 2 2 2 2 2
left_child=7 3 17 6 5 -5 12 9 16 15 11 -10 -2 -8 -12 24 -9 23 21 -17 -18 -11 -20 -3 -1 -4
right_child=1 2 25 4 -6 -7 13 8 10 18 14 -13 -14 -15 -16 19 20 -19 22 -21 -22 -23 -24 -25 -26 -27
leaf_value=-3.7603392918904577 0.17237606211142101 9.3456034342447953 0.97243094444274902 0.88367945559217898 12.759734802246093 3.6634988003306916 0.50733163168838435 1.231722221374512 -0.24677765115218997 2.753327814737955 -4.5995033301805197 -4.1798361063003542 -3.1035506261022467 -0.21847490506867567 -3.1702785990454938 -2.1541206985712056 -0.27437807718912754 12.496427917480466 0.48413515488306669 -0.10894601643085478 -2.3521518707275386 0.99332776069641104 -0.61037411212921144 9.9817250569661429 -4.3540077209472647 0.73235158920288068
leaf_weight=3.0000000000000027 11.000000000000002 2.9999999999999982 2.9999999999999991 142 4.9999999999999991 18 111 4.9999999999999982 17.000000000000004 3 19 7.9999999999999991 19 210 55 7.9999999999999982 3 3 3 4 3 5 5 3 3 3
leaf_count=3 11 3 3 142 5 18 111 5 17 3 19 8 19 210 55 8 3 3 3 4 3 5 5 3 3 3
internal_value=-0.033071 0.582246 6.70571 0.404238 1.54681 1.19641 -0.13287 -2.30205 -2.73737 -0.893666 -3.02414 -1.50536 -1.90238 0.0325049 -3.53724 -2.33399 -0.156453 10.6079 0.726697 -1.4724 -1.31326 1.65333 -0.199933 9.66366 -4.05717 0.852391
internal_weight=675 531 15 516 165 160 351 144 110 34 99 25 30 321 74 18 11 9 16 12 6 8 8 6 6 6
internal_count=675 531 15 516 165 160 351 144 110 34 99 25 30 321 74 18 11 9 16 12 6 8 8 6 6 6
is_linear=0
shrinkage=0.05


Tree=29
num_leaves=25
num_cat=0
split_feature=2 3 4 4 1 0 0 4 4 4 4 2 4 1 3 4 0 6 0 2 0 6 0 3
split_gain=277405 175076 99634.9 173639 102615 61550.1 31336.7 74210.5 44501.7 23225.8 19437.3 15650.8 13935.8 14000.9 9277.46 8866.01 11051.9 8309.36 12713.1 12031.3 4483.06 2871.71 1523.29 759.973
threshold=14646.790000000003 0.925146242178572 44395.000000000007 44810.000000000007 32401.260000000002 30225.100000000002 37542.900000000009 44395.000000000007 39497.500000000007 41855.000000000007 36662.500000000007 18231.955000000005 39905.000000000007 20705.695000000003 0.95149920690134537 42977.500000000007 31892.050000000003 33.500000000000007 33777.750000000007 19932.670000000002 30174.800000000003 32.500000000000007 28566.550000000003 0.55962860622981347
decision_type=2 2 2 2 2 2 2 2 2 2 2 2 2 2 2 2 2 2 2 2 2 2 2 2
left_child=1 5 15 4 -4 12 8 -8 -7 10 11 21 13 -1 -5 16 -3 18 -12 -19 -13 -2 -14 -11
right_child=9 2 3 14 -6 6 7 -9 -10 23 17 20 22 -15 -16 -17 -18 19 -20 -21 -22 -23 -24 -25
leaf_value=-4.2988945007324144 0.2689023123847113 -0.76970892371609678 4.858737647533415 -2.9116711616516113 13.148222787039622 0.74003245438095833 -0.14309402287006379 4.8305185616016395 -0.26693656922565767 1.1356344540913901 -3.0996164194468796 -1.5871032714843754 -3.6379376093546547 -0.96961993495623278 0.76659395694732657 -0.68492593884468089 2.1093369340896611 -7.0676555633544913 -0.84387517230851317 -3.0624444961547845 -3.5473635537283759 -1.341226807050407 -5.2313028971354152 0.010191621383031207
leaf_weight=4.0000000000000062 9.0000000000000018 4.0000000000000062 8.0000000000000018 2.9999999999999991 6.9999999999999991 174 20 11.999999999999998 297 2.9999999999999991 58 4.9999999999999982 2.9999999999999991 14.999999999999998 4 4.9999999999999991 20 3 6.9999999999999991 5 7 3.9999999999999991 3 3
leaf_count=4 9 4 8 3 7 174 20 12 297 3 58 5 3 15 4 5 20 3 7 5 7 4 3 3
internal_value=-0.0692681 0.357797 3.15534 5.69267 8.72716 0.08758 0.207932 1.72201 0.105065 -2.44687 -2.63175 -1.42847 -2.3339 -1.67052 -0.809805 1.23046 1.6295 -3.04384 -2.85669 -4.5644 -2.73059 -0.226522 -4.43462 0.572913
internal_weight=683 579 51 22 15 528 503 32 471 104 98 25 25 19 7 29 24 73 65 8 12 13 6 6
internal_count=683 579 51 22 15 528 503 32 471 104 98 25 25 19 7 29 24 73 65 8 12 13 6 6
is_linear=0
shrinkage=0.05


Tree=30
num_leaves=24
num_cat=0
split_feature=0 3 6 3 3 3 0 4 4 1 4 1 0 4 6 0 6 4 1 6 0 0 0
split_gain=282823 227792 181564 88634.4 123456 46116.3 31685.8 25883.5 42041.4 23448.4 22379.1 39495.4 31574.7 21565.7 15316.2 9883.64 6400.49 17457.2 10600.9 5292.47 2928.67 2165.53 321.401
threshold=31370.650000000005 0.91549908087248266 30.500000000000004 0.94381230176377218 0.95010034532205467 0.66672406602374301 37025.000000000007 39497.500000000007 43672.500000000007 15046.350000000002 40095.000000000007 18771.350000000002 28904.150000000005 39295.000000000007 33.500000000000007 31193.550000000003 31.500000000000004 37740.000000000007 15395.200000000003 23.500000000000004 31093.100000000002 32727.400000000005 30587.250000000004
decision_type=2 2 2 2 2 2 2 2 2 2 2 2 2 2 2 2 2 2 2 2 2 2 2
left_child=10 5 3 6 -5 9 -3 13 -9 21 11 16 19 -7 -11 -14 17 -1 -18 -13 22 -2 -12
right_child=1 2 -4 4 -6 7 -8 8 -10 14 20 12 15 -15 -16 -17 18 -19 -20 -21 -22 -23 -24
leaf_value=-0.54717842936515815 -2.1495389938354501 1.9438119871714818 15.449658966064455 9.7639265272352436 0.50468033154805503 0.74711730389131448 -3.4104471067587534 -0.33334632566651784 0.96983102669799204 -0.29923081463317813 -4.8306025187174493 -3.7078624486923228 0.22059543935521955 2.9026835514948921 -1.992122718691826 -2.7849719047546388 -2.9997308429918785 -2.895116454676578 -6.1980068206787111 -1.7434044599533078 -3.2832188526789339 -3.794810485839843 -5.5624960581461576
leaf_weight=9.9999999999999982 2.9999999999999982 35 2.9999999999999991 8.9999999999999982 5.9999999999999991 108 2.9999999999999991 185 93 81 2.9999999999999982 7.9999999999999982 31 12.999999999999998 15.999999999999998 2.9999999999999991 19.000000000000004 38 2.9999999999999991 6 3 6 3
leaf_count=10 3 35 3 9 6 108 3 185 93 81 3 8 31 13 16 3 19 38 3 6 3 6 3
internal_value=-0.0248107 0.45753 3.48312 2.80576 6.06023 0.122019 1.52111 0.368293 0.102609 -0.804992 -2.15546 -1.97216 -0.867495 0.978707 -0.578471 -0.0446017 -2.72964 -2.40596 -3.43586 -2.86595 -4.55877 -3.24639 -5.19655
internal_weight=688 561 56 53 15 505 38 399 278 106 127 118 48 121 97 34 70 48 22 14 9 9 6
internal_count=688 561 56 53 15 505 38 399 278 106 127 118 48 121 97 34 70 48 22 14 9 9 6
is_linear=0
shrinkage=0.05


Tree=31
num_leaves=21
num_cat=0
split_feature=1 1 3 0 0 1 6 7 7 8 6 0 0 1 6 8 1 3 0 6
split_gain=267012 141939 94603.6 60974.4 60273.3 47897 39274.4 31620.8 29566 30759.9 24693 18194.6 17571.5 17337.4 7568.18 20952.8 11623 5668.04 2754.78 1961.64
threshold=23418.605000000003 34821.465000000004 0.94381230176377218 30776.800000000003 35292.950000000004 30075.535000000003 30.500000000000004 1.0000000180025095e-35 4.5000000000000009 3.5000000000000004 30.500000000000004 29224.650000000005 35955.05000000001 13811.195000000002 31.500000000000004 3.5000000000000004 15395.200000000003 0.66276267982074399 29799.400000000005 29.500000000000004
decision_type=2 2 2 2 2 2 2 2 2 2 2 2 2 2 2 2 2 2 2 2
left_child=3 2 5 7 -4 11 -7 18 13 10 -10 -2 -6 -5 15 -9 -16 -15 -1 -11
right_child=1 -3 4 8 12 6 -8 14 9 19 -12 -13 -14 17 16 -17 -18 -19 -20 -21
leaf_value=-0.15320594787597655 -3.7690174102783205 9.0773157501220716 9.2394070434570335 -4.0188317616780607 -0.89948148727416977 0.77374723583964977 2.7024531695443921 -2.7547249775666458 -1.8023421248968905 0.41650881096720699 -5.041246117485894 0.14572467186678481 4.512159824371337 -0.35768570653597515 -2.9792889065212669 0.36580348312854771 -5.9590067863464355 0.5896475613117218 1.7633122762044267 -0.69075207114219672
leaf_weight=5 2.9999999999999991 4.9999999999999991 4.9999999999999982 2.9999999999999991 3 118 34 52 17.000000000000004 7.9999999999999991 8.9999999999999982 279 3 75 18.000000000000004 5.9999999999999991 3.9999999999999991 20 3 7.9999999999999991
leaf_count=5 3 5 5 3 3 118 34 52 17 8 9 279 3 75 18 6 4 20 3 8
internal_value=-0.00638316 0.699905 0.605777 -1.40037 5.18501 0.489714 1.20517 -2.43171 -0.752107 -1.86202 -2.9235 0.104078 1.80634 -0.276428 -2.73143 -2.43191 -3.52106 -0.158247 0.565488 -0.137122
internal_weight=678 450 445 228 11 434 152 88 140 42 26 282 6 98 80 58 22 95 8 16
internal_count=678 450 445 228 11 434 152 88 140 42 26 282 6 98 80 58 22 95 8 16
is_linear=0
shrinkage=0.05


end of trees

feature_importances:
thermal_on_capacity=161
total_load=143
net_load=113
thermal_space_load_ratio=87
renewable_power=69
weekday=57
period=47
hour=21
month=19
is_weekend=1

parameters:
[boosting: gbdt]
[objective: regression]
[metric: rmse]
[tree_learner: serial]
[device_type: cpu]
[data_sample_strategy: bagging]
[data: ]
[valid: ]
[num_iterations: 400]
[learning_rate: 0.05]
[num_leaves: 31]
[num_threads: 0]
[seed: 42]
[deterministic: 0]
[force_col_wise: 0]
[force_row_wise: 0]
[histogram_pool_size: -1]
[max_depth: 5]
[min_data_in_leaf: 3]
[min_sum_hessian_in_leaf: 0.001]
[bagging_fraction: 0.85]
[pos_bagging_fraction: 1]
[neg_bagging_fraction: 1]
[bagging_freq: 1]
[bagging_seed: 400]
[bagging_by_query: 0]
[feature_fraction: 0.85]
[feature_fraction_bynode: 1]
[feature_fraction_seed: 30056]
[extra_trees: 0]
[extra_seed: 12879]
[early_stopping_round: 0]
[early_stopping_min_delta: 0]
[first_metric_only: 0]
[max_delta_step: 0]
[lambda_l1: 0]
[lambda_l2: 0]
[linear_lambda: 0]
[min_gain_to_split: 0]
[drop_rate: 0.1]
[max_drop: 50]
[skip_drop: 0.5]
[xgboost_dart_mode: 0]
[uniform_drop: 0]
[drop_seed: 17869]
[top_rate: 0.2]
[other_rate: 0.1]
[min_data_per_group: 100]
[max_cat_threshold: 32]
[cat_l2: 10]
[cat_smooth: 10]
[max_cat_to_onehot: 4]
[top_k: 20]
[monotone_constraints: ]
[monotone_constraints_method: basic]
[monotone_penalty: 0]
[feature_contri: ]
[forcedsplits_filename: ]
[refit_decay_rate: 0.9]
[cegb_tradeoff: 1]
[cegb_penalty_split: 0]
[cegb_penalty_feature_lazy: ]
[cegb_penalty_feature_coupled: ]
[path_smooth: 0]
[interaction_constraints: ]
[verbosity: -1]
[saved_feature_importance_type: 0]
[use_quantized_grad: 0]
[num_grad_quant_bins: 4]
[quant_train_renew_leaf: 0]
[stochastic_rounding: 1]
[linear_tree: 0]
[max_bin: 255]
[max_bin_by_feature: ]
[min_data_in_bin: 3]
[bin_construct_sample_cnt: 200000]
[data_random_seed: 175]
[is_enable_sparse: 1]
[enable_bundle: 1]
[use_missing: 1]
[zero_as_missing: 0]
[feature_pre_filter: 1]
[pre_partition: 0]
[two_round: 0]
[header: 0]
[label_column: ]
[weight_column: ]
[group_column: ]
[ignore_column: ]
[categorical_feature: ]
[forcedbins_filename: ]
[precise_float_parser: 0]
[parser_config_file: ]
[objective_seed: 16083]
[num_class: 1]
[is_unbalance: 0]
[scale_pos_weight: 1]
[sigmoid: 1]
[boost_from_average: 1]
[reg_sqrt: 0]
[alpha: 0.9]
[fair_c: 1]
[poisson_max_delta_step: 0.7]
[tweedie_variance_power: 1.5]
[lambdarank_truncation_level: 30]
[lambdarank_norm: 1]
[label_gain: ]
[lambdarank_position_bias_regularization: 0]
[eval_at: ]
[multi_error_top_k: 1]
[auc_mu_weights: ]
[num_machines: 1]
[local_listen_port: 12400]
[time_out: 120]
[machine_list_filename: ]
[machines: ]
[gpu_platform_id: -1]
[gpu_device_id: -1]
[gpu_use_dp: 0]
[num_gpu: 1]

end of parameters

pandas_categorical:[]
