tree
version=v4
num_class=1
num_tree_per_iteration=1
label_index=0
max_feature_idx=10
objective=regression
feature_names=total_load net_load renewable_power thermal_space_load_ratio thermal_on_capacity hour period weekday month is_weekend is_holiday
feature_infos=[31325.099999999999:48277.599999999999] [13380.389999999999:45874.959999999999] [1144.03:19845.43] [0.41387726832827804:0.97282505160491894] [27170:49115] [18:21] [73:88] [0:6] [1:5] [0:1] none
tree_sizes=2550 2636 2503 2307 2549 2713 2679 2539 2530 2399 2579 2596 2394 2485 2584 2701 2623 2338

Tree=0
num_leaves=28
num_cat=0
split_feature=2 4 4 4 2 1 0 0 4 8 1 4 4 7 1 2 4 8 2 4 2 6 7 0 0 1 0
split_gain=3.08718e+07 1.30088e+07 6.7999e+06 6.05215e+06 4.47745e+06 2.27452e+06 1.21274e+06 1.18707e+06 1.06827e+06 704413 1.03524e+06 616433 609596 521889 1.20618e+06 350837 192579 166143 105262 20936.7 10160.9 5081.64 2481.57 2188.92 2184.86 1953.48 10.1662
threshold=4178.1050000000005 48480.000000000007 42910.000000000007 48055.000000000007 7103.5900000000011 18694.775000000005 47427.900000000001 39498.000000000007 37979.500000000007 2.5000000000000004 23298.560000000005 36212.500000000007 38272.500000000007 1.0000000180025095e-35 36640.885000000002 5195.2300000000005 48702.000000000007 2.5000000000000004 13548.720000000001 48097.000000000007 4143.3350000000009 75.500000000000014 3.5000000000000004 44144.100000000006 46091.650000000001 16741.995000000003 47427.900000000001
decision_type=2 2 2 2 2 2 2 2 2 2 2 2 2 2 2 2 2 2 2 2 2 2 2 2 2 2 2
left_child=1 2 8 7 6 12 13 -4 11 10 -7 -1 25 14 -2 -15 20 -10 -11 -5 23 26 -14 -3 -23 -6 -18
right_child=4 16 3 19 5 9 -8 -9 17 18 -12 -13 22 15 -16 -17 21 -19 -20 -21 -22 24 -24 -25 -26 -27 -28
leaf_value=367.66051535322555 372.53841055835028 408.25830128113432 381.49146755933765 369.02095497197308 363.00680103699369 352.61689646982012 402.27480030457178 395.48372774143843 365.08868995640017 366.68309720399697 364.09060627758765 379.50511486600431 352.44720122416817 371.81999793366367 398.0376015130679 368.61380687180309 416.72480030457177 369.95600111919708 365.07436406070093 371.46326410792494 406.23750049988428 415.37689159097096 351.6502302754493 409.73780079285302 413.85463225444158 364.31420109192533 416.85496794780096
leaf_weight=13.999999999999998 64 4.9999999999999982 18 12.999999999999998 3.9999999999999991 21 2.9999999999999991 96 27 412 308 51 14.999999999999998 127 4.9999999999999991 260 3.0000000000000027 50 135 27 4.9999999999999991 10.999999999999998 28 5 2.9999999999999991 9.9999999999999982 3
leaf_count=14 64 5 18 13 4 21 3 96 27 412 308 51 15 127 5 260 3 50 135 27 5 11 28 5 3 10 3
internal_value=369.809 383.534 380.126 387.403 366.546 364.557 370.589 393.274 372.234 365.186 363.358 376.954 354.879 370.38 374.386 369.666 412.36 368.249 366.286 370.67 408.078 415.572 351.928 408.998 415.051 363.941 416.79
internal_weight=1723 331 296 154 1392 933 459 114 142 876 329 65 57 456 69 387 35 77 547 40 15 20 43 10 14 14 6
internal_count=1723 331 296 154 1392 933 459 114 142 876 329 65 57 456 69 387 35 77 547 40 15 20 43 10 14 14 6
is_linear=0
shrinkage=1


Tree=1
num_leaves=29
num_cat=0
split_feature=3 1 7 2 7 2 2 1 3 5 2 7 5 8 1 1 7 1 8 8 0 6 8 6 3 7 7 2
split_gain=3.3144e+07 7.71939e+06 8.24326e+06 3.81918e+06 2.93925e+06 3.89551e+06 2.01117e+06 1.95686e+06 763158 1.253e+06 726398 1.08282e+06 591897 570795 788494 548025 569769 987364 540711 378194 671824 340031 272072 228853 113587 59454.3 1974.41 1682.09
threshold=0.89668659002975404 37346.735000000008 1.0000000180025095e-35 7103.5900000000011 5.5000000000000009 3613.9550000000004 2686.1700000000005 18694.775000000005 0.91270604387814402 19.500000000000004 3390.6550000000002 3.5000000000000004 20.500000000000004 2.5000000000000004 23298.560000000005 41262.280000000006 1.0000000180025095e-35 36640.885000000002 3.5000000000000004 2.5000000000000004 35458.350000000006 73.500000000000014 4.5000000000000009 73.500000000000014 0.63306663155280962 4.5000000000000009 3.5000000000000004 17068.350000000002
decision_type=2 2 2 2 2 2 2 2 2 2 2 2 2 2 2 2 2 2 2 2 2 2 2 2 2 2 2 2
left_child=3 10 8 15 6 -6 -4 18 9 -3 19 21 -13 14 -9 16 17 -1 26 25 -21 -12 -18 -10 -15 -2 -5 -20
right_child=1 2 4 7 5 -7 -8 13 23 -11 11 12 -14 24 -16 -17 22 -19 27 20 -22 -23 -24 -25 -26 -27 -28 -29
leaf_value=2.8246794394935879 -4.6407982219349249 43.780582682291673 44.468821907043463 -16.698818333943688 0.048042122055502505 31.915604452653369 28.217684310484444 -16.780374055750229 15.090534528096519 -1.9177143732706701 20.137892627716067 15.510475964016386 36.96657287597656 -4.9247850032523282 -5.7072296528397386 18.762909984588624 -0.9200123993694943 28.366120147705079 -4.9907100677490241 20.310458483014788 4.0749098165774011 4.5533032451357158 4.3709326466688747 0.73177341496622239 -3.219082364371078 0.83893190986580302 -17.461408365183864 -6.2038990402221685
leaf_weight=70 11 2.9999999999999991 32 11.999999999999998 17 22 47 17 2.9999999999999991 3 3.9999999999999991 8.9999999999999982 4.9999999999999991 128 296 3.9999999999999991 371 3.9999999999999991 3.9999999999999991 6.9999999999999991 71 28 26 37 411 9 29 9.9999999999999982
leaf_count=70 11 3 32 12 17 22 47 17 3 3 4 9 5 128 296 4 371 4 4 7 71 28 26 37 411 9 29 10
internal_value=0.00731781 14.8396 22.2569 -3.29828 29.2559 18.0246 34.8004 -5.20043 4.30295 20.9314 6.39212 11.5755 23.1734 -4.61035 -6.30865 0.333818 0.177307 4.2053 -14.3412 3.95912 5.53195 6.50138 -0.573502 1.80868 -3.62415 -2.17492 -17.2382 -5.85727
internal_weight=1690 308 164 1382 118 39 79 907 46 6 144 46 14 852 313 475 471 74 55 98 78 32 397 40 539 20 41 14
internal_count=1690 308 164 1382 118 39 79 907 46 6 144 46 14 852 313 475 471 74 55 98 78 32 397 40 539 20 41 14
is_linear=0
shrinkage=0.05


Tree=2
num_leaves=27
num_cat=0
split_feature=3 4 4 4 2 1 2 0 4 8 1 4 7 3 4 3 2 3 0 4 0 7 6 6 6 0
split_gain=3.09962e+07 9.46743e+06 4.7396e+06 5.21253e+06 3.22086e+06 1.98623e+06 1.71625e+06 1.07126e+06 1.01653e+06 571606 761761 470700 361399 380942 355631 233638 117610 84503.8 76775.6 17177.2 6979 2310.72 1354.78 4276.31 846.912 326.196
threshold=0.89668659002975404 48480.000000000007 42910.000000000007 48055.000000000007 7297.9000000000005 18694.775000000005 1289.2800000000002 47427.900000000001 37979.500000000007 2.5000000000000004 23298.560000000005 36212.500000000007 1.0000000180025095e-35 0.87035219537695263 38272.500000000007 0.85977503366770625 3738.0300000000002 0.62909277242435935 35458.350000000006 48097.000000000007 44144.100000000006 3.5000000000000004 75.500000000000014 78.500000000000014 74.500000000000014 45077.05000000001
decision_type=2 2 2 2 2 2 2 2 2 2 2 2 2 2 2 2 2 2 2 2 2 2 2 2 2 2
left_child=4 2 8 6 7 14 -4 12 11 10 -7 -2 13 -1 24 -14 22 -11 -10 -5 -18 -16 -3 -24 -6 -22
right_child=1 16 3 19 5 9 -8 -9 18 17 -12 -13 15 -15 21 -17 20 -19 -20 -21 25 -23 23 -25 -26 -27
leaf_value=2.0374263447981615 -2.4056154674953887 42.214514770507783 37.664631942113246 -1.1538779056941471 -6.2739351908365899 -15.644551086425782 19.605265608179238 29.698114013671876 -4.478163792536809 -4.5911542803107297 -5.5533337669240108 9.979038671346812 -1.7911662216697419 16.359533004760745 -15.864669227600098 0.58297843648628755 33.373576354980479 -3.1062463517811669 -0.11584228886498345 1.14749312004447 35.701164754231762 -16.617904990059991 40.194271341959613 41.829108683268231 -5.3346800804138175 36.438497924804679
leaf_weight=65 8.9999999999999982 5.0000000000000027 14.999999999999998 11.999999999999998 5.9999999999999982 20 107 2.9999999999999991 12.999999999999998 128 288 52 252 4.9999999999999991 15.999999999999998 176 3.9999999999999982 381 45 25 3 28 6.0000000000000027 11.999999999999998 4 3
leaf_count=65 9 5 15 12 6 20 107 3 13 128 288 52 252 5 16 176 4 381 45 25 3 28 6 12 4 3
internal_value=-0.0543418 14.1978 11.1921 16.8401 -3.28496 -5.12229 21.8257 -0.0907085 3.64563 -4.50844 -6.20861 8.15179 -0.270159 3.06043 -14.4096 -0.814882 39.5182 -3.47966 -1.0936 0.401103 34.9913 -16.344 41.4864 41.2842 -5.89823 36.0698
internal_weight=1683 311 278 159 1372 871 122 501 119 817 308 61 498 70 54 428 33 509 58 37 10 44 23 18 10 6
internal_count=1683 311 278 159 1372 871 122 501 119 817 308 61 498 70 54 428 33 509 58 37 10 44 23 18 10 6
is_linear=0
shrinkage=0.05


Tree=3
num_leaves=25
num_cat=0
split_feature=3 4 3 2 7 4 4 1 0 4 3 4 7 1 7 4 4 4 0 2 6 6 7 0
split_gain=2.9834e+07 9.99894e+06 5.92459e+06 2.93063e+06 2.54248e+06 2.16069e+06 3.80303e+06 1.54098e+06 950606 755417 420079 404693 394506 392826 184958 165521 163232 155444 19165.8 8606.26 5156.68 1989.02 1544.88 1541.82
threshold=0.89668659002975404 48480.000000000007 0.96795623959240618 7103.5900000000011 5.5000000000000009 42910.000000000007 48055.000000000007 17573.410000000003 47427.900000000001 37979.500000000007 0.67090716744903089 38272.500000000007 1.0000000180025095e-35 36640.885000000002 4.5000000000000009 38272.500000000007 39497.500000000007 48702.000000000007 41446.000000000007 4143.3350000000009 86.500000000000014 75.500000000000014 3.5000000000000004 44144.100000000006
decision_type=2 2 2 2 2 2 2 2 2 2 2 2 2 2 2 2 2 2 2 2 2 2 2 2
left_child=3 2 5 8 18 9 -7 15 12 -2 11 -9 13 -1 -14 -5 -12 19 -4 23 21 -19 -17 -3
right_child=1 17 4 7 -6 6 -8 10 -10 -11 16 -13 14 -15 -16 22 -18 20 -20 -21 -22 -23 -24 -25
leaf_value=2.7436546912116389 7.38296571459089 33.05612670898438 51.206592559814467 -5.7539222717285163 -1.3764868100484213 18.361057650546233 0.46850782476885372 -3.9645293680613474 28.213208007812501 -1.0285867092656156 -2.5942202940054822 -7.6948134740893268 -0.047708633551230797 21.269171142578127 -2.655284956166911 -15.072471400669642 -4.2578732316162213 40.440465545654227 47.260427246093741 31.136366577148436 37.223925781250003 39.219086914062501 -15.750546046665736 34.297825317382809
leaf_weight=62 56 4.9999999999999982 7.9999999999999982 4.9999999999999991 2.9999999999999991 96 43 149 2.9999999999999991 51 282 142 325 2.9999999999999991 86 13.999999999999998 309 4.0000000000000062 5 4.9999999999999991 2.9999999999999991 20 21 5
leaf_count=62 56 5 8 5 3 96 43 149 3 51 282 142 325 3 86 14 309 4 5 5 3 20 21 5
internal_value=0.064167 14.2628 10.6321 -3.01676 40.1141 8.71462 12.826 -4.66505 0.155937 3.37372 -4.22974 -5.78481 -0.0208943 3.59868 -0.593333 -14.2636 -3.46405 36.9111 49.6888 32.8301 39.1783 39.4227 -15.4793 33.677
internal_weight=1705 304 262 1401 16 246 139 922 479 107 882 291 476 65 411 40 591 42 13 15 27 24 35 10
internal_count=1705 304 262 1401 16 246 139 922 479 107 882 291 476 65 411 40 591 42 13 15 27 24 35 10
is_linear=0
shrinkage=0.05


Tree=4
num_leaves=28
num_cat=0
split_feature=3 1 7 7 2 2 2 1 0 2 7 7 3 3 8 1 8 8 5 0 7 6 0 3 7 7 1
split_gain=2.56772e+07 6.32404e+06 5.6461e+06 3.65629e+06 3.71546e+06 3.017e+06 1.71337e+06 1.57537e+06 822753 786603 897391 648892 618226 573878 477949 678648 376631 364640 245165 243365 205123 151414 109071 93605.6 24883.2 2194.95 1543.25
threshold=0.89871319217609968 37346.735000000008 1.0000000180025095e-35 5.5000000000000009 3568.5750000000003 6663.0300000000016 2686.1700000000005 18694.775000000005 47427.900000000001 3390.6550000000002 5.5000000000000009 1.0000000180025095e-35 0.90639841435367619 0.87035219537695263 2.5000000000000004 23670.615000000009 2.5000000000000004 3.5000000000000004 19.500000000000004 36326.850000000006 4.5000000000000009 73.500000000000014 39317.850000000006 0.62909277242435935 4.5000000000000009 3.5000000000000004 16741.995000000003
decision_type=2 2 2 2 2 2 2 2 2 2 2 2 2 2 2 2 2 2 2 2 2 2 2 2 2 2 2
left_child=5 9 12 6 -5 8 -4 17 11 16 18 13 -3 -1 15 -9 24 25 -11 -18 -13 -14 -12 -16 -2 -7 -19
right_child=1 2 3 4 -6 7 -8 14 -10 10 22 20 21 -15 23 -17 19 26 -20 -21 -22 -23 -24 -25 -26 -27 -28
leaf_value=3.2845365449494004 -4.3577712467738561 25.226116561889651 39.173178439670146 -1.4743133046410302 26.699401718139651 -14.319026511056084 24.677627273823354 -14.022470565069291 26.802548217773438 2.8611659616231915 31.171982574462898 0.36545893455918971 10.851171079277993 16.979129452175567 -4.1945159839630133 -4.7549829633028304 10.049713287353516 -5.9294190724690763 12.8410551071167 2.9292530449231471 -2.4926829282148386 0.56683972258778181 20.094743728637695 -2.6529416767864262 -0.86214265823364244 -15.085794285365516 -4.6199443393283417
leaf_weight=51 14 2.9999999999999991 36 22 25 13.999999999999998 47 21 2.9999999999999991 16.000000000000004 3.9999999999999982 279 3.9999999999999991 8.9999999999999982 125 333 14.999999999999998 2.9999999999999991 9.9999999999999982 60 81 34 5 464 8 28 8.9999999999999982
leaf_count=51 14 3 36 22 25 14 47 21 3 16 4 279 4 9 125 333 15 3 10 60 81 34 5 464 8 28 9
internal_value=-0.00764694 13.2061 19.5526 24.6549 13.5117 -2.82719 30.9649 -4.32838 0.71108 4.98444 11.41 0.524713 3.37453 5.33873 -3.85277 -5.30475 2.66593 -12.634 6.69958 4.35335 -0.277623 1.6494 25.018 -2.9801 -3.08663 -14.8302 -4.94731
internal_weight=1723 303 171 130 47 1420 83 997 423 132 35 420 41 60 943 354 97 54 26 75 360 38 9 589 22 42 12
internal_count=1723 303 171 130 47 1420 83 997 423 132 35 420 41 60 943 354 97 54 26 75 360 38 9 589 22 42 12
is_linear=0
shrinkage=0.05


Tree=5
num_leaves=29
num_cat=0
split_feature=3 4 4 4 2 4 3 4 7 0 8 4 8 0 0 0 4 5 4 3 0 4 2 6 0 7 2 6
split_gain=2.27326e+07 8.96469e+06 3.03478e+06 3.92893e+06 2.6757e+06 1.31861e+06 1.16952e+06 646451 495024 614518 392768 520251 370497 1.83157e+06 387997 329474 305591 132231 124295 79936 55132.7 25794.7 7845.99 1858.72 1789.36 1132.67 975.515 497.186
threshold=0.89668659002975404 48480.000000000007 42910.000000000007 48055.000000000007 6663.0300000000016 44065.000000000007 0.51818809205189487 37979.500000000007 1.0000000180025095e-35 42420.000000000007 2.5000000000000004 39052.500000000007 4.5000000000000009 38336.700000000004 46473.05000000001 34603.750000000007 36212.500000000007 19.500000000000004 48702.000000000007 0.63306663155280962 35458.350000000006 48097.000000000007 4143.3350000000009 86.500000000000014 44144.100000000006 3.5000000000000004 2634.7500000000005 73.500000000000014
decision_type=2 2 2 2 2 2 2 2 2 2 2 2 2 2 2 2 2 2 2 2 2 2 2 2 2 2 2 2
left_child=4 2 7 5 8 -4 15 16 9 17 11 -8 14 -14 -10 25 -2 -1 22 -12 -9 -5 24 26 -3 -6 -20 -17
right_child=1 18 3 21 6 -7 10 20 12 -11 19 -13 13 -15 -16 27 -18 -19 23 -21 -22 -23 -24 -25 -26 -27 -28 -29
leaf_value=6.699329295754433 -2.6850415706634525 29.85122375488282 43.343698120117189 -1.4878805683209348 -13.601789311000282 17.089663559523498 -10.900918688918606 -4.0233991182767426 -0.56532605216369869 27.18275604248047 -3.8994171359322287 -4.2941379266375446 0.38690404330982875 42.762082926432299 9.4352522611618053 -5.3848596572875982 7.840018387794494 1.7200366965929668 35.343163827749379 -2.5078588600642586 -0.29725546609787717 1.1924575263056263 28.244578857421875 34.326124064127605 31.216477457682288 -14.17709295099432 35.968328857421874 -4.7252860641479497
leaf_weight=24 7.9999999999999991 3.9999999999999982 4.9999999999999991 12.999999999999998 13.999999999999998 110 33 12.999999999999998 322 2.9999999999999991 132 307 17.000000000000004 2.9999999999999991 9.9999999999999982 3.9999999999999991 50 30 13.000000000000005 473 42 29 4.9999999999999991 2.9999999999999991 6 22 11.999999999999998 9.9999999999999982
leaf_count=24 8 4 5 13 14 110 33 13 322 3 132 307 17 3 10 4 50 30 13 473 42 29 5 3 6 22 12 10
internal_value=0.145934 12.3308 8.9539 13.4511 -2.57049 18.2311 -3.96993 2.70559 0.834021 5.15672 -3.57563 -4.93538 0.134037 6.74318 -0.264104 -11.4223 6.38829 3.93306 33.5346 -2.81147 -1.17798 0.362829 29.8618 35.5021 30.6704 -13.9534 35.6432 -4.91374
internal_weight=1717 313 270 157 1404 115 995 113 409 57 945 340 352 20 332 50 58 54 43 605 55 42 15 28 10 36 25 14
internal_count=1717 313 270 157 1404 115 995 113 409 57 945 340 352 20 332 50 58 54 43 605 55 42 15 28 10 36 25 14
is_linear=0
shrinkage=0.05


Tree=6
num_leaves=29
num_cat=0
split_feature=3 4 2 7 3 4 4 1 4 7 0 1 3 4 4 3 7 4 4 3 2 7 0 0 1 2 2 0
split_gain=2.28989e+07 7.01154e+06 3.79448e+06 3.74721e+06 2.55073e+06 1.61209e+06 3.8224e+06 1.34383e+06 1.29712e+06 525327 1.01606e+06 360882 358067 317882 293461 244444 186799 142449 105855 20447.8 4755.14 1838.31 1489.56 3727.03 2488.67 917.581 599.154 9.88938
threshold=0.89999154235946099 48480.000000000007 1521.0700000000004 5.5000000000000009 0.82450856248706461 44735.000000000007 47845.000000000007 18694.775000000005 36767.500000000007 1.0000000180025095e-35 42631.400000000009 41262.280000000006 0.67688147405932231 38272.500000000007 38272.500000000007 0.86442406132025917 4.5000000000000009 39497.500000000007 48702.000000000007 0.96921056895659119 4143.3350000000009 3.5000000000000004 46091.650000000001 47427.900000000001 41262.280000000006 18964.620000000006 4052.1900000000005 41672.600000000013
decision_type=2 2 2 2 2 2 2 2 2 2 2 2 2 2 2 2 2 2 2 2 2 2 2 2 2 2 2 2
left_child=4 2 3 19 7 8 -7 13 -4 10 15 16 14 25 -9 -6 -11 -14 20 -2 26 -15 24 -24 -20 -1 -3 -5
right_child=1 18 5 27 9 6 -8 12 -10 11 -12 -13 17 21 -16 -17 -18 -19 22 -21 -22 -23 23 -25 -26 -27 -28 -29
leaf_value=-4.1409113883972175 47.04355316162107 29.349839477539071 19.504696528116863 -2.3267131487528485 2.138768028874289 22.072259845183449 2.9916165790467897 -3.3049967526671398 2.1603598151566845 0.3952084260357564 33.208517964680986 14.905957973003389 -1.9977040148698368 -12.922654418945314 -6.3203795908363007 10.637125279903413 -2.3967186585852978 -3.5516432214666298 33.39643721147015 43.18222274780274 26.923022460937503 -13.604460117734712 32.074049377441405 34.405411783854156 34.486286926269536 -5.0043549346923824 28.575789184570308 -2.4550965627034498
leaf_weight=7.9999999999999982 6.0000000000000027 4.9999999999999982 11.999999999999998 2.9999999999999991 55 52 53 166 106 283 2.9999999999999991 3.9999999999999991 325 14.999999999999998 157 9.9999999999999982 76 270 11.000000000000005 7.9999999999999991 3.9999999999999991 29 3.9999999999999991 3 9.9999999999999982 5 5 3
leaf_count=8 6 5 12 3 55 52 53 166 106 283 3 4 325 15 157 10 76 270 11 8 4 29 4 3 10 5 5 3
internal_value=0.142578 13.066 9.80552 30.6687 -2.47703 7.93438 12.4411 -3.89297 3.92419 0.726093 4.75925 -0.0294292 -3.43042 -11.3424 -4.77068 3.44621 -0.19584 -2.70285 31.9299 44.8371 28.38 -13.372 33.7049 33.0732 33.9154 -4.47301 28.9628 -2.3909
internal_weight=1691 285 243 20 1406 223 105 975 118 431 68 363 918 57 323 65 359 595 42 14 14 44 28 7 21 13 10 6
internal_count=1691 285 243 20 1406 223 105 975 118 431 68 363 918 57 323 65 359 595 42 14 14 44 28 7 21 13 10 6
is_linear=0
shrinkage=0.05


Tree=7
num_leaves=28
num_cat=0
split_feature=3 1 7 7 2 3 2 2 7 8 1 0 3 2 8 3 8 0 6 6 1 7 7 2 2 7 1
split_gain=1.80273e+07 3.8344e+06 4.21648e+06 2.64609e+06 3.24193e+06 2.12409e+06 1.7021e+06 989245 1.03086e+06 962146 1.10278e+06 744162 544423 518334 743123 415123 338408 466858 270965 175613 104518 73251.2 39401.6 28892.2 27592 11444.3 2187.1
threshold=0.89668659002975404 37346.735000000008 1.0000000180025095e-35 5.5000000000000009 3568.5750000000003 0.76614188480635892 1700.4550000000002 3441.1350000000007 3.5000000000000004 2.5000000000000004 22892.660000000007 47427.900000000001 0.9111817302947337 6198.3850000000011 4.5000000000000009 0.90365035115897141 2.5000000000000004 35458.350000000006 73.500000000000014 73.500000000000014 28118.580000000005 2.5000000000000004 1.5000000000000002 7103.5900000000011 13907.110000000002 4.5000000000000009 17573.410000000003
decision_type=2 2 2 2 2 2 2 2 2 2 2 2 2 2 2 2 2 2 2 2 2 2 2 2 2 2 2
left_child=5 7 12 6 -5 9 -4 16 18 10 26 13 -3 14 -7 -10 25 -18 -9 -14 -12 22 -11 -15 -23 -2 -1
right_child=1 2 3 4 -6 11 -8 8 15 21 20 -13 19 23 -16 -17 17 -19 -20 -21 -22 24 -24 -25 -26 -27 -28
leaf_value=-12.562132510623417 -3.9760164642333984 23.309735393524171 42.696133305476266 -2.6041466073556379 25.210277442932131 0.38396469111023501 22.926486343412257 16.649169349670398 8.9611221949259399 -2.5471157445583814 -6.2444153441323174 24.245359802246096 12.890604209899903 -1.3208566887862982 13.62149724526839 24.860775844867415 15.10931215286255 2.3195794744925067 2.5493215395056685 0.32487567741619916 -4.091800235489667 -2.9105375893910725 -0.68839953460476622 -2.1754466078686439 -3.9349582737327644 -1.7207249085108438 -13.191664331609553
leaf_weight=37 15 2.9999999999999991 12.999999999999998 22 20 293 67 4.0000000000000027 6.0000000000000027 81 108 2.9999999999999991 2.9999999999999991 160 10.999999999999998 12.999999999999998 7.9999999999999991 66 23 38 118 150 44 259 117 9 22
leaf_count=37 15 3 13 22 20 293 67 4 6 81 108 3 3 160 11 13 8 66 23 38 118 150 44 259 117 9 22
internal_value=-0.0732704 10.8388 16.018 20.8036 10.6408 -2.48434 26.1391 4.86825 10.9171 -4.499 -6.70963 -0.605652 2.74878 -0.708768 0.862954 19.8398 2.02898 3.70225 4.63819 1.24432 -5.12048 -2.89178 -1.89285 -1.84911 -3.35944 -3.13028 -12.7969
internal_weight=1713 310 166 122 42 1403 80 144 46 677 285 726 44 723 304 19 98 74 27 41 226 392 125 419 267 24 59
internal_count=1713 310 166 122 42 1403 80 144 46 677 285 726 44 723 304 19 98 74 27 41 226 392 125 419 267 24 59
is_linear=0
shrinkage=0.05


Tree=8
num_leaves=27
num_cat=0
split_feature=3 4 3 2 7 4 4 4 0 4 0 2 8 8 4 1 4 4 0 2 2 2 0 2 0 1
split_gain=1.66523e+07 6.12727e+06 3.13622e+06 2.1343e+06 2.1099e+06 1.34907e+06 2.94504e+06 876017 802381 817163 656025 498237 723374 211460 140223 127420 108033 70762 15829.3 6078.25 3509.64 2393.19 1941.39 1918.32 1537.32 1531.72
threshold=0.89871319217609968 48480.000000000007 0.96795623959240618 8367.9150000000027 5.5000000000000009 42910.000000000007 44065.000000000007 36767.500000000007 34777.55000000001 38272.500000000007 47427.900000000001 6148.6900000000014 4.5000000000000009 2.5000000000000004 43067.500000000007 27584.740000000005 48702.000000000007 35865.000000000007 41446.000000000007 4143.3350000000009 2634.7500000000005 14186.185000000001 45802.900000000009 2480.4850000000001 44144.100000000006 22678.740000000005
decision_type=2 2 2 2 2 2 2 2 2 2 2 2 2 2 2 2 2 2 2 2 2 2 2 2 2 2
left_child=3 2 5 10 18 7 -7 -2 9 21 11 12 -1 15 -15 -10 19 -13 -4 24 23 -5 -22 -18 -3 -11
right_child=1 16 4 8 -6 6 -8 -9 13 25 -12 17 -14 14 -16 -17 20 -19 -20 -21 22 -23 -24 -25 -26 -27
leaf_value=0.62060101120702682 13.872077840169272 25.669360351562506 41.396589878627239 -2.9160036404927574 -2.0696638107299807 47.612941284179691 8.5029016069201528 0.92269760683215785 -6.0437974909077523 -12.212738869406962 23.033091735839847 0.15729876327164033 13.668089883977718 -2.8830239260265995 2.0555557346343996 -3.7337524071861719 30.945058865017348 -1.8376974169574034 37.713120117187493 24.225683593750002 31.358755493164065 -3.6895003000895183 32.827463785807296 29.629072570800783 26.984460449218744 -11.052540334065755
leaf_weight=310 14.999999999999998 3.9999999999999982 6.9999999999999982 30 3.9999999999999991 4.9999999999999991 129 101 92 55 2.9999999999999991 51 10.999999999999998 344 14.999999999999998 170 9.0000000000000018 346 5 4.9999999999999991 8.9999999999999982 14.999999999999998 2.9999999999999991 3.9999999999999991 5 2.9999999999999991
leaf_count=310 15 4 7 30 4 5 129 101 92 55 3 51 11 344 15 170 9 346 5 5 9 15 3 4 5 3
internal_value=0.0156431 10.6319 7.91833 -2.22516 29.3789 6.54485 9.96223 2.59719 -4.14278 -8.22991 -0.299565 -0.397055 1.06771 -3.46489 -2.67668 -4.54491 29.14 -1.58141 39.8618 25.6234 31.1093 -3.17384 31.7259 30.5401 26.4 -12.1527
internal_weight=1750 305 266 1445 16 250 134 116 724 103 721 718 321 621 359 262 39 397 12 14 25 45 12 13 9 58
internal_count=1750 305 266 1445 16 250 134 116 724 103 721 718 321 621 359 262 39 397 12 14 25 45 12 13 9 58
is_linear=0
shrinkage=0.05


Tree=9
num_leaves=26
num_cat=0
split_feature=3 4 7 4 2 0 3 4 4 4 7 1 0 4 3 8 8 1 4 4 4 4 4 7 2
split_gain=1.72822e+07 5.79469e+06 4.58902e+06 1.8971e+06 1.7947e+06 1.34213e+06 1.57458e+06 920524 1.14434e+06 881108 1.60653e+06 781732 571155 326739 306541 886101 269144 420796 259274 248513 86593.7 61766.9 19111.1 1990.07 1261.47
threshold=0.89871319217609968 44735.000000000007 1.0000000180025095e-35 48055.000000000007 7388.7300000000005 41365.950000000004 0.91658050436171268 48480.000000000007 45077.500000000007 36767.500000000007 2.5000000000000004 18694.775000000005 47427.900000000001 37979.500000000007 0.86876176642099323 4.5000000000000009 2.5000000000000004 23298.560000000005 38272.500000000007 35692.500000000007 48702.000000000007 43067.500000000007 48097.000000000007 3.5000000000000004 17068.350000000002
decision_type=2 2 2 2 2 2 2 2 2 2 2 2 2 2 2 2 2 2 2 2 2 2 2 2 2
left_child=4 5 3 -3 12 9 -7 8 -4 10 -2 18 14 -11 19 -16 17 -13 24 -1 -9 -18 -5 -20 -6
right_child=1 2 7 22 11 6 -8 20 -10 13 -12 16 -14 -15 15 -17 21 -19 23 -21 -22 -23 -24 -25 -26
leaf_value=1.8927717512500459 28.484851455688485 35.831909942626957 24.782162667172297 -1.9519911746184033 -3.2702984237670898 44.868057250976562 -3.0512386639912918 24.554398781912667 13.425011009865621 3.9041153797736534 -4.3145289284842354 -11.949038696289064 21.881437683105471 -1.8215406248750896 0.9917493160771228 19.135504886082241 -2.5656679248809819 -3.8513287550786091 -11.03557846069336 -1.4320641053391763 29.370490264892581 -0.32784279043024239 0.43292849404471262 -11.769728724161785 -4.2281266299161047
leaf_weight=69 7.9999999999999982 3.9999999999999991 42 11.999999999999998 4.9999999999999991 3.9999999999999991 3 13.999999999999998 47 39 7 17 2.9999999999999991 69 174 6.9999999999999991 470 285 14.999999999999998 303 28 33 28 24 10.999999999999998
leaf_count=69 8 4 42 12 5 4 3 14 47 39 7 17 3 69 174 7 470 285 15 303 28 33 28 24 11
internal_value=0.235379 11.0313 16.9714 3.00059 -2.09002 3.03515 24.3312 21.6638 18.7846 1.82318 13.1785 -3.52129 0.123818 0.246057 0.00578434 1.69344 -3.12726 -4.30716 -9.28851 -0.815361 27.7651 -2.41885 -0.282547 -11.4874 -3.92881
internal_weight=1721 305 175 44 1416 130 7 131 89 123 15 860 556 108 553 181 805 302 55 372 42 503 40 39 16
internal_count=1721 305 175 44 1416 130 7 131 89 123 15 860 556 108 553 181 805 302 55 372 42 503 40 39 16
is_linear=0
shrinkage=0.05


Tree=10
num_leaves=28
num_cat=0
split_feature=3 1 7 7 2 2 2 1 0 7 3 3 2 8 8 1 0 0 0 8 7 1 8 0 0 7 2
split_gain=1.33963e+07 3.15463e+06 3.97862e+06 2.97437e+06 2.22435e+06 1.68957e+06 1.29673e+06 715214 535091 492776 773762 442234 355936 528271 309305 436956 244484 653034 197316 101142 57529.3 23247.1 11828.1 5950.12 3407.53 874.939 465.081
threshold=0.89668659002975404 37346.735000000008 1.0000000180025095e-35 5.5000000000000009 3568.5750000000003 8367.9150000000027 1700.4550000000002 17573.410000000003 47427.900000000001 5.5000000000000009 0.91193047736323629 0.90639841435367619 6148.6900000000014 4.5000000000000009 2.5000000000000004 22892.660000000007 34839.100000000013 35458.350000000006 39856.30000000001 3.5000000000000004 2.5000000000000004 36731.505000000012 1.5000000000000002 34496.150000000009 39708.500000000007 3.5000000000000004 18964.620000000006
decision_type=2 2 2 2 2 2 2 2 2 2 2 2 2 2 2 2 2 2 2 2 2 2 2 2 2 2 2
left_child=5 9 11 6 -5 8 -4 19 12 16 18 -3 13 -1 15 -9 23 -18 -11 25 -16 -14 -13 -2 -12 -7 -21
right_child=1 2 3 4 -6 7 -8 14 -10 10 24 22 21 -15 20 -17 17 -19 -20 26 -22 -23 -24 -25 -26 -27 -28
leaf_value=0.48631601661143692 -3.6650009328668767 19.696250279744469 37.809642944335941 -3.3856309709094816 19.9134485244751 -10.487299397786458 21.476414690911771 -11.379094938798385 20.787365722656251 15.195273907979331 -2.9737945556640626 0.35515705432210654 -1.5108061285435477 11.643972099911084 -1.5890140575573857 -4.0359897838672625 21.544320755004886 3.0756008528172973 29.531848144531246 -3.3734305699666347 -2.8717422758364215 0.038517904510864842 -1.5210806111494701 -1.1528843243916831 -0.59068301220734898 -10.974087556203207 -4.2538483937581368
leaf_weight=298 10.999999999999998 2.9999999999999991 14.999999999999998 21 20 14.999999999999998 64 22 2.9999999999999991 5.9999999999999982 2.9999999999999991 28 352 10.999999999999998 133 256 4.9999999999999991 112 4 2.9999999999999991 255 26 11.999999999999998 2.9999999999999991 3 24 3
leaf_count=298 11 3 15 21 20 15 64 22 3 6 3 28 352 11 133 256 5 112 4 3 255 26 12 3 3 24 3
internal_value=0.0353107 9.44067 14.2306 18.9067 7.97977 -2.04582 24.5777 -3.75634 -0.283238 4.12939 12.4129 1.18093 -0.37525 0.883514 -3.34412 -4.6171 3.11767 3.86486 20.9299 -9.8571 -2.43204 -1.40424 -0.207714 -3.12669 -1.78224 -10.7869 -3.81364
internal_weight=1711 310 163 120 41 1401 79 711 690 147 16 43 687 309 666 278 131 117 10 45 388 378 40 14 6 39 6
internal_count=1711 310 163 120 41 1401 79 711 690 147 16 43 687 309 666 278 131 117 10 45 388 378 40 14 6 39 6
is_linear=0
shrinkage=0.05


Tree=11
num_leaves=28
num_cat=0
split_feature=3 4 3 3 7 7 4 1 0 7 0 8 8 1 4 6 4 3 0 0 0 6 0 7 3 0 0
split_gain=1.2737e+07 4.38193e+06 1.92673e+06 1.76051e+06 1.68223e+06 1.00971e+06 1.81804e+06 808041 429171 443233 807374 492974 267234 326630 195795 176614 73662.9 58667.4 23076.3 4697.85 4879.35 1831.64 2136.12 1592.41 996.809 294.392 9.78504
threshold=0.89999154235946099 48480.000000000007 0.96795623959240618 0.83152106125963487 5.5000000000000009 1.0000000180025095e-35 44735.000000000007 18694.775000000005 47427.900000000001 1.0000000180025095e-35 42631.400000000009 4.5000000000000009 2.5000000000000004 23670.615000000009 38272.500000000007 74.500000000000014 48702.000000000007 0.63306663155280962 41446.000000000007 44144.100000000006 42674.600000000013 75.500000000000014 42898.55000000001 3.5000000000000004 0.51818809205189487 45077.05000000001 47427.900000000001
decision_type=2 2 2 2 2 2 2 2 2 2 2 2 2 2 2 2 2 2 2 2 2 2 2 2 2 2 2
left_child=3 2 5 7 18 15 -7 14 9 10 -5 -11 13 -9 24 -2 19 -14 -4 20 -3 26 -23 -16 -1 -21 -18
right_child=1 16 4 8 -6 6 -8 12 -10 11 -12 -13 17 -15 23 -17 21 -19 -20 25 -22 22 -24 -25 -26 -27 -28
leaf_value=-3.8366760826110844 6.2958499932289129 22.938000488281258 36.297114345005589 3.3972077672941645 -3.298507118225098 3.7153743131991925 13.870096634529734 -10.329113324483236 19.747998046875001 -0.31301498846905679 30.009658304850262 9.6153044168765742 -2.9823297944935887 -3.4097289132086135 -9.9607511043548591 -1.0084109706183275 27.321514892578094 -1.7991806998056923 31.536414337158199 23.00479939778646 20.683526357014973 27.059419032505566 25.942107876864345 -10.586045919145857 -2.9027555942535401 23.705265808105466 27.449219258626297
leaf_weight=9.9999999999999982 9.9999999999999982 3.9999999999999982 6.9999999999999982 57 3.9999999999999991 109 74 18 2.9999999999999991 327 2.9999999999999991 12.999999999999998 132 325 15.999999999999998 48 3.0000000000000027 508 4 2.9999999999999991 6 7.0000000000000027 10.999999999999998 28 3.9999999999999991 3 3
leaf_count=10 10 4 7 57 4 109 74 18 3 327 3 13 132 325 16 48 3 508 4 3 6 7 11 28 4 3 3
internal_value=0.0379795 9.48657 7.08183 -1.89885 24.4688 5.99966 7.82166 -2.98511 0.907089 0.765782 4.72783 0.0665972 -2.64673 -3.77285 -8.71998 0.250944 24.8769 -2.04321 34.566 22.249 21.5853 26.6288 26.3766 -10.3587 -3.56984 23.355 27.3854
internal_weight=1740 296 256 1444 15 241 183 1041 403 400 60 340 983 343 58 58 40 640 11 16 10 24 18 44 14 6 6
internal_count=1740 296 256 1444 15 241 183 1041 403 400 60 340 983 343 58 58 40 640 11 16 10 24 18 44 14 6 6
is_linear=0
shrinkage=0.05


Tree=12
num_leaves=26
num_cat=0
split_feature=3 4 2 3 7 4 4 0 0 4 4 2 7 4 2 4 1 4 1 0 2 0 4 0 0
split_gain=1.10109e+07 4.68114e+06 2.52594e+06 1.25921e+06 1.23776e+06 1.06529e+06 1.98284e+06 528017 448119 434697 339324 265542 420155 130341 79147.6 74635.3 69997.6 50858 45805 43762 6318.47 4132.49 2184.66 1972.83 862.992
threshold=0.89871319217609968 48480.000000000007 1289.2800000000002 0.76249651606418645 5.5000000000000009 42910.000000000007 44065.000000000007 34777.55000000001 47427.900000000001 38272.500000000007 37979.500000000007 6148.6900000000014 1.0000000180025095e-35 39497.500000000007 18459.985000000004 48702.000000000007 22892.660000000007 35865.000000000007 25030.645000000008 41446.000000000007 4143.3350000000009 41714.600000000013 27195.000000000004 46780.150000000009 44531.850000000006
decision_type=2 2 2 2 2 2 2 2 2 2 2 2 2 2 2 2 2 2 2 2 2 2 2 2 2
left_child=3 2 4 7 19 10 -7 9 11 22 -4 12 -5 18 -15 20 -11 -13 -9 -2 24 -17 -1 -23 -3
right_child=1 15 5 8 -6 6 -8 13 -10 16 -12 17 -14 14 -16 21 -18 -19 -20 -21 -22 23 -24 -25 -26
leaf_value=-1.8203693707784017 34.996950276692708 21.308656311035165 4.0946993786309447 4.7662725412115767 -2.6535525639851887 42.630866241455081 6.8859168003811391 -2.7660389256003679 18.760597229003906 -9.9591502942537016 -1.4095521869137884 0.10204156184196472 -0.28269057785912372 -3.459385464408181 -6.4697316487630205 27.462429809570281 -3.7891510486602784 -1.5929947445299719 -1.4720288585186005 28.02382558186849 19.39413146972656 25.68827202536843 -2.7242019653320315 24.481125259399416 22.347280120849604
leaf_weight=8.9999999999999982 8.9999999999999982 3.9999999999999982 56 49 2.9999999999999991 3.9999999999999991 129 151 2.9999999999999991 57 56 50 259 242 24 3.0000000000000027 4.9999999999999991 385 125 2.9999999999999991 4 22.000000000000004 26 3.9999999999999991 4
leaf_count=9 9 4 56 49 3 4 129 151 3 57 56 50 259 242 24 3 5 385 125 3 4 22 26 4 4
internal_value=-0.0365519 8.63094 6.15484 -1.92024 26.0722 4.93541 7.96095 -3.54922 -0.524918 -6.9467 1.34257 -0.602787 0.520554 -2.94118 -3.731 24.333 -9.46157 -1.39816 -2.17998 33.2537 21.0167 25.7053 -2.49179 25.5026 21.828
internal_weight=1686 301 260 1385 15 245 133 639 746 97 112 743 308 542 266 41 62 435 276 12 12 29 35 26 8
internal_count=1686 301 260 1385 15 245 133 639 746 97 112 743 308 542 266 41 62 435 276 12 12 29 35 26 8
is_linear=0
shrinkage=0.05


Tree=13
num_leaves=27
num_cat=0
split_feature=3 4 3 7 3 4 4 4 8 4 0 2 8 4 2 4 0 2 4 4 0 2 0 0 0 2
split_gain=1.16718e+07 3.89195e+06 1.8352e+06 1.42817e+06 1.18535e+06 1.00464e+06 1.80879e+06 713121 548892 578814 428145 245288 520116 107395 86316 76722.3 74804.9 63003.2 54096.4 41180.8 19987.8 4759.06 3381.88 2350.51 1237.13 946.904
threshold=0.89668659002975404 48480.000000000007 0.96795623959240618 5.5000000000000009 0.76986101811680629 42910.000000000007 47710.000000000007 36767.500000000007 2.5000000000000004 39052.500000000007 46473.05000000001 6198.3850000000011 4.5000000000000009 43067.500000000007 18459.985000000004 48702.000000000007 47427.900000000001 11257.920000000002 35865.000000000007 39497.500000000007 41714.600000000013 4143.3350000000009 42001.850000000013 40540.950000000004 44693.100000000006 4052.1900000000005
decision_type=2 2 2 2 2 2 2 2 2 2 2 2 2 2 2 2 2 2 2 2 2 2 2 2 2 2
left_child=4 2 5 20 8 7 -7 -2 9 17 11 12 -6 19 -11 21 -12 -1 -13 -10 -4 25 -17 -15 -24 -3
right_child=1 15 3 -5 10 6 -8 -9 13 14 16 18 -14 23 -16 22 -18 -19 -20 -21 -22 -23 24 -25 -26 -27
leaf_value=-5.3527819893576885 11.90958206653595 21.162927551269537 30.210397338867196 -2.8451476097106934 0.12684230369026381 12.746582646634844 1.3633907196814556 0.54062346911430359 -2.0298718919683445 -3.3486913218790173 7.3779302477836612 0.24026489777767912 11.721532764434816 1.5524296215602333 -6.414729221050556 26.089307149251272 17.822567749023431 -9.4587986423123276 -1.5602896318683086 -3.4837268730689739 34.539199829101555 18.787124938964844 23.949733225504552 2.8481660842895504 24.667695617675783 20.189837646484374
leaf_weight=10.999999999999998 15.999999999999998 4.9999999999999982 7.9999999999999982 3.9999999999999991 295 90 57 100 304 196 3.9999999999999991 47 9.9999999999999982 6.9999999999999982 26 3.0000000000000027 3 62 371 58 4 4.9999999999999991 12.000000000000002 7 11.999999999999998 5
leaf_count=11 16 5 8 4 295 90 57 100 304 196 4 47 10 7 26 3 3 62 371 58 4 5 12 7 12 5
internal_value=0.124048 8.72385 6.58774 23.0287 -1.84636 5.58753 8.33269 2.10876 -3.36332 -4.97781 -0.452002 -0.57115 0.506996 -2.09663 -3.70778 22.9137 11.8542 -8.84008 -1.35783 -2.26281 31.6533 20.0466 24.5066 2.2003 24.3087 20.6764
internal_weight=1722 321 279 16 1401 263 147 116 671 295 730 723 305 376 222 42 7 73 418 362 12 15 27 14 24 10
internal_count=1722 321 279 16 1401 263 147 116 671 295 730 723 305 376 222 42 7 73 418 362 12 15 27 14 24 10
is_linear=0
shrinkage=0.05


Tree=14
num_leaves=28
num_cat=0
split_feature=3 4 3 3 7 2 4 0 8 0 2 7 3 0 0 8 1 0 4 4 3 3 2 5 2 0 0
split_gain=8.1608e+06 3.75243e+06 1.23324e+06 1.19079e+06 1.40541e+06 672092 872682 696669 558217 997730 535370 335452 575222 352290 194533 181949 328164 70046.7 63453.3 39084.5 24082.7 5561.15 5498.59 4181.31 3317.37 1831.02 330.825
threshold=0.89668659002975404 48480.000000000007 0.83281388960084424 0.96795623959240618 5.5000000000000009 3568.5750000000003 47710.000000000007 44203.350000000013 4.5000000000000009 38336.700000000004 15721.810000000003 1.0000000180025095e-35 0.86442406132025917 47427.900000000001 34363.950000000004 2.5000000000000004 24224.095000000001 44077.500000000007 48702.000000000007 43067.500000000007 0.96921056895659119 0.88753114510053865 4143.3350000000009 18.500000000000004 3282.6350000000007 45802.900000000009 45077.05000000001
decision_type=2 2 2 2 2 2 2 2 2 2 2 2 2 2 2 2 2 2 2 2 2 2 2 2 2 2 2
left_child=2 3 10 5 20 7 -7 -2 11 21 15 12 -4 -13 23 16 -1 -16 22 -17 -5 -10 26 -12 25 -20 -3
right_child=1 18 8 4 -6 6 -8 -9 9 -11 14 13 -14 -15 17 19 -18 -19 24 -21 -22 -23 -24 -25 -26 -27 -28
leaf_value=-8.8636878801428747 1.9220975180347282 19.701427714029951 2.1479516798387404 32.208603515625008 -2.7113689422607425 11.413972819068215 -2.9905698372767522 13.536624092715128 2.855081113179526 36.648059590657539 -7.5866754108005097 -0.28502176379323774 17.532959202357702 16.931439208984376 -3.5055872902037608 -1.7452456508311436 -2.6573443839947384 -7.2102378368377691 22.800015803745804 -0.22982829102699687 27.301190032958985 -0.1893530368804931 17.847767944335938 -8.8108808455928678 24.701226806640626 23.790420532226562 20.344491577148432
leaf_weight=23 166 5.9999999999999982 46 4.9999999999999982 4.9999999999999991 55 12.999999999999998 13.999999999999998 2.9999999999999982 3 8.9999999999999982 311 6.9999999999999991 2.9999999999999991 63 567 288 15.999999999999998 14.000000000000005 46 5 3 4.9999999999999991 31 3.9999999999999991 6.9999999999999991 3
leaf_count=23 166 6 46 5 5 55 13 14 3 3 9 311 7 3 63 567 288 16 14 46 5 3 5 31 4 7 3
internal_value=-0.0643963 7.39895 -1.65279 5.25272 18.9328 4.42529 8.66016 2.82545 0.802209 13.1046 -2.53781 0.500515 4.17993 -0.120533 -5.6944 -2.13128 -3.11633 -4.2559 21.8723 -1.63153 29.7549 1.33286 19.1772 -8.53543 23.3815 23.1302 19.9158
internal_weight=1721 302 1419 263 15 248 68 180 376 9 1043 367 53 314 119 924 311 79 39 613 10 6 14 40 25 21 9
internal_count=1721 302 1419 263 15 248 68 180 376 9 1043 367 53 314 119 924 311 79 39 613 10 6 14 40 25 21 9
is_linear=0
shrinkage=0.05


Tree=15
num_leaves=29
num_cat=0
split_feature=3 4 3 2 4 2 7 4 0 4 7 2 8 8 1 4 2 2 2 4 0 0 3 2 2 0 7 0
split_gain=8.36849e+06 2.94149e+06 1.54004e+06 1.08675e+06 1.91925e+06 1.04073e+06 912460 813350 440556 374464 251413 346133 497230 105515 91148 82743.1 50991 47328.9 28147.6 25580.2 24550.9 19834.7 8997.3 3071.18 1946.41 2426.43 1834.09 819.285
threshold=0.89999154235946099 48480.000000000007 0.96795623959240618 3643.2750000000001 45077.500000000007 8367.9150000000027 5.5000000000000009 44735.000000000007 34777.55000000001 38272.500000000007 4.5000000000000009 6198.3850000000011 4.5000000000000009 2.5000000000000004 28681.660000000007 43067.500000000007 4347.1000000000013 3738.0300000000002 11544.745000000001 35865.000000000007 43464.000000000007 41714.600000000013 0.89581748394159899 4143.3350000000009 3368.9850000000006 46091.650000000001 5.5000000000000009 44531.850000000006
decision_type=2 2 2 2 2 2 2 2 2 2 2 2 2 2 2 2 2 2 2 2 2 2 2 2 2 2 2 2
left_child=5 2 3 7 -5 10 21 -2 9 26 11 12 -1 14 -10 -15 22 24 -11 -13 -18 -4 -12 27 25 -3 -7 -19
right_child=1 17 6 4 -6 8 -8 -9 13 18 16 19 -14 15 -16 -17 20 23 -20 -21 -22 -23 -24 -25 -26 -27 -28 -29
leaf_value=1.1472261529589116 0.61574435120043558 22.332150065104159 26.910821642194481 23.047288219928745 -0.61243370850880952 -2.4821866273880007 -2.5930489857991539 7.0658274828138605 -4.3201580166816713 -3.575093714396159 -4.0128173154943125 0.26503400214408573 13.804334247112275 -2.0251847048895297 -2.3868835292543684 2.199972955385844 -2.0068553639541973 18.195274353027347 -8.5340585277926539 -1.1227930698048025 0.08934340626001358 31.324494934082026 -6.9828146616617843 17.008554077148439 20.615795898437501 21.204768371582034 -1.7337705958973277 19.100418090820309
leaf_weight=258 115 15.000000000000005 6.9999999999999982 20 14.999999999999998 32 2.9999999999999991 85 108 2.9999999999999991 17.000000000000004 38 7.9999999999999991 337 140 11.999999999999998 110 4.9999999999999982 62 263 15.999999999999998 4 2.9999999999999991 3.9999999999999991 2.9999999999999991 6.9999999999999991 10.999999999999998 5
leaf_count=258 115 15 7 20 15 32 3 85 108 3 17 38 8 337 140 12 110 5 62 263 16 4 3 4 3 7 11 5
internal_value=-0.031434 7.73901 5.7392 4.77943 12.9074 -1.60963 21.8496 3.35703 -2.97187 -5.91054 -0.262686 0.213749 1.52789 -2.44025 -3.22879 -1.87991 -2.11295 20.5071 -8.30518 -0.947586 -1.74067 28.5158 -4.45832 18.1795 21.8105 21.9734 -2.29073 18.6478
internal_weight=1706 288 249 235 35 1418 14 200 705 108 713 567 266 597 248 349 146 39 65 301 126 11 20 14 25 22 43 10
internal_count=1706 288 249 235 35 1418 14 200 705 108 713 567 266 597 248 349 146 39 65 301 126 11 20 14 25 22 43 10
is_linear=0
shrinkage=0.05


Tree=16
num_leaves=29
num_cat=0
split_feature=3 4 2 3 6 4 4 4 8 4 2 8 0 7 4 2 0 4 2 2 4 8 7 0 2 0 3 0
split_gain=7.2601e+06 2.92725e+06 1.5146e+06 955908 818141 598340 1.66197e+06 570880 459501 423137 251962 369264 981351 375592 96049.7 54912.4 51255.5 44923.7 38727.5 35750 34795.7 45431.3 20462.7 5693.37 3186.24 1938.75 1252.99 592.343
threshold=0.89668659002975404 48480.000000000007 1289.2800000000002 0.76614188480635892 77.500000000000014 42910.000000000007 44065.000000000007 36767.500000000007 2.5000000000000004 39052.500000000007 6148.6900000000014 4.5000000000000009 38336.700000000004 2.5000000000000004 43067.500000000007 18680.660000000003 41400.80000000001 48702.000000000007 11257.920000000002 13907.110000000002 35865.000000000007 4.5000000000000009 3.5000000000000004 41714.600000000013 4143.3350000000009 40540.950000000004 0.9263452106690605 43905.150000000001
decision_type=2 2 2 2 2 2 2 2 2 2 2 2 2 2 2 2 2 2 2 2 2 2 2 2 2 2 2 2
left_child=3 2 4 8 -2 7 -7 -4 9 18 11 13 -13 -5 19 -11 -6 24 -1 -10 21 -12 -22 -19 27 -16 -25 -3
right_child=1 17 5 10 16 6 -8 -9 14 15 20 12 -14 -15 25 -17 -18 23 -20 -21 22 -23 -24 26 -26 -27 -28 -29
leaf_value=-4.7592051506042479 -2.096729914347331 18.197466023763027 9.9729110942167409 2.5692388670011002 29.450506210327156 38.138928985595705 5.4321201182123442 0.054795499823310161 -1.611030833266613 -3.0734789232312121 1.2555838290136307 -0.054600014005388546 34.125437927246082 -1.0579649578737118 1.4231990178426108 -5.8881152905915917 21.786936696370436 22.883809407552057 -8.0981918681751601 -2.6724332689237196 -0.98982480142085039 -1.7822169065475464 -1.736514599369718 19.617655944824197 15.742251586914064 2.5835250430636938 20.71004878452846 17.336983998616535
leaf_weight=9.9999999999999982 2.9999999999999991 2.9999999999999982 17 121 7.9999999999999982 3.9999999999999991 134 99 238 197 32 6.9999999999999982 3 174 5.9999999999999991 19 3 3.0000000000000027 66 119 227 20 154 3.0000000000000027 2.9999999999999991 8.9999999999999982 21 6
leaf_count=10 3 3 17 121 8 4 134 99 238 197 32 7 3 174 6 19 3 3 66 119 227 20 154 3 3 9 21 6
internal_value=-0.0640808 6.90018 5.03768 -1.58907 21.0482 4.15521 6.38014 1.50831 -2.96548 -4.45008 -0.350668 0.750118 10.1994 0.429803 -1.80015 -3.32106 27.3604 19.6989 -7.65885 -1.96483 -1.12605 0.0871989 -1.29164 20.8302 17.1534 2.11939 20.5735 17.6238
internal_weight=1709 307 268 1402 14 254 138 116 664 292 738 305 10 295 372 216 11 39 76 357 433 52 381 27 12 15 24 9
internal_count=1709 307 268 1402 14 254 138 116 664 292 738 305 10 295 372 216 11 39 76 357 433 52 381 27 12 15 24 9
is_linear=0
shrinkage=0.05


Tree=17
num_leaves=26
num_cat=0
split_feature=3 4 2 7 3 2 4 1 8 1 0 7 3 4 4 1 4 4 0 2 0 1 1 2 0
split_gain=7.10008e+06 2.51515e+06 1.15412e+06 940487 838931 803621 944942 791771 370216 406225 323596 202059 367654 191183 64116.2 56418.7 50245.7 42149.4 38097.4 3851.5 3439.22 2784.29 1920.72 1387.81 933.782
threshold=0.89668659002975404 48480.000000000007 1289.2800000000002 5.5000000000000009 0.76850685132491237 3568.5750000000003 42910.000000000007 40355.55000000001 2.5000000000000004 22892.660000000007 47427.900000000001 2.5000000000000004 0.87725831865776882 47985.000000000007 43067.500000000007 28681.660000000007 48702.000000000007 39497.500000000007 41446.000000000007 4143.3350000000009 42001.850000000013 41262.280000000006 17573.410000000003 14672.830000000002 44813.150000000009
decision_type=2 2 2 2 2 2 2 2 2 2 2 2 2 2 2 2 2 2 2 2 2 2 2 2 2
left_child=4 2 3 18 8 7 -7 -4 9 22 11 12 -6 -13 17 -11 19 -10 -2 24 -18 -22 -1 -16 -3
right_child=1 16 5 -5 10 6 -8 -9 14 15 -12 13 -14 -15 23 -17 20 -19 -20 -21 21 -23 -24 -25 -26
leaf_value=-7.4905820545397308 28.025878524780282 16.459694925944014 1.367294368967414 -2.0877267837524416 0.054448100479169828 -0.30029261708259586 13.298669922351838 9.9828904502093803 -1.6030177157708634 -3.8782486269029519 16.08040466308594 -1.3498734473426006 5.9887457253604097 2.665005499497056 2.4469720023018979 -2.2767813089981823 21.64543762207029 -3.0168350130319599 21.41881205240885 14.95513916015625 19.092187309265128 20.247237141927087 -8.0619292577107746 1.2794861674308775 17.540078226725257
leaf_weight=38 7.9999999999999982 5.9999999999999982 160 3.9999999999999991 261 18 44 32 299 118 2.9999999999999991 404 29 32 6.9999999999999982 103 3.0000000000000027 64 3 3.9999999999999991 8.0000000000000018 14.999999999999998 24 4 3
leaf_count=38 8 6 160 4 261 18 44 32 299 118 3 404 29 32 7 103 3 64 3 4 8 15 24 4 3
internal_value=0.0509466 6.91769 5.19728 18.6742 -1.475 4.4014 9.35058 2.80323 -2.77078 -4.13523 -0.307192 -0.374909 0.647878 -1.0552 -1.73832 -3.13186 18.7841 -1.85229 26.224 16.2461 20.0532 19.8455 -7.71175 2.02243 16.8198
internal_weight=1694 308 269 15 1386 254 62 192 657 283 729 726 290 436 374 221 39 363 11 13 26 23 62 11 9
internal_count=1694 308 269 15 1386 254 62 192 657 283 729 726 290 436 374 221 39 363 11 13 26 23 62 11 9
is_linear=0
shrinkage=0.05


end of trees

feature_importances:
thermal_on_capacity=105
total_load=82
renewable_power=76
thermal_space_load_ratio=59
weekday=58
net_load=43
month=35
period=16
hour=5

parameters:
[boosting: gbdt]
[objective: regression]
[metric: rmse]
[tree_learner: serial]
[device_type: cpu]
[data_sample_strategy: bagging]
[data: ]
[valid: ]
[num_iterations: 400]
[learning_rate: 0.05]
[num_leaves: 31]
[num_threads: 0]
[seed: 42]
[deterministic: 0]
[force_col_wise: 0]
[force_row_wise: 0]
[histogram_pool_size: -1]
[max_depth: 5]
[min_data_in_leaf: 3]
[min_sum_hessian_in_leaf: 0.001]
[bagging_fraction: 0.85]
[pos_bagging_fraction: 1]
[neg_bagging_fraction: 1]
[bagging_freq: 1]
[bagging_seed: 400]
[bagging_by_query: 0]
[feature_fraction: 0.85]
[feature_fraction_bynode: 1]
[feature_fraction_seed: 30056]
[extra_trees: 0]
[extra_seed: 12879]
[early_stopping_round: 0]
[early_stopping_min_delta: 0]
[first_metric_only: 0]
[max_delta_step: 0]
[lambda_l1: 0]
[lambda_l2: 0]
[linear_lambda: 0]
[min_gain_to_split: 0]
[drop_rate: 0.1]
[max_drop: 50]
[skip_drop: 0.5]
[xgboost_dart_mode: 0]
[uniform_drop: 0]
[drop_seed: 17869]
[top_rate: 0.2]
[other_rate: 0.1]
[min_data_per_group: 100]
[max_cat_threshold: 32]
[cat_l2: 10]
[cat_smooth: 10]
[max_cat_to_onehot: 4]
[top_k: 20]
[monotone_constraints: ]
[monotone_constraints_method: basic]
[monotone_penalty: 0]
[feature_contri: ]
[forcedsplits_filename: ]
[refit_decay_rate: 0.9]
[cegb_tradeoff: 1]
[cegb_penalty_split: 0]
[cegb_penalty_feature_lazy: ]
[cegb_penalty_feature_coupled: ]
[path_smooth: 0]
[interaction_constraints: ]
[verbosity: -1]
[saved_feature_importance_type: 0]
[use_quantized_grad: 0]
[num_grad_quant_bins: 4]
[quant_train_renew_leaf: 0]
[stochastic_rounding: 1]
[linear_tree: 0]
[max_bin: 255]
[max_bin_by_feature: ]
[min_data_in_bin: 3]
[bin_construct_sample_cnt: 200000]
[data_random_seed: 175]
[is_enable_sparse: 1]
[enable_bundle: 1]
[use_missing: 1]
[zero_as_missing: 0]
[feature_pre_filter: 1]
[pre_partition: 0]
[two_round: 0]
[header: 0]
[label_column: ]
[weight_column: ]
[group_column: ]
[ignore_column: ]
[categorical_feature: ]
[forcedbins_filename: ]
[precise_float_parser: 0]
[parser_config_file: ]
[objective_seed: 16083]
[num_class: 1]
[is_unbalance: 0]
[scale_pos_weight: 1]
[sigmoid: 1]
[boost_from_average: 1]
[reg_sqrt: 0]
[alpha: 0.9]
[fair_c: 1]
[poisson_max_delta_step: 0.7]
[tweedie_variance_power: 1.5]
[lambdarank_truncation_level: 30]
[lambdarank_norm: 1]
[label_gain: ]
[lambdarank_position_bias_regularization: 0]
[eval_at: ]
[multi_error_top_k: 1]
[auc_mu_weights: ]
[num_machines: 1]
[local_listen_port: 12400]
[time_out: 120]
[machine_list_filename: ]
[machines: ]
[gpu_platform_id: -1]
[gpu_device_id: -1]
[gpu_use_dp: 0]
[num_gpu: 1]

end of parameters

pandas_categorical:[]
