tree
version=v4
num_class=1
num_tree_per_iteration=1
label_index=0
max_feature_idx=10
objective=regression
feature_names=total_load net_load renewable_power thermal_space_load_ratio thermal_on_capacity hour period weekday month is_weekend is_holiday
feature_infos=[29193.099999999999:42987.900000000001] [11318.049999999999:40077.610000000001] [1223.46:18960.91] [0.37880501902718694:0.96996973557285182] [27170:48080] [20:23] [81:96] [0:6] [1:4] [0:1] none
tree_sizes=1784 2390 2174 2437 2455 2346 1681 2461 2466 2266 2398 2180 2369 2278 2315 2358 2343 2278 2314 2270 1816 1766 2450 1756 2316 1781 2415 2372 1731 2354

Tree=0
num_leaves=19
num_cat=0
split_feature=2 2 4 1 7 2 2 8 0 0 6 0 0 7 5 0 6 5
split_gain=1.70441e+07 7.99906e+06 3.01285e+06 2.80769e+06 1.52769e+06 2.65334e+06 939388 760281 709726 397849 122639 116027 374112 1314.23 940.044 707.638 80.8306 3.87879
threshold=1416.2350000000004 3829.1850000000004 36662.500000000007 16896.300000000003 5.5000000000000009 3149.2600000000007 8463.4600000000009 2.5000000000000004 37444.500000000007 41380.400000000001 90.500000000000014 34056.450000000004 35655.400000000009 3.5000000000000004 22.500000000000004 32689.050000000003 82.500000000000014 21.500000000000004
decision_type=2 2 2 2 2 2 2 2 2 2 2 2 2 2 2 2 2 2
left_child=8 2 11 13 9 -6 10 -8 -1 -4 -5 15 -13 14 -3 -2 -15 -10
right_child=1 3 4 6 5 -7 7 -9 17 -11 -12 12 -14 16 -16 -17 -18 -19
leaf_value=341.77457003438957 334.37040324056636 292.30829132243485 309.68762654126567 307.48999192732236 309.85743580027906 339.59707026327141 300.92766414852798 305.25277127905326 366.38706736410154 319.64706956391024 305.6008039876271 357.22040171468745 335.59540324056633 291.66173573975254 291.38706888998041 333.28440317953118 291.38706888998041 366.32040069743482
leaf_weight=3.9999999999999991 2.9999999999999991 8.9999999999999982 61 246 15.000000000000002 14.999999999999998 179 235 7.9999999999999982 11.999999999999998 132 2.9999999999999982 6 3.0000000000000027 3.9999999999999991 3 25 3
leaf_count=4 3 9 61 246 15 15 179 235 8 12 132 3 6 3 4 3 25 3
internal_value=306.928 306.094 318.277 304.368 315.228 324.727 305.028 303.383 359.81 311.325 306.83 339.213 342.804 291.609 292.025 333.827 291.416 366.369
internal_weight=966 951 118 833 103 30 792 414 15 73 378 15 9 41 13 6 28 11
internal_count=966 951 118 833 103 30 792 414 15 73 378 15 9 41 13 6 28 11
is_linear=0
shrinkage=1


Tree=1
num_leaves=26
num_cat=0
split_feature=3 2 1 8 3 0 2 0 8 1 5 0 0 7 6 2 8 8 7 6 5 0 0 0 0
split_gain=1.57971e+07 6.74378e+06 2.53811e+06 1.48544e+06 2.19108e+06 871200 834741 623799 609423 656943 559189 355591 658602 128281 127360 151354 39845.1 26853.4 1042.4 1123.75 3.36942 0.506695 0.141445 0.0889969 2.32831e-10
threshold=0.90256535388852899 1416.2350000000004 16896.300000000003 2.5000000000000004 0.92412070868503149 34633.55000000001 8463.4600000000009 37444.500000000007 2.5000000000000004 21186.495000000003 20.500000000000004 40678.900000000009 42061.350000000006 4.5000000000000009 89.500000000000014 3908.7400000000002 3.5000000000000004 3.5000000000000004 3.5000000000000004 91.500000000000014 21.500000000000004 31202.600000000002 29736.200000000001 33352.150000000009 32111.500000000004
decision_type=2 2 2 2 2 2 2 2 2 2 2 2 2 2 2 2 2 2 2 2 2 2 2 2 2
left_child=2 7 18 11 10 -6 14 -2 9 -8 -5 13 -13 -3 15 -4 -16 -10 19 21 -9 -1 -21 24 -20
right_child=1 3 6 4 5 -7 8 20 17 -11 -12 12 -14 -15 16 -17 -18 -19 23 22 -22 -23 -24 -25 -26
leaf_value=-13.710414632161463 33.29877052307129 -1.380535155076247 12.09041035970052 21.553503909477815 21.563884527033025 4.6783839359283448 -14.651765890682444 56.680645751953136 -2.0676236265956769 -4.3402501345386169 36.218856324828593 24.416969807942714 1.8419321494443075 5.5170471736362998 -1.2623441129065247 0.77662914188781595 0.83670348414668327 -0.9879556967696147 -14.569352722167958 -14.56935272216797 56.617311604817694 -13.685247802734374 -14.584706624348954 -14.578509012858072 -14.56935272216797
leaf_weight=2.9999999999999982 3.9999999999999991 13 2.9999999999999991 13.000000000000002 10.999999999999998 25 17 6.9999999999999982 101 169 12.999999999999998 5.9999999999999982 7 14 139 202 27 134 10.000000000000005 2.9999999999999991 3 6 3 2.9999999999999991 12.999999999999998
leaf_count=3 4 13 3 13 11 25 17 7 101 169 13 6 7 14 139 202 27 134 10 3 3 6 3 3 13
internal_value=0.158739 17.4457 -2.24857 12.9793 17.8259 9.83784 -1.62061 49.9865 -3.14441 -5.2827 28.8862 5.46718 12.2612 2.19599 0.108559 0.942197 -0.920933 -1.45198 -14.3789 -14.047 56.6616 -13.6936 -14.577 -14.5704 -14.5694
internal_weight=949 116 833 102 62 36 792 14 421 186 26 40 13 27 371 205 166 235 41 15 10 9 6 26 23
internal_count=949 116 833 102 62 36 792 14 421 186 26 40 13 27 371 205 166 235 41 15 10 9 6 26 23
is_linear=0
shrinkage=0.05


Tree=2
num_leaves=24
num_cat=0
split_feature=3 2 1 4 3 7 2 8 4 6 0 0 0 4 1 1 4 7 6 6 0 0 1
split_gain=1.1323e+07 4.42772e+06 2.38017e+06 1.87879e+06 1.74451e+06 1.65259e+06 759307 573642 779758 457604 162009 271833 147075 142044 248225 150070 53191.1 872.368 1003.02 54.5078 2.66429 0.704209 0.000157089
threshold=0.90503083712587162 1416.2350000000004 16896.300000000003 36662.500000000007 0.91285055893664835 5.5000000000000009 8463.4600000000009 2.5000000000000004 39295.000000000007 91.500000000000014 34056.450000000004 36015.150000000009 40173.80000000001 38452.500000000007 32031.065000000006 32031.065000000006 43067.500000000007 3.5000000000000004 92.500000000000014 83.500000000000014 39493.950000000004 31833.600000000002 11870.915000000003
decision_type=2 2 2 2 2 2 2 2 2 2 2 2 2 2 2 2 2 2 2 2 2 2 2
left_child=2 9 17 10 5 -5 13 8 -8 20 -3 -12 -6 14 -4 -15 -9 18 21 -19 -2 -1 -20
right_child=1 3 6 4 12 -7 7 16 -10 -11 11 -13 -14 15 -16 -17 -18 19 22 -21 -22 -23 -24
leaf_value=-13.018548889160158 53.784279378255228 24.654266052246101 1.6217684719297623 2.2057715505361548 3.3841033495797053 30.03835010379553 -13.301239288330079 -1.6177986031690521 -3.8099856917162125 30.479665629069004 47.483203124999989 26.198132324218747 8.965436351299287 -1.2054778364890399 16.398311042785647 1.0543649051923398 1.0738926711305976 -13.641523742675771 -13.840885925292969 -13.840885925292969 53.846612548828119 -12.990402221679686 -13.84037424723307
leaf_weight=4.9999999999999982 2.9999999999999982 4.9999999999999982 54 8.0000000000000018 45 15.999999999999998 25 223 161 3 3 3 15.999999999999998 187 2.9999999999999991 121 20 4.0000000000000027 2.9999999999999991 24 4 4 3
leaf_count=5 3 5 54 8 45 16 25 223 161 3 3 3 16 187 3 121 20 4 3 24 4 4 3
internal_value=-0.240367 15.1555 -2.19014 11.8574 9.34108 20.7608 -1.56965 -2.99587 -5.08569 46.8178 31.3014 36.8407 4.84806 0.106642 2.39948 -0.317682 -1.39626 -13.6476 -13.3399 -13.8124 53.8199 -13.006 -13.8406
internal_weight=943 106 837 96 85 24 794 429 186 10 11 6 61 365 57 308 243 43 15 28 7 9 6
internal_count=943 106 837 96 85 24 794 429 186 10 11 6 61 365 57 308 243 43 15 28 7 9 6
is_linear=0
shrinkage=0.05


Tree=3
num_leaves=27
num_cat=0
split_feature=3 2 1 4 3 7 2 0 4 4 7 1 4 3 0 7 1 7 6 0 6 0 6 0 5 0
split_gain=1.21727e+07 4.99406e+06 2.20903e+06 1.64975e+06 1.59543e+06 1.42052e+06 690719 489692 297700 845849 200811 113486 108234 104183 283292 84237.5 27059.1 778.819 1057.57 638.642 67.7817 2.65143 0.584015 0.353539 0.0442548 0.000647234
threshold=0.90256535388852899 1416.2350000000004 16896.300000000003 36662.500000000007 0.91135713532942064 5.5000000000000009 8463.4600000000009 37444.500000000007 37740.000000000007 39295.000000000007 1.0000000180025095e-35 31275.975000000006 38452.500000000007 0.92823219957511205 35655.400000000009 2.5000000000000004 24462.325000000004 3.5000000000000004 91.500000000000014 32689.050000000003 82.500000000000014 38707.600000000006 94.500000000000014 31722.500000000004 20.500000000000004 40294.150000000009
decision_type=2 2 2 2 2 2 2 2 2 2 2 2 2 2 2 2 2 2 2 2 2 2 2 2 2 2
left_child=2 7 17 13 5 -5 11 -2 16 -10 -6 12 -4 14 -3 -13 -8 18 23 -15 -19 -9 -20 -1 -22 -23
right_child=1 3 6 4 10 -7 8 21 9 -11 -12 15 -14 19 -16 -17 -18 20 22 -21 24 25 -24 -25 -26 -27
leaf_value=-12.367345555623366 30.109850692749024 44.031458536783873 1.487050053347712 -0.0081761320432027131 -1.8152625022663011 28.519662469625473 -1.4315261231255285 51.097234090169287 -12.537014266967773 -2.9175209540397602 6.2518038588541529 2.5580427688856919 -1.2401032567452426 23.953905232747388 23.705765151977534 0.22141367246707283 0.040888293929722 -12.897571309407537 -13.177654012044272 22.922205607096348 -13.155333964029934 51.155323282877589 -13.148470306396483 -12.348155212402341 -13.148841857910156 51.154284667968739
leaf_weight=6.0000000000000018 3.9999999999999991 2.9999999999999982 46 6.0000000000000027 8.9999999999999982 15.999999999999998 97 2.9999999999999982 25 266 54 60 174 3 4 108 46 3.0000000000000027 2.9999999999999991 3 3.0000000000000027 3 4 4 21 3
leaf_count=6 4 3 46 6 9 16 97 3 25 266 54 60 174 3 4 108 46 3 3 3 3 3 4 4 21 3
internal_value=-0.0416767 15.5471 -2.03978 11.6844 9.14736 20.7393 -1.45552 44.6661 -2.82595 -3.74394 5.09937 0.0773752 -0.66988 28.2728 32.4168 1.05592 -0.957882 -12.9547 -12.6896 23.4381 -13.1216 51.1356 -13.161 -12.3597 -13.1497 51.1548
internal_weight=977 111 866 98 85 22 822 13 434 291 63 388 220 13 7 168 143 44 17 6 27 9 7 10 24 6
internal_count=977 111 866 98 85 22 822 13 434 291 63 388 220 13 7 168 143 44 17 6 27 9 7 10 24 6
is_linear=0
shrinkage=0.05


Tree=4
num_leaves=27
num_cat=0
split_feature=3 2 1 8 3 1 2 0 8 1 0 0 0 3 8 7 6 6 7 6 6 0 0 0 5 0
split_gain=1.14106e+07 4.7552e+06 1.99464e+06 1.03436e+06 1.31234e+06 794240 701493 505429 453682 545671 412149 217457 758483 112979 105110 69666.9 56685 22820.5 709.825 847.321 40.0141 2.50602 0.58801 0.497205 0.00949356 0.000667644
threshold=0.90256535388852899 1416.2350000000004 16896.300000000003 2.5000000000000004 0.92412070868503149 35605.145000000004 8463.4600000000009 34633.55000000001 2.5000000000000004 21618.745000000003 37444.500000000007 41181.250000000007 41968.600000000013 0.88541603609000574 3.5000000000000004 4.5000000000000009 81.500000000000014 91.500000000000014 3.5000000000000004 91.500000000000014 82.500000000000014 38707.600000000006 31833.600000000002 29736.200000000001 20.500000000000004 40294.150000000009
decision_type=2 2 2 2 2 2 2 2 2 2 2 2 2 2 2 2 2 2 2 2 2 2 2 2 2 2
left_child=2 10 18 11 5 -5 13 -6 9 -8 -2 15 -13 14 -4 -3 -15 -10 19 22 -20 -12 -1 -21 -22 -23
right_child=1 3 6 4 7 -7 8 -9 17 -11 21 12 -14 16 -16 -17 -18 -19 20 23 24 25 -24 -25 -26 -27
leaf_value=-11.749194183349612 27.450191243489584 -0.55935161655599408 -0.57165848314762113 30.299931728138638 18.894924235343925 12.541555986404418 -11.801815165644108 4.0246493387222291 -0.95921499189696735 -3.601613512215053 48.542372639973976 25.81553161621094 1.5270352383454642 8.054924875497818 1.8362549384435018 4.7579708508082801 1.8546608423298978 -2.0183492765426636 -12.321435356140126 -12.490453592936198 -12.49439773559569 48.597556559244779 -11.72347431182861 -12.519240315755205 -12.491399383544923 48.59656982421874
leaf_weight=4.9999999999999982 2.9999999999999991 11 282 17.000000000000004 8.0000000000000018 9.9999999999999982 23 20 158 172 2.9999999999999982 4.9999999999999991 8.9999999999999982 3.9999999999999991 54 14 47 75 4.0000000000000027 2.9999999999999991 3.0000000000000027 3 4 3 22 4
leaf_count=5 3 11 282 17 8 10 23 20 158 172 3 5 9 4 54 14 47 75 4 3 3 3 4 3 22 4
internal_value=-0.0363956 15.3608 -1.95432 11.4409 15.8576 23.7228 -1.39449 8.2733 -2.78937 -4.56882 43.7044 5.2123 10.2015 0.148162 -0.184672 2.41835 2.34096 -1.30014 -12.3238 -12.0446 -12.4683 48.5806 -11.7378 -12.5048 -12.4918 48.597
internal_weight=966 107 859 94 55 27 815 28 428 195 13 39 14 387 336 25 51 233 44 15 29 10 9 6 25 7
internal_count=966 107 859 94 55 27 815 28 428 195 13 39 14 387 336 25 51 233 44 15 29 10 9 6 25 7
is_linear=0
shrinkage=0.05


Tree=5
num_leaves=26
num_cat=0
split_feature=3 2 3 4 3 7 2 8 4 2 0 3 4 3 0 4 6 0 7 6 6 0 2 5 2
split_gain=9.11564e+06 4.06101e+06 1.71078e+06 1.64669e+06 1.39703e+06 1.27522e+06 592961 486551 606493 194464 130575 120674 116668 93817.8 284849 60516.6 47045.8 576.374 543.086 730.211 36.0887 0.573267 0.52317 0.038028 0.00315303
threshold=0.90256535388852899 1416.2350000000004 0.53456476313037216 36662.500000000007 0.91285055893664835 5.5000000000000009 9457.3800000000028 2.5000000000000004 39295.000000000007 1305.7150000000004 40173.80000000001 0.88541603609000574 30732.500000000004 0.92823219957511205 35655.400000000009 43067.500000000007 81.500000000000014 32689.050000000003 3.5000000000000004 91.500000000000014 82.500000000000014 31722.500000000004 17662.100000000002 20.500000000000004 1237.6400000000001
decision_type=2 2 2 2 2 2 2 2 2 2 2 2 2 2 2 2 2 2 2 2 2 2 2 2 2
left_child=2 9 18 13 5 -5 11 8 -8 24 -6 12 -4 14 -3 -9 -13 -15 19 21 -20 -1 -21 -22 -2
right_child=1 3 6 4 10 -7 7 15 -10 -11 -12 16 -14 17 -16 -17 -18 -19 20 22 23 -23 -24 -25 -26
leaf_value=-11.167558797200526 46.166701660156264 41.772640482584649 4.2061101766733024 1.5742219269275659 2.4242284268140795 26.02337296009064 -11.546404634203229 -1.4334857667597491 -3.4947666561099844 31.240205891927076 7.6398807595483964 7.3021789520978935 -0.61028523467208795 21.811464436848951 22.284204101562498 1.6889258191866034 1.6626836178862321 20.831350199381504 -11.705363845825186 -11.865203857421873 -11.872847747802721 -11.139911804199217 -11.894732666015623 -11.866829681396485 46.168752034505196
leaf_weight=2.9999999999999982 4.9999999999999982 2.9999999999999982 12.999999999999998 8.0000000000000018 48 15.999999999999998 28 178 142 3 15.999999999999998 3.9999999999999991 383 3 5 17 49 3 4.0000000000000027 3 3.0000000000000027 5 3 21 3
leaf_count=3 5 3 13 8 48 16 28 178 142 3 16 4 383 3 5 17 49 3 4 3 3 5 3 21 3
internal_value=-0.114771 13.2327 -1.87676 10.12 7.58601 17.8737 -1.36902 -2.86577 -4.82092 42.0964 3.72814 -0.152293 -0.452171 26.0477 29.5924 -1.16128 2.08831 21.3214 -11.7173 -11.463 -11.8444 -11.1503 -11.88 -11.8676 46.1675
internal_weight=969 113 856 102 88 24 814 365 170 11 64 449 396 14 8 195 53 6 42 14 28 8 6 24 8
internal_count=969 113 856 102 88 24 814 365 170 11 64 449 396 14 8 195 53 6 42 14 28 8 6 24 8
is_linear=0
shrinkage=0.05


Tree=6
num_leaves=18
num_cat=0
split_feature=3 3 3 4 3 7 2 4 0 4 0 0 3 2 7 0 0
split_gain=9.14151e+06 4.37757e+06 1.52354e+06 1.1611e+06 1.43073e+06 1.30339e+06 505865 238576 219778 86418.5 84136 77366.8 246054 7357.99 817.004 2.63573 0.000592455
threshold=0.96250598957035427 0.90256535388852899 0.5479065856547658 36662.500000000007 0.91135713532942064 5.5000000000000009 8463.4600000000009 37740.000000000007 41380.400000000001 38452.500000000007 37820.900000000009 36390.100000000013 0.92823219957511205 16155.535000000002 3.5000000000000004 39111.600000000006 40294.150000000009
decision_type=2 2 2 2 2 2 2 2 2 2 2 2 2 2 2 2 2
left_child=1 2 13 11 5 -5 9 -8 -6 -4 -2 12 -3 -1 -15 -12 -17
right_child=10 3 6 4 8 -7 7 -9 -10 -11 15 -13 -14 14 -16 16 -18
leaf_value=-8.5047027587890636 34.29486083984375 38.850674947102874 1.8994578898998729 -0.776664344469706 2.621367488028306 26.797036666870117 -0.72933706691582434 -3.2633215968097957 11.512239092588425 -0.21520994207836477 43.802761840820324 18.114816792805986 20.737914428710937 -10.780374298095703 -11.247137329101562 43.85930887858072 43.858379364013665
leaf_weight=2.9999999999999991 2.9999999999999991 2.9999999999999982 57 6.0000000000000009 53 15 139 280 7.9999999999999991 317 2.9999999999999982 3 5 14.999999999999998 25 3 4
leaf_count=3 3 3 57 6 53 15 139 280 8 317 3 3 5 15 25 3 4
internal_value=0.000804465 -0.581858 -1.72663 9.70873 7.66251 18.9188 -1.22958 -2.42269 3.78738 0.107079 41.6388 24.9624 27.5302 -10.893 -11.0721 43.842 43.8588
internal_weight=942 929 836 93 82 21 793 419 61 374 13 11 8 43 40 10 7
internal_count=942 929 836 93 82 21 793 419 61 374 13 11 8 43 40 10 7
is_linear=0
shrinkage=0.05


Tree=7
num_leaves=27
num_cat=0
split_feature=3 2 1 8 3 5 0 2 8 1 0 0 0 6 7 2 3 6 7 6 0 6 0 0 5 2
split_gain=8.45909e+06 3.96523e+06 1.31547e+06 900015 1.11212e+06 552557 508658 492597 349057 398075 221312 567840 176514 101618 91819.6 84464.1 21759.9 19232.5 309.023 770.052 107.224 51.9099 7.3042 0.328962 0.00667228 0.00558995
threshold=0.90256535388852899 1416.2350000000004 16896.300000000003 2.5000000000000004 0.92412070868503149 20.500000000000004 34633.55000000001 8463.4600000000009 2.5000000000000004 21186.495000000003 40678.900000000009 41968.600000000013 37444.500000000007 90.500000000000014 4.5000000000000009 3908.7400000000002 0.89306856062197826 91.500000000000014 3.5000000000000004 91.500000000000014 38707.600000000006 82.500000000000014 29736.200000000001 31833.600000000002 20.500000000000004 1237.6400000000001
decision_type=2 2 2 2 2 2 2 2 2 2 2 2 2 2 2 2 2 2 2 2 2 2 2 2 2 2
left_child=2 12 18 10 5 -5 -6 13 9 -9 14 -12 -2 15 -3 -4 -15 -10 19 23 -14 -20 -21 -1 -23 -22
right_child=1 3 7 4 6 -7 -8 8 17 -11 11 -13 20 16 -16 -17 -18 -19 21 22 25 24 -24 -25 -26 -27
leaf_value=-10.067145996093751 27.945485432942707 -1.7494044840335843 7.222864837646485 13.222641771180287 15.751111539204917 27.034362665812179 3.227681163787842 -11.223918914794922 -0.75520100023033043 -3.2056281988589754 20.554850387573243 0.69701704846488111 42.023951212565123 -1.126582387017627 3.9770890644618442 0.65399014103671782 0.95293710487229488 -1.7121936655663825 -10.48914845784504 -10.733154869079588 41.665450286865223 -10.713678232828764 -10.836363220214842 -10.046202850341794 -10.711131286621095 41.668305460611968
leaf_weight=4.9999999999999982 2.9999999999999991 14 4.9999999999999991 14.000000000000002 11.999999999999998 14.999999999999998 25 17 165 173 5.9999999999999991 8.9999999999999982 2.9999999999999982 124 14 230 13.999999999999998 77 3.0000000000000027 4 4 3.0000000000000027 3 3 18 3
leaf_count=5 3 14 5 14 12 15 25 17 165 173 6 9 3 124 14 230 14 77 3 4 4 3 3 3 18 3
internal_value=0.174666 12.4812 -1.60424 9.36814 13.0354 20.3666 7.28933 -1.16975 -2.31904 -3.92305 3.7393 8.64015 38.5827 0.161332 1.11384 0.793753 -0.915617 -1.0597 -10.5724 -10.3944 41.7739 -10.6837 -10.7774 -10.0593 -10.7115 41.6667
internal_weight=966 122 844 109 66 29 37 805 432 190 43 15 13 373 28 235 138 242 39 15 10 24 7 8 21 7
internal_count=966 122 844 109 66 29 37 805 432 190 43 15 13 373 28 235 138 242 39 15 10 24 7 8 21 7
is_linear=0
shrinkage=0.05


Tree=8
num_leaves=27
num_cat=0
split_feature=3 2 4 1 4 4 3 8 4 0 0 0 4 1 3 4 1 7 5 0 0 0 0 1 0 0
split_gain=7.59071e+06 2.91649e+06 1.38335e+06 1.29087e+06 842747 1.66204e+06 463723 419073 404914 291104 121036 320917 120852 135433 118660 75470.1 65376.4 321.08 528.911 46.8253 17.8826 54.4714 3.40352 3.10643 0.242176 0.000477538
threshold=0.90256535388852899 1416.2350000000004 36662.500000000007 16896.300000000003 44735.000000000007 44810.000000000007 0.73070867066163459 2.5000000000000004 39295.000000000007 37820.900000000009 34056.450000000004 35655.400000000009 38452.500000000007 32031.065000000006 0.91596059931540164 43067.500000000007 32031.065000000006 3.5000000000000004 22.500000000000004 31202.600000000002 32852.55000000001 32951.900000000009 39111.600000000006 11870.915000000003 32726.050000000003 40294.150000000009
decision_type=2 2 2 2 2 2 2 2 2 2 2 2 2 2 2 2 2 2 2 2 2 2 2 2 2 2
left_child=3 9 10 17 14 -6 7 8 -5 -2 -3 -12 16 -14 -4 -9 -8 18 19 -1 24 -22 -11 -20 -19 -24
right_child=1 2 4 6 5 -7 12 15 -10 22 11 -13 13 -15 -16 -17 -18 20 23 -21 21 -23 25 -25 -26 -27
leaf_value=-9.7877014160156293 23.349656677246095 17.654441223144531 -4.4616776875087192 -10.357865394592286 26.606686636117786 5.406012503858074 1.4650677217886998 -1.3247856913775695 -3.3872327640533451 39.517353312174492 37.913005065917979 18.912168884277342 -1.1180283767508936 0.82284190809326396 2.7458236232880626 2.3643001079559327 9.0145605723063156 -10.175574493408199 -10.196487935384114 -9.5457683563232418 -9.925241343180339 -10.207087898254393 39.583025105794263 -10.268442026774087 -10.188181152343752 39.582132975260407
leaf_weight=2.9999999999999982 3.9999999999999991 4.9999999999999991 6.9999999999999991 25 12.999999999999998 32 65 183 125 2.9999999999999982 3.9999999999999982 5 273 134 31 14.999999999999998 2.9999999999999991 16.000000000000007 2.9999999999999991 6 2.9999999999999991 4 3 3 4.9999999999999991 3
leaf_count=3 4 5 7 25 13 32 65 183 125 3 4 5 273 134 31 15 3 16 3 6 3 4 3 3 5 3
internal_value=-0.0386242 12.3336 9.35313 -1.61016 6.90082 11.5307 -1.16891 -2.55552 -4.549 34.5728 23.8918 27.357 -0.153027 -0.479019 1.41813 -1.04531 1.79813 -10.0555 -9.86883 -9.62641 -10.1555 -10.0863 39.5608 -10.2325 -10.1786 39.5826
internal_weight=976 110 97 866 83 45 823 348 150 13 14 9 475 407 38 198 68 43 15 9 28 7 9 6 21 6
internal_count=976 110 97 866 83 45 823 348 150 13 14 9 475 407 38 198 68 43 15 9 28 7 9 6 21 6
is_linear=0
shrinkage=0.05


Tree=9
num_leaves=25
num_cat=0
split_feature=3 3 4 1 2 7 3 8 4 3 0 0 4 1 1 0 4 7 5 6 0 0 0 0
split_gain=6.79378e+06 3.13485e+06 1.28095e+06 1.01893e+06 732144 609506 413521 299478 424811 180624 172779 144963 109134 153851 88053.8 54785.1 50162.6 347.475 407.959 46.3891 3.07142 0.315457 0.125964 0.000429789
threshold=0.90503083712587162 0.96250598957035427 36662.500000000007 16896.300000000003 3149.2600000000007 5.5000000000000009 0.77127824818308455 2.5000000000000004 39052.500000000007 0.92823219957511205 35655.400000000009 34633.55000000001 38452.500000000007 32902.125000000007 31874.680000000004 37820.900000000009 43067.500000000007 3.5000000000000004 22.500000000000004 82.500000000000014 39111.600000000006 31833.600000000002 32852.55000000001 40721.450000000004
decision_type=2 2 2 2 2 2 2 2 2 2 2 2 2 2 2 2 2 2 2 2 2 2 2 2
left_child=3 2 9 17 11 -6 7 8 -5 10 -2 -4 13 -8 -14 -3 -9 18 21 -19 -17 -1 -21 -22
right_child=1 15 4 6 5 -7 12 16 -10 -11 -12 -13 14 -15 -16 20 -18 19 -20 22 23 -23 -24 -25
leaf_value=-9.0880529403686534 36.017354202270518 29.780720011393232 -1.6294838061699501 -9.9158600682797644 6.6089399110187195 19.434596025943758 1.6683938977453445 -1.1303816903567963 -2.6926177747168785 16.771719360351561 20.143822733561194 4.4125586296830859 -0.87144818728708706 13.362668609619142 0.8028287746610433 37.541486612955744 1.426801145644415 -9.4593490600585834 -9.7118492126464826 -9.6666964882298512 37.603871663411446 -9.0666043599446589 -9.6764587402343754 37.603025309244785
leaf_weight=3.9999999999999982 3.9999999999999982 2.9999999999999991 12.999999999999998 23 22 15.999999999999998 45 221 177 5 3 42 184 2.9999999999999991 137 2.9999999999999982 21 3.0000000000000027 4 19.000000000000004 3 3 3.9999999999999991 3
leaf_count=4 4 3 13 23 22 16 45 221 177 5 3 42 184 3 137 3 21 3 4 19 3 3 4 3
internal_value=0.12807 11.4226 8.65575 -1.43025 6.67198 12.0092 -1.06005 -2.09165 -3.52329 24.03 29.2144 2.98444 0.175628 2.39929 -0.156881 35.6323 -0.908477 -9.54461 -9.30904 -9.64427 37.5828 -9.07886 -9.66839 37.6034
internal_weight=965 117 105 848 93 38 811 442 200 12 7 55 369 48 321 12 242 37 11 26 9 7 23 6
internal_count=965 117 105 848 93 38 811 442 200 12 7 55 369 48 321 12 242 37 11 26 9 7 23 6
is_linear=0
shrinkage=0.05


Tree=10
num_leaves=26
num_cat=0
split_feature=3 2 1 8 3 0 3 5 8 1 7 0 1 8 7 0 0 0 7 6 6 0 0 0 0
split_gain=5.89869e+06 2.89813e+06 1.07188e+06 656906 685455 409280 391339 381836 306923 288044 170409 320199 99011.6 89224.6 82382.8 11971.3 5138.36 3610.57 381.714 615.066 42.3533 7.64351 0.206536 0.0799044 0.00669463
threshold=0.90256535388852899 1416.2350000000004 16896.300000000003 2.5000000000000004 0.92412070868503149 34226.500000000007 0.73070867066163459 20.500000000000004 2.5000000000000004 21618.745000000003 1.5000000000000002 41380.400000000001 31599.800000000007 3.5000000000000004 2.5000000000000004 40549.400000000009 38286.05000000001 41968.600000000013 3.5000000000000004 91.500000000000014 82.500000000000014 29736.200000000001 31833.600000000002 32852.55000000001 39995.850000000013
decision_type=2 2 2 2 2 2 2 2 2 2 2 2 2 2 2 2 2 2 2 2 2 2 2 2 2
left_child=2 16 18 10 7 -6 8 -5 9 -4 17 -12 13 -8 -14 -10 -2 -3 19 22 -20 -21 -1 -22 -18
right_child=1 3 6 4 5 -7 12 -9 15 -11 11 -13 14 -15 -16 -17 24 -19 20 21 23 -23 -24 -25 -26
leaf_value=-8.623025131225587 33.297513834635417 -2.4623238801956182 -9.072465070088704 11.11945900917053 16.102037799358367 3.1693652065900659 -1.0291596983012952 22.223563919067384 -1.0743892897310525 -3.0720066312452161 2.4248864984512326 16.571418457031253 2.45819775828144 1.1697270933930812 0.072060105603451691 2.1088157018025715 35.725839233398425 -0.74955179631710045 -8.9859138488769439 -9.201070912679036 -9.1833213424682594 -9.3139389038085909 -8.6083574295043928 -9.1903881835937504 35.722851562499997
leaf_weight=5.9999999999999982 2.9999999999999991 7.9999999999999982 24 16.000000000000004 7.9999999999999991 26 242 14.999999999999998 191 120 20.000000000000004 4.9999999999999991 57 57 99 2.9999999999999991 3 5 3.0000000000000027 2.9999999999999991 20.000000000000004 3 4 4.9999999999999991 5
leaf_count=6 3 8 24 16 8 26 242 15 191 120 20 5 57 57 99 3 3 5 3 3 20 3 4 5 5
internal_value=-0.00274256 10.6673 -1.45602 8.06207 11.1151 6.21235 -1.03454 16.4924 -2.32326 -4.07208 2.8397 5.25419 -0.0772109 -0.609974 0.943918 -1.02516 35.0622 -1.80357 -9.05211 -8.85729 -9.16343 -9.2575 -8.61716 -9.18473 35.724
internal_weight=951 114 837 103 65 34 793 31 338 144 38 25 455 299 156 194 11 13 44 16 28 6 10 25 8
internal_count=951 114 837 103 65 34 793 31 338 144 38 25 455 299 156 194 11 13 44 16 28 6 10 25 8
is_linear=0
shrinkage=0.05


Tree=11
num_leaves=24
num_cat=0
split_feature=3 3 4 1 4 4 3 8 4 3 0 0 7 6 4 4 0 7 6 6 0 0 0
split_gain=5.58006e+06 1.67299e+06 991948 982480 939121 1.21422e+06 292981 209277 316906 118217 117401 218500 50856.7 48490.1 45748.2 6976.28 520.177 394.362 510.088 20.2196 0.210971 0.0721134 0.00539942
threshold=0.90256535388852899 0.96532020591355583 36662.500000000007 16896.300000000003 44735.000000000007 44810.000000000007 0.77127824818308455 2.5000000000000004 39052.500000000007 0.91596059931540164 34056.450000000004 35655.400000000009 4.5000000000000009 90.500000000000014 43067.500000000007 40910.000000000007 32689.050000000003 3.5000000000000004 91.500000000000014 82.500000000000014 31833.600000000002 32852.55000000001 40294.150000000009
decision_type=2 2 2 2 2 2 2 2 2 2 2 2 2 2 2 2 2 2 2 2 2 2 2
left_child=3 2 10 17 9 -6 7 8 -5 -4 16 -12 13 -8 -9 -14 -2 18 20 -19 -1 -21 -3
right_child=1 22 4 6 5 -7 12 14 -10 -11 11 -13 15 -15 -16 -17 -18 19 -20 21 -22 -23 -24
leaf_value=-8.1927641550699892 16.370029195149741 33.93954772949219 -5.2922519048055019 -8.5652363735696539 23.325855814615888 6.753431849536442 0.79960508971702327 -1.0604707551978623 -2.3027285649115785 2.3038790138491563 33.420005035400386 16.893518447875973 -1.7618209802187406 -0.54836283964770183 1.4894465220601936 -0.73715410556482241 15.438921610514321 -8.6044229507446222 -8.8053535461425785 -8.7241553497314452 -8.1779397964477525 -8.7308688354492201 33.936741638183591
leaf_weight=5.9999999999999982 2.9999999999999991 2.9999999999999991 5.9999999999999991 23 14.999999999999998 42 209 237 166 35 4 4 26 98 19 46 3 4.0000000000000027 4.9999999999999991 20.000000000000004 4 4.9999999999999991 4
leaf_count=6 3 3 6 23 15 42 209 237 166 35 4 4 26 98 19 46 3 4 5 20 4 5 4
internal_value=0.0705031 10.224 8.74192 -1.32151 6.96341 11.1146 -0.932796 -1.80289 -3.06483 1.19225 21.1915 25.1568 0.0888165 0.369309 -0.871219 -1.10717 15.9045 -8.60114 -8.39301 -8.7088 -8.18683 -8.7255 33.9379
internal_weight=987 119 112 868 98 57 824 445 189 41 14 8 379 307 256 72 6 44 15 29 10 25 7
internal_count=987 119 112 868 98 57 824 445 189 41 14 8 379 307 256 72 6 44 15 29 10 25 7
is_linear=0
shrinkage=0.05


Tree=12
num_leaves=26
num_cat=0
split_feature=3 2 4 1 3 4 2 0 0 4 4 7 5 2 0 4 1 0 0 7 6 6 0 0 0
split_gain=4.8514e+06 2.18521e+06 974157 837912 759079 600511 274824 205746 150461 120563 337051 100831 67260.9 96504 46463.9 40925.8 23181.6 1371.82 469.46 298.296 442.707 18.0628 0.24633 0.063973 0.00903971
threshold=0.90256535388852899 1416.2350000000004 36662.500000000007 16896.300000000003 0.91135713532942064 44735.000000000007 8158.6200000000017 37444.500000000007 34056.450000000004 37740.000000000007 39295.000000000007 1.0000000180025095e-35 21.500000000000004 4002.7800000000007 35288.850000000013 35390.000000000007 25683.655000000002 38707.600000000006 32689.050000000003 3.5000000000000004 91.500000000000014 82.500000000000014 31833.600000000002 32852.55000000001 40294.150000000009
decision_type=2 2 2 2 2 2 2 2 2 2 2 2 2 2 2 2 2 2 2 2 2 2 2 2 2
left_child=3 7 8 19 5 -4 12 -2 18 16 -11 -6 13 -5 -10 -14 -8 -9 -3 20 22 -21 -1 -23 -19
right_child=1 2 4 6 11 -7 9 17 14 10 -12 -13 15 -15 -16 -17 -18 24 -20 21 -22 23 -24 -25 -26
leaf_value=-7.7856895446777363 17.695281219482421 15.551527913411462 -6.9458689371744713 9.7441038131713871 -2.0817939546373156 17.216712085405984 -0.79348235828480851 33.51939697265626 30.706763203938795 -8.5215407228469839 -1.8020468685121731 3.6199537638042658 3.5361998558044436 0.70237342739961428 21.906777445475257 -0.66634937251607584 0.83318571986423606 32.243536376953116 14.666974894205726 -8.1742021560668885 -8.3650856018066406 -8.287932162814668 -7.7690425872802722 -8.2943252563476566 32.239905548095699
leaf_weight=4.9999999999999982 2.9999999999999991 2.9999999999999982 3.0000000000000027 2.9999999999999991 8.9999999999999982 18 116 2.9999999999999982 3 20 279 56 5.9999999999999991 181 3 168 27 3 3 4.0000000000000027 4.9999999999999991 18.000000000000004 4 4.9999999999999991 4
leaf_count=5 3 3 3 3 9 18 116 3 3 20 279 56 6 181 3 168 27 3 3 4 5 18 4 5 4
internal_value=0.0930422 9.91779 7.36266 -1.20368 5.50052 13.7649 -0.846397 29.1796 20.708 -1.68043 -2.25151 2.83048 0.183331 0.849793 26.3068 -0.521434 -0.486349 32.6248 15.1093 -8.17515 -7.98786 -8.27227 -7.77829 -8.28932 32.2415
internal_weight=952 111 98 841 86 21 800 13 12 442 299 65 358 184 6 174 143 10 6 41 14 27 9 23 7
internal_count=952 111 98 841 86 21 800 13 12 442 299 65 358 184 6 174 143 10 6 41 14 27 9 23 7
is_linear=0
shrinkage=0.05


Tree=13
num_leaves=25
num_cat=0
split_feature=3 2 3 4 2 4 3 8 4 0 4 3 0 0 3 4 2 0 7 6 6 0 0 2
split_gain=3.75578e+06 1.98245e+06 718598 688824 591284 583696 272070 203568 217090 158563 88040.1 71406.6 60229.4 56567.8 119546 48081.9 43308.7 1177.73 238.115 354.58 16.2376 0.173351 0.0548149 0.0129104
threshold=0.90256535388852899 1416.2350000000004 0.53456476313037216 36662.500000000007 3149.2600000000007 44735.000000000007 0.73070867066163459 2.5000000000000004 39295.000000000007 37444.500000000007 38452.500000000007 0.88541603609000574 34633.55000000001 36390.100000000013 0.92823219957511205 43067.500000000007 4336.8800000000001 38707.600000000006 3.5000000000000004 91.500000000000014 82.500000000000014 31722.500000000004 32852.55000000001 1237.6400000000001
decision_type=2 2 2 2 2 2 2 2 2 2 2 2 2 2 2 2 2 2 2 2 2 2 2 2
left_child=2 9 18 13 12 -6 7 8 -4 -2 16 -12 -5 14 -3 -9 -8 -11 19 21 -20 -1 -22 -19
right_child=1 3 6 4 5 -7 10 15 -10 17 11 -13 -14 -15 -16 -17 -18 23 20 -21 22 -23 -24 -25
leaf_value=-7.3953369140625016 17.761211395263672 26.37522926330567 -7.9535762786865236 -1.6345177228634176 -2.6811150074005128 12.418754541873932 7.4038661956787113 -1.1162117606399387 -2.5324445077647333 31.843426513671886 -0.615860213833061 1.3052482663254654 2.2952972870606643 12.212175750732419 14.150955581665038 1.829593592087428 1.2707151487889425 30.627782185872391 -7.7654916763305595 -7.9263816833496081 -7.8736536811379807 -7.3801338195800756 -7.8796092224121104 30.632420857747391
leaf_weight=4.9999999999999982 2.9999999999999991 3.9999999999999982 22 12.999999999999998 7.9999999999999991 32 2.9999999999999991 181 115 2.9999999999999982 355 56 39 3 4 14.999999999999998 71 3 4.0000000000000027 5 17.000000000000004 3 4.9999999999999991 3
leaf_count=5 3 4 22 13 8 32 3 181 115 3 355 56 39 3 4 15 71 3 4 5 17 3 5 3
internal_value=-0.00145119 8.48309 -1.13998 6.24233 4.82847 9.39878 -0.823844 -1.92432 -3.40299 27.7162 -0.0682559 -0.354103 1.31284 18.0674 20.2631 -0.890767 1.51936 31.0345 -7.7708 -7.59608 -7.85816 -7.38964 -7.87501 30.6301
internal_weight=972 115 857 103 92 40 818 333 137 12 485 411 52 11 8 196 74 9 39 13 26 8 22 6
internal_count=972 115 857 103 92 40 818 333 137 12 485 411 52 11 8 196 74 9 39 13 26 8 22 6
is_linear=0
shrinkage=0.05


Tree=14
num_leaves=26
num_cat=0
split_feature=3 3 1 4 2 7 2 8 4 4 7 1 2 3 0 4 4 0 1 7 0 2 0 0 0
split_gain=3.9826e+06 1.92505e+06 698682 603241 479961 545506 255277 163143 213540 142922 87549 112808 86148.4 41822.5 119066 34478.7 25995.4 22894.2 2278.1 131.962 61.9206 22.6234 8.72809 5.23277 4.52623e-05
threshold=0.90503083712587162 0.96250598957035427 18766.640000000003 36662.500000000007 3149.2600000000007 5.5000000000000009 8070.2650000000003 2.5000000000000004 39295.000000000007 37740.000000000007 2.5000000000000004 31874.680000000004 1593.3700000000001 0.92823219957511205 35655.400000000009 38452.500000000007 43067.500000000007 37820.900000000009 16896.300000000003 3.5000000000000004 32689.050000000003 13831.405000000001 39493.950000000004 31616.550000000003 40721.450000000004
decision_type=2 2 2 2 2 2 2 2 2 2 2 2 2 2 2 2 2 2 2 2 2 2 2 2 2
left_child=2 3 9 13 12 -6 10 8 -8 20 11 -4 -5 14 -2 -12 -9 -3 19 -11 21 -1 -19 -20 -24
right_child=1 17 6 4 5 -7 7 16 -10 18 15 -13 -14 -15 -16 -17 -18 22 23 -21 -22 -23 24 -25 -26
leaf_value=-1.8244534810384121 27.165996551513679 24.017873128255211 0.2043886623292599 7.6574520270029716 4.6149122238159181 16.87100509643555 -7.3900723184858057 -0.82624279621286678 -2.0508516404067163 -7.272802407400949 1.9663104457514629 3.0662651476322438 1.2792702923880683 13.648875274658202 13.988817977905271 -0.60297565333804448 1.0200082313446772 28.991843668619801 -8.4107818603515625 -7.4619669313784005 -1.4916039466857909 -1.6507740974426266 29.096157836914053 -8.3234255472818983 29.096432495117178
leaf_weight=2.9999999999999982 2.9999999999999982 2.9999999999999991 106 5.9999999999999991 23 14.999999999999998 21 207 173 13.999999999999998 13.999999999999998 51 45 5 4 194 21 2.9999999999999982 3.9999999999999991 27 5 5 3 3 3
leaf_count=3 3 3 106 6 23 15 21 207 173 14 14 51 45 5 4 194 21 3 4 27 5 5 3 3 3
internal_value=0.0498734 8.86747 -1.12511 6.618 5.1991 9.45284 -0.725547 -1.56304 -2.62881 -6.28018 0.242728 1.13404 2.02964 17.1415 19.6362 -0.430043 -0.656193 27.8006 -7.5397 -7.39737 -1.62963 -1.7159 29.0615 -8.37334 29.0963
internal_weight=961 113 848 101 89 38 787 422 194 61 365 157 51 12 7 208 228 12 48 41 13 8 9 7 6
internal_count=961 113 848 101 89 38 787 422 194 61 365 157 51 12 7 208 228 12 48 41 13 8 9 7 6
is_linear=0
shrinkage=0.05


Tree=15
num_leaves=26
num_cat=0
split_feature=3 2 4 1 3 7 3 8 4 2 4 7 0 0 1 1 4 0 7 6 6 0 0 0 0
split_gain=3.25045e+06 1.39918e+06 828943 663261 488700 628459 204106 181174 172196 125484 69293 60579 59881.5 195270 56448.1 51397.9 25157.3 423.689 245.507 409.406 14.862 7.15041 6.89826 0.0927095 0.0530969
threshold=0.90256535388852899 1416.2350000000004 36662.500000000007 16896.300000000003 0.91285055893664835 5.5000000000000009 0.75696842696433819 2.5000000000000004 39295.000000000007 1305.7150000000004 38452.500000000007 1.0000000180025095e-35 34056.450000000004 35655.400000000009 31275.975000000006 32503.655000000006 43067.500000000007 32689.050000000003 3.5000000000000004 91.500000000000014 82.500000000000014 39111.600000000006 29736.200000000001 31954.800000000003 32852.55000000001
decision_type=2 2 2 2 2 2 2 2 2 2 2 2 2 2 2 2 2 2 2 2 2 2 2 2 2
left_child=3 9 12 18 5 -4 7 8 -5 21 15 -6 17 -14 -12 -8 -9 -3 19 23 -20 -2 -21 -1 -22
right_child=1 2 4 6 11 -7 10 16 -10 -11 14 -13 13 -15 -16 -17 -18 -19 20 22 24 -23 -24 -25 -26
leaf_value=-6.6568659101213745 27.545327758789071 13.383960469563803 -0.78940908643934438 -7.1020857163837974 -2.3185639142990113 15.550486463658951 1.3308811992958036 -0.85084655556026412 -2.2421486970307174 16.760087394714354 -0.80298672383651137 2.3380995592424139 27.646604728698737 12.825025939941405 0.46271632105112082 8.0728310902913414 1.0472310649721246 12.543634541829425 -7.004119205474848 -7.1225362141927082 -7.1067695236206054 27.642969360351561 -7.2297607421874979 -6.6463602701822895 -7.1125302124023442
leaf_weight=6.9999999999999982 2.9999999999999982 2.9999999999999991 9.0000000000000018 21 7.9999999999999991 17 49 215 138 4 196 55 3.9999999999999982 5 160 2.9999999999999991 19 3 4.0000000000000027 2.9999999999999991 20.000000000000004 5 3 3 4.9999999999999991
leaf_count=7 3 3 9 21 8 17 49 215 138 4 196 55 4 5 160 3 19 3 4 3 20 5 3 3 5
internal_value=-0.0240505 7.82488 5.95957 -1.10026 4.12697 9.89437 -0.768432 -1.58167 -2.88403 23.9909 0.0149041 1.74678 16.833 19.4124 -0.234131 1.71984 -0.696729 12.9638 -7.00686 -6.84963 -7.0936 27.6064 -7.17615 -6.65371 -7.10792
internal_weight=962 116 104 846 89 26 801 393 159 12 408 63 15 9 356 52 234 6 45 16 29 8 6 10 25
internal_count=962 116 104 846 89 26 801 393 159 12 408 63 15 9 356 52 234 6 45 16 29 8 6 10 25
is_linear=0
shrinkage=0.05


Tree=16
num_leaves=26
num_cat=0
split_feature=3 2 3 4 4 4 3 8 4 2 3 4 4 3 0 7 0 0 7 6 6 0 0 0 0
split_gain=2.93368e+06 1.3685e+06 579545 545097 388943 1.08852e+06 256332 227938 153600 106972 98570.2 86328.8 61218.1 43141.6 154328 33659.2 7729.25 382.379 193.272 391.399 13.2869 7.24001 2.10734 0.115605 0.0462808
threshold=0.90256535388852899 1416.2350000000004 0.53456476313037216 36662.500000000007 44735.000000000007 44810.000000000007 0.68480050498500933 2.5000000000000004 39295.000000000007 3350.3550000000005 0.88541603609000574 39497.500000000007 43067.500000000007 0.92823219957511205 36015.150000000009 2.5000000000000004 37820.900000000009 32689.050000000003 3.5000000000000004 91.500000000000014 82.500000000000014 29736.200000000001 40294.150000000009 31833.600000000002 32852.55000000001
decision_type=2 2 2 2 2 2 2 2 2 2 2 2 2 2 2 2 2 2 2 2 2 2 2 2 2
left_child=2 16 18 13 9 -6 7 8 -4 -5 11 -8 -9 14 -3 -12 -2 -15 19 23 -20 -21 -18 -1 -22
right_child=1 3 6 4 5 -7 10 12 -10 -11 15 -13 -14 17 -16 -17 22 -19 20 21 24 -23 -24 -25 -26
leaf_value=-6.3264680226643861 23.202343241373708 26.666055297851571 -7.2471324355513964 1.5273205077648164 19.083077239990235 2.5867259139674053 0.66735430731825585 -1.2177419793392932 -2.7896387396489875 -6.3720590209960939 3.1304809744541462 -0.78878732807557994 2.2776677174227582 12.714762369791664 11.663984489440915 0.60995295158138985 26.204059855143221 11.916453043619789 -6.6539132118225046 -6.7655193328857424 -6.7514658610026039 -6.8682731628417955 26.259496307373041 -6.3154943466186513 -6.7569035339355468
leaf_weight=6.0000000000000018 2.9999999999999982 2.9999999999999982 27 30 13.999999999999998 35 137 119 68 4.9999999999999991 26 396 13.999999999999998 3 4 27 3 3 4.0000000000000027 3.9999999999999991 18.000000000000004 3 4 4 4.9999999999999991
leaf_count=6 3 3 27 30 14 35 137 119 68 5 26 396 14 3 4 27 3 3 4 4 18 3 4 4 5
internal_value=-0.0920357 7.71461 -1.06559 5.89903 4.4245 7.29997 -0.763468 -2.18593 -4.05651 0.398838 -0.210019 -0.414507 -0.849804 15.4268 18.0934 1.84644 25.3257 12.3156 -6.65487 -6.5228 -6.73802 -6.80956 26.2357 -6.32208 -6.75265
internal_weight=965 107 858 97 84 49 814 228 95 35 586 533 133 13 7 53 10 6 44 17 27 7 7 10 23
internal_count=965 107 858 97 84 49 814 228 95 35 586 533 133 13 7 53 10 6 44 17 27 7 7 10 23
is_linear=0
shrinkage=0.05


Tree=17
num_leaves=26
num_cat=0
split_feature=3 2 4 1 3 7 1 8 2 1 4 3 0 7 3 4 4 1 0 7 6 0 6 1 2
split_gain=2.67705e+06 1.07986e+06 564118 517902 418130 438080 173852 151649 133186 121228 112148 67501.2 134575 57341.2 53809.3 41207.9 16240.8 2006.37 345.097 172.093 121.059 59.4065 12.1609 5.01701 2.62875
threshold=0.90503083712587162 1305.7150000000004 36662.500000000007 18766.640000000003 0.91135713532942064 5.5000000000000009 31243.230000000003 2.5000000000000004 1416.2350000000004 24576.455000000005 37740.000000000007 0.92823219957511205 35655.400000000009 2.5000000000000004 0.89900084757324283 33577.500000000007 44860.000000000007 16896.300000000003 32689.050000000003 3.5000000000000004 93.500000000000014 31616.550000000003 91.500000000000014 18533.385000000006 1237.6400000000001
decision_type=2 2 2 2 2 2 2 2 2 2 2 2 2 2 2 2 2 2 2 2 2 2 2 2 2
left_child=3 24 11 10 5 -4 7 9 -6 -5 20 12 -3 14 -8 -9 -15 19 -13 -12 22 -22 -1 -19 -2
right_child=1 2 4 6 8 -7 13 15 -10 -11 17 18 -14 16 -16 -17 -18 23 -20 -21 21 -23 -24 -25 -26
leaf_value=-1.4280534744262696 24.947503662109369 24.930972290039069 -1.6672244644165035 -4.078831173831766 12.996114857991538 15.574255425589422 1.5673348345735576 0.53447694466872653 2.2311129991622534 -1.4267895683795964 -6.1877487436930343 12.07902425130208 10.921871948242185 0.83334551312421512 8.4188338041305553 -0.7097260861561614 -0.45722285105901606 -7.1883377075195316 11.320629882812497 -6.3976237024579738 -1.4798014322916664 -1.7612417793273925 -1.2948821067810057 -7.2738740921020497 24.888300577799473
leaf_weight=3.9999999999999991 5 3.9999999999999982 5.0000000000000009 55 2.9999999999999991 14 64 88 68 199 14.999999999999998 3 3 38 2.9999999999999991 273 68 2.9999999999999991 3 28 3 5 3 4 3
leaf_count=4 5 4 5 55 3 14 64 88 68 199 15 3 3 38 3 273 68 3 3 28 3 5 3 4 3
internal_value=-0.0744818 7.22972 5.8553 -1.02497 4.44897 11.037 -0.671125 -1.06502 2.68597 -2.00105 -5.31466 15.5914 18.9271 0.729144 1.87412 -0.40643 0.00543373 -6.4522 11.6998 -6.32441 -1.52283 -1.6557 -1.37098 -7.23722 24.9253
internal_weight=964 111 103 853 90 19 788 615 71 254 65 13 7 173 67 361 106 50 6 43 15 8 7 7 8
internal_count=964 111 103 853 90 19 788 615 71 254 65 13 7 173 67 361 106 50 6 43 15 8 7 7 8
is_linear=0
shrinkage=0.05


Tree=18
num_leaves=26
num_cat=0
split_feature=3 2 4 1 4 4 3 8 4 2 4 1 0 0 4 0 0 6 0 2 2 0 2 2 1
split_gain=2.58346e+06 913720 498541 463432 433633 729906 185541 172404 153775 99956.6 62282.6 67212.8 56051.4 122080 32076.8 442.69 311.45 76.354 167.668 129.411 15.6726 6.26389 4.67797 1.24696 0.0505279
threshold=0.90256535388852899 1305.7150000000004 36662.500000000007 16896.300000000003 44735.000000000007 44810.000000000007 0.73070867066163459 2.5000000000000004 39295.000000000007 3350.3550000000005 30732.500000000004 31020.370000000006 34056.450000000004 35655.400000000009 43067.500000000007 34226.500000000007 32689.050000000003 91.500000000000014 32219.050000000007 17607.195000000003 18626.500000000004 39493.950000000004 17694.505000000001 17662.100000000002 11870.915000000003
decision_type=2 2 2 2 2 2 2 2 2 2 2 2 2 2 2 2 2 2 2 2 2 2 2 2 2
left_child=3 21 12 17 9 -6 7 8 -5 -4 15 -12 16 -14 -9 -8 -3 18 19 -1 -20 -2 23 -19 -24
right_child=1 2 4 6 5 -7 10 14 -10 -11 11 -13 13 -15 -16 -17 -18 22 20 -21 -22 -23 24 -25 -26
leaf_value=-5.7016114916120237 23.608739725748691 11.475072733561198 1.3842656661724222 -6.342054797984936 17.739982135479266 3.7520464234279864 3.0700125285557345 -0.83837811681186103 -2.1383793308798755 -6.2704878234863282 -0.66618813225675533 0.55768647909955316 23.684423828124995 11.331307220458982 1.5671870517730715 3.6552969932556145 10.754598490397132 -6.1775316874186199 -6.1164443969726543 -6.0941165924072251 -6.0225515842437751 23.700128173828123 -6.1023245493570952 -6.1348880767822251 -6.0941165924072251
leaf_weight=7.0000000000000018 3 2.9999999999999991 29 27 12.999999999999998 33 6.9999999999999982 182 112 4.9999999999999991 276 189 4 4 14.999999999999998 6 3 2.9999999999999991 10.000000000000002 3 7.9999999999999991 5 3 4 5
leaf_count=7 3 3 29 27 13 33 7 182 112 5 276 189 4 4 15 6 3 3 10 3 8 5 3 4 5
internal_value=-0.0781388 7.44419 6.06362 -0.973445 4.54036 7.70516 -0.706209 -1.60658 -2.95492 0.258567 -0.0733124 -0.168742 14.768 17.5079 -0.655213 3.34014 11.1148 -6.03228 -5.98352 -5.81936 -6.07471 23.6659 -6.12331 -6.15316 -6.09719
internal_weight=959 102 94 857 80 46 814 336 139 34 478 465 14 8 197 13 6 43 28 10 18 8 15 7 8
internal_count=959 102 94 857 80 46 814 336 139 34 478 465 14 8 197 13 6 43 28 10 18 8 15 7 8
is_linear=0
shrinkage=0.05


Tree=19
num_leaves=25
num_cat=0
split_feature=3 3 4 2 4 1 3 8 4 4 1 0 1 4 0 3 0 2 0 5 0 0 5 0
split_gain=2.64877e+06 1.02742e+06 435847 502420 425006 404484 183916 162445 106296 80210.5 111918 52777.2 51970 49083.1 40013.2 81892.8 5522.33 137.125 223.997 27.4768 4.05898 1.77934 1.41451 1.40456
threshold=0.90256535388852899 0.96250598957035427 36662.500000000007 3149.2600000000007 44735.000000000007 16896.300000000003 0.67315932126148648 2.5000000000000004 39295.000000000007 39497.500000000007 31301.605 34633.55000000001 32503.655000000006 43067.500000000007 36390.100000000013 0.92823219957511205 37820.900000000009 17607.195000000003 32650.700000000004 21.500000000000004 33352.150000000009 39995.850000000013 20.500000000000004 30347.350000000002
decision_type=2 2 2 2 2 2 2 2 2 2 2 2 2 2 2 2 2 2 2 2 2 2 2 2
left_child=5 2 14 11 -5 17 7 8 -7 12 -11 -4 -8 -9 15 -2 -3 18 19 -1 -20 -18 -19 -24
right_child=1 16 3 4 -6 6 9 13 -10 10 -12 -13 -14 -15 -16 -17 21 22 20 -21 -22 -23 23 -25
leaf_value=-5.4074748992919908 19.241518592834478 19.981450398763023 -1.7575179427862169 -2.2749409266880583 11.407354472478232 -6.3466066741943363 0.7217576427072504 -1.1433683779504564 -2.4464309967797377 -1.0720917300681274 0.5653992705384735 2.0460893994883489 7.3743268330891922 1.8946083466211956 8.7887763977050781 10.577315521240234 22.466494750976558 -5.8357652028401628 -5.7891080474853505 -5.5883354187011705 -5.8626742045084619 22.515202636718747 -5.8191871643066371 -5.7902727127075195
leaf_weight=7.0000000000000018 5.9999999999999982 2.9999999999999991 11.999999999999998 6.9999999999999991 30 25 137 117 58 300 160 38 2.9999999999999991 14.999999999999998 2.9999999999999991 5 3 3.0000000000000027 5 3 3 5 6.0000000000000027 13.999999999999998
leaf_count=7 6 3 12 7 30 25 137 117 58 300 160 38 3 15 3 5 3 3 5 3 3 5 6 14
internal_value=0.0690795 7.29981 5.7194 4.40181 8.81881 -0.876998 -0.633218 -1.88797 -3.62118 -0.1836 -0.50253 1.13322 0.864313 -0.798144 13.9073 15.3032 21.8109 -5.72286 -5.61949 -5.46173 -5.8167 22.4969 -5.80375 -5.79895
internal_weight=968 112 101 87 37 856 815 215 83 600 460 50 140 132 14 11 11 41 18 10 8 8 23 20
internal_count=968 112 101 87 37 856 815 215 83 600 460 50 140 132 14 11 11 41 18 10 8 8 23 20
is_linear=0
shrinkage=0.05


Tree=20
num_leaves=20
num_cat=0
split_feature=2 3 4 3 4 4 8 3 2 0 4 0 0 5 0 7 6 6 0
split_gain=1.99993e+06 946344 399240 352747 162333 236222 160938 172227 92110.6 84206.9 47135.3 10596.7 9002.09 6866.15 3526.8 175.604 270.84 12.4016 0.0474331
threshold=1416.2350000000004 0.88952589485976596 36662.500000000007 0.53456476313037216 42910.000000000007 44810.000000000007 2.5000000000000004 0.67315932126148648 7140.2050000000008 37444.500000000007 39905.000000000007 34518.900000000001 36701.650000000001 22.500000000000004 39111.600000000006 3.5000000000000004 91.500000000000014 82.500000000000014 40294.150000000009
decision_type=2 2 2 2 2 2 2 2 2 2 2 2 2 2 2 2 2 2 2
left_child=9 3 11 15 10 -6 7 -5 -8 -1 -4 13 -13 -3 -11 16 -2 -17 -16
right_child=1 2 4 6 5 -7 8 -9 -10 14 -12 12 -14 -15 18 17 -18 -19 -20
leaf_value=13.373869132995607 -5.1389239224520598 14.936474609375006 2.4294015369244986 -3.6129206809401513 6.6150534820556643 1.5042154751144923 1.0752636887775413 -0.94622283252517159 -0.563355001612456 23.49258524576824 -1.0841392258803049 8.8286910057067853 12.451955668131507 11.553637186686196 21.397387186686192 -5.4054002761840776 -5.5827423858642575 -5.5007891447647763 21.388495890299474
leaf_weight=3.9999999999999991 10.999999999999998 2.9999999999999982 13.999999999999998 80 40 52 116 249 329 2.9999999999999982 30 4 3 3 3 4.0000000000000027 4.9999999999999991 23 3
leaf_count=4 11 3 14 80 40 52 116 249 329 3 30 4 3 3 3 4 5 23 3
internal_value=-0.0705386 -0.3327 3.33188 -1.00103 2.53168 3.72632 -0.756145 -1.59466 -0.136209 19.4101 0.0338056 11.7032 10.3815 13.2451 22.0928 -5.40888 -5.27762 -5.48666 21.3929
internal_weight=979 966 149 817 136 92 774 329 445 13 44 13 7 6 9 43 16 27 6
internal_count=979 966 149 817 136 92 774 329 445 13 44 13 7 6 9 43 16 27 6
is_linear=0
shrinkage=0.05


Tree=21
num_leaves=19
num_cat=0
split_feature=3 3 4 3 7 1 2 4 4 7 7 0 0 1 0 6 0 0
split_gain=1.83556e+06 899986 476572 341460 428775 330647 120775 75601.5 69698.7 61340.6 51037.1 36834.5 124185 1991.88 381.328 130.305 8.97256 0.0419672
threshold=0.96250598957035427 0.90256535388852899 36662.500000000007 0.91135713532942064 5.5000000000000009 18766.640000000003 8070.2650000000003 37740.000000000007 36372.500000000007 1.0000000180025095e-35 2.5000000000000004 34056.450000000004 35655.400000000009 16896.300000000003 32689.050000000003 93.500000000000014 39111.600000000006 40294.150000000009
decision_type=2 2 2 2 2 2 2 2 2 2 2 2 2 2 2 2 2 2
left_child=1 5 11 4 -4 7 10 15 -8 -5 -7 14 -13 -9 -3 -1 -2 -18
right_child=16 2 3 9 -6 6 8 13 -10 -11 -12 12 -14 -15 -16 -17 17 -19
leaf_value=-1.1602830410003662 20.229173278808602 9.7947718302408866 -2.367375818888346 -2.5172796440124512 13.791606316199669 0.83987138206728662 -0.041316408109970587 -5.1460123538970954 -1.4761414458571929 1.728369198347393 -0.35979340426107442 21.020344257354743 9.2005323791503884 -6.0602757045200901 8.9975596110026022 -1.4456614375114443 20.327517700195308 20.319694519042965
leaf_weight=7.9999999999999991 3.9999999999999982 2.9999999999999991 6.0000000000000009 9.9999999999999982 13 158 117 40 306 57 202 3.9999999999999982 5 6.9999999999999991 3 7.9999999999999991 3 4
leaf_count=8 4 3 6 10 13 158 117 40 306 57 202 4 5 7 3 8 3 4
internal_value=-0.0183214 -0.254203 4.20685 2.77245 8.68877 -0.786787 -0.506401 -4.27159 -1.07927 1.09469 0.166726 12.4307 14.4538 -5.28218 9.39617 -1.30297 20.2889 20.323
internal_weight=958 947 101 86 19 846 783 63 423 67 360 15 9 47 6 16 11 7
internal_count=958 947 101 86 19 846 783 63 423 67 360 15 9 47 6 16 11 7
is_linear=0
shrinkage=0.05


Tree=22
num_leaves=27
num_cat=0
split_feature=3 3 8 3 1 4 4 3 8 4 4 4 6 3 7 4 1 1 1 1 2 6 4 1 1 1
split_gain=1.72031e+06 901217 408153 395046 305284 227311 170084 123794 99875.9 84733.1 62977.6 54458.6 45709.3 40716.4 41594.2 25977 4015.86 3791.41 1791.45 272.98 204.838 101.334 33.4216 26.9436 4.52787 0.0389309
threshold=0.90256535388852899 0.96250598957035427 2.5000000000000004 0.92412070868503149 18766.640000000003 36662.500000000007 44735.000000000007 0.73202031543998591 2.5000000000000004 39295.000000000007 37740.000000000007 30732.500000000004 90.500000000000014 0.91596059931540164 1.5000000000000002 43067.500000000007 36414.215000000011 34642.950000000004 16896.300000000003 27320.205000000005 13831.405000000001 91.500000000000014 34325.000000000007 37835.045000000006 18533.385000000006 38855.825000000004
decision_type=2 2 2 2 2 2 2 2 2 2 2 2 2 2 2 2 2 2 2 2 2 2 2 2 2 2
left_child=4 2 13 6 10 -5 -4 8 9 -6 20 19 -13 17 -15 -10 -3 -2 21 -9 -1 -12 -22 -18 -20 -25
right_child=1 16 3 5 7 -7 -8 11 15 -11 18 12 -14 14 -16 -17 23 -19 24 -21 22 -23 -24 25 -26 -27
leaf_value=-1.4707966995239259 -1.6663383801778164 17.133580525716148 5.6006831550598122 10.546332406997681 -5.2994568586349491 1.0263309138602226 13.656775243658769 2.8530380487442022 -0.70208127662176045 -1.794275850749016 -4.8323700831486631 0.24664808672907224 -0.8163376337842595 -2.4661246435982829 2.0761273039711847 1.408582653850317 19.123594156901046 -3.8433233896891275 -5.7108276367187507 3.2991855303446451 -1.1397805213928225 -4.9922982215881353 -0.93538643519083642 19.31114145914713 -5.7920873641967763 19.303086344401038
leaf_weight=4.9999999999999991 2.9999999999999982 2.9999999999999991 10.000000000000002 7.9999999999999991 20 29 19 7.9999999999999982 164 125 26 291 155 7.0000000000000027 18 15.999999999999998 2.9999999999999982 6 2.9999999999999991 6 5.9999999999999982 15.999999999999998 3 3 4 3
leaf_count=5 3 3 10 8 20 29 19 8 164 125 26 291 155 7 18 16 3 6 3 6 6 16 3 3 4 3
internal_value=-0.0536995 5.77038 4.21668 6.50939 -0.822917 3.08471 10.8788 -0.55416 -1.30116 -2.27775 -4.17172 -0.0263877 -0.122775 -0.233869 0.804297 -0.514467 18.7179 -3.11766 -5.01672 3.04424 -1.2142 -4.8933 -1.07165 19.2459 -5.75726 19.3071
internal_weight=960 112 100 66 848 37 29 785 325 145 63 460 446 34 25 180 12 9 49 14 14 42 9 9 7 6
internal_count=960 112 100 66 848 37 29 785 325 145 63 460 446 34 25 180 12 9 49 14 14 42 9 9 7 6
is_linear=0
shrinkage=0.05


Tree=23
num_leaves=19
num_cat=0
split_feature=2 3 4 2 4 3 3 8 0 0 3 6 7 5 7 6 6 2
split_gain=1.70041e+06 807140 356770 273911 322472 246388 117301 94689.3 50017.2 49331.8 80006.6 49050.1 29912.7 3512.8 134.922 232.015 13.6262 0.127337
threshold=1416.2350000000004 0.90256535388852899 36662.500000000007 3149.2600000000007 44735.000000000007 0.53456476313037216 0.67940466323897686 2.5000000000000004 37444.500000000007 36390.100000000013 0.9314720871953861 90.500000000000014 5.5000000000000009 21.500000000000004 3.5000000000000004 91.500000000000014 82.500000000000014 1237.6400000000001
decision_type=2 2 2 2 2 2 2 2 2 2 2 2 2 2 2 2 2 2
left_child=8 5 9 12 -5 14 7 -7 -1 10 -3 -8 -4 17 15 -2 -16 -10
right_child=1 2 3 4 -6 6 11 -9 13 -11 -12 -13 -14 -15 16 -17 -18 -19
leaf_value=11.597618993123373 -4.3850056542290581 19.565651464462288 1.3573376880751717 -3.509444114140102 8.3722318226291303 -2.805975997735831 0.16374344364678195 -0.67874774447707242 18.338789978027346 7.0470667521158834 9.5652359008789052 -0.76528613005454349 -1.3002411293486755 20.340163675944005 -4.837683868408198 -4.7864054361979163 -4.7234101676940918 18.325759887695309
leaf_weight=2.9999999999999991 8.9999999999999982 3.9999999999999982 36 6.9999999999999991 31 88 377 129 4.9999999999999982 3 4 228 14.999999999999998 3 3.0000000000000027 5.9999999999999991 20 3
leaf_count=3 9 4 36 7 31 88 377 129 5 3 4 228 15 3 3 6 20 3
internal_value=0.0206159 -0.231672 4.01998 2.97004 6.1835 -0.72605 -0.544086 -1.5414 17.3203 12.515 14.5654 -0.18637 0.575697 18.8811 -4.66223 -4.54557 -4.73832 18.3339
internal_weight=974 960 100 89 38 860 822 217 14 11 8 605 51 11 38 15 23 8
internal_count=974 960 100 89 38 860 822 217 14 11 8 605 51 11 38 15 23 8
is_linear=0
shrinkage=0.05


Tree=24
num_leaves=26
num_cat=0
split_feature=3 3 1 7 3 0 7 3 8 4 4 4 1 1 4 0 1 6 7 6 0 3 0 6 0
split_gain=1.44908e+06 652310 250501 243574 206049 415470 126596 110419 81715 91075.6 52285.7 50488.4 34911.1 28233.2 24530.9 2065.79 1748.26 205.596 98.3212 72.9594 48.7213 36.3234 11.0111 4.73257 0.0344114
threshold=0.90256535388852899 0.96532020591355583 18766.640000000003 1.0000000180025095e-35 0.92412070868503149 41380.400000000001 5.5000000000000009 0.75696842696433819 2.5000000000000004 39295.000000000007 38452.500000000007 37740.000000000007 31874.680000000004 32031.065000000006 43067.500000000007 41968.600000000013 16896.300000000003 86.500000000000014 3.5000000000000004 93.500000000000014 39111.600000000006 0.56668404674819206 31954.800000000003 93.500000000000014 40294.150000000009
decision_type=2 2 2 2 2 2 2 2 2 2 2 2 2 2 2 2 2 2 2 2 2 2 2 2 2
left_child=2 3 11 15 5 -5 -6 8 9 -4 13 19 -12 -9 -10 17 18 -2 -13 22 -3 -21 -1 -18 -22
right_child=1 20 7 4 6 -7 -8 10 14 -11 12 16 -14 -15 -16 -17 23 -19 -20 21 24 -23 -24 -25 -26
leaf_value=-1.0697493871053063 -2.1578351338704431 17.183979288736985 -4.9550199327014743 5.7387639332790767 4.320421773772086 22.497825622558594 -1.1558968603610993 1.2844744682312013 -0.57252544784035109 -1.4407327896810527 -0.49034260995002515 -4.31719030492446 0.53997433380308479 6.2729647159576416 1.3099917349062469 -3.3544853687286378 -5.3667841593424477 -1.6508883158365881 -4.4730463714599606 -1.3242609262466427 17.428862508138018 -1.0941052754720049 -0.94302988052368153 -5.2779719034830714 17.421778488159177
leaf_weight=2.9999999999999982 5.9999999999999982 2.9999999999999982 21 49 31 3.9999999999999991 15.999999999999998 52 194 151 218 17 132 2.9999999999999991 19 3.9999999999999991 2.9999999999999991 3 25 4 3 3 4 3 4
leaf_count=3 6 3 21 49 31 4 16 52 194 151 218 17 132 3 19 4 3 3 25 4 3 3 4 3 4
internal_value=0.0393143 5.1125 -0.693082 4.02931 4.86629 7.0036 2.45614 -0.452902 -1.05918 -1.8698 0.123441 -3.75344 -0.101766 1.55657 -0.404601 -2.40905 -4.52401 -1.98885 -4.40996 -1.11148 17.3526 -1.22562 -0.997338 -5.32238 17.4248
internal_weight=975 123 852 113 100 53 47 790 385 172 405 62 350 55 213 13 48 9 42 14 10 7 7 6 7
internal_count=975 123 852 113 100 53 47 790 385 172 405 62 350 55 213 13 48 9 42 14 10 7 7 6 7
is_linear=0
shrinkage=0.05


Tree=25
num_leaves=19
num_cat=0
split_feature=2 2 4 4 4 1 1 8 7 4 0 0 0 0 7 6 6 0
split_gain=1.44793e+06 659132 415210 256042 446012 223107 110273 90822.9 80009.1 51698.1 45427.7 37829.8 77576.7 3962.74 116.513 208.099 27.9814 0.0542441
threshold=1416.2350000000004 3829.1850000000004 36662.500000000007 44735.000000000007 44810.000000000007 16896.300000000003 26784.505000000001 2.5000000000000004 5.5000000000000009 39497.500000000007 37444.500000000007 34056.450000000004 35655.400000000009 38707.600000000006 3.5000000000000004 91.500000000000014 82.500000000000014 39995.850000000013
decision_type=2 2 2 2 2 2 2 2 2 2 2 2 2 2 2 2 2 2
left_child=10 2 11 8 -5 14 7 -7 -4 -8 -1 -2 -13 -12 15 -3 -16 -15
right_child=1 5 3 4 -6 6 9 -9 -10 -11 13 12 -14 17 16 -17 -18 -19
leaf_value=10.906337451934816 7.6156853485107421 -3.9479488719593387 0.33469599977783537 13.201087061564127 1.9888561876381148 -2.2378058773994449 1.2147432604510533 -0.53095149589333557 -7.0378209114074712 -0.21379226354195882 18.678349304199219 18.335888862609867 9.3465054829915353 16.542157491048172 -4.1018629709879511 -4.3140130996704107 -4.2642184547756035 16.55066192626953
leaf_weight=3.9999999999999991 4.9999999999999991 11.000000000000002 46 11.999999999999998 34 125 76 207 3.9999999999999991 380 2.9999999999999991 3.9999999999999982 6 3 3.0000000000000027 5.9999999999999991 23 5
leaf_count=4 5 11 46 12 34 125 76 207 4 380 3 4 6 3 3 6 23 5
internal_value=0.0570248 -0.188394 3.43045 2.22166 4.91379 -0.671778 -0.480398 -1.17359 -0.255105 0.024297 15.4693 11.1667 12.9423 17.1286 -4.17893 -4.07715 -4.24549 16.5475
internal_weight=957 942 111 96 46 831 788 332 50 456 15 15 10 11 43 17 26 8
internal_count=957 942 111 96 46 831 788 332 50 456 15 15 10 11 43 17 26 8
is_linear=0
shrinkage=0.05


Tree=26
num_leaves=27
num_cat=0
split_feature=3 3 4 1 4 4 1 4 4 0 4 3 0 0 1 4 4 3 1 0 6 6 0 0 0 5
split_gain=1.14586e+06 529734 279646 220962 168865 190764 83805.6 76134.9 67020.1 94289.5 60854.8 58198.9 187523 46823.1 42011 37951.5 29880.2 28240.7 2194.98 794.101 115.429 69.3064 67.7621 17.5234 4.53949 3.65668
threshold=0.90256535388852899 0.96250598957035427 36662.500000000007 18766.640000000003 44065.000000000007 44810.000000000007 26784.505000000001 39497.500000000007 46105.000000000007 36492.000000000007 40910.000000000007 0.92823219957511205 35655.400000000009 40975.700000000004 32031.065000000006 37740.000000000007 36372.500000000007 0.86337860569931335 16896.300000000003 37820.900000000009 93.500000000000014 81.500000000000014 39111.600000000006 32054.050000000007 31616.550000000003 21.500000000000004
decision_type=2 2 2 2 2 2 2 2 2 2 2 2 2 2 2 2 2 2 2 2 2 2 2 2 2 2
left_child=3 2 11 15 10 -6 8 17 16 -10 -4 12 -2 19 -9 20 -5 -8 21 -3 25 -17 -21 -22 -20 -1
right_child=1 13 4 6 5 -7 7 14 9 -11 -12 -13 -14 -15 -16 18 -18 -19 24 22 23 -23 -24 -25 -26 -27
leaf_value=-0.97595284779866565 22.977508544921882 14.66043955485026 0.086010658039766194 -0.14011616080447481 7.0302663124524631 1.4416954405807161 1.2869242370980127 -0.64376906510074383 -11.569568634033203 -2.3111822850776442 -6.1890693664550787 6.4649011230468751 6.4405510902404774 8.3071301778157558 0.47665454784333711 -3.7648742675781253 -1.2060985965742952 6.2409609476725265 -4.9862782478332521 15.426466369628901 -1.3042949676513669 -4.0140469074249268 15.727048339843748 -1.1444355805714923 -4.9049143473307275 -0.89788575172424301
leaf_weight=2.9999999999999982 2.9999999999999982 2.9999999999999991 17.000000000000004 108 26 37 70 253 2.9999999999999991 33 4.9999999999999991 5 4 2.9999999999999991 125 2.9999999999999991 168 2.9999999999999991 3.9999999999999991 3 4 40 5 3 3 3
leaf_count=3 3 3 17 108 26 37 70 253 3 33 5 5 4 3 125 3 168 3 4 3 4 40 5 3 3 3
internal_value=-0.0176353 4.7521 3.43985 -0.658605 2.43114 3.74809 -0.423616 0.0122302 -1.05364 -3.08271 -1.34014 10.5849 13.5278 13.8441 -0.273259 -3.50458 -0.788975 1.49051 -4.13033 15.3542 -1.09785 -3.99666 15.6143 -1.23578 -4.95141 -0.936919
internal_weight=937 111 97 826 85 63 763 451 312 36 22 12 7 14 378 63 276 73 50 11 13 43 8 7 7 6
internal_count=937 111 97 826 85 63 763 451 312 36 22 12 7 14 378 63 276 73 50 11 13 43 8 7 7 6
is_linear=0
shrinkage=0.05


Tree=27
num_leaves=27
num_cat=0
split_feature=2 2 4 4 4 2 8 4 4 7 0 0 7 2 4 4 7 4 8 4 1 4 0 5 0 0
split_gain=1.14033e+06 537317 321551 248762 512308 201077 110256 120184 63652.3 56920.6 54923 140870 39403.9 48540.5 37972.3 37549.3 26811.6 17632.1 11092.6 10493 9459.21 4230.4 3017.4 2842.98 77.194 9.7005
threshold=3829.1850000000004 1416.2350000000004 36662.500000000007 44735.000000000007 44810.000000000007 11795.345000000003 2.5000000000000004 39295.000000000007 46105.000000000007 5.5000000000000009 34056.450000000004 35655.400000000009 4.5000000000000009 5761.1000000000013 47555.000000000007 43067.500000000007 1.0000000180025095e-35 39497.500000000007 2.5000000000000004 45602.500000000007 16896.300000000003 39497.500000000007 38286.05000000001 21.500000000000004 40721.450000000004 39493.950000000004
decision_type=2 2 2 2 2 2 2 2 2 2 2 2 2 2 2 2 2 2 2 2 2 2 2 2 2 2
left_child=1 22 10 9 -5 12 7 20 -9 -4 -3 -12 13 14 -2 17 -15 -8 19 -14 -7 -20 -1 -17 25 -24
right_child=5 2 3 4 -6 6 15 8 -10 -11 11 -13 18 16 -16 23 -18 -19 21 -21 -22 -23 24 -25 -26 -27
leaf_value=13.146287027994791 2.0671403652429583 5.9405522346496582 0.40673311154047653 12.69831527709961 1.7438588519354123 -3.7754484218099842 -0.46634040717567721 0.69168699251917698 -2.4034337267927501 -6.6924505869547533 21.828633117675789 8.5588157653808583 -1.822275334596634 0.59311448044329884 -0.46645797150475643 2.857906559535436 -0.36293487565896732 -1.8987032828792447 0.20369958721101283 -0.54658768618548359 -4.9999572753906252 -0.65197830819166624 14.810194905598962 1.0182041247685747 15.184402974446611 14.937346394856768
leaf_weight=2.9999999999999991 50 3.9999999999999991 48 14.999999999999998 37 46 70 26 46 2.9999999999999991 2.9999999999999982 6 40 100 21 6.9999999999999982 275 31 20 27 24 52 2.9999999999999982 3 3 3
leaf_count=3 50 4 48 15 37 46 70 26 46 3 3 6 40 100 21 7 275 31 20 27 24 52 3 3 3 3
internal_value=0.0519458 4.44749 3.40555 2.47032 4.9038 -0.61945 -1.79718 -2.72003 -1.28575 -0.0108659 10.8155 12.9821 -0.110106 0.118982 1.31777 -0.61661 -0.107988 -0.905977 -0.845164 -1.30819 -4.19528 -0.41429 14.5196 2.306 14.9773 14.8738
internal_weight=966 128 116 103 52 838 253 142 72 51 13 9 585 446 71 111 375 101 139 67 70 72 12 10 9 6
internal_count=966 128 116 103 52 838 253 142 72 51 13 9 585 446 71 111 375 101 139 67 70 72 12 10 9 6
is_linear=0
shrinkage=0.05


Tree=28
num_leaves=19
num_cat=0
split_feature=2 3 4 8 3 4 4 2 7 6 7 0 4 0 0 0 0 0
split_gain=900970 476293 245434 140402 171029 127016 306808 53631 36719.9 32635.7 31152.9 29294.9 22497.5 13449.5 21252.3 7375.72 3527.24 30.7368
threshold=1416.2350000000004 0.88541603609000574 36662.500000000007 2.5000000000000004 0.62524290705928209 42910.000000000007 44810.000000000007 7140.2050000000008 1.0000000180025095e-35 93.500000000000014 5.5000000000000009 37444.500000000007 33577.500000000007 34056.450000000004 35655.400000000009 34427.200000000004 39111.600000000006 40721.450000000004
decision_type=2 2 2 2 2 2 2 2 2 2 2 2 2 2 2 2 2 2
left_child=11 3 13 4 15 10 -7 8 -5 -6 -4 -1 -9 -3 -15 -2 -13 -18
right_child=1 2 5 7 9 6 -8 12 -10 -11 -12 16 -14 14 -16 -17 17 -19
leaf_value=9.3066881179809577 -3.9354361711922339 6.6146283721923824 0.11186606287956238 2.7528747715055943 -0.66436498543947053 6.0113199213655983 0.17623942661099137 0.28861200713916968 0.4225845575740893 -1.9969006015020505 -3.5255709477833346 16.411789449055995 -0.62540236907116931 13.285036945343021 8.1308750788370769 -1.3939865748087565 14.198847452799477 14.425183614095047
leaf_weight=2.9999999999999991 59 4.9999999999999991 37 22 237 41 50 92 73 57 6.9999999999999991 2.9999999999999982 251 2.9999999999999982 6 2.9999999999999991 3 3
leaf_count=3 59 5 37 22 237 41 50 92 73 57 7 3 251 3 6 3 3 3
internal_value=-0.0284661 -0.20171 2.39228 -0.688492 -1.42598 1.73879 2.80523 -0.089068 0.962231 -0.922714 -0.466817 13.5856 -0.380244 8.69382 9.84893 -3.81246 15.0119 14.312
internal_weight=955 943 149 794 356 135 91 438 95 294 44 12 343 14 9 62 9 6
internal_count=955 943 149 794 356 135 91 438 95 294 44 12 343 14 9 62 9 6
is_linear=0
shrinkage=0.05


Tree=29
num_leaves=26
num_cat=0
split_feature=3 2 4 1 3 4 1 8 0 1 4 4 4 0 3 4 4 7 0 1 2 2 7 6 0
split_gain=893804 389941 210879 156040 147350 282874 63742.5 58091.1 53516.7 49807 47980.4 44358.9 43222 31760.2 38924.6 23277.5 17084.7 8501.22 3096.89 2846.23 858.545 236.631 106.739 78.6012 43.4123
threshold=0.90256535388852899 1416.2350000000004 36662.500000000007 19323.125000000004 0.92412070868503149 44735.000000000007 32549.805000000004 2.5000000000000004 37444.500000000007 24576.455000000005 44860.000000000007 44395.000000000007 37740.000000000007 35655.400000000009 0.9314720871953861 33577.500000000007 39905.000000000007 2.5000000000000004 38707.600000000006 16896.300000000003 13304.635000000002 14118.490000000003 3.5000000000000004 93.500000000000014 40721.450000000004
decision_type=2 2 2 2 2 2 2 2 2 2 2 2 2 2 2 2 2 2 2 2 2 2 2 2 2
left_child=3 8 13 12 5 -4 7 9 -2 -5 11 -8 20 14 -3 -9 -6 -12 -10 22 -1 -22 -14 -21 -20
right_child=1 2 4 6 16 -7 10 15 18 -11 17 -13 19 -15 -16 -17 -18 -19 24 23 21 -23 -24 -25 -26
leaf_value=-0.028153578440348277 6.5219497044881187 14.514536046981815 -1.3312419973313809 -2.4542937057161773 1.4592222820628775 6.8548130742965201 1.2986264543099839 0.62179707278367846 15.48024037679037 -0.76188335943916996 0.95742473602294931 5.448645687103272 -3.2935070395469666 5.9469712066650384 7.539164733886718 -0.33963392463662934 -0.90538347256183627 -0.31656116936720902 13.452309417724607 -4.6260847091674808 -1.2818984746932973 -0.84212546348571782 -3.4543786081774486 -4.2875189463297518 13.703923543294266
leaf_weight=3.0000000000000027 2.9999999999999991 3.9999999999999982 15.999999999999998 54 10.999999999999998 31 33 79 2.9999999999999982 223 17 7.9999999999999991 15.999999999999998 5 4 310 25 57 4 3.9999999999999991 4.0000000000000027 12.999999999999998 29 3 3
leaf_count=3 3 4 16 54 11 31 33 79 3 223 17 8 16 5 4 310 25 57 4 4 4 13 29 3 3
internal_value=-0.0112542 4.25223 3.15173 -0.556061 2.22429 4.06807 -0.35073 -0.538433 12.379 -1.09181 0.736314 2.10839 -2.78333 9.07305 11.0269 -0.144382 -0.182865 -0.0238887 14.1362 -3.54308 -0.807984 -0.945601 -3.39718 -4.48099 13.5601
internal_weight=962 109 96 853 83 47 781 666 13 277 115 41 72 13 8 389 36 74 10 52 20 17 45 7 7
internal_count=962 109 96 853 83 47 781 666 13 277 115 41 72 13 8 389 36 74 10 52 20 17 45 7 7
is_linear=0
shrinkage=0.05


end of trees

feature_importances:
total_load=173
thermal_on_capacity=125
thermal_space_load_ratio=94
renewable_power=71
net_load=70
weekday=59
period=55
month=35
hour=19

parameters:
[boosting: gbdt]
[objective: regression]
[metric: rmse]
[tree_learner: serial]
[device_type: cpu]
[data_sample_strategy: bagging]
[data: ]
[valid: ]
[num_iterations: 400]
[learning_rate: 0.05]
[num_leaves: 31]
[num_threads: 0]
[seed: 42]
[deterministic: 0]
[force_col_wise: 0]
[force_row_wise: 0]
[histogram_pool_size: -1]
[max_depth: 5]
[min_data_in_leaf: 3]
[min_sum_hessian_in_leaf: 0.001]
[bagging_fraction: 0.85]
[pos_bagging_fraction: 1]
[neg_bagging_fraction: 1]
[bagging_freq: 1]
[bagging_seed: 400]
[bagging_by_query: 0]
[feature_fraction: 0.85]
[feature_fraction_bynode: 1]
[feature_fraction_seed: 30056]
[extra_trees: 0]
[extra_seed: 12879]
[early_stopping_round: 0]
[early_stopping_min_delta: 0]
[first_metric_only: 0]
[max_delta_step: 0]
[lambda_l1: 0]
[lambda_l2: 0]
[linear_lambda: 0]
[min_gain_to_split: 0]
[drop_rate: 0.1]
[max_drop: 50]
[skip_drop: 0.5]
[xgboost_dart_mode: 0]
[uniform_drop: 0]
[drop_seed: 17869]
[top_rate: 0.2]
[other_rate: 0.1]
[min_data_per_group: 100]
[max_cat_threshold: 32]
[cat_l2: 10]
[cat_smooth: 10]
[max_cat_to_onehot: 4]
[top_k: 20]
[monotone_constraints: ]
[monotone_constraints_method: basic]
[monotone_penalty: 0]
[feature_contri: ]
[forcedsplits_filename: ]
[refit_decay_rate: 0.9]
[cegb_tradeoff: 1]
[cegb_penalty_split: 0]
[cegb_penalty_feature_lazy: ]
[cegb_penalty_feature_coupled: ]
[path_smooth: 0]
[interaction_constraints: ]
[verbosity: -1]
[saved_feature_importance_type: 0]
[use_quantized_grad: 0]
[num_grad_quant_bins: 4]
[quant_train_renew_leaf: 0]
[stochastic_rounding: 1]
[linear_tree: 0]
[max_bin: 255]
[max_bin_by_feature: ]
[min_data_in_bin: 3]
[bin_construct_sample_cnt: 200000]
[data_random_seed: 175]
[is_enable_sparse: 1]
[enable_bundle: 1]
[use_missing: 1]
[zero_as_missing: 0]
[feature_pre_filter: 1]
[pre_partition: 0]
[two_round: 0]
[header: 0]
[label_column: ]
[weight_column: ]
[group_column: ]
[ignore_column: ]
[categorical_feature: ]
[forcedbins_filename: ]
[precise_float_parser: 0]
[parser_config_file: ]
[objective_seed: 16083]
[num_class: 1]
[is_unbalance: 0]
[scale_pos_weight: 1]
[sigmoid: 1]
[boost_from_average: 1]
[reg_sqrt: 0]
[alpha: 0.9]
[fair_c: 1]
[poisson_max_delta_step: 0.7]
[tweedie_variance_power: 1.5]
[lambdarank_truncation_level: 30]
[lambdarank_norm: 1]
[label_gain: ]
[lambdarank_position_bias_regularization: 0]
[eval_at: ]
[multi_error_top_k: 1]
[auc_mu_weights: ]
[num_machines: 1]
[local_listen_port: 12400]
[time_out: 120]
[machine_list_filename: ]
[machines: ]
[gpu_platform_id: -1]
[gpu_device_id: -1]
[gpu_use_dp: 0]
[num_gpu: 1]

end of parameters

pandas_categorical:[]
