tree
version=v4
num_class=1
num_tree_per_iteration=1
label_index=0
max_feature_idx=10
objective=regression
feature_names=total_load net_load renewable_power thermal_space_load_ratio thermal_on_capacity hour period weekday month is_weekend is_holiday
feature_infos=[26780.099999999999:38190.699999999997] [9620.2999999999993:35657.659999999996] [1615.1700000000001:19128.880000000001] [0.33550603334030826:0.95508263646906033] [27170:47015] [0:5] [1:24] [0:6] [2:4] [0:1] none
tree_sizes=2648 2800 2680 2826 2828 2775 2869 2782 2724

Tree=0
num_leaves=30
num_cat=0
split_feature=8 2 0 4 4 4 2 2 4 4 7 2 7 0 4 4 2 4 1 2 1 0 0 0 2 2 0 1 0
split_gain=9.02964e+06 5.17815e+06 4.51772e+06 3.5295e+06 4.33239e+06 2.26075e+06 857050 723436 483771 431041 389752 427952 386025 172232 165823 138377 105001 98611.2 79705.4 44571.5 43260.1 20524 10115.8 8640 8178.48 5468.19 2757.18 1572.55 870.732
threshold=2.5000000000000004 2931.3000000000006 31300.250000000004 44395.000000000007 44810.000000000007 44735.000000000007 5822.9400000000014 8036.1450000000013 42195.000000000007 36662.500000000007 1.5000000000000002 6695.1350000000011 1.5000000000000002 37580.600000000006 37010.000000000007 46105.000000000007 4473.7050000000008 39715.000000000007 17812.225000000002 4655.920000000001 23918.125000000004 35404.900000000009 35404.900000000009 31532.500000000004 7850.670000000001 7977.7900000000009 31646.400000000005 33587.555 31157.100000000002
decision_type=2 2 2 2 2 2 2 2 2 2 2 2 2 2 2 2 2 2 2 2 2 2 2 2 2 2 2 2 2
left_child=2 3 10 17 5 -5 9 13 23 12 11 16 -3 19 18 -10 -1 26 -8 -4 -16 -11 -19 -9 -12 -13 -2 -6 -26
right_child=1 6 7 4 27 -7 14 8 15 21 24 25 -14 -15 20 -17 -18 22 -20 -21 -22 -23 -24 -25 28 -27 -28 -29 -30
leaf_value=247.17785665424037 265.42785690855351 272.59309466228541 262.86876612661916 278.66035711200402 262.76422067207375 302.14928675154783 258.92193702055386 250.17785678139694 258.14433023694664 261.90025286904341 249.84452344806363 261.09452370237676 264.96608480268867 272.87785741370288 258.78028312316474 255.00236673491449 252.12073775702939 262.46469914097327 261.98200038381708 260.44049509246651 260.11400431812706 263.09802368021639 264.09627806826433 247.17785665424037 247.17785665424037 258.7263185976467 267.00728523438823 263.60967521752826 247.92785665424037
leaf_weight=22 2.9999999999999991 21 22 20 11.000000000000002 21 25 2.9999999999999991 112 96 2.9999999999999991 2.9999999999999991 79 2.9999999999999991 115 51 21 19 143 134 129 57 19 11.999999999999998 119 12.999999999999998 35 10.999999999999998 3.9999999999999991
leaf_count=22 3 21 22 20 11 21 25 3 112 96 3 3 79 3 115 51 21 19 143 134 129 57 19 12 119 13 35 11 4
internal_value=260.234 263.559 255.114 272.336 281.087 290.691 261.724 258.56 256.371 264.015 248.836 252.189 266.568 261.011 260.318 257.161 249.592 265.082 261.527 260.783 259.485 262.346 263.28 247.778 247.265 259.17 266.883 263.187 247.202
internal_weight=1326 804 522 139 63 41 665 337 178 253 185 59 100 159 412 163 43 76 168 156 244 153 38 15 126 16 38 22 123
internal_count=1326 804 522 139 63 41 665 337 178 253 185 59 100 159 412 163 43 76 168 156 244 153 38 15 126 16 38 22 123
is_linear=0
shrinkage=1


Tree=1
num_leaves=31
num_cat=0
split_feature=8 3 0 7 1 2 2 0 1 8 7 7 2 2 8 0 3 2 1 3 3 3 2 0 7 2 2 1 1 2
split_gain=8.11164e+06 3.815e+06 3.7807e+06 1.44968e+06 5.07052e+06 990371 784836 980826 705890 525443 690800 444238 406352 155387 121103 115032 95147.5 93305.7 89499.3 146733 59847.6 49020.4 42254.4 14676.5 11361.3 7534.46 6337.69 1439.57 500.585 9.12064
threshold=2.5000000000000004 0.91745077520649243 31300.250000000004 5.5000000000000009 33373.820000000007 5617.9850000000015 2687.0100000000007 35564.750000000007 23495.985000000001 3.5000000000000004 1.5000000000000002 1.5000000000000002 6695.1350000000011 7916.4750000000013 3.5000000000000004 34699.850000000006 0.57137568970002184 4473.7050000000008 19276.285000000003 0.66091787489538689 0.72170206856628794 0.93075747102203887 4393.1050000000005 34852.05000000001 4.5000000000000009 7744.0250000000005 7977.7900000000009 33587.555 18410.635000000002 7916.4750000000013
decision_type=2 2 2 2 2 2 2 2 2 2 2 2 2 2 2 2 2 2 2 2 2 2 2 2 2 2 2 2 2 2
left_child=2 5 11 6 21 9 15 -8 18 23 -11 12 17 22 20 -3 -16 -1 28 -20 -7 -5 -10 -2 -15 -13 -14 -6 -4 -27
right_child=1 3 8 4 27 14 7 -9 13 10 -12 25 26 24 16 -17 -18 -19 19 -21 -22 -23 -24 -25 -26 29 -28 -29 -30 -31
leaf_value=-12.358892822265625 1.4374737073790353 7.1102695973714196 -2.0905915021896364 44.159202067057294 2.4390616677024144 -1.4318637585421223 9.6888452212015768 36.046983032226564 2.6361071153120563 14.025302093505861 4.5950019682960948 -9.8255596160888672 0.74527380466461135 -2.5593588118459665 -0.96444236692928131 3.0720464048714473 1.738151509833747 -7.4660120105743406 -7.8665808864261795 -3.5348611649344948 0.17113385642766954 38.442535400390625 0.28120627939491205 2.4976392271939449 -1.2750822452398447 -12.447781880696615 -1.3493928175706129 3.2917385737101235 -1.4447165489196778 -12.359517822265625
leaf_weight=19 53 45 11.999999999999998 5.9999999999999991 11.000000000000002 109 12.000000000000002 4.9999999999999991 22 25 87 2.9999999999999991 5.0000000000000027 51 42 29 145 20 46 34 125 9.9999999999999982 142 85 26 2.9999999999999991 12.999999999999998 8.9999999999999982 3.9999999999999991 120
leaf_count=19 53 45 12 6 11 109 12 5 22 25 87 3 5 51 42 29 145 20 46 34 125 10 142 85 26 3 13 9 4 120
internal_value=0.000402659 3.16681 -4.85882 11.1133 19.6066 1.66278 7.75332 17.4412 -1.71711 4.15553 6.69998 -10.6444 -6.98167 -0.272837 0.182527 5.52772 1.13115 -9.84972 -5.34285 -6.0256 -0.575562 40.5863 0.597108 2.09047 -2.12571 -12.3013 -0.767541 2.82277 -1.92912 -12.3617
internal_weight=1318 798 520 127 36 671 91 17 337 250 112 183 57 241 421 74 187 39 96 80 234 16 164 138 77 126 18 20 16 123
internal_count=1318 798 520 127 36 671 91 17 337 250 112 183 57 241 421 74 187 39 96 80 234 16 164 138 77 126 18 20 16 123
is_linear=0
shrinkage=0.05


Tree=2
num_leaves=29
num_cat=0
split_feature=3 0 4 4 4 3 8 0 4 4 7 0 4 4 0 1 1 1 1 0 6 1 0 1 0 0 3 0
split_gain=8.10894e+06 5.41005e+06 3.25127e+06 3.51047e+06 1.8887e+06 1.83617e+06 1.09572e+06 864480 840497 709304 627291 167895 111255 92241.6 43777.4 36589.2 32272.8 59019.8 21712.3 7289.1 4759.97 1334.97 1023.77 538.363 166.369 91.875 56.25 7.60988
threshold=0.91745077520649243 29601.600000000002 44395.000000000007 44810.000000000007 44735.000000000007 0.75203333697763064 2.5000000000000004 35172.30000000001 35390.000000000007 42195.000000000007 1.5000000000000002 31056.800000000007 37010.000000000007 39715.000000000007 34719.250000000007 31356.005000000001 22193.015000000003 25395.530000000006 22460.235000000004 35404.900000000009 23.500000000000004 33587.555 33464.05000000001 20673.950000000004 32517.000000000004 36829.200000000004 0.93347885784342155 34056.600000000006
decision_type=2 2 2 2 2 2 2 2 2 2 2 2 2 2 2 2 2 2 2 2 2 2 2 2 2 2 2 2
left_child=1 16 13 4 7 6 9 -4 10 -3 -7 -10 -8 22 -6 -15 20 18 -18 -17 23 26 24 -1 -2 -23 -5 -24
right_child=2 5 3 21 14 8 12 -9 11 -11 -12 -13 -14 15 -16 19 17 -19 -20 -21 -22 25 27 -25 -26 -27 -28 -29
leaf_value=-11.742508810537833 5.8961917059762108 -9.2091802850136393 11.52117838859558 2.5398359298706028 36.943170547485344 13.720032537551155 0.97772913471100831 33.775951131184897 -5.0646777131340723 -2.9865363695160037 4.0917885517251902 1.1925206723653874 -1.0059529487113035 -2.8924580574035645 41.951243082682296 1.9882532706627474 -9.8577362060546818 -11.740948486328126 -5.2398790631975443 3.5419992870754671 -10.192923431396485 3.0549293518066403 6.7941223144531255 -12.199552263532368 6.1560377987948334 3.4049293518066399 2.2898359298706055 6.6815029144287097
leaf_weight=81 14.000000000000005 65 16.000000000000004 3.0000000000000027 16.000000000000004 21 126 5.9999999999999991 10.999999999999998 155 87 422 161 2.9999999999999991 5.9999999999999991 13.000000000000002 4.0000000000000018 14.999999999999998 7 18 4.9999999999999991 5 2.9999999999999991 6.9999999999999991 10.999999999999998 3 8.9999999999999982 3
leaf_count=81 14 65 16 3 16 21 126 6 11 155 87 422 161 3 6 13 4 15 7 18 5 5 3 7 11 3 9 3
internal_value=0.159538 -1.15541 12.0552 20.0548 27.9498 -0.00824032 -2.17017 17.5907 2.01782 -4.82504 5.96395 1.03356 -0.135068 4.17871 38.309 2.38017 -11.2582 -9.70094 -6.9191 2.89043 -11.6936 2.68587 6.15129 -11.7789 6.01052 3.18618 2.35234 6.73781
internal_weight=1296 1167 129 64 44 1048 507 22 541 220 108 433 287 65 22 34 119 26 11 31 93 20 31 88 25 8 12 6
internal_count=1296 1167 129 64 44 1048 507 22 541 220 108 433 287 65 22 34 119 26 11 31 93 20 31 88 25 8 12 6
is_linear=0
shrinkage=0.05


Tree=3
num_leaves=31
num_cat=0
split_feature=1 0 3 4 4 4 4 4 0 7 7 6 4 1 0 3 4 0 1 2 1 1 0 0 1 0 1 1 1 6
split_gain=6.92962e+06 3.46043e+06 3.3465e+06 2.77597e+06 3.20172e+06 1.50173e+06 922604 821382 668385 546434 525092 861968 267791 131934 116136 90422.8 68932.7 40715.9 22073 18182.3 17643.9 29001.5 31650.9 7459.95 7030.94 848.058 840.786 86.9951 16.2983 9.16816
threshold=26470.515000000003 29601.600000000002 0.91745077520649243 44395.000000000007 44810.000000000007 44735.000000000007 36662.500000000007 37740.000000000007 31300.250000000004 1.5000000000000002 1.5000000000000002 9.5000000000000018 46105.000000000007 29657.880000000005 37580.600000000006 0.57137568970002184 39715.000000000007 32142.300000000003 29252.525000000005 6749.9850000000015 21189.960000000003 25395.530000000006 28316.150000000005 35404.900000000009 16765.575000000004 33464.05000000001 33587.555 25989.100000000002 19516.660000000003 23.500000000000004
decision_type=2 2 2 2 2 2 2 2 2 2 2 2 2 2 2 2 2 2 2 2 2 2 2 2 2 2 2 2 2 2
left_child=1 20 6 16 5 -5 10 15 9 -9 11 -2 -10 17 -15 24 25 -8 -12 -17 28 22 -22 -18 -3 -4 -6 -23 29 -1
right_child=2 7 3 4 26 -7 13 8 12 -11 18 -13 -14 14 -16 19 23 -19 -20 -21 21 27 -24 -25 -26 -27 -28 -29 -30 -31
leaf_value=-11.153791809082032 27.714507675170889 -1.3811303578890288 5.7363191445668527 16.967375988430447 2.2190940856933588 36.64861232212612 -4.9112920761108398 -1.5751039297684379 -1.5071075085110177 -11.29224108182467 3.9413863352366856 6.6781589508056642 -5.261287193638938 1.7548833934420889 9.4825880527496338 3.056734121413458 1.7203891944885255 0.18749716200135849 5.9541205512152784 1.4629230230307777 -10.798998859950474 -11.153900909423825 -6.316161727905274 3.250217875312357 -0.15106141652379718 6.4009218215942383 2.8852383507622612 -11.448850250244142 -11.275824737548829 -11.231270599365235
leaf_weight=84 7.0000000000000027 26 24.000000000000004 18 10.000000000000002 21 3.9999999999999991 23 313 39 56 15.999999999999998 56 176 4.9999999999999991 21 14.999999999999998 185 18 121 6.9999999999999991 15.000000000000002 8.9999999999999982 17 21 5.9999999999999991 8.9999999999999982 2.9999999999999991 2.9999999999999991 3.9999999999999991
leaf_count=84 7 26 24 18 10 21 4 23 313 39 56 16 56 176 5 21 15 185 18 121 7 15 9 17 21 6 9 3 3 4
internal_value=-0.00768477 -3.20889 4.05517 11.5027 19.3654 27.565 2.14145 -1.6788 -2.88395 -7.6875 6.4819 13.0805 -2.07685 1.00355 1.96836 1.06944 4.14737 0.0795863 4.43097 1.69863 -10.7981 -9.82628 -8.2774 2.53311 -0.831525 5.86924 2.53464 -11.2031 -11.1612 -11.1573
internal_weight=1332 745 587 120 58 39 467 620 431 62 97 23 369 370 181 189 62 189 74 142 125 34 16 32 47 30 19 18 91 88
internal_count=1332 745 587 120 58 39 467 620 431 62 97 23 369 370 181 189 62 189 74 142 125 34 16 32 47 30 19 18 91 88
is_linear=0
shrinkage=0.05


Tree=4
num_leaves=31
num_cat=0
split_feature=1 0 3 7 1 8 8 2 0 1 7 2 7 8 1 3 3 3 2 3 0 1 1 1 1 1 1 1 2 1
split_gain=6.22798e+06 3.32776e+06 2.93615e+06 1.41565e+06 4.43696e+06 872464 717440 586517 525858 458182 332166 930350 325800 130570 103427 81129.1 71278.2 60118.6 50317.8 33721.5 29115.9 27379 21691.5 52377.4 20121.7 13981.5 967.939 519.814 78.1741 14.7683
threshold=26676.525000000005 29601.600000000002 0.91745077520649243 5.5000000000000009 33373.820000000007 2.5000000000000004 3.5000000000000004 2687.0100000000007 35564.750000000007 23034.955000000005 1.5000000000000002 4555.8900000000003 3.5000000000000004 3.5000000000000004 30864.575000000004 0.57137568970002184 0.84230144182123412 0.93838607079151393 4601.9650000000011 0.82731246954709381 33464.05000000001 22753.240000000005 22193.015000000003 25395.530000000006 29252.525000000005 22578.870000000003 33587.555 21995.930000000004 2390.1100000000001 19516.660000000003
decision_type=2 2 2 2 2 2 2 2 2 2 2 2 2 2 2 2 2 2 2 2 2 2 2 2 2 2 2 2 2 2
left_child=1 22 6 7 20 9 14 17 -9 12 11 -8 -3 21 19 -15 -16 -4 -11 -2 -5 -7 27 25 -12 -24 -6 29 -25 -1
right_child=2 5 3 4 26 13 10 8 -10 18 24 -13 -14 15 16 -17 -18 -19 -20 -21 -22 -23 23 28 -26 -27 -28 -29 -30 -31
leaf_value=-10.59930237479832 -0.09900633505799554 -3.1328162585479626 5.6845887764640475 32.209570312499984 2.120071237737482 -1.582927357632181 23.759473503960493 10.296150647676905 31.0274658203125 -7.850618584950765 3.7066324845799863 3.6647576570510867 -7.9743095619870097 -0.78457897156476974 8.3532435035705568 1.6666215682029724 2.204077638649359 2.2761985778808596 -1.2997182738035917 1.0487748623454298 36.043357496995192 -0.28814288034662605 -8.1309350013732864 -10.876408131917305 5.6415291680230037 -4.1649343109130852 2.7833754106001423 -11.082725397745769 -10.595152500697544 -10.71203333536784
leaf_weight=92 110 69 46 8.0000000000000018 11.000000000000002 69 9.0000000000000018 13.000000000000002 3.9999999999999991 2.9999999999999991 53 15.999999999999998 70 44 4.9999999999999991 145 82 18 128 153 12.999999999999998 100 4.0000000000000018 3.0000000000000027 18 5 10.999999999999998 5.9999999999999991 13.999999999999998 2.9999999999999991
leaf_count=92 110 69 46 8 11 69 9 13 4 3 53 16 70 44 5 145 82 18 128 153 13 100 4 3 18 5 11 6 14 3
internal_value=0.0602913 -2.91822 4.00551 10.8113 18.1437 -1.42544 2.11332 6.9188 15.1741 -3.57141 5.9424 10.8989 -5.57098 0.193023 1.06306 1.09597 2.55748 4.72598 -1.44974 0.568714 34.5829 -0.816783 -10.2998 -9.01191 4.19717 -5.9276 2.45172 -10.6314 -10.6448 -10.6029
internal_weight=1325 755 570 124 43 628 446 81 17 270 96 25 139 358 350 189 87 64 131 263 21 169 127 26 71 9 22 101 17 95
internal_count=1325 755 570 124 43 628 446 81 17 270 96 25 139 358 350 189 87 64 131 263 21 169 127 26 71 9 22 101 17 95
is_linear=0
shrinkage=0.05


Tree=5
num_leaves=31
num_cat=0
split_feature=8 3 0 4 4 4 3 2 4 7 2 4 7 4 6 4 2 7 4 2 2 3 0 2 0 0 0 0 0 4
split_gain=5.61566e+06 3.37066e+06 2.52261e+06 2.31204e+06 2.73331e+06 1.16054e+06 545534 538149 318081 301461 324459 273186 327298 134371 131985 93698.2 80564.5 78987.9 61866.5 59507.8 53691.3 31434.6 20743.8 6171.12 5295.36 4481.1 899.625 591.129 427.416 54.0409
threshold=2.5000000000000004 0.91745077520649243 31300.250000000004 44395.000000000007 44810.000000000007 44735.000000000007 0.71978292640164143 5987.9400000000014 42520.000000000007 1.5000000000000002 6695.1350000000011 36662.500000000007 1.5000000000000002 46105.000000000007 1.5000000000000002 37010.000000000007 4473.7050000000008 3.5000000000000004 39715.000000000007 7916.4750000000013 13971.185000000003 0.69986053774544277 35404.900000000009 7744.0250000000005 35404.900000000009 30133.150000000005 36737.750000000007 33464.05000000001 29601.600000000002 41310.000000000007
decision_type=2 2 2 2 2 2 2 2 2 2 2 2 2 2 2 2 2 2 2 2 2 2 2 2 2 2 2 2 2 2
left_child=2 7 9 18 5 -5 8 11 29 10 16 12 -2 -10 17 20 -1 -8 27 -16 -9 -17 -13 -11 -20 -12 -6 -3 -25 -4
right_child=1 3 6 4 26 -7 14 15 13 23 25 22 -14 -15 19 21 -18 -19 24 -21 -22 -23 -24 28 -26 -27 -28 -29 -30 -31
leaf_value=-10.2798546184193 11.664411807060242 5.1711178956208412 -11.252717437744145 15.692569181654187 2.0803168487548827 32.994198463076636 11.45080246925354 1.3324564314057641 -1.7183748728987098 -7.8362105051676441 -0.6591450958297802 1.3073679938174712 3.7872101414998376 -5.1029458272690871 0.3619377956485117 -1.1753547433730775 -5.9501814796811061 0.71811154683430978 1.529540195465088 -1.6281922469139101 -1.4358264255523683 -0.048821126435794976 2.4811584599812826 -10.069887042867727 2.7862497430098685 1.1021891403198243 2.8547521209716802 5.7197871526082364 -10.27088831851357 -11.047700754801431
leaf_weight=22 15.999999999999998 27 4.9999999999999973 18 15.000000000000002 21 3.9999999999999991 141 69 2.9999999999999991 13.000000000000002 101 75 51 151 113 21 3 14.999999999999998 50 20 137 60 87 19 4.9999999999999991 4.9999999999999991 5.9999999999999991 38 9
leaf_count=22 16 27 5 18 15 21 4 141 69 3 13 101 75 51 151 113 21 3 15 50 20 137 60 87 19 5 5 6 38 9
internal_value=-0.0874823 2.58794 -4.06283 10.0845 17.3021 25.0088 -1.50091 1.16326 -3.98889 -8.69868 -5.80604 2.98248 5.17221 -3.15682 0.101926 0.0478254 -8.16536 6.85108 3.72867 -0.133119 0.98857 -0.558014 1.74481 -10.0772 2.23182 -0.169886 2.27393 5.27088 -10.131 -11.1209
internal_weight=1320 789 531 126 59 39 342 663 134 189 61 252 91 120 208 411 43 7 67 201 161 250 161 128 34 18 20 33 125 14
internal_count=1320 789 531 126 59 39 342 663 134 189 61 252 91 120 208 411 43 7 67 201 161 250 161 128 34 18 20 33 125 14
is_linear=0
shrinkage=0.05


Tree=6
num_leaves=31
num_cat=0
split_feature=3 0 4 4 4 3 0 4 7 4 0 0 4 3 0 0 1 7 1 2 1 1 1 6 0 7 6 6 6 1
split_gain=5.27989e+06 3.44792e+06 2.09502e+06 2.24406e+06 1.30152e+06 1.27989e+06 662849 649007 577722 468597 565884 121248 62257.1 56058.2 34756.4 25377.3 12015.5 22856.8 10023.4 4030.99 829.812 806.721 629.405 134.848 107.315 90.3541 75.9622 7.34364 6.27496 0.205538
threshold=0.91745077520649243 29601.600000000002 44395.000000000007 44810.000000000007 44735.000000000007 0.75203333697763064 35172.30000000001 35390.000000000007 1.5000000000000002 37740.000000000007 32397.000000000004 37580.600000000006 39715.000000000007 0.55981093670574145 34719.250000000007 34079.850000000013 22193.015000000003 1.0000000180025095e-35 22460.235000000004 2222.0600000000004 20673.950000000004 33587.555 30864.575000000004 15.500000000000002 35603.000000000007 2.5000000000000004 3.5000000000000004 19.500000000000004 23.500000000000004 25868.145
decision_type=2 2 2 2 2 2 2 2 2 2 2 2 2 2 2 2 2 2 2 2 2 2 2 2 2 2 2 2 2 2
left_child=1 16 12 4 6 9 -4 8 -7 13 -11 -9 22 -3 -6 -14 20 29 -19 -17 28 24 23 -2 -5 -24 -23 -22 -1 -18
right_child=2 5 3 21 14 7 -8 11 -10 10 -12 -13 15 -15 -16 19 17 18 -20 -21 27 26 25 -25 -26 -27 -28 -29 -30 -31
leaf_value=-9.5624840401314408 4.9988403320312491 -1.0145638592933355 8.9558372020721428 2.154369926452635 30.107026672363276 12.833567667007447 29.812359008789066 0.7537330018410614 3.4093154556449807 -6.6601351029164082 -1.7581080976925378 8.583311843872071 -2.540602747599281 1.2294488019668139 34.569370524088548 1.901081154081556 -9.5524551391601573 -8.0855002593994101 -4.9195183944702139 3.2499858498573304 -10.231163024902344 2.8085145950317383 5.2025627136230472 4.7704252243041996 1.8371824502944947 5.5655591011047356 2.4756809234619137 -10.120531209309894 -9.6362480163574222 -9.5379358927408866
leaf_weight=74 12.000000000000002 38 16.000000000000004 4.0000000000000027 16.000000000000004 20 4.9999999999999991 447 87 74 288 4.9999999999999991 3.0000000000000027 104 5.9999999999999991 18.000000000000004 12.999999999999998 5.0000000000000018 5 7.9999999999999991 2.9999999999999991 2.9999999999999991 2.9999999999999991 13.999999999999998 7.9999999999999991 4 4 3 2.9999999999999991 2.9999999999999991
leaf_count=74 12 38 16 4 16 20 5 447 87 74 288 5 3 104 6 18 13 5 5 8 3 3 3 14 8 4 4 3 3 3
internal_value=0.191512 -0.846559 10.003 16.502 22.8252 0.0218637 13.9217 1.66926 5.17086 -1.80531 -2.76018 0.840343 3.50386 0.628938 31.324 1.81371 -9.31567 -8.37772 -6.50251 2.31613 -9.60949 2.19175 4.98915 4.87585 1.94291 5.40999 2.61832 -10.1758 -9.56536 -9.54973
internal_weight=1296 1172 124 62 43 1063 21 559 107 504 362 452 62 142 22 29 109 26 10 26 83 19 33 26 12 7 7 6 77 16
internal_count=1296 1172 124 62 43 1063 21 559 107 504 362 452 62 142 22 29 109 26 10 26 83 19 33 26 12 7 7 6 77 16
is_linear=0
shrinkage=0.05


Tree=7
num_leaves=31
num_cat=0
split_feature=8 3 0 7 1 2 0 2 1 8 7 7 0 1 2 1 3 8 3 1 2 3 0 1 6 0 2 0 1 1
split_gain=4.71375e+06 2.87127e+06 2.09953e+06 1.27659e+06 3.21018e+06 578544 558086 555968 442879 278104 274676 223856 223433 96257 79631.1 68233.6 162438 57647.1 57003 49398.5 45607.4 39984.1 35849.5 28049.9 17470.4 15907.1 5291.47 1171.17 512.707 488.412
threshold=2.5000000000000004 0.91745077520649243 31300.250000000004 5.5000000000000009 33373.820000000007 2687.0100000000007 35564.750000000007 5987.9400000000014 24164.09 3.5000000000000004 1.5000000000000002 1.5000000000000002 29680.300000000003 31238.160000000003 5987.9400000000014 19276.285000000003 0.66091787489538689 3.5000000000000004 0.56544289231161604 26062.235000000004 7916.4750000000013 0.9404896693885898 33369.200000000004 23495.985000000001 11.500000000000002 35404.900000000009 7850.670000000001 29601.600000000002 18410.635000000002 33587.555
decision_type=2 2 2 2 2 2 2 2 2 2 2 2 2 2 2 2 2 2 2 2 2 2 2 2 2 2 2 2 2 2
left_child=2 7 11 5 22 21 -7 9 15 25 -11 12 24 20 -15 28 -17 23 -19 -14 -10 -3 -5 -9 -1 -2 -13 -28 -4 -6
right_child=1 3 8 4 29 6 -8 17 13 10 -12 26 19 14 -16 16 -18 18 -20 -21 -22 -23 -24 -25 -26 -27 27 -29 -30 -31
leaf_value=-6.3426155281066876 1.1346645018328791 4.479116020646206 -1.2526102508817398 27.087780380249015 1.8564384113658552 8.4206003052847702 27.880847778320312 -1.2418246892782359 0.22776045945382886 9.0130225740630063 3.4250849985814358 -7.0646330515543632 -0.27216582894325253 10.333406686782835 0.35648660659790032 -6.7653582340333518 -2.6233240653361598 -0.82360613782974801 1.2564531998779938 -7.2022661288579304 -1.3501288878459199 1.8174122219993956 31.283571733747209 -0.074162119705945453 -8.9245432803505356 2.197650256073266 -9.0876339047454131 -9.4209449165745784 -0.66277272224426276 2.353100034925673
leaf_weight=10.000000000000002 92 43 14.000000000000002 8.0000000000000018 11.000000000000002 14.000000000000002 4.9999999999999991 78 155 29 91 2.9999999999999991 18.000000000000004 4 4 41 56 44 131 2.9999999999999991 65 21 13.999999999999998 151 19 57 86 38 4.9999999999999991 8.9999999999999982
leaf_count=10 92 43 14 8 11 14 5 78 155 29 91 3 18 4 4 41 56 44 131 3 65 21 14 151 19 57 86 38 5 9
internal_value=0.100293 2.51547 -3.59896 9.47465 16.5779 5.88024 13.5417 1.2229 -1.32219 2.98407 4.7755 -8.02387 -5.18997 -0.042526 5.34495 -3.83738 -4.37408 0.0502374 0.733467 -1.26218 -0.238434 3.60574 29.7578 -0.471881 -8.03422 1.54131 -9.13958 -9.18978 -1.09739 2.07994
internal_weight=1319 798 521 125 42 83 19 673 344 269 120 177 50 228 8 116 97 404 175 21 220 64 22 229 29 149 127 124 19 20
internal_count=1319 798 521 125 42 83 19 673 344 269 120 177 50 228 8 116 97 404 175 21 220 64 22 229 29 149 127 124 19 20
is_linear=0
shrinkage=0.05


Tree=8
num_leaves=30
num_cat=0
split_feature=8 3 0 4 4 4 3 1 4 4 5 7 2 4 0 4 2 2 4 2 1 0 0 0 2 1 0 1 1
split_gain=4.07334e+06 2.02126e+06 1.87487e+06 1.53135e+06 1.86713e+06 819380 482077 418375 295429 292843 424670 247636 258877 200478 120721 83876.9 58335.6 54650.2 47630.2 42847.9 22340 17885.8 8645.25 5170.45 5060.09 2476.99 965.673 505.567 460.394
threshold=2.5000000000000004 0.91745077520649243 31300.250000000004 44395.000000000007 44810.000000000007 44735.000000000007 0.83690549215539278 24211.480000000007 42520.000000000007 36372.500000000007 1.5000000000000002 1.5000000000000002 7199.8200000000006 46105.000000000007 37580.600000000006 37010.000000000007 4473.7050000000008 4655.920000000001 39715.000000000007 13971.185000000003 23918.125000000004 33888.900000000009 35526.80000000001 31532.500000000004 7744.0250000000005 21995.930000000004 29601.600000000002 33587.555 30769.255000000005
decision_type=2 2 2 2 2 2 2 2 2 2 2 2 2 2 2 2 2 2 2 2 2 2 2 2 2 2 2 2 2
left_child=2 6 11 18 5 -5 15 8 23 10 -8 12 16 -10 17 19 -1 -9 28 -2 -17 -11 -20 -4 -13 -14 -26 -6 -3
right_child=1 3 7 4 27 -7 9 14 13 21 -12 24 25 -15 -16 20 -18 -19 22 -21 -22 -23 -24 -25 26 -27 -28 -29 -30
leaf_value=-8.9500942993164063 1.2267462287322584 4.3971731626070465 -7.7763027191162024 13.036791722914751 1.7301364031704987 28.146728515625 13.099255441029866 2.1418634295463561 -1.2665310743414326 3.4942538670131138 3.6608721864634548 -6.6428150812784841 -0.33572665452957146 -5.9409197509288791 8.6517508268356327 -0.94274265633831777 -5.0812864937280358 -0.38386208504887681 1.3443415383497874 -1.2798818688643607 0.0033911907176176711 1.6244910153988248 2.945308905381423 -10.063660212925504 -8.6341164822048615 0.89245245854059851 -8.9436336081368584 2.2354450013902452 4.8309262752532964
leaf_weight=20 166 26 3.0000000000000027 17 11.000000000000002 19 14.999999999999998 24 81 13.999999999999998 58 2.9999999999999991 13.000000000000002 32 3.9999999999999991 116 19 199 24 19 135 148 12.999999999999998 13.999999999999998 90 5.9999999999999991 35 8.9999999999999982 7.9999999999999991
leaf_count=20 166 26 3 17 11 19 15 24 81 14 58 3 13 32 4 116 19 199 24 19 135 148 13 14 90 6 35 9 8
internal_value=-0.0329614 2.2402 -3.37362 8.02434 14.2065 21.0115 1.14543 -1.25293 -3.51476 2.97091 5.60027 -7.44399 -4.73373 -2.59025 0.0423928 0.161518 -7.06529 -0.112035 3.14827 0.969309 -0.433866 1.78608 1.90684 -9.66001 -8.67208 0.0521194 -8.72078 1.95753 4.49923
internal_weight=1341 798 543 127 56 36 671 357 130 235 73 186 58 113 227 436 39 223 71 185 251 162 37 17 128 19 125 20 34
internal_count=1341 798 543 127 56 36 671 357 130 235 73 186 58 113 227 436 39 223 71 185 251 162 37 17 128 19 125 20 34
is_linear=0
shrinkage=0.05


end of trees

feature_importances:
total_load=56
net_load=54
thermal_on_capacity=45
renewable_power=39
thermal_space_load_ratio=27
weekday=22
month=13
period=9
hour=1

parameters:
[boosting: gbdt]
[objective: regression]
[metric: rmse]
[tree_learner: serial]
[device_type: cpu]
[data_sample_strategy: bagging]
[data: ]
[valid: ]
[num_iterations: 400]
[learning_rate: 0.05]
[num_leaves: 31]
[num_threads: 0]
[seed: 42]
[deterministic: 0]
[force_col_wise: 0]
[force_row_wise: 0]
[histogram_pool_size: -1]
[max_depth: 5]
[min_data_in_leaf: 3]
[min_sum_hessian_in_leaf: 0.001]
[bagging_fraction: 0.85]
[pos_bagging_fraction: 1]
[neg_bagging_fraction: 1]
[bagging_freq: 1]
[bagging_seed: 400]
[bagging_by_query: 0]
[feature_fraction: 0.85]
[feature_fraction_bynode: 1]
[feature_fraction_seed: 30056]
[extra_trees: 0]
[extra_seed: 12879]
[early_stopping_round: 0]
[early_stopping_min_delta: 0]
[first_metric_only: 0]
[max_delta_step: 0]
[lambda_l1: 0]
[lambda_l2: 0]
[linear_lambda: 0]
[min_gain_to_split: 0]
[drop_rate: 0.1]
[max_drop: 50]
[skip_drop: 0.5]
[xgboost_dart_mode: 0]
[uniform_drop: 0]
[drop_seed: 17869]
[top_rate: 0.2]
[other_rate: 0.1]
[min_data_per_group: 100]
[max_cat_threshold: 32]
[cat_l2: 10]
[cat_smooth: 10]
[max_cat_to_onehot: 4]
[top_k: 20]
[monotone_constraints: ]
[monotone_constraints_method: basic]
[monotone_penalty: 0]
[feature_contri: ]
[forcedsplits_filename: ]
[refit_decay_rate: 0.9]
[cegb_tradeoff: 1]
[cegb_penalty_split: 0]
[cegb_penalty_feature_lazy: ]
[cegb_penalty_feature_coupled: ]
[path_smooth: 0]
[interaction_constraints: ]
[verbosity: -1]
[saved_feature_importance_type: 0]
[use_quantized_grad: 0]
[num_grad_quant_bins: 4]
[quant_train_renew_leaf: 0]
[stochastic_rounding: 1]
[linear_tree: 0]
[max_bin: 255]
[max_bin_by_feature: ]
[min_data_in_bin: 3]
[bin_construct_sample_cnt: 200000]
[data_random_seed: 175]
[is_enable_sparse: 1]
[enable_bundle: 1]
[use_missing: 1]
[zero_as_missing: 0]
[feature_pre_filter: 1]
[pre_partition: 0]
[two_round: 0]
[header: 0]
[label_column: ]
[weight_column: ]
[group_column: ]
[ignore_column: ]
[categorical_feature: ]
[forcedbins_filename: ]
[precise_float_parser: 0]
[parser_config_file: ]
[objective_seed: 16083]
[num_class: 1]
[is_unbalance: 0]
[scale_pos_weight: 1]
[sigmoid: 1]
[boost_from_average: 1]
[reg_sqrt: 0]
[alpha: 0.9]
[fair_c: 1]
[poisson_max_delta_step: 0.7]
[tweedie_variance_power: 1.5]
[lambdarank_truncation_level: 30]
[lambdarank_norm: 1]
[label_gain: ]
[lambdarank_position_bias_regularization: 0]
[eval_at: ]
[multi_error_top_k: 1]
[auc_mu_weights: ]
[num_machines: 1]
[local_listen_port: 12400]
[time_out: 120]
[machine_list_filename: ]
[machines: ]
[gpu_platform_id: -1]
[gpu_device_id: -1]
[gpu_use_dp: 0]
[num_gpu: 1]

end of parameters

pandas_categorical:[]
