tree
version=v4
num_class=1
num_tree_per_iteration=1
label_index=0
max_feature_idx=10
objective=regression
feature_names=total_load net_load renewable_power thermal_space_load_ratio thermal_on_capacity hour period weekday month is_weekend is_holiday
feature_infos=[26780.099999999999:38190.699999999997] [9620.2999999999993:35657.659999999996] [1780.2:19119.32] [0.33550603334030826:0.94900834628568986] [27170:46830] [0:4] [1:20] [0:6] [2:5] [0:1] none
tree_sizes=2545 2781 2778 2500 2710 2599 2683 2709

Tree=0
num_leaves=29
num_cat=0
split_feature=1 7 0 8 0 4 7 0 1 4 1 6 7 0 4 2 4 4 1 1 0 0 1 4 1 5 1 2
split_gain=1.01216e+07 5.52336e+06 9.25197e+06 5.00728e+06 1.96044e+06 1.21122e+06 1.21876e+06 1.61958e+06 835875 1.39466e+06 742652 597066 443342 435028 192735 189578 550935 186884 126032 124671 75348.2 70581.6 48972.4 38634 24783 10383.3 8687.79 3112.62
threshold=26423.415000000005 5.5000000000000009 35435.600000000006 2.5000000000000004 31323.400000000005 35012.500000000007 1.5000000000000002 31644.650000000005 31243.670000000002 44395.000000000007 31332.460000000003 1.5000000000000002 1.5000000000000002 29720.050000000007 39497.500000000007 8527.6000000000022 42195.000000000007 39497.500000000007 29244.830000000005 18109.570000000003 29795.100000000002 34864.350000000006 33292.455000000009 42195.000000000007 23500 2.5000000000000004 20772.700000000001 9197.4850000000024
decision_type=2 2 2 2 2 2 2 2 2 2 2 2 2 2 2 2 2 2 2 2 2 2 2 2 2 2 2 2
left_child=3 5 10 4 12 6 7 -2 17 -10 -3 -4 13 -1 19 23 -17 -7 -8 25 -21 -12 -13 -6 26 -5 -16 -26
right_child=1 2 11 14 15 8 18 -9 9 -11 21 22 -14 -15 24 16 -18 -19 -20 20 -22 -23 -24 -25 27 -27 -28 -29
leaf_value=287.8520714537035 306.96989661468371 319.18407157195907 321.45907156301843 299.25043547903618 301.35157183421956 302.3671144870155 303.74484105361807 324.39607148422107 302.66795614672759 312.45907179662277 340.58962684141238 298.5174051119219 286.33407128585679 297.74557174815044 296.35490500065987 286.33407128585679 297.06617539846451 300.46503661492687 306.16320208884065 303.0116656376253 300.49118073700322 346.23407128585683 302.3562940652721 297.24032166732655 299.31573852472809 298.26495639172344 297.82096233202321 298.58273257234714
leaf_weight=25 40 4.0000000000000027 3.9999999999999991 55 20 328 130 20 121 52 18.000000000000004 11.999999999999998 107 20 11.999999999999998 13.999999999999998 82 213 92 32 404 7.9999999999999991 27 8.0000000000000018 30 52 64 28
leaf_count=25 20 3 3 55 18 242 65 10 73 33 9 12 107 20 12 14 82 197 46 19 389 4 17 8 30 52 64 28
internal_value=301.314 304.654 317.93 297.568 291.891 303.681 306.456 312.779 302.586 305.611 339.241 303.062 288.085 292.249 299.882 296.557 295.501 301.618 304.747 300.301 300.676 342.326 301.175 300.177 298.184 298.772 297.589 298.962
internal_weight=2022 1069 73 953 276 996 282 60 714 173 30 43 152 45 677 124 96 541 222 543 436 26 39 28 134 107 76 58
internal_count=1657 734 48 923 274 686 141 30 545 106 16 32 152 45 649 122 96 439 111 515 408 13 29 26 134 107 76 58
is_linear=0
shrinkage=1


Tree=1
num_leaves=31
num_cat=0
split_feature=1 8 7 1 0 3 7 2 1 2 7 7 0 2 2 8 3 0 0 1 6 7 0 2 0 0 3 0 0 0
split_gain=9.72444e+06 6.4329e+06 5.5342e+06 9.10035e+06 3.2463e+06 1.76166e+06 612304 582813 2.40843e+06 386434 357765 347146 346338 180495 143192 125147 115100 114079 65974.3 40094.9 38873.2 32842.5 24751.4 13496.1 10982.5 6851.52 6402.81 4773.49 1136.41 1.86265e-09
threshold=31243.670000000002 2.5000000000000004 5.5000000000000009 33292.455000000009 31323.400000000005 0.82731246954709381 2.5000000000000004 2453.2950000000005 33068.31500000001 8224.4200000000019 1.5000000000000002 1.5000000000000002 29720.050000000007 4656.5900000000011 3305.7450000000003 3.5000000000000004 0.61409785631974101 32702.300000000003 33453.500000000007 23500 7.5000000000000009 3.5000000000000004 34864.350000000006 2453.2950000000005 34498.900000000001 35756.150000000009 0.9439082095943131 35499.850000000013 36337.200000000004 31026.850000000002
decision_type=2 2 2 2 2 2 2 2 2 2 2 2 2 2 2 2 2 2 2 2 2 2 2 2 2 2 2 2 2 2
left_child=1 4 6 18 10 15 7 25 -9 20 12 13 -1 -7 -13 19 -17 -11 26 -3 -6 24 -20 -23 -8 -2 -4 -5 -29 -12
right_child=2 5 3 27 9 11 21 8 -10 17 29 14 -14 -15 -16 16 -18 -19 22 -21 -22 23 -24 -25 -26 -27 -28 28 -30 -31
leaf_value=-12.603878095073085 -0.11067053296349261 -3.600402877579874 36.770520019531254 -0.76414800643920844 0.43104789081960915 5.0169446163490177 5.1918399810791023 6.5475920777571837 35.389547729492186 -8.4749543326241632 -14.316703796386719 2.3630538238389458 -4.2875630713644481 1.5449281582125911 0.69845735633871575 -2.1002226294617397 -0.53169580897164048 -4.3174666107474984 38.799091448102672 -2.0780045220109282 -1.5950681581579407 1.5532688458760582 42.056046752929689 0.040609744859152828 2.1666022161642711 1.5103521823883057 34.460611979166664 0.6321852927024546 1.341157512664795 -14.316703796386719
leaf_weight=31 11.000000000000002 67 5.9999999999999982 5.0000000000000027 40 122 5.9999999999999982 76 7.9999999999999991 21 102 221 21 54 311 185 318 77 14.000000000000002 122 58 30 9.9999999999999982 29 6 15.999999999999998 6 13.000000000000002 9.9999999999999982 2.9999999999999991
leaf_count=31 11 67 3 3 30 61 3 38 4 21 102 137 21 39 236 185 294 77 7 122 58 15 5 25 4 8 3 9 5 3
internal_value=0.0587456 -1.24764 9.3681 22.0147 -7.27961 0.273275 4.92092 7.24038 9.29444 -2.98822 -12.637 2.02676 -9.24537 3.95167 1.38995 -1.52076 -1.10859 -5.20836 38.6426 -2.61769 -0.768082 1.29474 40.1562 0.809758 3.67922 0.849936 35.6156 0.636044 0.940434 -14.3167
internal_weight=1999 1753 246 64 353 1400 182 111 84 196 157 708 52 176 532 692 503 98 36 189 98 71 24 59 12 27 12 28 23 105
internal_count=1627 1484 143 35 343 1141 108 61 42 186 157 473 52 100 373 668 479 98 18 189 88 47 12 40 7 19 6 17 14 105
is_linear=0
shrinkage=0.05


Tree=2
num_leaves=31
num_cat=0
split_feature=1 7 0 8 0 7 4 4 0 6 0 4 7 0 4 3 4 3 3 4 3 4 0 2 8 1 1 2 0 0
split_gain=7.86887e+06 4.02714e+06 6.47599e+06 3.82042e+06 1.61772e+06 1.02011e+06 1.74194e+06 2.39776e+06 1.09606e+06 788999 1.59046e+06 488924 347173 408526 164080 160325 260034 104014 97877.4 94586.4 71689.3 56156.8 41066.3 39544.3 41151.1 35660.3 32951.8 6871.73 2916.67 9.31323e-10
threshold=26423.415000000005 5.5000000000000009 35224.30000000001 2.5000000000000004 31323.400000000005 1.5000000000000002 33822.500000000007 44395.000000000007 31871.750000000004 2.5000000000000004 36219.250000000007 35012.500000000007 1.5000000000000002 29720.050000000007 36337.500000000007 0.66120895053867168 42910.000000000007 0.69724793840903321 0.90288939738053475 40095.000000000007 0.83584670818524343 33155.000000000007 33453.500000000007 9510.5050000000028 4.5000000000000009 17732.425000000003 33292.455000000009 7454.005000000001 34128.750000000007 31026.850000000002
decision_type=2 2 2 2 2 2 2 2 2 2 2 2 2 2 2 2 2 2 2 2 2 2 2 2 2 2 2 2 2 2
left_child=3 5 22 4 12 6 8 -8 -2 10 -4 18 13 -1 17 16 -6 25 -7 -17 -13 -19 -3 27 -25 -5 -11 -16 -24 -14
right_child=1 2 9 14 15 11 7 -9 -10 26 -12 20 29 -15 23 19 -18 21 -20 -21 -22 -23 28 24 -26 -27 -28 -29 -30 -31
leaf_value=-12.317749200548445 7.133526954650879 33.235345458984362 39.804869079589857 -2.4600451487415245 -13.939150661892363 2.1952778026975435 0.93011929620795541 12.978418554979212 24.691049718856814 -2.6466532193697416 -0.89802058537801099 -1.5753924191606288 -13.600868225097656 -2.9614003798365598 -1.0791141177332679 0.40108715392649175 -4.3813365263097426 1.5705947426950624 4.3926037258572057 -3.6559920030481678 0.44508155801496802 -0.39610100306340101 36.805563354492193 -3.0995290500014576 -0.41669489145278932 -0.99900813316973636 0.6202479651565419 -1.8800396771498129 38.263896687825515 -13.600868225097656
leaf_weight=28 20 10.000000000000002 3.9999999999999982 53 8.9999999999999982 116 217 51 15.999999999999998 12.999999999999998 6 49 94 20 43 20 34 58 90 51 422 97 7.9999999999999982 134 15.999999999999998 197 19 71 6 4.9999999999999991
leaf_count=28 10 5 2 53 9 58 144 32 8 13 5 49 94 20 43 18 34 34 45 51 335 91 4 134 16 195 12 71 3 5
internal_value=0.0353084 3.00828 14.9635 -3.31168 -8.44239 2.20395 4.61007 3.22289 14.9369 3.12404 15.3831 1.12351 -11.9089 -8.41927 -1.31002 -3.97238 -6.38181 -0.677813 3.15527 -2.51315 0.234884 0.339824 35.6826 -2.27988 -2.81336 -1.30875 -0.706931 -1.57794 37.4306 -13.6009
internal_weight=1977 1047 66 930 261 981 304 268 36 42 10 677 147 48 669 114 43 405 206 71 471 155 24 264 150 250 32 114 14 99
internal_count=1621 725 44 896 259 681 194 176 18 32 7 487 147 48 637 112 43 373 103 69 384 125 12 264 150 248 25 114 7 99
is_linear=0
shrinkage=0.05


Tree=3
num_leaves=28
num_cat=0
split_feature=1 4 4 4 0 4 0 1 3 4 7 3 7 2 4 3 1 0 4 4 7 1 6 1 2 0 0
split_gain=8.03918e+06 5.1482e+06 6.5824e+06 4.26245e+06 4.00039e+06 2.48296e+06 1.26905e+06 1.26087e+06 886444 723062 853973 427396 377034 307245 153416 107749 74027.6 73541.9 64496.4 64465.6 37732.1 26486.5 8453.65 6950.49 3505.58 2503.12 239.746
threshold=31243.670000000002 44395.000000000007 44810.000000000007 38272.500000000007 31323.400000000005 44735.000000000007 35198.900000000009 26423.415000000005 0.90011247207689127 35012.500000000007 1.5000000000000002 0.74279528802562145 1.5000000000000002 6652.2750000000005 41515.000000000007 0.62274345933750341 29664.880000000001 34705.600000000006 37487.500000000007 29177.500000000004 2.5000000000000004 17910.345000000005 3.5000000000000004 33484.110000000008 3699.1900000000005 35381.600000000006 34448.750000000007
decision_type=2 2 2 2 2 2 2 2 2 2 2 2 2 2 2 2 2 2 2 2 2 2 2 2 2 2 2
left_child=3 18 5 7 12 6 -3 15 -4 10 -9 14 13 -5 -6 21 -13 -7 26 -17 -11 -1 24 -10 -20 -24 -2
right_child=1 2 8 4 11 17 -8 9 23 20 -12 16 -14 -15 -16 19 -18 -19 22 -21 -22 -23 25 -25 -26 -27 -28
leaf_value=-2.5178245697898429 4.7126178741455078 9.9451554616292324 34.250744628906254 -10.440897593778722 -6.6494967031478884 33.620430344801683 31.145487060546873 9.9210643904549745 -0.25259617886372976 1.3269843213944823 2.8868751698351924 -1.5190786320020209 -12.920825195312501 -2.2083597954581768 -3.1917459008134443 1.3439375381754792 0.10581324879537549 38.665903930664065 1.902981669108073 -0.66360926056414649 0.21036062135826797 -1.3406301561672733 0.36105828917232058 1.0290867076200598 0.85949912504716353 0.98147465602771666 4.3128298187255858
leaf_weight=87 5.9999999999999991 24 1.9999999999999989 34 40 26 9.9999999999999982 56 28 185 188 182 107 17 162 46 114 9.9999999999999982 30 306 128 106 29 17 10.999999999999998 37 9.9999999999999982
leaf_count=87 3 12 1 34 40 13 5 28 24 122 94 177 107 17 162 28 93 5 15 292 108 106 24 10 7 20 5
internal_value=0.0602611 8.64411 16.1526 -1.11159 -4.30261 25.8704 16.1805 0.787958 1.67922 2.46092 4.50128 -2.10332 -11.2346 -7.69672 -3.87645 -0.921836 -0.893276 35.022 1.5019 -0.401259 0.870346 -1.87128 1.05915 0.231595 1.62302 0.708867 4.46275
internal_weight=1998 240 117 1758 656 70 34 1102 47 557 244 498 158 51 202 545 296 36 123 352 313 193 107 45 41 66 16
internal_count=1639 144 70 1495 630 35 17 865 35 352 122 472 158 51 202 513 270 18 74 320 230 193 66 34 22 44 8
is_linear=0
shrinkage=0.05


Tree=4
num_leaves=30
num_cat=0
split_feature=1 8 7 0 0 1 2 6 0 2 7 7 0 3 2 8 8 1 7 0 0 1 1 0 0 6 1 0 1
split_gain=7.13684e+06 3.6561e+06 3.59097e+06 6.71627e+06 1.3771e+06 670171 2.14764e+06 568818 943698 490080 793157 216673 240189 156154 192019 119084 108885 87358.7 84759.1 49334.4 44672.2 32390.2 18395.2 12798.3 8681.18 7829.79 4604.26 3323.37 2846.74
threshold=26423.415000000005 2.5000000000000004 5.5000000000000009 35224.30000000001 31323.400000000005 33068.31500000001 2625.3900000000003 2.5000000000000004 36445.600000000006 4656.5900000000011 1.5000000000000002 1.5000000000000002 29720.050000000007 0.66120895053867168 12666.420000000002 3.5000000000000004 3.5000000000000004 18046.835000000003 2.5000000000000004 29795.100000000002 33453.500000000007 33292.455000000009 22608.465000000004 34864.350000000006 33243.600000000006 9.5000000000000018 20671.505000000001 35756.150000000009 24916.535000000007
decision_type=2 2 2 2 2 2 2 2 2 2 2 2 2 2 2 2 2 2 2 2 2 2 2 2 2 2 2 2 2
left_child=1 4 5 20 11 9 27 8 -5 10 -2 12 -1 14 -6 22 -11 25 -15 -19 24 -9 26 -22 -4 -17 -3 -7 -24
right_child=2 15 3 7 13 6 -8 21 -10 16 -12 -13 -14 18 -16 17 -18 19 -20 -21 23 -23 28 -25 -26 -27 -28 -29 -30
leaf_value=-10.84279406229655 5.6383710115547956 -4.1502738952636724 28.999534098307279 28.414841690063483 -11.067692146301269 -0.15483149170875529 31.413873291015626 -2.4243901824951175 -0.026040029525756833 -0.74362387453676559 1.4592553937678818 -12.274783325195314 -3.2569273725152019 -0.040729217018399926 -4.057152135031564 -1.6376708353266995 1.1785480485587825 1.2732130736112595 -3.7315280151367194 -0.76518500159699021 33.28468139648438 0.5145513932704926 -2.314429240756565 36.20567118326823 31.689202880859369 -2.5716420636032566 -3.0183140968789863 1.3219766139984133 -1.6975386917591095
leaf_weight=30 149 10.999999999999998 6.0000000000000018 4.9999999999999982 14.999999999999998 5.0000000000000062 7.9999999999999991 14.999999999999998 7 186 477 113 15.999999999999998 21 28 34 122 32 60 410 9.9999999999999982 25 45 5.9999999999999991 6 66 49 15.999999999999998 32
leaf_count=30 77 11 3 3 15 5 4 15 5 163 328 113 16 19 28 34 85 19 60 394 5 15 45 3 3 66 49 8 32
internal_value=-0.136298 -3.24243 2.72861 12.9075 -8.01699 1.88301 9.36857 2.27673 11.8243 1.65059 2.45397 -11.0971 -8.20423 -4.06744 -6.50269 -1.25245 0.0177559 -0.919543 -2.77465 -0.617609 32.6505 -0.587552 -2.5695 34.3801 30.3444 -2.25409 -3.22584 0.970356 -2.05806
internal_weight=2005 962 1043 80 283 963 29 52 12 934 626 159 46 124 43 679 308 542 81 442 28 40 137 16 12 100 60 21 77
internal_count=1653 931 722 52 281 670 17 38 8 653 405 159 46 122 43 650 248 513 79 413 14 30 137 8 6 100 60 13 77
is_linear=0
shrinkage=0.05


Tree=5
num_leaves=29
num_cat=0
split_feature=8 3 4 4 0 4 3 4 5 2 4 7 2 4 0 4 3 6 6 7 2 0 2 6 0 0 0 2
split_gain=6.34646e+06 3.68497e+06 5.63905e+06 3.77965e+06 2.15908e+06 2.12645e+06 1.0881e+06 775255 959613 294896 422197 274130 298445 226551 159501 113422 89591.6 39064.4 34819.6 32948.2 30339.1 17900 15060.5 13113.1 5173.25 3944.48 3073.02 611.566
threshold=2.5000000000000004 0.91151875143180383 44395.000000000007 44810.000000000007 31323.400000000005 44735.000000000007 0.83417739702718319 35012.500000000007 1.5000000000000002 7998.7900000000009 42195.000000000007 1.5000000000000002 4620.1350000000011 37487.500000000007 28296.600000000002 36337.500000000007 0.68899318818753408 7.5000000000000009 3.5000000000000004 1.5000000000000002 9372.0200000000023 34650.650000000009 5884.9550000000008 5.5000000000000009 29900.600000000002 35756.150000000009 32217.950000000004 10602.860000000002
decision_type=2 2 2 2 2 2 2 2 2 2 2 2 2 2 2 2 2 2 2 2 2 2 2 2 2 2 2 2
left_child=4 6 13 5 11 -4 15 8 -8 17 27 12 24 26 -14 16 -2 21 -9 -12 -17 -6 -19 -15 -1 -5 -3 -11
right_child=1 2 3 25 9 -7 7 18 -10 10 19 -13 14 23 -16 20 -18 22 -20 -21 -22 -23 -24 -25 -26 -27 -28 -29
leaf_value=-12.082337951660154 -1.1598770577291893 3.5539432430267333 14.248803710937501 -0.54818888774939922 1.1590210265346936 31.963184547424319 11.936361290426817 1.3047224078876409 2.6713585780684355 -13.191105651855469 -5.2256285274730017 -11.661044311523439 -11.225123541695732 1.4053386273591415 -2.7555705573823719 -1.4141124673346257 0.45436442168919666 -0.73318082257624606 0.21303784173052712 -2.7876773325602215 -2.3540560186475137 -0.98143373171488446 -2.2569722717299183 0.38998374557032167 -14.356815083821616 0.83086961269378667 4.1419183197021487 -12.385729356245562
leaf_weight=15.000000000000002 243 40 36 7.0000000000000027 28 32 34 95 157 2.9999999999999991 17 110 6.9999999999999991 46 27 188 133 31 316 75 158 14.999999999999998 34 103 2.9999999999999991 20 50 10.999999999999998
leaf_count=15 241 20 18 5 19 16 17 63 79 3 17 110 7 23 27 188 104 31 251 75 158 14 34 77 3 12 25 11
internal_value=-0.0273049 1.30273 5.99589 16.3006 -5.89218 22.585 0.118803 1.68855 4.32063 -2.59562 -4.46913 -10.2469 -7.25542 1.89986 -4.4993 -1.19005 -0.588882 -0.756802 0.465374 -3.23817 -1.84334 0.412351 -1.53024 0.703449 -12.4614 0.473336 3.8806 -12.5583
internal_weight=2034 1658 334 95 376 68 1324 602 191 214 106 162 52 239 34 722 376 108 411 92 346 43 65 149 18 27 90 14
internal_count=1663 1297 196 51 366 34 1101 410 96 204 106 162 52 145 34 691 345 98 314 92 346 33 65 100 18 17 45 14
is_linear=0
shrinkage=0.05


Tree=6
num_leaves=30
num_cat=0
split_feature=1 7 0 4 0 4 7 0 1 4 7 0 6 0 7 1 4 4 3 3 1 4 0 2 3 1 2 5 1
split_gain=5.34126e+06 3.43927e+06 5.94813e+06 2.09171e+06 1.75707e+06 867099 816378 1.4922e+06 359095 612736 244373 233311 144256 274871 111840 105767 188909 85202.6 77935.5 62020.5 51897 48525.1 42729.5 21273.2 16142.4 15518 2783.44 1815.68 710.107
threshold=26482.870000000006 5.5000000000000009 35224.30000000001 38272.500000000007 31323.400000000005 35012.500000000007 1.5000000000000002 31644.650000000005 31243.670000000002 44395.000000000007 1.5000000000000002 29342.150000000005 3.5000000000000004 36445.600000000006 1.0000000180025095e-35 23500 41855.000000000007 28185.000000000004 0.90288939738053475 0.87667511437145695 17910.345000000005 39497.500000000007 34705.600000000006 8596.4900000000016 0.9398225232599271 24003.520000000008 2898.2550000000006 3.5000000000000004 18462.840000000004
decision_type=2 2 2 2 2 2 2 2 2 2 2 2 2 2 2 2 2 2 2 2 2 2 2 2 2 2 2 2 2
left_child=3 5 22 17 10 6 7 -2 14 -10 11 -5 13 -4 -7 16 -6 25 -8 20 -19 -17 24 -14 -3 28 -21 -27 -1
right_child=1 2 12 4 15 8 18 -9 9 -11 -12 -13 23 -15 -16 21 -18 19 -20 26 -22 -23 -24 -25 -26 27 -28 -29 -30
leaf_value=0.52003461917241411 4.0356060573032932 30.047565714518214 16.490799665451053 -9.9837547912597664 -7.3997875658671068 -2.5894063161479104 1.7041473043376003 21.242336728837756 0.95660019455284917 8.0676837025619133 -11.077992248535157 -2.8348962386449177 0.32102067992091182 0.060267748151506685 0.29232245234629284 0.46406735997450976 -2.859832106914717 -2.2335551097069257 3.7327248859405517 3.1085886637369793 -0.84147773356070754 -2.2968677248273575 33.078340148925783 -2.3719754652543501 27.327528381347658 1.8594819768269859 1.6839513778686523 0.96518605095999588 -0.3333787936430711
leaf_weight=2.9999999999999991 42 12.000000000000005 3.9999999999999982 25 30 36 116 18 116 41 107 21 22 7 520 19 97 81 80 5.9999999999999991 386 98 7.9999999999999991 10.999999999999998 9.9999999999999982 30 7.9999999999999991 6.9999999999999991 12.999999999999998
leaf_count=3 21 6 3 25 30 35 58 9 68 26 107 21 14 5 413 17 97 81 40 3 381 98 4 11 5 15 4 4 13
internal_value=-0.0655868 2.39167 12.7815 -2.81846 -5.56712 1.59823 4.09436 9.19763 0.702005 2.81363 -9.76779 -6.72015 1.07627 6.03501 0.105736 -2.93309 -3.93226 -0.774978 2.53214 -0.984626 -1.08293 -1.84851 29.9491 -0.576645 28.8112 1.12768 2.29451 1.69029 -0.173364
internal_weight=1974 1043 74 931 397 969 256 60 713 157 153 46 44 11 556 244 127 534 196 481 467 117 30 33 22 53 14 37 16
internal_count=1617 718 48 899 395 670 128 30 542 94 153 46 33 8 448 242 127 504 98 469 462 115 15 25 11 35 7 19 16
is_linear=0
shrinkage=0.05


Tree=7
num_leaves=30
num_cat=0
split_feature=1 7 0 8 0 6 0 2 2 7 7 7 2 3 2 8 2 1 7 8 6 0 3 1 8 0 1 1 2
split_gain=5.15472e+06 4.19629e+06 5.26848e+06 2.53927e+06 971671 430550 723737 418943 1.20627e+06 1.12598e+06 342517 215192 172293 108778 134684 95049.1 85659.4 67121.2 66218.4 58078.5 42585.2 39702 33985.4 18820.7 18679.1 18214.5 17691.5 3866.77 3461.63
threshold=26423.415000000005 5.5000000000000009 35344.500000000007 2.5000000000000004 31323.400000000005 2.5000000000000004 36445.600000000006 4556.5800000000008 4477.4400000000014 1.5000000000000002 1.0000000180025095e-35 1.5000000000000002 4620.1350000000011 0.66120895053867168 12666.420000000002 3.5000000000000004 12091.065000000001 29664.880000000001 5.5000000000000009 3.5000000000000004 5.5000000000000009 34705.600000000006 0.87667511437145695 33292.455000000009 3.5000000000000004 33243.600000000006 17910.345000000005 21385.985000000004 9289.6750000000011
decision_type=2 2 2 2 2 2 2 2 2 2 2 2 2 2 2 2 2 2 2 2 2 2 2 2 2 2 2 2 2
left_child=3 7 21 4 11 6 -4 8 10 -10 -2 12 -1 14 -6 17 19 -9 -15 28 -17 25 -21 -7 27 -3 -26 -18 -5
right_child=1 2 5 16 13 23 -8 15 9 -11 -12 -13 -14 18 -16 20 24 -19 -20 22 -22 -23 -24 -25 26 -27 -28 -29 -30
leaf_value=-11.160476332444411 4.5547912847440761 24.980279541015612 24.905172958374028 -1.4322676077485086 -9.7434922658480136 -2.164447857783391 -0.0015657901763916013 -1.4792610368274508 22.382030378069192 -0.28604985740449695 1.3278096593406103 -10.524092864990235 -4.2691014695167544 -1.8362856965358945 -3.5850692340305876 1.9219526644438916 -3.182635605853537 0.3706227497076211 -5.8441832224527994 -0.46387572737567151 0.2140903512092486 31.424424743652345 2.045919908796038 0.27930946454405786 -2.1705241648356117 28.121331481933595 -1.1524523830474027 -2.2657923656961194 -2.0982414531707767
leaf_weight=12.999999999999998 98 6.0000000000000027 4.9999999999999982 32 12.999999999999998 12.999999999999998 7 105 14.000000000000002 8.9999999999999982 511 110 30 73 28 73 23 92 11.999999999999998 369 73 7.9999999999999991 13.999999999999998 20 75 20 99 23 50
leaf_count=13 54 3 3 32 13 13 5 104 7 9 336 110 30 70 28 44 23 68 12 344 54 4 7 13 75 10 99 23 50
internal_value=-0.0106424 2.4061 13.4895 -2.65301 -6.67396 2.26585 10.3762 1.50806 2.2716 13.5119 1.84709 -9.3517 -6.35254 -3.42243 -5.53774 0.101184 -1.01528 -0.615356 -2.40211 -0.630692 1.06802 28.3442 -0.372134 -0.683383 -1.82816 27.3965 -1.59128 -2.72421 -1.83835
internal_weight=2018 1054 79 964 279 45 12 975 632 23 609 153 43 126 41 343 685 197 85 465 146 34 383 33 220 26 174 46 82
internal_count=1656 727 51 929 276 34 8 676 406 16 390 153 43 123 41 270 653 172 82 433 98 17 351 26 220 13 174 46 82
is_linear=0
shrinkage=0.05


end of trees

feature_importances:
total_load=55
net_load=38
thermal_on_capacity=34
weekday=29
renewable_power=27
thermal_space_load_ratio=19
month=13
period=12
hour=3

parameters:
[boosting: gbdt]
[objective: regression]
[metric: rmse]
[tree_learner: serial]
[device_type: cpu]
[data_sample_strategy: bagging]
[data: ]
[valid: ]
[num_iterations: 400]
[learning_rate: 0.05]
[num_leaves: 31]
[num_threads: 0]
[seed: 42]
[deterministic: 0]
[force_col_wise: 0]
[force_row_wise: 0]
[histogram_pool_size: -1]
[max_depth: 5]
[min_data_in_leaf: 3]
[min_sum_hessian_in_leaf: 0.001]
[bagging_fraction: 0.85]
[pos_bagging_fraction: 1]
[neg_bagging_fraction: 1]
[bagging_freq: 1]
[bagging_seed: 400]
[bagging_by_query: 0]
[feature_fraction: 0.85]
[feature_fraction_bynode: 1]
[feature_fraction_seed: 30056]
[extra_trees: 0]
[extra_seed: 12879]
[early_stopping_round: 0]
[early_stopping_min_delta: 0]
[first_metric_only: 0]
[max_delta_step: 0]
[lambda_l1: 0]
[lambda_l2: 0]
[linear_lambda: 0]
[min_gain_to_split: 0]
[drop_rate: 0.1]
[max_drop: 50]
[skip_drop: 0.5]
[xgboost_dart_mode: 0]
[uniform_drop: 0]
[drop_seed: 17869]
[top_rate: 0.2]
[other_rate: 0.1]
[min_data_per_group: 100]
[max_cat_threshold: 32]
[cat_l2: 10]
[cat_smooth: 10]
[max_cat_to_onehot: 4]
[top_k: 20]
[monotone_constraints: ]
[monotone_constraints_method: basic]
[monotone_penalty: 0]
[feature_contri: ]
[forcedsplits_filename: ]
[refit_decay_rate: 0.9]
[cegb_tradeoff: 1]
[cegb_penalty_split: 0]
[cegb_penalty_feature_lazy: ]
[cegb_penalty_feature_coupled: ]
[path_smooth: 0]
[interaction_constraints: ]
[verbosity: -1]
[saved_feature_importance_type: 0]
[use_quantized_grad: 0]
[num_grad_quant_bins: 4]
[quant_train_renew_leaf: 0]
[stochastic_rounding: 1]
[linear_tree: 0]
[max_bin: 255]
[max_bin_by_feature: ]
[min_data_in_bin: 3]
[bin_construct_sample_cnt: 200000]
[data_random_seed: 175]
[is_enable_sparse: 1]
[enable_bundle: 1]
[use_missing: 1]
[zero_as_missing: 0]
[feature_pre_filter: 1]
[pre_partition: 0]
[two_round: 0]
[header: 0]
[label_column: ]
[weight_column: ]
[group_column: ]
[ignore_column: ]
[categorical_feature: ]
[forcedbins_filename: ]
[precise_float_parser: 0]
[parser_config_file: ]
[objective_seed: 16083]
[num_class: 1]
[is_unbalance: 0]
[scale_pos_weight: 1]
[sigmoid: 1]
[boost_from_average: 1]
[reg_sqrt: 0]
[alpha: 0.9]
[fair_c: 1]
[poisson_max_delta_step: 0.7]
[tweedie_variance_power: 1.5]
[lambdarank_truncation_level: 30]
[lambdarank_norm: 1]
[label_gain: ]
[lambdarank_position_bias_regularization: 0]
[eval_at: ]
[multi_error_top_k: 1]
[auc_mu_weights: ]
[num_machines: 1]
[local_listen_port: 12400]
[time_out: 120]
[machine_list_filename: ]
[machines: ]
[gpu_platform_id: -1]
[gpu_device_id: -1]
[gpu_use_dp: 0]
[num_gpu: 1]

end of parameters

pandas_categorical:[]
