tree
version=v4
num_class=1
num_tree_per_iteration=1
label_index=0
max_feature_idx=10
objective=regression
feature_names=total_load net_load renewable_power thermal_space_load_ratio thermal_on_capacity hour period weekday month is_weekend is_holiday
feature_infos=[31325.099999999999:43757.300000000003] [13380.389999999999:41070.110000000001] [1144.03:19845.43] [0.41387726832827804:0.97282505160491894] [27170:46830] [18:21] [73:88] [0:6] [2:5] [0:1] none
tree_sizes=2517 2794 2655 2668 2927 2853 2497 2934 2591 2761 2703 2776 2636 2694

Tree=0
num_leaves=27
num_cat=0
split_feature=1 7 2 4 4 2 7 1 1 7 4 0 1 4 4 8 2 2 0 0 0 2 7 6 6 0
split_gain=3.25572e+07 1.45686e+07 9.45083e+06 3.98244e+06 5.11864e+06 3.67896e+06 4.05745e+06 3.67615e+06 2.53214e+06 1.3708e+06 1.39194e+06 910911 694335 976630 572562 538470 286751 102809 56840.5 33919.1 59358.5 28485.5 2025.4 1807.67 1349.1 116.667
threshold=37413.830000000009 5.5000000000000009 6188.9700000000003 44735.000000000007 44810.000000000007 1877.7400000000002 4.5000000000000009 37843.42500000001 18573.335000000003 2.5000000000000004 36349.500000000007 41396.900000000009 23223.910000000007 38272.500000000007 38272.500000000007 4.5000000000000009 7316.0750000000007 4099.6450000000013 40513.000000000007 41472.500000000007 42116.150000000009 3146.7850000000003 3.5000000000000004 73.500000000000014 78.500000000000014 43237.900000000009
decision_type=2 2 2 2 2 2 2 2 2 2 2 2 2 2 2 2 2 2 2 2 2 2 2 2 2 2
left_child=2 5 3 9 18 19 11 -3 14 10 -1 -7 13 -10 23 -11 -14 -6 -5 -2 -21 24 -16 -4 -9 -23
right_child=1 7 8 4 17 6 -8 21 12 15 -12 -13 16 -15 22 -17 -18 -19 -20 20 -22 25 -24 -25 -26 -27
leaf_value=396.74657617028384 443.41428178763221 421.04428478216954 379.91988481497594 422.11428483939 393.08458484625646 419.32053483939001 390.69428461050819 388.13206222934025 381.94647308607011 386.11413433157361 389.75353914861074 436.78456900163889 385.43897931091658 369.47025687511592 369.33096616374195 394.66318462347817 383.52380385433116 386.34120759353101 427.93095150605666 436.38111630097859 443.41428178763221 385.54761798198848 368.5168047978861 381.10561805913017 388.78649876161813 385.83928462481327
leaf_weight=96 16.000000000000004 9.9999999999999982 4.9999999999999991 14.000000000000002 10.000000000000002 16.000000000000004 9.9999999999999982 18 122 233 275 13.999999999999998 285 18 10.999999999999998 20 622 12.999999999999998 5.9999999999999991 5.9999999999999982 6 5.9999999999999991 25 8.9999999999999982 13.999999999999998 7.9999999999999991
leaf_count=48 8 5 5 7 5 8 5 9 121 142 147 7 179 18 11 10 521 9 3 3 3 3 25 9 7 4
internal_value=387.689 412.454 385.949 390.642 405.36 428.007 418.276 393.568 383.095 389.628 391.563 427.47 383.62 380.342 372.102 386.79 384.126 389.273 423.859 441.907 439.898 387.595 368.766 380.682 388.418 385.714
internal_weight=1888 124 1764 667 43 68 40 56 1097 624 371 30 1047 140 50 253 907 23 20 28 12 46 36 14 32 14
internal_count=1322 62 1260 371 24 34 20 28 889 347 195 15 839 139 50 152 700 14 10 14 6 23 36 14 16 7
is_linear=0
shrinkage=1


Tree=1
num_leaves=30
num_cat=0
split_feature=1 2 7 2 7 1 3 8 1 3 2 8 0 7 7 7 1 8 8 2 2 0 3 1 6 0 6 7 0
split_gain=3.03894e+07 8.11277e+06 7.08712e+06 8.89769e+06 3.83716e+06 3.23562e+06 3.02058e+06 4.14396e+06 2.77065e+06 1.5257e+06 2.77143e+06 1.45444e+06 2.6887e+06 1.08189e+06 718093 628226 621202 882275 555213 412427 193739 61496.1 12058.4 4476.41 3739.69 3536.01 2551.09 2331.49 1657.12
threshold=36384.995000000003 6188.9700000000003 5.5000000000000009 1877.7400000000002 2.5000000000000004 37413.830000000009 0.91252564406869963 2.5000000000000004 18573.335000000003 0.90323837961414843 3423.0950000000007 4.5000000000000009 38342.450000000004 1.5000000000000002 2.5000000000000004 1.0000000180025095e-35 23440.675000000003 2.5000000000000004 3.5000000000000004 4268.3500000000013 7392.6350000000011 41472.500000000007 0.92957895639762889 38446.490000000005 79.500000000000014 41197.750000000007 83.500000000000014 3.5000000000000004 34614.750000000007
decision_type=2 2 2 2 2 2 2 2 2 2 2 2 2 2 2 2 2 2 2 2 2 2 2 2 2 2 2 2 2
left_child=1 9 3 21 5 -5 7 23 18 11 15 14 -13 -12 -1 -11 17 -10 27 -6 -18 -2 24 -4 -8 -9 -24 -3 -20
right_child=2 8 6 4 19 -7 22 25 16 10 13 12 -14 -15 -16 -17 20 -19 28 -21 -22 -23 26 -25 -26 -27 -28 -29 -30
leaf_value=1.977333003147695 52.829284667968743 -17.543798351287844 -4.3034289360046385 13.394054860105882 1.5380400975545245 37.140622329711917 -1.9570266723632816 38.217063395182286 -16.835046615600586 -5.9776770019531256 5.2169220924377422 2.635590744018554 41.883506266276044 26.97296448707581 -2.397243055682972 4.729549681838555 -2.4684033622344335 -5.4986825170595788 -5.8634236907958988 16.194293212890624 -4.0544070405722072 47.642324829101568 0.70502045899629595 -2.1440476099650065 -0.30570671558380125 39.822784423828125 -0.30739852190017702 -18.300412096296039 -6.9987092759874132
leaf_weight=221 20.000000000000004 15.999999999999998 4 26 24.000000000000004 32 7.9999999999999982 6.0000000000000009 20 14.999999999999998 8.0000000000000018 16.000000000000004 5.9999999999999991 20 163 158 288 121 4.9999999999999991 5.9999999999999991 581 7.9999999999999991 28 6 6 7.9999999999999991 7.9999999999999991 28 8.9999999999999982
leaf_count=112 10 16 4 13 12 16 4 3 20 15 4 8 3 10 107 79 185 120 5 3 490 4 14 3 3 4 4 28 9
internal_value=0.134415 -2.0152 19.085 26.7978 18.9866 26.4956 6.99456 21.5753 -4.63855 2.60051 6.16318 0.836725 13.3396 20.757 0.120417 3.80118 -4.02827 -7.10668 -15.2658 4.46929 -3.52878 51.3473 -0.00418138 -3.0078 -1.24932 39.1346 0.480038 -18.0253 -6.59325
internal_weight=1865 1675 190 116 88 58 74 24 1068 607 201 406 22 28 384 173 1010 141 58 30 869 28 50 10 14 14 36 44 14
internal_count=1308 1211 97 58 44 29 39 14 873 338 108 230 11 14 219 94 815 140 58 15 675 14 25 7 7 7 18 44 14
is_linear=0
shrinkage=0.05


Tree=2
num_leaves=28
num_cat=0
split_feature=1 3 4 7 4 2 7 1 3 4 4 4 8 0 4 1 4 7 4 0 2 1 2 7 2 7 0
split_gain=2.7217e+07 6.37606e+06 5.53585e+06 5.32796e+06 6.55681e+06 6.52049e+06 3.39303e+06 2.15242e+06 1.93859e+06 2.72456e+06 2.35753e+06 1.12535e+06 751988 678340 507320 501351 722711 408748 235472 38910.8 33793.3 4565.29 3741.49 1730.74 1687.06 1355.86 834.758
threshold=36384.995000000003 0.83317024099323056 42910.000000000007 5.5000000000000009 44810.000000000007 1877.7400000000002 3.5000000000000004 18573.335000000003 0.89836913924510109 44735.000000000007 36767.500000000007 44810.000000000007 4.5000000000000009 38313.950000000004 38272.500000000007 22678.740000000005 38272.500000000007 2.5000000000000004 39497.500000000007 41472.500000000007 3386.9050000000002 37242.735000000008 3004.5800000000004 3.5000000000000004 17068.350000000002 2.5000000000000004 41075.150000000009
decision_type=2 2 2 2 2 2 2 2 2 2 2 2 2 2 2 2 2 2 2 2 2 2 2 2 2 2 2
left_child=1 7 22 5 21 19 -7 14 12 10 -10 -11 17 -14 24 16 -9 -3 -17 -4 -6 -5 -2 -16 -1 -24 -27
right_child=2 8 3 4 20 6 -8 15 9 11 -12 -13 13 -15 23 18 -18 -19 -20 -21 -22 -23 25 -25 -26 26 -28
leaf_value=-5.5702523803710946 0.43586972951889041 1.0056712553418916 50.187820434570305 36.159266153971359 0.32884321957826618 28.996431804838636 4.757240841605447 -5.3875511747418035 18.001403192373424 31.245639038085933 1.7536938205549988 5.3642076810201011 3.4993469238281243 23.593464024861657 -16.669165978064907 -2.8885989347270118 -16.840667057037354 -2.1358507753056002 -4.6483872222394913 46.367933959960936 -2.842516358693441 37.903837280273443 -1.2573797225952144 -17.375742985652046 -6.6951070785522466 -0.82945358753204368 -0.049275382359822588
leaf_weight=4.9999999999999991 7.9999999999999991 232 20.000000000000004 5.9999999999999991 28 42 22 99 26 14.000000000000002 158 5.9999999999999991 14.000000000000002 5.9999999999999991 12.999999999999998 579 15.999999999999998 187 283 9.9999999999999982 11.999999999999998 9.9999999999999982 10.000000000000002 26 9.9999999999999982 7.9999999999999982 6
leaf_count=5 4 120 10 3 14 21 11 99 13 7 84 3 7 3 13 425 16 117 256 5 8 5 5 26 10 4 3
internal_value=0.0162417 -1.98021 18.3792 22.4069 10.1981 29.6803 20.6642 -4.41715 1.92723 5.95463 4.04957 23.4812 0.055725 9.52758 -14.1346 -3.88005 -6.98103 -0.396392 -3.46635 48.9145 -0.622565 37.2496 -0.500566 -17.1402 -6.32016 -0.812712 -0.495091
internal_weight=1856 1674 182 150 56 94 64 1031 643 204 184 20 439 20 54 977 115 419 862 30 40 16 32 39 15 24 14
internal_count=1297 1204 93 77 30 47 32 850 354 107 97 10 247 10 54 796 115 237 681 15 22 8 16 39 15 12 7
is_linear=0
shrinkage=0.05


Tree=3
num_leaves=29
num_cat=0
split_feature=1 7 2 2 7 4 3 1 1 4 4 3 3 0 1 4 4 4 2 1 0 3 0 0 7 1 0 0
split_gain=2.76034e+07 1.03991e+07 7.46533e+06 3.16641e+06 3.7112e+06 2.61137e+06 2.24243e+06 2.07951e+06 2.03458e+06 1.35494e+06 1.30046e+06 1.62262e+06 968760 754372 575764 775673 466042 441227 259386 230646 25063.4 57396.4 20642.8 14421.3 1653.67 1551.61 1239.45 381.828
threshold=37413.830000000009 5.5000000000000009 6188.9700000000003 1877.7400000000002 4.5000000000000009 44395.000000000007 0.89654825411010652 18573.335000000003 37843.42500000001 44810.000000000007 37979.500000000007 0.89705574914046238 0.91193047736323629 41525.000000000007 23440.675000000003 38272.500000000007 38272.500000000007 44585.000000000007 7316.0750000000007 33100.200000000004 41472.500000000007 0.96921056895659119 42469.200000000004 41396.900000000009 3.5000000000000004 16855.385000000006 41289.150000000001 43408.450000000004
decision_type=2 2 2 2 2 2 2 2 2 2 2 2 2 2 2 2 2 2 2 2 2 2 2 2 2 2 2 2
left_child=2 3 5 20 13 10 17 16 12 -8 11 -1 -3 -5 15 -9 25 -7 -16 -12 -2 -22 26 -6 -18 -4 -10 -24
right_child=1 8 7 4 23 6 9 14 22 -11 19 -13 -14 -15 18 -17 24 -19 -20 -21 21 -23 27 -25 -26 -27 -28 -29
leaf_value=0.94509943535453411 47.678430175781251 37.611453247070322 -6.8434946060180666 26.641406685965393 0.48385506272315992 11.711944325764975 25.186715970720567 -4.9682945084153562 0.37213924884796135 6.1359854970659526 -4.8748644735298905 8.0481005872998921 9.1984254837036126 42.534168243408203 -1.9367031012381706 -15.03420980702276 -15.834207974947416 0.78038191080093389 -3.770985049200946 -0.99222487717672125 48.245992024739593 41.330045572916667 -2.2964588928222662 3.9505217234293619 -16.516603415352957 -5.6935412320223726 1.1085232496261597 -1.7048430760701496
leaf_weight=285 20 5.9999999999999982 3.9999999999999991 14.000000000000002 5.9999999999999982 11.999999999999998 28 114 20.000000000000004 13.999999999999998 51 112 6 15.999999999999998 286 23 12.999999999999998 40 591 153 5.9999999999999982 6 4.9999999999999982 6 28 10.999999999999998 7.9999999999999991 6
leaf_count=154 10 3 4 7 3 6 14 113 10 7 45 56 3 8 180 23 13 22 499 79 3 3 3 3 28 11 4 3
internal_value=0.0670819 22.7729 -1.54098 34.7454 25.7174 2.49382 10.2435 -4.16171 5.40115 18.8365 1.28172 2.94897 23.4049 35.1175 -3.64371 -6.65819 -13.5413 3.30305 -3.1728 -1.96288 46.5945 44.788 -0.138471 2.21719 -16.3002 -6.0002 0.582535 -1.97376
internal_weight=1890 125 1765 74 42 695 94 1070 51 42 601 397 12 30 1014 137 56 52 877 204 32 12 39 12 41 15 28 11
internal_count=1317 63 1254 37 21 383 49 871 26 21 334 210 6 15 815 136 56 28 679 124 16 6 20 6 41 15 14 6
is_linear=0
shrinkage=0.05


Tree=4
num_leaves=31
num_cat=0
split_feature=1 2 7 2 7 3 8 1 1 3 8 0 7 2 7 1 8 7 8 3 2 0 0 3 6 6 7 2 3 0
split_gain=2.19777e+07 5.47341e+06 4.74076e+06 6.92823e+06 2.77346e+06 2.63501e+06 3.22114e+06 2.33055e+06 2.14922e+06 1.00855e+06 1.3359e+06 2.24231e+06 1.19289e+06 1.1367e+06 569952 528668 759118 472413 356820 354894 199970 31842.1 15176.9 9924.95 7042.95 4937.83 1729.47 1652.17 1464.73 1.86265e-09
threshold=36384.995000000003 6188.9700000000003 5.5000000000000009 1877.7400000000002 2.5000000000000004 0.91252564406869963 2.5000000000000004 37413.830000000009 18573.335000000003 0.89836913924510109 4.5000000000000009 38342.450000000004 5.5000000000000009 3423.0950000000007 1.0000000180025095e-35 23223.910000000007 3.5000000000000004 2.5000000000000004 3.5000000000000004 0.89705574914046238 7290.4750000000013 41472.500000000007 40954.100000000013 0.92957895639762889 81.500000000000014 83.500000000000014 3.5000000000000004 17068.350000000002 0.91795497226183931 41062.80000000001
decision_type=2 2 2 2 2 2 2 2 2 2 2 2 2 2 2 2 2 2 2 2 2 2 2 2 2 2 2 2 2 2
left_child=1 9 3 21 7 6 24 -5 18 10 17 -12 14 -14 -11 16 -10 -1 26 -6 -17 29 -8 28 -4 -25 -3 -20 -7 -2
right_child=2 8 5 4 19 23 22 -9 15 12 11 -13 13 -15 -16 20 -18 -19 27 -21 -22 -23 -24 25 -26 -27 -28 -29 -30 -31
leaf_value=1.2877518661382821 45.294509887695284 -15.04158955891927 -1.9620913096836627 11.992089398418155 14.700925509134928 -0.61194634437561035 31.355577596028645 32.392318180629182 -15.091603088378907 -5.5233596801757816 2.7202815294265741 38.562404378255209 -1.8587438583374014 24.152886336190363 4.3476433044321396 -1.8508721391511054 -4.7605079519337625 -2.1573830292238827 -4.9465984344482425 1.2103115118466892 -3.5014660336433177 41.775555419921879 34.536448974609378 0.60163511112332346 -4.8576848347981763 -0.96143756210803988 -15.699135233561201 -6.1911516189575195 -1.645403575897217 45.294509887695312
leaf_weight=238 10.000000000000005 14.999999999999998 7.0000000000000018 28 5.9999999999999991 5.9999999999999991 5.9999999999999991 28 21 15.999999999999998 16.000000000000004 5.9999999999999991 6.0000000000000027 13.999999999999998 170 263 116 171 3.9999999999999991 26 607 9.9999999999999982 9.9999999999999982 32 3 5.9999999999999991 30 7.9999999999999991 7.9999999999999991 7.9999999999999991
leaf_count=121 5 15 4 14 3 3 3 14 21 16 8 3 3 7 85 165 115 111 4 13 508 5 5 16 3 3 30 8 4 4
internal_value=0.0212625 -1.7972 15.9656 22.3749 15.4822 6.43383 19.4304 22.1922 -3.99175 1.86842 0.492973 12.4954 4.74618 16.3494 3.49852 -3.45711 -6.34411 -0.152635 -13.4371 3.7398 -3.00249 44.0377 33.3436 -0.0644463 -2.83077 0.354834 -15.48 -5.7763 -1.20249 45.2945
internal_weight=1895 1701 194 116 88 78 26 56 1064 637 431 22 206 20 186 1007 137 409 57 32 870 28 16 52 10 38 45 12 14 18
internal_count=1319 1220 99 58 44 41 15 28 866 354 243 11 111 10 101 809 136 232 57 16 673 14 8 26 7 19 45 12 7 9
is_linear=0
shrinkage=0.05


Tree=5
num_leaves=31
num_cat=0
split_feature=3 4 3 3 3 2 7 4 4 0 2 4 0 4 7 3 8 4 4 7 8 4 0 2 8 2 2 3 2 3
split_gain=1.6093e+07 8.11592e+06 3.45187e+06 4.24808e+06 2.92978e+06 2.80692e+06 2.01526e+06 1.53667e+06 1.52688e+06 1.46303e+06 1.04807e+06 950593 950385 2.95429e+06 568393 530907 1.27769e+06 492911 448665 180061 184444 112206 77471.3 72838.7 34705.7 17662.9 5138.8 4555.7 2625.89 1461.1
threshold=0.89705574914046238 42910.000000000007 0.91252564406869963 0.96839883296246421 0.97012089438483751 7101.6950000000006 4.5000000000000009 37979.500000000007 44395.000000000007 34545.450000000004 3888.6300000000006 38272.500000000007 36131.250000000007 37162.000000000007 4.5000000000000009 0.86033267703836358 4.5000000000000009 36212.500000000007 35555.000000000007 1.0000000180025095e-35 2.5000000000000004 36337.500000000007 35458.350000000006 11332.715000000002 2.5000000000000004 2904.0200000000009 14176.655000000001 0.82515913560786036 4623.6800000000012 0.92569749077411689
decision_type=2 2 2 2 2 2 2 2 2 2 2 2 2 2 2 2 2 2 2 2 2 2 2 2 2 2 2 2 2 2
left_child=5 7 8 6 -5 14 -4 12 -3 11 -10 26 13 -2 15 18 -17 -14 -1 21 -21 -11 29 -13 28 -24 -7 -26 -16 -9
right_child=1 2 3 4 -6 9 -8 22 10 19 -12 23 17 -15 24 16 -18 -19 -20 20 -22 -23 25 -25 27 -27 -28 -29 -30 -31
leaf_value=2.0300287406985502 40.281335449218737 47.977557373046878 21.094392485618592 41.067051018608936 0.72286246617635097 -3.9115829204690868 2.9769167146278601 -6.0315666198730469 28.794140838174258 0.76574018847557812 11.606563091278076 -7.6486190795898441 -4.6825643811907085 4.7999404733831232 -5.1721384946037752 1.6305322358062151 17.315063871656147 5.6199389527825758 -1.7222962634668868 -5.590465755317048 -3.484993519794823 -2.7031344936249107 -0.22936199926413023 -14.64120980721933 -0.41472010612487797 -1.7976992691385334 -5.107923184908354 -2.8349108723231726 -4.2644990030924488 -4.9156575289639566
leaf_weight=119 8.0000000000000018 7.9999999999999991 20 18.000000000000004 5.9999999999999991 29 66 3.9999999999999991 34 31 11.999999999999998 3.9999999999999991 13.999999999999998 22 17 179 13.999999999999998 68 241 131 505 94 26 54 1.9999999999999989 58 12.999999999999998 70 14.999999999999998 10.999999999999998
leaf_count=62 4 4 10 9 3 29 33 4 17 16 6 4 7 11 17 94 7 34 138 122 439 72 13 54 1 29 13 42 15 11
internal_value=-0.155335 9.12008 17.4635 12.381 30.981 -2.44669 7.19028 2.63517 27.8167 -4.32484 24.3104 -10.0106 6.64687 14.2616 0.0146258 0.652398 2.76827 3.86097 -0.481944 -3.5777 -3.91867 -1.84285 -1.90332 -14.159 -3.37661 -1.31226 -4.28188 -2.76768 -4.74668 -5.21323
internal_weight=1893 375 164 110 24 1518 86 211 54 861 46 100 112 30 657 553 193 82 360 761 636 125 99 58 104 84 42 72 32 15
internal_count=1320 195 82 55 12 1125 43 113 27 749 23 100 56 15 376 301 101 41 200 649 561 88 57 58 75 42 42 43 32 15
is_linear=0
shrinkage=0.05


Tree=6
num_leaves=27
num_cat=0
split_feature=1 7 3 1 2 7 1 6 4 2 4 4 2 4 7 1 4 1 4 4 3 2 7 0 3 0
split_gain=1.40967e+07 6.9328e+06 5.7552e+06 1.62546e+06 1.3957e+06 2.47316e+06 1.32926e+06 1.43747e+06 1.05838e+06 1.84758e+06 1.30499e+06 923702 1.06139e+06 897418 737973 392639 480761 288154 283758 197983 42031.8 22104.3 1562.86 1045.67 794.922 399.812
threshold=37413.830000000009 5.5000000000000009 0.83317024099323056 18573.335000000003 1877.7400000000002 4.5000000000000009 37843.42500000001 78.500000000000014 44395.000000000007 3888.6300000000006 44810.000000000007 37979.500000000007 3146.7850000000003 44585.000000000007 1.5000000000000002 23930.330000000002 38272.500000000007 36384.995000000003 38272.500000000007 39497.500000000007 0.96921056895659119 3386.9050000000002 3.5000000000000004 41289.150000000001 0.51707740335185537 43237.900000000009
decision_type=2 2 2 2 2 2 2 2 2 2 2 2 2 2 2 2 2 2 2 2 2 2 2 2 2 2
left_child=2 4 3 18 20 14 7 -3 11 10 -10 12 -4 -11 -6 16 -5 -13 24 -17 -2 23 -20 -8 -1 -23
right_child=1 6 8 15 5 -7 21 -9 9 13 -12 17 -14 -15 -16 19 -18 -19 22 -21 -22 25 -24 -25 -26 -27
leaf_value=-5.3579631805419936 42.047730712890612 31.244515228271492 8.6510350987315174 -4.240192221081446 25.926477966308596 2.092967596054077 0.17826593220233913 -2.9306549072265624 27.043670654296875 11.766787442294035 5.2313145260016114 -2.1247837654134845 1.6083038058383334 0.14901261189404655 43.894875335693342 -2.2022592178038383 -11.592324507677997 2.6645298647253139 -13.557449645996094 -3.8634051390619946 37.463420410156253 -2.4960724639892584 -14.189918627057757 0.76996967281614037 -4.5043367004394526 -1.8906846364339192
leaf_weight=5.9999999999999982 10.000000000000002 7.9999999999999982 64 126 20 9.9999999999999982 16.000000000000004 5 15.999999999999998 22 12.000000000000002 181 326 68 8.0000000000000018 523 27 38 14.999999999999998 273 9.9999999999999982 4.9999999999999982 28 13.999999999999998 5 6
leaf_count=6 5 4 32 125 10 5 8 3 8 11 6 109 174 38 4 379 26 19 15 245 5 3 28 7 5 3
internal_value=-0.129827 17.0611 -1.24276 -3.698 29.0643 23.4373 4.16871 18.1002 2.14459 6.47862 17.6955 1.30483 2.76403 2.98891 31.0603 -3.21786 -5.53763 -1.29376 -12.1361 -2.77197 39.7556 -0.248601 -13.9693 0.454394 -4.96995 -2.16586
internal_weight=1842 112 1730 1003 58 38 54 13 727 118 28 609 390 90 28 949 153 219 54 796 20 41 43 30 11 11
internal_count=1283 57 1226 829 29 19 28 7 397 63 14 334 206 49 14 775 151 128 54 624 10 21 43 15 11 6
is_linear=0
shrinkage=0.05


Tree=7
num_leaves=31
num_cat=0
split_feature=1 2 7 1 7 1 1 1 0 3 2 8 0 6 2 7 3 1 8 8 8 7 0 2 6 2 2 7 0 1
split_gain=1.49948e+07 4.29728e+06 4.29381e+06 3.21864e+06 1.61216e+06 1.58865e+06 1.37366e+06 1.35329e+06 1.08908e+06 762291 1.75285e+06 975348 2.03987e+06 675628 459295 452710 441790 379071 528225 323387 300049 193463 155733 111051 59438.3 18425.3 1512.32 1263.79 1086.54 533.556
threshold=36965.920000000006 6188.9700000000003 5.5000000000000009 38160.630000000005 2.5000000000000004 37843.42500000001 37413.830000000009 18573.335000000003 40735.150000000009 0.90323837961414843 3423.0950000000007 4.5000000000000009 38342.450000000004 79.500000000000014 1877.7400000000002 2.5000000000000004 0.90851966878342483 25603.515000000003 2.5000000000000004 3.5000000000000004 3.5000000000000004 1.0000000180025095e-35 41472.500000000007 7101.6950000000006 78.500000000000014 3146.7850000000003 17068.350000000002 3.5000000000000004 43237.900000000009 39918.625000000007
decision_type=2 2 2 2 2 2 2 2 2 2 2 2 2 2 2 2 2 2 2 2 2 2 2 2 2 2 2 2 2 2
left_child=1 9 3 4 6 8 -2 20 -4 11 19 15 -13 -12 24 -1 -10 18 -9 -11 27 -16 -6 -19 -5 29 -22 -3 -27 -7
right_child=2 7 5 14 22 25 -8 17 16 10 13 12 -14 -15 21 -17 -18 23 -20 -21 26 -23 -24 -25 -26 28 -28 -29 -30 -31
leaf_value=1.5281032062771562 9.793262275060016 -12.876331153282752 -1.2288509051005039 40.316030883789054 0.63618488311767563 0.38937579095363611 32.847008623395645 -10.655930399894714 10.188418197631837 -1.8569703048781347 -0.60755319595336921 1.5022455453872678 35.688114929199223 17.881248920304436 32.30799942016602 -1.7846038398288546 29.849703369140627 -1.4854189901484385 -3.7806019233844497 3.3361906122153915 -4.2791197204589846 21.311891174316401 9.38125081062317 -2.8043581704081517 35.096590270996096 -2.4452002116612026 -5.3441269683837893 -13.476376088460288 -1.5922095298767092 -0.076196217536926278
leaf_weight=227 12.000000000000002 12.999999999999998 6.0000000000000027 12.000000000000002 14.000000000000002 16.000000000000004 13.999999999999998 32 3.9999999999999991 38 5.9999999999999991 16.000000000000004 5.9999999999999991 28 7.9999999999999973 189 9.9999999999999982 225 220 142 4.9999999999999991 8 7.9999999999999991 549 9.9999999999999982 6.9999999999999991 9.9999999999999982 27 7.9999999999999991 9.9999999999999982
leaf_count=115 6 13 3 6 7 8 7 32 3 26 3 8 3 14 4 119 5 132 208 71 5 4 4 449 5 4 10 27 4 5
internal_value=-0.144747 -1.44528 15.1874 22.3843 13.7778 5.04085 22.2068 -3.37893 16.5939 1.76067 4.20656 0.565648 10.8257 14.6185 33.2557 0.0230512 24.2322 -2.96933 -4.65366 2.23986 -11.0198 26.8099 3.81621 -2.42095 37.9436 -0.594781 -4.98912 -13.2814 -1.99027 0.21031
internal_weight=1880 1733 147 86 48 61 26 1081 20 652 214 438 22 34 38 416 14 1026 252 180 55 16 22 774 22 41 15 40 15 26
internal_count=1310 1235 75 43 24 32 13 876 11 359 114 245 11 17 19 234 8 821 240 97 55 8 11 581 11 21 15 40 8 13
is_linear=0
shrinkage=0.05


Tree=8
num_leaves=28
num_cat=0
split_feature=1 2 4 7 2 4 7 1 4 4 4 3 1 4 4 4 4 3 7 2 7 0 3 2 7 2 0
split_gain=1.63687e+07 3.42215e+06 3.3811e+06 3.1242e+06 3.71376e+06 3.59007e+06 2.68762e+06 1.32442e+06 758504 1.57702e+06 733453 916498 359999 504094 333862 276753 135285 43172.8 35306.1 24119.2 9312.26 6912 4093.04 2057.29 1362.53 1189.39 202.298
threshold=36384.995000000003 6188.9700000000003 42910.000000000007 5.5000000000000009 1877.7400000000002 44810.000000000007 3.5000000000000004 18573.335000000003 44735.000000000007 44810.000000000007 37979.500000000007 0.91018657589553331 23223.910000000007 38272.500000000007 44065.000000000007 38272.500000000007 39497.500000000007 0.96839883296246421 5.5000000000000009 3386.9050000000002 2.5000000000000004 39232.30000000001 0.90966593478280411 3004.5800000000004 3.5000000000000004 17068.350000000002 40459.600000000006
decision_type=2 2 2 2 2 2 2 2 2 2 2 2 2 2 2 2 2 2 2 2 2 2 2 2 2 2 2
left_child=1 8 20 4 17 22 -6 15 10 21 11 -1 13 -9 -12 25 -14 -4 -11 -7 -2 -10 -5 -22 -17 -3 -25
right_child=2 7 3 5 6 19 -8 12 9 18 14 -13 16 -15 -16 24 -18 -19 -20 -21 23 -23 -24 26 -26 -27 -28
leaf_value=1.0370662860944868 -2.1251311492919922 -4.0171993255615233 39.992137908935533 28.071145629882821 23.004369644323987 0.074505249091557091 3.0442950778282607 -3.9700693738144057 24.397089640299484 1.6447895573718203 -2.3486477054135744 7.0814908541165869 -2.0003365685346943 -12.581939888000489 3.0736486126394835 -12.238146482195173 -3.2686542090747057 35.702906660600142 -2.9394814809163412 -2.6886694648049096 0.35467762351036058 21.997089640299478 29.798718261718747 -0.43097919623057052 -12.838785710828057 -5.0240189292214135 -0.81504833698272705
leaf_weight=320 9.9999999999999982 3.9999999999999991 8.0000000000000018 7.9999999999999982 48 28 26 113 5.9999999999999982 14.000000000000002 172 78 559 20 34 13.999999999999998 337 22 5.9999999999999991 10.999999999999998 8.0000000000000018 6 6 5.9999999999999991 29 10.999999999999998 7.9999999999999991
leaf_count=172 5 4 4 4 24 14 13 112 3 7 107 39 407 20 17 14 288 11 5 7 4 3 3 3 29 11 4
internal_value=-0.01535 -1.54757 13.953 16.9722 22.0073 7.09193 15.9914 -3.25205 1.36558 8.86735 0.968136 2.22165 -2.83769 -5.26509 -1.45371 -10.6033 -2.47737 36.8467 0.269508 -0.704852 -0.860005 23.1971 28.8115 -0.284947 -12.6432 -4.75553 -0.650447
internal_weight=1912 1723 189 157 104 53 74 1087 636 32 604 398 1029 133 206 58 896 30 20 39 32 12 14 22 43 15 14
internal_count=1334 1238 96 80 52 28 37 885 353 18 335 211 827 132 124 58 695 15 12 21 16 6 7 11 43 15 7
is_linear=0
shrinkage=0.05


Tree=9
num_leaves=29
num_cat=0
split_feature=1 7 4 2 1 1 0 4 2 8 0 3 4 7 1 8 0 4 3 4 2 0 2 3 6 7 0 2
split_gain=1.36678e+07 3.91972e+06 3.61136e+06 3.30936e+06 1.53831e+06 1.17888e+06 1.17181e+06 1.49506e+06 1.01616e+06 678255 1.8803e+06 758777 1.37925e+06 495501 338516 454355 317624 229988 209495 163210 95368.2 39799.6 20578.3 7610.05 1234.18 1076.19 898.789 790.218
threshold=36965.920000000006 5.5000000000000009 44810.000000000007 6188.9700000000003 37843.42500000001 18573.335000000003 41396.900000000009 44065.000000000007 1877.7400000000002 4.5000000000000009 38342.450000000004 0.90323837961414843 36767.500000000007 1.0000000180025095e-35 26936.655000000002 2.5000000000000004 42899.150000000001 38272.500000000007 0.90742128172380265 39497.500000000007 4131.3750000000009 36008.000000000007 3146.7850000000003 0.96839883296246421 78.500000000000014 3.5000000000000004 43237.900000000009 17068.350000000002
decision_type=2 2 2 2 2 2 2 2 2 2 2 2 2 2 2 2 2 2 2 2 2 2 2 2 2 2 2 2
left_child=3 2 6 9 18 17 20 -8 23 11 21 13 -13 -1 15 -7 -10 27 -3 -16 -2 -11 24 -4 -6 -19 -24 -5
right_child=1 4 8 5 22 14 7 -9 16 10 -12 12 -14 -15 19 -17 -18 25 -20 -21 -22 -23 26 -25 -26 -27 -28 -29
leaf_value=3.2992706804048448 -0.56152622401714314 9.0444350242614746 37.740997314453104 -3.8038394927978518 0.23157173262702091 -8.0970261920582161 38.969617716471362 7.3989712715148928 18.482749260796435 -1.1982929865519192 33.85185648600261 14.830859629313151 2.0867865632085696 -0.99419290249546377 -1.3615270132731114 -3.1693973210672985 29.596729736328129 -11.620953251765325 22.583566751480106 -2.9487342471661777 6.8302277326583862 3.5768381595611576 -2.1885067531040736 35.710699768066405 0.88619800408681249 -12.168432380413186 -1.4127052545547487 -4.6484645843505863
leaf_weight=84 16.000000000000004 3.9999999999999991 6.0000000000000027 3.9999999999999991 18.000000000000004 55 5.9999999999999991 9.9999999999999982 18.000000000000004 6.0000000000000062 5.9999999999999991 24 184 336 392 313 9.9999999999999982 12.999999999999998 9.9999999999999982 276 5.9999999999999991 15.999999999999998 6.9999999999999991 20 11.999999999999998 29 7.9999999999999991 8.9999999999999982
leaf_count=42 8 3 3 4 9 53 3 5 9 3 3 12 99 197 257 285 5 13 5 234 3 8 4 10 6 29 4 9
internal_value=-0.131965 14.3001 20.7513 -1.37938 4.24059 -3.06685 8.94222 19.238 29.0614 1.42706 9.0411 1.08758 3.55726 -0.1355 -2.68815 -3.90586 22.452 -10.2002 18.7152 -2.01732 1.45441 2.27453 -0.262634 36.1792 0.493422 -11.999 -1.77475 -4.38858
internal_weight=1898 151 92 1747 59 1091 38 16 54 656 28 628 208 420 1036 368 28 55 14 668 22 22 45 26 30 42 15 13
internal_count=1325 77 46 1248 31 884 19 8 27 364 14 350 111 239 829 338 14 55 8 491 11 11 23 13 15 42 8 13
is_linear=0
shrinkage=0.05


Tree=10
num_leaves=30
num_cat=0
split_feature=1 3 7 2 7 3 3 3 2 1 0 7 5 7 1 8 7 8 0 8 3 0 8 1 3 0 7 2 2
split_gain=1.2645e+07 3.32734e+06 3.04399e+06 3.02985e+06 1.87944e+06 1.20422e+06 1.44038e+06 1.1447e+06 1.522e+06 1.11006e+06 919781 581731 429073 420412 255249 388188 249893 194040 144727 120611 33113.7 49849.8 18891.8 12691.5 6262.66 2919.76 1032.78 827.825 307.121
threshold=36965.920000000006 0.83317024099323056 5.5000000000000009 1877.7400000000002 2.5000000000000004 0.914348931073657 0.90614581587993459 0.90323837961414843 3423.0950000000007 18573.335000000003 41396.900000000009 1.5000000000000002 20.500000000000004 4.5000000000000009 22871.995000000003 3.5000000000000004 1.0000000180025095e-35 3.5000000000000004 41472.500000000007 3.5000000000000004 0.96921056895659119 41472.500000000007 2.5000000000000004 37843.42500000001 0.96839883296246421 43237.900000000009 3.5000000000000004 18935.845000000005 3738.0300000000002
decision_type=2 2 2 2 2 2 2 2 2 2 2 2 2 2 2 2 2 2 2 2 2 2 2 2 2 2 2 2 2
left_child=1 9 3 20 10 6 -4 13 12 17 -5 -10 -9 16 15 -11 -3 26 -6 -16 24 -22 -15 -7 -2 -25 -1 -19 -8
right_child=2 7 5 4 18 23 28 8 11 14 -12 -13 -14 22 19 -17 -18 27 -20 -21 21 -23 -24 25 -26 -27 -28 -29 -30
leaf_value=-11.043441390991212 35.853946940104159 3.0037421102993767 -3.0225369044712598 13.735254405095027 0.3074398373564084 -2.066592049598694 25.769822184244795 0.86996525377751555 2.5922652900218965 -11.758882724537569 28.438579644097224 18.010654757573054 6.5449726528050949 -4.338294754028321 -3.0160224348275086 -3.6252274245859306 0.17590959160381062 -3.9315274238586433 8.3900248646736149 -1.8068278369633295 33.777749633789071 27.748750813802083 -2.5777718216180805 0.3894134411445031 33.717004394531244 -0.83423326810201015 -11.563527628580729 -4.8124849319458001 25.263923136393228
leaf_weight=13.999999999999998 6.0000000000000009 104 7.0000000000000027 26 18.000000000000004 7.9999999999999991 5.9999999999999982 104 7.9999999999999991 17 18 26 49 20 354 107 314 7.9999999999999982 7.9999999999999991 494 7.9999999999999982 6 64 26 8 5.9999999999999991 30 4 6
leaf_count=14 3 54 5 13 9 4 3 57 4 17 9 13 26 20 305 106 168 8 4 363 4 3 37 13 4 3 30 4 3
internal_value=0.0281142 -1.21385 13.6106 19.0126 13.4524 4.63782 15.0024 1.47471 4.81388 -3.01582 19.7503 14.3828 2.68745 0.23084 -2.62145 -4.74033 0.879485 -9.861 2.79439 -2.31161 32.9134 31.1939 -2.99694 -0.285335 34.6328 0.15998 -11.398 -4.22518 25.5169
internal_weight=1874 1717 157 98 70 59 19 689 187 1028 44 34 153 502 972 124 418 56 26 848 28 14 84 40 14 32 44 12 12
internal_count=1306 1226 80 49 35 31 11 379 100 847 22 17 83 279 791 123 222 56 13 668 14 7 57 20 7 16 44 12 6
is_linear=0
shrinkage=0.05


Tree=11
num_leaves=30
num_cat=0
split_feature=1 7 1 3 3 4 3 7 1 1 8 0 3 4 4 4 1 8 4 4 3 0 3 1 0 3 3 7 3
split_gain=1.28611e+07 2.86068e+06 3.54376e+06 2.83335e+06 1.19004e+06 1.87876e+06 1.02691e+06 1.24117e+06 893834 825286 718751 1.60447e+06 637404 1.25146e+06 559975 326872 277541 391793 178953 178828 41522.1 17642.1 11559.8 4435.17 1810.87 1248.24 1127.12 852.4 596.922
threshold=36384.995000000003 5.5000000000000009 37413.830000000009 0.83317024099323056 0.91252564406869963 45602.500000000007 0.96033197461951747 4.5000000000000009 18573.335000000003 36506.585000000014 4.5000000000000009 38342.450000000004 0.89836913924510109 44735.000000000007 44395.000000000007 36349.500000000007 25421.530000000006 2.5000000000000004 38272.500000000007 39497.500000000007 0.96921056895659119 36466.100000000006 0.92957895639762889 38065.240000000013 41289.150000000001 0.90966593478280411 0.51707740335185537 3.5000000000000004 0.91990833453564358
decision_type=2 2 2 2 2 2 2 2 2 2 2 2 2 2 2 2 2 2 2 2 2 2 2 2 2 2 2 2 2
left_child=3 2 9 8 5 25 7 -4 18 -2 12 21 15 -14 -11 -5 17 -10 26 -18 -8 -12 28 -7 -24 -3 -1 -20 -6
right_child=1 4 6 10 22 23 20 -9 16 14 11 -13 13 -15 -16 -17 19 -19 27 -21 -22 -23 24 -25 -26 -27 -28 -29 -30
leaf_value=-4.425800959269206 24.146121215820315 24.945513916015628 23.598158836364746 1.9544381835243918 -1.778783416748047 -4.6298632939656565 33.171969223022465 1.5792896032333374 -9.0776236794211638 -0.67782622029383977 0.08084996541341137 32.15046793619792 1.8962105815661581 14.492947134104643 10.988580388493009 -1.0151337936592448 -1.5164535657474489 -3.2208736582747046 -10.493324487859553 -3.1421060460086929 29.443364497593464 3.4014349778493251 0.067224951223893603 -2.332046890258789 0.87870405197143564 25.899545288085932 -3.4170711040496826 -11.010248039508689 -1.1190441429615021
leaf_weight=8.9999999999999982 5.9999999999999991 7.9999999999999991 32 132 5.9999999999999991 3 15.999999999999998 7.9999999999999991 33 24 6.0000000000000062 5.9999999999999991 190 22 18 311 495 212 10.999999999999998 257 14.000000000000002 11.999999999999998 22 7 9.9999999999999982 6.0000000000000009 3.9999999999999991 29 7.9999999999999991
leaf_count=9 3 4 16 73 3 3 8 4 33 12 3 3 103 11 9 175 349 203 11 233 7 6 11 4 5 3 4 29 4
internal_value=0.0935619 12.5134 17.2639 -1.25689 4.50555 13.5311 24.4391 19.1944 -2.88455 6.80007 1.2601 9.75855 0.948709 3.20342 4.32206 -0.130295 -2.5482 -4.00974 -9.21178 -2.07203 31.432 2.29457 -0.203458 -3.02139 0.320812 25.3544 -4.11542 -10.8681 -1.40179
internal_weight=1917 188 118 1729 70 24 70 40 1050 48 679 24 655 212 42 443 997 245 53 752 30 18 46 10 32 14 13 40 14
internal_count=1341 96 59 1245 37 14 35 20 871 24 374 12 362 114 21 248 818 236 53 582 15 9 23 7 16 7 13 40 7
is_linear=0
shrinkage=0.05


Tree=12
num_leaves=29
num_cat=0
split_feature=1 7 2 2 7 1 4 2 4 4 4 4 2 3 1 4 4 4 4 0 7 1 3 0 1 0 1 7
split_gain=1.04386e+07 2.67606e+06 3.15713e+06 2.36642e+06 1.40902e+06 923247 891795 757386 1.27469e+06 481880 1.02603e+06 648013 763599 277905 264950 213605 185767 137235 127692 43169.6 29600.3 10980.9 8494.82 3471.61 3344.76 2347.65 924.386 819.028
threshold=36384.995000000003 5.5000000000000009 1877.7400000000002 6104.5300000000016 2.5000000000000004 18573.335000000003 42910.000000000007 3568.5750000000003 45602.500000000007 44735.000000000007 44810.000000000007 37979.500000000007 2904.0200000000009 0.89705574914046238 26810.655000000002 44065.000000000007 38272.500000000007 38272.500000000007 35865.000000000007 41472.500000000007 5.5000000000000009 37843.42500000001 0.96839883296246421 42469.200000000004 37242.735000000008 43237.900000000009 17619.420000000002 3.5000000000000004
decision_type=2 2 2 2 2 2 2 2 2 2 2 2 2 2 2 2 2 2 2 2 2 2 2 2 2 2 2 2
left_child=3 2 19 9 6 17 -4 21 -9 11 -11 12 -1 -6 16 -13 -7 26 -16 22 -12 24 -2 -10 -3 -23 -5 -19
right_child=1 7 4 5 13 14 -8 8 23 10 20 15 -14 -15 18 -17 -18 27 -20 -21 -22 25 -24 -25 -26 -27 -28 -29
leaf_value=10.429398711828085 32.747458902994758 -0.77387222349643725 -2.3822315216064456 -4.5233206939697279 12.379631121953329 -2.7206228221250961 18.018035102844237 23.723448486328124 -4.3983701070149728 20.509048461914055 1.6717984954516087 -2.0815911291584825 1.5541365500236928 0.44164065372628669 -0.56671685083753109 2.6415791579655239 -5.3397257607033914 -9.9656388419015087 -2.131920866036054 27.149896545410158 -2.9071589660644532 0.44148041193301862 30.498805454799108 -2.2469017028808591 -2.335566647847493 -0.65575434366861984 -3.6028024991353349 -10.431322189857219
leaf_weight=26 6.0000000000000062 7.9999999999999982 5.9999999999999991 4.9999999999999982 5.9999999999999991 242 50 10 3 10.000000000000002 12.000000000000002 165 357 26 173 28 94 13.999999999999998 528 9.9999999999999982 4.9999999999999991 26 13.999999999999998 5 6 5.9999999999999991 6 29
leaf_count=13 3 4 3 5 3 226 25 5 3 5 6 100 190 13 99 14 87 14 415 5 4 13 7 3 3 3 6 29
internal_value=-0.0190259 11.3598 15.8249 -1.24154 11.0496 -2.63087 15.8323 3.12726 11.8225 1.27215 7.8006 0.966133 2.15663 2.68001 -2.29896 -1.39636 -3.45335 -9.00483 -1.74564 29.8322 0.325046 -0.275226 31.1734 -3.0537 -1.44317 0.235749 -4.02122 -10.2797
internal_weight=1876 182 118 1694 88 1091 56 64 18 603 27 576 383 32 1037 193 336 54 701 30 17 46 20 8 14 32 11 43
internal_count=1306 93 59 1213 44 881 28 34 11 332 15 317 203 16 827 114 313 54 514 15 10 23 10 6 7 16 11 43
is_linear=0
shrinkage=0.05


Tree=13
num_leaves=30
num_cat=0
split_feature=3 4 4 8 7 2 4 7 4 4 0 7 3 4 2 7 3 4 7 4 0 4 8 7 5 8 3 2 6
split_gain=7.21624e+06 4.24475e+06 1.77272e+06 1.29171e+06 1.62588e+06 1.12013e+06 910349 827659 738602 2.57931e+06 599714 415013 570966 405072 233734 198415 204520 146655 125018 85261 74733.7 71488.5 68291.6 60244 19660 15655.5 6402.14 2233.84 2133.34
threshold=0.89654825411010652 42910.000000000007 44065.000000000007 2.5000000000000004 4.5000000000000009 7101.6950000000006 37979.500000000007 5.5000000000000009 36212.500000000007 36767.500000000007 34545.450000000004 1.0000000180025095e-35 0.87054803171866924 38272.500000000007 3991.9300000000007 4.5000000000000009 0.87756906746077468 44395.000000000007 2.5000000000000004 31965.000000000004 41139.750000000007 39497.500000000007 2.5000000000000004 5.5000000000000009 19.500000000000004 2.5000000000000004 0.90614581587993459 14176.655000000001 83.500000000000014
decision_type=2 2 2 2 2 2 2 2 2 2 2 2 2 2 2 2 2 2 2 2 2 2 2 2 2 2 2 2 2
left_child=5 6 14 4 -4 11 8 -5 26 -10 13 12 17 27 -3 16 -13 -1 19 -12 -14 -20 28 -15 -24 -17 -2 -7 -8
right_child=1 2 3 7 -6 10 22 -9 9 -11 18 15 20 23 -16 25 -18 -19 21 -21 -22 -23 24 -25 -26 -27 -28 -29 -30
leaf_value=0.54990419769287113 -3.8368661880493153 37.804262288411465 24.55980567932129 18.78604844212532 -0.18507868020962448 -2.5793584632873539 -4.4784357937899504 9.500870928416651 26.070833478655135 3.0667270676252691 1.2695497836755669 -0.89771874627098447 8.824591445922854 -9.7985561664287868 23.847967783610024 -3.7416005270821708 1.7027551423419607 5.2401309764385227 -2.5115558574663712 -1.887769540056194 16.716237131754554 -3.8651789296906571 -0.69889410178248701 -3.4307603359222414 -2.2451108371510227 -2.3560816014607751 -5.7345500946044927 -3.4123310435901995 -5.7240370941162118
leaf_weight=100 8.0000000000000018 5.9999999999999982 7.9999999999999991 48 39 30 10.999999999999998 48 13.999999999999998 94 23 320 5.9999999999999982 52 6 28 99 20 298 304 6 145 52 3.9999999999999991 34 75 9.9999999999999982 10.999999999999998 4.9999999999999991
leaf_count=56 4 3 4 24 20 30 11 24 7 47 12 177 3 52 3 28 53 10 262 244 3 141 26 4 17 46 5 11 5
internal_value=-0.150872 5.98332 12.3674 10.8184 4.02682 -1.69551 1.64326 14.1435 4.4859 6.04874 -2.87398 -0.133227 2.3715 -6.57901 30.8261 -0.766606 -0.283287 1.33161 -2.40724 -1.6657 12.7704 -2.95462 -1.86823 -9.34371 -1.31019 -2.73273 -4.89114 -2.80284 -4.86769
internal_weight=1904 383 155 143 47 1521 228 96 126 108 867 654 132 97 12 522 419 120 770 327 12 443 102 56 86 103 18 41 16
internal_count=1332 200 78 72 24 1132 122 48 63 54 756 376 72 97 6 304 230 66 659 256 6 403 59 56 43 74 9 41 16
is_linear=0
shrinkage=0.05


end of trees

feature_importances:
thermal_on_capacity=72
weekday=63
renewable_power=59
net_load=58
thermal_space_load_ratio=53
total_load=50
month=28
period=11
hour=2

parameters:
[boosting: gbdt]
[objective: regression]
[metric: rmse]
[tree_learner: serial]
[device_type: cpu]
[data_sample_strategy: bagging]
[data: ]
[valid: ]
[num_iterations: 400]
[learning_rate: 0.05]
[num_leaves: 31]
[num_threads: 0]
[seed: 42]
[deterministic: 0]
[force_col_wise: 0]
[force_row_wise: 0]
[histogram_pool_size: -1]
[max_depth: 5]
[min_data_in_leaf: 3]
[min_sum_hessian_in_leaf: 0.001]
[bagging_fraction: 0.85]
[pos_bagging_fraction: 1]
[neg_bagging_fraction: 1]
[bagging_freq: 1]
[bagging_seed: 400]
[bagging_by_query: 0]
[feature_fraction: 0.85]
[feature_fraction_bynode: 1]
[feature_fraction_seed: 30056]
[extra_trees: 0]
[extra_seed: 12879]
[early_stopping_round: 0]
[early_stopping_min_delta: 0]
[first_metric_only: 0]
[max_delta_step: 0]
[lambda_l1: 0]
[lambda_l2: 0]
[linear_lambda: 0]
[min_gain_to_split: 0]
[drop_rate: 0.1]
[max_drop: 50]
[skip_drop: 0.5]
[xgboost_dart_mode: 0]
[uniform_drop: 0]
[drop_seed: 17869]
[top_rate: 0.2]
[other_rate: 0.1]
[min_data_per_group: 100]
[max_cat_threshold: 32]
[cat_l2: 10]
[cat_smooth: 10]
[max_cat_to_onehot: 4]
[top_k: 20]
[monotone_constraints: ]
[monotone_constraints_method: basic]
[monotone_penalty: 0]
[feature_contri: ]
[forcedsplits_filename: ]
[refit_decay_rate: 0.9]
[cegb_tradeoff: 1]
[cegb_penalty_split: 0]
[cegb_penalty_feature_lazy: ]
[cegb_penalty_feature_coupled: ]
[path_smooth: 0]
[interaction_constraints: ]
[verbosity: -1]
[saved_feature_importance_type: 0]
[use_quantized_grad: 0]
[num_grad_quant_bins: 4]
[quant_train_renew_leaf: 0]
[stochastic_rounding: 1]
[linear_tree: 0]
[max_bin: 255]
[max_bin_by_feature: ]
[min_data_in_bin: 3]
[bin_construct_sample_cnt: 200000]
[data_random_seed: 175]
[is_enable_sparse: 1]
[enable_bundle: 1]
[use_missing: 1]
[zero_as_missing: 0]
[feature_pre_filter: 1]
[pre_partition: 0]
[two_round: 0]
[header: 0]
[label_column: ]
[weight_column: ]
[group_column: ]
[ignore_column: ]
[categorical_feature: ]
[forcedbins_filename: ]
[precise_float_parser: 0]
[parser_config_file: ]
[objective_seed: 16083]
[num_class: 1]
[is_unbalance: 0]
[scale_pos_weight: 1]
[sigmoid: 1]
[boost_from_average: 1]
[reg_sqrt: 0]
[alpha: 0.9]
[fair_c: 1]
[poisson_max_delta_step: 0.7]
[tweedie_variance_power: 1.5]
[lambdarank_truncation_level: 30]
[lambdarank_norm: 1]
[label_gain: ]
[lambdarank_position_bias_regularization: 0]
[eval_at: ]
[multi_error_top_k: 1]
[auc_mu_weights: ]
[num_machines: 1]
[local_listen_port: 12400]
[time_out: 120]
[machine_list_filename: ]
[machines: ]
[gpu_platform_id: -1]
[gpu_device_id: -1]
[gpu_use_dp: 0]
[num_gpu: 1]

end of parameters

pandas_categorical:[]
