tree
version=v4
num_class=1
num_tree_per_iteration=1
label_index=0
max_feature_idx=10
objective=regression
feature_names=total_load net_load renewable_power thermal_space_load_ratio thermal_on_capacity hour period weekday month is_weekend is_holiday
feature_infos=[20617.400000000001:40567.599999999999] [-18846.150000000001:31679.639999999996] [6746.5600000000004:40576.68] [-0.89198188220594088:0.82442812456084646] [27170:46830] [10:14] [41:60] [0:6] [2:4] [0:1] none
tree_sizes=1774 2032 2285 2454 2096 2317 2188 1848 2503 2452 2276 2242 2275 2249 2251 2253 2433 2354 2513 2083 2301 2138 2534 2456 1946 2278 2336 2063 2446 2402 2422 2349 2312 2683 2783 1872 2278 2521 1976 1983

Tree=0
num_leaves=20
num_cat=0
split_feature=1 1 4 2 7 4 4 0 1 4 4 1 1 1 1 4 0 0 4
split_gain=1.49189e+07 3.53929e+06 1.70753e+06 934782 1.06357e+06 206091 190884 165482 103330 110171 57948.8 42834.9 42270.5 33767.6 7646.98 52603.8 7082.5 7030.36 4063.22
threshold=17892.575000000001 29332.105000000003 44810.000000000007 9686.1800000000021 5.5000000000000009 42277.500000000007 43672.500000000007 36936.600000000013 12701.890000000001 40095.000000000007 36090.000000000007 17479.370000000006 30290.815000000006 27590.360000000004 8939.9899999999998 36662.500000000007 37263.250000000007 36184.650000000009 42595.000000000007
decision_type=2 2 2 2 2 2 2 2 2 2 2 2 2 2 2 2 2 2 2
left_child=7 3 12 4 17 10 -7 8 14 -10 -5 -11 -3 -6 18 -16 -9 -2 -1
right_child=1 2 -4 5 13 6 -8 16 9 11 -12 -13 -14 -15 15 -17 -18 -19 -20
leaf_value=72.573507075756126 85.949411665144424 128.66708017303833 90.689412237349018 85.833203372501202 111.46407724335083 81.072921370761307 84.733553279265053 78.939912038984758 82.828661752882468 73.85573020138267 89.529306933634871 78.689411817732321 137.06058094615025 105.1237680276235 75.558078674286136 72.654617136476688 82.012912107649313 88.056595952767779 72.94058242716315
leaf_weight=526 5.0000000000000027 2.9999999999999982 4 24 2.9999999999999982 52 113 5 3.9999999999999991 55 19 4.9999999999999991 3 7 18 117 3 19 88
leaf_count=526 5 3 4 24 3 52 113 5 4 55 19 5 3 7 18 117 3 19 88
internal_value=76.2026 86.8443 115.994 85.6397 93.3259 84.3834 83.5799 72.9362 72.8658 74.7942 87.4664 74.2585 132.864 107.026 72.701 73.0417 80.0923 87.6176 72.6261
internal_weight=1073 252 10 242 34 208 165 821 813 64 43 60 6 10 749 135 8 24 614
internal_count=1073 252 10 242 34 208 165 821 813 64 43 60 6 10 749 135 8 24 614
is_linear=0
shrinkage=1


Tree=1
num_leaves=22
num_cat=0
split_feature=1 1 0 3 7 8 1 2 8 6 0 2 0 7 3 8 5 6 0 0 0
split_gain=1.34322e+07 4.04668e+06 1.27308e+06 1.12628e+06 1.07339e+06 172818 155946 143251 116521 99943.3 62994.2 47540.9 27682.5 23115.9 10450.8 47463.8 36585.1 7537.78 3487.57 3251.08 2198.47
threshold=17892.575000000001 29332.105000000003 37936.900000000001 0.73670327288164794 5.5000000000000009 3.5000000000000004 12658.665000000005 12642.795000000002 3.5000000000000004 51.500000000000007 37095.750000000007 8114.4800000000005 33277.150000000001 1.5000000000000002 0.29980356325621699 3.5000000000000004 12.500000000000002 41.500000000000007 26601.000000000004 36184.650000000009 32747.250000000004
decision_type=2 2 2 2 2 2 2 2 2 2 2 2 2 2 2 2 2 2 2 2 2
left_child=6 3 -3 5 19 7 14 -2 10 -6 12 -4 -8 -7 18 17 -17 -16 -1 -5 -20
right_child=1 2 11 4 9 13 8 -9 -10 -11 -12 -13 -14 -15 15 16 -18 -19 20 -21 -22
leaf_value=-3.6286754608154297 8.9133060137430835 14.148862457275394 56.647640991210928 9.5358624776204319 39.104968261718717 9.3342007954915367 -2.9903003113610405 5.8662114143371582 6.4803669738769534 28.197166224888392 4.6523044586181639 48.321147664388008 -0.8810411371503557 11.776012239002046 -1.6780879974365235 -3.3855692291259767 2.0665336370468141 -3.3843080409737518 -3.2887988695731529 11.338936869303387 -3.5601098364526105
leaf_weight=129 60 2.9999999999999982 4 3.0000000000000027 3.0000000000000018 18 28 108 4.9999999999999991 7 3.9999999999999991 3 35 21 6.9999999999999991 4.9999999999999991 7.9999999999999991 86 416 14.999999999999998 91
leaf_count=129 60 3 4 3 3 18 28 108 5 7 4 3 35 21 7 5 8 86 416 15 91
internal_value=-0.0150213 10.2492 41.4001 8.92361 18.3352 7.65054 -3.10437 6.95446 -0.882692 31.4695 -1.43217 53.0791 -1.81849 10.649 -3.31995 -2.86031 -0.030429 -3.25588 -3.39656 11.0384 -3.3375
internal_weight=1059 245 10 235 28 207 814 168 72 10 67 7 63 39 742 106 13 93 636 18 507
internal_count=1059 245 10 235 28 207 814 168 72 10 67 7 63 39 742 106 13 93 636 18 507
is_linear=0
shrinkage=0.05


Tree=2
num_leaves=25
num_cat=0
split_feature=1 3 7 6 3 1 4 4 4 0 0 4 2 4 0 4 6 0 2 0 4 1 0 0
split_gain=1.11027e+07 2.50476e+06 2.15302e+06 705409 163902 148990 127013 90507.3 181393 77357.3 69531.5 114701 56816.7 35727.7 30357.3 19613.1 16514.2 9896.26 5998.32 26817.3 2357.87 1842.86 1259.07 829.867
threshold=17479.370000000006 0.75194895829411001 5.5000000000000009 51.500000000000007 0.56516867106104052 12197.230000000003 39905.000000000007 42277.500000000007 43672.500000000007 37095.750000000007 36854.100000000006 43067.500000000007 8114.4800000000005 36090.000000000007 33839.05000000001 44810.000000000007 44.500000000000007 36274.850000000006 24111.210000000003 35048.55000000001 33235.000000000007 28199.275000000005 36274.850000000006 35250.950000000004
decision_type=2 2 2 2 2 2 2 2 2 2 2 2 2 2 2 2 2 2 2 2 2 2 2 2
left_child=5 4 16 12 10 17 23 13 -9 14 11 -2 -4 -6 -8 -12 -3 18 19 -1 -20 -5 -18 -7
right_child=1 2 3 21 7 6 9 8 -10 -11 15 -13 -14 -15 -16 -17 22 -19 20 -21 -22 -23 -24 -25
leaf_value=-2.9940033936352464 6.5465460343794364 13.994154357910146 52.698813883463544 25.004325103759761 8.841841201782227 5.5041573842366542 -2.851081170533833 4.5430384709284857 8.7193614079402035 4.5468653869628914 7.5148648430319405 -0.39076279860276442 43.596197509765616 12.06993418375651 -0.77816479422829365 4.9876904623849043 9.4938985188801972 -0.29467360178629559 -3.480602760725124 1.7771743138631184 -3.2046634698843031 26.52207870483398 10.622641917637416 6.6802148183186834
leaf_weight=161 11.000000000000002 4.0000000000000027 2.9999999999999991 4 20 2.9999999999999991 38 39 78 4.9999999999999991 17 12.999999999999998 4 14.999999999999998 33 14.000000000000002 3.0000000000000027 2.9999999999999991 93 2.9999999999999991 462 4 13.999999999999998 3
leaf_count=161 11 4 3 4 20 3 38 39 78 5 17 13 4 15 33 14 3 3 93 3 462 4 14 3
internal_value=-0.100403 9.26522 21.4378 35.9058 7.14825 -2.93106 -0.911379 7.99457 7.32725 -1.46429 4.80932 2.78884 47.4973 10.2253 -1.88761 6.37356 11.1036 -3.16044 -3.1724 -2.90673 -3.2509 25.7632 10.4235 6.09219
internal_weight=1047 243 36 15 207 804 82 152 117 76 55 24 7 35 71 31 21 722 719 164 555 8 17 6
internal_count=1047 243 36 15 207 804 82 152 117 76 55 24 7 35 71 31 21 722 719 164 555 8 17 6
is_linear=0
shrinkage=0.05


Tree=3
num_leaves=27
num_cat=0
split_feature=1 3 7 6 1 4 4 4 0 1 0 4 7 3 4 5 6 3 4 4 1 1 0 2 5 0
split_gain=1.05149e+07 2.71086e+06 2.01814e+06 661276 157459 153467 157098 565247 99365 84791.5 75749 121274 86699.6 56481.5 35804.7 14589.5 9706.33 8390.01 70674.1 3950.19 3691.8 3349.25 3057.27 1518.77 366.375 38.666
threshold=17892.575000000001 0.75194895829411001 5.5000000000000009 51.500000000000007 13145.135 42277.500000000007 43672.500000000007 43067.500000000007 37095.750000000007 29942.049999999999 33277.150000000001 45602.500000000007 1.0000000180025095e-35 0.62596709428481478 36090.000000000007 11.500000000000002 42.500000000000007 0.29980356325621699 39295.000000000007 42595.000000000007 28199.275000000005 23228.415000000005 33084.850000000006 7633.4050000000007 13.500000000000002 34090.250000000007
decision_type=2 2 2 2 2 2 2 2 2 2 2 2 2 2 2 2 2 2 2 2 2 2 2 2 2 2
left_child=4 5 15 9 8 14 7 -7 17 -4 16 12 -12 -8 21 -3 -6 19 -19 -1 -5 -2 -16 -17 -18 -13
right_child=1 2 3 20 10 6 13 -9 -10 -11 11 25 -14 -15 22 23 24 18 -20 -21 -22 -23 -24 -25 -26 -27
leaf_value=-3.1088844598439351 7.8247189608487195 13.294447135925282 41.214460449218748 24.040034179687495 -0.18655077616373678 7.4292880131648138 6.305237746238709 -3.4958367067224843 4.9187573432922367 51.847208658854157 -0.97461167335510224 -3.5061805725097663 4.8319814946916368 8.4795888628278462 12.997904205322252 10.867666371663411 -3.4007175445556643 0.38934439490823186 -3.0811751111645567 -2.7751400290795094 26.258682250976559 9.1692764282226573 11.239022718157088 9.59848563454368 -2.7877175013224287 -3.7207287924630297
leaf_weight=542 11.000000000000002 4.0000000000000027 5 5 3.0000000000000027 39 64 17 3.9999999999999991 3 10.000000000000002 2.9999999999999982 18 56 3.0000000000000027 2.9999999999999991 12.999999999999998 17 107 106 3 7.9999999999999991 13.999999999999998 10.999999999999998 2.9999999999999991 7
leaf_count=542 11 4 5 5 3 39 64 17 4 3 10 3 18 56 3 3 13 17 107 106 3 8 14 11 3 7
internal_value=-0.072857 9.00986 22.1163 35.0369 -2.75515 6.90788 6.29946 4.11273 -2.94146 45.2017 -0.218706 1.07016 2.7582 7.31993 9.88239 10.6313 -2.79643 -2.98219 -2.60538 -3.05429 24.872 8.39085 11.5494 9.87045 -3.28578 -3.65636
internal_weight=1079 246 34 16 833 212 176 56 776 8 57 38 28 120 36 18 19 772 124 648 8 19 17 14 16 10
internal_count=1079 246 34 16 833 212 176 56 776 8 57 38 28 120 36 18 19 772 124 648 8 19 17 14 16 10
is_linear=0
shrinkage=0.05


Tree=4
num_leaves=23
num_cat=0
split_feature=1 3 7 6 8 0 2 1 8 2 7 0 7 0 5 2 3 8 0 7 0 0
split_gain=9.50608e+06 2.21052e+06 1.93972e+06 553285 120642 111860 95562.2 63399.3 76237.5 61853.9 41332.1 40443.5 32383 15533.7 14869.5 8801.41 8201.65 53174.4 4923.34 3959.76 3537.74 1495.42
threshold=17892.575000000001 0.73670327288164794 5.5000000000000009 50.500000000000007 3.5000000000000004 37095.750000000007 12642.795000000002 12767.035000000003 3.5000000000000004 8114.4800000000005 1.5000000000000002 33277.150000000001 4.5000000000000009 34090.250000000007 10.500000000000002 16162.535000000002 0.29980356325621699 3.5000000000000004 36592.55000000001 4.5000000000000009 26394.050000000007 33084.850000000006
decision_type=2 2 2 2 2 2 2 2 2 2 2 2 2 2 2 2 2 2 2 2 2 2
left_child=5 4 14 9 6 7 12 16 11 -4 -8 -9 -2 21 -3 -15 20 -18 -5 -16 -1 -6
right_child=1 2 3 18 13 -7 10 8 -10 -11 -12 -13 -14 15 19 -17 17 -19 -20 -21 -22 -23
leaf_value=-3.1333276379492978 6.9340554640028218 13.284368896484359 47.867012532552074 24.556140747070309 12.348008728027345 4.8063151550292975 6.8018134662083218 -3.0796222686767578 5.4906229972839355 38.785609741210934 4.5868606836655559 -0.48760432075051696 9.6166326904296895 9.2670091538202186 7.8295542399088447 7.2197799682617188 -2.8332023015209273 0.45293863841465543 21.994022623697912 9.8090774059295658 -2.8360070844414613 10.769286346435544
leaf_weight=124 45 3.0000000000000027 3 5 2.9999999999999991 4.9999999999999991 28 27 3.9999999999999991 5 85 34 14.999999999999998 21.000000000000004 3.0000000000000027 6.9999999999999991 102 13.999999999999998 3 15.999999999999998 518 3
leaf_count=124 45 3 3 5 3 5 28 27 4 5 85 34 15 21 3 7 102 14 3 16 518 3
internal_value=-0.089722 8.56201 19.6468 32.8932 6.52712 -2.64972 5.992 -2.69501 -1.1964 42.1911 5.1357 -1.63489 7.6047 9.24993 10.013 8.7552 -2.82352 -2.4366 23.5953 9.49652 -2.89343 11.5586
internal_weight=1073 245 38 16 207 828 173 823 65 8 113 61 60 34 22 28 758 116 8 19 642 6
internal_count=1073 245 38 16 207 828 173 823 65 8 113 61 60 34 22 28 758 116 8 19 642 6
is_linear=0
shrinkage=0.05


Tree=5
num_leaves=26
num_cat=0
split_feature=3 3 7 6 0 4 4 4 2 3 4 0 4 3 5 6 0 0 7 2 3 0 0 6 2
split_gain=9.07706e+06 2.21587e+06 2.10437e+06 647559 202942 129160 199696 459477 68566.3 60851.7 120313 36868 36673.1 28089.4 12434.9 8240.76 6270.12 3738.75 3677.82 3161.69 2327.66 1814.35 674.814 59.8504 2.20088
threshold=0.51515093965579573 0.73670327288164794 5.5000000000000009 50.500000000000007 37095.750000000007 40095.000000000007 43672.500000000007 43067.500000000007 8114.4800000000005 0.35370146452070456 39905.000000000007 33839.05000000001 36090.000000000007 0.65874686490166601 10.500000000000002 53.500000000000007 34892.150000000009 26394.050000000007 4.5000000000000009 23850.145 0.60890797770399319 33224.200000000004 38056.900000000001 49.500000000000007 17821.735000000004
decision_type=2 2 2 2 2 2 2 2 2 2 2 2 2 2 2 2 2 2 2 2 2 2 2 2 2
left_child=4 5 14 8 9 12 7 -7 -4 17 16 -12 20 -8 -3 -5 -11 24 -16 -19 -2 -14 -6 -24 -1
right_child=1 2 3 15 22 6 13 -9 -10 10 11 -13 21 -15 18 -17 -18 19 -20 -21 -22 -23 23 -25 -26
leaf_value=-3.0140409469604492 7.1603712717692041 11.965506362915029 46.19460525512693 24.487746683756519 4.6874370574951181 6.2334822043394436 6.2005437215169277 -3.6165843290441178 37.411835327148431 2.6332194010416661 -2.5758020008311551 -0.44654880720993567 11.719568634033189 7.8516362941011471 7.3029668172200433 21.27823791503906 5.5246129608154284 -2.432007994156073 9.1939073774549698 -2.7394545853873833 8.2645678928920212 10.364597974504743 4.0588556925455723 3.743022410074869 -2.9763947573575109
leaf_weight=3.9999999999999991 15.000000000000002 4.0000000000000027 4.0000000000000018 2.9999999999999982 4.9999999999999982 39 57 17 5 3 68 29 3.0000000000000027 47 3.0000000000000027 6 5 101 18 486 6.9999999999999991 13.999999999999998 3 3 132
leaf_count=4 15 4 4 3 5 39 57 17 5 3 68 29 3 47 3 6 5 101 18 486 7 14 3 3 132
internal_value=-0.0276161 8.50345 18.7961 31.8317 -2.4883 6.27941 5.65051 3.24328 41.3153 -2.57793 -1.45316 -1.93922 8.8595 6.94671 9.41045 22.3481 4.44034 -2.74128 8.92377 -2.68655 7.51171 10.6037 4.25844 3.90094 -2.9775
internal_weight=1081 242 43 18 839 199 160 56 9 828 105 97 39 104 25 9 8 723 21 587 22 17 11 6 136
internal_count=1081 242 43 18 839 199 160 56 9 828 105 97 39 104 25 9 8 723 21 587 22 17 11 6 136
is_linear=0
shrinkage=0.05


Tree=6
num_leaves=24
num_cat=0
split_feature=1 2 0 7 4 4 4 1 0 4 5 1 4 0 4 3 5 2 4 0 0 4 0
split_gain=7.76099e+06 2.12941e+06 1.97128e+06 468703 110672 175789 471061 82589.7 55289.2 53622.1 39175.9 37360.3 33730.2 64519.1 28046.1 27346.2 11705.6 5326.49 37043.5 2920.59 2389.83 2323.09 214.913
threshold=17892.575000000001 9686.1800000000021 37626.700000000004 5.5000000000000009 42277.500000000007 43672.500000000007 43067.500000000007 12767.035000000003 37095.750000000007 40095.000000000007 12.500000000000002 30290.815000000006 45602.500000000007 33404.650000000009 36090.000000000007 0.60890797770399319 10.500000000000002 23850.145 33577.500000000007 36539.350000000013 37212.950000000004 34325.000000000007 34090.250000000007
decision_type=2 2 2 2 2 2 2 2 2 2 2 2 2 2 2 2 2 2 2 2 2 2 2
left_child=7 2 3 16 14 6 -6 8 17 -9 -5 -4 13 -11 19 -7 -2 18 -1 -3 -16 -19 -14
right_child=1 4 11 10 5 15 -8 9 -10 12 -12 -13 22 -15 20 -17 -18 21 -20 -21 -22 -23 -24
leaf_value=2.4232940196990969 12.021874745686835 5.5941889444986916 37.997490844726556 27.23353017171225 6.3981134975657747 5.5171417625582952 -3.4313582671316052 4.9760036468505859 4.2283088684082033 -2.3792000815981913 20.235681152343748 45.055374145507805 -3.0667999267578128 1.4540495001751443 9.4220614624023451 7.1152492199913944 8.6725602340698256 -2.852398593085153 -2.4440032607594202 7.3031631469726568 10.6842892964681 -2.597804094518402 -3.5156661033630372
leaf_weight=3.9999999999999991 3.0000000000000027 3.0000000000000027 5 2.9999999999999982 34 49 19 3.9999999999999991 2.9999999999999991 21 6 3 3.9999999999999991 23 9.9999999999999982 59 20 112 172 14.999999999999998 5.9999999999999991 448 7.9999999999999991
leaf_count=4 3 3 5 3 34 49 19 4 3 21 6 3 4 23 10 59 20 112 172 15 6 448 8
internal_value=-0.0516081 7.93583 18.4446 12.8947 5.78018 5.23279 2.87434 -2.40086 -2.5457 -0.61681 22.5683 40.6442 -1.0163 -0.375456 8.37225 6.39018 9.10943 -2.57332 -2.33338 7.01833 9.8954 -2.64872 -3.36604
internal_weight=1034 235 40 32 195 161 53 799 739 60 9 8 56 44 34 108 23 736 176 18 16 560 12
internal_count=1034 235 40 32 195 161 53 799 739 60 9 8 56 44 34 108 23 736 176 18 16 560 12
is_linear=0
shrinkage=0.05


Tree=7
num_leaves=20
num_cat=0
split_feature=1 1 3 7 5 3 0 5 8 0 1 8 7 3 8 5 1 1 0
split_gain=6.57786e+06 1.23615e+06 549926 577067 318949 106517 101874 81172.8 62751.1 56018 35924.8 33631 43421.8 8035.82 59952.8 6350.87 5845.38 3660.71 2714.57
threshold=17892.575000000001 29942.049999999999 0.73670327288164794 5.5000000000000009 10.500000000000002 0.56516867106104052 36936.600000000013 12.500000000000002 3.5000000000000004 36854.100000000006 13145.135 2.5000000000000004 5.5000000000000009 0.29381420957339338 3.5000000000000004 10.500000000000002 14091.424999999999 14884.055000000004 26394.050000000007
decision_type=2 2 2 2 2 2 2 2 2 2 2 2 2 2 2 2 2 2 2
left_child=6 2 5 15 -3 9 10 -5 -7 -2 13 17 -13 18 -15 -4 -8 -12 -1
right_child=1 4 3 7 -6 8 16 -9 -10 -11 11 12 -14 14 -16 -17 -18 -19 -20
leaf_value=-2.6989909341258387 1.804361675096595 41.028795369466145 10.561493428548166 30.065497843424488 17.972752380371087 5.6842037535550309 4.1568474578857426 19.992462412516275 8.078747378455267 5.0393751680850984 -1.8976254993014861 -0.73589558777985742 4.8461455345153812 -2.4090248313865494 1.3096304098765055 8.0944604492187491 1.5924655437469479 -3.2573476617986508 -2.4384508598740249
leaf_weight=124 23 2.9999999999999991 3.0000000000000027 2.9999999999999982 3 114 4.9999999999999982 6 36 32 9.0000000000000018 27.000000000000004 3.9999999999999991 112 11.999999999999998 20 4 10.999999999999998 516
leaf_count=124 23 3 3 3 3 114 5 6 36 32 9 27 4 112 12 20 4 11 516
internal_value=-0.14145 7.08775 6.52034 12.6164 29.5008 5.56875 -2.27336 23.3501 6.25889 3.68655 -2.33179 -1.04694 -0.0156322 -2.41755 -2.04915 8.41625 3.01712 -2.64547 -2.48893
internal_weight=1067 243 237 32 6 205 824 9 150 55 815 51 31 764 124 23 9 20 640
internal_count=1067 243 237 32 6 205 824 9 150 55 815 51 31 764 124 23 9 20 640
is_linear=0
shrinkage=0.05


Tree=8
num_leaves=27
num_cat=0
split_feature=1 3 7 0 4 4 1 0 4 7 0 3 2 3 0 2 3 0 2 4 4 0 4 1 5 1
split_gain=6.53648e+06 1.68905e+06 1.40229e+06 428503 103317 530297 84628.7 63574.8 76760.8 88366 59230.4 50200.7 22550.7 22177.7 20443.5 10260 9313.38 5463.09 4558.35 44702.7 2353.87 2171.7 1377.43 608.106 448.963 7.39648
threshold=17892.575000000001 0.73670327288164794 5.5000000000000009 37136.30000000001 43067.500000000007 43672.500000000007 13145.135 33277.150000000001 45602.500000000007 2.5000000000000004 37095.750000000007 0.51515093965579573 8114.4800000000005 0.5814931514369871 36563.350000000013 11989.530000000002 0.42047748076452818 37263.250000000007 24111.210000000003 33577.500000000007 34325.000000000007 37095.750000000007 44585.000000000007 20465.295000000006 13.500000000000002 16292.985000000004
decision_type=2 2 2 2 2 2 2 2 2 2 2 2 2 2 2 2 2 2 2 2 2 2 2 2 2 2
left_child=6 4 21 14 13 23 10 16 9 -9 18 -7 -5 17 -4 -15 -8 -2 19 -1 -20 22 -3 -6 -18 -10
right_child=1 2 3 12 5 11 7 8 25 -11 -12 -13 -14 15 -16 -17 24 -19 20 -21 -22 -23 -24 -25 -26 -27
leaf_value=2.5503982162475589 5.2591486278333157 8.2809436798095586 23.478311665852843 38.977354939778635 -3.1033621379307323 1.9216164588928224 0.32559216817220016 -0.51635277454669648 -3.1649657440185543 5.3134783524733322 3.7788741111755373 6.0238896560668955 33.493963623046874 9.6641856384277354 18.545012119838169 7.2650972040688124 -2.8161181994846882 6.8167249679565431 -2.5939785541632236 -2.2357669118625014 -2.3423528886012801 8.9287178039550792 7.2199155073899481 -3.6995053378018472 -2.3256938934326175 -3.264273198445637
leaf_weight=4.9999999999999991 19.000000000000004 4.0000000000000044 3.0000000000000018 3 7.0000000000000027 7.9999999999999991 3.0000000000000027 13.000000000000002 5 12.999999999999998 3.9999999999999991 110 5 4.9999999999999991 7 41 14.000000000000002 7.9999999999999991 117 201 452 2.9999999999999991 13 10.999999999999998 6.9999999999999991 3
leaf_count=5 19 4 3 3 7 8 3 13 5 13 4 110 5 5 7 41 14 8 117 201 452 3 13 11 7 3
internal_value=-0.0434441 7.10385 16.8005 26.9251 5.34081 4.52634 -2.15262 -0.310065 1.08073 2.39856 -2.28981 5.74577 35.5502 6.85819 20.025 7.52587 -2.28036 5.72065 -2.32113 -2.1196 -2.39409 7.68844 7.46957 -3.46767 -2.65264 -3.20221
internal_weight=1084 247 38 18 209 136 837 58 34 26 779 118 8 73 10 46 24 27 775 206 569 20 17 18 21 8
internal_count=1084 247 38 18 209 136 837 58 34 26 779 118 8 73 10 46 24 27 775 206 569 20 17 18 21 8
is_linear=0
shrinkage=0.05


Tree=9
num_leaves=27
num_cat=0
split_feature=3 7 1 0 0 1 4 4 7 4 1 4 1 2 3 0 4 3 5 6 6 7 4 0 1 1
split_gain=6.05152e+06 1.57195e+06 1.33958e+06 475730 154336 90324.8 71429.5 158481 43507.6 57952.3 41865.1 73435.6 50057.3 34224.7 8131.74 5733.34 4639.04 48964.3 4579.4 4568.85 3989.54 3700.57 3401.09 1395.28 1244.47 195.203
threshold=0.52332161359643292 5.5000000000000009 27323.954999999998 37136.30000000001 36936.600000000013 20871.290000000005 43067.500000000007 43672.500000000007 4.5000000000000009 43067.500000000007 12701.890000000001 44860.000000000007 15962.835000000003 7633.4050000000007 0.53356968816832751 34200.150000000009 36372.500000000007 0.29980356325621699 10.500000000000002 43.500000000000007 53.500000000000007 2.5000000000000004 42595.000000000007 37381.900000000001 23078.130000000001 19333.335000000003
decision_type=2 2 2 2 2 2 2 2 2 2 2 2 2 2 2 2 2 2 2 2 2 2 2 2 2 2
left_child=4 5 14 20 10 6 15 -8 9 -7 16 12 -12 -5 -3 -2 17 -1 -10 -6 -4 -13 -18 -21 -16 -25
right_child=1 2 3 13 19 8 7 -9 18 -11 11 21 -14 -15 24 -17 22 -19 -20 23 -22 -23 -24 25 -26 -27
leaf_value=-2.172695580194163 6.0567484113905152 1.3110000610351551 19.673450724283839 38.802297973632825 1.5717676401138307 7.1451894345490832 -3.02599754333496 4.9978863000869751 9.060952250162762 4.8966540587575818 -0.12259692045358511 -0.8329851150512696 4.9440025647481285 32.261588033040361 3.8450183868408199 4.6458116849263513 -2.3512093780684644 1.6105416615804036 7.5284994858961838 4.4646443684895836 17.440307108561196 -2.672071543047505 -2.0794928823411465 3.3915373611450192 5.1921813964843739 2.8813706715901688
leaf_weight=172 18.000000000000004 3.0000000000000018 3.0000000000000018 2.9999999999999982 3.9999999999999991 46 10.000000000000002 15.999999999999998 5.9999999999999991 76 26 2.9999999999999991 5.9999999999999991 6 4 11.999999999999998 411 8.9999999999999982 26 2.9999999999999991 6 31 160 5 3 3
leaf_count=172 18 3 3 3 4 46 10 16 6 76 26 3 6 6 4 12 411 9 26 3 6 31 160 5 3 3
internal_value=0.00194978 7.03335 18.1617 26.3133 -2.00702 5.54956 3.82995 1.91178 6.17488 5.74446 -2.09918 -0.891768 0.82739 34.4418 3.48896 5.49237 -2.20515 -1.98458 7.81583 3.01885 18.1847 -2.5098 -2.27507 3.54507 4.42237 3.20022
internal_weight=1071 238 28 18 833 210 56 26 154 122 818 66 32 9 10 30 752 181 32 15 9 34 571 11 7 8
internal_count=1071 238 28 18 833 210 56 26 154 122 818 66 32 9 10 30 752 181 32 15 9 34 571 11 7 8
is_linear=0
shrinkage=0.05


Tree=10
num_leaves=25
num_cat=0
split_feature=1 3 7 0 8 0 8 7 1 2 7 2 7 7 5 6 2 8 1 0 7 0 2 2
split_gain=5.01931e+06 987424 998344 299299 88499.8 77816.9 60949 80948.5 33104.6 27207.4 43924.2 22836.1 14946 16818.3 6209.34 5972.57 5495.28 12177.4 5340.08 4799.94 2671.09 1977.71 784.299 523.819
threshold=17479.370000000006 0.73670327288164794 5.5000000000000009 37136.30000000001 3.5000000000000004 36936.600000000013 2.5000000000000004 1.5000000000000002 13145.135 17726.475000000002 5.5000000000000009 15903.070000000002 1.5000000000000002 2.5000000000000004 10.500000000000002 53.500000000000007 23850.145 3.5000000000000004 29942.049999999999 37263.250000000007 4.5000000000000009 32747.250000000004 15381.605000000001 16632.160000000003
decision_type=2 2 2 2 2 2 2 2 2 2 2 2 2 2 2 2 2 2 2 2 2 2 2 2
left_child=5 4 14 15 6 8 11 -8 16 23 -11 -2 22 -14 -3 -4 17 -1 -5 -7 -16 -18 -6 -10
right_child=1 2 3 18 12 19 7 -9 9 10 -12 -13 13 -15 20 -17 21 -19 -20 -21 -22 -23 -24 -25
leaf_value=-2.05290137474833 5.588296385372387 9.0218177795410082 18.689778645833339 29.887168121337886 6.2240518569946257 1.6315372085571291 5.5201561667702421 2.5021250668693993 -2.6986981709798177 -0.68882488837608913 4.4283598899841312 1.1307583491007487 8.4319365183512343 5.1539776611328127 5.4911141713460232 15.867824401855467 -2.1253973229935297 -1.0308281819025675 32.677798461914051 3.9553119659423821 7.1026018778483078 -2.3679778376829277 5.5133895874023438 -2.0955701192220051
leaf_weight=153 68 4.0000000000000027 2.9999999999999982 4 6.0000000000000027 4.9999999999999982 33 68 8.9999999999999982 26.000000000000004 4.9999999999999991 2.9999999999999991 18.000000000000004 4.9999999999999991 3.0000000000000027 5 456 36 3 4 18 103 10.999999999999998 5.9999999999999991
leaf_count=153 68 4 3 4 6 5 33 68 9 26 5 3 18 5 3 5 456 36 3 4 18 103 11 6
internal_value=-0.0268215 6.12953 13.3349 23.5327 4.77001 -1.95883 4.27736 3.48821 -2.01123 -0.709334 0.136527 5.39995 6.88841 7.71934 7.2163 16.9261 -2.09129 -1.85822 31.0832 2.66433 6.87239 -2.17009 5.76421 -2.45745
internal_weight=1055 252 40 15 212 803 172 101 794 46 31 71 40 23 25 8 748 189 7 9 21 559 17 15
internal_count=1055 252 40 15 212 803 172 101 794 46 31 71 40 23 25 8 748 189 7 9 21 559 17 15
is_linear=0
shrinkage=0.05


Tree=11
num_leaves=24
num_cat=0
split_feature=1 3 0 7 1 4 4 4 4 1 0 4 0 4 5 0 0 4 1 1 3 0 3
split_gain=4.75158e+06 1.10729e+06 1.12865e+06 318537 84232.7 75119.3 123771 362483 49068 34408.9 34056.3 33647.6 57915.3 22822.6 21633.4 17337.1 3797.76 4468.76 3534.59 1977.24 1839.72 150.266 12.5639
threshold=17892.575000000001 0.73670327288164794 37626.700000000004 5.5000000000000009 12701.890000000001 42277.500000000007 43672.500000000007 43067.500000000007 40095.000000000007 18797.315000000006 37095.750000000007 46105.000000000007 33277.150000000001 36090.000000000007 10.500000000000002 36563.350000000013 26394.050000000007 39497.500000000007 28846.295000000002 21620.130000000001 0.60890797770399319 34032.30000000001 0.082384857770340061
decision_type=2 2 2 2 2 2 2 2 2 2 2 2 2 2 2 2 2 2 2 2 2 2 2
left_child=4 5 3 18 10 13 7 -7 -6 -8 16 12 -10 20 -4 -5 22 -18 -3 -15 -2 -13 -1
right_child=1 2 14 15 8 6 9 -9 11 -11 -12 21 -14 19 -16 -17 17 -19 -20 -21 -22 -23 -24
leaf_value=-2.2190708892514008 5.0764162210317743 6.2461324818929027 34.95132751464844 20.470485941569017 4.5989936828613285 5.0377323975434178 1.3158829053243002 -3.4585767444811371 -1.7303378753662111 5.2015389180816385 3.3573363622029628 -2.4976536560058595 1.5535981934646081 7.6088213993952811 29.334509277343745 15.927418736049106 -1.7689280282706024 -2.0400584227261063 7.4596991348266606 8.8800462722778324 6.040109252929688 -2.8395217259724936 -2.2560068766276045
leaf_weight=99 13.000000000000002 15.000000000000002 2.9999999999999991 2.9999999999999982 4.9999999999999991 37 5.9999999999999991 19 25 113 2.9999999999999991 4.9999999999999991 29 13.000000000000002 4 7 256 374 9.9999999999999982 3.9999999999999991 7.9999999999999991 8.9999999999999982 30
leaf_count=99 13 15 3 3 5 37 6 19 25 113 3 5 29 13 4 7 256 374 10 4 8 9 30
internal_value=0.0202836 5.99406 13.4139 9.74835 -1.80404 4.53099 4.09344 2.15506 -0.181549 5.00562 -1.95948 -0.53306 0.0332574 6.54603 31.7417 17.2903 -1.98049 -1.92988 6.73156 7.90793 5.44354 -2.71743 -2.22766
internal_weight=1090 255 42 35 835 213 175 56 73 119 762 68 54 38 7 10 759 630 25 17 21 14 129
internal_count=1090 255 42 35 835 213 175 56 73 119 762 68 54 38 7 10 759 630 25 17 21 14 129
is_linear=0
shrinkage=0.05


Tree=12
num_leaves=25
num_cat=0
split_feature=3 7 1 6 0 7 4 4 1 4 0 1 4 6 6 2 1 0 5 4 0 4 2 1
split_gain=4.32127e+06 1.50774e+06 606656 205381 164836 60589.1 61508.7 81380.7 37323.3 51805.7 51275.4 36345.6 17251 4532.37 3745.3 14909.7 3498.07 2428.95 2171.11 1804.73 1599.05 1519.13 280.023 62.5056
threshold=0.52944424865358208 5.5000000000000009 27323.954999999998 50.500000000000007 36936.600000000013 4.5000000000000009 42277.500000000007 43672.500000000007 13145.135 44860.000000000007 32148.650000000005 30290.815000000006 36090.000000000007 43.500000000000007 58.500000000000007 21085.200000000001 17479.370000000006 36854.100000000006 10.500000000000002 42595.000000000007 37381.900000000001 44810.000000000007 19881.665000000005 27800.005000000001
decision_type=2 2 2 2 2 2 2 2 2 2 2 2 2 2 2 2 2 2 2 2 2 2 2 2
left_child=4 5 -3 11 8 6 12 -8 14 10 -10 -4 -2 -6 19 -16 -11 21 -19 -1 -15 -7 -22 -5
right_child=1 2 3 23 13 17 7 -9 9 16 -12 -13 -14 20 15 -17 -18 18 -20 -21 22 -23 -24 -25
leaf_value=-1.9821918894735615 5.2330419328477653 4.0995129013061495 26.740401967366541 16.88320058186849 1.2758280217647542 6.8258760452270497 2.3758580675312118 4.8808980191691544 -2.5201290130615224 -2.052542424201965 2.1838889666966028 33.48072509765624 7.4540512758142814 3.8989583206176763 -0.096664340155465267 -1.9349400630364053 -3.8834757486979168 7.9677875518798835 6.7095735549926765 -1.7843492537128682 2.5902670224507656 5.9543459320068353 3.096910705566406 17.205963643391922
leaf_weight=534 18 5.0000000000000027 5.9999999999999982 2.9999999999999991 4.0000000000000027 10 51 89 8.0000000000000018 20.000000000000004 21 3 17 4.9999999999999991 13.999999999999998 52 2.9999999999999991 5.9999999999999991 7.9999999999999991 147 5.9999999999999982 10 5 3
leaf_count=534 18 5 6 3 4 10 51 89 8 20 21 3 17 5 14 52 3 6 8 147 6 10 5 3
internal_value=-0.00450275 6.06733 19.1825 24.2101 -1.70224 4.81229 4.43704 3.96835 -1.81447 -0.519243 0.886229 28.9872 6.31182 2.78121 -1.90463 -1.545 -2.29136 6.74369 7.24881 -1.93949 3.15756 6.39011 2.82056 17.0446
internal_weight=1048 229 20 15 819 209 175 140 799 52 29 9 35 20 747 66 23 34 14 681 16 20 11 6
internal_count=1048 229 20 15 819 209 175 140 799 52 29 9 35 20 747 66 23 34 14 681 16 20 11 6
is_linear=0
shrinkage=0.05


Tree=13
num_leaves=25
num_cat=0
split_feature=3 7 3 6 0 7 4 4 3 2 3 4 4 0 6 0 2 0 5 3 4 0 5 2
split_gain=4.08458e+06 1.13839e+06 816065 300170 128747 62193.7 74391.2 364578 29961.8 15101.7 14306.4 35667.6 14745.4 3646.41 3610.21 3017.35 3822.9 1943.15 1374.68 1317.48 1262.99 1047.97 242.657 27.1843
threshold=0.52332161359643292 5.5000000000000009 0.73670327288164794 50.500000000000007 36936.600000000013 4.5000000000000009 43067.500000000007 43672.500000000007 0.79617419380210575 12642.795000000002 0.39488848248479808 39905.000000000007 44860.000000000007 36592.55000000001 43.500000000000007 26775.700000000004 24044.510000000006 36854.100000000006 10.500000000000002 0.57671101556467663 44810.000000000007 37381.900000000001 11.500000000000002 24111.210000000003
decision_type=2 2 2 2 2 2 2 2 2 2 2 2 2 2 2 2 2 2 2 2 2 2 2 2
left_child=4 5 19 8 10 6 9 -8 -4 -2 15 -12 -13 -5 -6 23 -17 20 -19 -3 -7 -16 -23 -1
right_child=1 2 3 13 14 17 7 -9 -10 -11 11 12 -14 -15 21 16 -18 18 -20 -21 -22 22 -24 -25
leaf_value=-2.05421559214592 7.1800139617919925 2.9064652633666981 25.834349060058585 15.114475631713868 1.2120367169380177 6.4758524808016675 -3.3939205618465653 4.6043122042309159 31.806689453124989 5.0928493763850291 4.3014919281005861 -0.49261232058207194 -2.0475834169695455 12.808464813232419 3.5992775917053224 -1.5372978569625262 -1.8252690977404733 7.3812271118164068 6.4469822777642154 4.1239054679870604 5.6771813710530594 2.8879903030395515 2.395388259887695 -2.0014558634711701
leaf_weight=32 9.9999999999999982 5.0000000000000018 7.0000000000000018 3.9999999999999991 4.0000000000000027 11 17 88 3 65 2.9999999999999991 30 31 3 3.9999999999999991 154 458 6.9999999999999991 8.9999999999999982 4 9 4.9999999999999982 5 103
leaf_count=32 10 5 7 4 4 11 17 88 3 65 3 30 31 3 4 154 458 7 9 4 9 5 5 103
internal_value=0.0226158 5.73765 15.622 22.0673 -1.6457 4.54786 4.16843 3.30936 27.6261 5.37114 -1.73853 -1.02108 -1.28284 14.1262 2.53679 -1.8 -1.75281 6.44501 6.85571 3.44755 6.11645 2.91529 2.64169 -2.01396
internal_weight=1071 242 26 17 829 216 180 105 10 75 811 64 61 7 18 747 612 36 16 9 20 14 10 135
internal_count=1071 242 26 17 829 216 180 105 10 75 811 64 61 7 18 747 612 36 16 9 20 14 10 135
is_linear=0
shrinkage=0.05


Tree=14
num_leaves=25
num_cat=0
split_feature=1 3 7 0 0 4 4 1 4 4 4 1 1 1 3 4 4 4 5 4 0 0 0 1
split_gain=3.76082e+06 956687 957357 238944 55090.5 46510.8 285786 35884.7 40211.5 30684.8 22250.7 21129.6 13525.5 9288.62 6639.9 58949.6 6419.47 5312.1 4696.63 2469.13 2172.76 1146.95 752.859 247.035
threshold=17892.575000000001 0.73670327288164794 5.5000000000000009 37136.30000000001 37095.750000000007 43067.500000000007 43672.500000000007 14735.870000000003 44860.000000000007 44810.000000000007 42277.500000000007 30290.815000000006 19996.755000000005 27590.360000000004 0.35370146452070456 39905.000000000007 36090.000000000007 46105.000000000007 10.500000000000002 42595.000000000007 34200.150000000009 36345.05000000001 36184.650000000009 12658.665000000005
decision_type=2 2 2 2 2 2 2 2 2 2 2 2 2 2 2 2 2 2 2 2 2 2 2 2
left_child=4 5 18 13 7 12 21 14 10 -8 -9 -5 20 -4 19 -16 -14 -10 -3 -1 -2 -7 -20 -6
right_child=1 2 3 11 23 6 9 8 17 -11 -12 -13 16 -15 15 -17 -18 -19 22 -21 -22 -23 -24 -25
leaf_value=-1.7845603617144303 4.3875736930153577 7.4767598152160577 17.540242513020818 25.077095031738285 2.8650022506713868 -2.7567427953084311 4.992469267411666 0.036575726100376661 -0.65121362209320055 3.3770139910140133 4.0232186998639783 30.216354370117177 4.7011804244097544 14.132783889770506 3.9959689331054693 -1.6022698752487763 5.8911635454963234 -2.4219811333550343 4.8740793863932232 -1.5430011620888344 3.304617166519165 -3.6712474822998047 5.7296179241604284 3.5066596349080394
leaf_weight=568 11.000000000000002 4.0000000000000027 3.0000000000000018 5.9999999999999982 2.9999999999999991 5.9999999999999991 66 7.0000000000000018 8 53 7 3 17 6 4.9999999999999991 79 34 9 3.0000000000000027 130 7.9999999999999991 7.9999999999999991 18 3
leaf_count=568 11 4 3 6 3 6 66 7 8 53 7 3 17 6 5 79 34 9 3 130 8 8 18 3
internal_value=0.0407434 5.46214 12.237 21.0294 -1.58766 4.02706 3.478 -1.62289 0.0455168 4.27298 2.0299 26.7902 5.07028 15.2686 -1.68903 -1.26904 5.4945 -1.58868 5.9065 -1.73957 3.93159 -3.27932 5.6074 3.18583
internal_weight=1065 246 43 18 819 203 133 813 31 119 14 9 70 9 782 84 51 17 25 698 19 14 21 6
internal_count=1065 246 43 18 819 203 133 813 31 119 14 9 70 9 782 84 51 17 25 698 19 14 21 6
is_linear=0
shrinkage=0.05


Tree=15
num_leaves=25
num_cat=0
split_feature=1 3 7 6 4 4 3 0 1 4 4 2 2 4 6 6 2 4 0 1 0 0 0 0
split_gain=2.92826e+06 492861 503721 153348 61535.6 305541 42682.8 41117.7 22342.3 51637.6 14667.3 11258 11168.6 8130.36 4643.71 3057.13 17219.5 2027.35 1928.33 1165.35 1126.75 916.523 711.348 375.237
threshold=17479.370000000006 0.73670327288164794 5.5000000000000009 50.500000000000007 43067.500000000007 43672.500000000007 0.51515093965579573 37095.750000000007 12414.135000000004 39905.000000000007 44860.000000000007 8608.0000000000018 11989.530000000002 42277.500000000007 47.500000000000007 58.500000000000007 21085.200000000001 42595.000000000007 37263.250000000007 28199.275000000005 36345.05000000001 39230.80000000001 36274.850000000006 37136.30000000001
decision_type=2 2 2 2 2 2 2 2 2 2 2 2 2 2 2 2 2 2 2 2 2 2 2 2
left_child=7 4 14 11 12 20 -7 8 15 -10 -11 -4 21 -14 23 17 -17 -1 -9 -5 -6 -2 -16 -3
right_child=1 2 3 19 5 6 -8 18 9 10 -12 -13 13 -15 22 16 -18 -19 -20 -21 -22 -23 -24 -25
leaf_value=-1.697613483534919 7.5796340942382816 7.315969085693351 25.967832946777349 12.35006580352783 -2.6677241461617593 0.70613668229844839 4.2887763504588277 1.7182555099328358 4.1993153381347659 -0.30914910345366509 -1.7784429986136301 21.636167399088535 5.2083921432495117 4.1266914486885069 4.7263286590576135 0.41736835638682052 -1.6574511210123699 -1.4803357626075178 3.5109847386678048 13.653703816731767 -3.4948279953002932 6.3436981201171854 5.4823835100446434 6.525149408976235
leaf_weight=540 2.9999999999999991 3.0000000000000027 2.9999999999999982 4 7.0000000000000027 8.9999999999999982 109 2.9999999999999991 4.9999999999999991 33 35 3 38 32 4.0000000000000027 11.999999999999998 60 134 3 3 9.9999999999999982 3 13.999999999999998 3
leaf_count=540 3 3 3 4 7 9 109 3 5 33 35 3 38 32 4 12 60 134 3 3 10 3 14 3
internal_value=-0.0773254 4.68673 10.0096 17.9364 3.75333 3.11266 4.01552 -1.50943 -1.53964 -0.704806 -1.0654 23.802 4.89136 4.7139 5.71592 -1.62133 -1.31165 -1.65442 2.61462 12.9088 -3.15426 6.96167 5.31437 6.92056
internal_weight=1073 248 37 13 211 135 118 825 819 73 68 6 76 70 24 746 72 674 6 7 17 6 18 6
internal_count=1073 248 37 13 211 135 118 825 819 73 68 6 76 70 24 746 72 674 6 7 17 6 18 6
is_linear=0
shrinkage=0.05


Tree=16
num_leaves=28
num_cat=0
split_feature=3 7 3 6 0 7 4 4 2 3 4 0 4 3 6 7 0 0 2 0 8 2 0 5 6 2 2
split_gain=2.86895e+06 793109 505275 224079 126931 42104.7 56108.9 251409 25219.7 19969.7 73005.5 24743.6 12819.1 7786.95 5550.51 4902.4 4504.73 2680.61 5272.99 1674.23 2111.84 1494.92 977.178 715.576 292.263 43.2372 30.8635
threshold=0.52944424865358208 5.5000000000000009 0.73670327288164794 50.500000000000007 36854.100000000006 4.5000000000000009 43067.500000000007 43672.500000000007 8114.4800000000005 0.35370146452070456 39905.000000000007 33839.05000000001 42277.500000000007 0.36100229612809376 53.500000000000007 5.5000000000000009 38284.55000000001 26394.050000000007 21085.200000000001 36854.100000000006 2.5000000000000004 24429.335000000003 38995.150000000001 10.500000000000002 46.500000000000007 17431.860000000004 21085.200000000001
decision_type=2 2 2 2 2 2 2 2 2 2 2 2 2 2 2 2 2 2 2 2 2 2 2 2 2 2 2
left_child=4 5 22 8 9 6 12 -8 -4 17 13 -12 -2 -11 -5 21 -17 25 -19 20 -7 26 -3 -21 -18 -1 -6
right_child=1 2 3 14 15 19 7 -9 -10 10 11 -13 -14 -15 -16 16 24 18 -20 23 -22 -23 -24 -25 -26 -27 -28
leaf_value=-1.9333145141601564 5.3235695732964414 2.4816071033477769 27.427714029947893 13.884026082356767 3.6013861338297519 5.6098073959350581 -2.9116642475128174 3.9841796975386772 21.81303278605143 5.795553970336913 -1.6680441253715093 0.10684265913786713 3.9592549757523972 2.5733488464355467 11.163606262207031 0.038725471496582009 2.6789173126220711 -0.65592885812123614 -1.5251866162348886 6.2487923304239912 4.6506784612482237 2.4669075489044183 3.5868094921112057 5.5581038665771487 2.0744932015736892 -1.7413512648958147 3.8281881968180329
leaf_weight=2.9999999999999991 36 4.0000000000000018 3.0000000000000018 3 3 12 15.999999999999998 76 6 3 72 27 33 5 5 3.0000000000000009 2.9999999999999982 18 567 5.9999999999999991 11 4 4 9.9999999999999982 6 132 3
leaf_count=3 36 4 3 3 3 12 16 76 6 3 72 27 33 5 5 3 3 18 567 6 11 4 4 10 6 132 3
internal_value=-0.0200015 4.99986 13.3962 18.2724 -1.35035 3.95032 3.59326 2.7849 23.6846 -1.45007 -0.81272 -1.18398 4.67107 3.78168 12.1838 2.39801 1.71666 -1.54479 -1.49844 5.42433 5.15109 3.21564 3.03421 5.81711 2.27597 -1.74562 3.71479
internal_weight=1074 225 25 17 849 200 161 92 9 827 107 99 69 8 8 22 12 720 585 39 23 10 8 16 9 135 6
internal_count=1074 225 25 17 849 200 161 92 9 827 107 99 69 8 8 22 12 720 585 39 23 10 8 16 9 135 6
is_linear=0
shrinkage=0.05


Tree=17
num_leaves=26
num_cat=0
split_feature=1 3 7 6 3 1 4 0 7 0 0 4 2 4 7 7 3 2 4 6 4 4 0 1 0
split_gain=2.65141e+06 613017 574356 179786 45809.9 44135.2 31766.9 29711.5 45072.6 23302.1 20150.8 42647.1 19036.5 28241 18617.4 14038.3 12457.5 5352.3 4321.69 3130.1 2613.09 11575.6 1093.35 879.25 536.052
threshold=17892.575000000001 0.75194895829411001 5.5000000000000009 51.500000000000007 0.54742949034908006 13145.135 44860.000000000007 32148.650000000005 2.5000000000000004 37095.750000000007 36936.600000000013 43067.500000000007 12642.795000000002 43067.500000000007 2.5000000000000004 4.5000000000000009 0.78938764404683071 16411.035000000003 44810.000000000007 44.500000000000007 42977.500000000007 42595.000000000007 37136.30000000001 28199.275000000005 35250.950000000004
decision_type=2 2 2 2 2 2 2 2 2 2 2 2 2 2 2 2 2 2 2 2 2 2 2 2 2
left_child=5 4 19 16 10 9 7 -7 -9 20 11 -2 15 -14 -8 -6 -4 -16 -12 -3 21 -1 -21 -5 -22
right_child=1 2 3 23 12 6 14 8 -10 -11 18 -13 13 -15 17 -17 -18 -19 -20 22 24 -23 -24 -25 -26
leaf_value=-1.5012676831303942 2.7708718538284307 6.4545454978942818 20.72238032023111 11.330095062255857 4.1221732281624002 -2.2533908462524397 1.6180965566635122 -0.7034710354275171 3.8995705751272349 2.3435621738433841 3.4972844210537994 -2.8055851300557451 4.1397818927107188 2.4808287952257242 0.23981933593749974 5.9786205291748047 24.668494160970045 -2.0179287547156926 2.1506978621849644 4.7670649360207937 -1.7519931336453087 -0.66121059439399033 5.8023963928222662 12.412838236490883 -1.4471362170051127
leaf_weight=603 7.9999999999999982 4.0000000000000027 6.0000000000000018 5 47 5.0000000000000027 5.0000000000000027 9.0000000000000018 12.999999999999998 3.9999999999999991 11 6 58 46 3.0000000000000027 12.999999999999998 3 21 13 17.000000000000004 95 44 2.9999999999999991 3 17
leaf_count=603 8 4 6 5 47 5 5 9 13 4 11 6 58 46 3 13 3 21 13 17 95 44 3 3 17
internal_value=-0.00239911 4.58414 10.1584 17.1899 3.45273 -1.36324 -0.00839891 1.22579 2.01651 -1.46268 1.88849 0.380962 3.81518 3.40601 -1.15747 4.5244 22.0378 -1.73571 2.76788 5.17773 -1.48274 -1.44414 4.92236 11.7361 -1.70572
internal_weight=1062 243 41 17 202 819 56 27 22 763 38 14 164 104 29 60 9 24 24 24 759 647 20 8 112
internal_count=1062 243 41 17 202 819 56 27 22 763 38 14 164 104 29 60 9 24 24 24 759 647 20 8 112
is_linear=0
shrinkage=0.05


Tree=18
num_leaves=27
num_cat=0
split_feature=3 3 0 0 4 0 1 4 4 4 4 0 4 5 1 6 2 4 2 4 1 1 3 1 1 6
split_gain=2.36166e+06 516472 443886 133039 125636 58204.2 38275.3 40943.9 28704.3 43156.6 152075 21874.5 17323.9 12189.9 10004.7 6768.62 3316.28 2767.21 16857.4 3089.21 2097.83 1448.51 1278.5 329.857 95.3093 27.4772
threshold=0.54742949034908006 0.73670327288164794 37626.700000000004 36936.600000000013 44810.000000000007 36539.350000000013 12701.890000000001 40095.000000000007 42277.500000000007 43672.500000000007 43067.500000000007 36097.750000000007 36090.000000000007 11.500000000000002 29942.049999999999 41.500000000000007 18097.420000000002 37740.000000000007 21352.340000000004 42595.000000000007 28846.295000000002 21620.130000000001 0.63289884346855885 14091.424999999999 16292.985000000004 53.500000000000007
decision_type=2 2 2 2 2 2 2 2 2 2 2 2 2 2 2 2 2 2 2 2 2 2 2 2 2 2
left_child=3 8 4 6 5 -3 17 24 12 10 -10 -9 22 -11 -4 -5 25 18 -1 -19 -6 -14 -2 -18 -8 -17
right_child=1 2 14 15 20 -7 7 11 9 13 -12 -13 21 -15 -16 16 23 19 -20 -21 -22 -23 -24 -25 -26 -27
leaf_value=1.0012835741043091 3.5393752915518619 4.7754651387532503 20.533131408691407 0.040174587567647253 4.1302835464477541 12.561951891581218 3.5657196044921875 -0.29353982045100285 3.7637081273396813 4.4582064692179371 -3.1090924523093486 -3.0643000841140751 5.6801182673527633 3.3127342661221828 24.616574096679681 3.4621950531005847 2.5368376731872559 -1.5386207085735393 -1.3341875038315765 -1.2690855154255094 5.2843868255615236 6.6815248870849615 4.5529646873474121 2.0125470260779066 3.1929023106892895 3.270789082845051
leaf_weight=7.9999999999999991 14.000000000000002 3.0000000000000027 2.9999999999999991 3.0000000000000027 8.9999999999999982 11.999999999999998 3.9999999999999991 65 30 45 10.999999999999998 7.9999999999999991 13.000000000000002 48 3 5.0000000000000018 3.9999999999999991 371 226 149 6.9999999999999991 4.9999999999999991 3.9999999999999991 11.999999999999998 3 3
leaf_count=8 14 3 3 3 9 12 4 65 30 45 11 8 13 48 3 5 4 371 226 149 7 5 4 12 3 3
internal_value=-0.0221096 4.77312 10.1265 -1.17497 7.7172 11.0047 -1.2868 -0.246911 3.60796 3.27121 1.91979 -0.597185 4.86145 3.867 22.5749 2.27933 2.55922 -1.39713 -1.25434 -1.46139 4.6352 5.95829 3.76462 2.14362 3.40594 3.39042
internal_weight=1068 207 37 861 31 15 834 80 170 134 41 73 36 93 6 27 24 754 234 520 16 18 18 16 7 8
internal_count=1068 207 37 861 31 15 834 80 170 134 41 73 36 93 6 27 24 754 234 520 16 18 18 16 7 8
is_linear=0
shrinkage=0.05


Tree=19
num_leaves=23
num_cat=0
split_feature=3 1 4 2 0 4 0 4 4 1 4 0 1 2 8 1 1 6 1 4 0 6
split_gain=2.0751e+06 472294 296847 167129 72925.3 102872 72400 37716.7 246095 14665.6 36541 18495.2 10361.8 8400.88 4210.65 7276.95 3764.25 2650.7 1816.1 1281.9 891.236 288.521
threshold=0.52332161359643292 29332.105000000003 44810.000000000007 9686.1800000000021 36539.350000000013 44810.000000000007 36936.600000000013 43067.500000000007 43672.500000000007 14220.1 44860.000000000007 33277.150000000001 20745.450000000001 8114.4800000000005 2.5000000000000004 12414.135000000004 17479.370000000006 43.500000000000007 11021.450000000001 44585.000000000007 37381.900000000001 51.500000000000007
decision_type=2 2 2 2 2 2 2 2 2 2 2 2 2 2 2 2 2 2 2 2 2 2
left_child=6 3 13 4 19 -6 9 12 -9 14 11 -11 -5 -3 18 -16 -12 -8 -1 -2 -19 -22
right_child=1 2 -4 7 5 -7 17 8 -10 10 16 -13 -14 -15 15 -17 -18 20 -20 -21 21 -23
leaf_value=-1.4008076992753435 4.8990277862548837 23.592074076334644 5.2253899383544917 3.2128281628644029 12.449532852172851 4.8425776958465567 0.7221275329589838 -2.697585768448679 3.4862901907875425 -2.1552005132039365 -1.5016064453124998 2.1709298440388269 4.4570809754458338 19.850221761067704 -1.2535625211104819 -0.40756653326529046 -3.4417734146118164 2.8098649501800539 -1.8033099820536951 3.9005131191677522 2.0951398134231574 1.5201646486918128
leaf_weight=292 4.9999999999999991 2.9999999999999982 5 27 10 8 4.0000000000000027 19 105 3.0000000000000027 15.000000000000002 13.999999999999998 44 3 434 27 2.9999999999999991 3.9999999999999991 31 8.9999999999999982 7.9999999999999982 3
leaf_count=292 5 3 5 27 10 8 4 19 105 3 15 14 44 3 434 27 3 4 31 9 8 3
internal_value=-0.0153415 4.10485 14.2231 3.61454 6.96362 9.06866 -1.18551 3.06494 2.53876 -1.2563 -0.254914 1.4075 3.98391 21.7211 -1.30101 -1.20401 -1.82497 1.86577 -1.43944 4.25713 2.17074 1.93833
internal_weight=1076 238 11 227 32 18 838 195 124 819 35 17 71 6 784 461 18 19 323 14 15 11
internal_count=1076 238 11 227 32 18 838 195 124 819 35 17 71 6 784 461 18 19 323 14 15 11
is_linear=0
shrinkage=0.05


Tree=20
num_leaves=26
num_cat=0
split_feature=3 7 3 6 0 7 4 4 2 3 4 0 2 4 4 0 0 8 0 3 0 5 8 0 6
split_gain=1.9999e+06 700856 356442 124447 72012.3 31943 38213.3 203185 15177.9 11417.2 26171.8 55517.6 8380.63 3095.65 12107.2 2458.5 1360.1 1285.02 1132.97 1576.08 943.861 935.224 449.444 378.089 138.609
threshold=0.52944424865358208 5.5000000000000009 0.73670327288164794 50.500000000000007 36854.100000000006 4.5000000000000009 43067.500000000007 43672.500000000007 7633.4050000000007 0.38775052879764388 44860.000000000007 32148.650000000005 12926.325000000003 42977.500000000007 42595.000000000007 34090.250000000007 36854.100000000006 2.5000000000000004 38056.900000000001 0.40576406677884447 38995.150000000001 10.500000000000002 2.5000000000000004 36592.55000000001 49.500000000000007
decision_type=2 2 2 2 2 2 2 2 2 2 2 2 2 2 2 2 2 2 2 2 2 2 2 2 2
left_child=4 5 20 8 9 6 12 -8 -4 13 11 -11 -2 14 -1 -12 17 -7 19 -6 -3 -18 -15 -5 -20
right_child=1 2 3 23 18 16 7 -9 -10 10 15 -13 -14 22 -16 -17 21 -19 24 -21 -22 -23 -24 -25 -26
leaf_value=-1.2875667347580544 5.0806167984008788 1.8981850147247297 22.39190368652342 11.315946807861327 1.8105230569839468 4.6590750122070306 -2.5936649110582142 3.2423240091608863 18.141150338309149 -1.7760215812259252 -1.4764183004697162 2.0081580934070407 3.5207815477924962 -1.6059318025233382 -0.49902797375085223 -2.6079952875773116 5.3569754282633468 3.8759384848854754 1.870047702789307 3.2141275882720941 3.0714130401611319 4.5311822891235352 -1.3998911599318187 10.605933634440101 1.4751609563827512
leaf_weight=597 9.9999999999999982 4.0000000000000027 3.0000000000000018 5 4.0000000000000018 10 18 87 7 18 24.000000000000004 21 62 59 53 5.9999999999999991 5.9999999999999991 11 4.9999999999999982 4 3 7.9999999999999991 48 3 4
leaf_count=597 10 4 3 5 4 10 18 87 7 18 24 21 62 59 53 6 6 11 5 4 3 8 48 3 4
internal_value=-0.00104043 4.05686 11.9747 15.6978 -1.14187 3.12315 2.85023 2.24187 19.4164 -1.20817 -0.59245 0.261614 3.73743 -1.26429 -1.22327 -1.70273 4.50335 4.24886 2.07938 2.51233 2.401 4.88509 -1.5135 11.0497 1.69454
internal_weight=1080 237 25 18 843 212 177 105 10 826 69 39 72 757 650 30 35 21 17 8 7 14 107 8 9
internal_count=1080 237 25 18 843 212 177 105 10 826 69 39 72 757 650 30 35 21 17 8 7 14 107 8 9
is_linear=0
shrinkage=0.05


Tree=21
num_leaves=24
num_cat=0
split_feature=1 2 0 7 3 4 1 1 4 4 4 0 0 7 0 1 4 3 5 1 1 4 3
split_gain=1.69227e+06 352067 378242 88559.6 42244.5 26882 21700.1 26382.1 19018.5 45142.6 17765.4 12291 14382.8 10363.1 9309.06 7305.99 3867.92 46106.3 3770.69 2542.54 2439.23 2340.15 296.3
threshold=17479.370000000006 9686.1800000000021 37626.700000000004 5.5000000000000009 0.56516867106104052 46105.000000000007 14735.870000000003 14884.055000000004 42910.000000000007 43672.500000000007 43672.500000000007 33972.500000000007 35823.150000000009 1.5000000000000002 36936.600000000013 29942.049999999999 37740.000000000007 0.35370146452070456 10.500000000000002 28199.275000000005 13145.135 42595.000000000007 0.48969947205445979
decision_type=2 2 2 2 2 2 2 2 2 2 2 2 2 2 2 2 2 2 2 2 2 2 2
left_child=6 2 3 18 5 10 14 -8 13 -10 -3 22 -13 -6 16 -4 17 -1 -2 -5 -16 -18 -9
right_child=1 4 15 19 8 -7 7 11 9 -11 -12 12 -14 -15 20 -17 21 -19 -20 -21 -22 -23 -24
leaf_value=-1.1242258080991649 5.8022875467936137 0.65000751896908415 17.730251057942709 9.4053408940633147 3.3229230683425381 -2.3500307451933624 4.0781912803649867 -1.63608995437622 1.019106066668475 3.3873200863222537 2.5309416461635283 2.6538285255432132 -1.1386318588256834 4.7441205895465357 1.7835240681966145 21.219757588704422 -1.3442125618773164 4.2891706943511965 3.9013455772399901 11.188083648681639 -0.2327561219533284 -1.1221893462142505 -2.2646327972412101
leaf_weight=236 3.0000000000000027 19 2.9999999999999991 5.9999999999999982 29 3.9999999999999991 4.0000000000000027 5.0000000000000018 27 79 37 4.9999999999999982 5 23 2.9999999999999991 3 378 3.9999999999999991 20 3 3 173 3
leaf_count=236 3 19 3 6 29 4 4 5 27 79 37 5 5 23 3 3 378 4 20 3 3 173 3
internal_value=-0.0347687 3.51355 7.95474 5.79469 2.7394 1.60991 -1.14389 0.4052 3.16831 2.7841 1.89277 -0.41102 0.757598 3.95153 -1.18665 19.475 -1.20153 -1.034 4.14929 9.99959 0.775384 -1.2745 -1.87179
internal_weight=1075 256 38 32 218 60 819 22 158 106 56 18 10 52 797 6 791 240 23 9 6 551 8
internal_count=1075 256 38 32 218 60 819 22 158 106 56 18 10 52 797 6 791 240 23 9 6 551 8
is_linear=0
shrinkage=0.05


Tree=22
num_leaves=28
num_cat=0
split_feature=1 2 7 6 4 4 1 1 4 2 2 1 7 1 1 4 5 2 4 4 6 5 1 3 4 2 1
split_gain=1.51441e+06 329944 316660 113241 31603.9 168371 16116.7 17596.7 15408.5 9622.09 9219.18 19407.2 6616.65 3820.11 2594.66 32508.1 13983.1 11859.2 3546.25 12759.3 2534.36 2491.51 1525.38 1508.15 1309.71 660.028 570.948
threshold=17479.370000000006 9686.1800000000021 5.5000000000000009 50.500000000000007 43067.500000000007 43672.500000000007 13145.135 13358.750000000002 44810.000000000007 12642.795000000002 17726.475000000002 14735.870000000003 1.5000000000000002 29942.049999999999 11021.450000000001 36662.500000000007 12.500000000000002 24963.765000000003 34325.000000000007 36372.500000000007 53.500000000000007 10.500000000000002 21369.105 0.29980356325621699 42752.500000000007 16632.160000000003 26422.895000000008
decision_type=2 2 2 2 2 2 2 2 2 2 2 2 2 2 2 2 2 2 2 2 2 2 2 2 2 2 2
left_child=6 2 21 13 9 22 14 -8 -7 24 25 -12 -11 -4 18 16 -16 -17 23 -20 -5 -2 -6 -1 -3 -9 -23
right_child=1 4 3 20 5 8 7 10 -10 12 11 -13 -14 -15 15 17 -18 -19 19 -21 -22 26 -24 -25 -26 -27 -28
leaf_value=-1.3798665701349577 5.076449489593502 5.5463357925415053 16.502052688598621 10.437705993652347 -2.0252552032470699 3.3084664047741499 2.9870939731597903 -1.8794540132795063 2.1430016679583854 2.6111096084117893 -1.0206164730919729 1.5752687772115073 3.6058678872244698 18.862348937988276 0.45683307647705079 -1.2952713626704806 4.9725830078124993 1.9123448689778646 -0.35700845858630015 -1.1863201484316961 8.7007267543247764 3.1814711570739718 -2.9515528202056887 -2.5148617426554365 4.3324882507324212 -1.1928331238882881 3.8387134552001956
leaf_weight=120 4.0000000000000027 3.9999999999999982 4.0000000000000027 2.9999999999999982 10.000000000000002 61 3.9999999999999991 6.9999999999999982 53 32 18.000000000000004 11.999999999999998 35 3 3.9999999999999991 73 3 2.9999999999999991 51 512 7 4.0000000000000027 7.9999999999999991 2.9999999999999991 5 7 19
leaf_count=120 4 4 4 3 10 61 4 7 53 32 18 12 35 3 4 73 3 3 51 512 7 4 8 3 5 7 19
internal_value=-0.0317214 3.35683 7.29047 12.6361 2.52471 2.05705 -1.0769 -0.188031 2.76663 3.33696 -0.476679 0.0177376 3.13076 17.5136 -1.13239 -0.868346 2.39215 -1.16865 -1.16433 -1.1112 9.22182 3.92471 -2.43694 -1.40755 4.87198 -1.53614 3.72441
internal_weight=1069 252 44 17 208 132 817 48 114 76 44 30 67 7 769 83 7 76 686 563 10 27 18 123 9 14 23
internal_count=1069 252 44 17 208 132 817 48 114 76 44 30 67 7 769 83 7 76 686 563 10 27 18 123 9 14 23
is_linear=0
shrinkage=0.05


Tree=23
num_leaves=27
num_cat=0
split_feature=3 7 3 6 0 2 4 4 2 4 4 3 4 0 4 7 0 4 3 3 6 2 2 2 3 6
split_gain=1.49613e+06 527145 233680 86867 54708.1 25159.2 30982.7 100853 11643.6 7863.76 25803.3 6282.22 14568.9 39831.4 5859.43 3582.03 3165.09 2900.55 20369 2432.01 2256.53 1820.13 1458.44 603.474 215.224 206.771
threshold=0.52944424865358208 5.5000000000000009 0.73670327288164794 50.500000000000007 36854.100000000006 12642.795000000002 43067.500000000007 43672.500000000007 7633.4050000000007 42910.000000000007 44065.000000000007 0.41312862747349216 44860.000000000007 32148.650000000005 42277.500000000007 5.5000000000000009 38284.55000000001 36372.500000000007 0.29980356325621699 0.40576406677884447 59.500000000000007 8901.9350000000031 24429.335000000003 11594.485000000002 0.5947539792221429 51.500000000000007
decision_type=2 2 2 2 2 2 2 2 2 2 2 2 2 2 2 2 2 2 2 2 2 2 2 2 2 2
left_child=4 5 24 8 11 9 14 -8 -4 23 -11 17 13 -13 -7 22 -17 18 -1 -19 -14 -5 -6 -2 -3 -18
right_child=1 2 3 21 15 6 7 -9 -10 10 -12 12 20 -15 -16 16 25 19 -20 -21 -22 -23 -24 -25 -26 -27
leaf_value=-1.0441937659878329 5.3734621047973636 1.8948033650716125 19.268203735351548 10.330735270182293 3.0918950080871577 3.517412428422408 -2.2551516669137137 2.5358090088647955 15.545101928710935 -0.25569824218749998 3.4495251337687174 -1.6635161161422727 -1.6148338292774398 2.4103519360224408 2.5601088400809999 -0.35556958516438786 1.689199463526408 -1.127397627012839 1.1775352478027343 -2.2347939157485963 -0.30821878910064698 8.7015161514282209 1.7416926383972164 4.4353435516357411 2.493724632263183 1.1808062871297198
leaf_weight=166 3.9999999999999991 3.0000000000000027 3.0000000000000018 2.9999999999999991 4 33 13.999999999999998 51 7 4.9999999999999991 78 12.000000000000002 19.000000000000004 11.999999999999998 31 3.0000000000000009 5.9999999999999982 589 10.999999999999998 4.9999999999999991 3.9999999999999991 4 4 3 3 3
leaf_count=166 4 3 3 3 4 33 14 51 7 5 78 12 19 12 31 3 6 589 11 5 4 4 4 3 3 3
internal_value=0.0136655 3.4767 10.6776 13.6717 -0.986398 2.72044 2.27281 1.50391 16.662 3.36205 3.22632 -1.04957 -0.488355 0.373418 3.05372 1.59726 1.05091 -1.08378 -0.90612 -1.13672 -1.3876 9.39975 2.41679 4.97141 2.19426 1.51974
internal_weight=1080 242 23 17 838 219 129 65 10 90 83 818 47 24 64 20 12 771 177 594 23 7 8 7 6 9
internal_count=1080 242 23 17 838 219 129 65 10 90 83 818 47 24 64 20 12 771 177 594 23 7 8 7 6 9
is_linear=0
shrinkage=0.05


Tree=24
num_leaves=21
num_cat=0
split_feature=1 3 0 7 3 4 5 0 7 4 4 1 5 3 0 0 1 1 5 0
split_gain=1.36068e+06 341729 277775 81696.6 29023.4 17543.2 15265.3 14491.1 11773.5 18215 9974.73 9350.83 20290.9 7183.65 6952.35 4449.92 9579.01 6244.25 1891.74 770.967
threshold=17479.370000000006 0.75194895829411001 37626.700000000004 5.5000000000000009 0.56516867106104052 46105.000000000007 12.500000000000002 37095.750000000007 4.5000000000000009 43067.500000000007 43672.500000000007 15962.835000000003 10.500000000000002 0.78938764404683071 38577.05000000001 35823.150000000009 12414.135000000004 13631.355 10.500000000000002 37381.900000000001
decision_type=2 2 2 2 2 2 2 2 2 2 2 2 2 2 2 2 2 2 2 2
left_child=7 4 3 18 5 10 -5 11 9 -6 -2 15 -13 -4 -10 16 -1 -17 -3 -9
right_child=1 2 13 6 8 -7 -8 19 14 -11 -12 12 -14 -15 -16 17 -18 -19 -20 -21
leaf_value=-1.03646611473343 0.8155785894393921 4.6501506805419881 15.221567916870118 12.083908589680975 3.2922921811119985 -2.233574579159419 7.9016203880310059 0.90846101442972815 4.3046669536166711 2.1145018680675611 2.2306763417793043 -1.2405674934387205 3.9608311971028636 18.458257548014316 2.0001454114913941 -1.0538355922698972 -0.36325834843150356 -2.7197347429063585 3.4344537138938906 2.0420150121053058
leaf_weight=724 20 4.0000000000000027 3.9999999999999991 3.0000000000000027 59 2.9999999999999991 7.9999999999999991 2.9999999999999991 18.000000000000004 74 33 5 3 3 3.9999999999999991 15.000000000000002 57 8.9999999999999982 15.999999999999998 3
leaf_count=724 20 4 4 3 59 3 8 3 18 74 33 5 3 3 4 15 57 9 16 3
internal_value=0.0110885 3.24781 7.61257 5.58118 2.46174 1.48613 9.04224 -0.972969 2.81421 2.63698 1.69668 -0.991037 0.709957 16.6087 3.88566 -1.00794 -0.987333 -1.67855 3.67759 1.47524
internal_weight=1068 249 38 31 211 56 11 819 155 133 53 813 8 7 22 805 781 24 20 6
internal_count=1068 249 38 31 211 56 11 819 155 133 53 813 8 7 22 805 781 24 20 6
is_linear=0
shrinkage=0.05


Tree=25
num_leaves=25
num_cat=0
split_feature=1 2 7 6 4 4 1 0 0 1 2 2 7 2 1 1 5 4 4 1 0 0 2 2
split_gain=1.09962e+06 263892 248455 64246.6 30931.8 119561 25451.2 13781.6 7532.23 8048.29 25345.8 6035.97 6080.28 4268.05 3997.97 2948.46 2677.77 2197.23 2156.08 1887.57 863.536 859.536 707.529 104.696
threshold=15962.835000000003 9686.1800000000021 5.5000000000000009 50.500000000000007 42977.500000000007 43672.500000000007 18797.315000000006 37095.750000000007 35823.150000000009 12414.135000000004 21835.605000000007 12642.795000000002 1.5000000000000002 8313.010000000002 12963.120000000003 20465.295000000006 10.500000000000002 46105.000000000007 30732.500000000004 27963.405000000002 37136.30000000001 37263.250000000007 11594.485000000002 24132.920000000002
decision_type=2 2 2 2 2 2 2 2 2 2 2 2 2 2 2 2 2 2 2 2 2 2 2 2
left_child=7 2 16 13 11 15 -7 8 9 18 -11 22 -13 -4 23 -6 -2 -16 -1 -5 -18 -9 -3 -10
right_child=1 4 3 19 5 6 -8 21 14 10 -12 12 -14 -15 17 -17 20 -19 -20 -21 -22 -23 -24 -25
leaf_value=-1.2137218758866595 4.8533669789632112 4.8333813985188794 16.210956827799485 9.1089393615722631 -1.392859292030334 0.17256501271174507 2.5154517872729034 0.86303799947102877 -1.4804647636413555 -0.6341036019117936 3.5154256343841555 2.2484850145155386 3.1716676121666318 13.825431213378904 -3.1703378995259612 -2.6806904411315919 3.1255184173583981 -1.6574645996093746 -0.92899410113806047 7.4498098373413075 4.0417873382568361 2.0599341074625648 3.8621078491210934 -1.2045258695429022
leaf_weight=74 3.0000000000000027 3 2.9999999999999982 3 8.0000000000000018 12.999999999999998 107 2.9999999999999991 5.0000000000000062 46 3.9999999999999991 31 42 5 5.9999999999999982 9.9999999999999982 18.000000000000004 4 655 4 2.9999999999999991 3 5 10.999999999999998
leaf_count=74 3 3 3 3 8 13 107 3 5 46 4 31 42 5 6 10 18 4 655 4 3 3 5 11
internal_value=-0.021466 2.82171 6.61105 11.6591 2.1469 1.69164 2.26164 -0.925954 -0.943749 -0.915807 -0.302141 2.92252 2.77963 14.72 -1.78092 -2.10832 3.45603 -2.56519 -0.957897 8.16087 3.25641 1.46149 4.22634 -1.29076
internal_weight=1069 258 39 15 219 138 120 811 805 779 50 81 73 8 26 18 24 10 729 7 21 6 8 16
internal_count=1069 258 39 15 219 138 120 811 805 779 50 81 73 8 26 18 24 10 729 7 21 6 8 16
is_linear=0
shrinkage=0.05


Tree=26
num_leaves=26
num_cat=0
split_feature=3 7 1 6 0 7 4 4 1 1 4 7 3 6 4 4 1 0 0 0 4 5 0 0 1
split_gain=1.08618e+06 351022 182006 81884.9 29754.3 18129.9 23762.4 123699 8972.2 7517.54 34948.7 13920 6601.65 3267.97 3234.3 6544.36 2136.59 1592.96 858.087 814.232 1111.65 1066.48 530.986 211.182 135.806
threshold=0.52944424865358208 5.5000000000000009 27323.954999999998 51.500000000000007 36854.100000000006 4.5000000000000009 43067.500000000007 43672.500000000007 30290.815000000006 12414.135000000004 39905.000000000007 3.5000000000000004 0.62596709428481478 43.500000000000007 33235.000000000007 36372.500000000007 10877.140000000003 36592.55000000001 37381.900000000001 36854.100000000006 44810.000000000007 10.500000000000002 38995.150000000001 35250.950000000004 19333.335000000003
decision_type=2 2 2 2 2 2 2 2 2 2 2 2 2 2 2 2 2 2 2 2 2 2 2 2 2
left_child=4 5 22 8 9 6 12 -8 -4 14 23 -12 -2 -6 16 -16 -1 -5 -15 20 -7 -21 -3 -11 -20
right_child=1 2 3 17 13 19 7 -9 -10 10 11 -13 -14 18 15 -17 -18 -19 24 21 -22 -23 -24 -25 -26
leaf_value=-1.1657160533947892 2.5755588799192193 1.2627904256184881 13.303122929164338 8.2023649215698224 -0.39704136848449662 3.5326111880215723 -2.2503451740040501 2.412877257939043 16.571331787109369 3.2775388717651368 -1.5215215990620274 -0.046014593857707398 3.724930310249329 2.0354873657226564 -0.48724191861097205 -0.95650506038696348 -2.5223695119222005 6.7912641525268542 1.3320269039699013 4.1013626098632825 2.8217693328857423 3.2285686492919918 2.1427644252777096 2.722585296630859 0.99084484100341774
leaf_weight=89 57 3.0000000000000027 7.0000000000000018 4 3.0000000000000027 11.000000000000002 17 87 3 2.9999999999999991 31 33 15.999999999999998 3.9999999999999991 86 546 2.9999999999999991 4 6.9999999999999982 6.9999999999999982 10.999999999999998 7 4 4 5
leaf_count=89 57 3 7 4 3 11 17 87 3 3 31 33 16 4 86 546 3 4 7 7 11 7 4 4 5
internal_value=0.03065 3.00188 8.60679 11.2672 -0.838088 2.34403 2.13599 1.65062 14.2836 -0.884822 -0.393841 -0.760713 2.82748 1.11733 -0.93297 -0.89265 -1.20995 7.49681 1.40127 3.36688 3.17719 3.66497 1.76563 2.96042 1.18987
internal_weight=1052 238 25 18 814 213 177 104 10 795 71 64 73 19 724 632 92 8 16 36 22 14 7 7 12
internal_count=1052 238 25 18 814 213 177 104 10 795 71 64 73 19 724 632 92 8 16 36 22 14 7 7 12
is_linear=0
shrinkage=0.05


Tree=27
num_leaves=23
num_cat=0
split_feature=1 1 7 2 7 0 4 0 4 4 6 1 1 4 0 0 4 1 7 0 4 0
split_gain=909686 220420 147962 40635 39265.7 34823.8 22066.1 21152.4 20378.4 11805.8 8778.25 7954.19 7689.25 20358.6 13650.9 2931.46 2174.55 17089.6 5208.73 1230.62 675.17 449.078
threshold=17479.370000000006 28199.275000000005 5.5000000000000009 9686.1800000000021 5.5000000000000009 37136.30000000001 42752.500000000007 36936.600000000013 43672.500000000007 36090.000000000007 53.500000000000007 30290.815000000006 12701.890000000001 40095.000000000007 35823.150000000009 39598.900000000001 37740.000000000007 11260.985000000001 3.5000000000000004 36903.900000000001 44585.000000000007 37263.250000000007
decision_type=2 2 2 2 2 2 2 2 2 2 2 2 2 2 2 2 2 2 2 2 2 2
left_child=7 3 15 4 20 -4 9 12 -8 -5 -6 -7 16 -14 -15 19 17 -1 -18 -3 -2 -9
right_child=1 2 5 6 10 11 8 21 -10 -11 -12 -13 13 14 -16 -17 18 -19 -20 -21 -22 -23
leaf_value=-0.79992940377544719 3.3561152140299444 2.8243243694305429 7.3578617095947241 2.1807594559409402 8.8764816284179684 12.336909675598143 0.80427600404490596 1.382472503185272 2.0526230755105486 3.8592393207550049 5.2985463460286439 15.742765808105464 2.7629549789428713 -0.19590433413783712 -2.1487125743519178 5.2872023264567032 -0.79360058089486918 2.4975620269775392 -1.1125757580995559 3.9237059729439867 2.5008759880065918 2.1317034959793086
leaf_weight=222 3.0000000000000027 3.9999999999999982 3 22 3.9999999999999991 4 46 4 113 20 3 3 4.9999999999999991 48 10.999999999999998 3.0000000000000009 306 3.9999999999999991 220 7 9.9999999999999982 4
leaf_count=222 3 4 3 22 4 4 46 4 113 20 3 3 5 48 11 3 306 4 220 7 10 4
internal_value=-0.00609229 2.66881 7.21977 2.17458 4.32393 11.865 1.96072 -0.80142 1.69147 2.98004 7.34308 13.7966 -0.826504 -0.300382 -0.559987 3.90177 -0.87128 -0.741567 -0.927012 3.52393 2.69824 1.75709
internal_weight=1069 245 24 221 20 10 201 824 159 42 7 7 816 64 59 14 752 226 526 11 13 8
internal_count=1069 245 24 221 20 10 201 824 159 42 7 7 816 64 59 14 752 226 526 11 13 8
is_linear=0
shrinkage=0.05


Tree=28
num_leaves=28
num_cat=0
split_feature=3 7 3 6 0 7 4 4 0 2 3 4 3 0 7 0 4 4 4 2 0 4 0 3 0 3 2
split_gain=861246 235035 158342 74839.1 28006.7 18238 21717.4 107036 7144.5 6387.16 6365.46 43860.1 12288.2 9902.3 1925.8 1774.7 1618.81 10157.7 2601.32 1347.86 1194.1 628.885 1501.34 617.325 429.261 86.9211 22.6696
threshold=0.52332161359643292 5.5000000000000009 0.73670327288164794 50.500000000000007 36936.600000000013 4.5000000000000009 43067.500000000007 43672.500000000007 38056.900000000001 12642.795000000002 0.34857934408884533 39295.000000000007 0.36100229612809376 35902.250000000007 5.5000000000000009 38370.750000000007 42595.000000000007 42977.500000000007 37740.000000000007 22949.120000000003 36592.55000000001 44810.000000000007 36689.950000000004 0.57671101556467663 38543.600000000013 0.73670327288164794 24963.765000000003
decision_type=2 2 2 2 2 2 2 2 2 2 2 2 2 2 2 2 2 2 2 2 2 2 2 2 2 2 2
left_child=4 5 23 8 10 6 9 -8 -4 -2 16 12 -12 -13 19 -16 18 -18 -1 -6 -5 25 -23 -3 -17 -7 -21
right_child=1 2 3 20 14 21 7 -9 -10 -11 11 13 -14 -15 15 24 17 -19 -20 26 -22 22 -24 -25 -26 -27 -28
leaf_value=-0.74545298038698071 3.8344270070393884 1.0406554937362664 12.141893386840815 6.964714279174804 2.5917843500773108 3.4300129481724322 -2.1622117940117334 2.2017549844435704 15.130307515462235 2.4104643957955498 5.5292794545491555 -0.58083933849226355 1.6100629806518552 -2.4181699872016909 -0.30085817972819001 0.76564793586730939 -0.13359038142057567 -1.0227848729606541 -0.96169647758421695 1.1965850194295244 5.702918052673339 2.4851145214504657 3.3558908982710407 1.9190951347351071 1.6114818572998044 3.1334394454956058 1.3909627278645829
leaf_weight=233 8.9999999999999982 4.0000000000000018 6.0000000000000018 5 3 14.000000000000002 17 81 3 63 2.9999999999999982 88 6 7.9999999999999991 3 3 52 84 345 3 3 9.0000000000000018 10.999999999999998 4 3 2.9999999999999991 3
leaf_count=233 9 4 6 5 3 14 17 81 3 63 3 88 6 8 3 3 52 84 345 3 3 9 11 4 3 3 3
internal_value=0.0055079 2.70116 7.28054 10.0103 -0.741673 2.14809 1.92914 1.44474 13.138 2.58846 -0.784551 -0.421057 2.91647 -0.73395 1.20927 0.692091 -0.838006 -0.682799 -0.874526 1.72644 6.49154 3.15409 2.96404 1.47988 1.18856 3.37768 1.29377
internal_weight=1069 232 25 17 837 207 170 98 9 72 819 105 9 96 18 9 714 136 578 9 8 37 20 8 6 17 6
internal_count=1069 232 25 17 837 207 170 98 9 72 819 105 9 96 18 9 714 136 578 9 8 37 20 8 6 17 6
is_linear=0
shrinkage=0.05


Tree=29
num_leaves=27
num_cat=0
split_feature=3 7 1 1 1 4 0 0 0 7 4 4 6 1 0 7 4 4 1 3 4 0 0 0 1 2
split_gain=787722 240870 118621 51414.1 34618.5 26342.8 24894.9 19604.5 15087.7 13186.2 12339.4 81291.1 7599.55 5428.81 5227.51 3828.25 3543.17 8923.6 1199.42 998.322 680.082 1452.18 667.46 491.121 100.669 31.3628
threshold=0.54742949034908006 5.5000000000000009 28199.275000000005 14220.1 27323.954999999998 46105.000000000007 33277.150000000001 37136.30000000001 35823.150000000009 4.5000000000000009 43067.500000000007 43672.500000000007 53.500000000000007 30290.815000000006 37095.750000000007 1.5000000000000002 43767.500000000007 42595.000000000007 14091.424999999999 0.50093818782746247 44810.000000000007 36854.100000000006 31422.000000000004 38995.150000000001 26853.16 20437.250000000004
decision_type=2 2 2 2 2 2 2 2 2 2 2 2 2 2 2 2 2 2 2 2 2 2 2 2 2 2
left_child=3 9 4 14 23 6 22 -4 -8 10 15 -12 -6 -9 16 -2 17 -1 -18 25 24 -22 -5 -3 -11 -7
right_child=1 2 7 5 12 19 8 13 -10 20 11 -13 -14 -15 -16 -17 18 -19 -20 -21 21 -23 -24 -25 -26 -27
leaf_value=-0.80087333310378739 1.9853049541341847 0.98064500490824291 7.8278361002604173 -1.9852593421936042 8.0354797363281243 -1.4883467197418216 2.7479327589273455 11.558488159179687 0.89451522418430884 3.2456223042805981 -2.4808669176968663 2.1299010792823689 4.7064132054646803 14.24891891479492 0.84990713119506833 2.7359385862583068 -1.0362202402423411 -0.25414553936790019 -2.0534702936808271 -2.4868647734324134 2.3484508132934563 3.2239103953043617 -1.0718457063039144 1.8853745778401689 2.9633163928985597 -1.2744837760925289
leaf_weight=612 29 3.0000000000000018 2.9999999999999991 2.9999999999999982 4 3.9999999999999982 15.999999999999998 5 35 15.000000000000002 10.999999999999998 73 3 3 4.9999999999999991 41 85 85 2.9999999999999991 3 10.000000000000002 8.9999999999999982 6 3 3.9999999999999991 3
leaf_count=612 29 3 3 3 4 4 16 5 35 15 11 73 3 3 5 41 85 85 3 3 10 9 6 3 4 3
internal_value=0.0313978 2.73083 7.45341 -0.6466 4.21994 0.652152 1.04814 11.2748 1.47598 2.14051 1.93468 1.52611 6.60874 12.5674 -0.761679 2.42496 -0.771944 -0.734199 -1.0709 -1.72374 2.97467 2.76314 -1.37632 1.43301 3.18619 -1.39669
internal_weight=1076 216 24 860 13 70 60 11 51 192 154 84 7 8 790 70 785 697 88 10 38 19 9 6 19 7
internal_count=1076 216 24 860 13 70 60 11 51 192 154 84 7 8 790 70 785 697 88 10 38 19 9 6 19 7
is_linear=0
shrinkage=0.05


Tree=30
num_leaves=26
num_cat=0
split_feature=3 7 1 0 6 4 4 4 4 1 4 0 5 7 6 0 1 6 1 1 0 1 4 1 3
split_gain=638124 145488 74719.2 46998.9 37084.7 11098.6 23999 60867.6 12133.9 10624.6 29347.7 17221.6 8999.03 6574.16 5684.77 2102.9 3604.46 1960.41 1549.02 1123.3 1118.37 1028.34 876.507 162.759 112.977
threshold=0.54742949034908006 5.5000000000000009 27323.954999999998 36854.100000000006 50.500000000000007 42277.500000000007 43672.500000000007 43067.500000000007 36090.000000000007 14220.1 42977.500000000007 33277.150000000001 10.500000000000002 4.5000000000000009 43.500000000000007 36097.750000000007 12414.135000000004 53.500000000000007 21188.725000000002 12963.120000000003 37011.900000000009 23228.415000000005 44810.000000000007 23349.799999999999 0.77850305075567217
decision_type=2 2 2 2 2 2 2 2 2 2 2 2 2 2 2 2 2 2 2 2 2 2 2 2 2
left_child=3 5 23 9 24 8 7 -7 21 15 11 -11 -8 -12 -5 16 -1 -6 -10 -17 -16 -2 -22 -3 -4
right_child=1 2 4 14 17 6 12 -9 18 10 13 -13 -14 -15 20 19 -18 -19 -20 -21 22 -23 -24 -25 -26
leaf_value=-0.78514476742744854 1.6184872773977421 1.2521804173787421 11.016791025797527 -0.46428585648536641 6.9760449727376326 1.9392760008573533 2.9969972206996038 -2.236371199289958 3.098525646754672 -1.7743540128072082 -1.377614116668701 2.4001637560980664 1.9278673740080845 0.38164047343390334 2.468443298339841 -1.1415601049150741 -0.31394941252331404 5.4106343269348143 4.04998366615989 -2.2979619979858392 1.7939551639556879 2.4098349571228028 1.1713110923767089 1.7730107943216955 10.610886955261229
leaf_weight=723 13.000000000000002 3.0000000000000027 2.9999999999999991 4.0000000000000027 2.9999999999999982 32 26 11.999999999999998 7.0000000000000027 3.0000000000000027 22.000000000000004 13.999999999999998 81 6.9999999999999991 3.0000000000000027 6.9999999999999982 43 6 10.999999999999998 3 10.000000000000002 5.9999999999999991 12.999999999999998 3 4
leaf_count=723 13 3 3 4 3 32 26 12 7 3 22 14 81 7 3 7 43 6 11 3 10 6 13 3 4
internal_value=-0.0449025 2.42381 6.27097 -0.653388 8.05537 1.97361 1.78344 0.800463 2.7497 -0.724332 0.0139827 1.66348 2.18766 -0.952966 1.29049 -0.768098 -0.758694 5.93244 3.67997 -1.48848 1.56046 1.86839 1.44203 1.5126 10.7848
internal_weight=1062 210 22 852 16 188 151 44 37 822 46 17 107 29 30 776 766 9 18 10 26 19 23 6 7
internal_count=1062 210 22 852 16 188 151 44 37 822 46 17 107 29 30 776 766 9 18 10 26 19 23 6 7
is_linear=0
shrinkage=0.05


Tree=31
num_leaves=26
num_cat=0
split_feature=3 7 1 6 0 7 8 0 7 0 0 0 6 6 7 6 1 2 1 0 8 5 0 6 1
split_gain=601942 157131 92778.8 46641.4 26393.8 15963.7 15968.7 15043.4 5734.69 4264.33 13126.6 4862.14 2362.36 2471.03 2029.56 1659.85 1234.79 1162.88 1078.89 587.658 838.63 617.079 374.609 186.132 13.0683
threshold=0.52944424865358208 5.5000000000000009 27323.954999999998 51.500000000000007 36854.100000000006 4.5000000000000009 3.5000000000000004 39598.900000000001 1.5000000000000002 35823.150000000009 35656.700000000004 34892.150000000009 57.500000000000007 42.500000000000007 5.5000000000000009 45.500000000000007 28199.275000000005 8114.4800000000005 15167.530000000001 36854.100000000006 2.5000000000000004 10.500000000000002 39538.250000000007 51.500000000000007 12658.665000000005
decision_type=2 2 2 2 2 2 2 2 2 2 2 2 2 2 2 2 2 2 2 2 2 2 2 2 2
left_child=4 5 22 17 9 6 7 -2 -8 10 11 -1 13 -11 18 -16 -5 -4 24 20 -7 -21 -3 -17 -6
right_child=1 2 3 16 14 19 8 -9 -10 12 -12 -13 -14 -15 15 23 -18 -19 -20 21 -22 -23 -24 -25 -26
leaf_value=-0.73205474928381553 1.1585065063529127 0.86955121755599907 11.581941731770824 5.0328323364257823 1.2203536669413246 2.8303596669977358 1.7294482671297513 2.9443114207341123 3.0783970260620119 -2.0425413767496723 1.8652199363708499 -0.13719688455263776 -2.6344164530436203 -0.88561688184738152 -0.41239918073018372 1.1064279576142633 6.2114477157592765 10.33675033569336 2.2066785335540771 3.2719907488141744 2.2129492673006923 2.646054553985596 1.6086756070454911 0.62407422065734852 1.0727713902791338
leaf_weight=750 127 4.0000000000000027 3.0000000000000018 4.9999999999999982 3 11 12.999999999999998 12.999999999999998 20 6.0000000000000062 4.9999999999999991 36 2.9999999999999991 20 3.0000000000000009 5.9999999999999982 4 5 4 6.9999999999999991 11 8.9999999999999982 3 3 3
leaf_count=750 127 4 3 5 3 11 13 13 20 6 5 36 3 20 3 6 4 5 4 7 11 9 3 3 3
internal_value=-0.0400645 2.19743 6.03099 8.02585 -0.664543 1.76138 1.55756 1.32433 2.54699 -0.710396 -0.688564 -0.704809 -1.30589 -1.1526 1.04453 0.606133 5.55666 10.8037 1.57061 2.68934 2.52165 2.9199 1.18632 0.945643 1.14656
internal_weight=1077 235 24 17 842 211 173 140 33 820 791 786 29 26 22 12 9 8 10 38 22 16 7 9 6
internal_count=1077 235 24 17 842 211 173 140 33 820 791 786 29 26 22 12 9 8 10 38 22 16 7 9 6
is_linear=0
shrinkage=0.05


Tree=32
num_leaves=25
num_cat=0
split_feature=1 3 0 7 4 4 4 1 1 4 4 8 4 0 7 2 0 4 4 0 1 3 6 8
split_gain=577804 132977 126541 28269.9 16175.5 18995.5 71315.3 10651.8 9778.2 12373.3 21590.7 10636.4 9267.02 7879.93 7756.25 5305.9 4149.1 1686.93 8154.37 1607.94 1254.18 1129.8 987.916 574.034
threshold=17479.370000000006 0.75194895829411001 37626.700000000004 5.5000000000000009 42277.500000000007 43672.500000000007 43067.500000000007 22909.370000000006 12767.035000000003 44860.000000000007 43377.500000000007 3.5000000000000004 36090.000000000007 36689.950000000004 2.5000000000000004 7633.4050000000007 37095.750000000007 42977.500000000007 42595.000000000007 31828.550000000003 21620.130000000001 0.59087090524681762 44.500000000000007 2.5000000000000004
decision_type=2 2 2 2 2 2 2 2 2 2 2 2 2 2 2 2 2 2 2 2 2 2 2 2
left_child=8 4 3 22 12 6 -6 -7 16 10 11 -10 21 -5 -11 -4 17 18 -1 -16 -14 -2 -3 -19
right_child=1 2 15 13 5 7 -8 -9 9 14 -12 -13 20 -15 19 -17 -18 23 -20 -21 -22 -23 -24 -25
leaf_value=-0.70767572830459979 1.2947857856750484 3.1852004051208471 12.426831563313803 4.7365465436662957 1.8176891431575868 1.2771619214614232 -1.9576775021023221 2.204477345943451 -0.3491071746462866 1.0242376708984369 3.7002270579338075 2.4640700817108154 3.0780722754342209 7.7993661244710273 -0.35537443161010718 9.6451477050781236 1.17726682027181 -0.97323956982842807 -0.054173995669071495 -1.3689314948187936 4.0005945587158207 2.0919778251647947 2.3206564100165119 -0.74880830688135969
leaf_weight=582 8.0000000000000018 4.0000000000000027 2.9999999999999991 6.9999999999999982 41 60 18 64 21.000000000000007 5.0000000000000027 4.9999999999999991 3.9999999999999991 14.000000000000002 3 5.0000000000000027 4 2.9999999999999991 58 52 18 4.9999999999999991 9.9999999999999982 19 56
leaf_count=582 8 4 3 7 41 60 18 64 21 5 5 4 14 3 5 4 3 58 52 18 5 10 19 56
internal_value=0.0288323 2.07933 4.73121 3.43598 1.59717 1.40439 0.665882 1.75578 -0.630166 -0.0046601 0.700872 0.101001 2.55065 5.65539 -0.760588 10.8373 -0.678474 -0.685916 -0.654076 -1.14859 3.32084 1.73767 2.47101 -0.862993
internal_weight=1069 260 40 33 220 183 59 124 809 58 30 25 37 10 28 7 751 748 634 23 19 18 23 114
internal_count=1069 260 40 33 220 183 59 124 809 58 30 25 37 10 28 7 751 748 634 23 19 18 23 114
is_linear=0
shrinkage=0.05


Tree=33
num_leaves=30
num_cat=0
split_feature=1 3 7 6 4 4 3 2 4 4 1 4 5 4 4 1 2 6 1 1 2 2 2 1 1 2 1 1 1
split_gain=505420 119641 108664 32400.8 15282.8 59719.5 14871 5207.36 3303.11 7015.07 4335.82 11227.3 3373.23 2855.51 2424.42 2164.21 812.953 731.836 696.84 581.138 568.898 526.569 357.8 313.037 163.911 27.872 7.43712 5.35907 1.74357
threshold=15962.835000000003 0.73670327288164794 5.5000000000000009 50.500000000000007 42977.500000000007 43672.500000000007 0.52332161359643292 12642.795000000002 45602.500000000007 45077.500000000007 12414.135000000004 39905.000000000007 11.500000000000002 40095.000000000007 33235.000000000007 20465.295000000006 8114.4800000000005 53.500000000000007 12701.890000000001 29142.240000000002 21085.200000000001 11594.485000000002 8313.010000000002 29942.049999999999 13145.135 24270.680000000004 15167.530000000001 12522.330000000002 9754.2750000000033
decision_type=2 2 2 2 2 2 2 2 2 2 2 2 2 2 2 2 2 2 2 2 2 2 2 2 2 2 2 2 2
left_child=8 4 19 16 7 15 -7 21 9 10 14 -12 24 -9 -1 -6 -4 -5 27 22 26 -2 -3 -21 -11 -14 -20 28 -10
right_child=1 2 3 17 5 6 -8 13 18 12 11 -13 25 -15 -16 -17 -18 -19 20 23 -22 -23 -24 -25 -26 -27 -28 -29 -30
leaf_value=-0.87334141878737626 3.5789867401123057 1.7975438594818103 10.427864583333324 6.0415294647216822 -0.97767100334167489 0.13900542697485757 1.728968672468028 2.1990071577184342 -0.90314106119090121 1.0495139837265006 2.8088921864827476 -0.3480500102043152 -0.27428069114685066 1.5556342002323698 -0.60440956632237786 -2.1788404846191405 9.386741638183592 5.0850803057352696 -1.1385597610473635 2.9743634541829427 -1.8315199851989743 2.8093179321289057 2.257110532124837 2.2520558039347325 1.5384283383687334 -0.10388904511928557 -1.0389798164367672 -0.96867151260375983 -0.86792690753936774
leaf_weight=97 3.9999999999999982 8.0000000000000053 3.0000000000000018 2.9999999999999982 5.9999999999999991 17 109 34 29 4.0000000000000027 2.9999999999999991 46 3.9999999999999982 35 616 9.9999999999999982 5 6 4.9999999999999982 2.9999999999999991 4 5 8.9999999999999982 3 3 6 3 2.9999999999999991 3.9999999999999991
leaf_count=97 4 8 3 3 6 17 109 34 29 4 3 46 4 35 616 10 5 6 5 3 4 5 9 3 3 6 3 3 4
internal_value=-0.00759667 1.91526 4.43065 7.4619 1.45792 1.14906 1.51445 2.0202 -0.612123 -0.587319 -0.60973 -0.154768 0.417228 1.87266 -0.640996 -1.7284 9.77716 5.4039 -1.01468 2.19016 -1.34465 3.15139 2.04084 2.61321 1.25905 -0.172046 -1.10122 -0.904689 -0.898873
internal_weight=1087 260 40 17 220 142 126 78 827 779 762 49 17 69 713 16 8 9 48 23 12 9 17 6 7 10 8 36 33
internal_count=1087 260 40 17 220 142 126 78 827 779 762 49 17 69 713 16 8 9 48 23 12 9 17 6 7 10 8 36 33
is_linear=0
shrinkage=0.05


Tree=34
num_leaves=31
num_cat=0
split_feature=1 3 7 6 1 4 4 1 2 7 3 7 4 1 3 3 4 2 4 4 7 1 5 2 1 1 5 2 2 2
split_gain=434292 107861 94550.3 29211.6 11260.7 9608.71 17292.2 8800.58 17012.5 24804.2 11857.1 4585.63 7842.49 4607.71 2182.42 1845.83 21063.9 22243.1 2603.69 6579.59 2524.97 1377.51 1314.93 730.894 617.92 544.227 335.87 332.391 204.373 191.019
threshold=17479.370000000006 0.75194895829411001 5.5000000000000009 51.500000000000007 20871.290000000005 43067.500000000007 43672.500000000007 13145.135 17726.475000000002 5.5000000000000009 0.4423373639954144 4.5000000000000009 43067.500000000007 24893.755000000005 0.5947539792221429 0.29980356325621699 36372.500000000007 24132.920000000002 34325.000000000007 36372.500000000007 1.5000000000000002 29332.105000000003 11.500000000000002 16632.160000000003 28199.275000000005 14884.055000000004 13.500000000000002 7915.6150000000007 24806.975000000002 14965.070000000002
decision_type=2 2 2 2 2 2 2 2 2 2 2 2 2 2 2 2 2 2 2 2 2 2 2 2 2 2 2 2 2 2
left_child=7 4 22 21 5 14 -7 15 23 10 -10 12 -6 -13 -2 18 17 -17 28 -20 -18 -4 27 29 -5 -25 -24 -3 -1 -9
right_child=1 2 3 24 11 6 -8 8 9 -11 -12 13 -14 -15 -16 16 20 -19 19 -21 -22 -23 26 25 -26 -27 -28 -29 -30 -31
leaf_value=-1.0347682078679403 1.3217226522940178 2.5258482615152964 8.2909276326497423 4.1543448130289713 2.0944843687662265 -1.4016432476043701 0.95594019149030973 -1.7575461705525701 -0.35409401980313387 4.4369441986083986 1.8937331438064575 1.3296306541987821 1.2281649741861556 2.920764703017015 2.2619793653488158 3.0447186470031742 -0.2983819195255637 -2.0037340164184565 -0.037662063349038363 -0.6410912266781188 -0.78806564234100385 9.6031363169352204 1.8013076066970823 -0.36794665455818187 5.1691685994466141 -1.1504143905639646 2.2465678320990667 3.2701497395833323 -0.81755714577178029 -1.2806780678885323
leaf_weight=11.999999999999998 27 3.0000000000000027 2.9999999999999982 2.9999999999999991 41 9.9999999999999982 35 3.0000000000000018 22.000000000000004 3.9999999999999991 7.9999999999999991 7.0000000000000027 72 12.999999999999998 7.9999999999999991 7.9999999999999982 40 3 50 468 77 6 8 3.9999999999999982 3 5 9 3 111 7
leaf_count=12 27 3 3 3 41 10 35 3 22 4 8 7 72 13 8 8 40 3 50 468 77 6 8 4 3 5 9 3 111 7
internal_value=0.00147186 1.82184 4.27578 7.36414 1.38405 0.915298 0.432033 -0.554384 0.0687987 0.738458 0.245327 1.66601 1.54249 2.36387 1.53664 -0.597334 -0.423983 1.66787 -0.63195 -0.582845 -0.620652 9.16573 2.26163 -1.12954 4.66176 -0.802651 2.03703 2.898 -0.838748 -1.42374
internal_weight=1073 251 38 15 213 80 45 822 53 34 30 133 113 20 35 769 128 11 641 518 117 9 23 19 6 9 17 6 123 10
internal_count=1073 251 38 15 213 80 45 822 53 34 30 133 113 20 35 769 128 11 641 518 117 9 23 19 6 9 17 6 123 10
is_linear=0
shrinkage=0.05


Tree=35
num_leaves=20
num_cat=0
split_feature=1 1 4 3 7 4 4 4 0 1 4 4 8 1 3 6 6 6 0
split_gain=427520 117542 62145.3 23943.3 17744 8663.91 16261.1 10042.4 8051.61 4023.6 8510.39 11177.8 2937.02 4390.97 3788.84 2801.97 2713.27 2412.37 449.288
threshold=17479.370000000006 29332.105000000003 44810.000000000007 0.75194895829411001 5.5000000000000009 42277.500000000007 43672.500000000007 36090.000000000007 37263.250000000007 14220.1 43377.500000000007 42277.500000000007 2.5000000000000004 12767.035000000003 0.29980356325621699 59.500000000000007 43.500000000000007 53.500000000000007 36903.900000000001
decision_type=2 2 2 2 2 2 2 2 2 2 2 2 2 2 2 2 2 2 2
left_child=8 3 16 5 18 7 -7 -2 9 12 11 -11 13 -1 -14 -12 -3 -6 -5
right_child=1 2 -4 4 17 6 -8 -9 -10 10 15 -13 14 -15 -16 -17 -18 -19 -20
leaf_value=-0.65907014434536304 1.3408574839433036 10.803940073649093 2.3688106155395503 1.8745154221852616 5.9437040964762318 0.49779772218668239 1.5480386016290051 2.8795079933969601 1.6926561594009399 -0.0020053333706325947 -1.0800992305462174 3.1746408700942994 -0.56856999598581115 -1.6755015980113637 -0.21394412815570832 0.43319866061210632 8.8147560119628903 4.207195647557576 2.4386479949951174
leaf_weight=312 24 2.9999999999999982 5 12.000000000000002 3.0000000000000018 53 121 19 3.9999999999999991 9.0000000000000018 13.000000000000002 3.9999999999999991 379 10.999999999999998 94 3.9999999999999991 4 6 4.9999999999999991
leaf_count=312 24 3 5 12 3 53 121 19 4 9 13 4 379 11 94 4 4 6 5
internal_value=0.00492835 1.79554 6.62624 1.55699 2.99084 1.38519 1.22814 2.02073 -0.545201 -0.556038 0.0124007 0.975424 -0.577461 -0.693685 -0.498095 -0.724029 9.66726 4.78603 2.04044
internal_weight=1085 255 12 243 26 217 174 43 830 826 30 13 796 323 473 17 7 9 17
internal_count=1085 255 12 243 26 217 174 43 830 826 30 13 796 323 473 17 7 9 17
is_linear=0
shrinkage=0.05


Tree=36
num_leaves=26
num_cat=0
split_feature=3 7 3 0 0 2 4 4 0 3 4 5 0 4 7 2 2 4 7 4 2 6 7 3 2
split_gain=384197 105339 46392.7 39195.5 18325.7 6684.51 7468.73 23941 5886.62 7079.99 31366 4699.86 3901.53 3890.46 4511.77 3213.18 2355.11 2052.36 2010.66 1348.19 499.558 256.426 186.275 114.928 31.9265
threshold=0.54742949034908006 5.5000000000000009 0.73670327288164794 37136.30000000001 36854.100000000006 12642.795000000002 43067.500000000007 43672.500000000007 36097.750000000007 0.29980356325621699 39497.500000000007 10.500000000000002 36592.55000000001 43067.500000000007 4.5000000000000009 7633.4050000000007 23555.235000000004 34325.000000000007 1.5000000000000002 44810.000000000007 11594.485000000002 57.500000000000007 5.5000000000000009 0.53356968816832751 24132.920000000002
decision_type=2 2 2 2 2 2 2 2 2 2 2 2 2 2 2 2 2 2 2 2 2 2 2 2 2
left_child=4 5 -3 12 8 13 18 -8 9 17 -11 -6 -4 20 -15 -5 21 -1 -7 23 -2 -10 -21 -13 -18
right_child=1 2 3 15 11 6 7 -9 16 10 -12 19 -14 14 -16 -17 24 -19 -20 22 -22 -23 -24 -25 -26
leaf_value=-0.75711775824081062 3.2108805656433113 0.94467071533203062 4.8962042808532695 10.263742828369139 -1.063267421722411 1.2743147087097169 -1.7149787545204163 1.3089475161499449 -1.8582444763183592 1.5456188375299629 -0.47690345164913461 1.6570011138916005 2.6878308296203608 1.3936121741006542 2.1777003526687624 8.193901062011717 -0.99322881698608367 -0.53383614633429965 1.8614126253128054 0.97498956918716473 2.4895120620727536 -2.4429681142171216 0.56491077343622831 1.3210311617170061 -0.78690710067749015
leaf_weight=129 3.9999999999999982 5.0000000000000027 6.0000000000000018 3 3.0000000000000027 25 7.9999999999999991 36 5 22 149 4.0000000000000018 3 43 32 5 3 509 35 3.9999999999999973 6 3 9 7 5
leaf_count=129 4 5 6 3 3 25 8 36 5 22 149 4 3 43 32 5 3 509 35 4 6 3 9 7 5
internal_value=-0.00619364 1.90392 5.1784 6.42361 -0.479238 1.52276 1.25394 0.759143 -0.521188 -0.502405 -0.216696 0.802577 4.16008 1.85167 1.72816 8.97009 -1.4709 -0.578982 1.61679 1.03581 2.77806 -2.07752 0.691089 1.4432 -0.864278
internal_weight=1063 211 22 17 852 189 104 44 825 809 171 27 9 85 75 8 16 638 60 24 10 8 13 11 8
internal_count=1063 211 22 17 852 189 104 44 825 809 171 27 9 85 75 8 16 638 60 24 10 8 13 11 8
is_linear=0
shrinkage=0.05


Tree=37
num_leaves=27
num_cat=0
split_feature=3 7 1 1 0 6 2 4 4 7 4 4 2 0 7 3 0 4 1 4 0 0 1 2 1 2
split_gain=327851 88723 57240.1 26482.3 26184.1 10874.7 5707.28 22636.4 7638.69 5695.7 9688.7 47587.6 3852.41 2826.07 2775.22 1923.27 1636.93 1323.76 697.443 512.696 595.53 407.366 373.903 737.29 166.251 107.539
threshold=0.54742949034908006 5.5000000000000009 29332.105000000003 27323.954999999998 36936.600000000013 51.500000000000007 21567.370000000006 34905.000000000007 44860.000000000007 4.5000000000000009 43067.500000000007 43672.500000000007 12642.795000000002 35656.700000000004 5.5000000000000009 0.35854514831069623 38284.55000000001 34325.000000000007 13358.750000000002 44810.000000000007 36689.950000000004 38995.150000000001 15167.530000000001 17821.735000000004 19333.335000000003 11386.130000000001
decision_type=2 2 2 2 2 2 2 2 2 2 2 2 2 2 2 2 2 2 2 2 2 2 2 2 2 2
left_child=4 9 3 21 6 -5 7 13 -9 10 12 -12 -2 -1 22 17 -16 -8 -17 25 -21 -3 -6 -24 -18 -11
right_child=1 2 -4 5 14 -7 15 8 -10 19 11 -13 -14 -15 16 18 24 -19 -20 20 -22 -23 23 -25 -26 -27
leaf_value=3.8717922210693363 2.6978684902191166 0.45996691385904837 9.3570920562744142 6.8988121986389164 1.008362960815429 3.7058526039123536 -0.70298809241503479 -0.098494740432881298 -0.90302373309468109 2.2440592332319782 -2.1901902545582166 1.3407750191373957 1.5350926626645602 1.701510143280029 -0.60726458231608005 -1.823595428466797 1.0358174959818525 -0.52430714209623841 -0.81507943471272759 1.4442745566368096 2.0112409028139981 1.2307296991348264 1.3108991813659667 2.2046165466308594 0.59093856470925465 1.9643980598449708
leaf_weight=2.9999999999999991 7.9999999999999991 3.0000000000000062 4.9999999999999991 3.9999999999999991 5.0000000000000027 7.9999999999999991 128 94 43 10.999999999999998 10.999999999999998 72 65 3 3.0000000000000027 3.9999999999999991 2.9999999999999982 545 3 8.0000000000000018 10.999999999999998 4 9.9999999999999982 2.9999999999999991 7 4.9999999999999991
leaf_count=3 8 3 5 4 5 8 128 94 43 11 11 72 65 3 3 4 3 545 3 8 11 4 10 3 7 5
internal_value=-0.0134038 1.73173 4.5971 3.34447 -0.452753 4.77017 -0.506486 -0.219361 -0.351011 1.37169 1.24236 0.872816 1.66252 2.78665 0.97377 -0.566867 0.417095 -0.558291 -1.39137 1.94813 1.77252 0.900403 1.37581 1.51714 0.724402 2.15667
internal_weight=1069 215 24 19 854 12 823 143 137 191 156 83 73 6 31 680 13 673 7 35 19 7 18 13 10 16
internal_count=1069 215 24 19 854 12 823 143 137 191 156 83 73 6 31 680 13 673 7 35 19 7 18 13 10 16
is_linear=0
shrinkage=0.05


Tree=38
num_leaves=22
num_cat=0
split_feature=3 1 4 0 3 7 6 4 0 0 1 2 2 0 4 5 6 7 0 1 2
split_gain=286421 61643.1 43483.3 13138.7 12558.6 11860.4 6334.07 6156.91 4654.16 3664.27 6945.14 16670 3493.4 3251.75 2170.94 2058.55 2382.37 1977.45 1437.75 915.553 135.613
threshold=0.52944424865358208 29332.105000000003 44810.000000000007 36854.100000000006 0.70712961224480497 5.5000000000000009 47.500000000000007 42752.500000000007 39598.900000000001 35823.150000000009 14735.870000000003 17572.260000000006 8608.0000000000018 38219.500000000007 37740.000000000007 13.500000000000002 42.500000000000007 5.5000000000000009 38284.55000000001 15167.530000000001 19568.780000000002
decision_type=2 2 2 2 2 2 2 2 2 2 2 2 2 2 2 2 2 2 2 2 2
left_child=3 4 -3 9 6 8 13 -8 -6 10 14 -12 -7 -2 -1 16 -11 19 -19 -5 -20
right_child=1 2 -4 17 5 12 7 -9 -10 15 11 -13 -14 -15 -16 -17 -18 18 20 -21 -22
leaf_value=-0.38213326621624794 1.8332695208097762 8.6351068115234391 2.0409230422973628 0.90942946434020977 1.5171662306785585 2.7010782877604171 1.6435161797896676 0.72581487549154955 3.332846307754517 -1.7900781710942564 -0.87229212847622939 2.0292919794718425 4.958187532424926 1.1548336187998454 -0.56413748696314825 -2.2920088450113933 -0.66035776762735277 -0.57690134048461894 0.98550300598144502 1.9243169784545895 0.54079099297523492
leaf_weight=233 38 4.9999999999999982 5 5 30 2.9999999999999991 23 89 3.9999999999999991 6.0000000000000062 11.000000000000002 8.9999999999999982 4 33 552 2.9999999999999991 21 3 3 4 4
leaf_count=233 38 5 5 5 30 3 23 89 4 6 11 9 4 33 552 3 21 3 3 4 4
internal_value=-0.0526549 1.49716 5.33801 -0.47731 1.32569 2.11664 1.14848 0.914271 1.73078 -0.506894 -0.486674 0.433421 3.99085 1.51794 -0.510116 -1.04947 -0.911407 0.82281 0.338897 1.36049 0.731382
internal_weight=1088 234 10 854 224 41 183 112 34 835 805 20 7 71 785 30 27 19 10 9 7
internal_count=1088 234 10 854 224 41 183 112 34 835 805 20 7 71 785 30 27 19 10 9 7
is_linear=0
shrinkage=0.05


Tree=39
num_leaves=21
num_cat=0
split_feature=1 1 4 2 7 0 6 4 2 0 8 2 0 7 1 1 2 2 0 2
split_gain=299414 73853.2 30942.7 30345.2 27496.4 8229.52 7489.64 6527.85 6051.83 5135.78 2587.68 6367.18 23702.1 3388.27 4391.94 1865.87 1692.68 824.95 398.229 220.873
threshold=17479.370000000006 29332.105000000003 44810.000000000007 9686.1800000000021 5.5000000000000009 36854.100000000006 46.500000000000007 42752.500000000007 17726.475000000002 36936.600000000013 2.5000000000000004 21567.370000000006 30391.700000000004 2.5000000000000004 10535.415000000003 12414.135000000004 7633.4050000000007 16632.160000000003 36903.900000000001 24429.335000000003
decision_type=2 2 2 2 2 2 2 2 2 2 2 2 2 2 2 2 2 2 2 2
left_child=9 3 16 4 18 -6 8 -8 -5 10 13 12 -12 14 -1 -13 -3 -15 -2 -11
right_child=1 2 -4 6 5 -7 7 -9 -10 19 11 15 -14 17 -16 -17 -18 -19 -20 -21
leaf_value=-0.44000042457469651 1.5270053068796792 8.8509459177653032 1.7919390360514318 1.6056288732064736 3.8245092535018923 6.8103619893391922 1.6094535680917597 0.73288959223648598 -0.39108020067214966 1.3133135795593263 4.4235228856404625 -0.47150852711716307 -0.13235736802472906 -1.1480709743499755 0.94294235308965058 0.18830597617409447 7.1713223775227846 -0.68128478756058686 2.0314101409912109 0.70658335685729967
leaf_weight=133 18.000000000000004 2.9999999999999982 3 74 9.9999999999999982 2.9999999999999991 26 116 3.9999999999999991 2.9999999999999991 2.9999999999999991 413 59 9.9999999999999982 5.9999999999999991 10.999999999999998 3 177 4.9999999999999991 3
leaf_count=133 18 3 3 74 10 3 26 116 4 3 3 413 59 10 6 11 3 177 5 3
internal_value=0.0256733 1.48632 5.93807 1.32981 2.67554 4.51355 1.10961 0.893387 1.50323 -0.44752 -0.458289 -0.385186 0.0880885 -0.567272 -0.380305 -0.454391 8.01113 -0.706247 1.63666 1.00995
internal_weight=1083 265 9 256 36 13 220 142 78 818 812 486 62 326 139 424 6 187 23 6
internal_count=1083 265 9 256 36 13 220 142 78 818 812 486 62 326 139 424 6 187 23 6
is_linear=0
shrinkage=0.05


end of trees

feature_importances:
thermal_on_capacity=210
total_load=184
net_load=163
renewable_power=98
thermal_space_load_ratio=98
weekday=89
period=63
hour=36
month=22

parameters:
[boosting: gbdt]
[objective: regression]
[metric: rmse]
[tree_learner: serial]
[device_type: cpu]
[data_sample_strategy: bagging]
[data: ]
[valid: ]
[num_iterations: 400]
[learning_rate: 0.05]
[num_leaves: 31]
[num_threads: 0]
[seed: 42]
[deterministic: 0]
[force_col_wise: 0]
[force_row_wise: 0]
[histogram_pool_size: -1]
[max_depth: 5]
[min_data_in_leaf: 3]
[min_sum_hessian_in_leaf: 0.001]
[bagging_fraction: 0.85]
[pos_bagging_fraction: 1]
[neg_bagging_fraction: 1]
[bagging_freq: 1]
[bagging_seed: 400]
[bagging_by_query: 0]
[feature_fraction: 0.85]
[feature_fraction_bynode: 1]
[feature_fraction_seed: 30056]
[extra_trees: 0]
[extra_seed: 12879]
[early_stopping_round: 0]
[early_stopping_min_delta: 0]
[first_metric_only: 0]
[max_delta_step: 0]
[lambda_l1: 0]
[lambda_l2: 0]
[linear_lambda: 0]
[min_gain_to_split: 0]
[drop_rate: 0.1]
[max_drop: 50]
[skip_drop: 0.5]
[xgboost_dart_mode: 0]
[uniform_drop: 0]
[drop_seed: 17869]
[top_rate: 0.2]
[other_rate: 0.1]
[min_data_per_group: 100]
[max_cat_threshold: 32]
[cat_l2: 10]
[cat_smooth: 10]
[max_cat_to_onehot: 4]
[top_k: 20]
[monotone_constraints: ]
[monotone_constraints_method: basic]
[monotone_penalty: 0]
[feature_contri: ]
[forcedsplits_filename: ]
[refit_decay_rate: 0.9]
[cegb_tradeoff: 1]
[cegb_penalty_split: 0]
[cegb_penalty_feature_lazy: ]
[cegb_penalty_feature_coupled: ]
[path_smooth: 0]
[interaction_constraints: ]
[verbosity: -1]
[saved_feature_importance_type: 0]
[use_quantized_grad: 0]
[num_grad_quant_bins: 4]
[quant_train_renew_leaf: 0]
[stochastic_rounding: 1]
[linear_tree: 0]
[max_bin: 255]
[max_bin_by_feature: ]
[min_data_in_bin: 3]
[bin_construct_sample_cnt: 200000]
[data_random_seed: 175]
[is_enable_sparse: 1]
[enable_bundle: 1]
[use_missing: 1]
[zero_as_missing: 0]
[feature_pre_filter: 1]
[pre_partition: 0]
[two_round: 0]
[header: 0]
[label_column: ]
[weight_column: ]
[group_column: ]
[ignore_column: ]
[categorical_feature: ]
[forcedbins_filename: ]
[precise_float_parser: 0]
[parser_config_file: ]
[objective_seed: 16083]
[num_class: 1]
[is_unbalance: 0]
[scale_pos_weight: 1]
[sigmoid: 1]
[boost_from_average: 1]
[reg_sqrt: 0]
[alpha: 0.9]
[fair_c: 1]
[poisson_max_delta_step: 0.7]
[tweedie_variance_power: 1.5]
[lambdarank_truncation_level: 30]
[lambdarank_norm: 1]
[label_gain: ]
[lambdarank_position_bias_regularization: 0]
[eval_at: ]
[multi_error_top_k: 1]
[auc_mu_weights: ]
[num_machines: 1]
[local_listen_port: 12400]
[time_out: 120]
[machine_list_filename: ]
[machines: ]
[gpu_platform_id: -1]
[gpu_device_id: -1]
[gpu_use_dp: 0]
[num_gpu: 1]

end of parameters

pandas_categorical:[]
