tree
version=v4
num_class=1
num_tree_per_iteration=1
label_index=0
max_feature_idx=10
objective=regression
feature_names=total_load net_load renewable_power thermal_space_load_ratio thermal_on_capacity hour period weekday month is_weekend is_holiday
feature_infos=[26780.099999999999:39762.300000000003] [9620.2999999999993:36759.670000000006] [1615.1700000000001:19128.880000000001] [0.33550603334030826:0.95508263646906033] [27170:48080] [0:5] [1:24] [0:6] [1:4] [0:1] none
tree_sizes=2583 2785 2792 2618 2720 2568 2656 2790 2817 2602 2832

Tree=0
num_leaves=29
num_cat=0
split_feature=1 2 0 4 4 4 8 4 1 7 6 7 1 2 4 4 2 4 2 1 1 2 1 1 0 1 6 0
split_gain=9.6653e+06 4.86381e+06 4.39577e+06 3.82047e+06 4.66994e+06 2.23283e+06 1.67167e+06 1.23347e+06 916939 745566 716987 591244 241041 214728 210831 184875 111587 92491.7 86647.2 34541.1 50307.8 37278.7 24903.4 24819.7 10069.1 1465.18 1058.03 9.31323e-10
threshold=26480.115000000002 2861.4150000000004 29601.600000000002 44395.000000000007 44810.000000000007 44735.000000000007 2.5000000000000004 35390.000000000007 23067.700000000001 1.5000000000000002 9.5000000000000018 5.5000000000000009 31713.950000000008 2990.8700000000003 37010.000000000007 39905.000000000007 6190.7200000000003 39715.000000000007 14259.505000000003 21241.735000000004 25376.375000000004 5941.2350000000015 23417.120000000003 28720.395000000004 35536.30000000001 33743.349999999999 15.500000000000002 28430.650000000005
decision_type=2 2 2 2 2 2 2 2 2 2 2 2 2 2 2 2 2 2 2 2 2 2 2 2 2 2 2 2
left_child=2 3 19 17 5 -5 8 9 11 10 -3 -4 16 -14 18 -10 -9 26 -8 27 21 -21 -16 -11 -19 -6 -2 -1
right_child=1 7 6 4 25 -7 14 12 15 23 -12 -13 13 -15 22 -17 -18 24 -20 20 -22 -23 -24 -25 -26 -27 -28 -29
leaf_value=244.90324258445133 264.91268624900209 285.7994924509369 252.09730746075894 277.54609874638629 260.5455498952893 300.33960469493604 259.77343089181875 259.41046530162356 259.42324215391352 262.148830427056 267.03538473315041 244.90350571825323 275.06990848817856 261.38784985183111 256.34092635611177 254.97640008015077 257.63693854517737 260.2532422029816 256.34564690628082 251.54609918235172 244.90324258445133 246.68102015030146 257.54235604200414 264.30415100258654 261.93324215211896 261.3754644252038 264.30657526292828 244.90324258445133
leaf_weight=51 18.000000000000004 8.0000000000000018 115 21 13.000000000000002 22 151 242 31 34 13.999999999999998 38 2.9999999999999991 65 95 95 140 22 21 6.9999999999999991 17 8.9999999999999982 79 22 14.999999999999998 8.9999999999999982 11.999999999999998 38
leaf_count=51 18 8 115 21 13 22 151 242 31 34 14 38 3 65 95 95 140 22 21 7 17 9 79 22 15 9 12 38
internal_value=257.992 262.401 254.097 270.986 279.622 289.208 255.791 260.255 252.912 266.06 273.859 250.311 259.249 261.991 258.114 256.07 258.76 262.607 259.355 245.416 246.797 248.809 256.886 262.996 260.934 260.885 264.67 244.903
internal_weight=1407 660 747 132 65 43 625 528 279 78 22 153 450 68 346 126 382 67 172 122 33 16 174 56 37 22 30 89
internal_count=1407 660 747 132 65 43 625 528 279 78 22 153 450 68 346 126 382 67 172 122 33 16 174 56 37 22 30 89
is_linear=0
shrinkage=1


Tree=1
num_leaves=31
num_cat=0
split_feature=1 3 8 7 1 0 8 2 3 7 7 7 2 7 3 1 8 7 3 0 0 0 0 1 2 1 1 2 1 3
split_gain=8.83554e+06 4.04195e+06 3.89524e+06 2.20104e+06 6.47198e+06 1.65447e+06 1.04104e+06 624569 610604 503040 500951 468913 461907 300714 967957 203604 163192 128675 104546 94867.5 58810.4 52185 48488.3 27328.5 20289.2 19917.4 9111.32 8376.1 6786.91 5223.99
threshold=26480.115000000002 0.91755601226045569 2.5000000000000004 5.5000000000000009 33358.37000000001 31315.800000000007 3.5000000000000004 2687.0100000000007 0.66130010306903653 1.5000000000000002 1.5000000000000002 4.5000000000000009 6704.3700000000008 1.5000000000000002 0.85955460706704823 29562.795000000002 3.5000000000000004 1.5000000000000002 0.57137568970002184 34699.850000000006 37623.400000000009 34719.250000000007 32142.300000000003 22766.230000000003 6266.3400000000011 29240.090000000007 20485.975000000002 7779.9950000000008 16765.575000000004 0.7285751146577405
decision_type=2 2 2 2 2 2 2 2 2 2 2 2 2 2 2 2 2 2 2 2 2 2 2 2 2 2 2 2 2 2
left_child=2 6 5 7 21 9 15 19 11 12 -9 -7 -1 14 -8 22 23 -10 28 -3 -17 -5 -2 26 -20 -15 -4 -11 -18 -25
right_child=1 3 16 4 -6 8 13 10 17 27 -12 -13 -14 25 -16 20 18 -19 24 -21 -22 -23 -24 29 -26 -27 -28 -29 -30 -31
leaf_value=-9.7654423713684082 -5.4705231666564949 6.8475065084604116 -2.7813320704868865 38.992395019531244 2.9387658913930257 -3.3492252482308285 4.6238715822046457 21.09601044288048 1.5749599240042949 -9.608133824666341 5.1936916828155519 -11.169437041515259 -0.45912470221519475 4.4724845954350068 22.78937322443182 2.0017763099997175 -1.3872162704467774 -2.6107625281488573 3.5925785064697267 3.1418539970151844 5.3556074619293215 44.460267639160158 0.092439781626065587 -0.67569506314336047 1.7006913527125314 6.4265068054199226 -1.3669643957106794 -12.281887780466388 -0.16793062360513777 0.099805269485864892
leaf_weight=40 3.9999999999999991 39 13.999999999999998 16.000000000000004 24 36 22 13.000000000000002 22 2.9999999999999991 7.9999999999999991 41 20 56 10.999999999999998 197 25 111 15.999999999999998 31 13.999999999999998 5.9999999999999991 189 49 124 17 61 124 21 39
leaf_count=40 4 39 14 16 24 36 22 13 22 3 8 41 20 56 11 197 25 111 16 31 14 6 189 49 124 17 61 124 21 39
internal_value=0.0802802 4.35619 -3.62818 11.9812 20.895 -7.01573 2.30791 7.47525 -3.96983 -10.4362 15.038 -7.51323 -6.66334 6.71809 10.679 1.15079 0.225272 -1.91839 1.23742 5.20643 2.22431 40.4836 -0.0228548 -0.929694 1.91691 4.92753 -1.63098 -12.2187 -0.830586 -0.332007
internal_weight=1393 647 746 137 46 397 510 91 210 187 21 77 60 106 33 404 349 133 186 70 211 22 193 163 140 73 75 127 46 88
internal_count=1393 647 746 137 46 397 510 91 210 187 21 77 60 106 33 404 349 133 186 70 211 22 193 163 140 73 75 127 46 88
is_linear=0
shrinkage=0.05


Tree=2
num_leaves=31
num_cat=0
split_feature=1 8 2 4 4 0 4 4 7 6 1 7 2 7 1 4 4 4 7 3 0 1 1 2 7 2 0 2 1 1
split_gain=7.0511e+06 3.42765e+06 3.08877e+06 2.38029e+06 3.66918e+06 1.59722e+06 1.34949e+06 1.06606e+06 545166 699666 424949 390303 360387 355398 178669 166475 117296 77865.8 68561.7 66360.7 45456.5 21024.2 18523.6 15651.7 9143.05 7531.47 5833.39 4064.49 2363.97 1397.47
threshold=26480.115000000002 2.5000000000000004 2861.4150000000004 44395.000000000007 44810.000000000007 31315.800000000007 44735.000000000007 36662.500000000007 1.5000000000000002 9.5000000000000018 23319.210000000003 1.5000000000000002 6704.3700000000008 5.5000000000000009 29639.310000000009 37010.000000000007 41310.000000000007 39715.000000000007 1.0000000180025095e-35 0.56544289231161604 32142.300000000003 23910.250000000004 29240.090000000007 6266.3400000000011 5.5000000000000009 7738.6500000000005 36145.850000000013 14575.960000000001 29285.285000000003 33743.349999999999
decision_type=2 2 2 2 2 2 2 2 2 2 2 2 2 2 2 2 2 2 2 2 2 2 2 2 2 2 2 2 2 2
left_child=1 5 3 17 6 11 -5 8 9 -4 13 12 -1 -7 20 19 -12 28 -16 27 -9 24 -10 -21 -17 -13 -19 -3 -2 -6
right_child=2 15 7 4 29 10 -8 14 22 -11 16 25 -14 -15 18 21 -18 26 -20 23 -22 -23 -24 -25 -26 -27 -28 -29 -30 -31
leaf_value=-9.3220795022116771 4.7714632670084631 -0.022465373362813665 27.123413739885589 18.375952417710248 2.4579271589006693 -4.3559006160213833 38.019869316948785 -5.1969970703125004 4.3796207088894317 7.7631155558994838 2.1310898637771607 -9.1277225494384773 -0.48890268662396602 -11.494769183072178 4.7608726761557838 -1.0196728790848002 -2.1499665617942809 2.2700288162231446 1.8163691362509362 3.4775327682495121 0.18318563244252836 -0.10865267285933862 6.2414481514378606 1.5896532764499502 -2.1425719044425273 -11.66333009053052 3.8212451934814453 -1.4423659986919828 6.2458335087217138 3.2565106285942926
leaf_weight=36 2.9999999999999991 7.0000000000000027 7.0000000000000027 17 14.000000000000002 84 18 3.9999999999999991 45 13.999999999999998 20 2.9999999999999991 17 22 22 103 80 25 195 11.999999999999998 212 65 19 129 22 123 7.9999999999999991 18 29 8.9999999999999982
leaf_count=36 3 7 7 17 14 84 18 4 45 14 20 3 17 22 22 103 80 25 195 12 212 65 19 129 22 123 8 18 29 9
internal_value=-0.0420806 -3.36381 3.79786 10.9206 18.2839 -6.63386 28.4785 2.10656 7.22609 14.2165 -3.63183 -10.0887 -6.4888 -5.83755 1.10157 0.172614 -1.29376 4.35022 2.11489 1.32937 0.0835526 -0.838028 4.93235 1.75032 -1.2173 -11.603 2.64608 -1.04479 6.10761 2.77042
internal_weight=1382 741 641 123 58 385 35 518 85 21 206 179 53 106 433 356 100 65 217 166 216 190 64 141 125 126 33 25 32 23
internal_count=1382 741 641 123 58 385 35 518 85 21 206 179 53 106 433 356 100 65 217 166 216 190 64 141 125 126 33 25 32 23
is_linear=0
shrinkage=0.05


Tree=3
num_leaves=29
num_cat=0
split_feature=1 0 2 4 1 4 4 4 1 7 7 6 1 3 4 4 7 0 1 1 2 2 1 0 1 0 1 0
split_gain=6.81139e+06 3.2866e+06 3.05228e+06 2.497e+06 2.85951e+06 2.25124e+06 969426 959739 662629 635051 520346 638454 145295 91754.6 74626.3 67131.3 62070.4 40775.6 22533.6 41615.4 37939.9 20337.3 17580.6 9024.47 6349.79 2950.87 1202.8 9.31323e-10
threshold=26480.115000000002 29601.600000000002 2861.4150000000004 44395.000000000007 33358.37000000001 44735.000000000007 37740.000000000007 36662.500000000007 23067.700000000001 4.5000000000000009 1.5000000000000002 11.500000000000002 29639.310000000009 0.57137568970002184 39905.000000000007 39715.000000000007 1.0000000180025095e-35 32187.800000000003 21241.735000000004 25376.375000000004 5786.6200000000008 6266.3400000000011 29240.090000000007 35406.05000000001 16765.575000000004 31650.700000000001 33743.349999999999 29158.250000000004
decision_type=2 2 2 2 2 2 2 2 2 2 2 2 2 2 2 2 2 2 2 2 2 2 2 2 2 2 2 2
left_child=1 18 3 15 5 -5 13 10 9 -8 11 -4 17 24 -10 25 -14 -9 27 20 -20 -15 -12 -17 -3 -2 -6 -1
right_child=2 6 7 4 26 -7 8 12 14 -11 22 -13 16 21 -16 23 -18 -19 19 -21 -22 -23 -24 -25 -26 -27 -28 -29
leaf_value=-11.047901153564453 4.341650644938146 -1.2564297529367301 23.604885567559126 12.656689876980252 2.2987212498982741 36.49981689453125 -2.4884134135463025 -4.9371474266052253 0.93403720826637449 -7.6072724246553012 3.9944611101734395 6.5356738499232705 4.4250503756783228 3.3689339107937286 -1.4538534272600103 1.926112074601023 1.6276463705212323 0.16083051461984618 -4.1329289627075161 -11.29078598022461 -9.3169538815816235 1.5722318526298282 5.9033721923828129 3.4671699925472867 -0.10225339145822959 5.9916580881391255 3.0902130126953127 -11.047901153564453
leaf_weight=84 3.0000000000000027 26 9.0000000000000018 18 12.000000000000002 22 132 3.9999999999999991 41 112 49 13.999999999999998 22 18 162 19 201 202 5.0000000000000027 17 11.999999999999998 126 15.999999999999998 19 22 28 7.9999999999999991 7.9999999999999991
leaf_count=84 3 26 9 18 12 22 132 4 41 112 49 14 22 18 162 19 201 202 5 17 12 126 16 19 22 28 8 8
internal_value=-0.0687082 -3.26105 3.7117 10.5921 18.052 25.7704 -1.80577 1.99492 -3.08213 -4.83805 6.75143 13.2149 1.01922 1.16576 -0.97157 4.10527 1.90362 0.0618407 -10.6414 -9.54151 -7.79224 1.79682 4.46435 2.69664 -0.727432 5.83198 2.61532 -11.0479
internal_weight=1411 765 646 129 60 40 639 517 447 244 88 23 429 192 203 69 223 206 126 34 17 144 65 38 48 31 20 92
internal_count=1411 765 646 129 60 40 639 517 447 244 88 23 429 192 203 69 223 206 126 34 17 144 65 38 48 31 20 92
is_linear=0
shrinkage=0.05


Tree=4
num_leaves=31
num_cat=0
split_feature=1 8 3 7 1 0 8 3 7 7 0 2 7 1 7 8 0 3 7 3 0 1 0 1 2 6 2 3 1 1
split_gain=6.1071e+06 3.01608e+06 2.89943e+06 1.95585e+06 3.99814e+06 1.38355e+06 541617 416774 416556 348313 377829 271231 299736 141003 135232 108428 85944 83008.2 180692 79685.1 63186.7 57034.9 56788.5 17476.5 16774.4 7369.6 6736.64 4939.97 4252.93 4193.83
threshold=26480.115000000002 2.5000000000000004 0.91755601226045569 5.5000000000000009 33358.37000000001 31315.800000000007 3.5000000000000004 0.66130010306903653 4.5000000000000009 1.5000000000000002 29724.400000000005 2687.0100000000007 1.5000000000000002 29240.090000000007 1.5000000000000002 3.5000000000000004 32325.650000000005 0.85287541903002839 1.5000000000000002 0.57137568970002184 33990.950000000004 31713.950000000008 34719.250000000007 22636.630000000008 6266.3400000000011 3.5000000000000004 7738.6500000000005 0.52654738787186084 24958.515000000003 20485.975000000002
decision_type=2 2 2 2 2 2 2 2 2 2 2 2 2 2 2 2 2 2 2 2 2 2 2 2 2 2 2 2 2 2
left_child=1 5 6 11 22 9 13 8 -7 10 -1 20 -13 16 -9 23 -2 25 -19 27 -4 -15 -5 29 -21 -8 -11 -17 -25 -3
right_child=2 15 3 4 -6 7 17 14 -10 26 -12 12 -14 21 -16 19 -18 18 -20 24 -22 -23 -24 28 -26 -27 -28 -29 -30 -31
leaf_value=-9.0388726752144954 -8.6243087450663261 -2.1488208134969073 6.1437450408935552 33.289558628627226 2.5520075692070856 -2.5860179400444032 4.2456399599711077 1.6541581173737843 -9.7155147927148011 -8.2051346460978198 -0.55551471483139758 16.333826843897498 4.6129554748535151 1.2602534187985726 -2.4572877338528638 -1.1064542838505336 -0.078880974825690786 10.09224399767424 4.4364008782126687 3.1687879113590016 3.1393021747044156 3.0420832136581684 39.103565979003911 -0.54408042602814166 1.4923143480644852 2.2687430728565565 -10.601268329042377 -0.061913904861400006 0.13239433935710362 -1.1154414247583462
leaf_weight=35 2.9999999999999991 11.999999999999998 35 14.000000000000002 18 40 6.0000000000000027 24 42 2.9999999999999991 21 12 10 199 120 28 153 19 55 17 35 58 5.9999999999999991 52 122 22 132 19 42 54
leaf_count=35 3 12 35 14 18 40 6 24 42 3 21 12 10 199 120 28 153 19 55 17 35 58 6 52 122 22 132 19 42 54
internal_value=-0.148842 -3.17648 3.43269 10.105 19.6477 -6.03999 1.74841 -3.39233 -6.23771 -9.17282 -5.85761 6.1635 11.0062 0.94259 -1.77205 0.274634 -0.243216 5.01119 5.88858 1.09556 4.64152 1.66238 35.0338 -0.679696 1.69735 2.69236 -10.548 -0.684193 -0.241826 -1.30333
internal_weight=1408 763 645 130 38 417 515 226 82 191 56 92 22 413 144 346 156 102 74 186 70 257 20 160 139 28 135 47 94 66
internal_count=1408 763 645 130 38 417 515 226 82 191 56 92 22 413 144 346 156 102 74 186 70 257 20 160 139 28 135 47 94 66
is_linear=0
shrinkage=0.05


Tree=5
num_leaves=27
num_cat=0
split_feature=3 0 4 4 3 4 8 0 4 7 4 0 4 4 0 3 2 2 0 0 2 0 0 0 2 0
split_gain=5.64622e+06 3.89474e+06 2.05269e+06 2.49106e+06 1.59835e+06 1.46688e+06 1.04794e+06 957166 727027 559374 498759 143623 76413.2 73927.5 45553.9 29159.8 17578.3 30303.6 36644.1 7708.19 6110.82 1286.73 770.785 147.313 18.6163 11.9705
threshold=0.91755601226045569 29601.600000000002 44395.000000000007 44810.000000000007 0.75345919052660693 44735.000000000007 2.5000000000000004 35180.150000000001 35390.000000000007 1.5000000000000002 42195.000000000007 30340.000000000004 39715.000000000007 37010.000000000007 34719.250000000007 0.92020563918530374 7403.4850000000015 5186.2900000000009 28316.150000000005 35536.30000000001 2990.8700000000003 33461.350000000006 36737.750000000007 32529.650000000005 9212.6650000000027 34051.500000000007
decision_type=2 2 2 2 2 2 2 2 2 2 2 2 2 2 2 2 2 2 2 2 2 2 2 2 2 2
left_child=1 16 12 5 6 7 10 -4 9 -6 -3 -10 21 -8 -7 -14 17 -1 -19 -17 22 23 -5 -2 -18 -23
right_child=2 4 3 20 8 14 13 -9 11 -11 -12 -13 15 -15 -16 19 24 18 -20 -21 -22 25 -24 -25 -26 -27
leaf_value=-10.274303436279297 5.1493152109781892 -8.1141734020526606 9.1836967044406457 2.2150657926286956 12.501345530423251 31.881399770883405 0.9518538626002484 32.243590291341143 -6.8299989700317383 3.5875096039338548 -3.0756710514500369 0.95547593721696245 -2.6904628117879232 -0.64602498151361942 37.148389689127605 1.7359796636244831 -10.092200978597006 -9.4873571607801619 -4.9753886964586052 3.2910543314615888 4.5555744171142578 5.9929286956787111 2.9382757568359374 5.3902147119695494 -9.9654426574707031 6.1341761271158841
leaf_weight=14.999999999999998 15.000000000000002 65 18.000000000000004 14.000000000000005 22 13.000000000000002 122 5.9999999999999991 5.9999999999999991 88 201 466 2.9999999999999991 178 5.9999999999999991 17 2.9999999999999991 9.0000000000000018 8.9999999999999982 14.999999999999998 3.9999999999999991 2.9999999999999991 4.9999999999999991 10.999999999999998 84 3
leaf_count=15 15 65 18 14 22 13 122 6 6 88 201 466 3 178 6 17 3 9 9 15 4 3 5 11 84 3
internal_value=0.00186471 -1.02614 9.80271 16.0612 -0.130222 23.1655 -2.02208 14.9487 1.70963 5.37028 -4.30688 0.856508 3.6376 0.00377908 33.5447 2.02303 -9.59711 -8.61452 -7.23137 2.46492 2.77933 5.40354 2.40538 5.25123 -9.96981 6.06355
internal_weight=1401 1268 133 66 1148 43 566 24 582 110 266 472 67 300 19 35 120 33 18 32 23 32 19 26 87 6
internal_count=1401 1268 133 66 1148 43 566 24 582 110 266 472 67 300 19 35 120 33 18 32 23 32 19 26 87 6
is_linear=0
shrinkage=0.05


Tree=6
num_leaves=29
num_cat=0
split_feature=1 3 0 4 4 4 4 4 7 0 4 5 7 2 6 3 4 2 1 4 0 0 0 3 1 1 0 1
split_gain=4.97968e+06 2.4368e+06 2.27945e+06 1.67395e+06 2.69965e+06 1.11802e+06 733636 641275 503020 500884 468041 438106 382383 113274 90806.4 67704.7 49683.6 22549 16998.3 16007.3 7021.28 6173.56 5927.37 4003.42 2226.5 11278.4 1174.22 16.7637
threshold=26654.590000000007 0.91755601226045569 29601.600000000002 44395.000000000007 44810.000000000007 44735.000000000007 37740.000000000007 36662.500000000007 1.5000000000000002 31315.800000000007 46105.000000000007 1.5000000000000002 1.5000000000000002 6052.2800000000016 1.5000000000000002 0.57137568970002184 39715.000000000007 6266.3400000000011 29240.090000000007 43067.500000000007 29420.350000000002 35630.900000000001 38230.950000000004 0.53986376349888066 21241.735000000004 25376.375000000004 33461.350000000006 18920.975000000002
decision_type=2 2 2 2 2 2 2 2 2 2 2 2 2 2 2 2 2 2 2 2 2 2 2 2 2 2 2 2
left_child=2 7 20 16 5 -5 15 8 11 12 -11 -2 -8 14 -9 23 26 -17 -10 -15 24 -18 -6 -4 27 -26 -3 -1
right_child=1 3 6 4 22 -7 9 13 18 10 -12 -13 -14 19 -16 17 21 -19 -20 -21 -22 -23 -24 -25 25 -27 -28 -29
leaf_value=-9.467087324042069 23.051358440944128 4.9814770050048827 -0.921363526774991 15.301742372058687 2.2353872992775652 32.041110068873358 -1.7820688238569902 6.2303099346160895 3.4814076808460976 -1.0853524304594204 -5.4582844586748829 6.3731564521789554 -9.9918224231616879 0.66594570908281536 1.3772852483871725 3.1596898841857914 1.7491661774484737 1.3553557682406996 5.2439126332600914 -0.57214418044215754 -6.8833035786946617 3.1632145514855021 4.3277957916259764 0.073670780658721929 -7.7940307935078925 -9.8218196868896488 5.76037457784017 -9.5875910441080734
leaf_weight=76 6.9999999999999991 25.000000000000004 31 21 22.000000000000004 19 23 9.9999999999999982 57 314 76 8.9999999999999982 37 36 267 20 19 129 18 95 2.9999999999999991 12.999999999999998 3.9999999999999991 14.999999999999998 12.000000000000002 15.999999999999998 5.9999999999999991 2.9999999999999991
leaf_count=76 7 25 31 21 22 19 23 10 57 314 76 9 37 36 267 20 19 129 18 95 3 13 4 15 12 16 6 3
internal_value=0.119988 3.40967 -2.61633 9.53537 15.1001 23.2529 -1.48176 1.82607 5.62141 -2.59181 -1.93751 13.6699 -6.84475 0.979555 1.55248 1.07988 3.70564 1.59755 3.90441 -0.231906 -9.26899 2.32362 2.5573 -0.596896 -9.33588 -8.95277 5.13223 -9.47166
internal_weight=1383 628 755 129 66 40 645 499 91 450 390 16 60 408 277 195 63 149 75 131 110 32 26 46 107 28 31 79
internal_count=1383 628 755 129 66 40 645 499 91 450 390 16 60 408 277 195 63 149 75 131 110 32 26 46 107 28 31 79
is_linear=0
shrinkage=0.05


Tree=7
num_leaves=31
num_cat=0
split_feature=1 3 8 7 1 0 8 2 7 3 7 7 2 7 3 1 7 8 0 3 3 7 0 1 1 2 2 3 1 1
split_gain=4.59279e+06 2.30716e+06 2.17148e+06 1.03151e+06 3.30009e+06 860962 622918 431730 361943 348592 384644 253294 292355 169841 626600 125020 96425 76223.4 64640.7 52670.7 40386 35752.2 32192.6 16839.4 14734.8 12312.2 5625.45 4294.59 3655.08 3469.3
threshold=26480.115000000002 0.91755601226045569 2.5000000000000004 5.5000000000000009 33358.37000000001 31315.800000000007 3.5000000000000004 2687.0100000000007 1.5000000000000002 0.66130010306903653 4.5000000000000009 1.5000000000000002 6704.3700000000008 1.5000000000000002 0.85955460706704823 31475.135000000006 1.5000000000000002 3.5000000000000004 32142.300000000003 0.57137568970002184 0.9404896693885898 1.0000000180025095e-35 34877.750000000007 22636.630000000008 29599.315000000006 6266.3400000000011 7738.6500000000005 0.50773770589297829 20485.975000000002 24677.710000000003
decision_type=2 2 2 2 2 2 2 2 2 2 2 2 2 2 2 2 2 2 2 2 2 2 2 2 2 2 2 2 2 2
left_child=2 6 5 7 22 11 15 20 -9 10 -7 12 -1 14 -8 18 -11 23 -2 27 -3 -17 -5 28 -15 -21 -13 -19 -4 -25
right_child=1 3 17 4 -6 9 13 8 -10 16 -12 26 -14 24 -16 21 -18 19 -20 25 -22 -23 -24 29 -26 -27 -28 -29 -30 -31
leaf_value=-7.4034915156480743 -6.9389252980550129 4.7082891503969826 -1.9548108498255414 29.070144348144527 2.1655198313973165 -2.174171712181785 3.2858323905778968 16.538132368723549 3.8549314604865184 1.4533149818579356 -8.785492672161622 -6.9522911071777349 0.24055627567900553 3.3098258359091624 17.795058818296955 4.8432650375366215 -2.0534205464559183 -1.3834339022636415 0.43319729984782285 2.5796879238552517 1.9311300436655683 2.0946701986449106 33.702822875976565 -0.45549332068321552 5.030327320098877 1.1844112449425919 -9.1457442568059548 -0.28732081600597925 -0.99471397420816254 0.13723827084669701
leaf_weight=41 2.9999999999999991 48 11.999999999999998 15.000000000000002 22 44 23 15.000000000000002 8.9999999999999982 24 44 2.9999999999999991 18 56 10.999999999999998 14.999999999999998 107 11.999999999999998 336 18 18 56 4.9999999999999991 47 15.999999999999998 130 114 35 57 52
leaf_count=41 3 48 12 15 22 44 23 15 9 24 44 3 18 56 11 15 107 12 336 18 18 56 5 47 16 130 114 35 57 52
internal_value=0.0690976 3.15984 -2.57312 9.05858 15.5288 -5.1386 1.65086 6.03916 11.7819 -3.04594 -5.47983 -7.74253 -5.07141 5.0675 7.97999 0.767532 -1.41097 0.218518 0.367957 0.891028 3.95088 2.67536 30.2283 -0.562073 3.69216 1.35411 -9.0895 -0.567179 -1.16169 -0.14416
internal_weight=1406 648 758 132 42 395 516 90 24 219 88 176 59 106 34 410 131 363 339 195 66 71 20 168 72 148 117 47 69 99
internal_count=1406 648 758 132 42 395 516 90 24 219 88 176 59 106 34 410 131 363 339 195 66 71 20 168 72 148 117 47 69 99
is_linear=0
shrinkage=0.05


Tree=8
num_leaves=31
num_cat=0
split_feature=8 1 3 4 4 4 0 2 4 4 7 4 7 1 7 1 2 4 2 4 7 2 2 1 0 0 0 0 0 1
split_gain=4.18941e+06 2.11479e+06 2.05529e+06 1.47743e+06 1.8122e+06 1.04579e+06 534672 448837 424369 533647 351560 216699 269215 167100 133665 94899 86852.3 64323.6 60325.1 51992.2 43291.8 39473.7 22403.9 21172.6 9339.53 7371.9 3494.65 1811.6 982.893 896.503
threshold=2.5000000000000004 23067.700000000001 0.91755601226045569 44395.000000000007 44810.000000000007 44735.000000000007 30340.000000000004 5884.9550000000008 42910.000000000007 46105.000000000007 1.0000000180025095e-35 36662.500000000007 1.5000000000000002 31713.950000000008 3.5000000000000004 25376.375000000004 7916.4750000000013 37010.000000000007 13170.195000000002 39715.000000000007 1.5000000000000002 14259.505000000003 5941.2350000000015 24371.005000000008 35406.05000000001 35630.900000000001 29680.300000000003 30006.600000000002 33461.350000000006 33743.349999999999
decision_type=2 2 2 2 2 2 2 2 2 2 2 2 2 2 2 2 2 2 2 2 2 2 2 2 2 2 2 2 2 2
left_child=1 8 7 19 5 -5 15 11 10 20 27 12 -2 16 -15 -3 -8 21 -11 28 -10 -9 -12 -19 -13 -21 -17 -1 -4 -6
right_child=2 6 3 4 29 -7 13 17 9 18 22 24 -14 14 -16 26 -18 23 -20 25 -22 -23 -24 -25 -26 -27 -28 -29 -30 -31
leaf_value=-0.43006649971008298 9.5001044706864786 -1.506496868133544 4.5144290106637142 11.646097988552519 1.8045528252919512 28.25848052978516 0.25384728518944216 1.2254435097811918 -2.7568908791793021 -5.7173564165830619 -5.3648133850097661 1.3316659732740754 3.2461393259748625 13.536439037322982 2.3901629662284485 -8.9302705652573504 -1.5071507155376933 -0.79001993317353103 -9.5918185763888886 1.3518682728211084 0.15367643234964748 -1.0517323802817953 -8.7656414929922519 0.12599145743995907 2.1457774601199411 2.7955845424107144 -10.781250762939454 0.97085016568501803 5.3523229598999027 2.4647042168511284
leaf_weight=9.9999999999999982 22 5.0000000000000027 28 18 12.000000000000002 20 179 141 19 15.999999999999998 4.9999999999999991 98 79 3.0000000000000027 26 17.000000000000004 115 133 27 24 39 22 154 120 55 13.999999999999998 2.9999999999999991 2.9999999999999991 3.9999999999999991 8.9999999999999982
leaf_count=10 22 5 28 18 12 20 179 141 19 16 5 98 79 3 26 17 115 133 27 24 39 22 154 120 55 14 3 3 4 9
internal_value=-0.126824 -3.20739 2.26746 8.04676 13.8752 20.3895 -0.623049 1.15472 -6.5017 -3.92915 -8.01233 2.8109 4.60839 -0.0778022 3.54323 -7.66763 -0.434978 0.143499 -8.15016 3.13423 -0.799785 0.918095 -8.6587 -0.355548 1.62432 1.88376 -9.20792 -0.106778 4.61917 2.08747
internal_weight=1420 621 799 129 59 38 348 670 273 101 172 254 101 323 29 25 294 416 43 70 58 163 159 253 153 38 20 13 32 21
internal_count=1420 621 799 129 59 38 348 670 273 101 172 254 101 323 29 25 294 416 43 70 58 163 159 253 153 38 20 13 32 21
is_linear=0
shrinkage=0.05


Tree=9
num_leaves=28
num_cat=0
split_feature=3 0 4 4 3 4 0 8 4 4 7 2 4 0 4 3 1 1 2 0 6 2 1 1 0 6 0
split_gain=3.97947e+06 2.59266e+06 1.37551e+06 1.94747e+06 1.08627e+06 928243 816177 673207 338341 308122 183342 76919.4 54269 49412.3 46519.6 23149.3 17201 51502 19538.9 6524.13 5012.9 4311.15 1099.04 1082.73 884.008 105.586 15.8692
threshold=0.91755601226045569 29601.600000000002 44395.000000000007 44810.000000000007 0.75203333697763064 44735.000000000007 35180.150000000001 2.5000000000000004 35390.000000000007 42195.000000000007 1.5000000000000002 3430.3200000000002 39715.000000000007 34719.250000000007 37010.000000000007 0.9226639818063721 22193.015000000003 25376.375000000004 5786.6200000000008 35536.30000000001 23.500000000000004 2990.8700000000003 20672.785000000003 33743.349999999999 33461.350000000006 15.500000000000002 34051.500000000007
decision_type=2 2 2 2 2 2 2 2 2 2 2 2 2 2 2 2 2 2 2 2 2 2 2 2 2 2 2
left_child=1 16 12 5 7 6 -4 9 10 -3 -6 -10 24 -7 -9 -14 20 18 -18 -17 22 23 -1 -5 25 -2 -26
right_child=2 4 3 21 8 13 -8 14 11 -11 -12 -13 15 -15 -16 19 17 -19 -20 -21 -22 -23 -24 -25 26 -27 -28
leaf_value=-8.1057635366180794 4.4064482175386841 -6.5741063424992179 7.0071773753446678 1.6256887782703737 8.259043006896972 25.786630916595456 28.457112884521486 0.68281858471904222 2.5062476065851027 -2.541728008214716 2.9665453974405924 0.62186826250263472 -2.6780389169851944 31.481084594726568 -0.57733511550061278 1.3916452207063372 -2.1569858709971101 -8.452809143066407 -6.1921376546223952 2.9694504737854004 -6.3478816032409675 3.6016512298583985 -8.758782523018974 2.344547281265259 4.9022327423095708 4.200773747762045 5.0648632049560538
leaf_weight=81 13.000000000000005 63 17.000000000000004 11.000000000000005 20 16.000000000000004 5.9999999999999991 127 62 191 90 428 2.9999999999999991 4.9999999999999991 173 19.000000000000004 6.0000000000000018 17 6 9.9999999999999982 3.9999999999999991 4.9999999999999991 6.9999999999999991 9.9999999999999982 2.9999999999999991 11.999999999999998 3
leaf_count=81 13 63 17 11 20 16 6 127 62 191 90 428 3 5 173 19 6 17 6 10 4 5 7 10 3 12 3
internal_value=0.0772325 -0.78129 8.30743 13.1313 -0.0511983 19.5422 12.6028 -1.64765 1.42286 -3.54188 3.92882 0.8603 2.94756 27.1425 -0.04387 1.50318 -7.74432 -6.6825 -4.17456 1.93572 -8.07902 2.28217 -8.15771 1.968 4.43853 4.30772 4.98355
internal_weight=1408 1275 133 70 1154 44 23 554 600 254 110 490 63 21 300 32 121 29 12 29 92 26 88 21 31 25 6
internal_count=1408 1275 133 70 1154 44 23 554 600 254 110 490 63 21 300 32 121 29 12 29 92 26 88 21 31 25 6
is_linear=0
shrinkage=0.05


Tree=10
num_leaves=31
num_cat=0
split_feature=8 3 1 7 1 2 0 3 0 7 1 5 1 7 2 0 1 8 8 1 1 2 0 0 1 1 0 0 1 0
split_gain=3.4121e+06 1.98259e+06 1.64434e+06 924917 2.01145e+06 571616 583063 391527 345500 316453 301685 1.22958e+06 184803 164659 157808 150769 88227.4 60823.9 59137.2 46764.9 45837.5 37883 33980.2 33653.7 20769.9 18149.6 7241.44 6190.43 2660.55 617.269
threshold=2.5000000000000004 0.91755601226045569 23067.700000000001 5.5000000000000009 33358.37000000001 2687.0100000000007 35572.000000000007 0.83690549215539278 30340.000000000004 2.5000000000000004 27862.715 1.5000000000000002 21949.635000000002 5.5000000000000009 3702.9100000000003 29680.300000000003 25376.375000000004 3.5000000000000004 3.5000000000000004 22721.555000000004 17658.530000000002 7916.4750000000013 34719.250000000007 33990.950000000004 22636.630000000008 22436.52 29601.600000000002 33371.900000000001 26093.845000000005 36737.750000000007
decision_type=2 2 2 2 2 2 2 2 2 2 2 2 2 2 2 2 2 2 2 2 2 2 2 2 2 2 2 2 2 2
left_child=2 7 9 5 22 23 -7 17 16 15 11 -9 26 -14 27 25 -4 24 -12 -17 -19 -16 -5 -3 -2 -1 -11 -10 -18 -6
right_child=1 3 8 4 29 6 -8 10 14 12 18 -13 13 -15 21 19 28 20 -20 -21 -22 -23 -24 -25 -26 -27 -28 -29 -30 -31
leaf_value=-7.2849496689709738 -1.0603525240631666 4.2751399878299594 -1.277836370468139 24.506433809720548 1.702219827969869 7.4505858778953531 27.773061523437505 33.099183368682866 2.0432592800685341 -7.7037982834710022 1.4697158591388024 3.6959826469421388 -1.8120018876515904 -8.703864640455981 -0.082670606271913874 -1.7494062351473307 -8.040662874494279 -0.73890811962050362 3.4196170267069115 -5.8231742858886726 1.2051169650185676 -1.2624864842511911 29.055399831136068 2.0170346173373139 -0.024651019346146358 -3.6235396385192873 -8.4581497217479509 3.3662367026011148 -9.6814626057942714 2.4194301605224613
leaf_weight=22.000000000000004 68 33 6.0000000000000027 13.000000000000002 11.999999999999998 12.000000000000002 4.9999999999999991 3.9999999999999991 13.999999999999998 72 146 32 26 12.999999999999998 171 59 14.000000000000002 37 53 7.9999999999999991 168 113 5.9999999999999991 33 168 3.9999999999999991 57 24 2.9999999999999991 3.9999999999999991
leaf_count=22 68 33 6 13 12 12 5 4 14 72 146 32 26 13 171 59 14 37 53 8 168 113 6 33 168 4 57 24 3 4
internal_value=-0.0100008 2.14647 -2.83547 8.12656 14.9434 5.25198 13.4278 1.10261 -0.570096 -5.82994 2.75101 6.963 -7.1253 -4.10929 -0.147212 -3.48993 -6.49046 0.224206 1.98904 -2.23583 0.854244 -0.552104 25.9429 3.14609 -0.323073 -6.72166 -8.03712 2.87882 -8.33022 1.88152
internal_weight=1400 794 606 118 35 83 17 676 345 261 235 36 168 39 322 93 23 441 199 67 205 284 19 66 236 26 129 38 17 16
internal_count=1400 794 606 118 35 83 17 676 345 261 235 36 168 39 322 93 23 441 199 67 205 284 19 66 236 26 129 38 17 16
is_linear=0
shrinkage=0.05


end of trees

feature_importances:
net_load=69
total_load=60
thermal_on_capacity=50
renewable_power=41
weekday=40
thermal_space_load_ratio=30
month=17
period=8
hour=2

parameters:
[boosting: gbdt]
[objective: regression]
[metric: rmse]
[tree_learner: serial]
[device_type: cpu]
[data_sample_strategy: bagging]
[data: ]
[valid: ]
[num_iterations: 400]
[learning_rate: 0.05]
[num_leaves: 31]
[num_threads: 0]
[seed: 42]
[deterministic: 0]
[force_col_wise: 0]
[force_row_wise: 0]
[histogram_pool_size: -1]
[max_depth: 5]
[min_data_in_leaf: 3]
[min_sum_hessian_in_leaf: 0.001]
[bagging_fraction: 0.85]
[pos_bagging_fraction: 1]
[neg_bagging_fraction: 1]
[bagging_freq: 1]
[bagging_seed: 400]
[bagging_by_query: 0]
[feature_fraction: 0.85]
[feature_fraction_bynode: 1]
[feature_fraction_seed: 30056]
[extra_trees: 0]
[extra_seed: 12879]
[early_stopping_round: 0]
[early_stopping_min_delta: 0]
[first_metric_only: 0]
[max_delta_step: 0]
[lambda_l1: 0]
[lambda_l2: 0]
[linear_lambda: 0]
[min_gain_to_split: 0]
[drop_rate: 0.1]
[max_drop: 50]
[skip_drop: 0.5]
[xgboost_dart_mode: 0]
[uniform_drop: 0]
[drop_seed: 17869]
[top_rate: 0.2]
[other_rate: 0.1]
[min_data_per_group: 100]
[max_cat_threshold: 32]
[cat_l2: 10]
[cat_smooth: 10]
[max_cat_to_onehot: 4]
[top_k: 20]
[monotone_constraints: ]
[monotone_constraints_method: basic]
[monotone_penalty: 0]
[feature_contri: ]
[forcedsplits_filename: ]
[refit_decay_rate: 0.9]
[cegb_tradeoff: 1]
[cegb_penalty_split: 0]
[cegb_penalty_feature_lazy: ]
[cegb_penalty_feature_coupled: ]
[path_smooth: 0]
[interaction_constraints: ]
[verbosity: -1]
[saved_feature_importance_type: 0]
[use_quantized_grad: 0]
[num_grad_quant_bins: 4]
[quant_train_renew_leaf: 0]
[stochastic_rounding: 1]
[linear_tree: 0]
[max_bin: 255]
[max_bin_by_feature: ]
[min_data_in_bin: 3]
[bin_construct_sample_cnt: 200000]
[data_random_seed: 175]
[is_enable_sparse: 1]
[enable_bundle: 1]
[use_missing: 1]
[zero_as_missing: 0]
[feature_pre_filter: 1]
[pre_partition: 0]
[two_round: 0]
[header: 0]
[label_column: ]
[weight_column: ]
[group_column: ]
[ignore_column: ]
[categorical_feature: ]
[forcedbins_filename: ]
[precise_float_parser: 0]
[parser_config_file: ]
[objective_seed: 16083]
[num_class: 1]
[is_unbalance: 0]
[scale_pos_weight: 1]
[sigmoid: 1]
[boost_from_average: 1]
[reg_sqrt: 0]
[alpha: 0.9]
[fair_c: 1]
[poisson_max_delta_step: 0.7]
[tweedie_variance_power: 1.5]
[lambdarank_truncation_level: 30]
[lambdarank_norm: 1]
[label_gain: ]
[lambdarank_position_bias_regularization: 0]
[eval_at: ]
[multi_error_top_k: 1]
[auc_mu_weights: ]
[num_machines: 1]
[local_listen_port: 12400]
[time_out: 120]
[machine_list_filename: ]
[machines: ]
[gpu_platform_id: -1]
[gpu_device_id: -1]
[gpu_use_dp: 0]
[num_gpu: 1]

end of parameters

pandas_categorical:[]
