tree
version=v4
num_class=1
num_tree_per_iteration=1
label_index=0
max_feature_idx=10
objective=regression
feature_names=total_load net_load renewable_power thermal_space_load_ratio thermal_on_capacity hour period weekday month is_weekend is_holiday
feature_infos=[29193.099999999999:41329.300000000003] [11318.049999999999:40077.610000000001] [1223.46:18960.91] [0.37880501902718694:0.96996973557285182] [27170:45275] [20:23] [81:96] [0:6] [2:4] [0:1] none
tree_sizes=2087 1999 2177 2456 2103 2170 2355

Tree=0
num_leaves=23
num_cat=0
split_feature=2 2 1 4 4 4 2 8 4 7 1 0 0 4 2 7 4 6 7 0 0 6
split_gain=1.50644e+07 6.97996e+06 2.62145e+06 2.47819e+06 2.91768e+06 2.36205e+06 629473 809902 713173 174739 150952 116027 374112 110657 75375.3 48232.5 43854.1 42543.4 1507.7 707.637 324.858 58.198
threshold=3826.1150000000002 1354.1600000000001 17051.530000000002 36662.500000000007 44735.000000000007 44810.000000000007 8452.135000000002 2.5000000000000004 39295.000000000007 1.0000000180025095e-35 31874.680000000004 34081.200000000004 35663.30000000001 35390.000000000007 15218.300000000001 1.5000000000000002 43067.500000000007 89.500000000000014 3.5000000000000004 32697.400000000005 31424.900000000005 82.500000000000014
decision_type=2 2 2 2 2 2 2 2 2 2 2 2 2 2 2 2 2 2 2 2 2 2
left_child=1 17 14 11 9 -6 10 8 -8 -5 13 19 -13 -4 -2 -12 -9 -1 20 -3 -16 -20
right_child=2 3 6 4 5 -7 7 16 -10 -11 15 12 -14 -15 18 -17 -18 -19 21 -21 -22 -23
leaf_value=376.41706870226403 309.86706876584225 344.40040203559732 321.03956872451641 314.17615971539209 354.35992584512115 327.5821438351108 302.58708799876337 315.03173701737114 312.76224519708677 321.27322727738886 321.70003309874073 367.25040203559735 345.62540203559729 316.09262525044068 301.72640199490723 318.41288698601153 317.59867997528778 369.3004020355973 301.62306883959309 343.31440248318847 302.34828317108372 301.41706870226398
leaf_weight=6.9999999999999982 2.9999999999999991 2.9999999999999991 11.999999999999998 10.999999999999998 13.999999999999998 20 26 220 51 41 13.999999999999998 2.9999999999999982 6 195 2.9999999999999982 55 18 3 4.0000000000000027 3 7 24
leaf_count=7 3 3 12 11 14 20 26 220 51 41 14 3 6 195 3 55 18 3 4 3 7 24
internal_value=317.447 334.435 314.463 330.49 327.219 338.608 315.311 313.784 309.326 319.772 317.055 349.243 352.834 316.379 302.237 319.08 315.226 374.282 301.635 343.857 302.162 301.446
internal_weight=743 111 632 101 86 34 591 315 77 52 276 15 9 207 41 69 238 10 38 6 10 28
internal_count=743 111 632 101 86 34 591 315 77 52 276 15 9 207 41 69 238 10 38 6 10 28
is_linear=0
shrinkage=1


Tree=1
num_leaves=22
num_cat=0
split_feature=3 2 3 3 8 7 2 2 8 1 1 8 8 2 8 2 0 7 6 6 0
split_gain=1.29145e+07 5.08373e+06 2.7433e+06 2.6663e+06 730766 1.94439e+06 921600 577627 681675 404991 140712 133594 102104 54823.7 40522.4 14893.4 6944.44 1090.58 1297.31 52.1997 10.5515
threshold=0.90343291285488192 1354.1600000000001 0.5457079115844945 0.91126697665713341 3.5000000000000004 1.5000000000000002 1464.4850000000004 8452.135000000002 2.5000000000000004 21618.745000000003 31245.235000000004 3.5000000000000004 3.5000000000000004 7100.3350000000009 3.5000000000000004 14939.355000000001 37153.55000000001 3.5000000000000004 91.500000000000014 82.500000000000014 39996.450000000004
decision_type=2 2 2 2 2 2 2 2 2 2 2 2 2 2 2 2 2 2 2 2 2
left_child=2 20 15 11 6 -6 -5 10 9 -9 12 16 -4 -12 -10 -1 -3 18 -17 -19 -2
right_child=1 3 7 4 5 -7 -8 8 14 -11 13 -13 -14 -15 -16 17 -18 19 -20 -21 -22
leaf_value=-11.205353864034016 56.297755940755195 33.365337117513022 -1.6203617084183191 28.045892333984376 5.0311464749849755 36.360767745971678 2.6733676882351149 -13.6527054977417 -2.8065074245929722 -5.2576799804089118 1.8628198404371004 23.652062988281251 1.1647731857640404 -1.0603728580474854 -1.484704739175251 -14.181326599121093 36.1431148952908 -14.875153732299792 -15.16772705078125 -15.070854187011719 56.179144287109366
leaf_weight=2.9999999999999991 3 2.9999999999999991 152 3.9999999999999991 13 8 34 20 100 51 81 2.9999999999999991 42 20 138 9.9999999999999982 8.9999999999999982 4.0000000000000027 4.9999999999999991 23 5
leaf_count=3 3 3 152 4 13 8 34 20 100 51 81 3 42 20 138 10 9 4 5 23 5
internal_value=-0.336976 18.3597 -2.69927 14.2663 9.48083 16.9662 5.34416 -1.81197 -3.32277 -7.62248 -0.22947 33.0893 -1.01739 1.28397 -2.04008 -14.6088 35.4487 -14.852 -14.5101 -15.0419 56.2236
internal_weight=731 82 649 74 59 21 38 604 309 71 295 15 194 101 238 45 12 42 15 27 8
internal_count=731 82 649 74 59 21 38 604 309 71 295 15 194 101 238 45 12 42 15 27 8
is_linear=0
shrinkage=0.05


Tree=2
num_leaves=24
num_cat=0
split_feature=3 2 3 4 3 3 8 4 3 0 0 4 1 0 4 7 4 1 2 1 6 0 0
split_gain=1.32046e+07 6.09111e+06 2.36363e+06 2.14017e+06 2.97175e+06 491712 497732 563449 377099 382243 315936 214774 187157 150327 103895 73587 41075.5 15020.5 707.646 1127.43 56.533 10.9884 0.0107264
threshold=0.90343291285488192 1464.4850000000004 0.5457079115844945 36662.500000000007 0.91126697665713341 0.77128244448830374 2.5000000000000004 39052.500000000007 0.92816110161410581 35663.30000000001 37444.500000000007 45077.500000000007 32753.945000000003 36015.150000000009 38452.500000000007 2.5000000000000004 43067.500000000007 16631.595000000005 17509.915000000005 15786.785000000002 83.500000000000014 39041.200000000004 40291.55000000001
decision_type=2 2 2 2 2 2 2 2 2 2 2 2 2 2 2 2 2 2 2 2 2 2 2
left_child=2 10 17 8 13 6 7 -4 9 -3 -2 -6 14 -5 -7 -14 -8 18 19 -1 -20 -12 -23
right_child=1 3 5 4 11 12 16 -9 -10 -11 21 -13 15 -15 -16 -17 -18 -19 20 -21 -22 22 -24
leaf_value=-13.556625366210938 34.902429199218751 53.986106363932315 -12.846454668045045 19.083465703328454 3.4160814939845694 1.508270586956115 -2.060940636300816 -3.7371625211218311 22.773661499023433 28.745837402343746 53.48286946614585 17.154391733805337 4.8701570367271252 31.597069644927981 -1.2520223212999535 0.82531475502511731 0.42689138485325712 -10.446523094177246 -14.0560343424479 -14.661787923177085 -14.286251004536949 53.366235351562494 53.37019042968749
leaf_weight=9.9999999999999982 2.9999999999999991 2.9999999999999982 24 2.9999999999999991 55 42 212 58 5 3 2.9999999999999982 2.9999999999999991 22 11.999999999999998 181 23 18 2.9999999999999991 3.0000000000000027 2.9999999999999991 24 3 4
leaf_count=10 3 3 24 3 55 42 212 58 5 3 3 3 22 12 181 23 18 3 3 3 24 3 4
internal_value=0.123867 17.2841 -2.54796 12.3551 9.25703 -1.70939 -3.05867 -6.4033 32.9149 41.366 49.1335 4.12668 -0.138593 29.0943 -0.732147 2.80279 -1.86624 -13.8588 -14.1147 -13.8117 -14.2607 53.4028 53.3685
internal_weight=720 97 623 84 73 580 312 82 11 6 13 58 268 15 223 45 230 43 40 13 27 10 7
internal_count=720 97 623 84 73 580 312 82 11 6 13 58 268 15 223 45 230 43 40 13 27 10 7
is_linear=0
shrinkage=0.05


Tree=3
num_leaves=27
num_cat=0
split_feature=3 2 4 3 3 0 2 4 4 4 0 0 3 1 4 4 2 6 7 0 2 0 0 2 7 0
split_gain=1.29112e+07 5.64018e+06 2.13384e+06 2.42335e+06 1.83049e+06 505515 486311 240738 882490 211786 186367 386067 166264 164605 82824.2 76296.8 17080.5 641.584 1349.32 638.642 116.13 22.86 1.56677 0.452963 0.101567 0.0446391
threshold=0.90343291285488192 1464.4850000000004 36662.500000000007 0.91126697665713341 0.5457079115844945 37444.500000000007 8452.135000000002 37740.000000000007 39295.000000000007 45077.500000000007 34081.200000000004 35663.30000000001 0.90933224918196143 31874.680000000004 38452.500000000007 37010.000000000007 11766.820000000002 90.500000000000014 3.5000000000000004 32697.400000000005 17643.950000000001 38707.600000000006 31424.900000000005 18764.505000000001 3.5000000000000004 39996.450000000004
decision_type=2 2 2 2 2 2 2 2 2 2 2 2 2 2 2 2 2 2 2 2 2 2 2 2 2 2
left_child=4 5 10 12 17 -2 13 16 -9 -5 19 -12 -4 14 -6 -15 -8 18 22 -3 -19 -7 -1 -20 -22 -23
right_child=1 2 3 9 6 21 7 8 -10 -11 11 -13 -14 15 -16 -17 -18 20 23 -21 24 25 -24 -25 -26 -27
leaf_value=-12.759095255533843 29.986350250244143 22.806591796875001 20.992944971720377 2.6339371960896716 1.0091738402843475 50.860669962565112 -0.82945536658877428 -12.730627235999474 -2.7854192907263524 16.296671676635743 45.245135498046892 24.404660644531248 31.267411586216522 9.8022917111714687 -1.3353865411281587 1.6409014105796815 -1.9428541308955145 -13.953459676106773 -13.623375193277997 21.774892679850254 -13.613621520996094 50.694003295898426 -12.80334981282552 -13.602998352050779 -13.602998352050783 50.701718139648428
leaf_weight=3.0000000000000018 3.9999999999999991 2.9999999999999991 8.9999999999999982 52 48 2.9999999999999991 63 26 157 2.9999999999999991 3.9999999999999982 5 6.9999999999999991 2.9999999999999991 175 63 76 2.9999999999999991 5.9999999999999982 3 2.9999999999999991 3 6 5 8.9999999999999982 5
leaf_count=3 4 3 9 52 48 3 63 26 157 3 4 5 7 3 175 63 76 3 6 3 3 3 6 5 9 5
internal_value=0.291647 16.9161 11.9815 8.36145 -2.30754 45.2079 -1.67052 -3.00689 -4.1984 3.37918 29.1166 33.6671 25.488 -0.181552 -0.830728 2.01187 -1.43822 -13.428 -13.2426 22.2907 -13.6752 50.743 -12.7886 -13.6141 -13.6057 50.6988
internal_weight=747 101 86 71 646 15 611 322 183 55 15 9 16 289 223 66 139 35 20 6 15 11 9 11 12 8
internal_count=747 101 86 71 646 15 611 322 183 55 15 9 16 289 223 66 139 35 20 6 15 11 9 11 12 8
is_linear=0
shrinkage=0.05


Tree=4
num_leaves=23
num_cat=0
split_feature=3 2 3 3 8 7 2 3 8 7 0 1 8 0 2 7 1 7 6 6 0 0
split_gain=1.0988e+07 4.65952e+06 2.10418e+06 1.19159e+06 596781 1.24522e+06 551746 513073 540807 453649 384475 155923 124678 96407.1 57674.2 16095.2 13786.3 666.968 1443.41 68.7111 19.9579 0.0369457
threshold=0.90343291285488192 1354.1600000000001 0.5457079115844945 0.91126697665713341 3.5000000000000004 1.5000000000000002 1464.4850000000004 0.73304122392164839 2.5000000000000004 5.5000000000000009 35166.450000000004 31245.235000000004 3.5000000000000004 39719.700000000004 7100.3350000000009 2.5000000000000004 16631.595000000005 3.5000000000000004 91.500000000000014 83.500000000000014 38707.600000000006 39996.450000000004
decision_type=2 2 2 2 2 2 2 2 2 2 2 2 2 2 2 2 2 2 2 2 2 2
left_child=2 20 16 9 6 -6 -5 8 10 -3 -4 12 -9 -11 -13 -10 17 18 -1 -19 -2 -22
right_child=1 3 7 4 5 -7 -8 11 15 13 -12 14 -14 -15 -16 -17 -18 19 -20 -21 21 -23
leaf_value=-12.14401203502308 48.317637125651061 9.2026365756988486 -10.366421684058938 23.399158477783203 4.4933220227559403 27.783381930264557 3.9228880701959135 -1.5727865651169339 -1.0747305575509867 30.816433105468754 -3.3363679472993066 2.0488100610482389 1.0179959213541401 20.596791458129871 -0.96081028938293456 -2.0545844565192573 -9.2320248603820811 -12.672063700358059 -13.062464032854354 -12.926480301566748 48.159301757812486 48.166641998291006
leaf_weight=11.000000000000002 2.9999999999999982 4.0000000000000009 37 3.9999999999999991 12 11 40 185 60 9.9999999999999982 41 78 62 3.0000000000000009 20 139 2.9999999999999991 3.0000000000000027 6.9999999999999991 23 3 4
leaf_count=11 3 4 37 4 12 11 40 185 60 10 41 78 62 3 20 139 3 3 7 23 3 4
internal_value=-0.0613491 15.9459 -2.3105 12.1049 9.10521 15.632 5.69346 -1.53968 -3.14231 23.9274 -6.67114 -0.252924 -0.922469 28.4581 1.4346 -1.75915 -12.5115 -12.7352 -12.5012 -12.8971 48.2097 48.1635
internal_weight=763 94 669 84 67 23 44 622 277 17 78 345 247 13 98 199 47 44 18 26 10 7
internal_count=763 94 669 84 67 23 44 622 277 17 78 345 247 13 98 199 47 44 18 26 10 7
is_linear=0
shrinkage=0.05


Tree=5
num_leaves=23
num_cat=0
split_feature=3 2 3 3 4 4 2 3 8 4 3 3 4 4 6 0 0 2 7 6 0 0
split_gain=9.96043e+06 4.16841e+06 1.83894e+06 1.44268e+06 1.56999e+06 711864 544768 432529 465373 432806 278131 104362 85620.5 67066.5 63664.8 41544.6 33328.2 12082.9 782.423 949.218 88.0526 0.0363741
threshold=0.90343291285488192 1354.1600000000001 0.5457079115844945 0.91259713798500341 36662.500000000007 44735.000000000007 1464.4850000000004 0.73304122392164839 2.5000000000000004 39295.000000000007 0.92816110161410581 0.88609618618047004 30732.500000000004 43067.500000000007 82.500000000000014 39303.80000000001 38707.600000000006 14939.355000000001 3.5000000000000004 91.500000000000014 33342.30000000001 39996.450000000004
decision_type=2 2 2 2 2 2 2 2 2 2 2 2 2 2 2 2 2 2 2 2 2 2
left_child=2 16 17 5 10 -3 -6 8 9 -4 -5 12 -9 -10 -13 -7 -2 -1 19 -19 -20 -18
right_child=1 3 7 4 6 15 -8 11 13 -11 -12 14 -14 -15 -16 -17 21 18 20 -21 -22 -23
leaf_value=-8.8293906847635917 39.576001993815112 6.2639563751220662 -11.515332735501804 36.815032196044932 22.229201698303225 29.348833465576174 3.0671458487417187 3.4210859151986934 -1.9171981371130262 -3.4755885062065532 19.126113281249996 8.2421685218811032 -0.72512735970949727 1.5664543199539187 1.5515541262924673 23.464912080764773 45.751336669921869 -11.54053581237793 -12.250009387472401 -12.336030578613283 -12.538016510009767 45.75830078125
leaf_weight=2.9999999999999991 2.9999999999999991 5.0000000000000027 26 3.9999999999999982 3.9999999999999991 11.999999999999998 51 12.999999999999998 175 47 5 3.9999999999999991 295 14.999999999999998 32 3.9999999999999991 3 9.9999999999999982 23.000000000000004 5.9999999999999991 2.9999999999999991 5
leaf_count=3 3 5 26 4 4 12 51 13 175 47 5 4 295 15 32 4 3 10 23 6 3 5
internal_value=0.071541 15.108 -2.14242 11.36 7.62862 22.7317 4.46075 -1.41941 -2.94587 -6.33906 26.9879 -0.252384 -0.550125 -1.64217 2.29496 27.8779 44.0703 -11.895 -12.1139 -11.8388 -12.2832 45.7557
internal_weight=748 96 652 85 64 21 55 607 263 73 9 344 308 190 36 16 11 45 42 16 26 8
internal_count=748 96 652 85 64 21 55 607 263 73 9 344 308 190 36 16 11 45 42 16 26 8
is_linear=0
shrinkage=0.05


Tree=6
num_leaves=26
num_cat=0
split_feature=3 2 3 4 3 1 0 2 4 1 1 4 3 0 2 7 2 1 7 0 0 0 0 6 0
split_gain=8.64546e+06 3.96948e+06 1.69225e+06 1.22673e+06 1.5935e+06 386554 367283 209855 176677 427533 133146 127065 112108 216344 91475.2 76707.2 10185.4 810.043 656.099 629.516 576.374 174.206 88.8859 61.1347 0.0300974
threshold=0.90343291285488192 1464.4850000000004 0.5457079115844945 36662.500000000007 0.91126697665713341 26792.890000000003 37444.500000000007 2940.4700000000007 37740.000000000007 20597.995000000006 31573.325000000004 39497.500000000007 0.92816110161410581 36015.150000000009 3701.8800000000006 2.5000000000000004 11766.820000000002 15786.785000000002 3.5000000000000004 30475.750000000004 32697.400000000005 38707.600000000006 33342.30000000001 83.500000000000014 39996.450000000004
decision_type=2 2 2 2 2 2 2 2 2 2 2 2 2 2 2 2 2 2 2 2 2 2 2 2 2
left_child=2 6 17 12 14 8 -2 -6 16 -10 11 -7 13 -3 -5 -12 -4 18 19 -1 -14 -8 -19 -20 -23
right_child=1 3 5 4 7 10 21 -9 9 -11 15 -13 20 -15 -16 -17 -18 22 23 -21 -22 24 -24 -25 -26
leaf_value=-11.656218872070312 25.677297973632815 38.294626363118503 -0.79353823904263776 19.660444847742717 1.4956317771048775 1.0337569834581062 43.922955322265636 8.5642631258283348 -11.765310414632161 -2.9371930791437628 3.2782914319553891 -1.5879256371683723 19.320787556966142 20.532265472412107 29.421934000651046 0.20511300033993193 -1.6691114055482967 -12.296009063720703 -11.42596003214517 -10.956487698025175 18.340673319498691 43.463770548502595 -11.911115264892576 -11.667255510602679 43.470395660400385
leaf_weight=4.9999999999999991 3.9999999999999991 2.9999999999999982 59 11.999999999999998 42 67 2.9999999999999982 13.999999999999998 14.999999999999998 160 37 149 3 4 2.9999999999999991 45 76 2.9999999999999991 3.0000000000000027 8.9999999999999982 3 3 3 21 4
leaf_count=5 4 3 59 12 42 67 3 14 15 160 37 149 3 4 3 45 76 3 3 9 3 3 3 21 4
internal_value=-0.0134128 13.8332 -2.09466 9.72506 7.13954 -1.4094 38.4822 3.26279 -2.64549 -3.69389 -0.123531 -0.774719 23.8459 28.1447 21.6127 1.59179 -1.28645 -11.5637 -11.4784 -11.2064 18.8307 43.6042 -12.1036 -11.6371 43.4676
internal_weight=750 98 652 84 71 608 14 56 310 175 298 216 13 7 15 82 135 44 38 14 6 10 6 24 7
internal_count=750 98 652 84 71 608 14 56 310 175 298 216 13 7 15 82 135 44 38 14 6 10 6 24 7
is_linear=0
shrinkage=0.05


end of trees

feature_importances:
total_load=33
renewable_power=26
thermal_space_load_ratio=26
thermal_on_capacity=25
weekday=15
net_load=14
period=11
month=11

parameters:
[boosting: gbdt]
[objective: regression]
[metric: rmse]
[tree_learner: serial]
[device_type: cpu]
[data_sample_strategy: bagging]
[data: ]
[valid: ]
[num_iterations: 400]
[learning_rate: 0.05]
[num_leaves: 31]
[num_threads: 0]
[seed: 42]
[deterministic: 0]
[force_col_wise: 0]
[force_row_wise: 0]
[histogram_pool_size: -1]
[max_depth: 5]
[min_data_in_leaf: 3]
[min_sum_hessian_in_leaf: 0.001]
[bagging_fraction: 0.85]
[pos_bagging_fraction: 1]
[neg_bagging_fraction: 1]
[bagging_freq: 1]
[bagging_seed: 400]
[bagging_by_query: 0]
[feature_fraction: 0.85]
[feature_fraction_bynode: 1]
[feature_fraction_seed: 30056]
[extra_trees: 0]
[extra_seed: 12879]
[early_stopping_round: 0]
[early_stopping_min_delta: 0]
[first_metric_only: 0]
[max_delta_step: 0]
[lambda_l1: 0]
[lambda_l2: 0]
[linear_lambda: 0]
[min_gain_to_split: 0]
[drop_rate: 0.1]
[max_drop: 50]
[skip_drop: 0.5]
[xgboost_dart_mode: 0]
[uniform_drop: 0]
[drop_seed: 17869]
[top_rate: 0.2]
[other_rate: 0.1]
[min_data_per_group: 100]
[max_cat_threshold: 32]
[cat_l2: 10]
[cat_smooth: 10]
[max_cat_to_onehot: 4]
[top_k: 20]
[monotone_constraints: ]
[monotone_constraints_method: basic]
[monotone_penalty: 0]
[feature_contri: ]
[forcedsplits_filename: ]
[refit_decay_rate: 0.9]
[cegb_tradeoff: 1]
[cegb_penalty_split: 0]
[cegb_penalty_feature_lazy: ]
[cegb_penalty_feature_coupled: ]
[path_smooth: 0]
[interaction_constraints: ]
[verbosity: -1]
[saved_feature_importance_type: 0]
[use_quantized_grad: 0]
[num_grad_quant_bins: 4]
[quant_train_renew_leaf: 0]
[stochastic_rounding: 1]
[linear_tree: 0]
[max_bin: 255]
[max_bin_by_feature: ]
[min_data_in_bin: 3]
[bin_construct_sample_cnt: 200000]
[data_random_seed: 175]
[is_enable_sparse: 1]
[enable_bundle: 1]
[use_missing: 1]
[zero_as_missing: 0]
[feature_pre_filter: 1]
[pre_partition: 0]
[two_round: 0]
[header: 0]
[label_column: ]
[weight_column: ]
[group_column: ]
[ignore_column: ]
[categorical_feature: ]
[forcedbins_filename: ]
[precise_float_parser: 0]
[parser_config_file: ]
[objective_seed: 16083]
[num_class: 1]
[is_unbalance: 0]
[scale_pos_weight: 1]
[sigmoid: 1]
[boost_from_average: 1]
[reg_sqrt: 0]
[alpha: 0.9]
[fair_c: 1]
[poisson_max_delta_step: 0.7]
[tweedie_variance_power: 1.5]
[lambdarank_truncation_level: 30]
[lambdarank_norm: 1]
[label_gain: ]
[lambdarank_position_bias_regularization: 0]
[eval_at: ]
[multi_error_top_k: 1]
[auc_mu_weights: ]
[num_machines: 1]
[local_listen_port: 12400]
[time_out: 120]
[machine_list_filename: ]
[machines: ]
[gpu_platform_id: -1]
[gpu_device_id: -1]
[gpu_use_dp: 0]
[num_gpu: 1]

end of parameters

pandas_categorical:[]
