tree
version=v4
num_class=1
num_tree_per_iteration=1
label_index=0
max_feature_idx=10
objective=regression
feature_names=total_load net_load renewable_power thermal_space_load_ratio thermal_on_capacity hour period weekday month is_weekend is_holiday
feature_infos=[31325.099999999999:48277.599999999999] [13380.389999999999:45874.959999999999] [1144.03:19856.66] [0.41387726832827804:0.97282505160491894] [27170:49115] [18:21] [73:88] [0:6] [1:5] [0:1] none
tree_sizes=2536 2571 2841 2595 2689 2763 2554 2572 2497 2523

Tree=0
num_leaves=28
num_cat=0
split_feature=2 4 4 4 2 2 2 4 0 7 0 4 2 0 8 4 2 4 8 4 7 4 2 6 6 6 0
split_gain=6.46707e+07 2.89233e+07 1.24326e+07 1.27859e+07 7.1735e+06 3.94512e+06 2.48707e+06 2.37016e+06 2.34654e+06 1.22923e+06 3.13308e+06 1.0858e+06 916369 908893 462918 973830 373097 365823 220045 170260 100780 32030.5 17933.1 15842.7 5976.89 5187.88 3128.55
threshold=4191.670000000001 48480.000000000007 42910.000000000007 48055.000000000007 7112.9500000000016 1323.1000000000001 15665.460000000001 37979.500000000007 47230.750000000007 1.0000000180025095e-35 42421.000000000007 36212.500000000007 5154.0800000000008 34928.650000000009 2.5000000000000004 39052.500000000007 18958.675000000003 48702.000000000007 2.5000000000000004 38272.500000000007 2.5000000000000004 48097.000000000007 4143.3350000000009 81.500000000000014 86.500000000000014 78.500000000000014 44186.250000000007
decision_type=2 2 2 2 2 2 2 2 2 2 2 2 2 2 2 2 2 2 2 2 2 2 2 2 2 2 2
left_child=1 2 7 5 8 -4 14 11 9 10 -2 -1 -11 19 15 -6 -15 22 -9 -8 -16 -5 26 25 -25 -19 -3
right_child=4 17 3 21 6 -7 13 18 -10 12 -12 -13 -14 16 20 -17 -18 23 -20 -21 -22 -23 -24 24 -26 -27 -28
leaf_value=405.0605586081727 410.77439893990771 445.81287575567853 449.2268746456017 406.54877904147719 393.54481178129811 429.68754123544119 401.62954064215319 402.51354075913724 439.68687477911607 410.24073906007476 443.07437477911611 418.07906059803139 406.26078785623213 400.13943877627258 404.92626936264156 402.68157018168466 391.81659322584767 453.05337480131072 407.41336910025097 389.27947457159655 403.59693804282955 408.8624512348926 443.77775002325671 452.23617531622546 450.43687477911612 454.42687477911608 447.08937518601715
leaf_weight=19 122 8.0000000000000053 30 21 32 186 2.9999999999999991 30 5.9999999999999991 207 7.9999999999999991 102 480 85 243 329 15.999999999999998 22 97 40 345 52 7.9999999999999991 20.000000000000004 5.9999999999999991 9.9999999999999982 11.999999999999998
leaf_count=13 68 4 15 11 32 93 3 30 3 114 4 51 287 85 196 291 16 11 49 40 316 26 4 10 3 5 6
internal_value=409.557 423.551 419.24 426.287 405.007 432.401 402.352 411.027 408.532 408.304 412.762 416.035 407.46 396.229 403.281 401.872 398.821 450.472 406.256 390.141 404.146 408.197 445.778 452.738 451.821 453.483 446.579
internal_weight=2539 623 537 289 1916 216 1093 248 823 817 130 121 687 144 949 361 101 86 127 43 588 73 28 58 26 32 20
internal_count=1786 331 288 145 1455 108 979 143 476 473 72 64 401 144 835 323 101 43 79 43 512 37 14 29 13 16 10
is_linear=0
shrinkage=1


Tree=1
num_leaves=28
num_cat=0
split_feature=3 1 7 7 2 2 3 3 7 0 2 2 0 7 3 0 0 8 7 3 8 1 2 7 8 3 8
split_gain=6.10019e+07 1.64244e+07 1.36335e+07 7.49904e+06 8.06126e+06 6.04345e+06 3.4883e+06 2.31536e+06 2.2454e+06 2.15426e+06 2.14656e+06 2.05352e+06 1.80687e+06 1.16786e+06 1.95016e+06 837386 746585 690025 554233 856808 435590 755727 349838 152576 93915.8 82194.6 31753.1
threshold=0.89693937873705265 37330.165000000008 1.0000000180025095e-35 5.5000000000000009 3601.4650000000006 7112.9500000000016 0.95547912226957299 0.91743519666278239 5.5000000000000009 47230.750000000007 15665.460000000001 3413.98 43147.650000000009 1.0000000180025095e-35 0.86418657078577354 39856.30000000001 34651.950000000004 4.5000000000000009 2.5000000000000004 0.9241458114103992 2.5000000000000004 26199.115000000002 18958.675000000003 5.5000000000000009 4.5000000000000009 0.62759674179538527 1.5000000000000002
decision_type=2 2 2 2 2 2 2 2 2 2 2 2 2 2 2 2 2 2 2 2 2 2 2 2 2 2 2
left_child=5 8 7 6 -5 9 -4 12 18 13 20 -10 -3 14 -1 -13 23 -15 19 -2 21 -7 -18 -12 -20 -22 -9
right_child=1 2 3 4 -6 10 -8 26 11 -11 16 15 -14 17 -16 -17 22 -19 24 -21 25 -23 -24 -25 -26 -27 -28
leaf_value=0.75861050149668818 6.3948076832462366 -3.6774390411376956 30.28188985542015 -1.8404034037339061 28.984956343968708 -14.467877682772551 49.673998805454801 -0.24686065990300407 -2.053410158157349 28.765655517578125 -19.10139493440327 17.021497508457724 33.135004329681401 -2.533073339499023 19.389404964447024 35.965621948242188 -8.8853545059392491 3.6176213128226147 -2.0777288789334505 -1.8106181679702389 -6.4875412998429276 -6.526508602472453 -17.198229573567708 -7.3888107299804693 3.7919220924377441 -4.7852824685020368 -2.6674389886856082
leaf_weight=115 142 4.9999999999999991 135 38 48 33 28 42 9.9999999999999982 5.9999999999999991 38 14.000000000000002 9.9999999999999982 657 15.999999999999998 9.9999999999999982 81 49 46 41 83 325 14.999999999999998 2.9999999999999991 7.9999999999999991 487 20
leaf_count=66 73 3 68 19 24 33 14 21 5 3 38 7 5 393 8 5 81 28 23 26 80 291 15 3 4 419 10
internal_value=0.113958 14.0629 21.6243 27.3103 15.3644 -4.25056 33.613 3.23696 4.96683 -1.08766 -6.75414 16.983 20.8642 -1.30167 3.03413 24.9149 -12.5964 -2.10618 3.24298 4.55643 -5.89165 -7.25853 -10.1842 -18.2444 -1.20815 -5.03316 -1.02769
internal_weight=2505 597 326 249 86 1908 163 77 271 843 1065 34 15 837 131 24 137 706 237 183 928 358 96 41 54 570 62
internal_count=1765 307 164 125 43 1458 82 39 143 498 960 17 8 495 74 12 137 421 126 99 823 324 96 41 27 499 31
is_linear=0
shrinkage=0.05


Tree=2
num_leaves=31
num_cat=0
split_feature=3 4 4 4 2 7 3 4 6 4 7 3 3 8 4 8 4 4 4 0 4 4 3 2 2 0 7 2 6 3
split_gain=5.00672e+07 2.22721e+07 6.12368e+06 9.89722e+06 5.32188e+06 3.12082e+06 2.15117e+06 1.63671e+06 3.30868e+06 1.04785e+06 812989 975724 790124 1.64368e+06 660444 524459 717548 314715 248015 121924 105891 84408.2 28568.9 15374.9 8209.33 4236.23 3017.92 2883.05 2440.38 934.525
threshold=0.89693937873705265 48480.000000000007 42910.000000000007 48055.000000000007 7322.5400000000009 5.5000000000000009 0.55880946209417226 36767.500000000007 80.500000000000014 38272.500000000007 1.0000000180025095e-35 0.87172054429816381 0.8676955927561717 4.5000000000000009 37979.500000000007 2.5000000000000004 39052.500000000007 48702.000000000007 35692.500000000007 41139.750000000007 43067.500000000007 37329.500000000007 0.9241458114103992 4143.3350000000009 2925.5950000000007 44530.850000000006 3.5000000000000004 2638.8050000000007 86.500000000000014 0.50809156460437543
decision_type=2 2 2 2 2 2 2 2 2 2 2 2 2 2 2 2 2 2 2 2 2 2 2 2 2 2 2 2 2 2
left_child=4 2 7 5 10 -4 9 8 -2 29 11 18 21 -14 -9 16 -8 23 -1 -13 -17 -12 -5 25 27 -3 -11 -19 -26 -6
right_child=1 17 3 22 6 -7 15 14 -10 26 12 19 13 -15 -16 20 -18 24 -20 -21 -22 -23 -24 -25 28 -27 -28 -29 -30 -31
leaf_value=3.327101336676499 -3.7777127402169359 32.99360839843748 23.618336312376339 -2.5339116260923191 -7.3198266983032232 10.414450974175425 -15.094888842547384 3.7505045092105869 30.597734723772323 -17.587037251790363 -2.4532600049411553 10.742643483479819 -0.7221499179498837 19.870315399169925 -2.4007510602474214 -5.0483527019358521 -6.6599629688137787 39.871913563121446 -1.052847226025307 20.822476704915363 -2.6244925775527954 -3.8685708386803364 -0.57525259898259085 31.127740478515626 39.167763943142354 34.448983154296876 -18.415895452731995 41.108396402994799 38.003389485677083 -6.6958191871643074
leaf_weight=58 14.000000000000002 10.000000000000005 139 29 7.9999999999999991 66 27 80 13.999999999999998 14.999999999999998 170 5.9999999999999982 313 9.9999999999999982 96 456 381 22.000000000000004 73 6 50 277 52 7.9999999999999991 18.000000000000004 9.9999999999999982 41 5.9999999999999991 5.9999999999999991 24
leaf_count=29 7 5 70 15 8 33 27 40 7 15 93 3 176 5 53 407 348 11 44 3 34 193 26 4 9 5 41 3 3 24
internal_value=-0.215129 12.7935 8.79991 13.5207 -4.08714 19.3673 -6.60319 2.18161 13.41 -14.0695 -1.32582 2.1364 -1.9688 -0.0846123 0.395274 -5.88433 -7.21816 37.254 0.886367 15.7826 -4.80884 -3.33031 -1.2765 32.9803 39.5552 33.7213 -18.1939 40.1369 38.8767 -6.85182
internal_weight=2485 570 490 286 1915 205 1002 204 28 88 913 143 770 323 176 914 408 80 131 12 506 447 81 28 52 20 56 28 24 32
internal_count=1741 291 251 144 1450 103 904 107 14 88 546 79 467 181 93 816 375 40 73 6 441 286 41 14 26 10 56 14 12 32
is_linear=0
shrinkage=0.05


Tree=3
num_leaves=28
num_cat=0
split_feature=3 4 4 4 2 7 2 0 4 7 1 0 0 0 3 3 2 4 0 4 0 2 3 6 0 6 6
split_gain=4.91411e+07 2.14002e+07 6.7651e+06 8.65412e+06 5.56169e+06 3.2534e+06 2.16657e+06 1.87035e+06 1.23531e+06 1.00957e+06 1.50291e+06 780094 767537 609859 454931 398685 348221 327508 300597 216501 101212 15879 8757.12 6894.74 3911.33 2801.31 2159.72
threshold=0.89693937873705265 48480.000000000007 42910.000000000007 47710.000000000007 6663.0300000000016 2.5000000000000004 15665.460000000001 47230.750000000007 37979.500000000007 1.0000000180025095e-35 36659.405000000006 35469.200000000004 34651.950000000004 41944.900000000009 0.8676955927561717 0.6783124213956423 18958.675000000003 48702.000000000007 34754.950000000004 39497.500000000007 35469.200000000004 4143.3350000000009 0.93741082127103403 73.500000000000014 44530.850000000006 75.500000000000014 86.500000000000014
decision_type=2 2 2 2 2 2 2 2 2 2 2 2 2 2 2 2 2 2 2 2 2 2 2 2 2 2 2
left_child=4 2 8 5 7 -4 15 9 11 10 -1 -2 23 -5 -11 18 -14 21 -6 -17 -10 24 26 -8 -3 -24 -19
right_child=1 17 3 13 6 -7 12 -9 20 14 -12 -13 16 -15 -16 19 -18 22 -20 -21 -22 -23 25 -25 -26 -27 -28
leaf_value=2.0615960910103541 15.440690708160401 31.343928833007791 28.843518149852756 10.32477373480797 -10.851351263584235 15.047282215408657 -15.037453842163087 27.363479614257812 -6.593043191092355 -2.7558622783495608 24.507437133789065 3.5659428755077083 -7.981009173649614 -0.40328131883175344 -0.078286290786027141 -3.677989070854689 -15.578695382012263 37.198593478732633 -6.0818443232664361 -5.3365877952134495 -1.9467583252323999 29.518178100585938 38.781523640950525 -17.214639015197754 32.82720947265625 37.845889790852866 36.103218587239581
leaf_weight=110 15.999999999999998 10.000000000000005 68 15.999999999999998 39 115 3.9999999999999991 5.9999999999999991 13.999999999999998 326 7.9999999999999991 102 93 77 309 380 18 18.000000000000004 216 408 72 9.9999999999999982 11.999999999999998 40 7.9999999999999991 24 5.9999999999999991
leaf_count=57 8 5 34 8 39 58 4 3 14 196 4 51 93 39 177 292 18 9 199 366 36 5 6 40 4 12 3
internal_value=-0.0330516 12.9144 8.75885 13.8621 -3.79091 20.1738 -5.91255 -0.442142 1.85445 -0.663701 3.58335 5.17608 -11.4283 1.44241 -1.45292 -5.09285 -9.21307 35.5808 -6.8113 -4.53676 -2.70313 31.1157 37.6646 -17.0167 32.0032 38.1578 36.9247
internal_weight=2525 568 480 276 1957 183 1198 759 204 753 118 118 155 93 635 1043 111 88 255 788 86 28 60 44 18 36 24
internal_count=1780 292 248 139 1488 92 1051 437 109 434 61 59 155 47 373 896 111 44 238 658 50 14 30 44 9 18 12
is_linear=0
shrinkage=0.05


Tree=4
num_leaves=29
num_cat=0
split_feature=3 1 7 7 2 3 3 7 3 2 0 8 0 3 5 7 0 8 3 7 6 0 2 2 3 6 1 1
split_gain=4.02097e+07 1.04076e+07 1.29111e+07 7.27875e+06 6.80335e+06 4.87317e+06 3.63371e+06 2.02991e+06 2.15253e+06 1.89992e+06 1.66055e+06 1.68193e+06 2.33105e+06 1.56903e+06 1.84917e+06 995166 602996 486902 483856 419040 490697 271228 253042 102973 21118 18969.7 4034.73 2563.79
threshold=0.89810456304835184 37330.165000000008 1.0000000180025095e-35 5.5000000000000009 3601.4650000000006 0.83324009477560035 0.95547912226957299 5.5000000000000009 0.91252564406869963 15665.460000000001 47230.750000000007 4.5000000000000009 38336.700000000004 0.91342458700422147 19.500000000000004 1.0000000180025095e-35 34928.650000000009 2.5000000000000004 0.6585507388115609 1.0000000180025095e-35 73.500000000000014 39856.30000000001 18958.675000000003 7388.7300000000005 0.9241458114103992 74.500000000000014 36575.780000000006 31393.130000000005
decision_type=2 2 2 2 2 2 2 2 2 2 2 2 2 2 2 2 2 2 2 2 2 2 2 2 2 2 2 2
left_child=5 7 13 6 -5 9 -4 19 21 17 11 15 -13 14 -3 -7 25 18 -1 27 -21 -9 -18 -19 -15 -11 -10 -2
right_child=1 2 3 4 -6 10 -8 8 26 16 -12 12 -14 24 -16 -17 22 23 -20 20 -22 -23 -24 -25 -26 -27 -28 -29
leaf_value=-10.917246627807618 -7.2582275390625002 37.609998575846362 25.949166765667144 -2.7822365079607287 26.030449619293211 3.4811703361164441 45.311674194335943 20.378367178780689 -2.667606417338054 -13.634014034271241 25.995306396484377 2.6846131256648467 39.934147135416673 -2.3515503985541208 -3.5612684631347649 -1.7301058394847997 -7.6778250747852113 -3.0270615920854307 -5.5038118109238887 16.836747105916341 2.335068095865704 31.919256591796877 -14.335147498635685 -4.3419544108723871 -0.64836879578920514 -16.340090717988854 -0.83395579655965157 -5.760456466674805
leaf_weight=47 3.9999999999999991 5.9999999999999982 126 42 40 110 30 14.000000000000002 5.9999999999999982 7.9999999999999991 5.9999999999999991 14.000000000000002 5.9999999999999991 28 5 548 89 208 339 5.9999999999999991 210 7.9999999999999991 17 524 52 34 6 9.9999999999999982
leaf_count=47 4 3 63 21 20 57 15 7 3 8 3 7 3 14 3 324 89 141 305 3 105 4 17 454 26 34 3 10
internal_value=-0.126382 11.2749 17.2085 23.3332 11.2727 -3.59353 29.6727 3.88026 15.2836 -5.43079 -0.192994 -0.424749 13.8595 1.19006 18.8958 -0.85892 -10.7545 -4.72604 -6.16296 2.19455 2.73789 24.5751 -8.74551 -3.96832 -1.24448 -15.8246 -1.75078 -6.18839
internal_weight=2543 593 329 238 82 1950 156 264 34 1266 684 678 20 91 11 658 148 1118 386 230 216 22 106 732 80 42 12 14
internal_count=1793 304 165 119 41 1489 78 139 17 1095 394 391 10 46 6 381 148 947 352 122 108 11 106 595 40 42 6 14
is_linear=0
shrinkage=0.05


Tree=5
num_leaves=30
num_cat=0
split_feature=3 4 3 7 2 4 4 2 4 7 3 3 8 0 8 4 2 8 4 4 4 4 3 2 3 6 0 0 0
split_gain=3.8752e+07 1.76776e+07 7.27709e+06 6.57389e+06 4.28718e+06 3.42212e+06 6.15888e+06 1.40483e+06 1.2058e+06 779085 1.41817e+06 608822 1.97106e+06 535277 319980 708116 288951 283097 278074 249575 120695 73950.2 52782.7 14330.8 3895.63 4814.22 3529.97 2867.22 185.109
threshold=0.89693937873705265 48480.000000000007 0.96667942604169388 5.5000000000000009 7388.7300000000005 42910.000000000007 44255.000000000007 15665.460000000001 37979.500000000007 1.0000000180025095e-35 0.87172054429816381 0.8676955927561717 4.5000000000000009 34651.950000000004 2.5000000000000004 39052.500000000007 18958.675000000003 2.5000000000000004 48702.000000000007 35692.500000000007 38272.500000000007 43067.500000000007 0.8558569659557177 4143.3350000000009 0.93741082127103403 78.500000000000014 44530.850000000006 44933.500000000007 42098.05000000001
decision_type=2 2 2 2 2 2 2 2 2 2 2 2 2 2 2 2 2 2 2 2 2 2 2 2 2 2 2 2 2
left_child=4 2 5 28 9 8 -7 14 -2 10 19 22 -13 20 15 -6 -15 -12 23 -1 -9 -16 -11 26 27 -26 -3 -20 -4
right_child=1 18 3 -5 7 6 -8 13 -10 11 17 12 -14 16 21 -17 -18 -19 24 -21 -22 -23 -24 -25 25 -27 -28 -29 -30
leaf_value=3.2293061750275749 5.0855929553508759 28.475209350585921 45.85609130859374 -2.9479051613807679 -12.976471710205079 48.40097351074219 8.3846148157596598 -5.2043190002441406 -2.3189345260944081 -3.1027481021528898 25.669590250651051 -0.75952313374604619 19.903358399868011 -7.1664792296706992 -4.3362846395533579 -5.3881703933729934 -13.933120747616417 11.302093982696531 34.265883636474605 -1.1948729025351035 -15.602538146972657 -2.1211685410360013 -1.7843908059721192 26.740745849609375 34.247100524902343 35.513883972167967 29.884326171875003 33.106570434570315 46.181747436523438
leaf_weight=56 112 10.000000000000005 16.000000000000004 9.9999999999999982 34 9.9999999999999982 250 2.9999999999999991 108 363 5.9999999999999973 302 11.999999999999998 93 465 321 19 8 16.000000000000004 74 40 41 96 9.9999999999999982 20 11.999999999999998 7.9999999999999991 7.9999999999999991 5.9999999999999991
leaf_count=28 56 5 8 5 34 5 126 3 60 240 3 173 6 93 414 291 19 4 8 46 40 28 56 5 10 6 4 4 3
internal_value=-0.0791957 11.0672 7.57932 30.6659 -3.51596 6.04022 9.92371 -5.75302 1.45064 -1.03738 2.33927 -1.66641 0.0301411 -10.135 -4.96416 -6.11494 -8.31439 17.4596 32.3268 0.710927 -14.8771 -4.1568 -2.82701 28.2584 34.361 34.7221 29.1015 33.8794 45.9449
internal_weight=2529 596 512 32 1933 480 260 1016 220 917 144 773 314 155 861 355 112 14 84 130 43 506 459 28 56 32 18 24 22
internal_count=1783 305 263 16 1478 247 131 922 116 556 81 475 179 155 767 325 112 7 42 74 43 442 296 14 28 16 9 12 11
is_linear=0
shrinkage=0.05


Tree=6
num_leaves=28
num_cat=0
split_feature=3 4 3 7 3 2 4 0 4 3 0 4 7 1 2 4 5 4 4 1 0 2 0 1 0 0 2
split_gain=3.33516e+07 1.47883e+07 5.13305e+06 6.18939e+06 3.58412e+06 3.00913e+06 2.54056e+06 1.53186e+06 1.49019e+06 1.3559e+06 758726 628944 572382 549808 332369 276928 262107 220374 123647 112639 78783.6 11053.8 4614.44 3414.57 2923.67 2121.37 127.262
threshold=0.89693937873705265 48480.000000000007 0.96667942604169388 5.5000000000000009 0.83120394253954211 3525.7000000000003 47710.000000000007 47230.750000000007 44735.000000000007 0.65490239691557339 34754.950000000004 38272.500000000007 1.0000000180025095e-35 36659.405000000006 18459.985000000004 39497.500000000007 19.500000000000004 48702.000000000007 30732.500000000004 31252.075000000004 41469.700000000004 4143.3350000000009 45840.30000000001 40038.760000000009 44186.250000000007 46718.350000000006 1238.7150000000004
decision_type=2 2 2 2 2 2 2 2 2 2 2 2 2 2 2 2 2 2 2 2 2 2 2 2 2 2 2
left_child=4 2 5 20 9 8 -7 12 -2 10 11 -1 13 -6 -12 18 -14 21 -11 -17 -4 24 23 -19 -3 -24 -5
right_child=1 17 3 26 7 6 -8 -9 -10 15 14 -13 16 -15 -16 19 -18 22 -20 -21 -22 -23 25 -25 -26 -27 -28
leaf_value=-4.8339788891020277 0.7124439481461402 27.051448669433576 43.563287353515619 -3.072569847106934 1.783718403254714 15.865190376019946 -3.232343183244978 24.733517456054688 7.2662801236110299 0.16361205188127667 -5.4756842897293421 -15.031631102385345 -0.35482588712068708 17.337901814778647 -10.303149023923007 -5.6754021482176142 -2.5206422207306844 32.918611363002235 -3.3751117009608471 -3.9905213110787532 36.844920857747397 25.456884765625002 34.087528483072923 31.936048380533858 28.260512084960936 32.757937622070308 -2.7469143191973369
leaf_weight=21 202 10.000000000000005 16.000000000000004 5.9999999999999982 107 102 21 5.9999999999999991 152 26 188 54 325 5.9999999999999991 44 229 245 13.999999999999998 488 175 5.9999999999999991 7.9999999999999991 5.9999999999999982 24 9.9999999999999982 6 6
leaf_count=21 108 5 8 3 55 51 11 3 76 13 179 54 179 3 44 221 151 7 381 156 3 4 3 12 5 3 3
internal_value=-0.103592 10.3007 7.20533 25.9754 -3.30532 5.86742 12.6046 -0.420304 3.52652 -4.928 -7.80452 -12.1763 -0.641274 2.6096 -6.39124 -3.96602 -1.28575 30.5791 -3.19611 -4.94557 41.731 27.0277 32.568 32.298 27.656 33.4227 -2.90974
internal_weight=2503 589 511 34 1914 477 123 689 354 1225 307 75 683 113 232 918 570 78 514 404 22 28 50 38 20 12 12
internal_count=1762 302 263 17 1460 246 62 391 184 1069 298 75 388 58 223 771 330 39 394 377 11 14 25 19 10 6 6
is_linear=0
shrinkage=0.05


Tree=7
num_leaves=28
num_cat=0
split_feature=3 1 7 7 8 3 3 2 7 3 3 2 1 8 5 7 0 2 7 5 3 8 2 7 8 6 1
split_gain=3.18389e+07 8.58009e+06 1.01812e+07 5.11366e+06 4.96943e+06 3.22431e+06 3.05493e+06 1.51468e+06 1.26922e+06 1.66918e+06 1.5692e+06 1.14566e+06 875962 771856 1.03727e+06 771339 462031 384390 507038 391576 332979 481393 260277 68024.9 20080.4 13554.3 6664.79
threshold=0.89625683991075356 37330.165000000008 1.0000000180025095e-35 5.5000000000000009 1.5000000000000002 0.83324009477560035 0.94237521395795587 15665.460000000001 5.5000000000000009 0.91252564406869963 0.90365035115897141 4087.4350000000004 41262.280000000006 4.5000000000000009 19.500000000000004 1.0000000180025095e-35 35469.200000000004 4162.3150000000014 2.5000000000000004 18.500000000000004 0.74290280929714181 2.5000000000000004 18958.675000000003 1.5000000000000002 1.5000000000000002 74.500000000000014 36575.780000000006
decision_type=2 2 2 2 2 2 2 2 2 2 2 2 2 2 2 2 2 2 2 2 2 2 2 2 2 2 2
left_child=5 8 11 6 -5 7 -4 20 17 10 -10 24 13 15 -15 -7 25 18 -2 -19 21 -1 -18 -22 -3 -9 -11
right_child=1 2 3 4 -6 12 -8 16 9 26 -12 -13 -14 14 -16 -17 22 19 -20 -21 23 -23 -24 -25 -26 -27 -28
leaf_value=-6.9937446291484537 2.9248343484840174 -1.2442937175432842 20.169490035829092 25.626459312438968 0.49011012409247612 3.3291096952772636 34.166609093450731 -11.614465659005303 -5.461665573120114 -2.9164155960083011 25.855277023315434 20.951191711425782 18.706513468424479 26.832241948445638 -0.66950389146804812 -1.5351433438647026 -6.5065250568175585 19.726668294270837 -2.6212484094831683 3.5696068191528321 -2.5420552010889406 -3.8221039228735529 -13.258353109920726 -3.6527682319400818 -3.0664295105707078 -14.008737945556641 -0.71193346977233884
leaf_weight=189 174 54 105 32 51 97 62 6.9999999999999991 5.0000000000000027 7.9999999999999982 20 5.9999999999999991 5.9999999999999991 5.9999999999999991 7.9999999999999991 510 89 5.9999999999999991 54 9.9999999999999982 216 326 17 381 21 38 6
leaf_count=187 94 27 53 16 26 50 31 7 3 4 10 3 3 3 4 300 89 3 28 5 158 284 17 317 11 38 3
internal_value=-0.023933 9.86794 15.3332 20.3247 10.1812 -3.23748 25.366 -4.69257 3.4757 11.8511 19.5919 -0.0725893 -0.306416 -0.490116 11.117 -0.757824 -9.39143 2.13701 1.61129 9.6285 -4.05451 -4.98607 -7.58937 -3.2509 -1.75449 -13.6363 -1.97164
internal_weight=2504 614 331 250 83 1890 167 1263 283 39 25 81 627 621 14 607 151 244 228 16 1112 515 106 597 75 45 14
internal_count=1774 317 167 126 42 1457 84 1097 150 20 13 41 360 357 7 350 151 130 122 8 946 471 106 475 38 45 7
is_linear=0
shrinkage=0.05


Tree=8
num_leaves=27
num_cat=0
split_feature=3 4 4 4 7 2 2 0 0 4 8 0 7 4 0 3 8 4 2 4 2 0 3 2 0 5
split_gain=2.84621e+07 1.27798e+07 4.61242e+06 8.85045e+06 4.09188e+06 3.28435e+06 1.44463e+06 1.21237e+06 1.12612e+06 972147 934768 2.16105e+06 815838 593626 424578 384144 419346 237271 219663 88988.6 12426.2 9589.19 2894 3305.89 2790.99 1321.82
threshold=0.89810456304835184 48480.000000000007 44735.000000000007 47710.000000000007 5.5000000000000009 6152.1250000000009 15665.460000000001 47230.750000000007 41390.650000000009 37979.500000000007 4.5000000000000009 38336.700000000004 1.0000000180025095e-35 48055.000000000007 34651.950000000004 0.74290280929714181 2.5000000000000004 48702.000000000007 18958.675000000003 35865.000000000007 4143.3350000000009 34360.900000000009 0.93920391088143762 3007.2400000000002 44186.250000000007 18.500000000000004
decision_type=2 2 2 2 2 2 2 2 2 2 2 2 2 2 2 2 2 2 2 2 2 2 2 2 2 2
left_child=5 2 8 4 -4 7 15 10 9 -2 12 -12 -1 -5 21 16 -7 20 -16 -17 24 -8 23 -19 -3 -24
right_child=1 17 3 13 -6 6 14 -9 -10 -11 11 -13 -14 -15 18 19 -18 22 -20 -21 -22 -23 25 -25 -26 -27
leaf_value=3.6933979520992359 4.3927163796909792 24.417554016113264 26.53930693835747 6.3841040802001956 10.32229909252476 -6.5839529238249135 -13.167592834844823 22.561515808105469 20.195828390121463 -1.9227374138340119 0.96895251274108873 35.618400573730469 -1.3330787874807049 -1.849401648692143 -6.1531259578207269 -1.4945041398939334 -3.6632948473952283 31.291848754882796 -12.058389442845396 -3.1409387892949248 22.849542541503908 -10.239162826538086 29.923891703287751 29.936635335286457 25.59886413574219 29.229692459106445
leaf_weight=98 118 10.000000000000005 82 30 74 190 41 5.9999999999999991 7.9999999999999991 126 18.000000000000004 5.9999999999999991 458 81 92 95 348 6.0000000000000027 19 603 9.9999999999999982 2.9999999999999991 12.000000000000002 18 9.9999999999999982 15.999999999999998
leaf_count=49 59 5 41 15 37 188 41 3 4 70 9 3 273 41 92 55 302 3 19 471 5 3 6 9 5 8
internal_value=-0.0419452 9.48664 6.58851 11.1678 18.8466 -2.9386 -4.26134 0.201235 1.73668 1.13146 -0.0300785 9.63131 -0.447117 0.37587 -8.81152 -3.69073 -4.69475 27.8297 -7.16394 -2.91685 24.2887 -12.9679 29.8725 30.2754 25.0082 29.5272
internal_weight=2578 601 519 267 156 1977 1391 586 252 244 580 24 556 111 155 1236 538 82 111 698 30 44 52 24 20 28
internal_count=1816 308 267 134 78 1508 1171 337 133 129 334 12 322 56 155 1016 490 41 111 526 15 44 26 12 10 14
is_linear=0
shrinkage=0.05


Tree=9
num_leaves=27
num_cat=0
split_feature=3 4 3 7 2 4 3 4 0 3 8 1 7 2 8 4 4 4 1 4 0 2 0 0 0 0
split_gain=2.50451e+07 1.2281e+07 3.78801e+06 4.24917e+06 3.02083e+06 2.07141e+06 4.62588e+06 1.46361e+06 1.15052e+06 1.14397e+06 863209 602129 552911 1.14203e+06 399092 212930 150754 113289 98222.3 87129.1 31160 12665.1 2791.02 7260.89 1666.75 641.632
threshold=0.89693937873705265 48480.000000000007 0.96667942604169388 5.5000000000000009 6663.0300000000016 42910.000000000007 0.91342458700422147 36767.500000000007 47230.750000000007 0.6585507388115609 2.5000000000000004 23472.825000000001 1.0000000180025095e-35 5208.4900000000007 4.5000000000000009 48702.000000000007 39497.500000000007 39052.500000000007 31999.445000000003 43067.500000000007 41680.400000000001 4143.3350000000009 43921.350000000013 44715.100000000006 45152.000000000007 42648.000000000007
decision_type=2 2 2 2 2 2 2 2 2 2 2 2 2 2 2 2 2 2 2 2 2 2 2 2 2 2
left_child=4 2 5 20 8 7 -7 -2 12 10 11 -6 13 -1 -14 21 17 -11 -18 -12 -4 24 25 -24 -3 -17
right_child=1 15 3 -5 9 6 -8 -9 -10 16 19 -13 14 -15 -16 22 18 -19 -20 -21 -22 -23 23 -25 -26 -27
leaf_value=18.798678283691409 11.564569727579753 23.58756125313894 34.889229329427074 -3.4172714042663568 -13.046995112475228 18.38438389078776 3.803451169184362 -0.31503878213972325 21.433441162109375 -3.1043732016868173 -4.5517697647327688 -6.9846642429388837 -1.4245551212678436 1.1080135574707619 3.9945376528633965 28.681874847412104 -4.6733925300732002 -0.62969318335911018 -3.1548256506639372 -0.40188624220235014 38.917774200439453 21.707065124511718 26.54781188964844 28.477457604041469 24.583610026041669 29.288176472981771
leaf_weight=9.9999999999999982 30 14.000000000000005 12.000000000000002 10.000000000000002 68 75 198 191 5.9999999999999991 363 131 103 604 104 36 16.000000000000004 285 53 170 13.999999999999998 7.9999999999999991 9.9999999999999982 5.9999999999999991 26 5.9999999999999991 5.9999999999999991
leaf_count=5 15 7 6 5 68 38 99 103 3 298 130 103 354 54 20 8 274 30 135 7 4 5 3 13 3 3
internal_value=-0.0697357 8.78891 5.94373 23.1947 -2.83607 4.89611 7.8092 1.29758 -0.374746 -4.41198 -6.989 -9.39542 -0.548286 2.65983 -1.11973 26.5374 -3.47704 -2.78909 -4.10602 -4.15109 36.5006 23.1599 28.4137 28.1156 23.8864 28.8472
internal_weight=2555 608 524 30 1947 494 273 221 760 1187 316 171 754 114 640 84 871 416 455 145 20 30 54 32 20 22
internal_count=1793 312 270 15 1481 255 137 118 436 1045 308 171 433 59 374 42 737 328 409 137 10 15 27 16 10 11
is_linear=0
shrinkage=0.05


end of trees

feature_importances:
thermal_on_capacity=56
thermal_space_load_ratio=46
total_load=44
renewable_power=44
weekday=32
month=21
net_load=14
period=12
hour=5

parameters:
[boosting: gbdt]
[objective: regression]
[metric: rmse]
[tree_learner: serial]
[device_type: cpu]
[data_sample_strategy: bagging]
[data: ]
[valid: ]
[num_iterations: 400]
[learning_rate: 0.05]
[num_leaves: 31]
[num_threads: 0]
[seed: 42]
[deterministic: 0]
[force_col_wise: 0]
[force_row_wise: 0]
[histogram_pool_size: -1]
[max_depth: 5]
[min_data_in_leaf: 3]
[min_sum_hessian_in_leaf: 0.001]
[bagging_fraction: 0.85]
[pos_bagging_fraction: 1]
[neg_bagging_fraction: 1]
[bagging_freq: 1]
[bagging_seed: 400]
[bagging_by_query: 0]
[feature_fraction: 0.85]
[feature_fraction_bynode: 1]
[feature_fraction_seed: 30056]
[extra_trees: 0]
[extra_seed: 12879]
[early_stopping_round: 0]
[early_stopping_min_delta: 0]
[first_metric_only: 0]
[max_delta_step: 0]
[lambda_l1: 0]
[lambda_l2: 0]
[linear_lambda: 0]
[min_gain_to_split: 0]
[drop_rate: 0.1]
[max_drop: 50]
[skip_drop: 0.5]
[xgboost_dart_mode: 0]
[uniform_drop: 0]
[drop_seed: 17869]
[top_rate: 0.2]
[other_rate: 0.1]
[min_data_per_group: 100]
[max_cat_threshold: 32]
[cat_l2: 10]
[cat_smooth: 10]
[max_cat_to_onehot: 4]
[top_k: 20]
[monotone_constraints: ]
[monotone_constraints_method: basic]
[monotone_penalty: 0]
[feature_contri: ]
[forcedsplits_filename: ]
[refit_decay_rate: 0.9]
[cegb_tradeoff: 1]
[cegb_penalty_split: 0]
[cegb_penalty_feature_lazy: ]
[cegb_penalty_feature_coupled: ]
[path_smooth: 0]
[interaction_constraints: ]
[verbosity: -1]
[saved_feature_importance_type: 0]
[use_quantized_grad: 0]
[num_grad_quant_bins: 4]
[quant_train_renew_leaf: 0]
[stochastic_rounding: 1]
[linear_tree: 0]
[max_bin: 255]
[max_bin_by_feature: ]
[min_data_in_bin: 3]
[bin_construct_sample_cnt: 200000]
[data_random_seed: 175]
[is_enable_sparse: 1]
[enable_bundle: 1]
[use_missing: 1]
[zero_as_missing: 0]
[feature_pre_filter: 1]
[pre_partition: 0]
[two_round: 0]
[header: 0]
[label_column: ]
[weight_column: ]
[group_column: ]
[ignore_column: ]
[categorical_feature: ]
[forcedbins_filename: ]
[precise_float_parser: 0]
[parser_config_file: ]
[objective_seed: 16083]
[num_class: 1]
[is_unbalance: 0]
[scale_pos_weight: 1]
[sigmoid: 1]
[boost_from_average: 1]
[reg_sqrt: 0]
[alpha: 0.9]
[fair_c: 1]
[poisson_max_delta_step: 0.7]
[tweedie_variance_power: 1.5]
[lambdarank_truncation_level: 30]
[lambdarank_norm: 1]
[label_gain: ]
[lambdarank_position_bias_regularization: 0]
[eval_at: ]
[multi_error_top_k: 1]
[auc_mu_weights: ]
[num_machines: 1]
[local_listen_port: 12400]
[time_out: 120]
[machine_list_filename: ]
[machines: ]
[gpu_platform_id: -1]
[gpu_device_id: -1]
[gpu_use_dp: 0]
[num_gpu: 1]

end of parameters

pandas_categorical:[]
