tree
version=v4
num_class=1
num_tree_per_iteration=1
label_index=0
max_feature_idx=10
objective=regression
feature_names=total_load net_load renewable_power thermal_space_load_ratio thermal_on_capacity hour period weekday month is_weekend is_holiday
feature_infos=[25280.099999999999:48191.599999999999] [544.02999999999884:45809.809999999998] [1819.72:28713.84] [0.020645672996645218:0.95618232798578862] [27170:49115] [16:17] [67:72] [0:6] [1:5] [0:1] none
tree_sizes=2306 2576 2233 2570 2470 2549 2390 2227 2536 2241 2582 2380 2466 2484 2563 2360 2514 2491 2462 2488 2266 2738 2501 2531 2181 2378 1819 2055 1658 1841 2003 2635 2365

Tree=0
num_leaves=25
num_cat=0
split_feature=2 2 4 1 4 0 2 0 1 4 2 6 4 1 2 8 1 4 2 4 4 2 6 8
split_gain=3.44952e+07 6.01929e+06 5.33476e+06 2.53488e+06 2.35737e+06 4.28005e+06 1.55939e+06 1.05444e+06 580879 665294 580848 559232 381838 335832 162618 127323 106325 91581.2 79093.3 73088.7 51296.3 2579.57 1212.87 1034.27
threshold=4435.2300000000005 7610.3150000000014 48480.000000000007 14777.825000000006 44735.000000000007 40602.900000000009 4090.8500000000008 46315.850000000013 22252.260000000006 38272.500000000007 6537.2250000000013 67.500000000000014 44255.000000000007 36038.745000000003 14408.835000000001 3.5000000000000004 10362.115000000002 44395.000000000007 3480.1950000000002 38272.500000000007 36349.500000000007 3697.6850000000004 70.500000000000014 4.5000000000000009
decision_type=2 2 2 2 2 2 2 2 2 2 2 2 2 2 2 2 2 2 2 2 2 2 2 2
left_child=2 7 4 16 12 13 -7 10 9 -5 11 -2 15 -6 -10 -1 23 -14 22 -18 -12 -20 -4 -3
right_child=1 3 18 8 5 6 -8 -9 14 -11 20 -13 17 -15 -16 -17 19 -19 21 -21 -22 -23 -24 -25
leaf_value=367.59254087501563 381.37081913471684 350.80908147483865 416.79329052024877 362.87126253909042 409.122291374741 392.34220799181657 371.6098487272472 392.49554144594867 365.03458849718163 355.20786617332499 372.06420755439797 371.91461659653197 387.13087495221492 423.61004161888161 361.39744088907554 378.14754085594217 356.25105829621185 378.39487489117977 412.39754161888163 351.85193402480024 367.23849610339414 410.9313754404962 417.73370698346491 351.59684093528784
leaf_weight=10.000000000000002 18 25.000000000000004 8.0000000000000018 97 7.9999999999999991 30 12.999999999999998 5.9999999999999991 252 40 5.9999999999999991 119 5.9999999999999982 7.9999999999999991 35 3.9999999999999991 29 6 5.9999999999999982 13.999999999999998 67 6 5.9999999999999991 4.9999999999999991
leaf_count=7 9 25 4 97 4 15 7 3 227 40 4 69 3 4 35 2 29 3 3 14 44 3 3 5
internal_value=368.896 364.859 394.824 361.831 388.761 394.289 386.074 371.828 363.312 360.634 371.238 373.157 376.218 416.366 364.591 370.608 353.225 382.763 414.643 354.819 367.635 411.664 417.196 350.94
internal_weight=824 713 111 497 85 59 43 216 424 137 210 137 26 16 287 14 73 12 26 43 73 12 14 30
internal_count=659 601 58 472 45 30 22 129 399 137 126 78 15 8 262 9 73 6 13 43 48 6 7 30
is_linear=0
shrinkage=1


Tree=1
num_leaves=28
num_cat=0
split_feature=3 3 3 7 1 2 7 2 2 5 1 0 7 2 8 2 8 0 1 3 1 3 0 8 8 0 1
split_gain=3.2204e+07 4.68491e+06 4.03676e+06 3.97909e+06 1.85876e+06 1.41969e+06 1.06886e+06 2.15927e+06 1.38307e+06 998416 947765 862992 1.20352e+06 986122 459692 338418 302470 199042 186923 115209 102616 32868.8 29936.5 25915.5 23502.6 18004.3 9954.56
threshold=0.88145586859662395 0.62176242024054673 0.89821339459075411 1.0000000180025095e-35 39316.070000000014 7253.8300000000008 5.5000000000000009 3480.1950000000002 3570.0150000000003 16.500000000000004 13238.220000000003 39501.100000000013 4.5000000000000009 5224.7100000000009 3.5000000000000004 5478.4950000000008 2.5000000000000004 35710.80000000001 19419.750000000004 0.75138807276022479 14777.825000000006 0.37305265793464665 43856.400000000009 4.5000000000000009 3.5000000000000004 34044.80000000001 34275.830000000009
decision_type=2 2 2 2 2 2 2 2 2 2 2 2 2 2 2 2 2 2 2 2 2 2 2 2 2 2 2
left_child=1 10 9 4 -4 15 8 -8 -5 -2 21 12 -11 -13 18 16 -3 -17 -12 24 -16 25 -6 -23 -7 -1 -21
right_child=2 5 3 6 22 19 7 -9 -10 11 14 13 -14 -15 20 17 -18 -19 -20 26 -22 23 -24 -25 -26 -27 -28
leaf_value=-17.358182686253599 30.103989537556966 0.39840223448617118 33.181100790841221 45.903526306152344 -0.067110395431518519 -5.1058952013663248 0.51622290611267063 35.688403367996216 25.614887491861982 3.1049272537231452 -15.473360490798951 0.80676116545995091 33.622064099993018 23.011738014221194 -10.397086105346681 5.1538368236450927 9.7198672501937207 -0.20074756526947024 -10.030022563105044 -2.8924714257445516 -5.9033642573528979 -15.497491455078128 4.2584289550781254 -9.8058862050374316 -3.9706587052345279 -14.748426151275636 -1.8584737763260351
leaf_weight=38 5.9999999999999991 13.999999999999998 7.0000000000000027 28 6.0000000000000027 106 6.0000000000000027 15.999999999999998 11.999999999999998 5.9999999999999982 24 30 7 5.9999999999999991 14.999999999999998 21 23 100 46 79 83 5.9999999999999982 11.999999999999998 3 80 7.9999999999999991 33
leaf_count=38 3 8 4 14 3 102 3 8 6 3 24 16 4 3 15 13 12 63 46 64 83 6 6 3 76 8 21
internal_value=-0.199103 -4.72769 21.4552 28.1581 11.3186 -1.82329 34.9482 26.096 39.8169 10.8524 -10.6667 8.49505 19.5372 4.50759 -8.80165 2.00817 6.19283 0.72856 -11.8963 -3.85474 -6.59118 -16.3637 2.81658 -13.6003 -4.61762 -16.9043 -2.58781
internal_weight=821 679 142 87 25 456 62 22 40 55 223 49 13 36 168 158 37 121 70 298 98 55 18 9 186 46 112
internal_count=655 582 73 44 13 359 31 11 20 29 223 26 7 19 168 96 20 76 70 263 98 55 9 9 178 46 85
is_linear=0
shrinkage=0.05


Tree=2
num_leaves=25
num_cat=0
split_feature=3 4 3 8 4 3 7 4 4 2 4 4 3 4 3 0 3 8 4 1 1 8 3 0
split_gain=2.61853e+07 4.61214e+06 4.31927e+06 3.62417e+06 3.0373e+06 1.67901e+06 1.58133e+06 943975 2.56325e+06 763991 474703 735470 390940 253524 330082 247390 232046 232875 38801.2 29023.8 28370.3 26980 19524.5 1438.13
threshold=0.8864706689676517 48480.000000000007 0.76632907225117164 2.5000000000000004 44735.000000000007 0.51182261861442402 5.5000000000000009 48015.000000000007 46650.000000000007 6661.8450000000012 37162.000000000007 36212.500000000007 0.86666694403780087 38272.500000000007 0.38006841585734324 34505.600000000013 0.64115775354633187 2.5000000000000004 48702.000000000007 18643.000000000004 23797.950000000008 1.5000000000000002 0.82036021886572408 46405.450000000004
decision_type=2 2 2 2 2 2 2 2 2 2 2 2 2 2 2 2 2 2 2 2 2 2 2 2
left_child=2 3 5 7 -5 13 -6 8 -2 10 11 -4 -12 14 -1 -11 17 -7 -3 -15 -18 -9 -17 -20
right_child=1 18 9 4 6 16 -8 21 -10 15 12 -13 -14 19 -16 22 20 -19 23 -21 -22 -23 -24 -25
leaf_value=-14.945749593664098 3.1650763364938594 38.887670135498034 -0.64409632682800311 3.7865813910961155 52.195422363281239 -9.6457369009653746 26.526645358403524 2.936910874502999 25.824996137619021 9.4042810058593744 0.25489667579531672 22.513631820678707 6.1892920338377664 -16.296636491663318 -7.7539315835023546 -2.3359668752882214 -5.6692366086519685 -5.2704413126750165 42.667620849609378 -11.7939754486084 -3.8907429077873936 -0.70302379429340345 -0.99659345577924674 43.691648864746099
leaf_weight=27 26 8.0000000000000018 5.9999999999999973 7.9999999999999991 12 48 12 14 24 4.9999999999999991 64 8 49 34 39 90 26 83 5.9999999999999991 3.9999999999999991 163 8 39 7.9999999999999991
leaf_count=27 15 4 4 4 6 48 6 7 12 3 42 4 26 34 39 68 26 83 3 4 150 4 24 4
internal_value=-0.0817518 20.8665 -3.93501 16.4667 30.4674 -7.05008 39.361 10.2442 14.0418 1.12548 3.9042 12.5889 2.82822 -12.5692 -10.696 -1.50808 -5.25635 -6.8736 41.6655 -15.8227 -4.1354 1.6133 -1.93104 43.2528
internal_weight=811 126 685 104 32 424 24 72 50 261 127 14 113 104 66 134 320 131 22 38 189 22 129 14
internal_count=647 65 582 54 16 411 12 38 27 171 76 8 68 104 66 95 307 131 11 38 176 11 92 7
is_linear=0
shrinkage=0.05


Tree=3
num_leaves=28
num_cat=0
split_feature=2 4 3 7 7 4 4 2 3 4 4 1 4 4 2 0 0 3 0 1 4 0 4 4 6 0 1
split_gain=2.62895e+07 6.31516e+06 3.54888e+06 2.37505e+06 3.27908e+06 1.83288e+06 1.68352e+06 1.1669e+06 1.02433e+06 1.32661e+06 972629 633386 586695 389514 326911 207475 130228 128302 90607 72158.3 63549.8 38170.9 35282.1 30933.8 19250.7 8023.47 6491.4
threshold=5103.9450000000006 48480.000000000007 0.59022255058865525 4.5000000000000009 5.5000000000000009 44810.000000000007 44810.000000000007 7610.3150000000014 0.9053761446508084 48055.000000000007 36349.500000000007 14777.825000000006 36212.500000000007 38452.500000000007 5478.4950000000008 41447.700000000004 43395.950000000004 0.73052778340305002 31745.700000000004 12567.495000000003 48702.000000000007 34044.80000000001 34732.500000000007 35865.000000000007 67.500000000000014 44640.600000000006 41369.210000000006
decision_type=2 2 2 2 2 2 2 2 2 2 2 2 2 2 2 2 2 2 2 2 2 2 2 2 2 2 2
left_child=1 3 11 8 6 -6 -5 10 15 -10 12 19 -4 24 -12 -1 -15 18 -9 21 25 -2 -21 -19 -13 -3 -22
right_child=2 20 7 4 5 -7 -8 17 9 -11 14 13 -14 16 -16 -17 -18 23 -20 22 26 -23 -24 -25 -26 -27 -28
leaf_value=6.0934646789844225 -15.497750322208848 34.815544637044262 -0.53369366327921541 19.974285984039302 23.568328425089515 -1.5867793015071325 49.585650126139313 -9.3516233062744138 22.163487417047676 2.4747568896838601 4.8203880799668184 -7.0092592239379883 18.615314229329424 -13.537965840306777 -1.1612040223613862 -0.78031197598105984 -6.6531395806206604 -0.23083097139994302 -4.4618190786573626 -9.3366968154907202 39.744272613525375 -11.51633006504604 -13.225258363996232 -2.9043260270898994 -5.107321069754807 37.401318359374997 41.655139770507816
leaf_weight=26 43 6.0000000000000018 6.0000000000000009 8 15.000000000000002 13.999999999999998 12 9.9999999999999982 22 13.999999999999998 28 18 12 29 124 19 8.9999999999999982 11.999999999999998 180 10.000000000000002 8.0000000000000018 6.9999999999999991 13.999999999999998 110 51 6 9.9999999999999982
leaf_count=14 43 3 4 4 9 7 6 10 12 7 14 18 6 29 81 10 9 7 176 10 4 7 14 92 51 3 5
internal_value=0.0575973 18.2487 -4.3324 13.4768 22.166 11.4245 37.7411 -2.09072 8.22034 14.5068 1.24214 -10.302 12.2323 -7.84224 -0.0593318 3.1912 -11.9073 -3.9067 -4.71918 -13.8586 38.9269 -14.9404 -11.605 -2.64136 -5.60348 36.1084 40.8059
internal_weight=823 160 663 130 49 29 20 482 81 36 170 181 18 107 152 45 38 312 190 74 30 50 24 122 69 12 18
internal_count=655 84 571 69 26 16 10 390 43 19 105 181 10 107 95 24 38 285 186 74 15 50 24 99 69 6 9
is_linear=0
shrinkage=0.05


Tree=4
num_leaves=27
num_cat=0
split_feature=3 3 3 7 2 2 6 5 1 0 0 0 8 8 0 0 1 3 0 3 8 1 3 1 0 0
split_gain=2.3554e+07 3.85676e+06 2.32556e+06 1.80679e+06 1.2936e+06 1.09091e+06 1.39308e+06 1.04054e+06 965471 964718 457850 623907 373335 281727 355998 303078 270163 160152 195988 85302.6 63510.4 31775.9 30339.9 23466 3734.67 1097.83
threshold=0.88553026188836392 0.64115775354633187 0.9024162167492602 1.0000000180025095e-35 6661.8450000000012 2677.7000000000003 69.500000000000014 16.500000000000004 14777.825000000006 43033.55000000001 46315.850000000013 41380.200000000004 3.5000000000000004 2.5000000000000004 44904.150000000001 35144.000000000007 21657.925000000003 0.76632907225117164 34505.600000000013 0.38006841585734324 3.5000000000000004 18540.995000000006 0.95378188686025489 23797.950000000008 33967.30000000001 45326.750000000007
decision_type=2 2 2 2 2 2 2 2 2 2 2 2 2 2 2 2 2 2 2 2 2 2 2 2 2 2
left_child=1 8 7 9 13 22 -7 -2 19 -4 11 -9 16 14 -3 -15 -10 23 -19 24 -21 -14 -5 -6 -1 -11
right_child=2 4 3 5 17 6 -8 10 12 25 -12 -13 21 15 -16 -17 -18 18 -20 20 -22 -23 -24 -25 -26 -27
leaf_value=-14.954147411528091 27.800612974166871 -0.96365793560232449 24.642030715942372 38.039654541015629 -5.0328830842048902 37.503747558593751 18.402602963447574 11.336619673834907 -12.898574846441097 1.7482338736454648 21.335846455891929 -0.8912280363195082 -5.98132268393912 19.111390686035158 6.5428070003336138 4.7975259430554447 -6.8840899534003688 8.2010665893554684 -1.8881546186846359 -14.031573937155981 -8.9546354021344872 -4.1984029293060301 42.537051391601565 -3.5267353360469529 -13.775425481796265 2.7047146479288737
leaf_weight=42 7.9999999999999991 56 8.0000000000000018 9.9999999999999982 31 13.999999999999998 30 27 33 5.9999999999999982 5.9999999999999991 17 41 3.9999999999999991 22 49 43 4.9999999999999991 129 11.000000000000002 13.999999999999998 64 5.9999999999999991 156 7.9999999999999991 6
leaf_count=42 4 36 5 5 31 7 15 14 33 3 3 9 41 2 11 28 43 3 94 11 14 64 3 144 8 3
internal_value=-0.216176 -3.8995 18.6809 24.2075 -1.12225 28.5458 24.4802 11.0579 -8.80309 11.1927 8.37906 6.61222 -6.82652 3.06489 1.15355 5.87782 -9.49564 -2.83102 -1.51169 -13.5732 -11.1885 -4.89459 39.7262 -3.77642 -14.7656 2.22647
internal_weight=846 708 138 80 452 60 44 58 256 20 50 44 181 131 78 53 76 321 134 75 25 105 16 187 50 12
internal_count=676 605 71 41 349 30 22 30 256 11 26 23 181 77 47 30 76 272 97 75 25 105 8 175 50 6
is_linear=0
shrinkage=0.05


Tree=5
num_leaves=28
num_cat=0
split_feature=3 3 3 7 0 0 4 2 6 0 2 4 4 3 6 8 4 3 6 7 2 4 3 0 7 2 8
split_gain=2.18927e+07 3.70764e+06 2.90438e+06 2.18597e+06 1.23919e+06 1.13331e+06 1.44062e+06 1.01281e+06 1.1804e+06 907110 724304 421231 546393 410261 404828 383539 359143 112835 108337 79454.4 68522.7 67804 40492.3 28722.2 75057.2 5029.72 1243.26
threshold=0.86666694403780087 0.89821339459075411 0.57039551159891977 1.0000000180025095e-35 46818.55000000001 41240.150000000009 44255.000000000007 2677.7000000000003 69.500000000000014 43033.55000000001 7610.3150000000014 36349.500000000007 36212.500000000007 0.38006841585734324 68.500000000000014 2.5000000000000004 48222.000000000007 0.67536341066997652 71.500000000000014 1.0000000180025095e-35 18673.055000000004 46250.000000000007 0.76249048707415124 34157.750000000007 5.5000000000000009 3418.4350000000009 4.5000000000000009
decision_type=2 2 2 2 2 2 2 2 2 2 2 2 2 2 2 2 2 2 2 2 2 2 2 2 2 2 2
left_child=2 4 13 9 5 6 -2 18 -9 -3 11 12 -4 23 -7 19 -13 21 -5 -15 -17 -12 -19 26 -25 -11 -1
right_child=1 3 10 7 -6 14 -8 8 -10 25 17 16 -14 15 -16 20 -18 22 -20 -21 -22 -23 -24 24 -26 -27 -28
leaf_value=-14.316817177666559 0.28857990713680493 23.409929275512685 -0.96024549484252919 39.691491190592444 30.529883829752606 16.387153697013854 18.115089854072121 36.490140279134117 18.101701766252518 1.6448808809121449 -4.4171787949859116 -0.99222795926034457 15.568407897949218 -4.7071310679117842 -0.29575535118579865 -5.5303426554945654 12.667427139282227 -3.3815482719570187 32.17979011535644 -13.195606770234949 -8.9028266525268549 -8.6997500610351572 -1.9372722295490474 -14.321915181477866 -4.6357658386230458 3.4760414505004884 -13.53940862019857
leaf_weight=36 17 8.0000000000000018 10 12 5.9999999999999991 3.9999999999999991 34 11.999999999999998 32 5.9999999999999991 122 128 10 2.9999999999999991 40 61 4.9999999999999991 141 8 34 20 9.9999999999999982 74 5.9999999999999982 3 9.9999999999999982 5.9999999999999991
leaf_count=36 10 5 7 6 3 2 17 6 16 3 122 83 5 3 21 61 3 130 4 34 20 10 57 6 3 5 6
internal_value=0.00256621 15.0291 -4.2426 22.5316 8.49224 7.10039 12.1729 27.3574 23.1167 9.66288 -2.32727 0.538651 7.30408 -9.90923 1.22087 -8.28966 -0.478707 -3.59092 36.6868 -12.5074 -6.36305 -4.74162 -2.88445 -13.6565 -11.0932 2.78936 -14.2058
internal_weight=858 189 669 88 101 95 51 64 44 24 500 153 20 169 44 118 133 347 20 37 81 132 215 51 9 16 42
internal_count=684 98 586 45 53 50 27 32 22 13 417 98 12 169 23 118 86 319 10 37 81 132 187 51 9 8 42
is_linear=0
shrinkage=0.05


Tree=6
num_leaves=25
num_cat=0
split_feature=2 3 4 7 7 4 1 1 3 2 4 4 4 3 3 4 7 0 3 4 4 0 0 0
split_gain=2.05075e+07 3.58975e+06 3.44163e+06 1.56274e+06 1.66137e+06 1.88186e+06 1.33779e+06 1.2235e+06 921933 694442 769989 473301 800287 358009 277218 417700 156275 85252.3 77872.7 67133.2 34259.9 17641.3 13641.9 2260.42
threshold=4763.8150000000014 0.76249048707415124 48480.000000000007 4.5000000000000009 5.5000000000000009 44810.000000000007 40586.275000000001 14706.950000000001 0.91047153557029792 3959.1000000000004 48055.000000000007 36349.500000000007 36212.500000000007 0.84765370560816555 0.59022255058865525 38272.500000000007 1.5000000000000002 32189.650000000005 0.37305265793464665 36337.500000000007 48702.000000000007 44640.600000000006 34044.80000000001 43492.150000000009
decision_type=2 2 2 2 2 2 2 2 2 2 2 2 2 2 2 2 2 2 2 2 2 2 2 2
left_child=2 7 3 9 8 -6 11 18 -5 10 -1 12 -3 -13 15 -9 -11 -16 22 -20 21 -4 -2 -22
right_child=1 6 20 4 5 -7 -8 14 -10 16 -12 13 -14 -15 17 -17 -18 -19 19 -21 23 -23 -24 -25
leaf_value=18.690024248758952 -13.435146656036379 -0.71035113930702209 29.871841430664052 20.338642692565912 25.252588360126197 -3.5981191253662113 19.071749849319456 -4.7506778227316371 43.111155395507815 6.935191345214843 2.1762620139122011 -1.7083303718557283 16.370961888631182 2.2563913937409721 -8.0314141273498532 -11.199841920953048 -0.53559034892490931 -3.7070867372504419 -7.5983399629592885 -12.339399337768555 34.555908203125 33.70603942871093 -11.173350095748901 35.783484497070312
leaf_weight=24 40 15.999999999999998 6.0000000000000018 8.0000000000000018 13.000000000000002 9.9999999999999982 9.9999999999999982 74 9.9999999999999982 14.000000000000002 9.9999999999999982 155 12.000000000000002 90 11.999999999999998 38 13.999999999999998 227 16.000000000000004 13.999999999999998 5.9999999999999991 6 7.9999999999999991 9.9999999999999982
leaf_count=13 40 11 3 4 7 5 5 74 5 7 5 112 6 49 12 38 7 219 16 14 3 3 8 5
internal_value=0.0837702 -3.26132 18.2647 14.0392 21.6128 12.7088 1.10985 -6.14487 32.99 9.03093 13.833 0.451905 6.61021 -0.251902 -4.88612 -6.93879 3.1998 -3.92421 -11.8092 -9.81083 33.8085 31.7889 -13.0582 35.3231
internal_weight=843 712 131 103 41 23 283 429 18 62 34 273 28 245 351 112 28 239 78 30 28 12 48 16
internal_count=671 604 67 53 21 12 183 421 9 32 18 178 17 161 343 112 14 231 78 30 14 6 48 8
is_linear=0
shrinkage=0.05


Tree=7
num_leaves=24
num_cat=0
split_feature=3 2 7 1 1 0 0 1 3 8 2 5 7 7 7 7 1 3 1 8 8 3 0
split_gain=1.84701e+07 4.10038e+06 1.60605e+06 1.56685e+06 1.1005e+06 701991 850471 549653 435988 255364 248114 378500 1.18983e+06 432902 264463 385093 113665 111690 52115.4 40667.3 35558.4 33918.2 28028.7
threshold=0.89821339459075411 6661.8450000000012 1.0000000180025095e-35 14777.825000000006 39316.070000000014 39644.100000000006 43492.150000000009 38991.370000000003 0.62796442225199545 2.5000000000000004 5478.4950000000008 16.500000000000004 5.5000000000000009 5.5000000000000009 2.5000000000000004 1.5000000000000002 41652.665000000008 0.76249048707415124 12567.495000000003 3.5000000000000004 1.5000000000000002 0.93227217167618515 34044.80000000001
decision_type=2 2 2 2 2 2 2 2 2 2 2 2 2 2 2 2 2 2 2 2 2 2 2
left_child=1 10 4 18 -2 -4 7 -7 9 -5 11 12 -1 -13 15 -12 -8 -10 22 -20 -16 -6 -3
right_child=2 3 5 8 21 6 16 -9 17 -11 14 13 -14 -15 20 -17 -18 -19 19 -21 -22 -23 -24
leaf_value=4.2656071484088889 25.947379302978504 -12.815415700276695 41.942346191406251 -8.9706103218926341 3.7980033397674569 22.854721138694071 26.690394337971998 8.7170454788208005 -3.350251355970093 -4.5111249915191101 0.84894108405480029 6.1783181182673728 30.374462890625001 -2.0030779990282928 -0.30894682010014857 10.909271437327067 33.127816390991214 -1.4588914761037539 -12.796754237583698 -8.3386179974204619 -3.7419394753196027 -1.17512449969848 -9.5862768173217781
leaf_weight=16.000000000000004 7.0000000000000027 42 5.9999999999999991 45 7.9999999999999982 22 12.000000000000002 9.9999999999999982 191 112 26 61 5.9999999999999991 22 24 14.999999999999998 15.999999999999998 132 7.0000000000000027 19 10.999999999999998 6 7.9999999999999991
leaf_count=8 4 42 3 45 4 11 6 5 181 112 15 32 3 13 14 9 8 96 7 19 9 3 8
internal_value=0.0158021 -2.55618 21.8037 -4.68407 9.76023 25.6357 24.0051 18.4367 -3.62791 -5.78932 3.98034 5.5553 11.3862 4.00976 1.80441 4.52955 30.3689 -2.57731 -11.3546 -9.53889 -1.38789 1.66666 -12.2988
internal_weight=824 737 87 556 21 66 60 32 480 157 181 105 22 83 76 41 28 323 76 26 35 14 50
internal_count=657 613 44 510 11 33 30 16 434 157 103 56 11 45 47 24 14 277 76 26 23 7 50
is_linear=0
shrinkage=0.05


Tree=8
num_leaves=27
num_cat=0
split_feature=2 4 3 3 4 7 2 3 0 4 4 1 4 4 3 4 1 4 7 4 4 0 4 1 2 4
split_gain=1.47004e+07 4.03572e+06 1.84631e+06 1.57138e+06 1.26129e+06 1.72802e+06 835518 599690 539759 449993 457887 323896 271884 206971 65113.9 80960.4 40272.5 49279.5 38150.9 31986.5 23366.5 14970.8 13218.1 8935.29 963.543 80.6399
threshold=5478.4950000000008 48480.000000000007 0.57039551159891977 0.89821339459075411 48055.000000000007 5.5000000000000009 5393.5150000000003 0.79386370774028825 41240.150000000009 36349.500000000007 36212.500000000007 14777.825000000006 48702.000000000007 38272.500000000007 0.67536341066997652 46250.000000000007 12994.865000000003 37010.000000000007 3.5000000000000004 48702.000000000007 35865.000000000007 44275.80000000001 36337.500000000007 10925.945000000002 3418.4350000000009 48944.500000000007
decision_type=2 2 2 2 2 2 2 2 2 2 2 2 2 2 2 2 2 2 2 2 2 2 2 2 2 2
left_child=1 3 11 6 5 -5 8 14 -1 10 -9 16 -11 22 15 -4 23 -18 -15 -3 -16 -6 -13 -2 25 -21
right_child=2 19 7 4 21 -7 -8 9 -10 12 -12 13 -14 18 20 -17 17 -19 -20 24 -22 -23 -24 -25 -26 -27
leaf_value=7.3756660183993255 -12.114462900161744 28.382356770833315 -3.8884112905419395 24.092125205993653 0.30413568814595543 2.4586859067281086 23.557002766927084 -0.13117495775222782 -0.56717213196413863 -0.97455997315988163 16.785659790039059 -4.0681234879927208 8.4921901464462284 -8.1569521109263103 -1.2279245186935772 -8.8127400292290599 -7.4321136728922514 -12.51276844569615 -11.796572430928549 32.209545898437483 -2.9685395948779889 3.6081031560897827 -5.8827761576725885 -10.667325258255005 33.115185546875004 32.468775431315102
leaf_weight=55 32 6.0000000000000027 115 40 5.9999999999999991 11.999999999999998 5.9999999999999991 7.9999999999999973 35 146 8 44 7.9999999999999991 18.000000000000004 22 8.9999999999999982 15.000000000000002 6.9999999999999991 11.999999999999998 6.0000000000000018 156 7.9999999999999991 12.999999999999998 15.999999999999998 5.9999999999999991 6
leaf_count=30 32 3 115 21 3 6 3 5 18 97 4 44 4 18 17 9 15 7 12 3 144 4 13 16 3 3
internal_value=0.0602665 12.4091 -3.59137 9.57427 15.5133 19.0998 5.49117 -2.02903 4.28678 0.346398 8.32724 -8.28834 -0.482781 -6.25124 -3.36619 -4.24582 -10.8202 -9.04869 -9.6128 31.544 -2.75341 2.19212 -4.48199 -11.6321 32.5978 32.3392
internal_weight=815 186 629 162 66 52 96 472 90 170 16 157 154 87 302 124 70 22 30 24 178 14 57 48 18 12
internal_count=649 97 552 85 34 27 51 395 48 110 9 157 101 87 285 124 70 22 30 12 161 7 57 48 9 6
is_linear=0
shrinkage=0.05


Tree=9
num_leaves=25
num_cat=0
split_feature=2 4 3 7 6 1 2 8 4 1 2 4 8 0 1 2 3 4 4 3 0 2 0 2
split_gain=1.63075e+07 2.58009e+06 2.41567e+06 1.6591e+06 1.61039e+06 1.35397e+06 849784 788508 749868 504861 455307 492730 268869 166343 154418 131620 64551 73117.2 30393.6 29660.6 25871 21719.2 14079.9 119.887
threshold=4763.8150000000014 48480.000000000007 0.64234633142099073 4.5000000000000009 70.500000000000014 40586.275000000001 3959.1000000000004 2.5000000000000004 47845.000000000007 15488.574999999999 7610.3150000000014 36349.500000000007 2.5000000000000004 41447.700000000004 22669.375000000004 4165.3450000000012 0.38006841585734324 38272.500000000007 48702.000000000007 0.75839601566134507 34044.80000000001 14847.130000000003 44640.600000000006 2188.5750000000003
decision_type=2 2 2 2 2 2 2 2 2 2 2 2 2 2 2 2 2 2 2 2 2 2 2 2
left_child=1 3 9 6 15 10 8 -6 -1 16 11 -4 14 -8 -11 -5 20 -18 22 -12 -2 -14 -3 -20
right_child=2 18 5 4 7 -7 13 -9 -10 12 19 -13 21 -15 -16 -17 17 -19 23 -21 -22 -23 -24 -25
leaf_value=18.881812161984652 -11.605797488190408 25.627138773600251 9.4328650410970063 37.4172966003418 0.6799095153808592 17.511241332292556 5.642413436041938 19.649225561959401 5.2562550180488161 -10.646612180512527 -2.9405513861030341 -0.013932920966534257 -3.1818008133343287 -1.2543608668972466 -5.2843678283691409 28.3474422454834 -6.2782515977558342 -11.144633190448468 30.8453369140625 -1.7564602405210086 -8.5092176437377933 -4.556541311942925 29.05251770019531 30.562627563476568
leaf_weight=23 43 6.0000000000000018 14.999999999999998 7.9999999999999991 9 9.9999999999999982 18 14 18 29 160 173 56 17 25 7.9999999999999991 19 12.999999999999998 5.9999999999999991 79 7.9999999999999991 59 6 9.9999999999999982
leaf_count=12 43 3 9 4 5 5 9 7 9 29 152 105 56 9 25 4 19 13 3 63 8 59 3 5
internal_value=0.265643 15.631 -2.9234 12.317 20.7007 -0.67518 8.01492 12.2264 12.8999 -6.82209 -1.10109 0.739801 -5.25371 2.29255 -8.16409 32.8824 -10.0155 -8.25522 29.242 -2.54916 -11.1201 -3.8871 27.3398 30.6686
internal_weight=832 143 689 115 39 437 76 23 41 252 427 188 169 35 54 16 83 32 28 239 51 115 12 16
internal_count=659 73 586 59 20 334 39 12 21 252 329 114 169 18 54 8 83 32 14 215 51 115 6 8
is_linear=0
shrinkage=0.05


Tree=10
num_leaves=28
num_cat=0
split_feature=3 3 3 7 6 2 1 6 3 2 1 7 8 0 1 2 0 0 3 0 1 1 0 0 7 8 8
split_gain=1.26664e+07 1.89011e+06 1.56087e+06 1.02518e+06 840724 944874 701085 884232 700510 594606 449557 336079 217431 209014 160242 149083 260874 111570 98478.9 104471 68435.5 46416.8 41119.8 25390.5 86372.9 21516.9 8167.67
threshold=0.88145586859662395 0.62796442225199545 0.89821339459075411 1.0000000180025095e-35 69.500000000000014 4540.3950000000013 41007.395000000011 69.500000000000014 0.92055893903825303 6537.2250000000013 13238.220000000003 3.5000000000000004 2.5000000000000004 44904.150000000001 24051.215000000004 3959.1000000000004 40602.900000000009 43554.30000000001 0.76509703095910842 34505.600000000013 17280.730000000003 41652.665000000008 43856.400000000009 34044.80000000001 5.5000000000000009 3.5000000000000004 4.5000000000000009
decision_type=2 2 2 2 2 2 2 2 2 2 2 2 2 2 2 2 2 2 2 2 2 2 2 2 2 2 2
left_child=1 10 4 8 5 -2 7 -5 -4 11 23 13 14 -3 -12 -6 -17 -10 25 -20 -14 -8 -13 26 -25 -11 -1
right_child=2 9 3 6 15 -7 21 -9 17 18 12 22 20 -15 -16 16 -18 -19 19 -21 -22 -23 -24 24 -26 -27 -28
leaf_value=-11.099517604282925 7.1516173362731941 2.9826479853245251 17.392344994544978 28.046890513102216 -4.9208353805541991 32.24974466959636 23.810408782958973 12.259803614896887 -7.344174408912659 -3.2267241770221342 -9.9815419176646643 -2.8030809106615684 -5.9254240353902183 10.242934370040894 -3.6522054672241211 9.1820210218429565 0.93969168265660619 2.8830949604511265 5.9895562744140634 -1.3648780256721145 -3.4723183274269105 28.474944496154787 0.41100558673634247 -11.865508270263675 -2.3801628112792965 -2.1667931990745739 -9.2547421864100876
leaf_weight=42 9.9999999999999982 57 10.000000000000002 11.999999999999998 4.9999999999999991 5.9999999999999991 8.0000000000000018 34 3.9999999999999991 124 35 24 42 11.999999999999998 13.999999999999998 15.999999999999998 24 7.9999999999999991 4.9999999999999991 141 88 15.999999999999998 17 5.9999999999999982 4 78 6.9999999999999991
leaf_count=42 5 33 5 6 3 3 4 17 3 118 35 17 42 6 14 8 13 4 3 103 88 8 9 6 4 73 7
internal_value=-0.104373 -2.96778 12.9213 17.0336 6.71927 16.5634 19.9925 16.3782 7.61871 -1.08949 -6.58232 2.1149 -5.33473 4.24531 -8.17316 3.21913 4.23662 -0.525995 -2.10237 -1.11301 -4.26486 26.9201 -1.47041 -10.3674 -8.07137 -2.81744 -10.836
internal_weight=849 696 153 92 61 16 70 46 22 458 238 110 179 69 49 45 40 12 348 146 130 24 41 59 10 202 49
internal_count=679 600 79 47 32 8 35 23 12 362 238 65 179 39 49 24 21 7 297 106 130 12 26 59 10 191 49
is_linear=0
shrinkage=0.05


Tree=11
num_leaves=26
num_cat=0
split_feature=3 4 8 3 4 0 3 3 1 3 4 4 4 7 0 4 1 8 7 1 4 6 7 0 8
split_gain=1.18502e+07 3.04841e+06 1.56006e+06 1.44837e+06 1.43704e+06 1.08308e+06 579486 415020 321836 295565 485282 475512 211270 149519 88394.2 56343.7 50940.2 61118.1 56998.3 39566.7 32009 23736.3 22284.2 1568.06 700.711
threshold=0.87624460234148793 48480.000000000007 2.5000000000000004 0.62176242024054673 44735.000000000007 46818.55000000001 0.91047153557029792 0.90790840569803921 14777.825000000006 0.79386370774028825 36349.500000000007 36212.500000000007 38272.500000000007 3.5000000000000004 39181.80000000001 37329.500000000007 23797.950000000008 2.5000000000000004 2.5000000000000004 10362.115000000002 29507.500000000004 67.500000000000014 5.5000000000000009 46405.450000000004 4.5000000000000009
decision_type=2 2 2 2 2 2 2 2 2 2 2 2 2 2 2 2 2 2 2 2 2 2 2 2 2
left_child=3 2 5 8 14 7 -6 -2 19 16 11 -11 21 -14 -4 -12 17 -5 -18 24 -21 -10 23 -3 -1
right_child=1 22 4 9 6 -7 -8 -9 12 10 15 -13 13 -15 -16 -17 18 -19 -20 20 -22 -23 -24 -25 -26
leaf_value=-10.514692352294922 1.083175181388855 28.598290405273431 -0.67827836672465025 -6.6114608891805027 19.310643005371091 26.002415466308594 35.791965484619141 8.1239032321506084 -5.0623256789313427 -0.27195735931396481 1.4302315553029379 15.147375793457028 -5.0458844079290124 -9.9479104587009974 7.9043666680653892 -1.1904824942561751 -1.403701879884238 -2.8126896275414364 -3.0032324852766816 -5.852499993642172 -8.8561903757207538 -3.029470759378353 25.237063598632805 27.659122467041016 -9.8662892150878907
leaf_weight=25.000000000000004 50 10.000000000000002 5.9999999999999982 14.999999999999998 16.000000000000004 5.9999999999999991 7.9999999999999991 36 18 10 24 10 35 28 6 141 115 36 108 11.999999999999998 34 71 10.000000000000002 7.9999999999999991 4.9999999999999991
leaf_count=25 27 5 3 15 8 3 4 19 18 6 12 5 35 28 3 95 92 36 107 12 34 71 5 4 5
internal_value=-0.254994 12.1854 8.91638 -3.07989 17.7406 5.46341 24.8044 4.03046 -6.33728 -1.46183 0.0822795 7.43771 -5.00896 -7.22456 3.61304 -0.809288 -2.50439 -3.92998 -2.17836 -8.99394 -8.07262 -3.44061 27.1295 28.1809 -10.4066
internal_weight=843 156 128 687 36 92 24 86 228 459 185 20 152 63 12 165 274 51 223 76 46 89 28 18 30
internal_count=677 81 67 596 18 49 12 46 228 368 118 11 152 63 6 107 250 51 199 76 46 89 14 9 30
is_linear=0
shrinkage=0.05


Tree=12
num_leaves=27
num_cat=0
split_feature=3 4 3 4 0 0 7 1 2 4 6 6 0 4 1 7 4 0 1 4 1 1 4 0 2 2
split_gain=1.12305e+07 2.89688e+06 1.41853e+06 943609 2.02143e+06 936246 784584 447674 323067 343510 390010 201080 159749 134786 124434 66008.4 89216.5 60819.7 38658.8 30152.7 25329.5 22242.9 20609.3 18129.6 2465.83 691.045
threshold=0.87624460234148793 48480.000000000007 0.67536341066997652 44255.000000000007 40602.900000000009 46818.55000000001 4.5000000000000009 14706.950000000001 6661.8450000000012 37162.000000000007 67.500000000000014 71.500000000000014 35931.750000000007 38272.500000000007 21657.925000000003 2.5000000000000004 36349.500000000007 37531.950000000004 12567.495000000003 36337.500000000007 17280.730000000003 34275.830000000009 48702.000000000007 34044.80000000001 3418.4350000000009 2188.5750000000003
decision_type=2 2 2 2 2 2 2 2 2 2 2 2 2 2 2 2 2 2 2 2 2 2 2 2 2 2
left_child=2 3 7 12 6 -6 -5 18 9 11 -11 -4 -2 20 -15 16 -10 -14 23 -20 -9 -17 -3 -1 25 -24
right_child=1 22 8 4 5 -7 -8 13 15 10 -12 -13 17 14 -16 21 -18 -19 19 -21 -22 -23 24 -25 -26 -27
leaf_value=-9.9349074935913091 -11.384871864318848 23.975210571289054 16.167898050944014 7.2689041075110445 4.1864439763520895 24.702294413248698 23.4407275390625 -4.2977472634151068 2.3771442839973851 9.4708835580132238 -0.60224850962036536 3.2231519063313798 3.7126860857009896 -8.155114654571781 -4.3328354737337902 -2.6766738655390565 -1.3082759322706332 -3.4065184275309246 -5.635075085957844 -8.9250651359558102 -2.5914537073551926 -1.0476800762690031 26.797401936848946 -7.3274940252304077 27.603283691406251 26.087551879882813
leaf_weight=40 3.9999999999999991 10.000000000000002 5.9999999999999982 9.9999999999999982 76 5.9999999999999991 30 29 19 10.999999999999998 76 6 5.9999999999999982 31 68 108 121 6 15.000000000000002 12.999999999999998 87 26 6.0000000000000027 7.9999999999999991 5.9999999999999991 7.9999999999999991
leaf_count=40 4 5 3 5 39 3 15 29 10 6 48 4 3 31 68 104 89 3 15 13 87 17 3 8 3 4
internal_value=0.197893 11.7467 -2.7241 8.68545 10.1827 5.6876 19.3978 -5.34055 -0.682844 1.7652 0.671366 9.69552 -2.73141 -4.17457 -5.52971 -1.56736 -0.808112 0.153084 -8.63906 -7.16257 -3.01803 -2.3606 25.8286 -9.50034 26.7552 26.3918
internal_weight=832 168 664 138 122 82 40 291 373 99 87 12 16 215 99 274 140 12 76 28 116 134 30 48 20 14
internal_count=659 87 572 72 62 42 20 291 281 61 54 7 10 215 99 220 99 6 76 28 116 121 15 48 10 7
is_linear=0
shrinkage=0.05


Tree=13
num_leaves=27
num_cat=0
split_feature=3 4 3 2 8 4 0 0 2 0 2 2 4 4 8 6 0 3 0 2 7 0 4 4 3 2
split_gain=9.01306e+06 1.62359e+06 1.2187e+06 1.14852e+06 1.0489e+06 1.45274e+06 885130 584261 544599 314389 301679 246216 345625 257712 208384 181474 178378 60989.7 81483.3 37341.2 25380.9 51107.9 17388 17371.6 4666.34 2397.32
threshold=0.86666694403780087 48480.000000000007 0.64115775354633187 5786.6550000000007 2.5000000000000004 44735.000000000007 46818.55000000001 39644.100000000006 4603.130000000001 39851.900000000009 20489.925000000003 6661.8450000000012 37162.000000000007 48702.000000000007 2.5000000000000004 71.500000000000014 41447.700000000004 0.76632907225117164 34505.600000000013 18673.055000000004 5.5000000000000009 34044.80000000001 35865.000000000007 48702.000000000007 0.37305265793464665 3418.4350000000009
decision_type=2 2 2 2 2 2 2 2 2 2 2 2 2 2 2 2 2 2 2 2 2 2 2 2 2 2
left_child=2 4 10 23 6 9 8 -7 -2 -6 14 12 15 -14 16 -4 -1 22 -19 -16 24 -22 -13 -3 -12 -25
right_child=1 3 11 -5 5 7 -8 -9 -10 -11 20 17 13 -15 19 -17 -18 18 -20 -21 21 -23 -24 25 -26 -27
leaf_value=-9.0664532202482224 6.635564393845816 22.776450805664055 15.359502919514975 0.14219333330790204 0.25289819836616512 27.337607765197749 23.46717987060547 12.742686080932618 -0.76837828508237516 13.673727671305338 -9.4556137339274091 -0.97342904264276686 -0.85667282577716952 9.9665287892023731 -3.209617058264798 3.0619939247767127 -3.746641716590295 5.376918334960938 -1.1275915708908668 -5.6572781860828405 -9.2278591700962629 -1.4276818593343095 -2.4731969926342274 24.958914794921878 -10.88928451538086 26.223120117187502
leaf_weight=40 63 10.000000000000002 5.9999999999999982 5.9999999999999991 16.000000000000004 16.000000000000004 5.9999999999999991 11.999999999999998 41 5.9999999999999991 30 22 66 5.9999999999999991 116 6 26 4.9999999999999991 130 18 6.9999999999999982 3 159 9.9999999999999982 6.9999999999999991 5.9999999999999991
leaf_count=40 34 5 3 3 8 8 3 6 21 3 30 17 43 3 116 4 26 3 92 18 7 3 151 5 7 3
internal_value=0.0664257 9.57963 -2.75666 19.8608 7.52339 13.5281 4.794 21.0826 3.7167 3.91312 -5.51817 -1.05142 1.35462 0.0452606 -4.67109 9.21075 -6.97077 -1.691 -0.886684 -3.53841 -9.1228 -6.88781 -2.2909 24.4112 -9.72685 25.433
internal_weight=839 192 647 32 160 50 110 28 104 22 247 400 84 72 200 12 66 316 135 134 47 10 181 26 37 16
internal_count=662 99 563 16 83 25 58 14 55 11 247 316 53 46 200 7 66 263 95 134 47 10 168 13 37 8
is_linear=0
shrinkage=0.05


Tree=14
num_leaves=28
num_cat=0
split_feature=3 4 8 4 2 3 4 4 7 1 0 4 4 4 0 1 0 2 2 0 3 7 7 1 7 3 2
split_gain=9.84209e+06 1.37066e+06 1.17083e+06 1.65396e+06 1.06109e+06 973014 929027 1.28846e+06 578696 275517 273109 207069 718303 181493 173971 117344 90400.4 68798 56248 27538.6 23799 40525.2 20004.5 19169.3 7401.64 6456.84 1987.69
threshold=0.86666694403780087 48480.000000000007 2.5000000000000004 44735.000000000007 5786.6550000000007 0.62796442225199545 46650.000000000007 48015.000000000007 5.5000000000000009 14777.825000000006 39851.900000000009 36349.500000000007 36212.500000000007 38272.500000000007 36673.700000000004 21657.925000000003 33329.850000000006 7360.0550000000012 6577.8350000000009 35249.500000000007 0.38006841585734324 1.0000000180025095e-35 5.5000000000000009 18540.995000000006 5.5000000000000009 0.75396976587635434 3418.4350000000009
decision_type=2 2 2 2 2 2 2 2 2 2 2 2 2 2 2 2 2 2 2 2 2 2 2 2 2 2 2
left_child=5 2 6 10 22 9 14 -8 -5 20 -4 12 19 23 -2 -15 25 -18 -14 -7 24 -22 26 -11 -1 -13 -3
right_child=1 4 3 8 -6 11 7 -9 -10 13 -12 16 18 15 -16 -17 17 -19 -20 -21 21 -23 -24 -25 -26 -27 -28
leaf_value=-9.1143369963674825 -11.147406768798829 23.824239240373881 0.67229103843371063 27.814136791229249 0.13508367538452148 -2.1017556807574103 14.770322987768385 0.16321953993577223 14.745254601372615 -3.6634371535722603 12.990041605631511 -4.7125222110748295 15.720723978678388 -8.4582295253872868 -0.12363501156077666 -4.2397371123818797 -0.65644843516678653 -2.1566319625292505 8.8743120829264317 0.27488026054281939 -2.1763192057609539 -7.713515528252251 21.192180633544915 -2.2426234369008049 -7.6642548243204764 -6.7872653961181646 24.911964416503906
leaf_weight=33 3.9999999999999991 14.000000000000002 18.000000000000004 15.999999999999998 5.9999999999999991 34 36 26 18 43 5.9999999999999991 9.9999999999999982 5.9999999999999982 32 34 34 116 224 6 19 4.0000000000000027 19 8.0000000000000018 53 11.999999999999998 5.9999999999999991 5.9999999999999991
leaf_count=33 4 7 9 8 3 32 18 13 9 43 3 10 3 32 18 34 73 204 3 12 4 19 4 53 12 6 3
internal_value=0.161408 10.1095 8.14977 13.8014 19.2164 -2.77259 4.87182 8.64476 20.8953 -5.38786 3.75173 -1.34382 1.25128 -4.26667 -1.28403 -6.28507 -1.81765 -1.6448 12.2975 -1.24975 -8.05892 -6.75052 23.3053 -2.87903 -8.72765 -5.49055 24.1506
internal_weight=843 192 158 58 34 651 100 62 34 230 24 421 65 162 38 66 356 340 12 53 68 23 28 96 45 16 20
internal_count=672 99 82 29 17 573 53 31 17 230 12 343 50 162 22 66 293 277 6 44 68 23 14 96 45 16 10
is_linear=0
shrinkage=0.05


Tree=15
num_leaves=26
num_cat=0
split_feature=3 3 3 7 0 0 0 3 0 2 3 4 1 4 4 4 0 7 0 7 0 7 7 3 1
split_gain=8.3475e+06 1.6676e+06 878663 828964 709475 695855 1.02568e+06 679993 454310 572224 232404 346053 199921 190542 172425 127407 98849.3 70369.8 56658.2 50654.7 27008.5 84326.2 29114.9 20300 9463.54
threshold=0.86666694403780087 0.89821339459075411 0.59022255058865525 1.0000000180025095e-35 46818.55000000001 41240.150000000009 38028.200000000004 0.92104599609026494 39644.100000000006 2677.7000000000003 0.79386370774028825 48702.000000000007 14777.825000000006 36349.500000000007 48702.000000000007 38272.500000000007 43033.55000000001 3.5000000000000004 33300.600000000013 4.5000000000000009 32806.900000000001 5.5000000000000009 1.0000000180025095e-35 0.60961990743723238 17280.730000000003
decision_type=2 2 2 2 2 2 2 2 2 2 2 2 2 2 2 2 2 2 2 2 2 2 2 2 2
left_child=2 4 12 7 5 6 -2 -3 -5 -10 18 13 20 -12 -7 24 -9 -17 23 -20 22 -22 -1 -4 -14
right_child=1 3 10 8 -6 14 -8 16 9 -11 11 -13 15 -15 -16 17 -18 -19 19 -21 21 -23 -24 -25 -26
leaf_value=-4.2502529919147491 -0.444028681800479 15.269872417449946 -1.8435539563496897 29.922879028320313 21.555304463704431 -1.7969526529312134 14.065446362824275 -8.8018451690673825 21.637532933553061 11.871737899780275 4.5966565986474359 14.621934187412263 -3.5612536260059908 -0.85152709447350861 6.2441413998603821 -4.2000556588172913 0.82474615573883059 -8.3441569101242798 -1.6593807920195542 -3.3342768451623748 -7.4915821711222339 -0.99827086130777998 -8.7467700534396702 -5.1412778627304805 -2.3904801188574898
leaf_weight=3.9999999999999991 21 10.000000000000002 6.0000000000000027 5.9999999999999991 5.9999999999999991 40 29 3.9999999999999991 24 40 18 3.9999999999999991 28 148 7.9999999999999991 20 7.9999999999999991 21 217 57 30 5.9999999999999991 36 21 45
leaf_count=4 12 5 6 3 3 21 15 3 12 20 10 2 28 99 4 20 4 21 195 57 30 6 36 21 45
internal_value=0.14081 9.20294 -2.5463 14.1065 4.86519 3.84335 7.97147 5.64042 16.7673 15.5339 -1.38846 0.0894209 -5.41651 -0.26076 -0.45677 -4.09224 -2.38412 -6.32264 -2.22315 -2.00781 -7.40292 -6.40936 -8.29712 -4.40845 -2.83954
internal_weight=857 196 661 92 104 98 50 22 70 64 471 170 190 166 48 114 12 41 301 274 76 36 40 27 73
internal_count=682 102 580 47 55 52 27 12 35 32 390 111 190 109 25 114 7 41 279 252 76 36 40 27 73
is_linear=0
shrinkage=0.05


Tree=16
num_leaves=28
num_cat=0
split_feature=3 4 3 4 4 7 2 8 2 3 4 4 8 0 4 3 3 0 6 4 4 0 4 2 3 2 0
split_gain=7.13165e+06 1.75432e+06 1.11932e+06 703650 936092 972477 333959 309645 270727 262571 197177 155722 101759 137780 93734.9 107244 38059.2 63611.9 32820.4 21677.7 15020 11927.3 7752.67 20414.7 5010.64 3328.6 297.218
threshold=0.88553026188836392 48480.000000000007 0.67536341066997652 48015.000000000007 44735.000000000007 5.5000000000000009 6661.8450000000012 2.5000000000000004 3884.3650000000002 0.51182261861442402 44395.000000000007 48702.000000000007 2.5000000000000004 41447.700000000004 38272.500000000007 0.37305265793464665 0.76632907225117164 34505.600000000013 67.500000000000014 48702.000000000007 35987.500000000007 44640.600000000006 48097.000000000007 4090.8500000000008 0.49401319431052598 3418.4350000000009 46818.55000000001
decision_type=2 2 2 2 2 2 2 2 2 2 2 2 2 2 2 2 2 2 2 2 2 2 2 2 2 2 2
left_child=2 3 9 4 8 -6 7 11 -2 14 -9 -4 13 -11 15 -1 20 -18 -14 21 -8 -3 -5 -24 -16 26 -21
right_child=1 19 6 22 5 -7 16 10 -10 12 -12 -13 18 -15 24 -17 17 -19 -20 25 -22 -23 23 -25 -26 -27 -28
leaf_value=-7.5482936127980551 -9.912825317382806 17.848569234212231 -1.492861579204428 -1.8134084939956658 16.364770932819535 3.1582742309570317 -0.74483164548873904 2.4992961938564595 3.4162624359130862 -7.3012640666961675 8.8258418295118553 5.2630726337432865 -4.06927430111429 -2.3779495451185442 -8.5144414411272322 -3.6143013445342462 4.8136398315429689 -0.93513303590007135 -1.9552520178504045 21.936498006184888 -2.1131758982529405 21.001254272460937 2.3424623807271323 -1.5157409310340881 -6.8223348808288584 23.130009969075523 21.43882141113281
leaf_weight=30 5.0000000000000027 6.0000000000000018 58 8.0000000000000018 46 20 24 39 15.999999999999998 30 18 9.9999999999999982 23 27 35 41 4.9999999999999991 128 91 6.0000000000000018 122 6 5.9999999999999991 7.9999999999999991 4.9999999999999991 5.9999999999999991 6
leaf_count=30 4 3 37 4 23 10 19 23 8 30 9 5 23 27 35 41 3 93 91 3 114 3 3 4 5 3 3
internal_value=0.0365426 10.364 -2.05604 7.41709 9.43725 12.3628 -0.368638 1.77906 0.24267 -4.47346 4.49715 -0.499342 -3.24423 -4.96917 -6.36714 -5.27655 -1.33087 -0.719014 -2.38177 21.071 -1.88824 19.4249 -0.571746 0.137775 -8.30293 22.1684 21.6877
internal_weight=825 139 686 109 87 66 404 125 21 282 57 68 171 57 111 71 279 133 114 30 146 12 22 14 40 18 12
internal_count=656 71 585 56 45 33 303 74 12 282 32 42 171 57 111 71 229 96 114 15 133 6 11 7 40 9 6
is_linear=0
shrinkage=0.05


Tree=17
num_leaves=27
num_cat=0
split_feature=2 4 4 4 2 3 4 3 4 4 4 3 1 0 7 7 3 0 0 4 0 2 1 0 2 2
split_gain=7.48287e+06 1.91281e+06 763391 1.12042e+06 798124 729210 331943 231310 173497 314831 123262 149485 84124.1 65875.1 59549.4 50200 39351.4 29492.9 28159.9 18941.1 15384.2 14251.1 11319.5 10764.4 3477.67 390.519
threshold=5478.4950000000008 48480.000000000007 48015.000000000007 44255.000000000007 4165.3450000000012 0.57039551159891977 39905.000000000007 0.79386370774028825 36349.500000000007 36212.500000000007 38272.500000000007 0.38006841585734324 37655.650000000001 33202.400000000001 1.0000000180025095e-35 4.5000000000000009 0.60759623009516672 43395.950000000004 34044.80000000001 48702.000000000007 43501.850000000013 4090.8500000000008 13457.629999999999 44640.600000000006 3418.4350000000009 2188.5750000000003
decision_type=2 2 2 2 2 2 2 2 2 2 2 2 2 2 2 2 2 2 2 2 2 2 2 2 2 2
left_child=1 2 3 6 -5 10 -1 13 9 -9 11 18 -10 16 -12 -15 -7 -16 -2 23 -4 -22 -13 -3 25 -21
right_child=5 19 20 4 -6 7 -8 8 12 -11 14 22 -14 15 17 -17 -18 -19 -20 24 21 -23 -24 -25 -26 -27
leaf_value=5.7125416946411116 -7.7639980773925785 16.956140645345055 -2.8039285659790023 14.464538784684805 6.1334348289590137 -1.6060462430119509 -6.0479630947113039 -1.0004141664505004 -0.85349047780036935 12.30718421936035 -0.17061409950256348 -0.59182621479034425 2.2859627833733192 -1.4885044789546498 -7.7006220169067383 -3.1117592072486882 -5.8586098614860989 -2.5965035120646163 -4.1760897346905308 20.83967285156249 1.4683555412292477 -1.003002337047032 -3.0555362293685695 19.951191711425778 21.9735097249349 20.306050109863282
leaf_weight=10.000000000000002 25 5.9999999999999982 6.0000000000000027 58 57 8.0000000000000018 14.999999999999998 10 119 8 2.9999999999999991 4.9999999999999991 26 231 50 60 17 2.9999999999999991 6.9999999999999991 6.0000000000000027 10.000000000000002 13.999999999999998 69 6 5.9999999999999991 7.9999999999999991
leaf_count=5 25 3 3 29 29 8 11 6 80 4 3 5 14 209 50 60 17 3 7 3 5 7 69 3 3 4
internal_value=0.41805 8.80963 6.69866 8.24968 10.3352 -2.22641 -1.34376 -1.24566 0.28419 4.91407 -5.12627 -4.12381 -0.290554 -2.03479 -7.02379 -1.8232 -4.49779 -7.41171 -6.97914 20.0241 -0.539402 0.0267301 -2.88907 18.4537 20.9664 20.5347
internal_weight=843 202 170 140 115 641 25 479 163 18 162 106 145 316 56 291 25 53 32 32 30 24 74 12 20 14
internal_count=665 105 89 74 58 560 16 398 104 10 162 106 94 294 56 269 25 53 32 16 15 12 74 6 10 7
is_linear=0
shrinkage=0.05


Tree=18
num_leaves=27
num_cat=0
split_feature=2 4 8 4 1 3 4 2 2 2 1 2 4 4 2 4 4 1 4 0 2 0 9 6 1 0
split_gain=5.97623e+06 1.82786e+06 826585 1.25363e+06 778097 641247 568097 199142 158591 229811 158086 117769 117125 108870 52848.8 40130.2 25085.1 20681.8 17671 9714.87 9044.34 5287.44 14579.5 5187.68 3785.08 99.2072
threshold=5478.4950000000008 48480.000000000007 2.5000000000000004 44735.000000000007 41901.805000000008 0.59022255058865525 44810.000000000007 4603.130000000001 6537.2250000000013 6480.0050000000001 13238.220000000003 5070.9150000000009 37329.500000000007 43775.000000000007 10881.460000000001 36520.000000000007 36520.000000000007 20290.630000000001 48702.000000000007 44640.600000000006 19521.880000000001 34321.750000000007 1.0000000180025095e-35 67.500000000000014 41369.210000000006 46818.55000000001
decision_type=2 2 2 2 2 2 2 2 2 2 2 2 2 2 2 2 2 2 2 2 2 2 2 2 2 2
left_child=1 2 4 11 7 10 -5 -1 9 12 21 -4 -7 15 16 -12 -10 -16 19 -3 -15 23 -23 -2 -20 -26
right_child=5 18 3 6 -6 8 -8 -9 14 -11 13 -13 -14 20 17 -17 -18 -19 24 -21 -22 22 -24 -25 25 -27
leaf_value=3.1702344850450754 -6.422998909465969 16.108333841959631 0.20133829116821286 24.875774129231772 15.839371566772463 4.6522033572196966 11.723655465932993 -1.6684289365201384 -0.28154108220880686 12.539581966400148 -2.5912645064183137 6.7939373779296872 -0.81824355665242909 -10.064828109741214 -4.4898474160920498 -4.4230060714262498 -1.5016369930075275 -2.2421531621696187 21.033417256673165 18.953633117675778 -6.995432424545287 -8.0593093872070316 -3.129894644021987 -7.5147962794584391 19.639106241861981 19.351577758789062
leaf_weight=50 15.999999999999998 6.0000000000000018 21.000000000000004 11.999999999999998 9.9999999999999982 11.999999999999998 26 37 55 3.9999999999999991 67 9.9999999999999982 53 5.9999999999999982 10.999999999999998 54 180 147 6.0000000000000027 6 4 2.9999999999999991 3 34 5.9999999999999982 6
leaf_count=27 16 3 11 6 5 7 13 20 40 3 67 5 34 6 11 54 149 144 3 3 4 3 3 34 3 3
internal_value=0.00753725 7.65909 5.60642 9.78974 2.63066 -2.30326 15.877 1.11241 -1.30335 0.907505 -4.77362 2.32798 0.191685 -3.82311 -1.69151 -3.40874 -1.21608 -2.39864 19.0172 17.531 -8.83707 -6.99712 -5.5946 -7.16542 20.008 19.4953
internal_weight=845 196 166 69 97 649 38 87 462 69 187 31 65 131 393 121 235 158 30 12 10 56 6 50 18 12
internal_count=677 102 87 35 52 575 19 47 388 44 187 16 41 131 344 121 189 155 15 6 10 56 6 50 9 6
is_linear=0
shrinkage=0.05


Tree=19
num_leaves=27
num_cat=0
split_feature=3 4 1 3 8 4 0 0 2 0 1 8 4 4 1 0 2 2 1 6 4 3 4 4 3 0
split_gain=4.50588e+06 803495 697894 648276 631709 913660 676583 669048 258947 242285 229110 216430 181961 473023 149153 143451 44280.5 41921.3 26362 22045.4 19111.4 15977.9 38230.2 9299.41 5977.06 438.965
threshold=0.86666694403780087 48480.000000000007 24316.215000000004 0.89038571473755967 2.5000000000000004 44735.000000000007 46818.55000000001 40057.900000000009 4603.130000000001 39851.900000000009 15115.675000000001 2.5000000000000004 36349.500000000007 36212.500000000007 38364.155000000006 44931.700000000004 6577.8350000000009 11010.560000000001 33681.630000000005 67.500000000000014 35987.500000000007 0.40105946379549234 37010.000000000007 48702.000000000007 0.38006841585734324 43671.000000000007
decision_type=2 2 2 2 2 2 2 2 2 2 2 2 2 2 2 2 2 2 2 2 2 2 2 2 2 2
left_child=2 4 10 -3 6 9 8 -7 -2 -6 21 17 13 20 18 -16 -15 -12 -14 -13 -4 24 -23 -5 -1 -25
right_child=1 3 12 23 5 7 -8 -9 -10 -11 11 19 14 16 15 -17 -18 -19 -20 -21 -22 22 -24 25 -26 -27
leaf_value=-6.8310496860080292 3.9950583934783936 -0.52041719754536919 -0.31498508283070159 16.690117492675778 -0.75445014105902763 19.925836632468485 19.200039164225259 4.3280711364746098 -1.3150775457683364 10.847388966878256 -2.8574601262807846 -3.3193405101173803 -1.6063748250362722 13.806136067708335 10.76558937072754 -0.030439460277557374 7.7315673828124991 -6.830828489630651 -0.53510573255388361 -1.9302395282102669 -3.6708836364746094 -3.4709905316432308 -7.6569424819946299 19.009767659505204 -8.8479082107543956 18.444012832641601
leaf_weight=45 58 6.0000000000000027 28 10 18.000000000000004 22 5.9999999999999991 9.9999999999999982 38 5.9999999999999991 7.9999999999999991 38 235 5.9999999999999982 4.9999999999999991 7.9999999999999991 6 39 76 115 4.9999999999999991 12.000000000000002 9.9999999999999982 6.0000000000000009 3.9999999999999991 7.9999999999999991
leaf_count=45 31 3 20 5 9 11 3 5 20 3 8 38 204 3 3 4 3 39 50 114 5 12 10 3 4 4
internal_value=-0.127332 6.6781 -2.12643 14.1796 5.25376 9.5206 2.91118 15.0515 1.89313 2.14601 -4.05308 -3.18687 -0.711462 2.26783 -1.12525 4.12188 10.7689 -6.15451 -1.34459 -2.27525 -0.823455 -6.4931 -5.3737 17.8547 -6.99569 18.6865
internal_weight=828 188 640 30 158 56 102 32 96 24 271 200 369 45 324 13 12 47 311 153 33 71 22 24 49 14
internal_count=659 97 562 15 82 28 54 16 51 12 270 199 292 31 261 7 6 47 254 152 25 71 22 12 49 7
is_linear=0
shrinkage=0.05


Tree=20
num_leaves=25
num_cat=0
split_feature=2 4 0 4 3 7 7 3 0 7 3 0 4 8 0 4 2 0 0 7 0 6 4 8
split_gain=5.52029e+06 876274 960415 1.07732e+06 805013 779009 423325 274774 196387 201221 169100 132482 115853 112247 122660 78699.7 93898.2 32225.8 29120.8 55795.1 27640.5 20483.8 10744.2 6977.65
threshold=4763.8150000000014 44255.000000000007 40344.350000000013 48480.000000000007 0.68143916218726119 5.5000000000000009 4.5000000000000009 0.84765370560816555 46315.850000000013 2.5000000000000004 0.44658068855919536 35783.600000000006 44735.000000000007 2.5000000000000004 41380.200000000004 37329.500000000007 6148.3950000000013 42931.450000000004 33146.200000000004 4.5000000000000009 36673.700000000004 67.500000000000014 48702.000000000007 4.5000000000000009
decision_type=2 2 2 2 2 2 2 2 2 2 2 2 2 2 2 2 2 2 2 2 2 2 2 2
left_child=1 11 6 5 10 -4 -3 15 9 -9 18 -1 -8 14 -12 16 -6 -17 23 -20 -13 -15 -5 -2
right_child=4 2 3 22 7 -7 12 8 -10 -11 13 20 -14 21 -16 17 -18 -19 19 -21 -22 -23 -24 -25
leaf_value=-8.7331914901733327 -6.9346886490330553 7.4198790232340457 7.3323437021133744 15.819927851359049 6.4043988545735679 -8.0360926818847656 16.477777735392245 4.5435410836163692 10.87954870859782 -0.36679452746002766 -6.4069518147445308 3.5087313652038583 24.62480640411377 -3.2656417179107664 -2.4361713841154771 -1.7871496938389435 -0.10251483264034743 -0.40318278883184705 -6.2477117018266162 -2.20992112500327 -0.98064479033152263 -1.8921979941858735 17.858795601981026 -5.0810535947481794
leaf_weight=4.0000000000000027 33 6.0000000000000027 47 12 5.9999999999999991 9.9999999999999982 6.0000000000000027 34 5.9999999999999991 54 41 7.9999999999999982 15.999999999999998 35 37 169 73 56 22 13.999999999999998 6 121 14 5.9999999999999991
leaf_count=4 33 3 24 6 3 5 3 18 3 31 41 4 8 35 37 149 53 39 22 14 3 121 7 6
internal_value=0.0134548 9.52525 11.1847 8.48339 -1.72208 4.63613 19.1922 -0.23546 2.12714 1.53038 -3.63688 -0.708155 22.4029 -2.97469 -4.52338 -0.965999 0.391681 -1.4427 -5.70293 -4.67746 1.58471 -2.20034 16.9178 -6.64951
internal_weight=836 129 111 83 707 57 28 398 94 88 309 18 22 234 78 304 79 225 75 36 14 156 26 39
internal_count=672 67 56 42 605 29 14 296 52 49 309 11 11 234 78 244 56 188 75 36 7 156 13 39
is_linear=0
shrinkage=0.05


Tree=21
num_leaves=29
num_cat=0
split_feature=3 3 7 3 3 6 2 3 0 0 4 4 0 1 3 4 4 4 0 4 3 4 2 0 1 7 1 7
split_gain=4.24595e+06 1.01845e+06 571640 692804 531468 455871 412319 638955 367302 633532 516925 261458 259108 209477 201867 200553 321966 113306 78498.3 58224.7 71789.9 57147.3 62419.5 50398 23800.3 10527.7 8560.68 5575.33
threshold=0.86666694403780087 0.90790840569803921 1.0000000180025095e-35 0.92055893903825303 0.51182261861442402 69.500000000000014 2677.7000000000003 0.93006424452652769 39644.100000000006 38605.150000000009 48480.000000000007 45077.500000000007 46315.850000000013 36147.975000000006 0.76249048707415124 36349.500000000007 36212.500000000007 48702.000000000007 43033.55000000001 38272.500000000007 0.37305265793464665 46250.000000000007 15800.155000000001 31745.700000000004 18643.000000000004 4.5000000000000009 14777.825000000006 5.5000000000000009
decision_type=2 2 2 2 2 2 2 2 2 2 2 2 2 2 2 2 2 2 2 2 2 2 2 2 2 2 2 2
left_child=4 5 3 -3 19 8 11 -8 9 -2 -10 -4 13 -7 21 16 -16 -17 -5 20 27 23 -23 -6 26 -22 -21 -1
right_child=1 2 6 18 14 12 7 -9 10 -11 -12 -13 -14 -15 15 17 -18 -19 -20 24 25 22 -24 -25 -26 -27 -28 -29
leaf_value=-6.5542250181499284 4.082907578349114 18.056466245651233 27.923688761393215 -8.1705430984497074 -4.8287102479201103 3.5563445066150869 14.662281529108682 -0.38087417602539064 -0.61755803823471056 23.981592178344727 16.591598002115884 15.684667396545411 11.680589866638185 -1.6276413564383985 -0.69177267849445345 -0.83040598832740986 10.142593510945636 4.9117681291368278 0.11716020584106446 -6.4618273955125076 -3.465998998765023 -2.9861004548914289 -9.3413438415527335 -1.6427893207073212 -2.2561054468154906 -1.9177106752115138 -8.3322158813476559 -5.1397586193951676
leaf_weight=19 7.9999999999999991 6.0000000000000027 6.0000000000000027 3.9999999999999991 12.999999999999998 38 24 9.9999999999999982 16.000000000000004 7.9999999999999991 5.9999999999999991 15.999999999999998 5.9999999999999991 40 15.999999999999998 189 12.000000000000002 8.9999999999999982 9.9999999999999982 26 31 17.000000000000004 4.9999999999999991 275 2.9999999999999991 17 7.9999999999999991 11.000000000000002
leaf_count=19 4 3 3 3 13 21 12 5 8 4 3 8 3 21 10 132 6 5 5 26 31 17 5 267 3 17 8 11
internal_value=0.142589 6.55411 11.0975 3.84141 -1.80746 3.7238 13.689 10.2378 8.26802 14.0322 4.07585 19.0226 1.66808 0.89789 -1.14573 -0.00928345 3.95153 -0.569398 -2.25076 -4.89172 -4.11685 -1.97423 -4.43047 -1.7866 -6.52523 -2.91765 -6.90192 -6.03559
internal_weight=849 198 76 20 651 122 56 34 38 16 22 22 84 78 536 226 28 198 14 115 78 310 22 288 37 48 34 30
internal_count=673 103 39 11 570 64 28 17 19 8 11 11 45 42 455 153 16 137 8 115 78 302 22 280 37 48 34 30
is_linear=0
shrinkage=0.05


Tree=22
num_leaves=28
num_cat=0
split_feature=3 4 4 3 7 3 3 3 7 2 3 4 3 7 1 4 8 4 7 7 1 8 2 1 2 1 1
split_gain=4.10995e+06 999282 628042 604172 851573 523498 187928 155294 140231 98422.7 94337.4 104824 93337.1 49814.1 42465.1 48883.4 39405.9 13280.7 11113.5 10996.9 17737.4 9330.33 18899.2 9189.83 2682.72 2084.22 182.181
threshold=0.88145586859662395 48480.000000000007 48015.000000000007 0.89821339459075411 5.5000000000000009 0.59022255058865525 0.84765370560816555 0.88763981871159026 2.5000000000000004 4763.8150000000014 0.38006841585734324 38272.500000000007 0.85683977243692777 3.5000000000000004 26007.225000000006 37329.500000000007 2.5000000000000004 48702.000000000007 1.5000000000000002 5.5000000000000009 10362.115000000002 1.5000000000000002 4090.8500000000008 41007.395000000011 2852.6500000000005 11830.475 43182.375000000007
decision_type=2 2 2 2 2 2 2 2 2 2 2 2 2 2 2 2 2 2 2 2 2 2 2 2 2 2 2
left_child=5 2 3 7 -5 10 14 -2 12 -10 19 18 -8 -13 16 -16 -7 23 -12 25 -21 22 -4 -3 26 -1 -19
right_child=1 17 21 4 -6 6 8 -9 9 -11 11 13 -14 -15 15 -17 -18 24 -20 20 -22 -23 -24 -25 -26 -27 -28
leaf_value=-6.0527627944946296 6.387937346748684 12.879989878336582 1.3967840830485019 14.638612787347093 -1.7601019287109374 -3.3527768719035222 7.6672843066128822 0.79696871439615891 6.3525239706039436 -1.0420191129048666 -3.0419728183746337 -3.5086548708952394 1.98181658018203 -6.63455249786377 0.4272027045488358 -1.242314246654197 -1.4768201580254929 16.174263000488274 -1.7808718322422998 -5.988495731353761 -2.1922264364361759 -2.9466760396957383 -2.0400757630666098 15.647334289550779 17.274317932128906 -7.0682689666748049 15.784625244140623
leaf_weight=32 23 6.0000000000000018 6.0000000000000027 38 9.9999999999999982 37 10.999999999999998 27 4.9999999999999991 45 25 26 21 25 56 202 115 6.0000000000000018 58 7.9999999999999982 5 8.0000000000000018 11.999999999999998 6 5.9999999999999991 5.9999999999999991 6
leaf_count=32 12 3 3 20 5 35 6 14 3 25 25 26 11 25 34 170 112 3 58 8 5 4 6 3 3 6 3
internal_value=-0.00900175 7.36361 5.38253 7.21538 11.2222 -1.68608 -0.833498 3.36881 1.35159 -0.302565 -3.95349 -3.25693 3.9362 -5.04096 -1.27052 -0.879938 -1.93347 15.5521 -2.16072 -5.78367 -4.52839 -1.52591 -0.894456 14.2637 16.4111 -6.21311 15.9794
internal_weight=831 154 124 98 48 677 492 50 82 50 185 134 32 51 410 258 152 30 83 51 13 26 18 12 18 38 12
internal_count=660 79 64 51 25 581 396 26 45 28 185 134 17 51 351 204 147 15 83 51 13 13 9 6 9 38 6
is_linear=0
shrinkage=0.05


Tree=23
num_leaves=28
num_cat=0
split_feature=3 4 2 3 0 0 7 7 0 3 4 4 4 3 4 7 7 3 4 0 7 0 4 2 2 2 0
split_gain=3.37143e+06 788141 487825 456488 428135 598662 658525 575010 135663 132433 140093 256329 99215.9 63951.5 88680.4 48277.8 43754.8 28241.6 27621.9 22608.7 13258.1 33342.3 11930.7 11174.9 8293.82 3693.47 1564.7
threshold=0.86666694403780087 48480.000000000007 5786.6550000000007 0.57039551159891977 38028.200000000004 40005.850000000006 4.5000000000000009 5.5000000000000009 35783.600000000006 0.80552784228510521 37162.000000000007 36212.500000000007 48702.000000000007 0.38006841585734324 36520.000000000007 3.5000000000000004 3.5000000000000004 0.51182261861442402 39497.500000000007 33645.30000000001 5.5000000000000009 34044.80000000001 48702.000000000007 18673.055000000004 3697.6850000000004 3418.4350000000009 33579.600000000006
decision_type=2 2 2 2 2 2 2 2 2 2 2 2 2 2 2 2 2 2 2 2 2 2 2 2 2 2 2
left_child=3 4 22 13 8 6 -6 -7 -2 16 11 -11 -12 20 23 -10 19 -16 -18 -5 26 -22 24 -15 -3 -24 -1
right_child=1 2 -4 9 5 7 -8 -9 15 10 12 -13 -14 14 17 -17 18 -19 -20 -21 21 -23 25 -25 -26 -27 -28
leaf_value=-5.6967595842149521 -9.5218315124511648 14.86496734619141 -0.73928212821483619 -2.2996142256644467 1.0858087539672849 5.9504202697012163 16.800357093811037 -2.2887007808685307 2.0411320781707767 -1.5431846737861639 -0.52647264658427628 11.114058303833005 5.2214025974273683 -1.5688188791275026 -6.2199544327599661 -3.6320700248082485 -1.2874251679625623 -3.8744043451367007 -2.9259937915019694 -0.84795570658079944 -5.7454648699079254 0.55479331016540512 15.099879891531806 -3.0248725928758322 12.235990651448567 16.582612609863283 -6.4042150324041192
leaf_weight=27 5.0000000000000027 5.9999999999999982 5.9999999999999991 31 10.000000000000002 72 20 30 9.9999999999999982 7.9999999999999973 122 8 7.9999999999999991 43 21 5.9999999999999991 43 33 64 199 6.9999999999999982 3 14.000000000000002 19 6 5.9999999999999991 10.999999999999998
leaf_count=27 5 3 3 30 5 37 10 15 5 5 81 4 4 43 21 3 43 33 63 172 7 3 7 19 3 3 11
internal_value=0.0619854 5.899 12.3438 -1.66115 4.29833 5.35329 11.5622 3.52715 -2.33287 -0.887258 0.370606 4.78544 -0.172757 -3.94036 -3.30523 -0.0863187 -1.43221 -4.78656 -2.2675 -1.04361 -5.47527 -3.85539 14.7969 -2.01503 13.5505 15.5447 -5.90155
internal_weight=838 191 38 647 153 132 30 102 21 483 146 16 130 164 116 16 337 54 107 230 48 10 32 62 12 20 38
internal_count=665 99 19 566 80 67 15 52 13 402 94 9 85 164 116 8 308 54 106 202 48 10 16 62 6 10 38
is_linear=0
shrinkage=0.05


Tree=24
num_leaves=24
num_cat=0
split_feature=3 4 4 0 7 7 3 1 8 3 1 0 4 4 7 4 1 0 6 4 6 0 4
split_gain=2.80216e+06 575417 446224 607617 893435 572150 433376 407152 105715 117161 99178 120496 106131 330941 80158.5 52260 23617 20820.5 17562.2 17484.4 15480.7 13030.3 8096.96
threshold=0.86666694403780087 42910.000000000007 48480.000000000007 40005.850000000006 5.5000000000000009 4.5000000000000009 0.89038571473755967 23895.840000000004 2.5000000000000004 0.44658068855919536 38364.155000000006 44931.700000000004 36349.500000000007 36212.500000000007 1.0000000180025095e-35 39905.000000000007 36537.505000000012 34764.500000000007 67.500000000000014 39905.000000000007 67.500000000000014 37531.950000000004 48702.000000000007
decision_type=2 2 2 2 2 2 2 2 2 2 2 2 2 2 2 2 2 2 2 2 2 2 2
left_child=7 15 3 5 -5 -3 -4 8 14 17 12 -12 13 -9 19 -2 -14 -10 -11 -1 -16 -17 -8
right_child=1 2 6 4 -6 -7 22 10 9 18 11 -13 16 -15 20 21 -18 -19 -20 -21 -22 -23 -24
leaf_value=1.6129095220565794 1.591326141357422 3.855550652742386 -0.70231800476710005 5.8255434495431411 -4.2753490765889488 16.850304063161214 13.089441223144528 -0.65352006198631396 -4.8202167771300495 -2.8043049924075607 9.863400058746338 -0.031212162971496583 -1.1116068649925663 9.6283628082275392 -4.3116468766156366 -9.0457397460937514 0.4065546646714211 -1.9050537245614187 -1.4799795955419541 -3.2153988838195797 -6.1344350829317769 -5.2170215606689441 14.903108406066895
leaf_weight=5 1.9999999999999989 15.999999999999998 5.9999999999999991 81 30 18 10.000000000000002 36 49 32 4.9999999999999991 7.9999999999999991 301 9.9999999999999982 17 4.9999999999999982 28 6.9999999999999991 115 3 37 4 15.999999999999998
leaf_count=5 1 8 3 42 15 9 5 27 49 32 3 4 252 5 17 5 16 7 115 3 37 2 8
internal_value=-0.00223799 5.3767 6.06629 4.88692 3.09557 10.7351 11.4103 -1.55084 -3.06157 -2.50966 -0.519036 3.77441 -0.667875 1.58167 -4.86861 -5.71947 -0.982402 -4.45582 -1.76827 -0.197706 -5.56059 -7.34409 14.2055
internal_weight=841 188 177 145 111 34 32 653 265 203 388 13 375 46 62 11 329 56 147 8 54 9 26
internal_count=670 98 90 74 57 17 16 572 265 203 307 7 300 32 62 8 268 56 147 8 54 7 13
is_linear=0
shrinkage=0.05


Tree=25
num_leaves=26
num_cat=0
split_feature=2 4 0 4 7 1 1 4 7 1 4 2 0 4 0 4 8 4 0 2 7 4 2 2 0
split_gain=2.31069e+06 951003 363626 393017 490538 335343 97494 95148.3 63174.8 103542 51168.7 64235.2 42613.5 30310.8 22136.6 21973.7 16038.7 13112.4 10376.5 9706.82 9681.08 33444.4 7572.07 2230.51 164.418
threshold=5478.4950000000008 48480.000000000007 35767.350000000013 48015.000000000007 1.0000000180025095e-35 19016.215000000004 26007.225000000006 46250.000000000007 2.5000000000000004 38364.155000000006 38272.500000000007 20489.925000000003 42495.450000000004 39497.500000000007 35192.500000000007 29177.500000000004 1.5000000000000002 48702.000000000007 40284.850000000013 3843.8200000000006 1.5000000000000002 39052.500000000007 14673.535000000002 2852.6500000000005 46818.55000000001
decision_type=2 2 2 2 2 2 2 2 2 2 2 2 2 2 2 2 2 2 2 2 2 2 2 2 2
left_child=1 2 19 4 -4 10 7 13 9 -8 11 15 -10 -7 -13 -2 -5 -3 -9 -1 21 -12 -22 24 -19
right_child=5 17 3 16 -6 6 8 18 12 -11 20 14 -14 -15 -16 -17 -18 23 -20 -21 22 -23 -24 -25 -26
leaf_value=-10.030630747477215 -6.2819533030192058 11.815736541748043 14.616620985666911 -0.92748924168673419 3.9606190396679772 -1.1406301002192305 -0.030018504757385753 -5.7847892761230462 -1.9531254060566425 5.8041627109050751 -6.77230178833008 -5.0916875267028807 -0.25067382814253081 -2.4380717411217558 -0.61638763745625813 -1.8916032139146539 -3.8438886642456058 13.865400187174473 -9.5043838500976534 -6.2682134628295891 -7.7001261711120534 -0.98919057846069325 -5.3691041352572269 14.861028544108073 13.49524434407552
leaf_weight=2.9999999999999991 2.9999999999999991 10.000000000000002 11.999999999999998 22.000000000000004 108 123 154 5 80 7.9999999999999991 4.9999999999999982 35 68 71 2.9999999999999991 57 5.9999999999999991 6.0000000000000018 3 4 4.0000000000000027 5 27 5.9999999999999991 6
leaf_count=3 3 5 6 11 55 120 110 5 73 4 5 35 47 70 3 57 3 3 3 4 4 5 27 3 3
internal_value=-0.177004 4.78689 3.25493 3.78161 5.02622 -1.57238 -0.9811 -1.83583 -0.424146 0.258089 -3.75035 -3.12985 -1.17092 -1.61547 -4.73837 -2.11112 -1.55243 13.2674 -7.17964 -7.88068 -5.23351 -3.88075 -5.66988 14.0739 13.6803
internal_weight=834 183 155 148 120 651 512 202 310 162 139 98 148 194 38 60 28 28 8 7 41 10 31 18 12
internal_count=667 96 82 75 61 571 432 198 234 114 139 98 120 190 38 60 14 14 8 7 41 10 31 9 6
is_linear=0
shrinkage=0.05


Tree=26
num_leaves=20
num_cat=0
split_feature=3 3 0 4 7 4 4 4 4 3 6 4 7 4 1 4 0 3 4
split_gain=3.02957e+06 742604 549270 408728 375125 772371 576092 460341 259329 210094 165854 274566 114851 52858 50641.5 42467.5 41509.6 34752.1 3493.98
threshold=0.89821339459075411 0.79386370774028825 46818.55000000001 44735.000000000007 5.5000000000000009 48055.000000000007 48702.000000000007 48480.000000000007 45077.500000000007 0.51182261861442402 70.500000000000014 44810.000000000007 2.5000000000000004 46250.000000000007 26007.225000000006 38272.500000000007 33464.05000000001 0.38006841585734324 43775.000000000007
decision_type=2 2 2 2 2 2 2 2 2 2 2 2 2 2 2 2 2 2 2
left_child=1 9 10 -2 5 8 -7 -6 -5 15 11 -3 -12 16 -15 17 -11 -1 -17
right_child=3 2 -4 4 7 6 -8 -9 -10 13 12 -13 -14 14 -16 18 -18 -19 -20
leaf_value=-4.3965084968191208 -3.6270655870437625 4.4324428268579341 16.199825541178384 22.789684549967447 -3.6480243682861322 -1.508829069137573 12.835060119628906 11.523346405029296 13.652071137861775 -2.50874814120206 1.0762918605254246 0.24989428134879682 -2.1869822987488337 -6.8206553936004646 -2.2271122654279072 -5.0258226300730851 -1.0092871294152446 -2.216653721216248 -6.3375082651774086
leaf_weight=33 5.9999999999999991 65 5.9999999999999991 11.999999999999998 10 14.000000000000002 13.999999999999998 10 22 55 52 99 56 7.9999999999999991 24 33 287 41 5.9999999999999991
leaf_count=33 4 35 3 6 5 7 7 5 11 54 30 59 40 8 24 33 267 41 6
internal_value=0.184544 -0.826097 1.23577 8.97023 9.89198 11.8127 5.66312 3.93766 16.8771 -2.0031 0.905678 1.90761 -0.615776 -1.43225 -3.3755 -3.89243 -1.25043 -3.18875 -5.22762
internal_weight=853 765 278 88 82 62 28 20 34 487 272 164 108 374 32 113 342 74 39
internal_count=678 633 167 45 41 31 14 10 17 466 164 94 70 353 32 113 321 74 39
is_linear=0
shrinkage=0.05


Tree=27
num_leaves=22
num_cat=0
split_feature=2 4 0 2 4 4 4 7 0 8 1 7 6 4 0 2 7 4 2 1 4
split_gain=2.81091e+06 902167 701023 603059 373739 370509 228482 362794 229031 224344 161459 117676 141885 89930.1 83219 77647 68614.3 35605.7 48907.1 23845.8 11568.6
threshold=4165.3450000000012 44735.000000000007 40750.80000000001 7290.6500000000005 46650.000000000007 47845.000000000007 48480.000000000007 1.5000000000000002 46405.450000000004 2.5000000000000004 21657.925000000003 5.5000000000000009 70.500000000000014 38272.500000000007 35931.750000000007 20489.925000000003 1.0000000180025095e-35 46250.000000000007 15800.155000000001 24851.41 42910.000000000007
decision_type=2 2 2 2 2 2 2 2 2 2 2 2 2 2 2 2 2 2 2 2 2
left_child=1 14 11 6 -4 -6 8 -8 9 -2 13 12 -3 15 -1 -5 -15 19 -19 -12 -16
right_child=3 2 4 10 5 -7 7 -9 -10 -11 17 -13 -14 16 20 -17 -18 18 -20 -21 -22
leaf_value=-8.6803251266479418 -1.0433096503311734 20.038575744628901 -1.3992232513427734 -1.5098458764227956 16.138832201276507 6.7464736075628373 -1.2515378236770625 13.033834114074708 10.424636920293173 2.372031473512338 -1.5950306734070183 24.048681640625002 9.867156346638998 1.0737150382995606 -2.1624173482259113 -4.168630479668316 -5.0350128370418892 -2.0503282907846816 -8.6881317138671879 -0.62560914866427053 0.74196549355983743
leaf_weight=4.0000000000000027 106 8.0000000000000018 9.9999999999999982 99 13.999999999999998 42 8.0000000000000018 9.9999999999999982 5.9999999999999991 88 96 5.9999999999999991 5.9999999999999991 4.9999999999999991 5.9999999999999991 38 57 37 2.9999999999999991 187 7.9999999999999991
leaf_count=4 64 4 5 99 7 21 4 5 3 50 94 3 3 5 3 38 57 36 3 158 4
internal_value=0.162109 7.8591 9.98962 -0.91963 7.5046 9.09456 1.28909 6.68478 0.803479 0.505917 -1.84205 18.1902 15.6794 -2.96236 -2.32 -2.24732 -4.54237 -1.15182 -2.54816 -0.954459 -0.50277
internal_weight=844 104 86 740 66 56 218 18 200 194 522 20 14 199 18 137 62 323 40 283 14
internal_count=670 54 43 616 33 28 126 9 117 114 490 10 7 199 11 137 62 291 39 252 7
is_linear=0
shrinkage=0.05


Tree=28
num_leaves=17
num_cat=0
split_feature=3 0 7 3 0 0 4 4 7 2 2 3 4 4 0 0
split_gain=1.48604e+06 460298 449041 346322 277761 393217 386215 231976 296383 104830 137532 93283.6 87957.9 59169.7 15004.3 6096.44
threshold=0.89821339459075411 46818.55000000001 1.0000000180025095e-35 0.67536341066997652 39644.100000000006 43492.150000000009 44810.000000000007 48480.000000000007 1.5000000000000002 3032.8150000000005 3697.6850000000004 0.44658068855919536 37329.500000000007 46250.000000000007 35192.500000000007 45258.100000000006
decision_type=2 2 2 2 2 2 2 2 2 2 2 2 2 2 2 2
left_child=1 3 9 11 -4 6 -6 12 -9 -2 -11 14 -5 -13 -1 -7
right_child=2 -3 4 7 5 15 -8 8 -10 10 -12 13 -14 -15 -16 -17
leaf_value=-4.1995845133608034 -4.8444950580596906 15.927526092529298 18.429211425781251 0.85877747436364504 12.995281821489336 11.004640808105465 0.30974225997924809 -1.2470978476784442 10.115386017163594 7.8974181969960542 -2.8081771850585935 -1.6854929570400832 -0.86020635141346757 -4.8430848956108097 -1.3587261486053468 12.621044158935547
leaf_weight=66 8.0000000000000018 3.9999999999999991 5.9999999999999991 96 7.9999999999999991 10.000000000000002 24 11.000000000000002 11.999999999999998 5.9999999999999982 6 204 331 15.999999999999998 4.9999999999999991 13.999999999999998
leaf_count=66 5 2 3 67 4 5 12 6 7 3 3 204 248 16 5 7
internal_value=-0.285022 -0.988195 6.10356 -1.07951 8.20504 7.10959 3.48113 -0.210265 4.68115 -0.411026 2.54462 -2.4237 -0.473737 -1.91514 -3.99952 11.9475
internal_weight=827 745 82 741 62 56 32 450 23 20 12 291 427 220 71 24
internal_count=663 621 42 619 31 28 16 328 13 11 6 291 315 220 71 12
is_linear=0
shrinkage=0.05


Tree=29
num_leaves=20
num_cat=0
split_feature=2 0 4 6 7 1 7 3 3 4 4 0 4 2 4 7 7 0 0
split_gain=2.11681e+06 420973 375759 343121 727543 302683 200004 811120 383087 147202 188716 90022.8 86244.1 74470.1 66550.1 42345.7 7606.5 1311.72 67.41
threshold=4763.8150000000014 46818.55000000001 48480.000000000007 69.500000000000014 4.5000000000000009 27342.645 5.5000000000000009 0.9053761446508084 0.91385628058227697 36349.500000000007 36212.500000000007 32750.100000000002 48702.000000000007 4435.2300000000005 39497.500000000007 1.0000000180025095e-35 5.5000000000000009 43492.150000000009 46818.55000000001
decision_type=2 2 2 2 2 2 2 2 2 2 2 2 2 2 2 2 2 2 2
left_child=2 5 3 4 13 11 8 -8 -5 10 -7 15 -11 -1 -13 -2 17 -4 -19
right_child=1 -3 16 6 -6 9 7 -9 -10 12 -12 14 -14 -15 -16 -17 -18 18 -20
leaf_value=5.6600659370422335 -1.1415753815855298 15.131150054931641 12.234301503499342 0.31484674215316777 19.982021179199222 -0.27632537682851155 12.506151453653972 -10.747812957763673 7.9927640765905386 -0.50004060147263163 9.0239225769042957 -1.1472377893557917 3.1685462012010461 -2.2176490465799965 -2.6853239919854839 -4.1861160224483864 9.9107653808593721 11.447366078694664 11.210353342692056
leaf_weight=6.0000000000000018 13.999999999999998 3.9999999999999991 6.0000000000000027 32 9.9999999999999982 12 5.9999999999999991 9.9999999999999982 33 278 10 195 17 6 110 62 10.000000000000002 5.9999999999999982 6
leaf_count=3 14 2 3 17 5 7 3 5 17 202 5 189 10 3 109 62 5 3 3
internal_value=0.0456341 -1.04319 5.88038 4.48417 10.0216 -1.13588 2.98019 -2.02758 4.21287 0.00560669 3.95106 -2.08561 -0.288631 1.72121 -1.70196 -3.62528 11.0164 11.6307 11.3289
internal_weight=833 702 131 103 22 698 81 16 65 317 22 381 295 12 305 76 28 18 12
internal_count=667 600 67 53 11 598 42 8 34 224 12 374 212 6 298 76 14 9 6
is_linear=0
shrinkage=0.05


Tree=30
num_leaves=21
num_cat=0
split_feature=3 1 0 6 7 7 0 4 7 7 3 0 3 0 4 3 3 4 3 7
split_gain=1.63154e+06 426501 547884 457527 267385 632016 530016 218882 338666 217595 284013 208795 194327 149685 126853 102956 55147.6 40696.1 39226.5 37859
threshold=0.91047153557029792 33681.630000000005 39439.000000000007 69.500000000000014 5.5000000000000009 4.5000000000000009 43554.30000000001 48480.000000000007 1.5000000000000002 1.0000000180025095e-35 0.92055893903825303 46405.450000000004 0.56783236402589676 43492.150000000009 37329.500000000007 0.77986819086613424 0.88089080778258277 38272.500000000007 0.38006841585734324 1.0000000180025095e-35
decision_type=2 2 2 2 2 2 2 2 2 2 2 2 2 2 2 2 2 2 2 2
left_child=1 12 3 -3 5 9 -6 11 -9 10 -2 -4 17 -11 15 -14 -16 18 -1 -19
right_child=4 2 7 -5 6 -7 -8 8 -10 13 -12 -13 14 -15 16 -17 -18 19 -20 -21
leaf_value=-3.7329234510660174 9.4310381412506068 18.53482360839843 -0.63014050334483596 2.4924160885810855 -7.9065678596496589 19.943075256347658 10.293990516662598 -1.3431702960621223 10.802816518147786 3.8718017196655263 -2.7313366413116458 8.8907866160074871 -0.65023850637177638 11.363915557861329 -1.3602195947254458 2.0787928687201607 -5.8555624825613846 1.5577907880147299 -1.6334127983001814 -4.2075652618493349
leaf_weight=32 8.0000000000000018 8.0000000000000018 143 9.9999999999999982 7.9999999999999991 9.9999999999999982 7.9999999999999991 11.000000000000002 11.999999999999998 10.000000000000002 11.999999999999998 5.9999999999999991 96 20 269 54 6.9999999999999991 2.9999999999999991 73 56
leaf_count=32 4 4 84 5 4 5 4 6 6 5 7 3 89 10 245 30 5 3 73 56
internal_value=-0.0563131 -0.737696 1.32261 9.62237 6.93683 8.46832 1.19371 0.454032 4.99387 6.17337 2.13361 -0.246747 -1.40118 8.86654 -0.83816 0.332213 -1.47423 -2.86368 -2.27326 -3.91441
internal_weight=856 780 190 18 76 60 16 172 23 50 20 149 590 30 426 150 276 164 105 59
internal_count=680 641 108 9 39 31 8 99 12 26 11 87 533 15 369 119 250 164 105 59
is_linear=0
shrinkage=0.05


Tree=31
num_leaves=29
num_cat=0
split_feature=3 3 3 0 0 1 7 2 6 7 1 1 2 0 8 8 2 0 6 7 2 8 7 2 3 1 0 7
split_gain=1.74063e+06 376354 196497 193946 354630 286283 172505 562610 490342 436191 190979 160332 152655 81060.4 54091.3 47761 80706.3 61746.9 57430.6 35445 31056.8 45377.2 41241 16794 15874.8 12148.2 11821 11675.8
threshold=0.86666694403780087 0.89821339459075411 0.57039551159891977 41240.150000000009 38028.200000000004 40586.275000000001 5.5000000000000009 3480.1950000000002 70.500000000000014 4.5000000000000009 42547.560000000005 35344.775000000009 3032.8150000000005 42267.850000000006 3.5000000000000004 3.5000000000000004 6730.7300000000005 42663.250000000007 71.500000000000014 3.5000000000000004 18673.055000000004 2.5000000000000004 1.0000000180025095e-35 19051.230000000003 0.82630355731598548 26007.225000000006 35710.80000000001 5.5000000000000009
decision_type=2 2 2 2 2 2 2 2 2 2 2 2 2 2 2 2 2 2 2 2 2 2 2 2 2 2 2 2
left_child=2 3 20 4 14 13 9 -8 -9 10 -3 -6 -11 -5 -2 17 18 19 -17 -4 21 22 -1 -22 -19 -18 -23 -25
right_child=1 6 15 5 11 -7 7 8 -10 12 -12 -13 -14 -15 -16 16 25 24 -20 -21 23 26 -24 27 -26 -27 -28 -29
leaf_value=1.479901186625161 -3.0140785023570054 3.8029965460300446 -1.0600602741081884 -5.0292639992453836 10.113119818947531 8.0386739683151252 -7.5112395286560032 1.0067413330078128 19.91548868815104 21.981873067220054 11.199449920654297 2.7199675126509235 11.431460094451905 -0.1405150284638276 2.8003079732259115 5.1207067489624016 -0.76047835914255346 -0.549052227300311 -0.16301038530137801 -2.4037091633677488 -7.0619772593180343 -1.6457871072292329 -4.8283456701981393 -3.5416603633073667 0.75577508178917141 0.18310975233713789 0.16464096253568478 -1.9940715058644614
leaf_weight=3.0000000000000027 12.000000000000002 32 127 10.999999999999998 22 9.9999999999999982 8.0000000000000018 7.9999999999999982 6 5.9999999999999991 11.999999999999998 10.999999999999998 7.9999999999999991 37 5.9999999999999991 12 103 63 9 80 2.9999999999999991 50 19 65 37 51 10.999999999999998 14.999999999999998
leaf_count=3 7 17 110 6 11 5 4 4 3 3 6 6 4 19 3 6 102 54 7 75 3 50 19 65 20 35 11 15
internal_value=0.00974162 4.23173 -1.22167 2.32025 4.56943 0.342513 6.83611 3.06622 9.11049 8.26607 5.82021 7.64874 15.9531 -1.26085 -1.07595 -0.710706 -0.0514816 -1.08649 2.85626 -1.57934 -2.70531 -2.02141 -3.96813 -3.38922 -0.0662661 -0.447991 -1.31932 -3.25149
internal_weight=837 189 648 109 51 58 80 22 14 58 44 33 14 48 18 482 175 307 21 207 166 83 22 83 100 154 61 80
internal_count=673 98 575 57 27 30 41 11 7 30 23 17 7 25 10 409 150 259 13 185 166 83 22 83 74 137 61 80
is_linear=0
shrinkage=0.05


Tree=32
num_leaves=26
num_cat=0
split_feature=3 7 8 1 7 3 6 2 1 4 7 0 1 3 1 0 4 4 1 4 4 0 4 0 1
split_gain=1.58158e+06 391882 462849 451059 491884 210733 208594 225780 167085 133938 265950 207542 127507 115543 103866 98535.9 46043.2 96387.7 57541 18416.9 23391.3 22526.7 10932.4 9199.46 3276.64
threshold=0.86666694403780087 4.5000000000000009 2.5000000000000004 41161.155000000006 1.0000000180025095e-35 0.89821339459075411 70.500000000000014 4904.5400000000009 17280.730000000003 48702.000000000007 1.5000000000000002 45554.150000000009 41007.395000000011 0.91047153557029792 38364.155000000006 45995.150000000009 39497.500000000007 41515.000000000007 26007.225000000006 39715.000000000007 39052.500000000007 32750.100000000002 48702.000000000007 38880.30000000001 14777.825000000006
decision_type=2 2 2 2 2 2 2 2 2 2 2 2 2 2 2 2 2 2 2 2 2 2 2 2 2
left_child=8 3 6 9 -5 23 7 -3 19 10 -2 -11 -8 -7 16 -16 18 -18 -10 20 21 -1 -6 -4 -21
right_child=1 2 5 4 22 13 12 -9 14 11 -12 -13 -14 -15 15 -17 17 -19 -20 24 -22 -23 -24 -25 -26
leaf_value=-3.8164585431416835 2.5907964854770236 12.505404510498042 8.4396471659342414 -2.183711459636688 11.814173235212051 21.305870564778647 -2.5360950333731509 1.2359221458435059 -0.83205174842419538 12.194361877441409 -3.0504001941436378 -0.95676281452178946 6.1758110046386721 12.529282226562501 8.4000874519348159 -0.66154858271280925 -3.4908824699680978 -0.88576829458182704 0.88498797349526859 -4.2693193435668944 1.5633063554763795 -2.1909591187921134 9.7575227101643875 5.6708531697591136 -6.2931289672851554
leaf_weight=39 45 10.000000000000002 6.0000000000000018 9.9999999999999982 14.000000000000002 5.9999999999999991 14.000000000000002 7.9999999999999991 156 5.9999999999999982 39 6 5.9999999999999991 9.9999999999999982 5.9999999999999982 6 41 265 71 4 2.9999999999999991 47 11.999999999999998 6 4
leaf_count=39 24 5 3 5 7 3 8 4 152 3 21 3 3 5 3 3 41 218 45 4 3 47 6 3 4
internal_value=0.133587 4.0403 7.18609 2.4674 7.24032 12.064 3.59187 7.49675 -1.07129 0.677561 -0.0283305 5.6188 0.0774768 15.8205 -0.73099 3.86927 -0.83456 -1.23482 -0.295004 -2.98327 -2.77671 -2.9281 10.8649 7.05525 -5.28122
internal_weight=840 198 66 132 36 28 38 18 642 96 84 12 20 16 545 12 533 306 227 97 89 86 26 12 8
internal_count=662 103 34 69 18 14 20 9 559 51 45 6 11 8 462 6 456 259 197 97 89 86 13 6 8
is_linear=0
shrinkage=0.05


end of trees

feature_importances:
thermal_on_capacity=191
total_load=139
thermal_space_load_ratio=131
renewable_power=101
weekday=89
net_load=88
month=44
period=28
hour=3
is_weekend=1

parameters:
[boosting: gbdt]
[objective: regression]
[metric: rmse]
[tree_learner: serial]
[device_type: cpu]
[data_sample_strategy: bagging]
[data: ]
[valid: ]
[num_iterations: 400]
[learning_rate: 0.05]
[num_leaves: 31]
[num_threads: 0]
[seed: 42]
[deterministic: 0]
[force_col_wise: 0]
[force_row_wise: 0]
[histogram_pool_size: -1]
[max_depth: 5]
[min_data_in_leaf: 3]
[min_sum_hessian_in_leaf: 0.001]
[bagging_fraction: 0.85]
[pos_bagging_fraction: 1]
[neg_bagging_fraction: 1]
[bagging_freq: 1]
[bagging_seed: 400]
[bagging_by_query: 0]
[feature_fraction: 0.85]
[feature_fraction_bynode: 1]
[feature_fraction_seed: 30056]
[extra_trees: 0]
[extra_seed: 12879]
[early_stopping_round: 0]
[early_stopping_min_delta: 0]
[first_metric_only: 0]
[max_delta_step: 0]
[lambda_l1: 0]
[lambda_l2: 0]
[linear_lambda: 0]
[min_gain_to_split: 0]
[drop_rate: 0.1]
[max_drop: 50]
[skip_drop: 0.5]
[xgboost_dart_mode: 0]
[uniform_drop: 0]
[drop_seed: 17869]
[top_rate: 0.2]
[other_rate: 0.1]
[min_data_per_group: 100]
[max_cat_threshold: 32]
[cat_l2: 10]
[cat_smooth: 10]
[max_cat_to_onehot: 4]
[top_k: 20]
[monotone_constraints: ]
[monotone_constraints_method: basic]
[monotone_penalty: 0]
[feature_contri: ]
[forcedsplits_filename: ]
[refit_decay_rate: 0.9]
[cegb_tradeoff: 1]
[cegb_penalty_split: 0]
[cegb_penalty_feature_lazy: ]
[cegb_penalty_feature_coupled: ]
[path_smooth: 0]
[interaction_constraints: ]
[verbosity: -1]
[saved_feature_importance_type: 0]
[use_quantized_grad: 0]
[num_grad_quant_bins: 4]
[quant_train_renew_leaf: 0]
[stochastic_rounding: 1]
[linear_tree: 0]
[max_bin: 255]
[max_bin_by_feature: ]
[min_data_in_bin: 3]
[bin_construct_sample_cnt: 200000]
[data_random_seed: 175]
[is_enable_sparse: 1]
[enable_bundle: 1]
[use_missing: 1]
[zero_as_missing: 0]
[feature_pre_filter: 1]
[pre_partition: 0]
[two_round: 0]
[header: 0]
[label_column: ]
[weight_column: ]
[group_column: ]
[ignore_column: ]
[categorical_feature: ]
[forcedbins_filename: ]
[precise_float_parser: 0]
[parser_config_file: ]
[objective_seed: 16083]
[num_class: 1]
[is_unbalance: 0]
[scale_pos_weight: 1]
[sigmoid: 1]
[boost_from_average: 1]
[reg_sqrt: 0]
[alpha: 0.9]
[fair_c: 1]
[poisson_max_delta_step: 0.7]
[tweedie_variance_power: 1.5]
[lambdarank_truncation_level: 30]
[lambdarank_norm: 1]
[label_gain: ]
[lambdarank_position_bias_regularization: 0]
[eval_at: ]
[multi_error_top_k: 1]
[auc_mu_weights: ]
[num_machines: 1]
[local_listen_port: 12400]
[time_out: 120]
[machine_list_filename: ]
[machines: ]
[gpu_platform_id: -1]
[gpu_device_id: -1]
[gpu_use_dp: 0]
[num_gpu: 1]

end of parameters

pandas_categorical:[]
