tree
version=v4
num_class=1
num_tree_per_iteration=1
label_index=0
max_feature_idx=10
objective=regression
feature_names=total_load net_load renewable_power thermal_space_load_ratio thermal_on_capacity hour period weekday month is_weekend is_holiday
feature_infos=[28967.5:37654.099999999999] [16768.16:33225.790000000001] [1969.25:16540.459999999999] [0.51925464503030128:0.93935264316841438] [29205:38255] [22:23] [89:96] [0:6] [4:5] [0:1] none
tree_sizes=1334 1613 1366 1652 1348 1531 1053 1594 1408 1438 1416 1484 1368 1605 1405 1761 1288 1334 1409 1011 1131 1847 1363 1521 1082 1810

Tree=0
num_leaves=14
num_cat=0
split_feature=2 2 1 1 4 2 1 1 7 1 0 1 6
split_gain=1.46815e+06 252325 50890.5 48078.5 16552.8 15025.4 14779.3 11146 10863.4 8036.71 6970.29 2677 490.02
threshold=2383.4350000000004 4903.5900000000011 30542.655000000002 23981.135000000006 38137.000000000007 3284.4350000000004 30217.355000000003 18787.910000000003 5.5000000000000009 26934.500000000004 34998.000000000007 21115.465 93.500000000000014
decision_type=2 2 2 2 2 2 2 2 2 2 2 2 2
left_child=-1 2 5 7 10 -2 9 12 -7 -5 -4 -9 -3
right_child=1 3 4 6 -6 8 -8 11 -10 -11 -12 -13 -14
leaf_value=345.26477210998536 322.74637145996093 315.44182600541546 322.95208565848213 317.29543478253862 320.54637140274048 319.15899302766132 321.1963714281718 316.16135424909919 321.01637142181397 318.10478811970461 325.39637130737304 316.79229649782178 314.9582215118408
leaf_weight=4.9999999999999991 3.9999999999999991 11.000000000000002 7.0000000000000018 71 4.9999999999999991 37 2.9999999999999991 29 9.9999999999999982 54 5 40 9.9999999999999982
leaf_count=5 4 11 7 71 5 37 3 29 10 54 5 40 10
internal_value=318.405 317.935 320.594 317.106 322.963 319.805 317.728 316.22 319.554 317.645 323.971 316.527 315.212
internal_weight=291 286 68 218 17 51 128 90 47 125 12 69 21
internal_count=291 286 68 218 17 51 128 90 47 125 12 69 21
is_linear=0
shrinkage=1


Tree=1
num_leaves=17
num_cat=0
split_feature=3 1 1 1 7 3 2 7 6 0 1 1 7 0 2 6
split_gain=1.98389e+06 252129 94331.4 24208 18189.3 15784.5 21971.1 10471 9857.22 3836.55 3275.49 2930.93 1620.26 473.913 406.195 337.641
threshold=0.92802950837499443 27038.945000000003 30054.310000000005 21115.465 2.5000000000000004 0.82414039463894528 5952.6150000000007 1.5000000000000002 90.500000000000014 32561.350000000002 18540.105000000003 24921.990000000005 3.5000000000000004 32255.800000000007 6293.8300000000008 91.500000000000014
decision_type=2 2 2 2 2 2 2 2 2 2 2 2 2 2 2 2
left_child=1 3 5 10 7 12 -7 -4 -6 14 13 -11 -3 -1 -5 -12
right_child=-2 2 4 9 8 6 -8 -9 -10 11 15 -13 -14 -15 -16 -17
leaf_value=-3.6584625244140607 34.801171112060551 -0.4275842113484597 3.8094353146023199 -1.7576287950788219 7.1857348442077651 0.47129876802838039 3.9147605133056644 1.3975411812464396 3.9813718159993488 -1.6217663083757676 -2.3253772148719203 -1.0175748278989512 -1.3302388827006022 -3.1545954568045484 -2.2065003712972007 -2.6526938629150392
leaf_weight=7.0000000000000027 3.9999999999999991 29 9.0000000000000036 7.0000000000000027 3.9999999999999982 63 4.9999999999999991 9 6 49 12.999999999999998 34 5.9999999999999991 13.999999999999998 18 20
leaf_count=7 4 29 9 7 4 63 5 9 6 49 13 34 6 14 18 20
internal_value=-0.173599 -0.65107 0.979986 -1.97001 3.55336 0.28043 0.724494 2.60349 5.26312 -1.53782 -2.8344 -1.37427 -0.582325 -3.32255 -2.08082 -2.52375
internal_weight=297 293 131 162 28 103 68 18 10 108 54 83 35 21 25 33
internal_count=297 293 131 162 28 103 68 18 10 108 54 83 35 21 25 33
is_linear=0
shrinkage=0.05


Tree=2
num_leaves=14
num_cat=0
split_feature=3 1 1 1 4 4 1 1 2 2 6 0 1
split_gain=1.82197e+06 308916 159577 72911.9 28536.3 27133.4 17703.5 12664.9 8920.86 8014.61 6775.71 3745.03 3152.9
threshold=0.92802950837499443 29005.775000000005 31852.515000000003 26639.550000000003 35692.500000000007 38137.000000000007 21115.465 30976.555000000004 6793.4150000000009 4824.5050000000001 91.500000000000014 33049.350000000006 18290.870000000003
decision_type=2 2 2 2 2 2 2 2 2 2 2 2 2
left_child=1 3 5 6 8 7 12 -3 -5 -6 -7 -8 -1
right_child=-2 2 -4 4 9 10 11 -9 -10 -11 -12 -13 -14
leaf_value=-3.2242572996351457 29.868229675292969 2.5063229389190678 14.12064641316732 2.4588262160619099 0.44515207777420679 1.718110956464495 -1.9921880177089148 4.7919901847839359 -0.26771854758262636 -0.86674943291223971 -0.35602487325668336 -1.3587423469339099 -2.4137916988796659
leaf_weight=18 4.9999999999999991 25 2.9999999999999991 11.999999999999998 14.999999999999998 6.9999999999999991 35 7.9999999999999991 3.9999999999999991 52 8.9999999999999982 70 36
leaf_count=18 5 25 3 12 15 7 35 8 4 52 9 70 36
internal_value=-0.0609053 -0.569904 2.92651 -1.3212 -0.119984 2.24115 -1.94825 3.06042 1.77719 -0.57304 0.55141 -1.56989 -2.68395
internal_weight=299 294 52 242 83 49 159 33 16 67 16 105 54
internal_count=299 294 52 242 83 49 159 33 16 67 16 105 54
is_linear=0
shrinkage=0.05


Tree=3
num_leaves=17
num_cat=0
split_feature=3 1 1 4 1 1 7 2 3 4 7 0 1 1 1 1
split_gain=1.47528e+06 176377 61677.3 31164.7 16675.6 16430.1 13894.9 13290 7892.87 4555.25 4144.33 2041.87 1984.41 1938.67 494.724 91.8274
threshold=0.92802950837499443 26934.500000000004 29581.985000000004 35692.500000000007 30976.555000000004 21115.465 2.5000000000000004 4756.8600000000015 0.82278851759741889 35397.500000000007 2.5000000000000004 35361.30000000001 17888.300000000007 24921.990000000005 19081.915000000005 17211.505000000005
decision_type=2 2 2 2 2 2 2 2 2 2 2 2 2 2 2 2
left_child=1 5 3 8 10 12 -6 -5 -3 11 -4 -7 15 -11 -14 -1
right_child=-2 2 4 7 6 9 -8 -9 -10 13 -12 -13 14 -15 -16 -17
leaf_value=-3.2913717269897464 29.967700576782228 -0.38055257797241171 1.1974022459983824 0.53416394055660432 2.835149012671577 -1.1657045784450712 6.3769031524658208 -0.78863064982674347 2.4288720893859868 -1.9900982141494752 2.6707800183977404 0.016544122248888016 -2.6028148357684797 -1.4204010452542988 -2.2066079759597779 -3.0034485287136503
leaf_weight=3.9999999999999991 3.9999999999999991 3.0000000000000027 15.000000000000002 29 8.9999999999999982 42 3.9999999999999991 55 14.999999999999998 32 6.9999999999999991 3.9999999999999991 12.999999999999998 28 20 8.9999999999999982
leaf_count=4 4 3 15 29 9 42 4 55 15 32 7 4 13 28 20 9
internal_value=-0.189605 -0.607007 0.694073 0.0726225 2.50516 -1.77969 3.92492 -0.331952 1.96063 -1.43724 1.6662 -1.0629 -2.56881 -1.72424 -2.36269 -3.09204
internal_weight=293 289 137 102 35 152 13 84 18 106 22 46 46 60 33 13
internal_count=293 289 137 102 35 152 13 84 18 106 22 46 46 60 33 13
is_linear=0
shrinkage=0.05


Tree=4
num_leaves=14
num_cat=0
split_feature=3 1 1 1 1 7 0 1 7 1 1 0 1
split_gain=1.48809e+06 246339 76664 72719.3 18442.9 12452.7 11325.6 10613.8 6933.22 5301.3 4963.35 2841.95 2274.38
threshold=0.92802950837499443 29581.985000000004 31852.515000000003 26934.500000000004 21115.465 2.5000000000000004 32588.900000000005 30976.555000000004 1.5000000000000002 28307.175000000003 28408.305000000004 32561.350000000002 18787.910000000003
decision_type=2 2 2 2 2 2 2 2 2 2 2 2 2
left_child=1 3 5 4 12 8 10 -7 -3 -8 -5 -6 -1
right_child=-2 2 -4 6 11 7 9 -9 -10 -11 -12 -13 -14
leaf_value=-2.822341038630559 27.008032226562502 2.7661899975367952 9.0633673477172856 0.76316739400227851 -1.800580535888672 2.6536392641067508 -0.60358672867650576 5.7011116027832038 0.75326185226440423 0.21976988806444059 2.9910242716471358 -1.1850098439455032 -2.1729099886757988
leaf_weight=26 4.9999999999999991 7.0000000000000009 4.9999999999999991 15.000000000000002 25 9.9999999999999982 46 3.9999999999999991 11 34 2.9999999999999991 75 28
leaf_count=26 5 7 5 15 25 10 46 4 11 34 3 75 28
internal_value=-0.0361829 -0.504076 3.30559 -1.06343 -1.74099 2.40594 0.00130378 3.52435 1.53607 -0.25366 1.13448 -1.3389 -2.4856
internal_weight=294 289 37 252 154 32 98 14 18 80 18 100 54
internal_count=294 289 37 252 154 32 98 14 18 80 18 100 54
is_linear=0
shrinkage=0.05


Tree=5
num_leaves=16
num_cat=0
split_feature=3 3 2 3 5 3 4 8 3 3 0 3 3 7 7
split_gain=1.48597e+06 222963 70889.8 67010.6 38475.7 33953.3 34129.2 19197.3 18660.9 14935.8 6084.05 5837.98 3515.47 2843.55 1010.57
threshold=0.92802950837499443 0.86002363972736062 2589.4700000000007 0.92631290355649709 22.500000000000004 0.79892122282972677 35692.500000000007 4.5000000000000009 0.88094521902268419 0.62807875381843925 33566.000000000007 0.90008821195584576 0.82414039463894528 2.5000000000000004 3.5000000000000004
decision_type=2 2 2 2 2 2 2 2 2 2 2 2 2 2 2
left_child=1 5 3 -3 -2 9 12 11 -9 14 -11 -4 -7 -8 -1
right_child=4 2 7 -5 -6 6 13 8 -10 10 -12 -13 -14 -15 -16
leaf_value=-2.178300326211112 28.693050130208334 12.561594835917155 0.2066596794128418 2.6760580062866204 20.685171508789058 0.98574444452921584 -0.52936278373696088 0.82137265682220439 3.5434053982005405 -1.6825206152854428 -0.95657756178191422 1.7400904019673664 3.0314918518066403 -1.3101485311985017 -2.7217133435336027
leaf_weight=13.999999999999998 2.9999999999999991 2.9999999999999991 20.000000000000004 4 3 2.9999999999999982 43 10.000000000000002 17 62 54 8.9999999999999982 7 15.999999999999998 22
leaf_count=14 3 3 20 4 3 3 43 10 17 62 54 9 7 16 22
internal_value=0.0650919 -0.455134 2.1688 6.91272 24.6891 -1.20313 -0.283294 1.57581 2.53525 -1.62069 -1.34458 0.682552 2.41777 -0.741101 -2.51039
internal_weight=290 284 63 7 6 221 69 56 27 152 116 29 10 59 36
internal_count=290 284 63 7 6 221 69 56 27 152 116 29 10 59 36
is_linear=0
shrinkage=0.05


Tree=6
num_leaves=11
num_cat=0
split_feature=3 1 1 5 1 4 4 1 4 1
split_gain=1.46483e+06 204757 138842 43640.8 34709.5 19722.8 16412.9 14613.2 2984.7 1724.11
threshold=0.92802950837499443 31852.515000000003 27064.675000000003 22.500000000000004 29005.775000000005 35692.500000000007 38137.000000000007 21115.465 35397.500000000007 18787.910000000003
decision_type=2 2 2 2 2 2 2 2 2 2
left_child=1 2 7 -2 5 -4 -6 9 -9 -1
right_child=3 -3 4 -5 6 -7 -8 8 -10 -11
leaf_value=-2.5556943664550786 27.258396402994794 12.53672587076823 1.7693111126239485 19.280747222900388 2.4491607554753623 -0.37885557919740681 0.50457818157532641 -0.93589499275735089 -1.469965150800802 -1.9794562481067801
leaf_weight=25 2.9999999999999991 2.9999999999999991 12.999999999999998 4 30 60 17 47 59 27
leaf_count=25 3 3 13 4 30 60 17 47 59 27
internal_value=0.106868 -0.455944 -0.596152 22.6997 0.68602 0.00369465 1.7458 -1.56995 -1.23316 -2.25649
internal_weight=288 281 278 7 120 73 47 158 106 52
internal_count=288 281 278 7 120 73 47 158 106 52
is_linear=0
shrinkage=0.05


Tree=7
num_leaves=17
num_cat=0
split_feature=3 1 3 1 7 1 2 1 3 7 0 1 1 7 2 1
split_gain=1.27864e+06 123175 65350.6 36044.3 13176.5 11865.1 8359.5 6652.75 5994.98 4169.78 2695.64 1694.8 1236.13 898.898 324.793 256.208
threshold=0.92802950837499443 27064.675000000003 0.93541618785748104 30054.310000000005 2.5000000000000004 21115.465 3381.0250000000001 30976.555000000004 0.82414039463894528 1.5000000000000002 32770.850000000006 24921.990000000005 18787.910000000003 2.5000000000000004 11751.560000000001 17888.300000000007
decision_type=2 2 2 2 2 2 2 2 2 2 2 2 2 2 2 2
left_child=1 5 -2 6 9 12 -3 -6 -8 -5 13 -12 15 -7 -14 -1
right_child=2 3 -4 4 7 10 8 -9 -10 -11 11 -13 14 -15 -16 -17
leaf_value=-2.5163604100545243 28.075903320312502 2.2079921865463255 17.639542134602859 2.2025877555211379 2.8269330215454098 -0.67306985855102541 -0.48432008336330279 5.8052436828613274 0.38889491352878636 0.82014448404312112 -1.1945559131471735 -0.71581305729018319 -1.6042608367072206 -1.5794766610668551 -1.9841980489095055 -2.1736816406249999
leaf_weight=12.000000000000002 2.9999999999999991 4.9999999999999991 3 12.000000000000004 5 2.9999999999999991 29 3 61 10 38 36 9.0000000000000018 31 14.999999999999998 9.9999999999999982
leaf_count=12 3 5 3 12 5 3 29 3 61 10 38 36 9 31 15 10
internal_value=0.0202339 -0.470895 22.8577 0.695201 2.2061 -1.4174 0.218077 3.9438 0.107526 1.5742 -1.13098 -0.961654 -2.08988 -1.4995 -1.84172 -2.3606
internal_weight=285 279 6 125 30 154 95 8 90 22 108 74 46 34 24 22
internal_count=285 279 6 125 30 154 95 8 90 22 108 74 46 34 24 22
is_linear=0
shrinkage=0.05


Tree=8
num_leaves=15
num_cat=0
split_feature=3 1 1 3 1 4 3 1 7 1 4 7 0 1
split_gain=1.15298e+06 165979 60246.2 58978.9 39208.2 17439.6 15738.2 11333.6 7067.17 6980.29 2667.09 2272.53 2018.98 1704.04
threshold=0.92802950837499443 30542.655000000002 26934.500000000004 0.93541618785748104 31852.515000000003 35692.500000000007 0.8572471336739077 21115.465 2.5000000000000004 27704.805000000004 35397.500000000007 1.5000000000000002 34592.700000000004 18540.105000000003
decision_type=2 2 2 2 2 2 2 2 2 2 2 2 2 2
left_child=1 2 7 -2 8 9 -7 13 11 -4 -9 -3 -10 -1
right_child=3 4 5 -5 -6 6 -8 10 12 -11 -12 -13 -14 -15
leaf_value=-2.3784635210037233 26.672107950846357 2.5474603335062636 0.95973299026489267 16.757564290364581 7.5649040031433108 -0.64053155194435807 0.69944125016530356 -0.86769791803921437 3.0438554128011068 3.2477925872802738 -1.3556869651590076 1.1713140328725178 4.8782419840494775 -1.7785428310262745
leaf_weight=20 2.9999999999999991 6.0000000000000053 9.9999999999999982 3 4.9999999999999991 56 36 56 2.9999999999999991 4.9999999999999991 56 6 3 29
leaf_count=20 3 6 10 3 5 56 36 56 3 5 56 6 3 29
internal_value=0.0191324 -0.428202 -0.778023 21.7148 3.64798 0.141555 -0.116194 -1.38917 2.55994 1.72242 -1.11169 1.85939 3.96105 -2.02341
internal_weight=297 291 268 6 23 107 92 161 18 15 112 12 6 49
internal_count=297 291 268 6 23 107 92 161 18 15 112 12 6 49
is_linear=0
shrinkage=0.05


Tree=9
num_leaves=15
num_cat=0
split_feature=2 1 1 1 2 7 7 7 1 1 0 7 1 1
split_gain=530387 141071 63867.7 36331.9 12683.8 12149.8 7539.86 6667.98 5517.42 4483.03 4170.35 2655.51 746.631 414.591
threshold=2383.4350000000004 28738.940000000006 31852.515000000003 24257.755000000001 4824.5050000000001 2.5000000000000004 1.5000000000000002 1.0000000180025095e-35 30976.555000000004 19081.915000000005 32695.150000000005 5.5000000000000009 23532.875000000004 17211.505000000005
decision_type=2 2 2 2 2 2 2 2 2 2 2 2 2 2
left_child=10 3 5 9 11 6 -3 -6 -7 13 -1 -5 -11 -2
right_child=1 2 -4 4 7 8 -8 -9 -10 12 -12 -13 -14 -15
leaf_value=15.919687398274741 -2.5190707524617513 1.5871242363201945 7.1866584396362301 0.30204822085797778 0.075580113266523072 2.0475493544340133 0.22738537625832991 -0.83461459824041029 4.492380523681641 -1.5399675703048707 13.283291117350258 1.4696601595197407 -1.1904308178208092 -2.0579735535841723
leaf_weight=2.9999999999999991 5.9999999999999991 19 4.9999999999999991 16.000000000000004 26 9.9999999999999982 22 89 2.9999999999999991 50 3 6.9999999999999991 22 26
leaf_count=3 6 19 5 16 26 10 22 89 3 50 3 7 22 26
internal_value=-0.118411 -0.411831 1.7804 -0.946301 -0.414458 1.27982 0.857508 -0.628831 2.61174 -1.65202 14.6015 0.657408 -1.43316 -2.14443
internal_weight=307 301 59 242 138 54 41 115 13 104 6 23 72 32
internal_count=307 301 59 242 138 54 41 115 13 104 6 23 72 32
is_linear=0
shrinkage=0.05


Tree=10
num_leaves=15
num_cat=0
split_feature=3 1 5 1 1 2 7 0 3 1 1 0 0 1
split_gain=862618 81674.2 39551.4 17019.7 15709.5 11366.1 9584.66 5996.47 4081.72 3774.55 1420.33 1339.86 914.755 558.198
threshold=0.92802950837499443 27558.035000000003 22.500000000000004 30639.230000000003 23981.135000000006 3284.4350000000004 5.5000000000000009 31603.850000000002 0.82414039463894528 19261.945000000003 31757.000000000004 32561.350000000002 33686.80000000001 17888.300000000007
decision_type=2 2 2 2 2 2 2 2 2 2 2 2 2 2
left_child=1 4 -2 5 9 -3 10 -6 -7 13 -5 -9 -11 -1
right_child=2 3 -4 6 7 8 -8 11 -10 12 -12 -13 -14 -15
leaf_value=-2.2191362925938196 22.711510721842448 3.0185699939727786 14.592460886637367 2.049203627450126 1.0244851842522622 -0.29186563485048039 4.8080633799235031 -1.1277263749586908 0.50991644250196322 -1.4687150822745432 0.86811672449111921 -0.66173663815347172 -1.0594790632074529 -1.8074895477294923
leaf_weight=13.999999999999998 2.9999999999999991 3.9999999999999991 3 6.9999999999999982 4.9999999999999991 22 2.9999999999999991 19 57 36 4 82 22 20
leaf_count=14 3 4 3 7 5 22 3 19 57 36 4 82 22 20
internal_value=-0.116596 -0.49833 18.652 0.690305 -1.08064 0.418295 2.30293 -0.665724 0.286635 -1.5587 1.61972 -0.749398 -1.31349 -1.97699
internal_weight=301 295 6 97 198 83 14 106 79 92 11 101 58 34
internal_count=301 295 6 97 198 83 14 106 79 92 11 101 58 34
is_linear=0
shrinkage=0.05


Tree=11
num_leaves=15
num_cat=0
split_feature=3 1 4 5 1 7 0 0 3 4 1 4 7 3
split_gain=890244 138446 79560.1 31022.2 25991.8 17574.1 8462.48 7219.23 6979.85 5702.17 4147.89 1018.64 703.155 426.134
threshold=0.92802950837499443 28738.940000000006 36349.500000000007 22.500000000000004 24415.320000000003 2.5000000000000004 34998.000000000007 33036.150000000009 0.8572471336739077 35692.500000000007 19261.945000000003 32625.000000000004 5.5000000000000009 0.61025132340424604
decision_type=2 2 2 2 2 2 2 2 2 2 2 2 2 2
left_child=1 4 -3 -2 10 7 -7 -4 9 -6 13 -12 -10 -1
right_child=3 2 5 -5 8 6 -8 -9 12 -11 11 -13 -14 -15
leaf_value=-2.02521020082327 21.575934346516931 7.8557608127593994 -1.3240035057067872 14.849815559387205 0.011768443696200849 2.0982518611209726 5.0245507558186855 0.91824450365134658 0.29054992857078704 -0.77796234631910921 -0.71922371387481698 -1.3181797753487317 0.97521759986877443 -1.5211849594116211
leaf_weight=26.000000000000004 2.9999999999999991 4.9999999999999991 3.9999999999999991 4 32 14.000000000000002 2.9999999999999991 35 15.000000000000002 80 7.9999999999999991 63 4.9999999999999991 4.9999999999999991
leaf_count=26 3 5 4 4 32 14 3 35 15 80 8 63 5 5
internal_value=0.109308 -0.308868 1.81263 17.7324 -0.861908 1.27307 2.61466 0.68827 -0.398682 -0.552325 -1.46138 -1.25069 0.461717 -1.94392
internal_weight=302 295 61 7 234 56 17 39 132 112 102 71 20 31
internal_count=302 295 61 7 234 56 17 39 132 112 102 71 20 31
is_linear=0
shrinkage=0.05


Tree=12
num_leaves=15
num_cat=0
split_feature=3 1 1 6 0 0 4 3 1 4 7 4 1 0
split_gain=806238 117307 52633.6 38980.1 64206.6 27997.5 16438.8 13492.1 8067.64 5596.45 4331.74 2457.32 1303.36 1290.19
threshold=0.92802950837499443 30639.230000000003 26934.500000000004 89.500000000000014 35023.400000000009 33085.05000000001 35692.500000000007 0.8572471336739077 21115.465 35217.000000000007 2.5000000000000004 35397.500000000007 18290.870000000003 34260.30000000001
decision_type=2 2 2 2 2 2 2 2 2 2 2 2 2 2
left_child=1 2 8 4 -3 -2 9 -8 12 -4 13 -10 -1 -5
right_child=5 3 6 10 -6 -7 7 -9 11 -11 -12 -13 -14 -15
leaf_value=-1.9501172161102298 14.107324600219727 11.980294990539537 0.85501527352766549 2.0540988286336268 2.3037991285324093 20.497137959798174 -0.53888414664701978 0.64335979495284168 -0.6599147765365031 2.5930633544921871 3.4013409296671551 -1.1326370610131158 -1.4491336461660025 0.78416286706924432
leaf_weight=20 3.9999999999999991 3.0000000000000027 11 2.9999999999999982 4 3 55 43 56 8 2.9999999999999991 54 37 6
leaf_count=20 4 3 11 3 4 3 55 43 56 8 3 54 37 6
internal_value=0.0696313 -0.317937 -0.572403 3.48565 6.45087 16.8458 0.240816 -0.0201445 -1.14214 1.58682 1.75594 -0.891978 -1.62492 1.20747
internal_weight=310 303 284 19 7 7 117 98 167 19 12 110 57 9
internal_count=310 303 284 19 7 7 117 98 167 19 12 110 57 9
is_linear=0
shrinkage=0.05


Tree=13
num_leaves=17
num_cat=0
split_feature=3 3 6 4 3 3 7 4 2 7 0 0 2 0 3 7
split_gain=642018 108718 53168.4 55911.1 25553.7 14563.5 9293.56 16979.6 8460.97 9298.14 3884.17 3315.35 2691.16 2361.67 1007.95 858.473
threshold=0.92802950837499443 0.85008779691433667 89.500000000000014 37162.000000000007 0.93541618785748104 0.70038789934305101 1.0000000180025095e-35 35692.500000000007 3381.0250000000001 5.5000000000000009 34223.100000000013 32928.30000000001 3284.4350000000004 33686.80000000001 0.61025132340424604 2.5000000000000004
decision_type=2 2 2 2 2 2 2 2 2 2 2 2 2 2 2 2
left_child=1 5 3 -3 -2 13 7 -7 10 -10 -4 -8 -5 14 -1 -15
right_child=4 2 8 12 -6 6 11 -9 9 -11 -12 -13 -14 15 -16 -17
leaf_value=-1.8443424741427106 19.472281392415368 10.546985652049386 2.3567326112226996 1.1281030019124347 12.946222432454423 2.5798686345418296 -1.1455621576309205 -0.36071625815497504 0.06487786544091774 1.743454053185203 0.90877929404377944 -0.58189479700724289 3.2459487915039058 -0.68185687281868657 -1.4027648925781251 -1.2820222010979287
leaf_weight=24 2.9999999999999991 2.9999999999999982 11.000000000000002 3 3 5.9999999999999991 40 27 33 10.999999999999998 7.9999999999999991 75 3 11.000000000000002 28 12.999999999999998
leaf_count=24 3 3 11 3 3 6 40 27 33 11 8 75 3 11 28 13
internal_value=0.0168835 -0.31134 1.37884 4.97368 16.2093 -0.854612 -0.565708 0.173936 0.86529 0.484522 1.74707 -0.777953 2.18703 -1.41722 -1.60657 -1.00695
internal_weight=302 296 72 9 6 224 148 33 63 44 19 115 6 76 52 24
internal_count=302 296 72 9 6 224 148 33 63 44 19 115 6 76 52 24
is_linear=0
shrinkage=0.05


Tree=14
num_leaves=15
num_cat=0
split_feature=3 1 1 1 0 4 2 7 1 1 0 4 1 7
split_gain=552878 109625 38829.4 37405.2 28069.4 9910.16 11349.7 6521.88 6288.49 3820.63 2510.07 2465.63 1853.84 1276.47
threshold=0.92802950837499443 30542.655000000002 31852.515000000003 26934.500000000004 33085.05000000001 35692.500000000007 3284.4350000000004 2.5000000000000004 23532.875000000004 27558.035000000003 34592.700000000004 35865.000000000007 18540.105000000003 1.5000000000000002
decision_type=2 2 2 2 2 2 2 2 2 2 2 2 2 2
left_child=1 3 7 8 -2 9 -7 13 12 -5 -9 -10 -1 -3
right_child=4 2 -4 5 -6 6 -8 10 11 -11 -12 -13 -14 -15
leaf_value=-1.7738690777828818 11.658901977539063 1.978317203521726 7.5937428832054144 0.72049424052238475 18.498666890462236 2.6127243041992188 -0.11050532895394348 2.2473120371500652 -0.44040143933692361 2.3895895957946776 4.1605595588684077 -0.97364117943722273 -1.2023040562868119 0.89660704135894764
leaf_weight=19 2.9999999999999991 5.0000000000000053 3.9999999999999991 7.9999999999999982 3 3.9999999999999991 88 2.9999999999999991 41 6 4 46 56 6
leaf_count=19 3 5 4 8 3 4 88 3 41 6 4 46 56 6
internal_value=0.0555896 -0.255235 3.13774 -0.533763 15.0788 0.19649 0.00789596 2.14752 -1.01158 1.43582 3.3406 -0.722344 -1.3471 1.38829
internal_weight=296 290 22 268 6 106 92 18 162 14 7 87 75 11
internal_count=296 290 22 268 6 106 92 18 162 14 7 87 75 11
is_linear=0
shrinkage=0.05


Tree=15
num_leaves=19
num_cat=0
split_feature=2 6 0 3 8 4 1 1 3 0 0 3 0 7 1 4 0 3
split_gain=504659 372486 66978.3 53495.4 22231.1 16517.8 10006.4 7202.84 7100.26 2824.82 2550.1 2463.87 1212.75 1181.31 1059.46 377.271 186.835 145.975
threshold=2589.4700000000007 91.500000000000014 33085.05000000001 0.82278851759741889 4.5000000000000009 35692.500000000007 31254.910000000003 21115.465 0.8572471336739077 34374.55000000001 33982.650000000009 0.88094521902268419 32798.350000000013 5.5000000000000009 18787.910000000003 34905.000000000007 32255.800000000007 0.82451498730167783
decision_type=2 2 2 2 2 2 2 2 2 2 2 2 2 2 2 2 2 2
left_child=1 -1 -3 7 5 17 11 14 -7 12 -4 -6 -9 -11 16 -16 -2 -5
right_child=3 2 10 4 6 8 -8 9 -10 13 -12 -13 -14 -15 15 -17 -18 -19
leaf_value=25.319808069864909 -1.8369336658053923 11.075956726074223 2.9567356109619136 1.9600684801737462 0.86064344780011559 -0.60736707819625746 4.4713937123616541 -1.1731809079647064 0.37540659702876034 -0.19939663194376847 0.89514232476552302 1.8966341813405354 -0.75813205874327461 -0.85512303776211207 -1.1234593143463136 -1.5387504713875908 -1.5449368681226459 2.4012404632568356
leaf_weight=2.9999999999999991 9.0000000000000018 2.9999999999999982 3 3 11.000000000000005 40 2.9999999999999991 24 34 29 3 11.999999999999998 66 8.9999999999999982 25 6.9999999999999991 13.999999999999998 5
leaf_count=3 9 3 3 3 11 40 3 24 34 29 3 12 66 9 25 7 14 5
internal_value=0.0133611 10.0619 4.97594 -0.401012 0.481448 0.0775067 1.75542 -0.921808 -0.155822 -0.716185 1.92594 1.40116 -0.868812 -0.3547 -1.40035 -1.2143 -1.6592 2.2358
internal_weight=303 12 9 291 108 82 26 183 74 128 6 23 90 38 55 32 23 8
internal_count=303 12 9 291 108 82 26 183 74 128 6 23 90 38 55 32 23 8
is_linear=0
shrinkage=0.05


Tree=16
num_leaves=13
num_cat=0
split_feature=3 3 6 3 7 4 0 0 3 0 4 3
split_gain=515945 79379.9 54405.4 25622.4 15802.3 11388.8 5858.7 5833.68 4972.57 2516.36 1023.14 500.181
threshold=0.92802950837499443 0.90269441751792845 89.500000000000014 0.81694067003396598 5.5000000000000009 35692.500000000007 34459.950000000004 34627.700000000004 0.62807875381843925 33941.400000000009 37657.000000000007 0.61025132340424604
decision_type=2 2 2 2 2 2 2 2 2 2 2 2
left_child=1 3 -3 8 5 -5 -6 10 11 -10 -4 -1
right_child=-2 2 7 4 6 -7 -8 -9 9 -11 -12 -13
leaf_value=-1.5392932326705369 15.885257568359377 7.9374286413192685 1.5333414459228518 2.1772947502136231 1.1534541338682176 -0.27585948228158735 3.7444178899129223 0.0018071985244750976 -0.95185467381226396 -0.48007819977071553 2.5017834345499672 -1.1710118089403425
leaf_weight=27 4.9999999999999991 4.0000000000000027 4.9999999999999982 4.9999999999999991 7.9999999999999982 88 3 4.9999999999999991 76 45 6 13.999999999999998
leaf_count=27 5 4 5 5 8 88 3 5 76 45 6 14
internal_value=-0.0376817 -0.316055 2.72181 -0.544466 0.0679974 -0.143969 1.86008 1.4179 -0.937652 -0.776401 2.06158 -1.41354
internal_weight=291 286 20 266 104 93 11 16 162 121 11 41
internal_count=291 286 20 266 104 93 11 16 162 121 11 41
is_linear=0
shrinkage=0.05


Tree=17
num_leaves=14
num_cat=0
split_feature=3 1 6 0 3 4 2 1 1 7 0 0 1
split_gain=485901 72845.6 28118.8 50915.8 26775.9 9450.55 9146.63 5564.25 5031.12 2074.71 1799.51 1359.23 1228.66
threshold=0.92802950837499443 30542.655000000002 89.500000000000014 35023.400000000009 0.81694067003396598 35692.500000000007 3284.4350000000004 31852.515000000003 23532.875000000004 2.5000000000000004 33566.000000000007 33644.850000000006 18787.910000000003
decision_type=2 2 2 2 2 2 2 2 2 2 2 2 2
left_child=1 4 3 -3 8 11 -7 9 12 -4 -10 -6 -1
right_child=-2 2 7 -5 5 6 -8 -9 10 -11 -12 -13 -14
leaf_value=-1.4572657958320949 15.476989212036134 10.004071426391594 1.2004258751869203 1.764670133590698 1.1207149356603625 2.0781087112426757 -0.12389445954776673 -0.74220001697540283 -0.85828199241219494 2.5950721263885494 -0.42064937907186417 2.2495561599731442 -1.019652473701621
leaf_weight=23 4.9999999999999991 3.0000000000000018 7.9999999999999982 5 7.9999999999999982 4.9999999999999991 83 2.9999999999999991 41 4 55 4 53
leaf_count=23 5 3 8 5 8 5 83 3 41 4 55 4 53
internal_value=0.0205496 -0.241424 2.46055 4.85445 -0.4699 0.180712 0.00121936 1.18381 -0.848163 1.66531 -0.607555 1.497 -1.15209
internal_weight=300 295 23 8 272 100 88 15 172 12 96 12 76
internal_count=300 295 23 8 272 100 88 15 172 12 96 12 76
is_linear=0
shrinkage=0.05


Tree=18
num_leaves=15
num_cat=0
split_feature=3 1 6 1 0 4 3 8 1 4 1 1 1 1
split_gain=420196 61674.9 49446.4 20691 18145.4 11839.1 6098.23 4744.18 3895.87 2013.36 1856.29 1558.26 795.945 572.049
threshold=0.92802950837499443 30054.310000000005 89.500000000000014 26639.550000000003 33085.05000000001 35692.500000000007 0.8572471336739077 4.5000000000000009 21115.465 34905.000000000007 31852.515000000003 27558.035000000003 30639.230000000003 18787.910000000003
decision_type=2 2 2 2 2 2 2 2 2 2 2 2 2 2
left_child=1 3 -3 8 -2 11 -7 10 13 -10 -4 -5 -9 -1
right_child=4 2 7 5 -6 6 -8 12 9 -11 -12 -13 -14 -15
leaf_value=-1.3978414017221201 9.9682157516479499 6.5554638814926109 0.73106440305709841 0.94392569303512586 15.112348620096839 -0.47919893978094613 0.39186339545994997 1.5581559181213378 -0.35738402914036727 -0.82978883483516652 -0.70508999824523888 1.9631593068440756 2.5556184450785313 -1.0523213615417482
leaf_weight=23 3.9999999999999991 5.0000000000000027 8.9999999999999982 9.9999999999999982 3 54 32 6 34 67 3.0000000000000009 5.9999999999999991 3 25
leaf_count=23 4 5 9 10 3 54 32 6 34 67 3 6 3 25
internal_value=0.0744476 -0.231288 2.08682 -0.471411 12.1728 0.0772657 -0.155083 1.02286 -0.847015 -0.670761 0.372026 1.32614 1.89064 -1.21788
internal_weight=284 277 26 251 7 102 86 21 149 101 12 16 9 48
internal_count=284 277 26 251 7 102 86 21 149 101 12 16 9 48
is_linear=0
shrinkage=0.05


Tree=19
num_leaves=10
num_cat=0
split_feature=3 1 1 1 4 4 1 4 1
split_gain=479778 86219.8 37866.4 10289.2 8878.82 4680.42 4001.57 2385.25 986.612
threshold=0.92802950837499443 31852.515000000003 27038.945000000003 29581.985000000004 35692.500000000007 38137.000000000007 23981.135000000006 35865.000000000007 19081.915000000005
decision_type=2 2 2 2 2 2 2 2 2
left_child=1 2 6 4 -4 -5 8 -8 -1
right_child=-2 -3 3 5 -6 -7 7 -9 -10
leaf_value=-1.2661240032741004 19.890308125813803 8.2247451702753711 1.1594327591359617 1.5445958825674924 -0.13951871994178039 0.28142592473463579 -0.19748229663819075 -0.76216023392147492 -0.90668114900589003
leaf_weight=28 2.9999999999999991 2.9999999999999991 15.999999999999998 22 74 10.999999999999998 32 45 60
leaf_count=28 3 3 16 22 74 11 32 45 60
internal_value=-0.00279079 -0.207874 -0.295714 0.36832 0.091406 1.12354 -0.790721 -0.527489 -1.02105
internal_weight=294 291 288 123 90 33 165 77 88
internal_count=294 291 288 123 90 33 165 77 88
is_linear=0
shrinkage=0.05


Tree=20
num_leaves=11
num_cat=0
split_feature=3 2 5 3 0 3 7 0 2 6
split_gain=285890 51826.1 27954.9 27874.7 7549.98 5928.18 4097.97 6117.61 2685.22 1718.44
threshold=0.92802950837499443 2589.4700000000007 22.500000000000004 0.8572471336739077 33628.900000000001 0.82414039463894528 2.5000000000000004 34592.700000000004 9112.0750000000025 94.500000000000014
decision_type=2 2 2 2 2 2 2 2 2 2
left_child=1 2 -1 4 8 -6 9 -8 -3 -5
right_child=-2 3 -4 6 5 -7 7 -9 -10 -11
leaf_value=7.6965167999267585 11.854448356628419 -0.60991975827650591 1.3115699529647824 0.4628486080169677 -0.38003301674343021 0.73224539969648639 0.76424478373744265 2.7017661666870119 -1.0673449802398682 -0.47941405971844991
leaf_weight=2.9999999999999991 4.9999999999999991 77 4 25.000000000000004 83 13.999999999999998 22.000000000000004 4.9999999999999991 55 5.9999999999999991
leaf_count=3 5 77 4 25 83 14 22 5 55 6
internal_value=-0.00111733 -0.202743 4.04798 -0.306419 -0.554407 -0.219498 0.672706 1.12305 -0.800514 0.280475
internal_weight=299 294 7 287 229 97 58 27 132 31
internal_count=299 294 7 287 229 97 58 27 132 31
is_linear=0
shrinkage=0.05


Tree=21
num_leaves=20
num_cat=0
split_feature=2 4 1 3 7 1 1 0 4 2 6 4 1 7 1 0 4 0 0
split_gain=114358 118502 29911.1 11106.9 5963.94 8569.87 5829.1 5042.98 2879.08 3597.65 2839.44 2048.95 1899.4 1082.73 1064.28 1045.51 484.838 361.674 147.011
threshold=2589.4700000000007 36890.000000000007 28172.53000000001 0.93541618785748104 2.5000000000000004 29185.860000000004 23981.135000000006 34627.700000000004 35692.500000000007 6293.8300000000008 93.500000000000014 35692.500000000007 31254.910000000003 2.5000000000000004 18290.870000000003 32993.500000000007 32625.000000000004 33391.05000000001 32255.800000000007
decision_type=2 2 2 2 2 2 2 2 2 2 2 2 2 2 2 2 2 2 2
left_child=1 3 6 -1 10 17 14 -3 9 -8 11 -4 -7 -10 18 -12 -16 -6 -2
right_child=2 7 4 -5 5 12 8 -9 13 -11 15 -13 -14 -15 16 -17 -18 -19 -20
leaf_value=11.810914961496993 -1.4761749948774066 1.2459914684295652 1.6889985720316572 7.5084073384602847 0.2047093483619391 1.5946726868549983 0.90621944665908816 -1.4658985773722328 -0.37040035132414256 -0.27225346749319751 -1.3403690020243324 0.32587104926214505 2.8527801156044008 -0.73840345987459521 -0.47763713002204899 -0.1596833376586437 -0.89243340411428695 -0.46766858100891096 -1.1624159336090087
leaf_weight=2.9999999999999982 6.9999999999999991 4 2.9999999999999991 3 6.0000000000000018 11.999999999999998 7.9999999999999991 3 39 34 3 34 3.9999999999999991 41 7.9999999999999991 5 59 3 7.9999999999999991
leaf_count=3 7 4 3 3 6 12 8 3 39 34 3 34 4 41 8 5 59 3 8
internal_value=-0.0787124 4.5034 -0.296112 9.65966 0.595708 1.2149 -0.602129 0.0837529 -0.383008 -0.0477824 0.251713 0.436395 1.9092 -0.559002 -0.928137 -0.60244 -0.842905 -0.0194166 -1.30884
internal_weight=287 13 274 6 70 25 204 7 122 42 45 37 16 80 82 8 67 9 15
internal_count=287 13 274 6 70 25 204 7 122 42 45 37 16 80 82 8 67 9 15
is_linear=0
shrinkage=0.05


Tree=22
num_leaves=14
num_cat=0
split_feature=3 1 6 4 2 4 1 3 1 7 4 1 3
split_gain=292404 47170.7 23009.2 38815.9 13301.5 10921.9 7022.57 3873.06 3375.16 2796.89 1409.69 1215.28 893.937
threshold=0.92802950837499443 30054.310000000005 89.500000000000014 37657.000000000007 6530.7600000000011 35692.500000000007 31852.515000000003 0.8572471336739077 23532.875000000004 2.5000000000000004 35865.000000000007 27704.805000000004 0.61025132340424604
decision_type=2 2 2 2 2 2 2 2 2 2 2 2 2
left_child=1 4 3 -3 5 11 9 -7 12 -4 -10 -1 -6
right_child=-2 2 6 -5 8 7 -8 -9 10 -11 -12 -13 -14
leaf_value=0.93965601921081543 12.010113420486451 8.4726216554641649 0.71883641084035199 1.2785577583312986 -1.1432313159660057 -0.43972513496875765 -1.3926036834716797 0.24043329109748207 -0.25701543282378808 1.9257796883583069 -0.64327779335937674 1.8583189805348714 -0.78360493114839003
leaf_weight=8.9999999999999982 4.9999999999999991 3.0000000000000018 12.000000000000005 5 27 50 2.9999999999999991 36 44 7.9999999999999991 51 5.9999999999999991 48
leaf_count=9 5 3 12 5 27 50 3 36 44 8 51 6 48
internal_value=0.0175756 -0.180976 1.66662 3.97633 -0.392325 0.0621402 0.863238 -0.155008 -0.66233 1.20161 -0.464377 1.30712 -0.91307
internal_weight=307 302 31 8 271 101 23 86 170 20 95 15 75
internal_count=307 302 31 8 271 101 23 86 170 20 95 15 75
is_linear=0
shrinkage=0.05


Tree=23
num_leaves=16
num_cat=0
split_feature=3 3 0 4 2 7 3 4 0 0 0 0 2 3 0
split_gain=269356 40105.9 38247.5 29831 40666.2 8124.59 5968.84 10364.2 3522.12 2940.96 2904.64 1724.31 1135.26 652.578 435.944
threshold=0.92802950837499443 0.8572471336739077 32695.150000000005 36349.500000000007 3575.6700000000005 2.5000000000000004 0.81694067003396598 35692.500000000007 33049.350000000006 34592.700000000004 35929.150000000009 34953.650000000001 12884.675000000001 0.61025132340424604 33644.850000000006
decision_type=2 2 2 2 2 2 2 2 2 2 2 2 2 2 2
left_child=1 6 -2 4 -3 11 8 14 13 -7 -9 -5 -10 -1 -8
right_child=2 3 -4 5 -6 9 7 10 12 -11 -12 -13 -14 -15 -16
leaf_value=-1.1444645369052888 6.5324813842773439 8.3701669668157894 14.516580581665034 0.24734757453203204 0.6692040920257567 0.99064622357049403 1.107716774940491 -0.43340968247883177 -0.37647018124826437 2.3701288223266603 1.1693165938059489 -0.67005490561326342 -0.9174189567565918 -0.81174057126045229 1.8080290222167965
leaf_weight=20 2.9999999999999991 2.9999999999999991 3 35 4 17.000000000000004 3.9999999999999982 49 82 4.9999999999999991 2.9999999999999991 5.9999999999999991 10.999999999999998 56 5
leaf_count=20 3 3 3 35 4 17 4 49 82 5 3 6 11 56 5
internal_value=0.034954 -0.174838 10.5245 0.873083 3.96962 0.529023 -0.49377 -0.0698051 -0.646798 1.30416 -0.340945 0.113094 -0.440453 -0.8993 1.49678
internal_weight=306 300 6 70 7 63 230 61 169 22 52 41 93 76 9
internal_count=306 300 6 70 7 63 230 61 169 22 52 41 93 76 9
is_linear=0
shrinkage=0.05


Tree=24
num_leaves=11
num_cat=0
split_feature=3 1 1 5 8 4 1 1 4 1
split_gain=196722 43151.9 23852.8 13433.9 5785.04 5970.04 5303.84 3295.39 2346.34 926.353
threshold=0.92802950837499443 31852.515000000003 27603.435000000001 22.500000000000004 4.5000000000000009 35692.500000000007 30772.450000000004 23981.135000000006 35692.500000000007 18787.910000000003
decision_type=2 2 2 2 2 2 2 2 2 2
left_child=1 2 7 -2 5 -4 -6 9 -9 -1
right_child=3 -3 4 -5 6 -7 -8 8 -10 -11
leaf_value=-1.0573083584958858 10.852613162994386 5.0004381895065313 1.8011829376220705 6.4264347076416009 0.65646303204389722 0.0017423825875177224 2.3056801080703737 -0.076037586904888932 -0.55068618032065308 -0.6812059931398835
leaf_weight=22 2.9999999999999991 3.9999999999999991 4.9999999999999991 4 26 59 5.9999999999999991 43 66 64
leaf_count=22 3 4 5 4 26 59 6 43 66 64
internal_value=0.0390838 -0.157492 -0.228392 8.32337 0.41678 0.142324 0.965691 -0.546015 -0.363439 -0.777418
internal_weight=302 295 291 7 96 64 32 195 109 86
internal_count=302 295 291 7 96 64 32 195 109 86
is_linear=0
shrinkage=0.05


Tree=25
num_leaves=19
num_cat=0
split_feature=2 0 0 1 8 4 1 1 2 4 4 0 4 7 1 4 0 1
split_gain=238548 257884 32993 19140 6198.08 6428.44 5273.53 3072.74 2525.84 2310.43 1877.17 1543.1 1314.01 1199.23 570.781 773.749 136.5 99.2924
threshold=2589.4700000000007 34128.000000000007 33085.05000000001 27558.035000000003 4.5000000000000009 35692.500000000007 30772.450000000004 23532.875000000004 3284.4350000000004 34905.000000000007 36337.500000000007 35054.750000000007 33155.000000000007 1.0000000180025095e-35 17888.300000000007 34905.000000000007 34817.200000000004 17211.505000000005
decision_type=2 2 2 2 2 2 2 2 2 2 2 2 2 2 2 2 2 2
left_child=1 2 -1 7 5 16 8 14 -6 12 -7 -8 -9 -11 17 -16 -5 -2
right_child=3 -3 -4 4 6 10 11 9 -10 13 -12 -13 -14 -15 15 -17 -18 -19
leaf_value=6.1051128864288344 -1.2432802677154542 19.647894509633385 0.012730636596679685 1.82342742284139 1.728502273559569 -0.69062950859467198 1.3885493993759157 -0.28771663819040566 0.37527257812023168 0.0033423045277595521 0.0057437776401638987 2.9922428766886386 0.44254475506869229 -0.57867563826866542 -0.61233304862031035 -1.0181545187445249 1.3464573224385576 -0.98069116804334855
leaf_weight=3.9999999999999982 5.9999999999999991 2.9999999999999991 5 2.9999999999999991 4.0000000000000027 11.999999999999998 2.9999999999999991 14.000000000000002 25 9.9999999999999982 50 3 10.999999999999998 77 38 17 3 8.9999999999999982
leaf_count=4 6 3 5 3 4 12 3 14 25 10 50 3 11 77 38 17 3 9
internal_value=0.0465571 6.95232 2.72046 -0.244212 0.300461 0.0221954 0.841091 -0.552461 0.561925 -0.390041 -0.129038 2.1904 0.0335984 -0.511777 -0.812331 -0.737769 1.58494 -1.08573
internal_weight=297 12 9 285 103 68 35 182 29 112 62 6 25 87 70 55 6 15
internal_count=297 12 9 285 103 68 35 182 29 112 62 6 25 87 70 55 6 15
is_linear=0
shrinkage=0.05


end of trees

feature_importances:
net_load=115
thermal_space_load_ratio=60
total_load=52
thermal_on_capacity=47
weekday=37
renewable_power=28
period=13
hour=6
month=5

parameters:
[boosting: gbdt]
[objective: regression]
[metric: rmse]
[tree_learner: serial]
[device_type: cpu]
[data_sample_strategy: bagging]
[data: ]
[valid: ]
[num_iterations: 400]
[learning_rate: 0.05]
[num_leaves: 31]
[num_threads: 0]
[seed: 42]
[deterministic: 0]
[force_col_wise: 0]
[force_row_wise: 0]
[histogram_pool_size: -1]
[max_depth: 5]
[min_data_in_leaf: 3]
[min_sum_hessian_in_leaf: 0.001]
[bagging_fraction: 0.85]
[pos_bagging_fraction: 1]
[neg_bagging_fraction: 1]
[bagging_freq: 1]
[bagging_seed: 400]
[bagging_by_query: 0]
[feature_fraction: 0.85]
[feature_fraction_bynode: 1]
[feature_fraction_seed: 30056]
[extra_trees: 0]
[extra_seed: 12879]
[early_stopping_round: 0]
[early_stopping_min_delta: 0]
[first_metric_only: 0]
[max_delta_step: 0]
[lambda_l1: 0]
[lambda_l2: 0]
[linear_lambda: 0]
[min_gain_to_split: 0]
[drop_rate: 0.1]
[max_drop: 50]
[skip_drop: 0.5]
[xgboost_dart_mode: 0]
[uniform_drop: 0]
[drop_seed: 17869]
[top_rate: 0.2]
[other_rate: 0.1]
[min_data_per_group: 100]
[max_cat_threshold: 32]
[cat_l2: 10]
[cat_smooth: 10]
[max_cat_to_onehot: 4]
[top_k: 20]
[monotone_constraints: ]
[monotone_constraints_method: basic]
[monotone_penalty: 0]
[feature_contri: ]
[forcedsplits_filename: ]
[refit_decay_rate: 0.9]
[cegb_tradeoff: 1]
[cegb_penalty_split: 0]
[cegb_penalty_feature_lazy: ]
[cegb_penalty_feature_coupled: ]
[path_smooth: 0]
[interaction_constraints: ]
[verbosity: -1]
[saved_feature_importance_type: 0]
[use_quantized_grad: 0]
[num_grad_quant_bins: 4]
[quant_train_renew_leaf: 0]
[stochastic_rounding: 1]
[linear_tree: 0]
[max_bin: 255]
[max_bin_by_feature: ]
[min_data_in_bin: 3]
[bin_construct_sample_cnt: 200000]
[data_random_seed: 175]
[is_enable_sparse: 1]
[enable_bundle: 1]
[use_missing: 1]
[zero_as_missing: 0]
[feature_pre_filter: 1]
[pre_partition: 0]
[two_round: 0]
[header: 0]
[label_column: ]
[weight_column: ]
[group_column: ]
[ignore_column: ]
[categorical_feature: ]
[forcedbins_filename: ]
[precise_float_parser: 0]
[parser_config_file: ]
[objective_seed: 16083]
[num_class: 1]
[is_unbalance: 0]
[scale_pos_weight: 1]
[sigmoid: 1]
[boost_from_average: 1]
[reg_sqrt: 0]
[alpha: 0.9]
[fair_c: 1]
[poisson_max_delta_step: 0.7]
[tweedie_variance_power: 1.5]
[lambdarank_truncation_level: 30]
[lambdarank_norm: 1]
[label_gain: ]
[lambdarank_position_bias_regularization: 0]
[eval_at: ]
[multi_error_top_k: 1]
[auc_mu_weights: ]
[num_machines: 1]
[local_listen_port: 12400]
[time_out: 120]
[machine_list_filename: ]
[machines: ]
[gpu_platform_id: -1]
[gpu_device_id: -1]
[gpu_use_dp: 0]
[num_gpu: 1]

end of parameters

pandas_categorical:[]
