tree
version=v4
num_class=1
num_tree_per_iteration=1
label_index=0
max_feature_idx=10
objective=regression
feature_names=total_load net_load renewable_power thermal_space_load_ratio thermal_on_capacity hour period weekday month is_weekend is_holiday
feature_infos=[27489.099999999999:36468.199999999997] [3518.1000000000022:32758.07] [1874.4300000000001:25310.73] [0.1232142669519871:0.94520787796916761] [29205:38255] [5:8] [21:34] [0:6] [4:5] [0:1] none
tree_sizes=1740 1827 1886 1829 2000 1926 1868 1941 1840 2082 1868 2027 2161 1782 1661 1871 1994 2139 1710 1620 2066 2009 1664 2397 1893 1959 2179

Tree=0
num_leaves=19
num_cat=0
split_feature=2 1 1 1 1 7 4 7 2 1 0 4 6 2 6 7 2 0
split_gain=2.41488e+06 766986 410140 156097 153652 127242 61354.1 46249.5 45320.8 31548.3 19764.5 51543 18912.9 9690.61 5184 1574.72 930.976 866.066
threshold=16376.145000000002 31604.925000000007 27101.450000000001 20807.180000000004 14273.76 1.5000000000000002 34732.500000000007 1.5000000000000002 15369.405000000002 11975.710000000003 31763.800000000007 36337.500000000007 26.500000000000004 16649.725000000002 22.500000000000004 2.5000000000000004 17178.010000000002 28751.500000000004
decision_type=2 2 2 2 2 2 2 2 2 2 2 2 2 2 2 2 2 2
left_child=1 2 3 8 9 13 14 -8 -1 15 -11 -12 -5 -6 -4 -2 -7 -17
right_child=4 -3 6 12 5 16 7 -9 -10 10 11 -13 -14 -15 -16 17 -18 -19
leaf_value=270.77094877909946 258.05654971940174 297.88988305273506 275.83655048234118 273.0850282301127 258.05654971940174 268.8975504670824 277.37780044419424 274.04904424471511 268.34476784030841 259.09545001847403 268.3673839682624 260.34063353084377 272.10768681967022 262.07538338842846 277.63655048234119 258.27854984147206 269.92095049721854 259.12809201422192
leaf_weight=118 8.0000000000000018 2.9999999999999991 5.0000000000000027 90 2.9999999999999991 3.9999999999999982 11.999999999999998 80 23 4.9999999999999991 2.9999999999999982 6 110 3 20 3.9999999999999991 5 11.999999999999998
leaf_count=118 8 3 5 90 3 4 12 80 23 5 3 6 110 3 20 4 5 12
internal_value=271.529 272.691 272.526 271.649 261.421 265.706 275.08 274.483 270.375 259.73 261.616 263.016 272.547 260.066 277.277 258.629 269.466 258.916
internal_weight=514 461 458 341 53 15 117 92 141 38 14 9 200 6 25 24 9 16
internal_count=514 461 458 341 53 15 117 92 141 38 14 9 200 6 25 24 9 16
is_linear=0
shrinkage=1


Tree=1
num_leaves=19
num_cat=0
split_feature=3 1 3 3 3 7 7 0 0 1 6 0 2 2 2 0 3 7
split_gain=2.2726e+06 1.34664e+06 414392 195167 109323 79559.4 71856 51595.6 43666 37713.1 37202.8 27471.9 24796.4 16957.8 66097.5 9286.34 3144.87 842.609
threshold=0.50378752613789024 31604.925000000007 0.81010975073813529 0.44977365935055053 0.60906439730342754 1.5000000000000002 1.5000000000000002 34093.500000000007 32554.450000000004 30113.505000000005 29.500000000000004 32893.950000000004 15438.550000000001 20273.045000000002 19256.355000000007 31968.450000000001 0.48927202260770225 2.5000000000000004
decision_type=2 2 2 2 2 2 2 2 2 2 2 2 2 2 2 2 2 2
left_child=3 2 4 10 12 8 9 -8 -5 -4 -1 -6 -2 14 -12 -7 -17 -15
right_child=1 -3 6 5 11 15 7 -9 -10 -11 13 -13 -14 17 -16 16 -18 -19
leaf_value=-5.639837328592936 -1.009096327200532 27.175505371093749 5.0252633285522457 -5.5148309946060152 0.20387187994295553 -4.7939000511169434 2.3982908235655893 5.3307420412699384 -12.902827453613279 10.343609619140626 -11.969527925763808 1.3177231131792069 -3.3635459863222565 -12.902827453613277 -4.6815881967544559 -2.8787958939870206 -1.0688504815101623 -12.214374389648439
leaf_weight=2.9999999999999991 80 4.9999999999999991 20.000000000000004 4.0000000000000018 124 4.9999999999999991 90 18 4 3.9999999999999991 14.000000000000002 100 12.999999999999998 8.0000000000000018 3.9999999999999991 5.9999999999999982 4 9.9999999999999982
leaf_count=3 80 5 20 4 124 5 90 18 4 4 14 100 13 8 4 6 4 10
internal_value=0.14415 1.37039 1.08302 -8.83506 0.102835 -5.1821 3.43696 2.88703 -9.20883 5.91165 -10.9894 0.701127 -1.33821 -11.4352 -10.35 -3.03451 -2.15482 -12.5204
internal_weight=516 454 449 62 317 23 132 108 8 24 39 224 93 36 18 15 10 18
internal_count=516 454 449 62 317 23 132 108 8 24 39 224 93 36 18 15 10 18
is_linear=0
shrinkage=0.05


Tree=2
num_leaves=20
num_cat=0
split_feature=3 1 1 1 7 1 7 4 4 4 1 6 4 0 1 1 7 7 4
split_gain=2.1719e+06 903198 310047 163932 102738 91469.7 62343.2 60924.4 45496.6 38513.8 32129.5 23262.5 20658.4 19560.1 11089.2 19951.4 3377.89 1193.9 6.94385
threshold=0.50378752613789024 31604.925000000007 27101.450000000001 13295.610000000001 1.5000000000000002 20807.180000000004 1.5000000000000002 35012.500000000007 36337.500000000007 37657.000000000007 30113.505000000005 33.500000000000007 36349.500000000007 31362.350000000002 11975.710000000003 12875.765000000003 3.5000000000000004 3.5000000000000004 36489.500000000007
decision_type=2 2 2 2 2 2 2 2 2 2 2 2 2 2 2 2 2 2 2
left_child=3 2 5 9 8 11 10 -8 -5 14 -4 -2 -7 -6 17 -16 -15 -1 -10
right_child=1 -3 6 4 13 12 7 -9 18 -11 -12 -13 -14 16 15 -17 -18 -19 -20
leaf_value=-12.262870873345264 -0.61206839519711043 24.834231376647949 4.7452532461711332 -5.5098065853118863 -6.3109339475631661 1.3117774888029639 4.4364594488432916 1.8118091618836816 -12.340221405029293 -6.0735629796981812 9.8264297485351566 -2.5561759842766656 0.30199644736100723 -1.293118977546692 -7.6497814369201684 -12.387425613403318 -2.949782943725586 -11.543019580841065 -12.447799682617184
leaf_weight=9.0000000000000018 106 3.9999999999999991 14.000000000000002 4.0000000000000018 4.0000000000000027 106 33 67 3 3.9999999999999991 3.9999999999999991 18 97 4.9999999999999991 4.9999999999999982 4 7.9999999999999991 15.999999999999998 3
leaf_count=9 106 4 14 4 4 106 33 67 3 4 4 18 97 5 5 4 8 16 3
internal_value=-0.0555169 1.18112 0.968506 -8.59781 -5.61892 0.175693 3.16554 2.67794 -9.64033 -10.7144 5.8744 -0.894278 0.829271 -3.25339 -11.2604 -9.7554 -2.3126 -11.8022 -12.394
internal_weight=514 449 445 65 27 327 118 100 10 38 18 124 203 17 34 9 13 25 6
internal_count=514 449 445 65 27 327 118 100 10 38 18 124 203 17 34 9 13 25 6
is_linear=0
shrinkage=0.05


Tree=3
num_leaves=19
num_cat=0
split_feature=3 1 3 3 7 1 7 4 4 1 2 4 3 0 2 1 1 7
split_gain=1.54805e+06 823510 294273 160456 81118.4 80826.3 62683.6 57255 35768.3 27075 27032.2 22241.3 21724.1 16971.3 9209.8 3810.49 9735.84 982.718
threshold=0.50378752613789024 31604.925000000007 0.80833582803408477 0.42022278794277496 1.5000000000000002 20807.180000000004 1.5000000000000002 35012.500000000007 37657.000000000007 30113.505000000005 15438.550000000001 36337.500000000007 0.43640476074406515 32865.80000000001 16263.100000000002 11975.710000000003 12875.765000000003 3.5000000000000004
decision_type=2 2 2 2 2 2 2 2 2 2 2 2 2 2 2 2 2 2
left_child=3 2 5 8 11 10 9 -8 15 -4 -2 -5 -6 -7 -14 17 -17 -1
right_child=1 -3 6 4 12 13 7 -9 -10 -11 -12 -13 14 -15 -16 16 -18 -19
leaf_value=-11.65787560599189 -0.68519100220721274 23.592519950866702 4.6538451026467706 -6.6747077560424772 -6.4776447772979679 0.21361669606350839 4.1359671682119368 1.5994665401439145 -5.7698848366737367 9.8059415181477867 -3.0049136025565013 -11.676858139038083 -4.8550997416178383 1.1742345821857452 -1.7816734332304733 -7.729477246602376 -11.757677714029946 -10.923059199406552
leaf_weight=7.0000000000000098 122 3.9999999999999991 17.000000000000004 5.0000000000000018 4.0000000000000027 94 32 73 3.9999999999999991 2.9999999999999991 13.999999999999998 4 2.9999999999999991 90 12.999999999999998 2.9999999999999991 3 12.999999999999998
leaf_count=7 122 4 17 5 4 94 32 73 4 3 14 4 3 90 13 3 3 13
internal_value=0.00639716 1.00694 0.80392 -7.60787 -4.95581 0.000309341 2.86116 2.3725 -10.1715 5.42666 -0.923986 -8.89789 -3.18188 0.683484 -2.35794 -10.8487 -9.74358 -11.1802
internal_weight=508 449 445 59 29 320 125 105 30 20 136 9 20 184 16 26 6 20
internal_count=508 449 445 59 29 320 125 105 30 20 136 9 20 184 16 26 6 20
is_linear=0
shrinkage=0.05


Tree=4
num_leaves=21
num_cat=0
split_feature=2 1 1 1 7 7 1 3 2 2 3 0 0 6 6 1 3 7 0 0
split_gain=1.46083e+06 998707 265126 190290 134708 64569.3 63742.8 39274.8 37428.8 35373.9 33082.8 31492.6 24553.5 20078.7 16254.5 7031.48 6533.87 611.47 952.715 22.157
threshold=15369.405000000002 31604.925000000007 27584.865000000005 11975.710000000003 1.5000000000000002 1.5000000000000002 20203.305000000004 0.49813403774540704 18361.585000000003 19256.355000000007 0.51642204316030638 34177.100000000013 31362.350000000002 27.500000000000004 26.500000000000004 11431.535000000002 0.55249492198710781 3.5000000000000004 28751.500000000004 32192.100000000002
decision_type=2 2 2 2 2 2 2 2 2 2 2 2 2 2 2 2 2 2 2 2
left_child=1 2 6 15 7 14 16 8 -5 12 -9 -7 -6 -8 -4 17 -1 19 -19 -2
right_child=3 -3 5 4 9 11 13 10 -10 -11 -12 -13 -14 -15 -16 -17 -18 18 -20 -21
leaf_value=-1.6543539003892378 -11.073314857482892 23.395393524169922 7.2936846542358396 -11.391941070556637 -5.7706308364868066 2.1763798614498229 1.0973176124691963 -1.0979965368906657 -4.9430978775024421 -7.8566759745279953 -8.0439105033874494 4.6063702225685121 -1.5393638382355372 0.16859562367332723 3.5223918914794923 -8.3184091329574592 -0.66817374586219525 -11.179904937744141 -10.151035393608943 -10.893558502197264
leaf_weight=22 4.0000000000000062 4.9999999999999991 9.9999999999999982 9.0000000000000018 4.0000000000000062 80 120 2.9999999999999991 2.9999999999999991 2.9999999999999991 4 15.999999999999998 24 113 3.9999999999999991 3.9999999999999991 71 2.9999999999999991 8.9999999999999982 3
leaf_count=22 4 5 10 9 4 80 120 3 3 3 4 16 24 113 4 4 71 3 9 3
internal_value=0.0917095 1.17621 0.921404 -6.45987 -4.72847 3.04399 0.205194 -8.04349 -9.77973 -2.69669 -5.06709 2.58138 -2.14383 0.646907 6.21617 -10.2238 -0.901464 -10.6249 -10.4083 -10.9963
internal_weight=514 441 436 73 50 110 326 19 12 31 7 96 28 233 14 23 93 19 12 7
internal_count=514 441 436 73 50 110 326 19 12 31 7 96 28 233 14 23 93 19 12 7
is_linear=0
shrinkage=0.05


Tree=5
num_leaves=21
num_cat=0
split_feature=3 2 3 3 0 7 3 4 0 7 8 0 0 6 4 6 7 0 0 2
split_gain=1.45674e+06 723804 276968 127149 106229 87402.8 60832.5 47272.9 54397.9 42508.1 33800.5 29833 26888.1 16316 11175.5 2406.44 950.421 304.256 111.845 8.3615
threshold=0.50378752613789024 2082.4100000000003 0.82252706029960454 0.38199501412454928 34791.600000000006 1.5000000000000002 0.60804648018648932 36337.500000000007 30802.250000000004 1.5000000000000002 4.5000000000000009 33657.05000000001 32893.950000000004 33.500000000000007 37657.000000000007 31.500000000000004 3.5000000000000004 28751.500000000004 32554.450000000004 20345.240000000002
decision_type=2 2 2 2 2 2 2 2 2 2 2 2 2 2 2 2 2 2 2 2
left_child=3 -2 6 14 9 7 13 8 -5 -4 11 -7 -8 -3 16 -12 19 -18 -9 -1
right_child=1 2 4 5 -6 10 12 18 -10 -11 15 -13 -14 -15 -16 -17 17 -19 -20 -21
leaf_value=-10.615368143717426 25.488956705729166 -0.7173522261124623 4.7329570724850614 -9.4142389297485334 11.011659812927247 -6.7040958404541016 0.10494616142146894 -10.871611022949217 -1.1681899547576904 2.2265693314972963 -0.3719742601116498 -1.4155726313590997 1.1425389484122948 -2.7727131930264561 -6.8646346072355913 -1.9552339911460874 -10.32490971883138 -9.761941655476889 -10.485442352294919 -10.509780883789062
leaf_weight=3.0000000000000053 2.9999999999999991 79 21 4 3.9999999999999991 7.9999999999999991 148 5 4 87 6 4.0000000000000009 108 10.999999999999998 2.9999999999999991 4 2.9999999999999991 11.999999999999998 3 5
leaf_count=3 3 79 21 4 4 8 148 5 4 87 6 4 108 11 3 4 3 12 3 5
internal_value=0.0281406 1.00949 0.849139 -7.04061 3.01027 -5.19716 0.149583 -8.00901 -5.29121 2.71392 -3.15217 -4.94125 0.542681 -0.968563 -9.73488 -1.00528 -10.1093 -9.87454 -10.7268 -10.5494
internal_weight=525 461 458 64 112 38 346 16 8 108 22 12 256 90 26 10 23 15 8 8
internal_count=525 461 458 64 112 38 346 16 8 108 22 12 256 90 26 10 23 15 8 8
is_linear=0
shrinkage=0.05


Tree=6
num_leaves=20
num_cat=0
split_feature=2 1 3 1 2 0 7 4 4 7 6 0 3 7 1 7 1 0 2
split_gain=1.15726e+06 838694 234233 86043.1 72288.6 68083.3 75204.7 75721.7 44572.4 41530.1 23309.7 19335.7 10840.5 9239 727.182 684.7 365.969 447.443 4.1288
threshold=16376.145000000002 31604.925000000007 0.80907181816776574 20203.305000000004 20273.045000000002 31763.800000000007 1.5000000000000002 36337.500000000007 35012.500000000007 1.5000000000000002 33.500000000000007 33146.100000000006 0.84412546736722405 3.5000000000000004 12875.765000000003 3.5000000000000004 6283.4000000000024 31053.250000000004 21760.675000000007
decision_type=2 2 2 2 2 2 2 2 2 2 2 2 2 2 2 2 2 2 2
left_child=1 2 3 10 5 14 7 -7 12 -10 -1 -5 -4 -8 -2 18 -17 -18 -6
right_child=4 -3 8 11 15 6 13 -9 9 -11 -12 -13 -14 -15 -16 16 17 -19 -20
leaf_value=-0.79574198827590104 -9.5952390670776371 21.240721130371096 2.5647240877151489 0.21782377401879371 -10.029645284016915 -0.84705335299173901 -0.12062521297484637 -10.161795043945313 4.6587780952453617 1.3744162265356485 -2.6640811848640444 1.1978586156803528 4.2410381870885052 -2.9267158248207785 -10.625032043457029 -9.8236869812011722 -8.6933769226074187 -9.465770111083982 -9.9520490646362276
leaf_weight=101 3.9999999999999991 4.9999999999999991 13.999999999999998 149 3.0000000000000027 3.0000000000000027 3.9999999999999991 7.9999999999999991 10.999999999999998 77 20 76 31 10.999999999999998 3 2.9999999999999991 3 5 4
leaf_count=101 4 5 14 149 3 3 4 8 11 77 20 76 31 11 3 3 3 5 4
internal_value=0.113934 0.868802 0.656151 -0.02936 -7.0499 -5.65963 -4.48123 -7.62141 2.43951 1.78496 -1.10456 0.548858 3.71952 -2.17842 -10.0366 -9.59873 -9.35273 -9.17612 -9.9853
internal_weight=535 484 479 346 51 33 26 11 133 88 121 225 45 15 7 18 11 8 7
internal_count=535 484 479 346 51 33 26 11 133 88 121 225 45 15 7 18 11 8 7
is_linear=0
shrinkage=0.05


Tree=7
num_leaves=21
num_cat=0
split_feature=3 1 1 1 3 7 7 0 5 0 1 2 8 0 0 0 7 3 7 2
split_gain=1.32828e+06 747113 205132 142190 64612.1 52096.7 44952.2 28904.9 24116.3 21190.1 18081.3 14988.6 12684 19503.6 3880.36 21943.9 1778.18 1211.87 544.575 154.79
threshold=0.50378752613789024 31604.925000000007 27101.450000000001 13295.610000000001 0.59841206715427486 1.5000000000000002 1.5000000000000002 34093.500000000007 6.5000000000000009 32232.550000000007 30113.505000000005 15438.550000000001 4.5000000000000009 33657.05000000001 31937.050000000007 32192.100000000002 3.5000000000000004 0.39192061584260135 3.5000000000000004 20610.34
decision_type=2 2 2 2 2 2 2 2 2 2 2 2 2 2 2 2 2 2 2 2
left_child=3 2 4 14 11 9 10 -8 -6 -5 -4 -2 13 -7 17 -16 -14 18 -1 -17
right_child=1 -3 6 5 8 12 7 -9 -10 -11 -12 -13 16 -15 15 19 -18 -19 -20 -21
leaf_value=-9.666060829162582 -0.82616341282924022 20.178685150146485 4.174993595710168 -4.8951126194000221 0.9097661695816891 -5.575138936723981 1.7226401602405881 3.796604669661749 -0.052235842508892731 -9.4983810424804673 8.4813733418782551 -2.5932594680786134 -0.50472029941156493 -1.1984582185745238 -5.1401654958724983 -9.7629760742187539 -1.9596706935337609 -10.13384132385254 -8.9924044926961262 -9.3614293416341123
leaf_weight=4.0000000000000062 60 4.9999999999999991 12.999999999999998 5.0000000000000018 147 7 84 21 117 5 2.9999999999999991 14.999999999999998 3 4 3.9999999999999991 3.9999999999999982 7 3.9999999999999991 11.999999999999998 6
leaf_count=4 60 5 13 5 147 7 84 21 117 5 3 15 3 4 4 4 7 4 12 6
internal_value=0.0194142 0.955265 0.746315 -6.67552 0.115502 -4.22642 2.51363 2.13743 0.483424 -7.19675 4.98244 -1.17958 -2.81198 -3.98362 -8.90852 -8.27008 -1.52319 -9.35542 -9.16082 -9.52205
internal_weight=530 465 460 65 339 31 121 105 264 10 16 75 21 11 34 14 10 20 16 10
internal_count=530 465 460 65 339 31 121 105 264 10 16 75 21 11 34 14 10 20 16 10
is_linear=0
shrinkage=0.05


Tree=8
num_leaves=20
num_cat=0
split_feature=3 1 1 3 1 7 4 7 4 4 2 7 1 4 1 8 1 3 0
split_gain=1.23171e+06 678002 177622 112341 63208.9 52099.1 29080.3 34525.4 27204.3 23849.6 20431 17155.4 12414.5 30396.4 7505.8 5866.43 5535.89 2515.71 1651.87
threshold=0.50378752613789024 31604.925000000007 27807.010000000006 0.44977365935055053 20807.180000000004 1.5000000000000002 35012.500000000007 5.5000000000000009 36337.500000000007 37657.000000000007 15438.550000000001 2.5000000000000004 13295.610000000001 36337.500000000007 28834.605000000003 4.5000000000000009 15535.934999999998 0.39192061584260135 32102.700000000001
decision_type=2 2 2 2 2 2 2 2 2 2 2 2 2 2 2 2 2 2 2
left_child=3 2 4 9 10 8 14 -8 -5 12 -2 -6 17 -14 -4 16 -7 -1 -17
right_child=1 -3 6 5 11 15 7 -9 -10 -11 -12 -13 13 -15 -16 18 -18 -19 -20
leaf_value=-8.4237120554997382 -0.54318288504185841 19.169751052856448 2.7990922927856445 -3.600800693035124 1.0758734960880902 -4.1916585922241234 1.6144474677741529 6.4026644706726081 -9.1329661560058586 -4.1469784140586858 -2.632584230257915 0.19480604050585748 -3.3525107026100152 -9.5165636062622063 4.3085777473449713 -0.034012476106484724 -1.5610955417156216 -9.5595417022705078 -1.5180908393859862
leaf_weight=26 117 4.9999999999999991 13.999999999999998 4.0000000000000018 111 3.9999999999999973 64 3.9999999999999991 5 3.9999999999999991 12.999999999999998 110 4 4 20 3 4 5.9999999999999991 5
leaf_count=26 117 5 14 4 111 4 64 4 5 4 13 110 4 4 20 3 4 6 5
internal_value=-0.0796812 0.858554 0.656443 -6.30738 0.12272 -3.63086 2.49308 1.89611 -6.67423 -7.82814 -0.752123 0.637333 -8.19625 -6.43454 3.68702 -1.91897 -2.87638 -8.63668 -0.961561
internal_weight=527 458 453 69 351 25 102 68 9 44 130 221 40 8 34 16 8 32 8
internal_count=527 458 453 69 351 25 102 68 9 44 130 221 40 8 34 16 8 32 8
is_linear=0
shrinkage=0.05


Tree=9
num_leaves=23
num_cat=0
split_feature=2 1 1 1 7 1 4 3 7 4 2 0 0 1 4 7 0 1 3 7 2 2
split_gain=869082 450527 153392 125034 108116 39887.5 31360.3 39303.6 27951.4 25696 20803 27575.4 45272 19342.5 15139.3 10932.9 8473.83 6252.41 2053.09 766.649 737.365 4.4614
threshold=15369.405000000002 31604.925000000007 27807.010000000006 14273.76 1.5000000000000002 20807.180000000004 36489.500000000007 0.49813403774540704 1.5000000000000002 35012.500000000007 20273.045000000002 31763.800000000007 32303.550000000003 30113.505000000005 36349.500000000007 4.5000000000000009 31832.400000000005 18286.325000000004 0.48927202260770225 3.5000000000000004 21421.715000000004 21760.675000000007
decision_type=2 2 2 2 2 2 2 2 2 2 2 2 2 2 2 2 2 2 2 2 2 2
left_child=1 2 5 10 6 17 7 -5 13 -10 11 15 -13 -4 -7 -2 -6 -1 -18 21 -21 -12
right_child=3 -3 8 4 16 14 -8 -9 9 -11 19 12 -14 -15 -16 -17 18 -19 -20 20 -22 -23
leaf_value=-1.0377257558085569 -9.3186788940429643 17.551150417327882 3.3132995939254766 -8.6278648376464862 -3.6924006938934286 0.98526075986567252 -10.545449638366698 -1.6186232745647429 3.3235055455139708 1.4790882832017438 -8.6463880538940376 0.03430572748184204 -7.4883285045623769 7.4272649765014656 0.152351677996441 -6.0121912288665769 -1.4562387006150346 -0.27995236222574743 -0.48828897135598326 -7.3711954752604187 -8.3081135341099337 -8.7210657119750969
leaf_weight=41 5.0000000000000018 3.9999999999999991 9.9999999999999982 3.9999999999999982 3.0000000000000027 116 4 4 28 58 4.0000000000000018 4 4 3.9999999999999991 103 5 9.0000000000000018 81 13.999999999999998 2.9999999999999982 7 4
leaf_count=41 5 4 10 4 3 116 4 4 28 58 4 4 4 4 103 5 9 81 14 3 7 4
internal_value=0.0120496 0.846408 0.694891 -5.00538 -3.00492 0.189911 -6.93065 -5.12324 2.41687 2.0796 -7.11696 -5.91502 -3.72701 4.48872 0.593527 -7.66544 -1.19305 -0.534614 -0.867052 -8.3189 -8.02704 -8.68373
internal_weight=519 445 441 74 38 341 12 8 100 86 36 18 8 14 219 10 26 122 23 18 10 8
internal_count=519 445 441 74 38 341 12 8 100 86 36 18 8 14 219 10 26 122 23 18 10 8
is_linear=0
shrinkage=0.05


Tree=10
num_leaves=20
num_cat=0
split_feature=2 2 1 1 7 1 7 0 6 7 1 6 7 0 0 3 0 9 1
split_gain=884628 457040 134279 123976 74091.3 35240.9 30912.3 20509 20002.9 15998.2 17563.8 15374.2 13300 7536.22 22408 5599.07 2606.66 1977.97 854.056
threshold=15438.550000000001 2082.4100000000003 27584.865000000005 14273.76 1.5000000000000002 20854.100000000002 1.5000000000000002 33947.150000000001 29.500000000000004 1.0000000180025095e-35 16232.640000000003 26.500000000000004 2.5000000000000004 31937.050000000007 32303.550000000003 0.59841206715427486 31763.800000000007 1.0000000180025095e-35 17131.125000000004
decision_type=2 2 2 2 2 2 2 2 2 2 2 2 2 2 2 2 2 2 2
left_child=1 -1 5 8 9 15 11 -8 -2 10 -5 -4 -7 17 -15 -3 -6 -10 -18
right_child=3 2 6 4 16 12 7 -9 13 -11 -12 -13 -14 14 -16 -17 18 -19 -20
leaf_value=20.3074940999349 -3.0978679021199547 -0.76950030304602723 5.3493864579634236 -6.2843281364440928 -2.4178016662597628 1.0150077127860588 1.4074170141435061 3.0625634060965647 -8.5694069756401898 -8.0749505233764634 -1.4450702389081316 2.0055550479888917 0.19916378894878417 -4.6571522414684274 -8.2940359327528217 -0.078047816512676393 -1.009963963287217 -7.5476799774169905 -0.18153485655784607
leaf_weight=2.9999999999999991 2.9999999999999991 67 10.999999999999998 4.9999999999999982 3.0000000000000027 103 61 27 9 5 3 4.9999999999999991 97 8.0000000000000018 8.9999999999999982 52 14.000000000000002 10 3.9999999999999991
leaf_count=3 3 67 11 5 3 103 61 27 9 5 3 5 97 8 9 52 14 10 4
internal_value=-0.0109507 0.860528 0.722606 -5.09657 -2.88972 0.213949 2.28281 1.91525 -7.02048 -5.85628 -4.46961 4.30444 0.619323 -7.34736 -6.58256 -0.467353 -1.05329 -8.03166 -0.825869
internal_weight=499 426 423 73 34 319 104 88 39 13 8 16 200 36 17 119 21 19 18
internal_count=499 426 423 73 34 319 104 88 39 13 8 16 200 36 17 119 21 19 18
is_linear=0
shrinkage=0.05


Tree=11
num_leaves=22
num_cat=0
split_feature=3 1 1 1 7 3 8 1 4 0 6 4 7 1 3 4 0 7 0 0 1
split_gain=841379 379198 141811 66920.1 55616 47093.6 29759.6 39317.6 28703.1 49309.3 24338.8 24165.2 21408.3 12556.4 9814.92 7501.46 4108.95 532.618 397.869 273.359 61.2644
threshold=0.50378752613789024 31604.925000000007 27101.450000000001 11975.710000000003 1.5000000000000002 0.60531738316489003 4.5000000000000009 14273.76 36337.500000000007 30802.250000000004 29.500000000000004 35012.500000000007 1.5000000000000002 19950.080000000005 0.84412546736722405 37657.000000000007 31943.000000000004 3.5000000000000004 30917.600000000002 32554.450000000004 11766.555000000004
decision_type=2 2 2 2 2 2 2 2 2 2 2 2 2 2 2 2 2 2 2 2 2
left_child=3 2 5 15 8 13 7 -6 9 -5 -7 14 -13 -2 -4 17 -8 20 -19 -10 -1
right_child=1 -3 11 4 6 10 16 -9 19 -11 -12 12 -14 -15 -16 -17 -18 18 -20 -21 -22
leaf_value=-7.8676887512206948 -0.86884881936013691 16.032170867919923 1.8937205073734125 -8.6736063639322811 -7.6608392333984341 0.74770711473892071 0.64781437814235676 -2.1308865229288738 -8.2159207661946621 -0.19366167485713956 -0.28415428743782373 3.4114329466452968 1.1887379718170716 -4.1637039502461759 3.6123142525001812 -4.9989884694417324 -1.36105934040887 -7.758330408732097 -7.2034653799874437 -7.6823017120361321 -8.1444206237792951
leaf_weight=6.0000000000000053 80 3.9999999999999991 11.999999999999998 3.0000000000000027 5.0000000000000009 163 4 8.9999999999999982 5.9999999999999982 4 88 12.999999999999998 65 2.9999999999999991 27 2.9999999999999991 7 5.9999999999999982 7 4 3
leaf_count=6 80 4 12 3 5 163 4 9 6 4 88 13 65 3 27 3 7 6 7 4 3
internal_value=-0.0650863 0.705218 0.56928 -5.29626 -4.07711 0.0445259 -2.57673 -4.10587 -6.28354 -3.82792 0.385939 2.0673 1.55919 -0.98794 3.08352 -7.34442 -0.63056 -7.66426 -7.45956 -8.00247 -7.95993
internal_weight=522 455 451 67 42 334 25 14 17 7 251 117 78 83 39 25 11 22 13 10 9
internal_count=522 455 451 67 42 334 25 14 17 7 251 117 78 83 39 25 11 22 13 10 9
is_linear=0
shrinkage=0.05


Tree=12
num_leaves=23
num_cat=0
split_feature=2 2 1 1 7 4 7 1 4 2 0 1 6 6 7 0 7 6 3 7 0 3
split_gain=729666 378091 116816 111153 55060.3 61637.4 25827.5 25128.3 22222.8 19534.6 27965.7 22835.3 18177.3 17064.8 15364.7 10647.3 7554.18 5232.72 1050.06 520.417 432.213 30.6007
threshold=15369.405000000002 2082.4100000000003 27101.450000000001 14273.76 1.5000000000000002 36337.500000000007 1.5000000000000002 20807.180000000004 35012.500000000007 20273.045000000002 31763.800000000007 12875.765000000003 29.500000000000004 27.500000000000004 2.5000000000000004 31763.800000000007 5.5000000000000009 29.500000000000004 0.48927202260770225 3.5000000000000004 30917.600000000002 0.30216641523492477
decision_type=2 2 2 2 2 2 2 2 2 2 2 2 2 2 2 2 2 2 2 2 2 2
left_child=1 -1 7 9 5 -5 13 17 -8 10 16 -12 -7 -4 -9 -6 -2 -3 -17 21 -21 -11
right_child=3 2 6 4 15 12 8 14 -10 19 11 -13 -14 -15 -16 18 -18 -19 -20 20 -22 -23
leaf_value=18.490509541829429 -7.4207301245795323 -0.020507935845122047 4.501790885925292 0.20144113302230837 -3.5611060619354222 -3.8861554463704437 2.714638043812343 0.9372219598754532 1.1340948691133592 -7.7120602925618433 0.55240329106648778 -4.7902649859587347 -8.5380012512207024 0.82624742239713678 0.066714283519861653 -1.2287472218275066 -4.5235701878865564 -0.70478408216283883 -0.51941428581873583 -7.5808059692382814 -6.877070426940918 -7.5164819081624348
leaf_weight=2.9999999999999991 9.0000000000000018 49 15.000000000000002 3.9999999999999991 4.0000000000000027 2.9999999999999982 35 105 61 3.0000000000000018 2.9999999999999982 6 7 3.9999999999999991 98 8.0000000000000018 2.9999999999999991 65 14.999999999999998 2.9999999999999991 7.9999999999999991 6
leaf_count=3 9 49 15 4 4 3 35 105 61 3 3 6 7 4 98 8 3 65 15 3 8 6
internal_value=-0.0141085 0.801439 0.678598 -4.34049 -2.49962 -5.04419 2.04369 0.183377 1.71033 -6.18136 -5.11627 -3.00938 -7.14245 3.72799 0.516977 -1.18021 -6.69644 -0.410665 -0.766139 -7.2997 -7.069 -7.58167
internal_weight=517 435 432 82 41 14 115 317 96 41 21 9 10 19 203 27 12 114 23 20 11 9
internal_count=517 435 432 82 41 14 115 317 96 41 21 9 10 19 203 27 12 114 23 20 11 9
is_linear=0
shrinkage=0.05


Tree=13
num_leaves=19
num_cat=0
split_feature=2 2 3 0 3 3 4 7 4 0 6 3 4 7 0 2 0 2
split_gain=725209 347080 129833 57387.2 44836.9 40771.9 38858.5 28001.7 20207.5 14191 13115.3 11969.6 5289.05 1959.19 1378.25 679.571 57.1258 46.3307
threshold=16376.145000000002 2082.4100000000003 0.82252706029960454 34791.600000000006 0.42022278794277496 0.60531738316489003 35012.500000000007 1.5000000000000002 36337.500000000007 32893.950000000004 30.500000000000004 0.44977365935055053 37657.000000000007 3.5000000000000004 30717.550000000003 17178.010000000002 32554.450000000004 21421.715000000004
decision_type=2 2 2 2 2 2 2 2 2 2 2 2 2 2 2 2 2 2
left_child=1 -1 5 6 12 10 -4 8 -6 -7 -3 -9 13 17 -15 -13 -10 -2
right_child=4 2 3 -5 7 9 -8 11 16 -11 -12 15 -14 14 -16 -17 -18 -19
leaf_value=17.565984090169273 -7.3327410380045537 -0.34773809471726419 3.0688509384791058 7.7791172981262209 -2.2065402189890526 0.0284287554327569 1.1089014653379425 -4.890560098489126 -7.2762148539225242 0.78980633246840215 -1.5462532064744405 -1.7943953514099125 -4.5044370333353676 -7.0423278808593714 -6.1365767751421245 -0.95303543607393904 -6.9875827789306628 -7.1266589355468746
leaf_weight=2.9999999999999991 6.0000000000000018 50 36 3.9999999999999991 3.0000000000000018 153 85 2.9999999999999991 3 102 42 3.9999999999999982 2.9999999999999991 6.0000000000000027 13.999999999999998 6 4 5
leaf_count=3 6 50 36 4 3 153 85 3 3 102 42 4 3 6 14 6 4 5
internal_value=-0.0265887 0.612905 0.505153 1.88681 -5.3557 0.00743604 1.69203 -3.6507 -5.63986 0.33298 -0.894886 -2.12057 -6.50909 -6.70309 -6.4083 -1.28958 -7.11128 -7.23907
internal_weight=532 475 472 125 57 347 121 23 10 255 92 13 34 31 20 10 7 11
internal_count=532 475 472 125 57 347 121 23 10 255 92 13 34 31 20 10 7 11
is_linear=0
shrinkage=0.05


Tree=14
num_leaves=17
num_cat=0
split_feature=2 1 3 1 0 4 7 2 7 0 4 4 3 0 1 7
split_gain=667287 160220 99241.1 43949.3 36283.4 25384.5 36185.4 20474 32364.3 36806.2 14551.1 8688.52 6164.54 4208.16 1064.74 710.083
threshold=16376.145000000002 31604.925000000007 0.81010975073813529 18286.325000000004 33657.05000000001 35012.500000000007 5.5000000000000009 19034.650000000005 2.5000000000000004 31763.800000000007 36337.500000000007 33630.000000000007 0.85404837724623406 32277.450000000001 12875.765000000003 3.5000000000000004
decision_type=2 2 2 2 2 2 2 2 2 2 2 2 2 2 2 2
left_child=1 2 3 11 7 12 -7 8 13 -10 -5 -1 -4 -2 15 -9
right_child=4 -3 5 10 -6 6 -8 14 9 -11 -12 -13 -14 -15 -16 -17
leaf_value=-0.29185046569297185 -7.1222595214843727 12.074535115559897 1.8883436266581217 0.65482454431223713 -0.62749214246869089 0.93465721394594137 5.3159726715087894 -6.8556457519531193 -6.386061553955078 -1.03563764890035 -0.066230516331474282 -1.5804159514960789 3.1612011836125302 -5.2731706786155703 -7.4839965820312502 -6.2651362555367607
leaf_weight=19 8.0000000000000018 2.9999999999999991 14.999999999999998 143 3.9999999999999991 82 4.9999999999999991 8.0000000000000053 4.9999999999999991 8.9999999999999982 137 42 26 4.9999999999999991 2.9999999999999991 13.999999999999998
leaf_count=19 8 3 15 143 4 82 5 8 5 9 137 42 26 5 3 14
internal_value=-0.0558874 0.556367 0.48269 0.0370783 -5.21632 1.66983 1.18646 -5.56931 -4.61463 -2.9465 0.302023 -1.17906 2.69552 -6.41107 -6.60036 -6.47987
internal_weight=528 472 469 341 56 128 87 52 27 14 280 61 41 13 25 22
internal_count=528 472 469 341 56 128 87 52 27 14 280 61 41 13 25 22
is_linear=0
shrinkage=0.05


Tree=15
num_leaves=20
num_cat=0
split_feature=2 1 1 1 1 7 2 3 6 4 4 3 6 4 7 8 6 0 3
split_gain=513624 355472 94291.4 46153.6 31362.7 22486.7 21608.9 16513.3 15997.5 14348.5 10606.1 8780.23 15867.3 4542.27 3903.38 2814.16 1879.07 2263.38 342.9
threshold=16376.145000000002 31604.925000000007 27101.450000000001 13295.610000000001 18196.070000000003 1.5000000000000002 16935.000000000004 0.90539911039826382 29.500000000000004 35012.500000000007 35397.500000000007 0.44977365935055053 32.500000000000007 37657.000000000007 3.5000000000000004 4.5000000000000009 33.500000000000007 31978.950000000004 0.39192061584260135
decision_type=2 2 2 2 2 2 2 2 2 2 2 2 2 2 2 2 2 2 2
left_child=1 2 4 13 10 7 15 -4 -6 -7 -1 12 -8 16 -13 -5 18 -18 -2
right_child=3 -3 5 6 8 9 11 -9 -10 -11 -12 14 -14 -15 -16 -17 17 -19 -20
leaf_value=-0.33395929216192322 -6.1557919057210242 13.884845466613768 2.5212856113910678 -6.3039812723795503 0.5400261508840476 2.232008613480462 -5.2053290128707888 6.2308763504028324 -0.23695576124842846 0.98770770249458462 -1.7488342143871165 0.68995686372121201 -0.39493741393089282 -3.9364325841267909 -1.5189406871795654 -4.2781536579132071 -5.9491097132364921 -4.2670809666315703 -6.6768124580383308
leaf_weight=26 15.000000000000009 4.9999999999999991 11.999999999999998 3.0000000000000027 189 36 3.9999999999999991 3.9999999999999991 102 65 27 2.9999999999999982 3 2.9999999999999991 6 4 5.9999999999999982 3 3.9999999999999991
leaf_count=26 15 5 12 3 189 36 4 4 102 65 27 3 3 3 6 4 6 3 4
internal_value=0.089859 0.624786 0.480968 -4.52637 0.063936 1.70711 -2.82932 3.44868 0.267682 1.43122 -1.05474 -1.81562 -3.14373 -5.78546 -0.782642 -5.14637 -5.98357 -5.38843 -6.26548
internal_weight=520 466 461 54 344 117 23 16 291 101 53 16 7 31 9 7 28 9 19
internal_count=520 466 461 54 344 117 23 16 291 101 53 16 7 31 9 7 28 9 19
is_linear=0
shrinkage=0.05


Tree=16
num_leaves=21
num_cat=0
split_feature=2 3 0 2 3 7 7 0 4 6 4 0 3 0 2 6 7 2 0 0
split_gain=521166 138399 110676 153931 36358.1 32002.1 28230.5 24446.3 25766.1 20321.9 16986 64467.9 14323 14313.1 13417.1 12999.5 5148.53 1499.3 984.019 391.127
threshold=16376.145000000002 0.82252706029960454 34491.650000000009 3011.6550000000002 0.56127983973966444 1.5000000000000002 5.5000000000000009 33657.05000000001 37657.000000000007 31.500000000000004 36337.500000000007 31943.000000000004 0.90539911039826382 33146.100000000006 15369.405000000002 29.500000000000004 1.5000000000000002 15988.240000000002 34861.500000000007 32218.800000000007
decision_type=2 2 2 2 2 2 2 2 2 2 2 2 2 2 2 2 2 2 2 2
left_child=1 4 5 -4 9 12 -7 8 10 17 11 -2 -3 15 -11 -6 -15 -1 -5 -12
right_child=7 2 3 18 13 6 -8 -9 -10 14 19 -13 -14 16 -16 -17 -18 -19 -20 -21
leaf_value=-0.51222733054999947 -5.876016006469726 2.6274556586616917 16.559899393717455 3.3288962682088208 0.31142565052284571 0.90016495932529628 5.2018811225891115 -0.21035404205322267 -0.99131534099578866 -1.4309651228097766 -6.6846464157104437 -0.56520639806985862 5.9193324565887453 0.34209013414447725 -4.0334786236286169 -0.49400751910665464 1.0786303821723073 0.66600984732309987 2.048259099324544 -6.1351254855885227
leaf_weight=27.000000000000004 20.000000000000004 19.000000000000004 2.9999999999999982 3 122 82 3.9999999999999991 2.9999999999999991 3.9999999999999991 13.000000000000002 4.0000000000000027 7.9999999999999991 3.9999999999999991 46 7.9999999999999991 85 49 2.9999999999999991 3 17
leaf_count=27 20 19 3 3 122 82 4 3 4 13 4 8 4 46 8 85 49 3 3 17
internal_value=-0.041277 0.500894 1.98332 7.31235 0.00535366 1.5433 1.10024 -4.60132 -4.84987 -1.22946 -5.16485 -4.35864 3.19996 0.213882 -2.4224 -0.0193078 0.72199 -0.394404 2.68858 -6.2398
internal_weight=527 471 118 9 353 109 86 56 53 51 49 28 23 302 21 207 95 30 6 21
internal_count=527 471 118 9 353 109 86 56 53 51 49 28 23 302 21 207 95 30 6 21
is_linear=0
shrinkage=0.05


Tree=17
num_leaves=23
num_cat=0
split_feature=2 1 1 3 7 4 1 4 7 4 4 1 1 1 1 6 1 2 7 8 2 7
split_gain=390297 271051 76431.5 66434.1 38818.8 43450.9 19669.9 19049.8 27292.7 16649.9 11474.5 8263.88 15878 5301.65 3388.83 3214.03 1731.71 1682.26 787.304 641.102 297.672 83.069
threshold=15438.550000000001 31604.925000000007 27067.135000000006 0.44977365935055053 1.5000000000000002 36337.500000000007 20807.180000000004 35012.500000000007 5.5000000000000009 36747.500000000007 36349.500000000007 11975.710000000003 12875.765000000003 29758.595000000005 13674.390000000001 33.500000000000007 15626.455000000002 17178.010000000002 3.5000000000000004 4.5000000000000009 16469.030000000002 1.0000000180025095e-35
decision_type=2 2 2 2 2 2 2 2 2 2 2 2 2 2 2 2 2 2 2 2 2 2
left_child=1 2 6 11 5 -5 15 13 -9 -7 -8 18 -13 -4 -14 -1 17 -6 21 -20 -18 -2
right_child=3 -3 7 4 16 9 10 8 -10 -11 -12 12 14 -15 -16 -17 20 -19 19 -21 -22 -23
leaf_value=-0.33909350339847721 -5.8607752482096336 15.575914001464845 1.9964855040822709 1.0163201332092286 -1.8041480255126943 -4.411284383138022 0.74652989238145806 0.83493646089289641 4.3412207921346031 -8.9733431498209608 -0.0077496364405474708 -1.8255370420217518 -4.2443442662556956 3.1613759422302246 -6.4674144744873034 -1.1734159762756182 -0.13097375681002935 -0.42845177054405204 -4.7187648773193391 -5.5521478652954102 -0.64936745166778564 -6.1830116271972635
leaf_weight=103 6.0000000000000018 2.9999999999999991 28 2.9999999999999991 5.0000000000000018 5.9999999999999982 105 74 5.9999999999999991 3 97 4.9999999999999982 3 14.999999999999998 4 12.999999999999998 8.9999999999999982 4 2.9999999999999973 10 3.9999999999999991 3
leaf_count=103 6 3 28 3 5 6 105 74 6 3 97 5 3 15 4 13 9 4 3 10 4 3
internal_value=0.0573517 0.597602 0.495709 -3.47017 -1.90734 -4.1949 0.0863298 1.5541 1.09791 -5.93197 0.384326 -5.033 -3.97753 2.40284 -5.51467 -0.432595 -0.659581 -1.19273 -5.6087 -5.35983 -0.29048 -5.96819
internal_weight=512 444 441 68 34 12 318 123 80 9 202 34 12 43 7 116 22 9 22 13 13 9
internal_count=512 444 441 68 34 12 318 123 80 9 202 34 12 43 7 116 22 9 22 13 13 9
is_linear=0
shrinkage=0.05


Tree=18
num_leaves=18
num_cat=0
split_feature=2 1 1 1 1 4 4 4 2 4 5 0 4 0 1 3 1
split_gain=389409 258237 84793.2 28513.3 25987.7 20023.1 15957.5 13193.4 17178.4 11715.2 10298.1 8666.12 5995.54 33113.2 2755.32 1379.7 880.912
threshold=16376.145000000002 31604.925000000007 27584.865000000005 14273.76 20246.975000000002 36337.500000000007 37010.000000000007 35012.500000000007 5437.3950000000013 37657.000000000007 6.5000000000000009 34454.200000000004 36337.500000000007 31943.000000000004 30370.310000000005 0.46869765460428453 12875.765000000003
decision_type=2 2 2 2 2 2 2 2 2 2 2 2 2 2 2 2 2
left_child=1 2 4 9 11 15 -7 14 -9 12 -6 -1 13 -2 -4 -5 -14
right_child=3 -3 7 5 10 6 -8 8 -10 -11 -12 -13 16 -15 -16 -17 -18
leaf_value=-0.49424944163884144 -5.2949957317776146 11.835334496498108 2.1657911939280377 0.7096403360366822 0.6223913648932734 -5.4923975372314446 -0.87973526318867978 1.0175439747742245 3.805231729273995 -2.0430039405822753 -0.049924762168785143 -3.2155303994814552 -5.4533272171020508 -0.26560375243425371 3.2179554462432862 -0.70883067250251752 -6.3312784194946294
leaf_weight=118 18.000000000000004 4.9999999999999991 28 2.9999999999999991 136 5 3 70 5.9999999999999991 3.9999999999999991 98 2.9999999999999991 9.9999999999999982 3.9999999999999991 7.9999999999999991 4 3.9999999999999991
leaf_count=118 18 5 28 3 136 5 3 70 6 4 98 3 10 4 8 4 4
internal_value=0.0686834 0.532641 0.411627 -3.91292 0.033196 -2.05384 -3.76265 1.61112 1.23762 -4.61007 0.340823 -0.561719 -4.8953 -4.38056 2.39961 -0.100915 -5.70417
internal_weight=527 472 467 55 355 15 8 112 76 40 234 121 36 22 36 7 14
internal_count=527 472 467 55 355 15 8 112 76 40 234 121 36 22 36 7 14
is_linear=0
shrinkage=0.05


Tree=19
num_leaves=17
num_cat=0
split_feature=3 1 1 4 3 4 1 6 4 1 4 2 0 3 3 0
split_gain=381481 231487 66794.1 36284.1 36659.5 22282.6 19692.2 13770.1 11631 10176.1 20475.6 15098.2 9251.43 5580.64 1923.42 1609.72
threshold=0.50378752613789024 31604.925000000007 27807.010000000006 37657.000000000007 0.44977365935055053 35865.000000000007 20807.180000000004 29.500000000000004 36349.500000000007 29739.785000000007 37487.500000000007 5437.3950000000013 34047.80000000001 0.49646364334523013 0.42022278794277496 32177.050000000003
decision_type=2 2 2 2 2 2 2 2 2 2 2 2 2 2 2 2
left_child=3 2 6 4 7 15 12 -1 -8 11 -11 -4 -2 -7 -9 -6
right_child=1 -3 9 -5 5 13 8 14 -10 10 -12 -13 -14 -15 -16 -17
leaf_value=-1.6064008553822835 -0.32970755708217625 11.243567762374878 0.70486222070455551 0.97809477448463444 -1.320776039361953 -3.1084329605102545 0.69960227359936944 -4.9674874766119599 -0.0062244135215964724 3.4030096848805749 1.1721545239289604 2.4695143512450159 -3.1394317793349429 -5.6859545389811181 -5.9509706497192383 -0.025866270065307614
leaf_weight=2.9999999999999991 125 4.9999999999999991 50 3.9999999999999991 4.0000000000000018 6.9999999999999982 127 29 108 18 24 15.999999999999998 2.9999999999999991 3 5.9999999999999991 6
leaf_count=3 125 5 50 4 4 7 127 29 108 18 24 16 3 3 6 6
internal_value=0.0613004 0.541816 0.42821 -3.62782 -3.94547 -2.21276 0.103431 -4.85743 0.375222 1.51983 2.12824 1.13266 -0.39556 -3.88169 -5.13608 -0.54383
internal_weight=538 476 471 62 58 20 363 38 235 108 42 66 128 10 35 10
internal_count=538 476 471 62 58 20 363 38 235 108 42 66 128 10 35 10
is_linear=0
shrinkage=0.05


Tree=20
num_leaves=23
num_cat=0
split_feature=3 2 3 7 3 2 7 0 7 6 4 0 8 0 3 3 0 0 7 2 0 0
split_gain=349488 182106 64484.1 41597.5 37239.6 29413.5 22860.1 17268.3 14243.5 12675.3 9299.33 23869.1 8487.69 8905.77 4825.72 3154.96 5532.27 1866.46 707.29 721.507 139.327 48.5503
threshold=0.50378752613789024 2082.4100000000003 0.81010975073813529 1.5000000000000002 0.42022278794277496 3011.6550000000002 1.5000000000000002 32839.700000000004 5.5000000000000009 27.500000000000004 36337.500000000007 30802.250000000004 4.5000000000000009 33657.05000000001 0.623566181774726 0.38199501412454928 31943.000000000004 32102.700000000001 3.5000000000000004 21760.675000000007 28751.500000000004 32554.450000000004
decision_type=2 2 2 2 2 2 2 2 2 2 2 2 2 2 2 2 2 2 2 2 2 2
left_child=4 -2 7 5 15 -4 10 9 -5 -3 11 -6 13 -8 -9 18 -17 -14 19 -1 -20 -12
right_child=1 2 3 8 6 -7 12 14 -10 -11 21 -13 17 -15 -16 16 -18 -19 20 -21 -22 -23
leaf_value=-4.937195396423335 12.806323496500651 0.27288786010130456 7.183021163940424 0.80247896160047094 -5.6227053324381533 2.4861975193023684 -3.3264451708112439 -0.022193453287084899 3.1378728117261616 -0.5550596570375107 -5.3036331176757798 0.68457663853963202 0.57478746771812428 -0.36895611882209772 0.70806466603408691 -4.9142455101013187 -2.0738414525985713 -0.77914386306490213 -4.9457850456237793 -5.8868710835774722 -4.60119216225364 -5.0375457763671863
leaf_weight=6.0000000000000053 2.9999999999999991 76 4.0000000000000027 97 2.9999999999999982 20 7 30 6.9999999999999991 118 3 3 4 4 92 3.9999999999999991 3 7 3.9999999999999991 3 10.999999999999998 4
leaf_count=6 3 76 4 97 3 20 7 30 7 118 3 3 4 4 92 4 3 7 4 3 11 4
internal_value=0.0273866 0.528857 0.445901 1.39267 -3.36894 3.269 -2.25118 0.0624006 0.959669 -0.230709 -3.9135 -2.46906 -1.2689 -2.25099 0.528493 -4.63092 -3.69693 -0.286805 -4.90333 -5.25375 -4.69308 -5.15158
internal_weight=513 447 444 128 66 24 35 316 104 194 13 6 22 11 122 31 7 11 24 9 15 7
internal_count=513 447 444 128 66 24 35 316 104 194 13 6 22 11 122 31 7 11 24 9 15 7
is_linear=0
shrinkage=0.05


Tree=21
num_leaves=21
num_cat=0
split_feature=3 1 3 3 7 4 4 1 0 5 0 6 4 3 0 0 7 0 7 2
split_gain=295311 134066 44660.6 37765.7 21579.8 17510.4 21571.1 14840.2 12022.3 11798.7 9362.5 9182.66 8960.24 7065.67 4326.16 12039.8 2487.38 850.266 562.74 133.445
threshold=0.52422772905264092 31604.925000000007 0.80907181816776574 0.44977365935055053 1.5000000000000002 35865.000000000007 37010.000000000007 30113.505000000005 33947.150000000001 6.5000000000000009 34955.700000000004 29.500000000000004 36489.500000000007 0.59841206715427486 32192.100000000002 31937.050000000007 3.5000000000000004 32257.850000000002 5.5000000000000009 21930.850000000002
decision_type=2 2 2 2 2 2 2 2 2 2 2 2 2 2 2 2 2 2 2 2
left_child=3 2 9 11 7 16 12 -4 -6 13 -11 -1 -7 -2 15 -13 -5 -8 -18 -16
right_child=1 -3 4 5 8 6 17 -9 -10 10 -12 14 -14 -15 19 -17 18 -19 -20 -21
leaf_value=-1.4407707850138347 -0.37380874885453119 9.5868014812469493 1.9811245686478083 0.45967764616012546 0.60172927892485328 -3.0590239933558863 0.18445030450820923 5.3480649948120123 1.8673563544948895 -0.32828957246590967 1.6869913173218567 -4.5245530340406628 -6.0255432128906241 0.51223550850801447 -5.1890089670817057 -1.7510855674743653 -1.210799598693848 -1.0059737920761105 -0.37209526449441904 -4.8039480845133467
leaf_weight=2.9999999999999991 27 3.9999999999999991 18.000000000000004 5.0000000000000027 86 7.0000000000000018 2.9999999999999991 3.9999999999999991 24 146 5.9999999999999991 18.000000000000004 4 135 8.9999999999999982 4.9999999999999991 5.9999999999999982 3 3 2.9999999999999991
leaf_count=3 27 4 18 5 86 7 3 4 24 146 6 18 4 135 9 5 6 3 3 3
internal_value=0.00678301 0.473812 0.392082 -3.03906 1.16377 -1.74396 -2.82235 2.5933 0.877866 0.0676772 -0.248739 -4.0956 -4.13776 0.364561 -4.32315 -3.92163 -0.434478 -0.410762 -0.931231 -5.09274
internal_weight=519 450 446 69 132 31 17 22 110 314 152 38 11 162 35 23 14 6 9 12
internal_count=519 450 446 69 132 31 17 22 110 314 152 38 11 162 35 23 14 6 9 12
is_linear=0
shrinkage=0.05


Tree=22
num_leaves=18
num_cat=0
split_feature=3 1 1 1 7 1 7 4 2 6 2 6 4 1 1 2 4
split_gain=338435 174131 51975.5 23574.9 21729.9 19106.2 16903.4 11151.9 9225.19 8964.32 6513.35 5660.36 5580.71 4985.39 4047.63 1691.42 996.774
threshold=0.50378752613789024 31604.925000000007 28392.270000000004 14273.76 1.5000000000000002 20807.180000000004 1.5000000000000002 35987.500000000007 3289.9900000000002 26.500000000000004 15988.240000000002 29.500000000000004 35865.000000000007 13674.390000000001 13295.610000000001 16601.950000000004 34230.000000000007
decision_type=2 2 2 2 2 2 2 2 2 2 2 2 2 2 2 2 2
left_child=3 2 5 11 15 12 8 -8 -4 -7 -6 -1 -2 14 -13 -5 -12
right_child=1 -3 6 4 10 9 7 -9 -10 -11 16 13 -14 -15 -16 -17 -18
leaf_value=-1.9057644633576274 -0.034349280326017022 9.7211673164367696 5.9219692230224599 -3.2020350774129209 -2.9976219971974691 0.66666173868435474 2.2423213459196547 0.84187689423561096 2.4147967720031733 0.071921793634730169 0.14632202386856083 -4.1498098770777387 -0.69974222995232849 -6.1179648081461586 -2.2382370630900068 -4.7037741088867184 -0.77800355979374469
leaf_weight=2.9999999999999991 58 4.9999999999999991 3 3.0000000000000018 2.9999999999999991 121 21 44 5 133 4.9999999999999982 36 69 2.9999999999999991 2.9999999999999991 5 7
leaf_count=3 58 5 3 3 3 121 21 44 5 133 5 36 69 3 3 5 7
internal_value=-0.046446 0.441251 0.339049 -3.3384 -2.03619 0.104875 1.56125 1.29433 3.72999 0.355243 -0.913819 -4.00398 -0.395862 -4.15385 -4.00277 -4.14062 -0.392868
internal_weight=527 459 454 68 23 381 73 65 8 254 15 45 127 42 39 8 12
internal_count=527 459 454 68 23 381 73 65 8 254 15 45 127 42 39 8 12
is_linear=0
shrinkage=0.05


Tree=23
num_leaves=25
num_cat=0
split_feature=2 3 4 3 7 4 0 4 6 0 4 3 7 6 4 2 4 5 4 5 3 4 3 3
split_gain=234200 66483.2 74267.9 28032.6 34420.8 29090.7 17512.2 15818.3 13757.9 9872.76 9311.2 6353.75 5960.08 5179.81 6630.92 6603.05 4148.56 6854.5 3351.01 1918.23 4458.11 1243.05 1075.25 854.311
threshold=15369.405000000002 0.88391690936856127 38215.000000000007 0.42022278794277496 1.5000000000000002 36747.500000000007 33328.100000000013 37487.500000000007 26.500000000000004 32177.050000000003 37657.000000000007 0.90539911039826382 3.5000000000000004 23.500000000000004 36337.500000000007 7066.0100000000011 35134.500000000007 6.5000000000000009 35012.500000000007 7.5000000000000009 0.38199501412454928 38137.000000000007 0.44977365935055053 0.35733514389748916
decision_type=2 2 2 2 2 2 2 2 2 2 2 2 2 2 2 2 2 2 2 2 2 2 2 2
left_child=1 6 7 10 5 9 8 11 12 -5 19 -3 -1 15 -15 -8 22 -18 -10 23 -21 -9 -6 -2
right_child=3 2 -4 4 16 -7 13 21 18 -11 -12 -13 -14 14 -16 -17 17 -19 -20 20 -22 -23 -24 -25
leaf_value=0.65378012869220514 -3.7812641906738258 1.9763436702581547 8.6214028835296634 -4.8070631980896001 0.82860985994338887 -7.2466570854187013 3.8405613263448082 0.58737121343612675 0.062590978866399721 -1.4950045373704699 -1.3085958480834963 3.8447847366333008 -0.04552842968702317 0.97527859119638327 0.10640402050579297 0.52317037582397441 -0.030646324157714844 -2.1168067667219375 -0.45357644975694839 -3.9640861657949586 -2.0552511811256409 1.2701181793212886 -0.25067428648471834 -4.596411090426975
leaf_weight=78 5.0000000000000027 13.000000000000002 3.9999999999999991 2.9999999999999991 3.0000000000000027 3.9999999999999991 2.9999999999999991 20 43 8.9999999999999982 3.9999999999999991 6.9999999999999991 50 62 34 3 6.9999999999999991 8.9999999999999982 117 13.000000000000002 3.9999999999999991 10.000000000000002 9.9999999999999982 8.9999999999999982
leaf_count=78 5 13 4 3 3 4 3 20 43 9 4 7 50 62 34 3 7 9 117 13 4 10 10 9
internal_value=-0.0273937 0.421301 2.06556 -2.51765 -1.69221 -3.55393 0.193635 1.54109 -0.00575904 -2.32302 -3.57893 2.6303 0.380613 0.756629 0.667552 2.18187 -0.665059 -1.20411 -0.314856 -3.87188 -3.51495 0.814954 -0.00160871 -4.30529
internal_weight=524 444 54 80 45 16 390 50 288 12 35 20 128 102 96 6 29 16 160 31 17 30 13 14
internal_count=524 444 54 80 45 16 390 50 288 12 35 20 128 102 96 6 29 16 160 31 17 30 13 14
is_linear=0
shrinkage=0.05


Tree=24
num_leaves=20
num_cat=0
split_feature=3 1 1 1 3 7 4 4 7 7 4 0 1 7 7 1 3 7 7
split_gain=220552 142328 41590.8 22668.8 17572.8 12153.7 11750.7 11739 11709.4 12469 11107.5 9337.03 7734.14 6415.27 4068.52 3029.31 2282.01 785.409 221.737
threshold=0.50378752613789024 31604.925000000007 28119.860000000004 13295.610000000001 0.60531738316489003 3.5000000000000004 35865.000000000007 37657.000000000007 1.5000000000000002 5.5000000000000009 37657.000000000007 30802.250000000004 30113.505000000005 1.5000000000000002 2.5000000000000004 15082.690000000001 0.39192061584260135 3.5000000000000004 1.0000000180025095e-35
decision_type=2 2 2 2 2 2 2 2 2 2 2 2 2 2 2 2 2 2 2
left_child=3 2 4 10 13 -6 11 14 12 -10 16 -5 -4 -2 -8 -13 17 -1 -18
right_child=1 -3 8 6 5 -7 7 -9 9 -11 -12 15 -14 -15 -16 -17 18 -19 -20
leaf_value=-4.3041707356770758 -1.0646432811563666 8.8040386199951168 1.8052724123001103 -2.9388998657464982 0.54779891023191352 -0.11958058507324339 -4.2326304299490802 0.056166807810465492 0.98096147724560334 4.2727891286214197 -1.2431659221649172 0.79049172878265406 4.6436511039733883 -0.18864276858798246 -2.4582973241806028 -0.82088930947440009 -5.2303194681803387 -3.6272989527384443 -4.6224035898844384
leaf_weight=6.0000000000000098 33 4.9999999999999991 5.9999999999999982 3.9999999999999991 177 111 6.9999999999999982 2.9999999999999991 70 2.9999999999999991 3.9999999999999991 4.9999999999999982 4 57 6 7 2.9999999999999991 14.999999999999998 3
leaf_count=6 33 5 6 4 177 111 7 3 70 3 4 5 4 57 6 7 3 15 3
internal_value=0.0381641 0.413548 0.322544 -2.73848 0.100003 0.29058 -1.80497 -2.76311 1.33605 1.11624 -3.70211 -0.846835 2.94062 -0.509843 -3.41371 -0.149481 -4.0664 -3.82069 -4.92636
internal_weight=529 466 461 63 378 288 32 16 83 73 31 16 10 90 13 12 27 21 6
internal_count=529 466 461 63 378 288 32 16 83 73 31 16 10 90 13 12 27 21 6
is_linear=0
shrinkage=0.05


Tree=25
num_leaves=20
num_cat=0
split_feature=2 1 1 1 7 4 8 7 4 2 6 0 0 2 1 4 4 1 0
split_gain=188099 94227.1 30882.4 30179.5 28943.3 30478.8 16983.3 14934.7 12116.6 11020.1 9995.84 7960 6550.51 7626 6012.65 5584.4 1708.43 426.074 144.824
threshold=15369.405000000002 31604.925000000007 27584.865000000005 11975.710000000003 1.5000000000000002 36337.500000000007 4.5000000000000009 1.5000000000000002 36747.500000000007 5437.3950000000013 29.500000000000004 34047.80000000001 31362.350000000002 19256.355000000007 30240.955000000005 36337.500000000007 37657.000000000007 11431.535000000002 28608.000000000004
decision_type=2 2 2 2 2 2 2 2 2 2 2 2 2 2 2 2 2 2 2
left_child=1 2 10 16 5 6 -5 14 -7 -9 15 -12 -6 -14 -4 -1 17 18 -2
right_child=3 -3 7 4 12 8 -8 9 -10 -11 11 -13 13 -15 -16 -17 -18 -19 -20
leaf_value=0.48536980398854274 -3.990648651123033 8.0001310348510746 2.0436032109639863 1.2271098232269282 -2.3967486953735353 -3.4958172225952149 -3.5315085411071774 0.55979003876015765 -6.7518922805786135 2.0983449461204664 -0.44414054768107764 0.91391489307085672 -0.18979003727436064 -2.8423152923583985 4.5688854217529302 -0.037202900478785689 -2.5183210372924805 -4.195258865356446 -3.6100916544596355
leaf_weight=122 3.0000000000000098 3.9999999999999991 10.999999999999998 5.0000000000000018 4.9999999999999991 9.9999999999999982 3 69 3.9999999999999991 13.999999999999998 107 11.999999999999998 28.000000000000004 2.9999999999999991 2.9999999999999991 88 2.9999999999999991 4.9999999999999991 14.999999999999998
leaf_count=122 3 4 11 5 5 10 3 69 4 14 107 12 28 3 3 88 3 5 15
internal_value=-0.0609528 0.361801 0.290079 -2.22505 -1.59051 -3.01931 -0.557372 1.07411 -4.42612 0.819305 0.0589216 -0.307194 -0.717356 -0.446486 2.58474 0.266387 -3.64056 -3.78694 -3.67352
internal_weight=514 430 426 84 58 22 8 97 14 83 329 119 36 31 14 210 26 23 18
internal_count=514 430 426 84 58 22 8 97 14 83 329 119 36 31 14 210 26 23 18
is_linear=0
shrinkage=0.05


Tree=26
num_leaves=24
num_cat=0
split_feature=3 1 1 1 7 8 4 4 1 0 4 3 6 8 8 0 7 0 3 3 0 1 6
split_gain=196395 117112 35003.7 21824.1 14812.5 13160 12715.9 32237.4 12417 12039.9 9921.74 9316.06 8993.72 14667 8951.82 3902.89 948.175 702.203 695.042 627.197 321.517 67.584 25.2386
threshold=0.50378752613789024 31604.925000000007 28392.270000000004 11975.710000000003 1.5000000000000002 4.5000000000000009 36337.500000000007 36212.500000000007 17375.880000000005 33657.05000000001 37487.500000000007 0.89925210504561459 31.500000000000004 4.5000000000000009 4.5000000000000009 31937.050000000007 3.5000000000000004 30717.550000000003 0.45997766752111896 0.32575390750474226 31053.250000000004 11766.555000000004 31.500000000000004
decision_type=2 2 2 2 2 2 2 2 2 2 2 2 2 2 2 2 2 2 2 2 2 2 2
left_child=3 2 6 16 12 9 7 -2 -8 -6 11 -4 18 -14 -12 -7 19 22 -5 -1 -19 -21 -18
right_child=1 -3 10 4 5 15 8 -9 -10 -11 14 -13 13 -15 -16 -17 17 20 -20 21 -22 -23 -24
leaf_value=-4.4187482452392555 0.1872117535980084 7.9638301849365236 1.4224246590225786 -3.8430866241455073 -3.21941228972541 1.6917848507563265 -1.8730880889025603 2.9692947040904656 -0.13605845026999899 -0.15929131507873528 0.5127106575981567 3.3650694489479065 0.30768804550170892 -3.9740985393524166 3.3497494697570804 -0.3906523664792379 -3.6917001724243166 -2.6694757143656407 -4.8057510375976555 -3.5509910583496089 -3.3242191696166987 -3.8649336496988926 -3.8967960357666005
leaf_weight=5.0000000000000018 195 4.9999999999999991 27 5 8.9999999999999982 3.0000000000000009 10.999999999999998 10.999999999999998 159 5.0000000000000009 38 7.9999999999999991 4 4 2.9999999999999991 8.9999999999999982 2.9999999999999991 3 3 4 5 3 3
leaf_count=5 195 5 27 5 9 3 11 11 159 5 38 8 4 4 3 9 3 3 3 4 5 3 3
internal_value=-0.0194073 0.35363 0.269446 -2.52643 -1.82167 -1.08506 0.0716257 0.33577 -0.248454 -2.12651 1.24814 1.86646 -3.01865 -1.83321 0.720299 0.129957 -3.6649 -3.38536 -4.20409 -3.99104 -3.07869 -3.68554 -3.79425
internal_weight=525 457 452 68 42 26 376 206 170 14 76 35 16 8 41 12 26 14 8 12 8 7 6
internal_count=525 457 452 68 42 26 376 206 170 14 76 35 16 8 41 12 26 14 8 12 8 7 6
is_linear=0
shrinkage=0.05


end of trees

feature_importances:
net_load=107
weekday=82
total_load=81
thermal_on_capacity=75
thermal_space_load_ratio=74
renewable_power=59
period=32
month=11
hour=5
is_weekend=1

parameters:
[boosting: gbdt]
[objective: regression]
[metric: rmse]
[tree_learner: serial]
[device_type: cpu]
[data_sample_strategy: bagging]
[data: ]
[valid: ]
[num_iterations: 400]
[learning_rate: 0.05]
[num_leaves: 31]
[num_threads: 0]
[seed: 42]
[deterministic: 0]
[force_col_wise: 0]
[force_row_wise: 0]
[histogram_pool_size: -1]
[max_depth: 5]
[min_data_in_leaf: 3]
[min_sum_hessian_in_leaf: 0.001]
[bagging_fraction: 0.85]
[pos_bagging_fraction: 1]
[neg_bagging_fraction: 1]
[bagging_freq: 1]
[bagging_seed: 400]
[bagging_by_query: 0]
[feature_fraction: 0.85]
[feature_fraction_bynode: 1]
[feature_fraction_seed: 30056]
[extra_trees: 0]
[extra_seed: 12879]
[early_stopping_round: 0]
[early_stopping_min_delta: 0]
[first_metric_only: 0]
[max_delta_step: 0]
[lambda_l1: 0]
[lambda_l2: 0]
[linear_lambda: 0]
[min_gain_to_split: 0]
[drop_rate: 0.1]
[max_drop: 50]
[skip_drop: 0.5]
[xgboost_dart_mode: 0]
[uniform_drop: 0]
[drop_seed: 17869]
[top_rate: 0.2]
[other_rate: 0.1]
[min_data_per_group: 100]
[max_cat_threshold: 32]
[cat_l2: 10]
[cat_smooth: 10]
[max_cat_to_onehot: 4]
[top_k: 20]
[monotone_constraints: ]
[monotone_constraints_method: basic]
[monotone_penalty: 0]
[feature_contri: ]
[forcedsplits_filename: ]
[refit_decay_rate: 0.9]
[cegb_tradeoff: 1]
[cegb_penalty_split: 0]
[cegb_penalty_feature_lazy: ]
[cegb_penalty_feature_coupled: ]
[path_smooth: 0]
[interaction_constraints: ]
[verbosity: -1]
[saved_feature_importance_type: 0]
[use_quantized_grad: 0]
[num_grad_quant_bins: 4]
[quant_train_renew_leaf: 0]
[stochastic_rounding: 1]
[linear_tree: 0]
[max_bin: 255]
[max_bin_by_feature: ]
[min_data_in_bin: 3]
[bin_construct_sample_cnt: 200000]
[data_random_seed: 175]
[is_enable_sparse: 1]
[enable_bundle: 1]
[use_missing: 1]
[zero_as_missing: 0]
[feature_pre_filter: 1]
[pre_partition: 0]
[two_round: 0]
[header: 0]
[label_column: ]
[weight_column: ]
[group_column: ]
[ignore_column: ]
[categorical_feature: ]
[forcedbins_filename: ]
[precise_float_parser: 0]
[parser_config_file: ]
[objective_seed: 16083]
[num_class: 1]
[is_unbalance: 0]
[scale_pos_weight: 1]
[sigmoid: 1]
[boost_from_average: 1]
[reg_sqrt: 0]
[alpha: 0.9]
[fair_c: 1]
[poisson_max_delta_step: 0.7]
[tweedie_variance_power: 1.5]
[lambdarank_truncation_level: 30]
[lambdarank_norm: 1]
[label_gain: ]
[lambdarank_position_bias_regularization: 0]
[eval_at: ]
[multi_error_top_k: 1]
[auc_mu_weights: ]
[num_machines: 1]
[local_listen_port: 12400]
[time_out: 120]
[machine_list_filename: ]
[machines: ]
[gpu_platform_id: -1]
[gpu_device_id: -1]
[gpu_use_dp: 0]
[num_gpu: 1]

end of parameters

pandas_categorical:[]
