tree
version=v4
num_class=1
num_tree_per_iteration=1
label_index=0
max_feature_idx=10
objective=regression
feature_names=total_load net_load renewable_power thermal_space_load_ratio thermal_on_capacity hour period weekday month is_weekend is_holiday
feature_infos=[29193.099999999999:42753.300000000003] [11318.049999999999:40077.610000000001] [1223.46:18960.91] [0.37880501902718694:0.96996973557285182] [27170:48080] [20:23] [81:96] [0:6] [2:4] [0:1] none
tree_sizes=1682 2216 2174 2159 2431 2362 1851 2477 2280 2346 2355 2371 2370 2314 2313 1774 1741 2335 2342 2344 2481 1834 1827 1816 2401 1830 1751 2150 1839 2399 2594 2445 2439 2262 1829

Tree=0
num_leaves=18
num_cat=0
split_feature=2 2 1 4 7 2 2 8 0 7 1 0 5 7 5 6 5
split_gain=1.72842e+07 5.91103e+06 2.84765e+06 2.47567e+06 1.44231e+06 1.90159e+06 837664 776062 709727 205981 128670 58454.4 143319 1061.39 1063.78 58.5323 3.87879
threshold=1416.2350000000004 3843.2850000000003 16896.300000000003 36662.500000000007 5.5000000000000009 3121.1750000000006 8463.4600000000009 2.5000000000000004 37444.500000000007 1.0000000180025095e-35 31860.930000000004 36366.950000000004 21.500000000000004 3.5000000000000004 22.500000000000004 82.500000000000014 21.500000000000004
decision_type=2 2 2 2 2 2 2 2 2 2 2 2 2 2 2 2 2
left_child=8 3 13 11 9 -6 10 -8 -1 -5 -4 12 -2 14 -3 -15 -10
right_child=1 2 6 4 5 -7 7 -9 16 -11 -12 -13 -14 15 -16 -17 -18
leaf_value=340.89004131569988 348.00254195148273 291.43222996010905 305.27564814207443 304.13783633372765 309.05296516891383 335.60968403660354 299.86623046515615 304.34887276358648 365.50254398598798 310.75922643337123 307.40090004687619 331.81504169716959 334.61787499998536 290.70854221596841 290.50254246010905 290.50254246010905 365.43587731932126
leaf_weight=3.9999999999999991 2.9999999999999982 7.9999999999999982 236 17 13.000000000000002 13.999999999999998 162 239 7.9999999999999982 38 102 3.9999999999999991 6 4.0000000000000027 5 25 3
leaf_count=4 3 8 236 17 13 14 162 239 8 38 102 4 6 4 5 25 3
internal_value=305.707 304.796 303.364 316.573 313.359 322.823 304.083 302.538 358.926 308.713 305.917 336.844 339.079 290.699 291.075 290.531 365.484
internal_weight=891 876 781 95 82 27 739 401 15 55 338 13 9 42 13 29 11
internal_count=891 876 781 95 82 27 739 401 15 55 338 13 9 42 13 29 11
is_linear=0
shrinkage=1


Tree=1
num_leaves=24
num_cat=0
split_feature=3 2 1 8 3 0 5 2 8 1 6 1 8 7 7 8 0 0 7 5 6 0 0
split_gain=1.40345e+07 5.57621e+06 2.47217e+06 1.87043e+06 2.07102e+06 1.11598e+06 818415 771808 667585 724785 345457 113040 139128 103408 56977.9 25902.8 15224.5 5478.3 1025.11 981.162 76.1298 3.00841 0.540111
threshold=0.90256535388852899 1416.2350000000004 16896.300000000003 2.5000000000000004 0.92412070868503149 34627.400000000009 20.500000000000004 8463.4600000000009 2.5000000000000004 21618.745000000003 91.500000000000014 31287.910000000003 3.5000000000000004 4.5000000000000009 2.5000000000000004 3.5000000000000004 41933.100000000013 37135.80000000001 3.5000000000000004 22.500000000000004 83.500000000000014 39048.350000000013 31722.500000000004
decision_type=2 2 2 2 2 2 2 2 2 2 2 2 2 2 2 2 2 2 2 2 2 2 2
left_child=2 10 18 13 6 -6 -5 11 9 -9 21 12 -4 16 -13 -10 -3 -15 19 22 -20 -2 -1
right_child=1 3 7 4 5 -7 -8 8 15 -11 -12 14 -14 17 -16 -17 -18 -19 20 -21 -22 -23 -24
leaf_value=-13.662511291503911 56.661537679036478 -2.1631418228149415 -1.2593990979321077 18.228702822598539 23.484633324363017 4.2523593425750734 35.94538761787117 -14.014470863342286 -2.0086527581725799 -4.2275449431273673 36.805499267578114 2.3339005114023506 1.8501523079755515 3.9720388031005847 0.31753390682371041 -0.94400933502364337 1.6148198604583734 5.999038619995118 -14.257327270507796 -14.52512664794922 -14.52512664794922 56.724871826171864 -13.637861251831053
leaf_weight=4.9999999999999982 2.9999999999999982 7.9999999999999991 165 11.000000000000002 10.999999999999998 24 15.999999999999998 22 98 135 3 65 46 5.0000000000000009 76 137 4.0000000000000009 9.9999999999999982 3.0000000000000027 4.9999999999999991 23 5 4
leaf_count=5 3 8 165 11 11 24 16 22 98 135 3 65 46 5 76 137 4 10 3 5 23 5 4
internal_value=0.0505071 17.6906 -2.1995 13.5397 18.3231 10.2968 28.7275 -1.54848 -3.07453 -5.59896 51.275 0.150972 -0.581487 2.55573 1.24706 -1.38799 -0.903821 5.32337 -14.3085 -13.9635 -14.4942 56.7011 -13.6516
internal_weight=884 100 784 89 62 35 27 744 392 157 11 352 211 27 141 235 12 15 40 14 26 8 9
internal_count=884 100 784 89 62 35 27 744 392 157 11 352 211 27 141 235 12 15 40 14 26 8 9
is_linear=0
shrinkage=0.05


Tree=2
num_leaves=24
num_cat=0
split_feature=3 3 1 4 3 4 2 2 8 4 3 0 4 1 1 0 4 7 6 6 0 0 0
split_gain=1.43707e+07 6.39376e+06 2.40167e+06 2.1603e+06 2.03407e+06 1.22989e+06 803396 713533 550194 729836 230349 472382 128029 115758 102730 36533.1 29241 675.664 1085.47 45.5823 0.611872 0.0702838 0.00830841
threshold=0.90256535388852899 0.96356198017692163 16896.300000000003 36662.500000000007 0.91259713798500341 44735.000000000007 1416.2350000000004 8463.4600000000009 2.5000000000000004 39295.000000000007 0.92816110161410581 35663.30000000001 38452.500000000007 31860.930000000004 32457.065000000006 38289.650000000001 39497.500000000007 3.5000000000000004 91.500000000000014 83.500000000000014 29736.200000000001 31833.600000000002 39496.100000000013
decision_type=2 2 2 2 2 2 2 2 2 2 2 2 2 2 2 2 2 2 2 2 2 2 2
left_child=2 3 17 10 5 -5 -6 12 9 -9 11 -2 14 -14 -4 -3 -10 18 21 -19 -20 -1 -17
right_child=1 15 7 4 6 -7 -8 8 16 -11 -12 -13 13 -15 -16 22 -18 19 20 -21 -22 -23 -24
leaf_value=-12.962732238769533 49.573740386962903 47.51849365234375 1.8215790991349654 -0.46862316578626589 30.348556009928387 30.734923550287881 3.737999332868136 -13.095256927490235 -0.9573373858479487 -3.7551164170959965 23.743275146484372 25.274010848999019 -1.0032872801477259 1.0776250822183033 11.323024495442709 53.891851806640638 -2.0971741669115267 -13.616560363769521 -13.798870849609372 -13.798870849609376 -13.828742472330726 -12.953051757812498 53.888629150390614
leaf_weight=4.9999999999999982 3.9999999999999982 2.9999999999999991 55 4.0000000000000027 2.9999999999999991 14.999999999999998 52 25 138 128 5 4 187 104 2.9999999999999991 2.9999999999999982 95 4.0000000000000027 4 24 3 3 6
leaf_count=5 4 3 55 4 3 15 52 25 138 128 5 4 187 104 3 3 95 4 4 24 3 3 6
internal_value=0.1408 18.0832 -2.14236 13.3641 10.0618 24.1658 5.18948 -1.47043 -2.95176 -5.28128 32.1621 37.4239 0.167949 -0.259594 2.31303 52.2969 -1.42208 -13.6278 -13.357 -13.7728 -13.8117 -12.9591 53.8897
internal_weight=877 99 778 87 74 19 55 735 386 153 13 8 349 291 58 12 233 43 15 28 7 8 9
internal_count=877 99 778 87 74 19 55 735 386 153 13 8 349 291 58 12 233 43 15 28 7 8 9
is_linear=0
shrinkage=0.05


Tree=3
num_leaves=24
num_cat=0
split_feature=3 3 1 4 4 4 2 4 4 0 0 3 7 4 6 5 1 7 6 6 0 5 0
split_gain=1.25036e+07 4.72466e+06 2.18353e+06 2.09571e+06 1.78413e+06 2.0128e+06 646466 274086 801940 199910 353087 124945 118039 107843 72253 31856.3 28926.1 638.301 751.36 42.2049 0.871636 0.0600277 0.000616359
threshold=0.90256535388852899 0.96356198017692163 16896.300000000003 36662.500000000007 44735.000000000007 44810.000000000007 8463.4600000000009 37740.000000000007 39295.000000000007 34081.200000000004 35663.30000000001 0.88541603609000574 1.0000000180025095e-35 38452.500000000007 81.500000000000014 21.500000000000004 24494.200000000001 3.5000000000000004 91.500000000000014 82.500000000000014 31722.500000000004 20.500000000000004 39996.450000000004
decision_type=2 2 2 2 2 2 2 2 2 2 2 2 2 2 2 2 2 2 2 2 2 2 2
left_child=2 3 17 9 12 -6 11 16 -9 -2 -11 13 -5 -4 -13 22 -8 18 20 -19 -1 -21 -3
right_child=1 15 6 4 5 -7 7 8 -10 10 -12 14 -14 -15 -16 -17 -18 19 -20 21 -22 -23 -24
leaf_value=-12.338724327087405 23.846111145019535 51.195146687825542 1.8009753120797023 -2.205561065673828 32.927882167271207 8.6759365813298661 -1.4328709866138216 -12.41192445755005 -2.829654546839393 47.095050811767571 26.086508178710933 10.148659380276998 4.2759881922975183 -0.6204847617024114 2.1102183532424088 45.03634541829426 0.13271672004877136 -12.935732841491689 -13.125954589843747 -13.11642964680988 -12.303071339925127 -13.10892791748047 51.19419860839843
leaf_weight=3.9999999999999982 4.9999999999999991 2.9999999999999982 56 8.9999999999999982 13.999999999999998 22 94 24 242 4 4 2.9999999999999991 32 257 41 3 43 4.0000000000000027 5 3.0000000000000027 3 24 4
leaf_count=4 5 3 56 9 14 22 94 24 242 4 4 3 32 257 41 3 43 4 5 3 3 24 4
internal_value=0.0701878 16.7427 -2.00609 13.12 9.98497 18.1072 -1.38591 -2.75843 -3.69422 31.689 36.5908 0.163459 2.85321 -0.187252 2.65829 49.3471 -0.941482 -12.9675 -12.6578 -13.0873 -12.3234 -13.1098 51.1946
internal_weight=903 100 803 90 77 36 760 403 266 13 8 357 41 313 44 10 137 43 12 31 7 27 7
internal_count=903 100 803 90 77 36 760 403 266 13 8 357 41 313 44 10 137 43 12 31 7 27 7
is_linear=0
shrinkage=0.05


Tree=4
num_leaves=26
num_cat=0
split_feature=3 2 1 8 3 5 0 2 8 1 0 6 7 7 8 5 0 0 7 0 6 6 0 0 0
split_gain=1.00755e+07 4.59552e+06 1.65964e+06 1.12827e+06 1.67765e+06 701404 610277 603727 471585 549711 435815 130381 90933.4 88770.5 37202.7 22220.1 8556.02 4997.48 880.333 681.911 50.0285 36.2727 0.533166 0.0534887 4.38094e-06
threshold=0.90256535388852899 1416.2350000000004 16896.300000000003 2.5000000000000004 0.92412070868503149 20.500000000000004 33985.05000000001 8463.4600000000009 2.5000000000000004 21618.745000000003 37824.750000000007 90.500000000000014 2.5000000000000004 4.5000000000000009 3.5000000000000004 21.500000000000004 42579.250000000007 37135.80000000001 3.5000000000000004 30475.750000000004 87.500000000000014 82.500000000000014 31954.800000000003 32951.900000000009 40733.200000000004
decision_type=2 2 2 2 2 2 2 2 2 2 2 2 2 2 2 2 2 2 2 2 2 2 2 2 2
left_child=2 10 18 13 5 -5 -6 11 9 -9 -2 12 -4 16 -13 -10 -3 -15 19 -1 24 -20 -21 -23 -12
right_child=1 3 7 4 6 -7 -8 8 15 -11 20 14 -14 17 -16 -17 -18 -19 21 22 -22 23 -24 -25 -26
leaf_value=-12.474660110473634 28.882369232177737 -1.7861695939302444 1.9541652164557606 15.738801372051237 22.64380554199219 31.063454273768834 3.679953799928938 -11.734988832473755 -0.77834264451059809 -3.5655743531523081 48.63440246582033 -1.4338785286642548 -0.091301316074703057 3.1127372741699202 0.89963225126266488 -1.7429713937325209 1.2583370844523105 5.4691650390625002 -12.288946151733388 -11.709772382463729 48.88451639811197 -12.453457117080687 -11.684578704833982 -12.460732523600262 48.634487915039045
leaf_weight=3.9999999999999991 3.9999999999999991 9.9999999999999982 103 16.000000000000004 4.9999999999999991 13.999999999999998 28 24 116 145 2.9999999999999982 117 115 3.0000000000000009 20 123 3.0000000000000009 8.9999999999999982 4.0000000000000027 6.9999999999999982 3 16.000000000000004 3 2.9999999999999991 3
leaf_count=4 4 10 103 16 5 14 28 24 116 145 3 117 115 3 20 123 3 9 4 7 3 16 3 3 3
internal_value=-0.0150904 14.8656 -1.89378 10.7664 14.3328 22.8903 6.55326 -1.39228 -2.70422 -4.72573 42.6146 0.115516 0.875135 1.77896 -1.09322 -1.27478 -1.08359 4.88006 -12.2355 -11.9229 48.7178 -12.4258 -11.7022 -12.4546 48.6344
internal_weight=901 101 800 88 63 30 33 763 408 169 13 355 218 25 137 239 13 12 37 14 9 23 10 19 6
internal_count=901 101 800 88 63 30 33 763 408 169 13 355 218 25 137 239 13 12 37 14 9 23 10 19 6
is_linear=0
shrinkage=0.05


Tree=5
num_leaves=26
num_cat=0
split_feature=3 2 4 3 3 7 2 8 4 0 0 0 3 7 7 6 4 0 7 5 0 6 5 5 0
split_gain=1.07396e+07 4.43377e+06 1.90997e+06 1.83467e+06 1.51713e+06 1.15284e+06 596345 497520 634921 229223 177303 397750 108078 92402.8 90382.7 77789.2 57521 707.637 657.336 757.412 514.042 34.591 0.521611 0.15535 0.00731841
threshold=0.90256535388852899 1416.2350000000004 36662.500000000007 0.53456476313037216 0.91121514076348353 5.5000000000000009 8463.4600000000009 2.5000000000000004 39295.000000000007 37444.500000000007 34081.200000000004 35663.30000000001 0.88541603609000574 1.0000000180025095e-35 1.0000000180025095e-35 81.500000000000014 43067.500000000007 32689.050000000003 3.5000000000000004 22.500000000000004 38707.600000000006 82.500000000000014 21.500000000000004 20.500000000000004 39996.450000000004
decision_type=2 2 2 2 2 2 2 2 2 2 2 2 2 2 2 2 2 2 2 2 2 2 2 2 2
left_child=3 9 10 18 5 -4 12 8 -8 -2 17 -12 14 -6 -5 -14 -9 -3 19 22 -11 -20 -1 -23 -22
right_child=1 2 4 6 13 -7 7 16 -10 20 11 -13 15 -15 -16 -17 -18 -19 21 -21 24 23 -24 -25 -26
leaf_value=-11.107389831542971 30.67770690917969 21.566548665364586 -0.47245116233825668 1.3284303507172919 -0.97996632787916393 27.49687030655997 -11.54339978354318 -1.3474195027698395 -3.30041122626751 46.983641560872414 43.871714019775403 22.718270263671872 10.460942204793295 4.5913632656252661 -0.59306413483977838 2.071623730829784 1.5205394795066434 20.480549112955725 -11.674498558044425 -11.841146596272786 46.199499511718741 -11.841503715515127 -11.132924397786455 -11.830791716142135 46.202766418457024
leaf_weight=5.9999999999999982 2.9999999999999991 2.9999999999999991 5.0000000000000009 83 8.9999999999999982 14 28 219 141 2.9999999999999982 3.9999999999999982 5 2.9999999999999991 43 233 35 19 3 4.0000000000000027 5.9999999999999991 3 4.0000000000000027 3 22 4
leaf_count=6 3 3 5 83 9 14 28 219 141 3 4 5 3 43 233 35 19 3 4 6 3 4 3 22 4
internal_value=0.0426322 15.584 11.47 -1.8663 8.04511 20.1365 -1.28621 -2.59157 -4.66611 42.7995 27.6813 32.1198 0.214592 3.62709 -0.0883678 2.73394 -1.11846 21.0235 -11.6763 -11.406 46.436 -11.8114 -11.1159 -11.8324 46.2014
internal_weight=905 99 86 806 71 19 761 407 169 13 15 9 354 52 316 38 238 6 45 15 10 30 9 26 7
internal_count=905 99 86 806 71 19 761 407 169 13 15 9 354 52 316 38 238 6 45 15 10 30 9 26 7
is_linear=0
shrinkage=0.05


Tree=6
num_leaves=20
num_cat=0
split_feature=2 3 1 4 3 7 3 0 4 1 3 0 7 7 6 0 0 6 2
split_gain=9.17026e+06 3.99239e+06 1.60403e+06 1.51175e+06 1.30524e+06 690791 451695 328819 251516 114234 97989.9 249733 57184.7 792.051 781.414 638.642 481.783 3.43061 0.00751813
threshold=1416.2350000000004 0.90256535388852899 16896.300000000003 36662.500000000007 0.91121514076348353 5.5000000000000009 0.73152764059624931 37444.500000000007 37740.000000000007 31553.350000000006 0.92816110161410581 35663.30000000001 1.0000000180025095e-35 3.5000000000000004 91.500000000000014 32689.050000000003 38707.600000000006 82.500000000000014 1237.6400000000001
decision_type=2 2 2 2 2 2 2 2 2 2 2 2 2 2 2 2 2 2 2
left_child=7 2 13 10 5 -5 8 -1 -4 -8 11 -3 -6 14 -2 -12 -9 -15 -18
right_child=1 3 6 4 12 -7 9 16 -10 -11 15 -13 -14 17 -16 -17 18 -19 -20
leaf_value=25.41932830810547 -10.560324166037816 39.830036926269543 -0.9416691634865586 -0.95191240310669001 -1.0599163532257081 26.115729800137604 -0.71768013581682755 44.63445943196615 -3.8734760957150849 1.0890745529314367 20.48822072347005 21.58235656738281 3.7909552711507555 -11.296773529052722 -11.269678370157878 19.456521097819007 43.892650756835934 -11.240062046051026 43.889484659830714
leaf_weight=2.9999999999999991 11.000000000000002 2.9999999999999982 121 2.9999999999999973 6.9999999999999991 11 303 2.9999999999999991 185 123 3 5 46 3.0000000000000027 5.9999999999999991 3 5 24 3
leaf_count=3 11 3 121 3 7 11 303 3 185 123 3 5 46 3 6 3 5 24 3
internal_value=-0.0477134 -0.703444 -1.80602 9.85948 6.73704 20.3155 -1.24868 40.0924 -2.71417 -0.196012 24.8026 28.4252 3.15027 -11.078 -10.8107 19.9724 44.0941 -11.2464 43.8915
internal_weight=871 857 776 81 67 14 732 14 306 426 14 8 53 44 17 6 11 27 8
internal_count=871 857 776 81 67 14 732 14 306 426 14 8 53 44 17 6 11 27 8
is_linear=0
shrinkage=0.05


Tree=7
num_leaves=27
num_cat=0
split_feature=3 3 1 8 7 3 3 8 1 0 8 1 7 2 0 7 0 0 7 6 0 0 6 0 6 0
split_gain=8.597e+06 3.94897e+06 1.34901e+06 1.17282e+06 619012 761432 426745 447157 369894 135328 96689.3 123816 68411.5 31247.5 19025 11155.7 7797.99 3826.02 563.164 739.461 4.16047 2.95791 1.94249 0.737957 0.000519473 4.00469e-08
threshold=0.90256535388852899 0.96356198017692163 16896.300000000003 2.5000000000000004 1.5000000000000002 0.93729420654183138 0.73862920539623755 2.5000000000000004 21186.495000000003 39611.05000000001 3.5000000000000004 31588.565000000006 4.5000000000000009 5857.2450000000008 38289.650000000001 2.5000000000000004 42579.250000000007 37135.80000000001 3.5000000000000004 91.500000000000014 39496.100000000013 29736.200000000001 83.500000000000014 31833.600000000002 85.500000000000014 40733.200000000004
decision_type=2 2 2 2 2 2 2 2 2 2 2 2 2 2 2 2 2 2 2 2 2 2 2 2 2 2
left_child=2 3 18 12 9 -6 7 8 -4 -5 11 -8 16 -12 -3 -9 -2 -14 19 23 -16 -21 -20 -1 -24 -22
right_child=1 14 6 4 5 -7 10 15 -10 -11 13 -13 17 -15 20 -17 -18 -19 22 21 25 -23 24 -25 -26 -27
leaf_value=-10.040350995744975 -1.609099719524383 37.124377441406253 -11.310293699565687 3.6889385359627855 21.845020316592581 8.5177530807607322 -1.1541079695401912 -0.56477296794973209 -3.7502659958436952 15.391017532348634 3.0761908842169721 0.82537827854897794 2.797984619140625 0.80201072225516501 41.770155843098976 -1.3549532422156476 1.2974142869313559 4.4660859194668863 -10.715306663513175 -10.673355102539062 41.698036702473949 -10.739033253987628 -10.67662811279296 -10.010711161295571 -10.677265167236328 41.698044840494781
leaf_weight=7.0000000000000018 10.000000000000002 2.9999999999999991 19 14.000000000000002 29 17 235 67 109 2.9999999999999991 23 119 4.9999999999999991 44 2.9999999999999982 134 2.9999999999999991 10.999999999999998 4.0000000000000027 3.9999999999999991 3 3 4.0000000000000027 3 15.999999999999998 3
leaf_count=7 10 3 19 14 29 17 235 67 109 3 23 119 5 44 3 134 3 11 4 4 3 3 4 3 16 3
internal_value=0.0807306 13.5953 -1.69616 10.0766 13.9068 16.9197 -1.21338 -2.56255 -4.87246 5.75401 -0.159037 -0.488687 1.7558 1.5827 40.5727 -1.09156 -0.938366 3.9448 -10.5275 -10.3074 41.7221 -10.7015 -10.6835 -10.0315 -10.6771 41.698
internal_weight=895 104 791 92 63 46 750 329 128 17 421 354 29 67 12 201 13 16 41 17 9 7 24 10 20 6
internal_count=895 104 791 92 63 46 750 329 128 17 421 354 29 67 12 201 13 16 41 17 9 7 24 10 20 6
is_linear=0
shrinkage=0.05


Tree=8
num_leaves=25
num_cat=0
split_feature=3 3 1 4 4 4 2 8 4 3 3 0 3 4 4 7 0 7 5 5 5 0 0 0
split_gain=6.42436e+06 2.68146e+06 1.18524e+06 1.13225e+06 1.09644e+06 1.27091e+06 423479 367541 491988 95410.4 87464.7 222166 84714.3 75230.4 52104.9 30431.8 15907.8 471.099 433.654 51.7856 19.7147 51.351 0.0180781 1.14203e-07
threshold=0.90256535388852899 0.96356198017692163 16896.300000000003 36662.500000000007 44735.000000000007 44810.000000000007 8463.4600000000009 2.5000000000000004 39295.000000000007 0.88541603609000574 0.92816110161410581 35663.30000000001 0.91625507702428666 38452.500000000007 43067.500000000007 1.0000000180025095e-35 38707.600000000006 3.5000000000000004 22.500000000000004 21.500000000000004 20.500000000000004 33352.150000000009 40733.200000000004 32773.650000000009
decision_type=2 2 2 2 2 2 2 2 2 2 2 2 2 2 2 2 2 2 2 2 2 2 2 2
left_child=2 3 17 10 12 -6 9 8 -8 13 11 -2 -5 -4 -9 -11 -3 18 19 -1 21 -19 -18 -22
right_child=1 16 6 4 5 -7 7 14 -10 15 -12 -13 -14 -15 -16 -17 22 20 -20 -21 23 -23 -24 -25
leaf_value=-9.5250487327575701 37.579616800944024 35.15117238362631 1.5154974064341298 -2.9470565915107727 26.083804673414967 6.0022471618652347 -10.208735571967232 -1.2086543113861918 -2.8537476109133828 -0.91118530631065375 18.635524597167969 19.579843139648432 2.7880086176323169 -0.53340657294476446 1.455411744117737 2.9428552690574104 39.607652791341138 -9.8924746195475137 -10.153074188232424 -9.7686419169108056 -10.143402099609373 -10.185023752848306 39.613141886393223 -10.14341278076172
leaf_weight=7.9999999999999982 2.9999999999999982 2.9999999999999982 54 7.9999999999999991 12.999999999999998 20 27 223 144 5.9999999999999991 5 4 33 263 20 35 3 3.0000000000000027 4.9999999999999991 3 15.000000000000002 3 3 2.9999999999999991
leaf_count=8 3 3 54 8 13 20 27 223 144 6 5 4 33 263 20 35 3 3 5 3 15 3 3 3
internal_value=-0.145628 12.157 -1.58497 9.43951 7.12922 13.9132 -1.15015 -2.23912 -4.01506 0.109172 23.6863 27.294 1.66897 -0.184382 -0.98939 2.37885 38.124 -9.97714 -9.76698 -9.59148 -10.1172 -10.0387 39.6104 -10.1434
internal_weight=907 95 812 86 74 33 772 414 171 358 12 7 41 317 243 41 9 40 16 11 24 6 6 18
internal_count=907 95 812 86 74 33 772 414 171 358 12 7 41 317 243 41 9 40 16 11 24 6 6 18
is_linear=0
shrinkage=0.05


Tree=9
num_leaves=26
num_cat=0
split_feature=3 2 4 3 1 7 3 8 4 0 3 0 1 4 4 4 7 0 0 7 6 6 5 0 0
split_gain=7.35267e+06 2.89709e+06 1.32325e+06 1.22658e+06 1.18883e+06 861202 358451 448243 256540 249334 161784 241222 129882 154201 63032 61851.8 59965.9 1217.28 978.679 521.025 500.93 31.5231 0.444919 0.0944625 0.000627317
threshold=0.90256535388852899 1416.2350000000004 36662.500000000007 0.91121514076348353 16896.300000000003 5.5000000000000009 0.67886807028385621 2.5000000000000004 39295.000000000007 37444.500000000007 0.92816110161410581 35663.30000000001 31245.235000000004 39497.500000000007 44860.000000000007 43067.500000000007 1.0000000180025095e-35 32689.050000000003 39048.350000000013 3.5000000000000004 91.500000000000014 82.500000000000014 20.500000000000004 31833.600000000002 40298.000000000007
decision_type=2 2 2 2 2 2 2 2 2 2 2 2 2 2 2 2 2 2 2 2 2 2 2 2 2
left_child=4 9 10 5 19 -4 7 8 -6 -2 11 -3 13 -8 -14 -9 -5 -12 -11 20 23 -21 -23 -1 -20
right_child=1 2 3 16 6 -7 12 15 -10 18 17 -13 14 -15 -16 -17 -18 -19 24 21 -22 22 -24 -25 -26
leaf_value=-9.0568610055106031 23.185454559326175 36.715394592285165 -1.8442272488027804 -0.84798322021961214 -9.9970767127143016 24.686262160081128 0.50025081022361684 -1.529573882325836 -3.7786467990209895 38.711528523763036 17.884024556477861 19.350851440429683 1.6695899009003359 -1.6095493617457497 -0.38988972522995691 2.3949432026256217 3.8143809247016907 16.459667460123693 37.63158671061197 -9.4882324218749918 -9.6666210937500008 -9.654346466064446 -9.6362182270396843 -9.046256510416665 37.632543182373041
leaf_weight=6.9999999999999982 3.9999999999999991 3.9999999999999982 4.0000000000000009 7.9999999999999991 27 13 126 115 43 2.9999999999999982 3 4 85 277 66 10.999999999999998 50 3 3 4.0000000000000027 4.9999999999999991 4.0000000000000027 22 3 4
leaf_count=7 4 4 4 8 27 13 126 115 43 3 3 4 85 277 66 11 50 3 3 4 5 4 22 3 4
internal_value=0.0234403 12.593 9.26714 6.63306 -1.60507 18.4438 -1.13145 -2.96918 -6.17718 33.7358 23.3783 28.0331 -0.481284 -0.94991 0.76942 -1.18696 3.1713 17.1718 37.956 -9.4986 -9.25799 -9.6189 -9.63901 -9.05368 37.6321
internal_weight=898 103 89 75 795 17 750 196 70 14 14 8 554 403 151 126 58 6 10 45 15 30 26 10 7
internal_count=898 103 89 75 795 17 750 196 70 14 14 8 554 403 151 126 58 6 10 45 15 30 26 10 7
is_linear=0
shrinkage=0.05


Tree=10
num_leaves=26
num_cat=0
split_feature=3 3 1 8 3 0 3 8 7 1 8 1 0 7 1 3 0 0 7 6 6 0 5 0 0
split_gain=6.71778e+06 2.57637e+06 888988 690362 743304 398521 307828 351124 294893 253243 75363.1 84721.4 51401.3 47395.6 18783.1 13336.3 6017.96 3503.93 329.229 441.476 27.6584 9.15184 0.379864 0.0842397 5.29387e-05
threshold=0.89820911484001764 0.96204635176159281 16896.300000000003 2.5000000000000004 0.92412070868503149 38938.350000000013 0.730064108318217 2.5000000000000004 5.5000000000000009 21618.745000000003 3.5000000000000004 32549.805000000004 38289.650000000001 4.5000000000000009 25985.210000000006 0.58686662143237256 41933.100000000013 38864.000000000007 3.5000000000000004 91.500000000000014 82.500000000000014 39496.100000000013 20.500000000000004 31722.500000000004 40733.200000000004
decision_type=2 2 2 2 2 2 2 2 2 2 2 2 2 2 2 2 2 2 2 2 2 2 2 2 2
left_child=2 3 18 13 5 -5 7 9 -6 -4 11 -8 -3 16 -12 -9 -2 -15 19 23 -20 -14 -22 -1 -23
right_child=1 12 6 4 8 -7 10 15 -10 -11 14 -13 21 17 -16 -17 -18 -19 20 -21 22 24 -24 -25 -26
leaf_value=-8.5950430297851579 -2.1666825612386065 28.229372151692708 -9.2494642170992769 21.282282833825974 9.939729615052542 9.8600115378697719 -0.92775451569921441 -1.7905867934226991 0.34003765185674034 -3.3188086583758847 -0.8037536554866368 0.84489485933022079 35.857964070638033 4.1166775941848757 1.6541612287558487 -0.73069476623088125 0.57602638403574613 2.4293893814086909 -9.0138206481933505 -9.1899835205078109 -9.1716293334960852 35.75115559895832 -9.1544023513793942 -8.5844449361165349 35.750858561197909
leaf_weight=4.9999999999999982 6 2.9999999999999991 22 21 24 11.999999999999998 288 37 11.999999999999998 99 8.9999999999999982 88 2.9999999999999982 7.9999999999999991 57 150 3 5.0000000000000009 4.0000000000000027 5 4.0000000000000027 3 15.999999999999998 3 3
leaf_count=5 6 3 22 21 24 12 288 37 12 99 9 88 3 8 57 150 3 5 4 5 4 3 16 3 3
internal_value=0.11334 12.121 -1.45818 9.24934 11.7084 17.1287 -1.08493 -2.2984 6.73983 -4.39711 -0.239342 -0.512879 33.8973 1.53674 1.31899 -0.940406 -1.25245 3.46772 -9.02407 -8.82142 -9.13384 35.7867 -9.15785 -8.59107 35.751
internal_weight=890 103 787 91 69 33 750 308 36 121 442 376 12 22 66 187 9 13 37 13 24 9 20 8 6
internal_count=890 103 787 91 69 33 750 308 36 121 442 376 12 22 66 187 9 13 37 13 24 9 20 8 6
is_linear=0
shrinkage=0.05


Tree=11
num_leaves=26
num_cat=0
split_feature=3 3 4 1 4 4 3 8 4 0 3 3 4 6 4 0 7 6 0 6 6 0 5 0 0
split_gain=5.82361e+06 2.61456e+06 1.04886e+06 914742 818970 1.28057e+06 279645 261214 383465 92942.5 228577 79304.4 62223.3 55463.8 44398.5 11502.6 316.456 496.531 51.0614 43.4126 8.25948 3.24594 0.350605 0.207066 4.76399e-05
threshold=0.90256535388852899 0.96356198017692163 36662.500000000007 16896.300000000003 44735.000000000007 44810.000000000007 0.77127824818308455 2.5000000000000004 39052.500000000007 36366.950000000004 0.92816110161410581 0.91625507702428666 35390.000000000007 89.500000000000014 43067.500000000007 38289.650000000001 3.5000000000000004 91.500000000000014 32500.500000000004 82.500000000000014 86.500000000000014 29736.200000000001 20.500000000000004 31954.800000000003 40733.200000000004
decision_type=2 2 2 2 2 2 2 2 2 2 2 2 2 2 2 2 2 2 2 2 2 2 2 2 2
left_child=3 2 9 16 11 -6 7 8 -5 10 -2 -4 18 -14 -9 -3 17 23 -8 -18 24 -19 -21 -1 -17
right_child=1 15 4 6 5 -7 12 14 -10 -11 -12 -13 13 -15 -16 20 19 21 -20 22 -22 -23 -24 -25 -26
leaf_value=-8.1743415832519499 31.351954040527353 30.422321573893232 -3.4611984968185427 -8.8124543861106588 23.369703565325057 4.7351852937980938 3.9172580718994148 -1.007716681237697 -2.3261479719044411 13.758249155680339 16.233196411132809 2.1225416060416928 0.4788196773678064 -0.83869642809145439 1.4483777391910555 33.963597615559905 -8.4969009399413959 -8.6892036437988285 3.693317059108189 -8.7130477905273374 34.065065511067701 -8.7580052693684873 -8.6966824849446613 -8.1586410522460913 33.963315836588535
leaf_weight=7.0000000000000018 4.9999999999999982 2.9999999999999991 7.9999999999999991 27 13.999999999999998 27 3.9999999999999982 230 146 2.9999999999999991 5 31 200 133 20 2.9999999999999982 3.0000000000000027 3.9999999999999991 7 4.0000000000000027 3 3 18 3 3
leaf_count=7 5 3 8 27 14 27 4 230 146 3 5 31 200 133 20 3 3 4 7 4 3 3 18 3 3
internal_value=0.0605542 11.1388 8.30468 -1.3773 6.16419 11.0982 -0.983861 -1.84483 -3.33846 21.477 23.7926 0.977159 0.0748243 -0.0473955 -0.811229 33.1036 -8.56215 -8.39571 3.77475 -8.67533 33.9973 -8.71869 -8.69966 -8.16963 33.9635
internal_weight=914 105 93 809 80 41 767 423 173 13 10 39 344 333 250 12 42 17 11 25 9 7 22 10 6
internal_count=914 105 93 809 80 41 767 423 173 13 10 39 344 333 250 12 42 17 11 25 9 7 22 10 6
is_linear=0
shrinkage=0.05


Tree=12
num_leaves=26
num_cat=0
split_feature=3 2 4 3 4 1 2 0 4 4 0 0 3 4 4 6 1 5 7 6 6 0 5 0 0
split_gain=5.08121e+06 1.90932e+06 995518 1.0842e+06 976939 815346 253885 171037 152189 408643 80421.1 168376 72885.3 72331.6 66681.6 36787.8 21732.1 1551.3 244.55 425.761 41.0238 2.92946 0.328908 0.071452 0.0115175
threshold=0.90256535388852899 1416.2350000000004 36662.500000000007 0.91259713798500341 44735.000000000007 16896.300000000003 8463.4600000000009 37444.500000000007 37740.000000000007 39295.000000000007 36366.950000000004 34081.200000000004 0.88541603609000574 32370.000000000004 45077.500000000007 81.500000000000014 25655.100000000002 21.500000000000004 3.5000000000000004 91.500000000000014 82.500000000000014 29736.200000000001 20.500000000000004 31833.600000000002 40298.000000000007
decision_type=2 2 2 2 2 2 2 2 2 2 2 2 2 2 2 2 2 2 2 2 2 2 2 2 2
left_child=5 7 10 4 -4 18 12 -2 16 -10 11 -3 13 -7 -5 -14 -8 24 19 23 -20 -21 -22 -1 -9
right_child=1 2 3 14 -6 6 8 17 9 -11 -12 -13 15 -15 -16 -17 -18 -19 20 21 22 -23 -24 -25 -26
leaf_value=-7.7659783681233741 18.941631571451822 15.529388275146488 -4.2149043083190891 1.4706183650055711 20.927433182211487 3.6283688227335613 -0.73083965826641639 32.260799153645841 -8.5506393814086916 -1.8266858281226868 13.070336405436198 27.952943420410151 6.6241021871566774 -0.33221761925025201 7.0550726686914764 1.5765231341929049 0.83230630915079795 33.65551249186197 -8.0671803792317629 -8.2547431945800778 -8.2796656290690009 -8.3201047261555967 -8.261850818834807 -7.7565277099609347 32.265180460611973
leaf_weight=5.9999999999999982 2.9999999999999991 4.9999999999999982 5.0000000000000027 49 17 11.999999999999998 108 2.9999999999999982 25 235 2.9999999999999991 6 3.9999999999999991 293 5.9999999999999991 37 28 3 3.0000000000000027 3.9999999999999991 3.0000000000000027 3 19 3 3
leaf_count=6 3 5 5 49 17 12 108 3 25 235 3 6 4 293 6 37 28 3 3 4 3 3 19 3 3
internal_value=0.0942802 10.5342 8.06218 5.83224 15.2133 -1.27905 -0.899777 29.2808 -1.7643 -2.47322 20.3268 22.3059 0.0896775 -0.176391 2.07983 2.06897 -0.409015 32.7272 -8.14294 -7.9903 -8.24063 -8.28276 -8.26428 -7.76283 32.263
internal_weight=886 103 91 77 22 783 742 12 396 260 14 11 346 305 55 41 136 9 41 16 25 7 22 9 6
internal_count=886 103 91 77 22 783 742 12 396 260 14 11 346 305 55 41 136 9 41 16 25 7 22 9 6
is_linear=0
shrinkage=0.05


Tree=13
num_leaves=25
num_cat=0
split_feature=3 2 4 3 3 4 3 8 4 0 4 0 3 0 6 2 4 0 7 6 6 0 5 0
split_gain=4.26104e+06 1.9321e+06 1.01285e+06 839308 563738 715000 287273 251753 220001 146881 102656 74513.8 239102 59040.2 55509 47470.7 40965.4 1427.24 393.006 353.161 18.7534 0.542963 0.292563 0.182019
threshold=0.90256535388852899 1416.2350000000004 36662.500000000007 0.53456476313037216 0.91259713798500341 44735.000000000007 0.73152764059624931 2.5000000000000004 39295.000000000007 37444.500000000007 38452.500000000007 35663.30000000001 0.9314720871953861 34627.400000000009 90.500000000000014 4553.170000000001 43067.500000000007 38707.600000000006 3.5000000000000004 91.500000000000014 82.500000000000014 39996.450000000004 20.500000000000004 31833.600000000002
decision_type=2 2 2 2 2 2 2 2 2 2 2 2 2 2 2 2 2 2 2 2 2 2 2 2
left_child=3 9 11 18 5 -4 7 8 -5 -2 15 12 -3 -6 -12 -8 -9 -11 19 23 -20 -19 -22 -1
right_child=1 2 4 6 13 -7 10 16 -10 17 14 -13 -14 -15 -16 -17 -18 21 20 -21 22 -23 -24 -25
leaf_value=-7.3773255484444764 19.567023658752444 31.133830261230475 -4.0723222732543922 -8.0468119939168297 -1.2605564925074579 17.954453386579242 7.8829417069753012 -1.0581262967533829 -2.716075965166092 31.972736612955739 0.12492031098453238 14.409383239746095 14.732919006347656 2.962599634503325 -1.1503754278535352 1.4561127663973501 1.847691823885991 30.622011311848951 -7.7349256515502862 -7.8792620849609385 -7.8634119033813406 30.652093505859366 -7.8487608868142829 -7.3639551162719714
leaf_weight=6.9999999999999982 3.9999999999999991 3.9999999999999982 5.0000000000000027 24 9.9999999999999982 13.999999999999998 2.9999999999999991 181 100 2.9999999999999982 229 4.9999999999999991 5 48 136 68 12.999999999999998 3 4.0000000000000027 4.9999999999999991 4.0000000000000027 3 23 4
leaf_count=7 4 4 5 24 10 14 3 181 100 3 229 5 5 48 136 68 13 3 4 5 4 3 23 4
internal_value=-0.0132206 9.50823 6.93238 -1.24946 4.68312 12.1579 -0.845374 -1.98815 -3.74783 27.5391 -0.0118803 19.3033 22.0222 2.23447 -0.350258 1.72767 -0.863407 31.0823 -7.73209 -7.53084 -7.83596 30.6371 -7.85093 -7.37246
internal_weight=905 104 91 801 77 19 754 318 124 13 436 14 9 58 365 71 194 9 47 16 31 6 27 11
internal_count=905 104 91 801 77 19 754 318 124 13 436 14 9 58 365 71 194 9 47 16 31 6 27 11
is_linear=0
shrinkage=0.05


Tree=14
num_leaves=26
num_cat=0
split_feature=3 2 4 3 4 1 2 8 4 0 7 1 0 3 8 4 7 0 7 5 0 2 0 0 0
split_gain=3.91288e+06 1.69475e+06 823570 737078 733007 643425 243490 207120 269983 132592 92111.2 75072.8 71489.9 169026 41194 32673.6 28821 1284.1 157.277 183.239 23.84 18.5659 40.2819 1.36234 0.35255
threshold=0.90256535388852899 1416.2350000000004 36662.500000000007 0.91259713798500341 44735.000000000007 16896.300000000003 8158.6200000000017 2.5000000000000004 39295.000000000007 37444.500000000007 2.5000000000000004 31287.910000000003 36366.950000000004 0.9314720871953861 2.5000000000000004 43067.500000000007 1.0000000180025095e-35 38707.600000000006 3.5000000000000004 22.500000000000004 31202.600000000002 18626.500000000004 32811.350000000006 33024.05000000001 40733.200000000004
decision_type=2 2 2 2 2 2 2 2 2 2 2 2 2 2 2 2 2 2 2 2 2 2 2 2 2
left_child=5 9 12 4 -4 18 10 8 -8 -2 11 -7 13 -3 -12 -9 -5 -11 19 20 -1 23 -23 -20 -19
right_child=1 2 3 16 -6 6 7 15 -10 17 14 -13 -14 -15 -16 -17 -18 24 21 -21 -22 22 -24 -25 -26
leaf_value=-7.1843249003092469 18.588672828674316 26.997262573242196 -3.3553757270177189 -1.1680310514238146 16.691269171865365 0.20180546980155142 -7.6848283657660863 -0.87794577106995431 -2.1104905302325885 30.374100748697927 -1.3685734855076848 2.4384839896713535 11.696350606282552 13.996273040771483 0.094089390136100154 1.2794389774924833 1.9498820750486283 29.095044962565098 -7.4563139343261682 -7.4587464904785143 -7.0060368347167952 -7.4578279113769517 -7.226075490315754 -7.493223826090496 29.119285074869783
leaf_weight=2.9999999999999982 3.9999999999999991 4.9999999999999982 6.0000000000000027 8.9999999999999982 19 95 26 230 132 2.9999999999999982 85 62 2.9999999999999991 5 111 19 42 3 15.000000000000005 5 5 5 3 2.9999999999999991 3
leaf_count=3 4 5 6 9 19 95 26 230 132 3 85 62 3 5 111 19 42 3 15 5 5 5 3 3 3
internal_value=0.0775327 9.29962 6.83642 4.84717 11.8801 -1.09976 -0.778337 -1.61181 -3.02779 26.1631 0.182642 1.08508 18.4659 20.4968 -0.540229 -0.713326 1.39966 29.5295 -7.3633 -7.2213 -7.07289 -7.4343 -7.37092 -7.46247 29.1072
internal_weight=901 102 89 76 25 799 760 407 158 13 353 157 13 10 196 249 51 9 39 13 8 26 8 18 6
internal_count=901 102 89 76 25 799 760 407 158 13 353 157 13 10 196 249 51 9 39 13 8 26 8 18 6
is_linear=0
shrinkage=0.05


Tree=15
num_leaves=19
num_cat=0
split_feature=2 3 4 1 3 4 1 8 4 0 4 0 0 0 1 0 4 2
split_gain=3.66485e+06 1.61706e+06 950620 610241 362461 826233 165900 146649 135468 133396 79885 64160.2 178227 25976.1 2372.35 1260.65 184.834 0.65191
threshold=1416.2350000000004 0.89820911484001764 36662.500000000007 18766.640000000003 0.91259713798500341 44735.000000000007 26784.505000000001 2.5000000000000004 37740.000000000007 37444.500000000007 39497.500000000007 34081.200000000004 36015.150000000009 34627.400000000009 16896.300000000003 38707.600000000006 34325.000000000007 1237.6400000000001
decision_type=2 2 2 2 2 2 2 2 2 2 2 2 2 2 2 2 2 2
left_child=9 3 11 8 5 -4 7 -5 16 -1 -8 -3 -13 -6 -10 -11 -2 -17
right_child=1 2 4 6 13 -7 10 -9 14 15 -12 12 -14 -15 -16 17 -18 -19
leaf_value=16.086765289306641 -1.7599984963734945 13.296459350585938 -2.3481892369010224 -2.989510478471455 -1.1509403184884126 15.238317139709697 1.3861789751611651 -0.72774273966839598 -6.9706679739603192 28.855394490559895 -0.37392051969486551 28.227275085449225 14.067298278808591 1.7971967485817997 -7.9666206359863283 27.664577636718747 -1.3212099075317383 27.635095214843744
leaf_weight=2.9999999999999991 11.999999999999998 4.9999999999999991 11.000000000000002 114 8.9999999999999982 17 80 193 41 2.9999999999999991 332 3.9999999999999982 5 44 6.9999999999999991 5 2.9999999999999991 3
leaf_count=3 12 5 11 114 9 17 80 193 41 3 332 4 5 44 7 5 3 3
internal_value=0.0522658 -0.352891 5.80703 -1.10122 3.72765 8.32933 -0.687769 -1.56762 -5.8198 25.4325 -0.0321536 17.8377 20.3606 1.29657 -7.11591 27.9813 -1.67224 27.6535
internal_weight=891 877 95 782 81 28 719 307 63 14 412 14 9 53 48 11 15 8
internal_count=891 877 95 782 81 28 719 307 63 14 412 14 9 53 48 11 15 8
is_linear=0
shrinkage=0.05


Tree=16
num_leaves=19
num_cat=0
split_feature=2 3 4 3 4 4 2 8 3 0 0 6 3 2 0 0 7 2
split_gain=3.4906e+06 1.34398e+06 872473 526301 322038 935854 180941 154536 133814 221143 111022 67078.3 49728.1 10231.5 2038.37 1137.74 186.554 0.588388
threshold=1416.2350000000004 0.89820911484001764 36662.500000000007 0.5479065856547658 44735.000000000007 44810.000000000007 8090.6150000000007 2.5000000000000004 0.92816110161410581 36015.150000000009 37444.500000000007 89.500000000000014 0.91767642829175033 14759.655000000001 32689.050000000003 38707.600000000006 3.5000000000000004 1237.6400000000001
decision_type=2 2 2 2 2 2 2 2 2 2 2 2 2 2 2 2 2 2
left_child=10 3 8 13 12 -6 11 -8 9 -3 -1 -5 -4 -2 -10 -12 -15 -17
right_child=1 2 4 6 5 -7 7 -9 14 -11 15 -13 -14 16 -16 17 -18 -19
leaf_value=16.854900932312013 -3.6407363891601565 32.319481404622408 -2.4476676897569138 0.7646488706721235 19.040445085005327 1.6427393446748075 -2.6092653212999859 -0.61886288807404288 12.803425598144528 14.361207962036131 27.412626139322921 -0.6613398123222094 1.4493625480681658 -6.5162796020507816 10.960254669189451 26.281348876953121 -6.7482572995699375 26.253339640299473
leaf_weight=3.9999999999999991 2.9999999999999991 2.9999999999999982 10.999999999999998 193 10.999999999999998 26 162 245 3 4 2.9999999999999991 144 32 12.999999999999998 3 5 26 3
leaf_count=4 3 3 11 193 11 26 162 245 3 4 3 144 32 13 3 5 26 3
internal_value=0.0716592 -0.336474 5.34737 -1.00899 3.39514 6.81503 -0.701583 -1.41111 17.3611 22.0576 23.9883 0.155324 0.452448 -6.45449 11.8818 26.5822 -6.67093 26.2708
internal_weight=894 879 93 786 80 37 744 407 13 7 15 337 43 42 6 11 39 8
internal_count=894 879 93 786 80 37 744 407 13 7 15 337 43 42 6 11 39 8
is_linear=0
shrinkage=0.05


Tree=17
num_leaves=26
num_cat=0
split_feature=3 2 1 4 3 4 2 8 4 4 0 7 1 4 0 3 4 4 1 0 7 0 1 2 0
split_gain=3.006e+06 1.3618e+06 514221 391923 524503 498358 139773 129098 159548 115075 98198.7 58385.9 59800.7 47486.3 36096.7 126585 34516.4 28300.4 3020.69 991.014 204.367 101.381 67.5305 0.481647 0.202657
threshold=0.90256535388852899 1416.2350000000004 18766.640000000003 36662.500000000007 0.91259713798500341 44735.000000000007 8046.920000000001 2.5000000000000004 39295.000000000007 37740.000000000007 37444.500000000007 2.5000000000000004 32824.350000000013 45077.500000000007 35663.30000000001 0.92816110161410581 38452.500000000007 43067.500000000007 16896.300000000003 38707.600000000006 3.5000000000000004 32689.050000000003 17814.685000000005 1237.6400000000001 31616.550000000003
decision_type=2 2 2 2 2 2 2 2 2 2 2 2 2 2 2 2 2 2 2 2 2 2 2 2 2
left_child=2 10 9 14 5 -5 11 8 -8 21 -2 12 -4 -6 15 -3 -13 -9 20 -12 -11 22 -1 -21 -20
right_child=1 3 6 4 13 -7 7 17 -10 18 19 16 -14 -15 -16 -17 -18 -19 24 23 -22 -23 -24 -25 -26
leaf_value=-1.4496367136637374 16.012155914306643 24.279699707031259 0.31176609894503721 -3.4611444759368872 1.238969391025603 14.28011790325767 -6.6674173016297189 -0.68900015771320344 -1.780346278904303 -6.1438438415527346 26.041993204752615 2.0193017951571028 2.6721666921888083 7.7231944402058916 10.342720222473142 11.288161773681638 -0.65267390341952791 1.276601221561432 -7.4378265380859379 24.967175674438472 -6.3824210199816482 -1.2799814796447755 -1.7148616552352902 24.940672810872389 -7.4206352233886692
leaf_weight=5.9999999999999982 3.9999999999999991 2.9999999999999982 115 5.0000000000000027 48 19 19 217 138 12.999999999999998 2.9999999999999982 12.999999999999998 35 2.9999999999999991 4 5 172 20 3.9999999999999991 4 29 4.9999999999999991 4 3 3
leaf_count=6 4 3 115 5 48 19 19 217 138 13 3 13 35 3 4 5 172 20 4 4 29 5 4 3 3
internal_value=0.0360877 8.16013 -0.998626 5.83112 4.48876 10.584 -0.621371 -1.25977 -2.37178 -5.29579 22.6332 0.129463 0.862526 1.62039 14.2209 16.16 -0.464913 -0.523127 -6.46884 25.2817 -6.30858 -1.46381 -1.55573 24.9558 -7.43046
internal_weight=894 101 793 87 75 24 729 394 157 64 14 335 150 51 12 8 185 237 49 10 42 15 10 7 7
internal_count=894 101 793 87 75 24 729 394 157 64 14 335 150 51 12 8 185 237 49 10 42 15 10 7 7
is_linear=0
shrinkage=0.05


Tree=18
num_leaves=26
num_cat=0
split_feature=3 2 4 1 3 0 3 8 4 9 3 0 3 4 4 2 0 2 0 6 6 5 2 0 0
split_gain=2.36408e+06 1.21553e+06 563877 470493 312201 390639 165192 129299 179611 72868.2 64137.6 132056 55022.1 43322.9 34956.5 12834.2 1839.63 172.797 220.016 73.7883 70.3097 1.70415 1.56593 0.924464 0.00252866
threshold=0.90503083712587162 1305.7150000000004 36662.500000000007 16896.300000000003 0.91259713798500341 39708.500000000007 0.77127824818308455 2.5000000000000004 39052.500000000007 1.0000000180025095e-35 0.92816110161410581 35663.30000000001 0.88541603609000574 45077.500000000007 43067.500000000007 4356.1450000000013 32689.050000000003 17607.195000000003 32650.700000000004 89.500000000000014 87.500000000000014 20.500000000000004 17694.505000000001 33024.05000000001 40298.000000000007
decision_type=2 2 2 2 2 2 2 2 2 2 2 2 2 2 2 2 2 2 2 2 2 2 2 2 2
left_child=3 20 10 17 5 -4 7 8 -5 12 11 -3 -8 -6 -9 -11 -12 18 19 -1 24 -19 -23 -20 -2
right_child=1 2 4 6 13 -7 9 14 -10 15 16 -13 -14 -15 -16 -17 -18 21 23 -21 -22 22 -24 -25 -26
leaf_value=-5.6676364421844454 23.717149353027352 23.985951614379889 13.862974819770223 -6.2998994456529616 1.4893886922643735 -4.0052121400833132 0.2926842547769315 -0.75823287975329623 -1.6939324367089548 -2.3123142507341172 11.598846181233721 11.138008880615232 2.3960838162236744 5.9764864007631937 1.4246531438827514 -0.79844083511640163 9.8478340148925767 -6.1291216532389257 -6.0783864593505852 -5.9584097544352215 24.007559712727858 -6.1104234695434538 -6.0801999409993499 -6.1134951273600251 23.719069671630855
leaf_weight=8.0000000000000018 2.9999999999999982 3.9999999999999982 13.000000000000002 25 52 3.9999999999999991 228 221 138 18 3 4 36 5.9999999999999991 20 63 3 3.0000000000000027 5 2.9999999999999991 3 6.0000000000000027 14.999999999999998 3 4
leaf_count=8 3 4 13 25 52 4 228 221 138 18 3 4 36 6 20 63 3 3 5 3 3 6 15 3 4
internal_value=-0.00794542 7.27668 5.41956 -0.918523 3.70007 9.6587 -0.626527 -1.31271 -2.40037 0.177008 14.6311 17.562 0.579511 1.95357 -0.577081 -1.13486 10.7233 -6.00469 -5.89204 -5.74694 23.805 -6.09387 -6.08884 -6.09155 23.7182
internal_weight=891 99 89 792 75 17 749 404 163 345 14 8 264 58 241 81 6 43 19 11 10 24 21 8 7
internal_count=891 99 89 792 75 17 749 404 163 345 14 8 264 58 241 81 6 43 19 11 10 24 21 8 7
is_linear=0
shrinkage=0.05


Tree=19
num_leaves=26
num_cat=0
split_feature=3 2 4 1 3 4 1 8 1 4 0 4 0 0 4 3 4 2 1 0 0 2 1 0 1
split_gain=2.43537e+06 1.03691e+06 428836 424691 311304 477800 126033 107826 107840 99256.7 68199.6 53201.8 53127 143771 41920.7 35241 31929.6 9056.43 2675.07 1560.65 135.476 117.7 78.5774 0.576421 0.194298
threshold=0.90256535388852899 1416.2350000000004 36662.500000000007 18766.640000000003 0.91259713798500341 44735.000000000007 31245.235000000004 2.5000000000000004 24576.455000000005 37740.000000000007 37444.500000000007 45602.500000000007 34081.200000000004 35663.30000000001 45077.500000000007 0.83170320217284444 33235.000000000007 5947.6450000000013 16896.300000000003 38707.600000000006 32689.050000000003 17607.195000000003 17814.685000000005 40298.000000000007 18533.385000000006
decision_type=2 2 2 2 2 2 2 2 2 2 2 2 2 2 2 2 2 2 2 2 2 2 2 2 2
left_child=3 10 12 9 5 -4 7 8 -5 20 -2 15 -3 -14 -6 -8 -9 -13 21 -12 22 -11 -1 -21 -20
right_child=1 2 4 6 14 -7 11 16 -10 18 19 17 13 -15 -16 -17 -18 -19 24 23 -22 -23 -24 -25 -26
leaf_value=-1.396014022827148 15.137078285217285 9.2930691528320306 -2.9397510568300866 -3.8380593237777556 1.2284065132670934 13.755053456624351 0.073636061722232457 0.63291380668387698 -1.1723216994608963 -5.592455016242134 23.914818827311208 -1.0367464598381158 22.786655521392831 10.068853149414061 5.6776619593302406 2.1275632279925047 -0.57049377711163352 0.35750300718678374 -6.7343218485514331 22.502605183919265 -1.1604415893554687 -5.7601366119384769 -1.6486879539489747 22.533600362141922 -6.7511548995971671
leaf_weight=8.0000000000000018 3.9999999999999991 4.9999999999999991 6.0000000000000027 48 45 14.999999999999998 31 68 181 18 2.9999999999999982 33 3.9999999999999982 5 5.9999999999999991 64 291 18 2.9999999999999991 3 3.9999999999999991 25 4.9999999999999991 3 4
leaf_count=8 4 5 6 48 45 15 31 68 181 18 3 33 4 5 6 64 291 18 3 3 4 25 5 3 4
internal_value=0.00970803 7.40797 5.41846 -0.904684 3.86155 8.98511 -0.556844 -0.883321 -1.73108 -4.71535 20.5693 0.758008 13.4254 15.7212 1.75185 1.45733 -0.34255 -0.544658 -5.8375 22.9837 -1.4149 -5.68994 -1.4932 22.5181 -6.74394
internal_weight=900 99 86 801 72 21 734 588 229 67 13 146 14 9 51 95 359 51 50 9 17 43 13 6 7
internal_count=900 99 86 801 72 21 734 588 229 67 13 146 14 9 51 95 359 51 50 9 17 43 13 6 7
is_linear=0
shrinkage=0.05


Tree=20
num_leaves=27
num_cat=0
split_feature=3 2 4 3 3 7 3 8 4 4 0 4 7 4 2 0 0 0 5 7 6 6 0 2 0 0
split_gain=2.14849e+06 971038 452567 384178 290829 356074 136685 136586 92137.6 83947.4 61547.4 52745.5 48105.8 47617.9 43535.6 39127 129753 1660.26 1409.01 173.907 315.609 32.7356 4.05987 0.518028 0.410972 0.106599
threshold=0.90256535388852899 1416.2350000000004 36662.500000000007 0.53456476313037216 0.91259713798500341 5.5000000000000009 0.67886807028385621 2.5000000000000004 39295.000000000007 39497.500000000007 37444.500000000007 43067.500000000007 1.0000000180025095e-35 42752.500000000007 5316.3150000000014 34081.200000000004 35663.30000000001 32689.050000000003 21.500000000000004 3.5000000000000004 91.500000000000014 82.500000000000014 29736.200000000001 1237.6400000000001 32773.650000000009 31202.600000000002
decision_type=2 2 2 2 2 2 2 2 2 2 2 2 2 2 2 2 2 2 2 2 2 2 2 2 2 2
left_child=3 10 15 19 5 -4 7 8 -5 14 -2 -9 -6 -11 -8 17 -17 -3 23 20 25 -21 -22 -12 -23 -1
right_child=1 2 4 6 12 -7 9 11 -10 13 18 -13 -14 -15 -16 16 -18 -19 -20 21 22 24 -24 -25 -26 -27
leaf_value=-5.0958820343017521 14.380225086212159 10.554250081380209 -2.7720209693908684 -6.0931630176046623 -1.6204215908050537 12.772161592755998 3.2891894912347199 -1.110164428651333 -2.2693125205039979 -1.192939865025203 21.406645711263028 2.2427783342508172 2.2059217898742012 -0.11291952507618147 0.51658887768664019 21.647322082519537 9.5654107666015609 8.8907889048258451 22.71907857259114 -5.3158568064371678 -5.5004159927368166 -5.4868429296156931 -5.5773616790771472 21.377262369791662 -5.5012378147670198 -5.1069339275360113
leaf_weight=3.0000000000000027 3.9999999999999991 2.9999999999999991 5.0000000000000009 23 9.9999999999999982 14 15.999999999999998 120 50 181 2.9999999999999982 12.999999999999998 46 234 123 3.9999999999999982 5 3 3 3.0000000000000027 3.9999999999999991 17.000000000000004 3 3 6.9999999999999991 7.9999999999999991
leaf_count=3 4 3 5 23 10 14 16 120 50 181 3 13 46 234 123 4 5 3 3 3 4 17 3 3 7 8
internal_value=-0.0324445 6.76699 4.92189 -0.902434 3.33624 8.68159 -0.636644 -1.73627 -3.47409 -0.227758 19.5408 -0.782433 1.52265 -0.583965 0.835737 12.8501 14.9351 9.72252 21.8343 -5.39132 -5.27094 -5.47158 -5.53339 21.392 -5.49104 -5.10392
internal_weight=908 103 90 805 75 19 760 206 73 554 13 133 56 415 139 15 9 6 9 45 18 27 7 6 24 11
internal_count=908 103 90 805 75 19 760 206 73 554 13 133 56 415 139 15 9 6 9 45 18 27 7 6 24 11
is_linear=0
shrinkage=0.05


Tree=21
num_leaves=20
num_cat=0
split_feature=2 3 1 4 4 4 3 4 4 4 4 0 0 0 1 0 0 2 0
split_gain=1.80028e+06 852237 322200 306260 223956 723337 111343 75955.6 74750 60603.3 47958.4 36709.1 18361.8 9526.12 1963.74 1498.39 1280.41 109.198 4.4262e-05
threshold=1416.2350000000004 0.88952589485976596 18766.640000000003 36662.500000000007 44735.000000000007 44810.000000000007 0.68207370931292388 46105.000000000007 30732.500000000004 37740.000000000007 42910.000000000007 37444.500000000007 35297.350000000013 36366.950000000004 16896.300000000003 32689.050000000003 39048.350000000013 13870.330000000002 40733.200000000004
decision_type=2 2 2 2 2 2 2 2 2 2 2 2 2 2 2 2 2 2 2
left_child=11 2 9 12 10 -6 7 -4 -8 17 -5 -1 15 -14 -11 -3 -13 -2 -18
right_child=1 3 6 4 5 -7 8 -9 -10 14 -12 16 13 -15 -16 -17 18 -19 -20
leaf_value=14.37162297566732 -1.5431345303853354 10.026537831624353 -1.2352256668754567 -0.054231263370048716 15.406756357046275 0.96186047540261199 3.1024903543293476 -3.9366340944843907 -0.36920808383306403 -5.1336827323550267 2.6908865451812747 21.60156758626303 15.140400187174476 11.155821990966794 -6.1006954193115241 8.4462493896484343 20.336318969726559 -1.1948091506958007 20.336590576171872
leaf_weight=2.9999999999999991 2.9999999999999991 2.9999999999999982 162 41 12.999999999999998 26 15.999999999999998 31 501 42 26 2.9999999999999982 3 3 5.9999999999999991 3 3 8.9999999999999982 3
leaf_count=3 3 3 162 41 13 26 16 31 501 42 26 3 3 3 6 3 3 9 3
internal_value=-0.0753289 -0.335286 -0.941659 3.62155 2.76449 5.77683 -0.644332 -1.66913 -0.261767 -4.46003 1.01104 19.1615 11.1923 13.1481 -5.25456 9.23639 20.7582 -1.28189 20.3365
internal_weight=900 888 770 118 106 39 710 193 517 60 67 12 12 6 48 6 9 12 6
internal_count=900 888 770 118 106 39 710 193 517 60 67 12 12 6 48 6 9 12 6
is_linear=0
shrinkage=0.05


Tree=22
num_leaves=20
num_cat=0
split_feature=2 3 4 1 4 4 8 1 3 4 1 3 1 3 1 1 5 2 1
split_gain=1.9459e+06 781058 399391 299964 188326 635089 94873.8 134115 91761.3 68329 52457.6 41348.5 16919.9 60502.1 4234.06 2070.18 1260.38 90.3349 1.85543
threshold=1416.2350000000004 0.89820911484001764 36662.500000000007 18766.640000000003 44735.000000000007 44810.000000000007 2.5000000000000004 24576.455000000005 0.83027314729092083 37740.000000000007 36105.070000000007 0.91625507702428666 32673.390000000003 0.92816110161410581 33231.590000000004 16896.300000000003 21.500000000000004 14399.300000000001 38353.130000000012
decision_type=2 2 2 2 2 2 2 2 2 2 2 2 2 2 2 2 2 2 2
left_child=10 3 12 9 11 -6 7 -5 -8 17 -1 -4 13 -3 -14 -11 18 -2 -12
right_child=1 2 4 6 5 -7 8 -9 -10 15 16 -13 14 -15 -16 -17 -18 -19 -20
leaf_value=12.942632389068605 -1.3564653158187867 19.222406005859384 -2.3622677946090698 -3.4987553452545743 13.69741657802037 0.074712818319147278 -0.39416240863003571 -0.72073000034788837 1.520170568478735 -4.8683005015055336 19.270218912760424 1.3211370937526228 8.9082412719726545 9.8292021751403791 11.564697519938148 -5.7970506395612453 20.503046162923173 -1.1188536405563354 19.319957275390621
leaf_weight=3.9999999999999991 7.9999999999999991 2.9999999999999982 9.9999999999999982 53 13.999999999999998 22 355 241 76 42 2.9999999999999982 32 3 4 3 6.9999999999999991 3 7.9999999999999991 5
leaf_count=4 8 3 10 53 14 22 355 241 76 42 3 32 3 4 3 7 3 8 5
internal_value=-0.0114074 -0.31545 4.07103 -0.820728 2.71873 5.37243 -0.529 -1.22153 -0.0566002 -4.07462 17.846 0.444136 12.1848 13.8549 10.2365 -5.00098 19.6291 -1.23766 19.3013
internal_weight=896 881 91 790 78 36 725 294 431 65 15 42 13 7 6 49 11 16 8
internal_count=896 881 91 790 78 36 725 294 431 65 15 42 13 7 6 49 11 16 8
is_linear=0
shrinkage=0.05


Tree=23
num_leaves=19
num_cat=0
split_feature=2 3 3 7 3 4 3 8 4 4 2 0 2 7 6 6 0 0
split_gain=1.55647e+06 656231 284256 205026 231609 278759 116788 120667 93206.2 66270 5577.37 4403.39 938.461 173.217 265.247 28.9866 5.35979 0.00284738
threshold=1416.2350000000004 0.89820911484001764 0.53456476313037216 1.0000000180025095e-35 0.91625507702428666 44735.000000000007 0.73152764059624931 2.5000000000000004 36662.500000000007 30732.500000000004 3731.6200000000003 37824.750000000007 3010.1600000000003 3.5000000000000004 91.500000000000014 82.500000000000014 39496.100000000013 40733.200000000004
decision_type=2 2 2 2 2 2 2 2 2 2 2 2 2 2 2 2 2 2
left_child=11 2 13 10 5 -5 7 -4 -6 -8 12 -1 -3 14 -2 -15 -13 -18
right_child=1 3 6 4 8 -7 9 -9 -10 -11 -12 16 -14 15 -16 -17 17 -19
leaf_value=16.170201873779298 -4.3486246629194767 -1.8962980815342498 -2.4861055458221983 2.2657400954853397 7.6764837026596071 12.605494379997253 3.1571931481361393 -0.4862078462426479 1.819430120256212 -0.12097072509066785 -4.0372805277506512 18.436703999837246 -0.83931382497151663 -4.5499647776285759 -4.7619082132975263 -4.7144461669921878 18.35594126383463 18.353762817382808
leaf_weight=2.9999999999999991 11.000000000000002 6.9999999999999982 123 11.000000000000002 7.9999999999999991 15.999999999999998 15.999999999999998 195 45 423 2.9999999999999991 2.9999999999999982 3 3.0000000000000027 5.9999999999999991 25 3 3
leaf_count=3 11 7 123 11 8 16 16 195 45 423 3 3 3 3 6 25 3 3
internal_value=-0.0586893 -0.298526 -0.759569 3.67735 4.62372 8.393 -0.530062 -1.25975 2.70351 -0.00149323 -2.14645 17.8292 -1.5792 -4.62039 -4.49449 -4.69682 18.3821 18.3549
internal_weight=907 895 802 93 80 27 757 318 53 439 13 12 10 45 17 28 9 6
internal_count=907 895 802 93 80 27 757 318 53 439 13 12 10 45 17 28 9 6
is_linear=0
shrinkage=0.05


Tree=24
num_leaves=26
num_cat=0
split_feature=3 3 8 3 1 4 5 3 8 4 4 1 4 7 6 4 3 0 1 0 7 0 1 0 6
split_gain=1.40451e+06 649919 262492 262037 254293 174758 112194 87684.1 77807.3 99781.1 60502.5 58624.8 53593.5 43943.7 33301.5 21857 4946.89 4391.89 2071.54 1699.41 145.955 83.4509 42.2569 14.9088 0.183281
threshold=0.90503083712587162 0.96356198017692163 2.5000000000000004 0.92412070868503149 18766.640000000003 36662.500000000007 20.500000000000004 0.75619799596781145 2.5000000000000004 39295.000000000007 36372.500000000007 32952.240000000013 37740.000000000007 4.5000000000000009 90.500000000000014 43067.500000000007 0.91121514076348353 37135.80000000001 16896.300000000003 38289.650000000001 3.5000000000000004 32689.050000000003 17814.685000000005 39496.100000000013 93.500000000000014
decision_type=2 2 2 2 2 2 2 2 2 2 2 2 2 2 2 2 2 2 2 2 2 2 2 2 2
left_child=4 2 13 6 12 -5 -4 8 9 -6 11 -9 21 16 -12 -10 -2 -15 20 -3 -14 22 -1 -21 -20
right_child=1 19 3 5 7 -7 -8 10 15 -11 14 -13 18 17 -16 -17 -18 -19 24 23 -22 -23 -24 -25 -26
leaf_value=-1.0995261192321779 -3.7394946416219059 15.988741302490235 6.0164428154627467 9.6212138891220107 -5.3194826502549022 1.2417577870190144 12.502782541910808 1.4911909490823745 -0.58931575270835312 -1.4197561761985222 0.23673276513879438 8.87298984527588 -4.2818237304687505 0.93481491088867164 -0.77378698984781913 1.1884683282751787 -1.4489271337335761 2.8238379597663883 -5.3903849283854166 17.296057637532549 -4.4670413677509018 -0.90691776275634772 -1.3032472610473631 17.437048645019527 -5.3729072570800769
leaf_weight=6.9999999999999982 3.0000000000000009 2.9999999999999991 12.000000000000002 7.9999999999999991 19 28 14.999999999999998 26.000000000000004 192 120 231 2.9999999999999991 18 5.0000000000000009 126 19 10.999999999999998 7.9999999999999991 2.9999999999999991 3 26 3.9999999999999991 4 5 3
leaf_count=7 3 3 12 8 19 28 15 26 192 120 231 3 18 5 126 19 11 8 3 3 26 4 4 5 3
internal_value=-0.0253304 5.53095 4.12873 5.89648 -0.725935 3.10386 9.61996 -0.461183 -1.03431 -1.95281 0.0584923 2.25483 -3.72374 0.00400355 -0.119921 -0.429231 -1.93976 2.09729 -4.51012 17.0036 -4.39127 -1.10249 -1.17361 17.3842 -5.38165
internal_weight=902 101 90 63 801 36 27 736 350 139 386 29 65 27 357 211 14 13 50 11 44 15 11 8 6
internal_count=902 101 90 63 801 36 27 736 350 139 386 29 65 27 357 211 14 13 50 11 44 15 11 8 6
is_linear=0
shrinkage=0.05


Tree=25
num_leaves=20
num_cat=0
split_feature=2 2 4 1 4 4 8 1 2 5 0 4 7 0 1 0 2 0 0
split_gain=1.39e+06 599972 240286 212043 209169 483031 86771.2 103741 74013.2 64361.1 53123.3 46704.1 37921.8 12421.8 2073.32 2033.61 104.911 9.56883 0.00407654
threshold=1416.2350000000004 3901.3450000000007 36662.500000000007 18766.640000000003 44735.000000000007 44810.000000000007 2.5000000000000004 24576.455000000005 7125.1800000000012 21.500000000000004 36366.950000000004 37740.000000000007 5.5000000000000009 33054.400000000009 16896.300000000003 37824.750000000007 13870.330000000002 39048.350000000013 40298.000000000007
decision_type=2 2 2 2 2 2 2 2 2 2 2 2 2 2 2 2 2 2 2
left_child=15 2 9 11 12 -6 7 -5 -8 10 -2 16 -4 -11 -13 -1 -3 -17 -19
right_child=1 3 4 6 5 -7 8 -9 -10 13 -12 14 -14 -15 -16 17 -18 18 -20
leaf_value=15.112865447998047 17.98056742350261 -1.2069491767883302 0.88104457210462828 -3.1751429109012381 12.665492248535157 0.78503377363085747 1.0722573008002907 -0.68737571060498981 -0.40763292000703877 8.1688658396402971 9.1787795066833482 -4.1793276957976513 -4.171109294891358 3.6188032786051423 -5.1138729095458988 16.671854654947921 -0.92129712104797368 16.56651713053385 16.56407890319824
leaf_weight=2.9999999999999991 2.9999999999999982 4.9999999999999991 52 51 13.999999999999998 22 116 235 311 3 4 39 3.9999999999999991 3 6.9999999999999991 2.9999999999999982 8.9999999999999982 3 4
leaf_count=3 3 5 52 51 14 22 116 235 311 3 4 39 4 3 7 3 9 3 4
internal_value=0.0247727 -0.215533 3.33083 -0.697251 2.43171 5.40521 -0.457023 -1.131 -0.00560185 9.69383 12.951 -3.55196 0.520176 5.89383 -4.32154 16.2546 -1.02332 16.5971 16.5651
internal_weight=891 878 105 773 92 36 713 286 427 13 7 60 56 6 46 13 14 10 7
internal_count=891 878 105 773 92 36 713 286 427 13 7 60 56 6 46 13 14 10 7
is_linear=0
shrinkage=0.05


Tree=26
num_leaves=19
num_cat=0
split_feature=3 3 1 7 4 4 8 1 3 4 0 0 3 0 1 0 0 0
split_gain=809910 475443 192122 161197 103435 154150 72094.2 69361.2 52392.9 36217.4 31431.3 4981.54 1618.18 3665.9 1572.09 564.304 63.4637 0.00176911
threshold=0.96356198017692163 0.88541603609000574 18766.640000000003 1.0000000180025095e-35 36662.500000000007 44735.000000000007 2.5000000000000004 21186.495000000003 0.83027314729092083 37740.000000000007 35297.350000000013 39048.350000000013 0.91121514076348353 41616.30000000001 16896.300000000003 42579.250000000007 31954.800000000003 40298.000000000007
decision_type=2 2 2 2 2 2 2 2 2 2 2 2 2 2 2 2 2 2
left_child=1 2 9 12 10 -6 7 -4 -8 16 -5 -2 13 -3 -11 -14 -1 -13
right_child=11 3 6 4 5 -7 8 -9 -10 14 -12 17 15 -15 -16 -17 -18 -19
leaf_value=-1.1270417213439943 13.241950988769535 -1.5642355283101395 -5.1697191238403324 5.4565823237101245 1.3166453823676478 5.3254162255086399 -0.25905673525288414 -0.92308517786264432 1.3142997709493485 -3.9876379551031658 10.824266891479491 15.738191223144526 -1.6095920721689863 -3.7048835595448804 -4.8570128758748377 -0.76972338358561176 -0.89707121054331462 15.736474100748694
leaf_weight=5.9999999999999982 2.9999999999999982 6.0000000000000018 9.9999999999999982 5.9999999999999982 65 38 361 250 62 39 5 3 5.9999999999999982 3 5.9999999999999991 3 6 3
leaf_count=6 3 6 10 6 65 38 361 250 62 39 5 3 6 3 6 3 6 3
internal_value=-0.0168154 -0.170831 -0.663927 2.5935 3.28779 2.79561 -0.431188 -1.08642 -0.0284466 -3.45271 7.89644 14.9055 -1.80371 -2.27778 -4.10355 -1.32964 -1.01206 15.7373
internal_weight=881 872 740 132 114 103 683 260 423 57 11 9 18 9 45 9 12 6
internal_count=881 872 740 132 114 103 683 260 423 57 11 9 18 9 45 9 12 6
is_linear=0
shrinkage=0.05


Tree=27
num_leaves=24
num_cat=0
split_feature=2 2 4 1 4 4 1 4 4 1 6 0 0 0 4 4 4 4 1 0 6 7 0
split_gain=883118 423139 373059 190695 156465 397819 74103.8 110185 71231.6 49183.3 45249.5 43609.9 40654.6 52115.8 39120.6 34625.3 33850.3 23950.9 1306.98 853.472 160.044 139.308 70.9946
threshold=3901.3450000000007 1416.2350000000004 36662.500000000007 18766.640000000003 44735.000000000007 44810.000000000007 25435.210000000003 46105.000000000007 39497.500000000007 31860.930000000004 91.500000000000014 34627.400000000009 34081.200000000004 36015.150000000009 46922.500000000007 37740.000000000007 36372.500000000007 30732.500000000004 16896.300000000003 39048.350000000013 94.500000000000014 3.5000000000000004 32689.050000000003
decision_type=2 2 2 2 2 2 2 2 2 2 2 2 2 2 2 2 2 2 2 2 2 2 2
left_child=1 10 12 15 11 -6 7 16 17 -10 19 -4 -3 -14 -9 20 -5 -8 21 -1 22 -17 -2
right_child=3 2 4 6 5 -7 8 14 9 -11 -12 -13 13 -15 -16 18 -18 -19 -20 -21 -22 -23 -24
leaf_value=16.015261332194015 -1.034711824144636 7.4980639648437508 -1.5535654645217094 -0.15349332719356165 11.190402984619141 0.40866961533373058 2.8937797546386719 -10.099827766418461 -0.6714017154342713 0.58168771257188834 8.1479620615641259 1.3556879067420962 17.281012320518492 9.2097811698913556 -3.7162093877792355 -3.647325470868279 -1.4760257741726868 0.79945984073183551 -4.6125299072265626 14.948507995605466 -1.3506897608439128 -3.8300423374882451 -0.77065343856811508
leaf_weight=2.9999999999999982 6.9999999999999982 4.9999999999999991 19 87 13.999999999999998 22 15.999999999999998 3.9999999999999982 292 107 3 40 4 4 6 17 109 93 4.9999999999999991 5 2.9999999999999991 27 4
leaf_count=3 7 5 19 87 14 22 16 4 292 107 3 40 4 4 6 17 109 93 5 5 3 27 4
internal_value=0.0313617 4.04245 3.09092 -0.58295 2.00385 4.60157 -0.350274 -1.15018 -0.0259025 -0.33536 13.3847 0.41881 11.0349 13.2454 -6.26966 -3.21994 -0.888983 1.10688 -3.8465 15.3485 -1.02698 -3.75945 -0.938691
internal_weight=896 119 108 777 95 36 714 206 508 399 11 59 13 8 10 63 196 109 49 8 14 44 11
internal_count=896 119 108 777 95 36 714 206 508 399 11 59 13 8 10 63 196 109 49 8 14 44 11
is_linear=0
shrinkage=0.05


Tree=28
num_leaves=20
num_cat=0
split_feature=2 3 4 3 4 3 8 3 3 0 0 4 0 5 0 7 6 6 0
split_gain=1.03738e+06 519565 338578 151069 124986 134735 78740.8 88892.2 60206.8 47793.4 163396 26793.5 4579.37 1443.34 1092.86 150.003 208.435 13.0739 0.346013
threshold=1416.2350000000004 0.88541603609000574 36662.500000000007 0.53456476313037216 42910.000000000007 0.91625507702428666 2.5000000000000004 0.62524290705928209 0.83170320217284444 34081.200000000004 35663.30000000001 39905.000000000007 37444.500000000007 21.500000000000004 32689.050000000003 3.5000000000000004 91.500000000000014 82.500000000000014 39996.450000000004
decision_type=2 2 2 2 2 2 2 2 2 2 2 2 2 2 2 2 2 2 2
left_child=12 3 9 15 11 -6 7 -5 -8 14 -11 -4 -1 18 -3 16 -2 -17 -14
right_child=1 2 4 6 5 -7 8 -9 -10 10 -12 -13 13 -15 -16 17 -18 -19 -20
leaf_value=12.357230885823569 -3.3237682766384555 7.1126900990804032 1.6904902418454488 -4.1957727995785801 5.2890967647234604 0.79217201971238671 -0.29204213691935815 -0.88060963755846022 1.4491074350057989 21.726581319173185 7.4351345698038731 -1.1187377555616971 14.178473917643235 15.50213724772135 5.7630848566691064 -3.7676575978596958 -3.7264050292968749 -3.6569473743438721 14.200937271118162
leaf_weight=2.9999999999999991 8.9999999999999982 2.9999999999999991 11.999999999999998 22 36 31 385 250 57 2.9999999999999982 6 29 2.9999999999999982 3 3 3.0000000000000027 4.9999999999999991 24 4
leaf_count=3 9 3 12 22 36 31 385 250 57 3 6 29 3 3 3 3 5 24 4
internal_value=0.0496412 -0.157958 2.85549 -0.64889 1.87785 3.20843 -0.479407 -1.14875 -0.0675047 9.89453 12.199 -0.296525 14.0706 14.5846 6.43789 -3.60038 -3.46757 -3.66925 14.1913
internal_weight=891 878 123 755 108 67 714 272 442 15 9 41 13 10 6 41 14 27 7
internal_count=891 878 123 755 108 67 714 272 442 15 9 41 13 10 6 41 14 27 7
is_linear=0
shrinkage=0.05


Tree=29
num_leaves=27
num_cat=0
split_feature=3 2 4 1 2 4 1 4 0 0 1 4 4 4 0 4 1 2 1 7 0 0 0 3 0 0
split_gain=812289 394833 205984 167261 150500 271335 49428.9 52531.5 49111 58295.2 48160.8 29416.2 26918.2 22154.8 21934.3 21329.3 13322.3 7826.91 1481.72 150.304 30.9818 19.0839 11.8008 10.9425 0.1832 0.00318386
threshold=0.89820911484001764 1416.2350000000004 36662.500000000007 18766.640000000003 2913.6550000000002 44735.000000000007 31287.910000000003 37740.000000000007 34081.200000000004 35663.30000000001 21618.745000000003 45602.500000000007 37740.000000000007 39905.000000000007 37824.750000000007 44395.000000000007 25894.735000000004 6129.0900000000011 16896.300000000003 3.5000000000000004 32359.650000000005 39496.100000000013 31027.050000000003 0.55290003279252498 31616.550000000003 40733.200000000004
decision_type=2 2 2 2 2 2 2 2 2 2 2 2 2 2 2 2 2 2 2 2 2 2 2 2 2 2
left_child=3 14 8 12 13 -6 7 16 -3 -10 -9 15 20 -4 -2 -8 -5 -13 19 -14 22 -16 -1 -22 -20 -23
right_child=1 2 4 6 5 -7 11 10 9 -11 -12 17 18 -15 21 -17 -18 -19 24 -21 23 25 -24 -25 -26 -27
leaf_value=-0.88122719128926619 9.0944349765777588 4.1730386257171634 1.5065530163901193 -0.12073821020140141 -0.10642591147195726 7.6759763836860664 0.56612194446903297 -3.0098802934090298 15.330633211135869 7.2323549652099608 -0.70319631622370449 -0.99375513513882963 -3.2699043273925783 -0.92949066673006342 13.647325642903651 2.2810148229598997 0.80849762265880898 0.47506011816171506 -4.1819186210632324 -3.4608027491076245 -0.85819136301676413 13.494027201334632 -1.0214698155721027 -0.72314510345458971 -4.1655733744303376 13.491723632812498
leaf_weight=2.9999999999999982 3.9999999999999991 3.9999999999999991 13.999999999999998 108 21 24 66 24 3.9999999999999982 5 396 30 15.999999999999998 28 2.9999999999999982 25 60 12.999999999999998 3.9999999999999991 29 3 3 3 3 3 3
leaf_count=3 4 4 14 108 21 24 66 24 4 5 396 30 16 28 3 25 60 13 4 29 3 3 3 3 3 3
internal_value=0.0140929 3.97795 2.91231 -0.555774 2.03511 4.04419 -0.338615 -0.53611 8.7828 10.8316 -0.835007 0.528004 -3.0056 -0.117476 12.1752 1.03725 0.211132 -0.549695 -3.4982 -3.39293 -0.871008 13.5444 -0.951349 -0.790668 -4.17491 13.4929
internal_weight=899 113 100 786 87 45 722 588 13 9 420 134 64 42 13 91 168 43 52 45 12 9 6 6 7 6
internal_count=899 113 100 786 87 45 722 588 13 9 420 134 64 42 13 91 168 43 52 45 12 9 6 6 7 6
is_linear=0
shrinkage=0.05


Tree=30
num_leaves=30
num_cat=0
split_feature=3 8 3 4 4 3 8 4 4 4 1 7 4 3 4 4 4 4 1 4 5 3 0 0 0 0 0 6 0
split_gain=958227 274470 179983 131636 160322 126453 107480 67368.1 77900.2 49671.8 50783.8 40001 38902 32782.5 22840.7 22122.4 20091.8 19387.8 9112.14 7186.66 6293.21 4953.21 4105.93 10195.2 2576.59 748.44 562.968 119.355 9.4805
threshold=0.89820911484001764 2.5000000000000004 0.96356198017692163 36662.500000000007 44735.000000000007 0.67886807028385621 2.5000000000000004 39295.000000000007 46105.000000000007 39497.500000000007 29161.485000000004 4.5000000000000009 43067.500000000007 0.9314720871953861 44860.000000000007 30732.500000000004 39052.500000000007 39497.500000000007 16896.300000000003 42277.500000000007 22.500000000000004 0.91121514076348353 38188.150000000009 38707.600000000006 33985.05000000001 38289.650000000001 36569.000000000007 82.500000000000014 40298.000000000007
decision_type=2 2 2 2 2 2 2 2 2 2 2 2 2 2 2 2 2 2 2 2 2 2 2 2 2 2 2 2 2
left_child=5 11 3 13 -5 6 7 18 -9 15 19 21 17 -3 -12 24 -17 -8 -1 -11 -14 -2 26 -24 -7 -4 -13 -23 -27
right_child=1 2 25 4 -6 9 12 8 -10 10 14 22 20 -15 -16 16 -18 -19 -20 -21 -22 27 23 -25 -26 28 -28 -29 -30
leaf_value=-3.2246061960856118 -3.3859987869858728 11.746855878829958 11.822643661499027 -0.020645116642117503 6.0210362793718071 1.8289820088339703 -0.33386753073371039 1.098859604483559 -2.8717210857073465 -1.4952366350060804 0.43766650401055812 0.72393786907196034 3.0556452989578253 6.5858663940429683 -0.57656815244871029 0.24145761239257726 2.0022204850849352 -1.7690891872752799 -4.47942184779955 -0.80317237620938176 0.62667655944824208 -0.98176320393880179 5.1190903345743806 0.9969503720601397 3.1425258636474611 12.699381510416664 1.6925861358642575 -1.380686912536621 12.816964340209958
leaf_weight=39 4.0000000000000009 7.9999999999999982 2.9999999999999982 15.999999999999998 35 6.9999999999999991 82 21 30 59 160 3 7.9999999999999982 5 85 110 19 33 23 103 4 3 3 3 7.9999999999999991 3 3 5 4
leaf_count=39 4 8 3 16 35 7 82 21 30 59 160 3 8 5 85 110 19 33 23 103 4 3 3 3 8 3 3 5 4
internal_value=0.0745783 4.73826 6.24519 5.27047 4.12561 -0.503222 -1.46111 -2.58285 -1.23678 -0.0859923 -0.368372 0.091874 -0.463033 9.76186 0.0857892 0.712122 0.500795 -0.745714 -3.6901 -1.05522 2.24599 -1.94939 2.13314 3.05802 2.52954 12.4834 1.20826 -1.23109 12.7666
internal_weight=889 98 74 64 51 791 240 113 51 551 407 24 127 13 245 144 129 115 62 162 12 12 12 6 15 10 6 8 7
internal_count=889 98 74 64 51 791 240 113 51 551 407 24 127 13 245 144 129 115 62 162 12 12 12 6 15 10 6 8 7
is_linear=0
shrinkage=0.05


Tree=31
num_leaves=27
num_cat=0
split_feature=3 2 7 3 1 8 7 6 7 2 3 2 1 0 8 2 0 2 6 7 6 7 0 2 0 3
split_gain=885347 347897 147127 142196 122081 70376.4 70256.8 64462.8 49603.7 28496.1 26022.6 25893.5 45534.2 21392.2 11874.3 3366.01 1580.68 387.619 93.4984 198.917 27.649 7.08469 3.66403 0.552952 0.0792291 0.000791616
threshold=0.89820911484001764 1416.2350000000004 1.0000000180025095e-35 0.92412070868503149 16896.300000000003 2.5000000000000004 5.5000000000000009 90.500000000000014 1.0000000180025095e-35 7488.3550000000005 0.88541603609000574 11750.400000000001 23287.545000000002 37444.500000000007 3.5000000000000004 3464.1700000000005 38707.600000000006 2913.6550000000002 91.500000000000014 3.5000000000000004 82.500000000000014 3.5000000000000004 29736.200000000001 1237.6400000000001 31202.600000000002 0.42400911500312405
decision_type=2 2 2 2 2 2 2 2 2 2 2 2 2 2 2 2 2 2 2 2 2 2 2 2 2 2
left_child=4 13 15 5 18 -4 -5 8 9 -6 -10 14 -13 -2 -9 17 -15 -3 19 24 -21 22 -20 -18 -1 -23
right_child=1 2 3 6 7 -7 -8 11 10 -11 -12 12 -14 16 -16 -17 23 -19 21 20 -22 25 -24 -25 -26 -27
leaf_value=-2.8278379440307595 8.2661411643028266 -1.400254074732463 2.2840025568008424 3.284346965862357 2.5270189251464146 7.0720764998233676 -1.4351264198621116 -0.83361765074509175 -0.32444532409556642 0.47173605747520925 1.3755286435286205 -1.0770970485427165 -3.9141696294148769 13.514801025390625 0.11889786851115343 -3.0187535285949707 12.179176788330077 -0.80416934013366692 -3.171349096298218 -2.9742001851399706 -3.1404801559448243 -3.13593978881836 -3.2444474538167309 12.152024078369138 -2.8375498090471538 -3.1349450429280594
leaf_weight=3.0000000000000018 3.9999999999999991 5.9999999999999982 9.9999999999999982 23 26 33 11.999999999999998 162 363 48 24 66 18 2.9999999999999991 41 2.9999999999999991 5 5 3.9999999999999991 3.0000000000000027 14.999999999999998 5.9999999999999982 3 3 7 3
leaf_count=3 4 6 10 23 26 33 12 162 363 48 24 66 18 3 41 3 5 5 4 3 15 6 3 3 7 3
internal_value=0.0677131 4.33663 3.18542 4.03253 -0.509022 5.95857 1.66624 -0.358462 0.00777626 1.19386 -0.219021 -0.946741 -1.68504 11.3974 -0.641238 -1.53419 12.536 -1.12931 -3.06853 -3.01343 -3.11277 -3.16495 -3.20268 12.169 -2.83464 -3.13561
internal_weight=899 107 92 78 792 43 35 748 461 74 387 287 84 15 203 14 11 11 44 28 18 16 7 8 10 9
internal_count=899 107 92 78 792 43 35 748 461 74 387 287 84 15 203 14 11 11 44 28 18 16 7 8 10 9
is_linear=0
shrinkage=0.05


Tree=32
num_leaves=27
num_cat=0
split_feature=3 2 1 8 3 4 7 1 4 4 1 4 1 7 1 4 0 0 0 0 1 0 7 7 2 3
split_gain=680775 297318 116664 91859.7 125539 86621.5 73492.9 51218.8 62766.8 41820.1 59079 34464.6 29193.1 25108.1 23206.5 21674.6 19124 3278.99 2081.31 1374.94 1259.58 92.898 94.3183 83.167 0.488476 0.236996
threshold=0.90503083712587162 1416.2350000000004 18766.640000000003 2.5000000000000004 0.92412070868503149 44735.000000000007 5.5000000000000009 26784.505000000001 39497.500000000007 46105.000000000007 24437.080000000005 43067.500000000007 32952.240000000013 4.5000000000000009 31287.910000000003 37740.000000000007 37444.500000000007 38707.600000000006 34409.950000000004 38707.600000000006 16896.300000000003 32689.050000000003 4.5000000000000009 3.5000000000000004 1237.6400000000001 0.60984717156009471
decision_type=2 2 2 2 2 2 2 2 2 2 2 2 2 2 2 2 2 2 2 2 2 2 2 2 2 2
left_child=2 16 15 13 5 -5 -6 9 12 11 -11 -4 -9 18 -10 21 -2 -15 -3 -18 23 22 -1 -17 -21 -22
right_child=1 3 7 4 6 -7 -8 8 14 10 -12 -13 -14 17 -16 20 19 -19 -20 24 25 -23 -24 -25 -26 -27
leaf_value=-1.1030036211013796 7.8528340080752974 -1.1048648101942879 -0.71330907007977939 2.5852292007870137 3.6878006596314279 8.6515279657700486 -1.447670862891457 1.1778328209331161 -0.50683544339502562 -8.2367981910705499 -1.653028818835383 1.5484630319807264 6.2065362930297852 2.2609628215432167 0.31236122985121234 -2.8252463936805725 12.83906122843425 0.75196353594462062 -2.6789525349934888 11.57111301422119 -3.679468790690104 -0.627941381931305 -0.79864514214651916 -2.9701314339270959 11.544422912597653 -3.6993432362874339
leaf_weight=3.9999999999999982 3.9999999999999991 7 262 9.0000000000000018 19 17 11.000000000000002 76 221 4.0000000000000027 23 18 2.9999999999999991 8.9999999999999982 142 15.999999999999998 2.9999999999999982 6.0000000000000009 3 4 2.9999999999999991 3.9999999999999991 7 26 3 3
leaf_count=4 4 7 262 9 19 17 11 76 221 4 23 18 3 9 142 16 3 6 3 4 3 4 7 26 3 3
internal_value=0.0417228 4.04655 -0.426823 2.88366 4.00869 6.55166 1.80479 -0.253007 0.0915827 -0.749125 -2.6284 -0.567909 1.3688 0.363581 -0.186378 -2.4933 10.7747 1.65736 -1.57709 11.9435 -3.01175 -0.834286 -0.909321 -2.91494 11.5597 -3.68941
internal_weight=907 95 812 81 56 26 30 749 442 307 27 280 79 25 363 63 14 15 10 10 48 15 11 42 7 6
internal_count=907 95 812 81 56 26 30 749 442 307 27 280 79 25 363 63 14 15 10 10 48 15 11 42 7 6
is_linear=0
shrinkage=0.05


Tree=33
num_leaves=25
num_cat=0
split_feature=3 2 1 8 2 4 6 1 8 7 4 7 7 1 4 1 1 1 6 2 7 7 1 1
split_gain=640324 248809 102229 94941 132879 114940 59450.7 42768.4 91469.7 41078.4 35687.6 53632.7 25481 14387.4 8727.55 6531.88 3876.69 3644.37 69.7806 63.1077 107.081 5.95739 2.46712 0.0284478
threshold=0.90503083712587162 1416.2350000000004 16896.300000000003 2.5000000000000004 1887.8050000000001 44735.000000000007 91.500000000000014 22757.395000000004 2.5000000000000004 2.5000000000000004 46105.000000000007 4.5000000000000009 4.5000000000000009 36501.160000000011 32370.000000000004 37855.735000000008 36214.270000000011 34265.260000000009 81.500000000000014 17607.195000000003 3.5000000000000004 3.5000000000000004 37855.735000000008 38855.825000000004
decision_type=2 2 2 2 2 2 2 2 2 2 2 2 2 2 2 2 2 2 2 2 2 2 2 2
left_child=2 13 18 12 16 -6 7 8 -4 -9 14 -12 15 -2 -8 -3 -5 -14 -1 20 -20 -21 -15 -24
right_child=1 3 6 4 5 -7 10 9 -10 -11 11 -13 17 22 -16 -17 -18 -19 19 21 -22 -23 23 -25
leaf_value=-2.5525030771891277 7.4601928830146793 -0.9055132644517081 -4.5118060350418094 -2.2897331237792975 3.1086937690603325 8.1951933489905464 0.25919138461351399 0.63486741564861715 -0.1576179197324174 -0.31596639972116991 -1.6496823559914315 -7.2715115356445317 0.41412924766540515 11.046229553222659 -0.8375469627174047 -3.6940697987874338 -0.33846116065979004 2.0673927021026612 -2.5946319580078132 -2.8992400741577131 -2.8533315181732171 -2.8385119211106074 10.995715586344398 10.989274597167967
leaf_weight=2.9999999999999991 3.9999999999999991 7 15.999999999999998 3.9999999999999982 29 18 20 219 49 236 28 4.9999999999999991 5.0000000000000009 2.9999999999999982 195 3 7 9.9999999999999982 7.9999999999999973 5.0000000000000027 8 21 3 4
leaf_count=3 4 7 16 4 29 18 20 219 49 236 28 5 5 3 195 3 7 10 8 5 8 21 3 4
internal_value=-0.0110901 3.82871 -0.469221 2.78869 3.89892 5.05671 -0.333504 -0.0297005 -1.22942 0.141688 -0.97051 -2.50147 0.212951 9.99455 -0.735525 -1.74208 -1.04801 1.5163 -2.78547 -2.80211 -2.72398 -2.85019 11.0083 10.992
internal_weight=910 97 813 83 58 47 768 520 65 455 248 33 25 14 215 10 11 15 45 42 16 26 10 7
internal_count=910 97 813 83 58 47 768 520 65 455 248 33 25 14 215 10 11 15 45 42 16 26 10 7
is_linear=0
shrinkage=0.05


Tree=34
num_leaves=20
num_cat=0
split_feature=2 3 4 4 2 1 8 1 1 2 4 7 1 1 6 1 1 4 2
split_gain=528665 250937 108251 112788 95059 88486.3 40561.1 38531.6 27324.5 27017.3 19093.6 13634.2 10106.8 12493.5 6938.98 1466.24 1412.09 53.8093 0.483439
threshold=1416.2350000000004 0.88541603609000574 36662.500000000007 42910.000000000007 2913.6550000000002 18766.640000000003 2.5000000000000004 24437.080000000005 36105.070000000007 7125.1800000000012 37740.000000000007 5.5000000000000009 31939.115000000005 33017.585000000014 93.500000000000014 17328.220000000005 37439.675000000003 34325.000000000007 1237.6400000000001
decision_type=2 2 2 2 2 2 2 2 2 2 2 2 2 2 2 2 2 2 2
left_child=8 5 12 11 -5 10 7 -7 -1 -8 17 -4 14 -14 -3 -12 -10 -2 -18
right_child=1 2 3 4 -6 6 9 -9 16 -11 15 -13 13 -15 -16 -17 18 -19 -20
leaf_value=5.3961042563120527 -0.80634784698486328 8.8961601018905654 -0.24588888673221365 -0.060990768129175359 3.9212808416244833 -2.1706916126337918 0.68050573034451745 -0.55458880161474411 11.704564158121746 -0.25818775074216743 -2.6378760251131927 -2.6690802591187612 2.4546930948893224 7.0178699493408194 5.7150682449340806 -3.4710886637369791 10.442069854736326 -0.59459080696105959 10.416681162516273
leaf_weight=2.9999999999999991 11.999999999999998 3.9999999999999982 34 22 47 44 101 228 2.9999999999999991 318 44 6.9999999999999991 3 3 3 5.9999999999999991 5 3.9999999999999991 3
leaf_count=3 12 4 34 22 47 44 101 228 3 318 44 7 3 3 3 6 5 4 3
internal_value=-0.0139288 -0.16729 1.92733 1.41741 2.65157 -0.507631 -0.340563 -0.816017 9.62589 -0.0319156 -2.25678 -0.659604 6.24212 4.73628 7.53284 -2.73786 10.7795 -0.753409 10.4325
internal_weight=894 880 123 110 69 757 691 272 14 419 66 41 13 6 7 50 11 16 8
internal_count=894 880 123 110 69 757 691 272 14 419 66 41 13 6 7 50 11 16 8
is_linear=0
shrinkage=0.05


end of trees

feature_importances:
total_load=175
thermal_on_capacity=147
thermal_space_load_ratio=114
net_load=96
renewable_power=76
weekday=68
period=52
month=43
hour=29
is_weekend=1

parameters:
[boosting: gbdt]
[objective: regression]
[metric: rmse]
[tree_learner: serial]
[device_type: cpu]
[data_sample_strategy: bagging]
[data: ]
[valid: ]
[num_iterations: 400]
[learning_rate: 0.05]
[num_leaves: 31]
[num_threads: 0]
[seed: 42]
[deterministic: 0]
[force_col_wise: 0]
[force_row_wise: 0]
[histogram_pool_size: -1]
[max_depth: 5]
[min_data_in_leaf: 3]
[min_sum_hessian_in_leaf: 0.001]
[bagging_fraction: 0.85]
[pos_bagging_fraction: 1]
[neg_bagging_fraction: 1]
[bagging_freq: 1]
[bagging_seed: 400]
[bagging_by_query: 0]
[feature_fraction: 0.85]
[feature_fraction_bynode: 1]
[feature_fraction_seed: 30056]
[extra_trees: 0]
[extra_seed: 12879]
[early_stopping_round: 0]
[early_stopping_min_delta: 0]
[first_metric_only: 0]
[max_delta_step: 0]
[lambda_l1: 0]
[lambda_l2: 0]
[linear_lambda: 0]
[min_gain_to_split: 0]
[drop_rate: 0.1]
[max_drop: 50]
[skip_drop: 0.5]
[xgboost_dart_mode: 0]
[uniform_drop: 0]
[drop_seed: 17869]
[top_rate: 0.2]
[other_rate: 0.1]
[min_data_per_group: 100]
[max_cat_threshold: 32]
[cat_l2: 10]
[cat_smooth: 10]
[max_cat_to_onehot: 4]
[top_k: 20]
[monotone_constraints: ]
[monotone_constraints_method: basic]
[monotone_penalty: 0]
[feature_contri: ]
[forcedsplits_filename: ]
[refit_decay_rate: 0.9]
[cegb_tradeoff: 1]
[cegb_penalty_split: 0]
[cegb_penalty_feature_lazy: ]
[cegb_penalty_feature_coupled: ]
[path_smooth: 0]
[interaction_constraints: ]
[verbosity: -1]
[saved_feature_importance_type: 0]
[use_quantized_grad: 0]
[num_grad_quant_bins: 4]
[quant_train_renew_leaf: 0]
[stochastic_rounding: 1]
[linear_tree: 0]
[max_bin: 255]
[max_bin_by_feature: ]
[min_data_in_bin: 3]
[bin_construct_sample_cnt: 200000]
[data_random_seed: 175]
[is_enable_sparse: 1]
[enable_bundle: 1]
[use_missing: 1]
[zero_as_missing: 0]
[feature_pre_filter: 1]
[pre_partition: 0]
[two_round: 0]
[header: 0]
[label_column: ]
[weight_column: ]
[group_column: ]
[ignore_column: ]
[categorical_feature: ]
[forcedbins_filename: ]
[precise_float_parser: 0]
[parser_config_file: ]
[objective_seed: 16083]
[num_class: 1]
[is_unbalance: 0]
[scale_pos_weight: 1]
[sigmoid: 1]
[boost_from_average: 1]
[reg_sqrt: 0]
[alpha: 0.9]
[fair_c: 1]
[poisson_max_delta_step: 0.7]
[tweedie_variance_power: 1.5]
[lambdarank_truncation_level: 30]
[lambdarank_norm: 1]
[label_gain: ]
[lambdarank_position_bias_regularization: 0]
[eval_at: ]
[multi_error_top_k: 1]
[auc_mu_weights: ]
[num_machines: 1]
[local_listen_port: 12400]
[time_out: 120]
[machine_list_filename: ]
[machines: ]
[gpu_platform_id: -1]
[gpu_device_id: -1]
[gpu_use_dp: 0]
[num_gpu: 1]

end of parameters

pandas_categorical:[]
