tree
version=v4
num_class=1
num_tree_per_iteration=1
label_index=0
max_feature_idx=10
objective=regression
feature_names=total_load net_load renewable_power thermal_space_load_ratio thermal_on_capacity hour period weekday month is_weekend is_holiday
feature_infos=[26780.099999999999:38271.199999999997] [9620.2999999999993:35657.659999999996] [1615.1700000000001:19128.880000000001] [0.33550603334030826:0.95508263646906033] [27170:48080] [0:5] [1:24] [0:6] [2:4] [0:1] none
tree_sizes=2604 2693 2679 2837 2610 2806 2603 2663

Tree=0
num_leaves=30
num_cat=0
split_feature=8 2 0 4 4 4 2 1 4 7 4 7 2 4 1 4 2 4 1 2 6 1 0 0 2 2 1 1 0
split_gain=9.3325e+06 5.19304e+06 4.49798e+06 3.67611e+06 4.67246e+06 1.88234e+06 963840 794059 571573 769780 429057 423854 507687 274839 181723 133446 128921 103232 87676.7 76486.5 56953.1 53206.6 20456.4 8779.17 8189.37 7074.47 2919.1 1515.15 1171.65
threshold=2.5000000000000004 2931.3000000000006 31315.800000000007 44395.000000000007 44810.000000000007 44735.000000000007 5771.8300000000008 24211.480000000007 36662.500000000007 1.5000000000000002 42520.000000000007 1.5000000000000002 6713.295000000001 46105.000000000007 31124.460000000006 37010.000000000007 7937.1550000000016 39715.000000000007 18170.040000000005 4592.4700000000012 1.5000000000000002 24729.760000000006 35404.900000000009 35404.900000000009 7768.9650000000011 7937.1550000000016 29123.880000000008 33587.555 31133.950000000004
decision_type=2 2 2 2 2 2 2 2 2 2 2 2 2 2 2 2 2 2 2 2 2 2 2 2 2 2 2 2 2
left_child=2 3 11 17 5 -5 8 10 9 -3 -4 12 19 -12 16 18 -9 26 -8 -1 -16 -17 -10 -19 -13 -14 -2 -6 -26
right_child=1 6 7 4 27 -7 15 14 22 -11 13 24 25 -15 20 21 -18 23 -20 -21 -22 -23 -24 -25 28 -27 -28 -29 -30
leaf_value=246.8297079352175 265.07970768090433 275.41161239194645 246.8297079352175 280.39812898784908 262.47137441114927 302.37470793521749 258.68423994227339 260.36821108940222 261.56321834067677 264.5651130400866 257.47364106230287 249.49637447472759 260.62970768726217 251.74177674288518 271.36720772660124 258.54622330333007 257.8937320736681 262.11654982966843 261.63083266013854 251.271402332614 262.92970770369072 259.99359259639266 262.75728527263459 263.65748538450742 246.8297079352175 258.41663076418524 266.70485071388657 263.30470757282126 247.8297079352175
leaf_weight=21 2.9999999999999991 21 14.999999999999998 19 12.000000000000002 20 31 147 94 74 75 2.9999999999999991 5.0000000000000027 29 4 128 82 19 136 18 4 126 58 18 124 12.999999999999998 35 9.9999999999999982 2.9999999999999991
leaf_count=21 3 21 15 19 12 20 31 147 94 74 75 3 5 29 4 128 82 19 136 18 4 126 58 18 124 13 35 10 3
internal_value=259.834 263.254 254.769 272.16 281.275 291.668 261.441 258.068 263.92 266.963 254.735 248.491 252.086 255.875 259.741 259.986 259.482 264.746 261.084 248.88 267.148 259.264 262.019 262.866 246.914 259.031 266.577 262.85 246.853
internal_weight=1347 804 543 136 61 39 668 356 247 95 119 187 57 104 237 421 229 75 167 39 8 254 152 37 130 18 38 22 127
internal_count=1347 804 543 136 61 39 668 356 247 95 119 187 57 104 237 421 229 75 167 39 8 254 152 37 130 18 38 22 127
is_linear=0
shrinkage=1


Tree=1
num_leaves=30
num_cat=0
split_feature=8 3 0 7 1 2 2 3 0 8 7 7 2 1 0 1 8 0 3 2 1 2 0 0 1 3 2 1 0
split_gain=8.42491e+06 5.16089e+06 3.99853e+06 2.20152e+06 6.18035e+06 1.01045e+06 739567 681184 637007 504292 430022 400153 404368 187240 161189 142172 126633 98889.5 96004.3 90741.4 55602.3 48850.2 48415 17764.9 15343.9 7651.25 6700.12 1296.4 1059.06
threshold=2.5000000000000004 0.91745077520649243 31315.800000000007 5.5000000000000009 33198.535000000011 6153.4950000000008 2687.0100000000007 0.75812834239813653 35559.80000000001 3.5000000000000004 1.5000000000000002 1.5000000000000002 6713.295000000001 23259.84 37549.750000000007 20052.405000000002 3.5000000000000004 34699.850000000006 0.57137568970002184 4437.5100000000011 23495.985000000001 4658.8600000000015 34719.250000000007 35412.900000000009 25554.430000000004 0.74358431235040168 7937.1550000000016 33587.555 31133.950000000004
decision_type=2 2 2 2 2 2 2 2 2 2 2 2 2 2 2 2 2 2 2 2 2 2 2 2 2 2 2 2 2
left_child=2 5 11 6 22 9 17 13 -8 23 -11 12 19 15 21 -4 20 -3 -18 -1 -7 -9 -5 -2 -15 28 -14 -6 -13
right_child=1 3 7 4 27 16 8 14 -10 10 -12 25 26 24 -16 -17 18 -19 -20 -21 -22 -23 -24 -25 -26 -27 -28 -29 -30
leaf_value=-12.341485595703126 1.5834517209670125 6.9530043385245577 -1.9125950854757559 38.881265258789057 2.4889312744140621 -1.7142516107786272 11.800257682800291 2.6521686673164369 34.617593383789064 11.429158046841621 4.6289229336906885 -12.342596702575683 0.76851462364196721 -2.6608405861361275 12.272264953454336 -6.4775472128933131 -0.9169116175174713 3.0150262985229492 1.7523015728303748 -7.7365013371343201 -0.11319991511024925 0.20406904284600857 44.147931925455737 2.7431703161310268 -1.3971256488707009 -9.7637076059977232 -1.4099981983502707 3.2597645187377928 -11.391485595703125
leaf_weight=20 85 44 23 16.000000000000004 12.000000000000002 84 13.000000000000002 24 3.9999999999999991 32 85 120 5.0000000000000027 58 2.9999999999999991 66 45 25 134 23 153 135 5.9999999999999991 54 41 2.9999999999999991 11.999999999999998 9.9999999999999982 2.9999999999999991
leaf_count=20 85 44 23 16 12 84 13 24 4 32 85 120 5 58 3 66 45 25 134 23 153 135 6 54 41 3 12 10 3
internal_value=0.119026 3.36257 -4.73419 12.4818 21.5785 1.59843 7.82769 -1.586 17.169 4.06998 6.48882 -10.6582 -7.29744 -3.63361 0.790236 -5.29784 0.0774776 5.5262 1.08127 -9.87835 -0.680661 0.573594 40.3176 2.03399 -2.13748 -12.2585 -0.769259 2.83931 -12.3194
internal_weight=1338 802 536 130 44 672 86 350 17 256 117 186 60 188 162 89 416 69 179 43 237 159 22 139 99 126 17 22 123
internal_count=1338 802 536 130 44 672 86 350 17 256 117 186 60 188 162 89 416 69 179 43 237 159 22 139 99 126 17 22 123
is_linear=0
shrinkage=0.05


Tree=2
num_leaves=29
num_cat=0
split_feature=3 0 4 4 4 2 0 8 4 7 1 0 4 4 0 1 1 1 1 0 1 0 1 3 2 0 1 0
split_gain=7.9098e+06 5.52333e+06 3.19957e+06 3.51884e+06 1.88e+06 1.78645e+06 896847 817807 730965 789426 677895 227410 125923 86869.4 44067.3 36210.1 34813.1 48188.9 44823 8054.65 995.952 354.519 209.862 175.208 125.342 62.6997 2.28957 9.31323e-10
threshold=0.91745077520649243 29601.600000000002 44395.000000000007 44810.000000000007 44735.000000000007 6595.9700000000012 35172.30000000001 2.5000000000000004 36662.500000000007 1.5000000000000002 23101.870000000006 31315.800000000007 37010.000000000007 39715.000000000007 33558.450000000004 31344.775000000005 21211.630000000005 25395.530000000006 22460.235000000004 35203.950000000004 33774.775000000001 32539.000000000004 30067.73 0.92966588969983455 2332.7300000000005 35889.600000000013 18755.335000000003 28689.100000000002
decision_type=2 2 2 2 2 2 2 2 2 2 2 2 2 2 2 2 2 2 2 2 2 2 2 2 2 2 2 2
left_child=1 16 13 4 6 8 -4 10 9 -3 -7 -10 -9 21 -6 -15 26 18 -18 -17 25 22 -2 -22 -23 -5 27 -1
right_child=2 5 3 20 14 7 -8 12 11 -11 -12 -13 -14 15 -16 19 17 -19 -20 -21 23 24 -24 -25 -26 -27 -28 -29
leaf_value=-11.724355316162111 6.0310502272385786 15.70073905520969 10.858322550455727 2.3394847869873039 35.857200927734361 -6.0693724122360679 33.731024169921874 1.1440838548521333 -7.5611255918230329 4.2807153179771023 -1.3044900308840159 1.5653525335401515 -0.72750800019046213 -2.9079096794128421 40.351367696126303 1.758185230601917 -10.107733726501461 -11.724411010742188 -4.8910307747977129 3.4426530075073245 2.8384430567423493 6.5321071624755866 5.5671073913574221 3.321776466369629 6.1893119812011719 2.5819326877593998 -11.768799845377606 -11.724355316162111
leaf_weight=55 13.000000000000005 18 15.000000000000002 8.0000000000000018 10.000000000000002 137 5.9999999999999991 151 6.9999999999999991 95 164 274 222 2.9999999999999991 11.999999999999998 11.000000000000002 10.000000000000002 17 6.9999999999999991 20 3 3.9999999999999991 2.9999999999999991 5 7.9999999999999991 3.9999999999999991 2.9999999999999991 30
leaf_count=55 13 18 15 8 10 137 6 151 7 95 164 274 222 3 12 11 10 17 7 20 3 4 3 5 8 4 3 30
internal_value=0.134599 -1.12222 12.0995 20.0352 28.0942 0.0290913 17.3934 -1.53441 2.70371 6.09983 -3.47322 1.338 0.0301606 4.03576 38.3086 2.33733 -11.2009 -9.84205 -7.95968 2.84494 2.70839 6.09814 5.94406 3.14053 6.30358 2.4203 -11.7259 -11.7244
internal_weight=1315 1190 125 63 43 1068 21 674 394 113 301 281 373 62 22 34 122 34 17 31 20 28 16 8 12 12 88 85
internal_count=1315 1190 125 63 43 1068 21 674 394 113 301 281 373 62 22 34 122 34 17 31 20 28 16 8 12 12 88 85
is_linear=0
shrinkage=0.05


Tree=3
num_leaves=31
num_cat=0
split_feature=1 0 3 4 4 4 4 4 0 7 7 6 4 1 0 3 4 0 1 1 1 2 2 1 0 6 1 1 0 2
split_gain=6.43452e+06 3.24474e+06 3.08237e+06 2.2202e+06 2.58102e+06 1.87922e+06 939009 826784 714936 620897 538206 684240 263202 141736 112253 88932.2 55208.5 37149.8 30306.8 58433.6 26505.1 23814.1 13471.4 9398.13 7806.27 4659.51 732.438 632.104 420.66 84.2082
threshold=26470.515000000003 29601.600000000002 0.91745077520649243 44395.000000000007 44810.000000000007 44735.000000000007 36662.500000000007 37740.000000000007 31315.800000000007 1.5000000000000002 1.5000000000000002 10.500000000000002 46105.000000000007 29599.315000000006 37549.750000000007 0.57137568970002184 39715.000000000007 32263.200000000001 22193.015000000003 25395.530000000006 29240.090000000007 5707.7150000000011 6401.7400000000007 16765.575000000004 35404.900000000009 23.500000000000004 33587.555 21962.810000000001 33464.05000000001 2390.1100000000001
decision_type=2 2 2 2 2 2 2 2 2 2 2 2 2 2 2 2 2 2 2 2 2 2 2 2 2 2 2 2 2 2
left_child=1 18 6 16 5 -5 10 15 9 -9 11 -2 -10 17 -15 23 28 -8 25 21 -12 -20 -17 -3 -18 27 -6 -1 -4 -21
right_child=2 7 3 4 26 -7 13 8 12 -11 20 -13 -14 14 -16 22 24 -19 19 29 -22 -23 -24 -25 -26 -27 -28 -29 -30 -31
leaf_value=-11.139628321950029 23.830702463785798 -1.5802696310955546 5.7297402154831651 15.355521293308426 2.2375860214233394 36.925537787543405 -4.7878206253051756 -1.5364942523149345 -1.4855626411689007 -11.368064244588217 3.8571283922357078 5.8960564099825348 -5.2922591470322518 1.6904943591258565 9.2839290809631354 3.057307016849518 1.8083646093096055 0.079422413319500576 -3.9421934509277321 -11.432073720296223 5.963364963531494 -8.4601685660226007 1.5171141625396789 -0.11727226121085031 3.3643583147149339 -9.6067595672607435 2.8593290328979495 -11.671275075276693 6.2891963005065925 -11.138190460205079
leaf_weight=82 9.0000000000000018 23 21.000000000000004 23 10.000000000000002 18 3.9999999999999991 26 317 42 59 12.999999999999998 53 183 4.9999999999999991 15.999999999999998 13.999999999999998 197 5.0000000000000018 2.9999999999999991 20 7 126 21 19 4.9999999999999991 8.9999999999999982 5.9999999999999991 3.9999999999999991 12.999999999999998
leaf_count=82 9 23 21 23 10 18 4 26 317 42 59 13 53 183 5 16 14 197 5 3 20 7 126 21 19 5 9 6 4 13
internal_value=-0.0489182 -3.16388 3.76794 11.0226 17.7658 24.8253 2.02089 -1.71083 -2.89685 -7.60893 6.31646 13.233 -2.03085 0.905591 1.89245 1.08207 4.04692 -0.0174381 -10.6573 -9.21517 4.39035 -6.57768 1.69066 -0.882021 2.70424 -11.0915 2.5321 -11.1759 5.81925 -11.1933
internal_weight=1353 745 608 118 60 41 490 624 438 68 101 22 370 389 188 186 58 201 121 28 79 12 142 44 33 93 19 88 25 16
internal_count=1353 745 608 118 60 41 490 624 438 68 101 22 370 389 188 186 58 201 121 28 79 12 142 44 33 93 19 88 25 16
is_linear=0
shrinkage=0.05


Tree=4
num_leaves=28
num_cat=0
split_feature=3 0 7 1 3 8 2 0 8 0 3 0 6 8 3 0 1 1 1 2 0 0 0 0 3 6 1
split_gain=6.50544e+06 4.63606e+06 2.02466e+06 3.91345e+06 1.53298e+06 878329 724756 721208 563741 351598 309227 129438 108364 73542 51065.3 35081.6 34525.3 20762 25729.8 35614.3 9281.16 4182.41 3930.89 1008.68 113.299 8.68271 2.07299
threshold=0.91745077520649243 29601.600000000002 5.5000000000000009 33198.535000000011 0.75203333697763064 2.5000000000000004 2687.0100000000007 35559.80000000001 3.5000000000000004 31315.800000000007 0.85526297721293687 30340.000000000004 9.5000000000000018 3.5000000000000004 0.93838607079151393 33464.05000000001 29285.285000000003 21211.630000000005 25395.530000000006 5832.8950000000013 34719.250000000007 35526.80000000001 33237.850000000006 36859.150000000001 0.9404896693885898 23.500000000000004 19516.660000000003
decision_type=2 2 2 2 2 2 2 2 2 2 2 2 2 2 2 2 2 2 2 2 2 2 2 2 2 2 2
left_child=1 17 6 15 5 9 14 12 11 -3 -10 -6 -8 -7 16 22 -2 25 19 -19 -17 -16 -4 24 -5 26 -1
right_child=2 4 3 23 8 13 7 -9 10 -11 -12 -13 -14 -15 21 20 -18 18 -20 -21 -22 -23 -24 -25 -26 -27 -28
leaf_value=-10.581105085351002 0.043993504842122395 -7.9610306739807131 30.431398518880187 2.0376429319381706 -6.4936029116312675 -0.90697368091725294 13.924160194396968 31.774885253906252 2.2684993666846576 -3.2304897830943866 6.7930372292654857 0.90342391955939105 4.4213667392730711 0.69948438853025441 1.5972221981395371 34.913943862915048 5.5961249306088412 -4.1999040222167912 -10.58128128051758 -9.2892390858043328 37.660021972656246 2.9760238647460939 32.648065185546869 3.0623044490814211 2.3410491561889653 -10.657799530029298 -10.623378753662109
leaf_weight=87 2.9999999999999991 49 3.0000000000000018 8.0000000000000018 5.9999999999999991 141 6.0000000000000018 4.9999999999999991 82 198 70 413 6 144 11.000000000000002 7.9999999999999982 42 5.0000000000000062 14.999999999999998 10.999999999999998 5 10.999999999999998 6 3.9999999999999991 4.9999999999999991 3.9999999999999991 2.9999999999999991
leaf_count=87 3 49 3 8 6 141 6 5 82 198 70 413 6 144 11 8 42 5 15 11 5 11 6 4 5 4 3
internal_value=0.00837271 -1.08971 10.9713 20.3859 -0.0554878 -1.98663 6.60027 15.8204 1.74375 -4.16894 4.35217 0.7975 9.17276 -0.0952896 4.26082 34.3088 5.22598 -10.2157 -9.09356 -7.69882 35.9701 2.28662 31.9092 2.36798 2.15434 -10.5857 -10.5825
internal_weight=1351 1228 123 39 1103 532 84 17 571 247 152 419 12 285 67 22 45 125 31 16 13 22 9 17 13 94 90
internal_count=1351 1228 123 39 1103 532 84 17 571 247 152 419 12 285 67 22 45 125 31 16 13 22 9 17 13 94 90
is_linear=0
shrinkage=0.05


Tree=5
num_leaves=31
num_cat=0
split_feature=8 3 0 4 4 4 3 3 4 7 4 7 2 4 4 6 7 2 2 2 4 3 4 0 3 0 0 0 0 3
split_gain=5.53191e+06 2.81001e+06 2.67678e+06 1.7091e+06 2.54528e+06 1.18958e+06 665703 457527 424317 498879 383022 293433 346514 130913 115671 103404 132174 61205.9 57696.1 56628.2 49856 29393.7 18280.8 8314.56 5735.18 3232.57 1194.82 724.44 686.85 21.831
threshold=2.5000000000000004 0.91745077520649243 31315.800000000007 44395.000000000007 44810.000000000007 44735.000000000007 0.83690549215539278 0.7148809459193296 36372.500000000007 1.5000000000000002 42520.000000000007 1.5000000000000002 6713.295000000001 46105.000000000007 37010.000000000007 1.5000000000000002 1.5000000000000002 4592.4700000000012 7937.1550000000016 14102.210000000001 39715.000000000007 0.68071383782045258 39715.000000000007 35404.900000000009 0.74358431235040168 30133.150000000005 29601.600000000002 36734.400000000009 33676.000000000007 0.65631778066816704
decision_type=2 2 2 2 2 2 2 2 2 2 2 2 2 2 2 2 2 2 2 2 2 2 2 2 2 2 2 2 2 2
left_child=2 6 11 20 5 -5 14 10 9 -8 29 12 17 -12 19 16 -9 -1 -17 -2 28 -16 -10 -22 26 -14 -13 -6 -3 -4
right_child=1 3 7 4 27 -7 8 15 22 -11 13 24 25 -15 21 18 -18 -19 -20 -21 23 -23 -24 -25 -26 -27 -28 -29 -30 -31
leaf_value=-10.269962092808315 1.4462899229811423 5.153137588500976 -11.630501810709637 15.033306159973145 2.2040314250522188 32.751030646430124 12.895521025224165 13.801002820332849 3.6834175382341656 3.9631631639268665 -1.486109704975235 -10.054461020984869 -0.48506366656376754 -4.7803428454399111 -1.1798982219209948 0.29121631249686741 0.94729060331980386 -6.4525234812781918 -1.5101052821628631 -1.3766363370418551 1.5758176088333131 -0.084411764658050045 1.7859241021906627 3.1423261536492242 -7.9455109914143875 1.0109090709686279 -10.387514534974711 2.8843525314331053 5.860829544067383 -11.478337097167969
leaf_weight=21 159 24.000000000000004 2.9999999999999991 20 18.000000000000004 18 22 2.9999999999999982 13.999999999999998 54 76 87 13.000000000000002 50 103 151 6 21 63 20 15.999999999999998 151 136 18 2.9999999999999991 4.9999999999999991 39 4.9999999999999991 3.9999999999999991 10.999999999999998
leaf_count=21 159 24 3 20 18 18 22 3 14 54 76 87 13 50 103 151 6 21 63 20 16 151 136 18 3 5 39 5 4 11
internal_value=-0.104807 2.60037 -3.93714 9.53799 15.48 23.4259 1.30549 -1.42477 3.50516 6.54885 -3.6651 -8.76249 -5.87372 -2.79335 0.157394 -0.018279 5.23186 -8.36124 -0.239079 1.13088 3.69183 -0.528644 1.96302 2.40515 -10.1061 -0.0695157 -10.1575 2.35193 5.25424 -11.5109
internal_weight=1334 782 552 123 61 38 659 363 226 76 140 189 60 126 433 223 9 42 214 179 62 254 150 34 129 18 126 23 28 14
internal_count=1334 782 552 123 61 38 659 363 226 76 140 189 60 126 433 223 9 42 214 179 62 254 150 34 129 18 126 23 28 14
is_linear=0
shrinkage=0.05


Tree=6
num_leaves=28
num_cat=0
split_feature=3 0 4 4 4 3 4 7 6 4 0 0 0 3 4 0 1 1 2 6 0 1 1 1 3 0 1
split_gain=4.82884e+06 3.33225e+06 2.17709e+06 1.99984e+06 1.42969e+06 1.31461e+06 637208 586878 574255 468663 530581 105454 87435.8 58298 48226.4 37764 17660.5 39776.6 10542.1 5237.17 4833.81 1255.76 524.124 403.647 71.9102 39.9891 0.0226202
threshold=0.91745077520649243 29601.600000000002 44395.000000000007 44810.000000000007 44735.000000000007 0.75312658737014682 35390.000000000007 1.5000000000000002 9.5000000000000018 37740.000000000007 32490.950000000004 30340.000000000004 31644.550000000003 0.55981093670574145 39715.000000000007 34719.250000000007 22193.015000000003 25459.000000000004 5875.5350000000008 23.500000000000004 35404.900000000009 21962.810000000001 30757.030000000002 33587.555 0.92966588969983455 35685.500000000007 25801.795000000002
decision_type=2 2 2 2 2 2 2 2 2 2 2 2 2 2 2 2 2 2 2 2 2 2 2 2 2 2 2
left_child=1 16 12 4 8 9 7 -7 -4 13 -11 -8 -2 -3 22 -6 19 18 -18 21 -16 -1 -14 25 -25 -5 -19
right_child=2 5 3 23 15 6 11 -9 -10 10 -12 -13 14 -15 20 -17 17 26 -20 -21 -22 -23 -24 24 -26 -27 -28
leaf_value=-9.5492641047427522 -5.2305862426757814 -1.0428273952321001 23.893791961669912 2.1458770751953113 30.261256790161127 12.548583076113747 -5.7508606115976972 3.3294606218632965 7.1009313310895656 -6.3095771150290965 -1.7331166045764759 0.92345067675392822 4.8658473968505858 1.2342076417472629 1.5393329175313315 35.239471435546875 -3.7121028900146467 -9.5387191772460938 -7.4612617492675755 -7.7514330863952638 2.7546512391832141 -10.300623194376628 5.3414361000061037 2.3017157236735035 2.6015285491943358 1.9337739753723142 -9.5338211059570312
leaf_weight=76 2.9999999999999991 38 8.0000000000000018 4.0000000000000018 16.000000000000004 21 5.9999999999999991 97 13.999999999999998 80 304 434 21.000000000000004 108 14.999999999999998 4.9999999999999991 5.0000000000000018 10.999999999999998 3 3.9999999999999991 18 5.9999999999999991 7.9999999999999991 2.9999999999999982 6 5 2.9999999999999991
leaf_count=76 3 38 8 4 16 21 6 97 14 80 304 434 21 108 15 5 5 11 3 4 18 6 8 3 6 5 3
internal_value=0.162906 -0.817928 9.47305 16.2575 22.1149 0.013588 1.70744 4.97015 13.2074 -1.76975 -2.68655 0.832437 3.1061 0.641555 3.50948 31.4465 -9.19468 -7.93053 -5.11804 -9.51806 2.20223 -9.60424 4.99704 2.26482 2.50159 2.02804 -9.53767
internal_weight=1322 1196 126 61 43 1088 558 118 22 530 384 440 65 146 62 21 108 22 8 86 33 82 29 18 9 9 14
internal_count=1322 1196 126 61 43 1088 558 118 22 530 384 440 65 146 62 21 108 22 8 86 33 82 29 18 9 9 14
is_linear=0
shrinkage=0.05


Tree=7
num_leaves=30
num_cat=0
split_feature=8 3 0 7 1 2 2 0 1 7 2 8 7 1 3 7 2 7 2 2 8 0 1 0 3 2 0 0 1
split_gain=4.31428e+06 2.53437e+06 1.99227e+06 897621 3.16715e+06 534583 512740 480081 458620 291458 282638 242818 247659 157540 102424 277769 78294.7 72074.4 66662 63405.4 63402.8 56702 28483.5 19723.8 5881.33 5808.54 2638.49 2065.1 826.769
threshold=2.5000000000000004 0.91745077520649243 31315.800000000007 5.5000000000000009 33198.535000000011 2687.0100000000007 5996.380000000001 35559.80000000001 24164.09 1.5000000000000002 6713.295000000001 3.5000000000000004 1.5000000000000002 31721.810000000005 0.66073511733901613 4.5000000000000009 12048.590000000002 2.5000000000000004 4437.5100000000011 7937.1550000000016 3.5000000000000004 34699.850000000006 31604.400000000005 34950.950000000004 0.60336968536675362 7768.9650000000011 30006.600000000002 29601.600000000002 33587.555
decision_type=2 2 2 2 2 2 2 2 2 2 2 2 2 2 2 2 2 2 2 2 2 2 2 2 2 2 2 2 2
left_child=2 6 9 5 22 21 11 -7 14 10 18 23 -13 19 15 -4 20 -16 -1 -10 -8 -3 -5 -2 -18 -11 -12 -27 -6
right_child=1 3 8 4 28 7 16 -9 13 25 26 12 -14 -15 17 -17 24 -19 -20 -21 -22 -23 -24 -25 -26 27 -28 -29 -30
leaf_value=-9.3858202080977602 0.9522504351689266 5.1700889890844177 -2.7309715151786804 27.425452314104337 1.8122046311696367 9.2330967267354325 -0.15808956876629965 29.234786987304688 0.40754978704224726 -6.9854892730712894 -0.27808805902798966 8.6597219187637862 3.2922672421099195 9.81395070552826 -4.8201820564270026 -9.8963016146705272 -0.65255079842530772 -1.1590233407369475 -5.2501138579845437 -1.281479967541473 1.319222319238168 2.1881594619750979 31.438770802815753 2.106361953255742 -1.3790570890903473 -9.0796913519138247 0.94338850293840693 -9.5481010205817949 2.4277822494506838
leaf_weight=19 65 44 38 7.0000000000000027 12.000000000000002 11.999999999999998 160 3.9999999999999991 157 2.9999999999999991 12.000000000000002 29 83 3.9999999999999991 20 21 52 41 20 86 133 25 11.999999999999998 86 60 82 6.9999999999999991 33 9.9999999999999982
leaf_count=19 65 44 38 7 12 12 160 4 157 3 12 29 83 4 20 21 52 41 20 86 133 25 12 86 60 82 7 33 10
internal_value=0.0770216 2.42583 -3.35752 8.93009 15.0065 5.99911 1.19898 14.2335 -1.26019 -7.73094 -4.82873 2.918 4.68205 -0.0282031 -3.79602 -5.28134 0.0826819 -2.3594 -7.26495 -0.190214 0.512499 4.08968 29.9602 1.60956 -1.04175 -9.15744 0.17193 -9.2141 2.09201
internal_weight=1337 794 543 126 41 85 668 16 367 176 58 263 112 247 120 59 405 61 39 243 293 69 19 151 112 118 19 115 22
internal_count=1337 794 543 126 41 85 668 16 367 176 58 263 112 247 120 59 405 61 39 243 293 69 19 151 112 118 19 115 22
is_linear=0
shrinkage=0.05


end of trees

feature_importances:
total_load=53
net_load=44
thermal_on_capacity=36
renewable_power=32
thermal_space_load_ratio=26
weekday=18
month=12
period=8

parameters:
[boosting: gbdt]
[objective: regression]
[metric: rmse]
[tree_learner: serial]
[device_type: cpu]
[data_sample_strategy: bagging]
[data: ]
[valid: ]
[num_iterations: 400]
[learning_rate: 0.05]
[num_leaves: 31]
[num_threads: 0]
[seed: 42]
[deterministic: 0]
[force_col_wise: 0]
[force_row_wise: 0]
[histogram_pool_size: -1]
[max_depth: 5]
[min_data_in_leaf: 3]
[min_sum_hessian_in_leaf: 0.001]
[bagging_fraction: 0.85]
[pos_bagging_fraction: 1]
[neg_bagging_fraction: 1]
[bagging_freq: 1]
[bagging_seed: 400]
[bagging_by_query: 0]
[feature_fraction: 0.85]
[feature_fraction_bynode: 1]
[feature_fraction_seed: 30056]
[extra_trees: 0]
[extra_seed: 12879]
[early_stopping_round: 0]
[early_stopping_min_delta: 0]
[first_metric_only: 0]
[max_delta_step: 0]
[lambda_l1: 0]
[lambda_l2: 0]
[linear_lambda: 0]
[min_gain_to_split: 0]
[drop_rate: 0.1]
[max_drop: 50]
[skip_drop: 0.5]
[xgboost_dart_mode: 0]
[uniform_drop: 0]
[drop_seed: 17869]
[top_rate: 0.2]
[other_rate: 0.1]
[min_data_per_group: 100]
[max_cat_threshold: 32]
[cat_l2: 10]
[cat_smooth: 10]
[max_cat_to_onehot: 4]
[top_k: 20]
[monotone_constraints: ]
[monotone_constraints_method: basic]
[monotone_penalty: 0]
[feature_contri: ]
[forcedsplits_filename: ]
[refit_decay_rate: 0.9]
[cegb_tradeoff: 1]
[cegb_penalty_split: 0]
[cegb_penalty_feature_lazy: ]
[cegb_penalty_feature_coupled: ]
[path_smooth: 0]
[interaction_constraints: ]
[verbosity: -1]
[saved_feature_importance_type: 0]
[use_quantized_grad: 0]
[num_grad_quant_bins: 4]
[quant_train_renew_leaf: 0]
[stochastic_rounding: 1]
[linear_tree: 0]
[max_bin: 255]
[max_bin_by_feature: ]
[min_data_in_bin: 3]
[bin_construct_sample_cnt: 200000]
[data_random_seed: 175]
[is_enable_sparse: 1]
[enable_bundle: 1]
[use_missing: 1]
[zero_as_missing: 0]
[feature_pre_filter: 1]
[pre_partition: 0]
[two_round: 0]
[header: 0]
[label_column: ]
[weight_column: ]
[group_column: ]
[ignore_column: ]
[categorical_feature: ]
[forcedbins_filename: ]
[precise_float_parser: 0]
[parser_config_file: ]
[objective_seed: 16083]
[num_class: 1]
[is_unbalance: 0]
[scale_pos_weight: 1]
[sigmoid: 1]
[boost_from_average: 1]
[reg_sqrt: 0]
[alpha: 0.9]
[fair_c: 1]
[poisson_max_delta_step: 0.7]
[tweedie_variance_power: 1.5]
[lambdarank_truncation_level: 30]
[lambdarank_norm: 1]
[label_gain: ]
[lambdarank_position_bias_regularization: 0]
[eval_at: ]
[multi_error_top_k: 1]
[auc_mu_weights: ]
[num_machines: 1]
[local_listen_port: 12400]
[time_out: 120]
[machine_list_filename: ]
[machines: ]
[gpu_platform_id: -1]
[gpu_device_id: -1]
[gpu_use_dp: 0]
[num_gpu: 1]

end of parameters

pandas_categorical:[]
