tree
version=v4
num_class=1
num_tree_per_iteration=1
label_index=0
max_feature_idx=10
objective=regression
feature_names=total_load net_load renewable_power thermal_space_load_ratio thermal_on_capacity hour period weekday month is_weekend is_holiday
feature_infos=[22195.900000000001:42408.400000000001] [-11825.210000000003:41070.110000000001] [1144.03:36022.5] [-0.52127464982271476:0.97282505160491894] [27170:45275] [15:19] [61:80] [0:6] [2:4] [0:1] none
tree_sizes=2689 2611 2819 2447 2700 2578 2429 2634 2667 2743 2435 2730 2819 2623 2409 2676 2844 2842 2448 2626 2659 2821 2739 2634 2675 2162 2784 2547 2710

Tree=0
num_leaves=31
num_cat=0
split_feature=2 4 1 4 7 4 2 7 4 2 1 4 4 1 4 7 2 6 4 4 1 0 0 4 1 1 4 2 8 0
split_gain=2.95988e+07 1.05216e+07 9.87061e+06 1.7432e+06 1.37858e+06 3.57883e+06 1.52858e+06 975861 949494 2.3334e+06 718784 699532 671138 568696 444209 339062 227584 210406 196272 198903 145262 131680 105600 103154 64447.6 59361.6 57166.4 34938.1 2053.69 1824.58
threshold=5848.0400000000009 44735.000000000007 19674.130000000001 42910.000000000007 5.5000000000000009 44810.000000000007 5076.0650000000014 4.5000000000000009 43672.500000000007 4308.6100000000006 13324.140000000001 36662.500000000007 36372.500000000007 24211.150000000005 36090.000000000007 1.5000000000000002 7249.8400000000011 70.500000000000014 37740.000000000007 39052.500000000007 17562.390000000003 37539.650000000009 39345.950000000004 39497.500000000007 11311.805000000002 14212.01 36662.500000000007 10914.035000000002 2.5000000000000004 40975.000000000007
decision_type=2 2 2 2 2 2 2 2 2 2 2 2 2 2 2 2 2 2 2 2 2 2 2 2 2 2 2 2 2 2
left_child=1 3 10 12 6 22 7 -3 9 -5 24 25 14 18 -1 -10 17 -15 27 -20 -13 -14 -6 -18 28 -12 -26 -4 -2 -7
right_child=2 4 13 8 5 29 -8 -9 15 -11 11 20 21 16 -16 -17 23 -19 19 -21 -22 -23 -24 -25 26 -27 -28 -29 -30 -31
leaf_value=278.80711828683104 259.14984251473635 309.3049233524099 278.25503527138915 334.07586790536135 311.55086790536132 278.22170162016437 284.70503482634115 329.88527418587893 296.43353527732313 280.06886860345094 266.1359308383295 260.84211817874797 272.87884465697266 281.06217781064061 294.99992355586045 285.22734984460647 275.08055590355684 275.3557969836678 262.3633182570764 269.9540271597013 264.89532541658201 278.00675545374645 321.16336790536133 273.02597263769383 264.24258241014826 270.90988274753096 260.22224329128153 272.68223513842577 259.54414818897135 279.69551130746095
leaf_weight=8 59 9.0000000000000053 2.9999999999999991 4 4.0000000000000009 3 2.9999999999999991 15.999999999999998 8.9999999999999982 4 7.9999999999999991 60 21 21 9 27 96 70 9.9999999999999982 63 35 31 9.9999999999999982 168 13.999999999999998 35 24 45 75 7
leaf_count=8 59 9 3 4 4 3 3 16 9 4 8 60 21 21 9 27 96 70 10 63 35 31 10 168 14 35 24 45 75 7
internal_value=273.027 292.28 268.986 283.715 310.892 302.099 318.429 322.476 291.491 307.072 262.043 264.73 278.755 273.507 287.38 288.029 274.516 276.673 270.547 268.914 262.335 275.936 318.417 273.773 259.886 270.022 261.703 273.031 259.371 279.253
internal_weight=951 165 786 113 52 24 28 25 44 8 310 138 69 476 17 36 355 91 121 73 95 52 14 264 172 43 38 48 134 10
internal_count=951 165 786 113 52 24 28 25 44 8 310 138 69 476 17 36 355 91 121 73 95 52 14 264 172 43 38 48 134 10
is_linear=0
shrinkage=1


Tree=1
num_leaves=29
num_cat=0
split_feature=2 1 1 7 1 0 7 3 7 2 1 8 7 1 8 3 8 2 6 6 0 8 6 3 2 8 2 0
split_gain=2.52085e+07 8.9795e+06 4.47814e+06 1.79067e+06 1.56166e+06 1.29284e+06 2.11589e+06 1.19858e+06 1.01468e+06 922607 751986 626314 603916 466473 591664 241938 230873 227343 331593 168055 96667.7 95408.2 68927 64417.6 33323.3 26176.6 6748.32 435.745
threshold=5848.0400000000009 18936.375000000004 37379.255000000012 5.5000000000000009 38099.400000000001 37443.30000000001 4.5000000000000009 0.92455390841753837 4.5000000000000009 3561.7250000000008 24211.150000000005 3.5000000000000004 1.5000000000000002 14869.25 3.5000000000000004 0.86628733700074412 3.5000000000000004 7578.0900000000011 70.500000000000014 73.500000000000014 35798.100000000006 3.5000000000000004 70.500000000000014 0.3925783812162067 10914.035000000002 2.5000000000000004 19568.865000000002 40975.000000000007
decision_type=2 2 2 2 2 2 2 2 2 2 2 2 2 2 2 2 2 2 2 2 2 2 2 2 2 2 2 2
left_child=2 13 5 4 8 11 15 -5 -4 -8 16 25 -6 20 22 -7 19 18 -12 -3 23 -19 -15 -2 -18 -1 -16 -9
right_child=1 10 3 7 12 6 9 27 -10 -11 17 -13 -14 14 26 -17 24 21 -20 -21 -22 -23 -24 -25 -26 -27 -28 -29
leaf_value=0.59562908623899713 -12.514999616226094 -3.630656611291986 44.539333496093725 43.458497111002607 35.497253417968771 6.4750531701480645 12.540236009870251 5.922995630900064 15.048218754359652 33.631193647384649 9.0478046318759091 25.45133768717448 58.484783935546865 -9.2193924119737414 -1.5866434944363741 13.346057697442863 5.2539148966471352 0.34597147956109525 2.2632329518536487 -12.322665913899741 -4.9655311965942381 2.5396098917809087 -12.747162208557128 -10.39195852685482 -0.19647905175075975 5.588632456461589 -3.5923941040039065 6.6852244567871084
leaf_weight=21.000000000000007 149 76 5.0000000000000018 2.9999999999999991 3.9999999999999973 17 7.0000000000000027 3 7 20 23 2.9999999999999991 10 45 26.000000000000004 52 2.9999999999999991 176 83 5.9999999999999991 4.9999999999999991 69 20 47 43 2.9999999999999991 4.9999999999999991 5
leaf_count=21 149 76 5 3 4 17 7 3 7 20 23 3 10 45 26 52 3 176 83 6 5 69 20 47 43 3 5 5
internal_value=0.095139 -3.63079 18.1659 33.4173 40.572 13.5781 16.2966 16.5064 27.3362 28.1632 0.604424 3.91215 51.9169 -10.4613 -7.59407 11.6532 -2.67619 1.80077 3.73536 -4.26666 -11.8308 0.963772 -10.3049 -12.0059 0.158981 1.21975 -1.91015 6.39939
internal_weight=936 776 160 37 26 123 96 11 12 27 479 27 14 297 96 69 128 351 106 82 201 245 65 196 46 24 31 8
internal_count=936 776 160 37 26 123 96 11 12 27 479 27 14 297 96 69 128 351 106 82 201 245 65 196 46 24 31 8
is_linear=0
shrinkage=0.05


Tree=2
num_leaves=31
num_cat=0
split_feature=2 1 4 4 7 4 4 7 3 3 3 4 0 4 8 2 4 0 2 6 4 4 2 4 2 1 6 2 4 2
split_gain=2.28557e+07 8.09842e+06 7.54041e+06 1.60458e+06 1.15495e+06 3.1047e+06 730629 680269 1.9691e+06 619247 571749 562659 465537 429304 289349 253183 250725 162551 148459 144610 128883 119549 353287 108019 91245.8 83642.4 44023.7 25429.6 16936.1 8267.53
threshold=5492.9000000000005 19674.130000000001 44735.000000000007 42910.000000000007 5.5000000000000009 44810.000000000007 45077.500000000007 3.5000000000000004 0.90047498870759213 0.68004042481587523 0.46232164407289505 36662.500000000007 39411.250000000007 37740.000000000007 2.5000000000000004 6661.4250000000011 36372.500000000007 38662.500000000007 3561.7250000000008 68.500000000000014 41515.000000000007 36662.500000000007 19985.695000000003 36372.500000000007 4308.6100000000006 33956.830000000009 67.500000000000014 2676.4450000000006 36662.500000000007 16320.050000000001
decision_type=2 2 2 2 2 2 2 2 2 2 2 2 2 2 2 2 2 2 2 2 2 2 2 2 2 2 2 2 2 2
left_child=2 10 3 11 6 24 12 8 -5 14 21 17 -4 28 19 16 -11 -1 -9 -3 -15 22 -2 -17 -6 -13 -16 -8 -12 -23
right_child=1 9 4 7 5 -7 27 18 -10 15 13 25 -14 20 26 23 -18 -19 -20 -21 -22 29 -24 -25 -26 -27 -28 -29 -30 -31
leaf_value=19.050135040283205 -3.3814028475019668 -3.7663708766301465 31.860513559977193 16.155475029578572 44.1387255859375 5.1086019515991206 33.571865081787109 6.3934784480503595 56.272337341308599 12.72245593600803 -1.2485023991337845 0.52618050358512192 54.081036099520603 -10.428788447380066 -2.327845755295876 3.2871040062826191 3.6429181604969259 5.4025580088297511 15.045268406587489 -12.15068113538954 -6.094949809436141 -9.4203835805257157 -11.383741947755976 0.9103502996636732 35.203396606445295 4.6794305872034148 -0.25195571399621064 28.173894246419252 -4.7266037940979002 -12.077007380539809
leaf_weight=7.9999999999999982 18 12.000000000000002 3.0000000000000009 13.000000000000002 9.9999999999999982 10 7.9999999999999991 7.0000000000000027 3.9999999999999991 8.9999999999999982 28 22 10.999999999999998 42 39 61 49 3 17 8.9999999999999982 29 2.9999999999999991 59 221 4.0000000000000009 27 74 3.0000000000000009 3.9999999999999991 123
leaf_count=8 18 12 3 13 10 10 8 7 4 9 28 22 11 42 39 61 49 3 17 9 29 3 59 221 4 27 74 3 4 123
internal_value=0.252555 -3.1848 18.1268 10.3185 34.2216 26.387 41.7428 17.9423 25.5947 0.908697 -9.52571 5.10882 49.3195 -6.49153 -1.97002 2.04325 5.05181 15.3281 12.5218 -7.35965 -8.65863 -11.0652 -9.51307 1.42447 41.5858 2.81471 -0.968413 32.0997 -1.68327 -12.0138
internal_weight=930 780 150 101 49 24 25 41 17 474 306 60 14 103 134 340 58 11 24 21 71 203 77 282 14 49 113 11 32 126
internal_count=930 780 150 101 49 24 25 41 17 474 306 60 14 103 134 340 58 11 24 21 71 203 77 282 14 49 113 11 32 126
is_linear=0
shrinkage=0.05


Tree=3
num_leaves=27
num_cat=0
split_feature=2 1 4 0 2 4 1 2 7 4 4 4 7 1 4 4 2 4 5 4 7 3 1 4 2 0
split_gain=1.8022e+07 7.41987e+06 6.58273e+06 1.65466e+06 945170 901101 765253 749576 740750 540478 420819 443724 312568 284559 557844 244841 237043 278268 208579 110272 30508 25418.9 21780.8 31278.6 8657.93 1578.11
threshold=5848.0400000000009 17562.390000000003 44735.000000000007 41460.750000000007 1263.7750000000003 44012.500000000007 22767.215000000004 4698.1400000000012 5.5000000000000009 44810.000000000007 44012.500000000007 36372.500000000007 3.5000000000000004 12421.950000000001 36662.500000000007 37740.000000000007 7249.8400000000011 36372.500000000007 17.500000000000004 36372.500000000007 1.0000000180025095e-35 0.42864238990167675 11311.805000000002 36662.500000000007 12570.490000000003 27315.500000000004
decision_type=2 2 2 2 2 2 2 2 2 2 2 2 2 2 2 2 2 2 2 2 2 2 2 2 2 2
left_child=2 13 3 10 -4 -5 15 8 -6 -9 11 -1 -12 22 21 24 17 -8 -17 -18 -16 -15 25 -24 -3 -2
right_child=1 6 4 5 7 -7 16 9 -10 -11 12 -13 -14 14 20 18 19 -19 -20 -21 -22 -23 23 -25 -26 -27
leaf_value=12.820675404866538 -11.733866138458254 2.3622724771499635 10.846015625 53.00653076171875 44.039620123969186 16.755936622619625 14.065483029683433 33.137734222412107 28.995007750193277 7.1454704523086541 20.041050635443785 3.1728736400604252 8.7294758846885276 -4.4375819751194552 -7.8617907921473194 -3.7159076348826705 2.5111683917218364 2.9241559368437704 -11.42219970703125 0.23992098424630828 -10.582199811935425 -1.7122175308791077 -7.5065228250291582 -11.341051717904898 -0.40645965114235882 -11.357680984165357
leaf_weight=14.999999999999998 40 2.9999999999999991 4.9999999999999991 2.9999999999999991 18 4 5.9999999999999991 4 14.999999999999998 4 9.0000000000000018 58 19 13.999999999999998 11.999999999999998 72 69 85 9.9999999999999982 237 73 22 9.0000000000000018 12.999999999999998 48 92
leaf_count=15 40 3 5 3 18 4 6 4 15 4 9 58 19 14 12 72 69 85 10 237 73 22 9 13 48 92
internal_value=-0.141181 -3.13913 15.5299 8.78342 31.3696 32.2919 0.318656 33.8725 37.2012 20.1416 7.15412 5.1553 12.3653 -9.80324 -7.98874 -2.96384 1.41833 3.65875 -4.6557 0.752065 -10.1981 -2.77208 -11.2289 -9.77238 -0.243593 -11.4717
internal_weight=959 805 154 108 46 7 530 41 33 8 101 73 28 275 121 133 397 91 82 306 85 36 154 22 51 132
internal_count=959 805 154 108 46 7 530 41 33 8 101 73 28 275 121 133 397 91 82 306 85 36 154 22 51 132
is_linear=0
shrinkage=0.05


Tree=4
num_leaves=30
num_cat=0
split_feature=2 1 1 7 3 0 6 1 2 1 0 1 8 8 8 0 5 2 1 2 7 2 7 6 1 0 6 8 6
split_gain=1.82955e+07 7.2386e+06 3.05727e+06 1.83544e+06 1.40704e+06 1.05824e+06 1.31206e+06 1.03993e+06 755770 604793 499904 300312 436219 262308 226217 179738 163731 249075 119051 108224 104690 86826.3 49725.4 33591.7 11331.3 33637.9 8696.6 3377.46 1306.33
threshold=5492.9000000000005 18936.375000000004 37379.255000000012 5.5000000000000009 0.92455390841753837 37617.05000000001 73.500000000000014 38979.740000000005 3679.5350000000003 26788.960000000003 38589.750000000007 11969.67 3.5000000000000004 3.5000000000000004 3.5000000000000004 38227.700000000004 16.500000000000004 7736.9300000000012 22711.235000000004 18629.970000000005 2.5000000000000004 9505.2750000000015 3.5000000000000004 77.500000000000014 11311.805000000002 31781.000000000004 70.500000000000014 2.5000000000000004 77.500000000000014
decision_type=2 2 2 2 2 2 2 2 2 2 2 2 2 2 2 2 2 2 2 2 2 2 2 2 2 2 2 2 2
left_child=2 11 5 7 -5 13 10 8 -4 14 -7 24 22 26 18 -8 17 -11 -3 -14 -18 -16 -13 -9 27 -26 -1 -2 -6
right_child=1 9 3 4 28 6 15 23 -10 16 -12 12 19 -15 21 -17 20 -19 -20 -21 -22 -23 -24 -25 25 -27 -28 -29 -30
leaf_value=2.5730402183532681 -11.097872805595399 -4.1314743058603325 23.966352642283709 38.987219238281256 5.0461958143446184 10.757503890991206 17.155826822916666 50.67546386718751 51.1867665608724 9.3006120951552145 26.017738184203274 -8.4046985856557299 -1.8204600207010906 14.601089668273927 8.0205933094024662 7.8902823122536265 2.808883587752296 1.3063958787918093 -1.2504820251944422 -6.5688026571273817 0.70889914892911909 0.46749076248767479 -10.571926426887513 44.195524088541653 -5.486259174346924 -11.10191240310669 0.21588894526163738 -10.601852946668059 3.8414215087890629
leaf_weight=5.0000000000000062 64 61 17.000000000000007 3.9999999999999991 8.9999999999999982 7.0000000000000027 5.9999999999999991 5.9999999999999982 2.9999999999999991 19 23 59 30 3.9999999999999991 3.9999999999999991 41 113 20 87 20 125 78 48 3 3.9999999999999991 7.9999999999999991 18 74 2.9999999999999991
leaf_count=5 64 61 17 4 9 7 6 6 3 19 23 59 30 4 4 41 113 20 87 20 125 78 48 3 4 8 18 74 3
internal_value=-0.096024 -3.04458 16.0122 26.9004 13.3056 11.301 14.2876 34.401 28.0494 0.624439 22.457 -9.10385 -7.57528 2.78354 -1.27072 9.07312 2.19804 5.20101 -2.43792 -3.7198 1.70595 0.835935 -9.37691 48.5155 -10.7037 -9.23003 0.728313 -10.8319 4.745
internal_weight=963 814 149 45 16 104 77 29 20 507 30 307 157 27 230 47 277 39 148 50 238 82 107 9 150 12 23 138 12
internal_count=963 814 149 45 16 104 77 29 20 507 30 307 157 27 230 47 277 39 148 50 238 82 107 9 150 12 23 138 12
is_linear=0
shrinkage=0.05


Tree=5
num_leaves=29
num_cat=0
split_feature=2 3 4 0 4 7 4 3 3 4 4 4 0 0 8 2 6 4 2 4 4 2 4 2 4 6 6 0
split_gain=1.53818e+07 5.87982e+06 4.60383e+06 1.16515e+06 905891 854587 2.35484e+06 956533 496795 493587 425124 543070 417524 283022 268911 201648 351048 184892 541897 132235 109961 105695 95567.6 58320.6 53723.1 35436 14926.7 12830.3
threshold=5848.0400000000009 0.56206175201590758 44735.000000000007 41379.000000000007 44012.500000000007 5.5000000000000009 44810.000000000007 0.86929463939195706 0.68004042481587523 45077.500000000007 42910.000000000007 36372.500000000007 35054.400000000009 38934.100000000006 2.5000000000000004 7249.8400000000011 70.500000000000014 37740.000000000007 19985.695000000003 39052.500000000007 40485.000000000007 18972.920000000002 36372.500000000007 4308.6100000000006 42277.500000000007 67.500000000000014 65.500000000000014 40975.000000000007
decision_type=2 2 2 2 2 2 2 2 2 2 2 2 2 2 2 2 2 2 2 2 2 2 2 2 2 2 2 2
left_child=2 12 3 10 -5 7 23 -4 14 -9 11 -1 17 -12 19 16 -10 18 -2 -3 26 -22 -17 -7 -19 -16 -14 -8
right_child=1 8 5 4 -6 6 27 9 15 -11 13 -13 20 -15 25 22 -18 24 -20 -21 21 -23 -24 -25 -26 -27 -28 -29
leaf_value=12.21368533863741 -2.4161014489001698 -9.9921470801035568 7.851447868347158 48.627428181966138 13.873226623535155 37.746075439453129 0.87677581198513455 44.541567484537758 9.50155512869358 28.507960891723627 4.1442153549194343 1.7553004798681842 -4.1820296859741184 13.991106584337025 -1.9234737415062755 2.6067425279954417 1.8981713319581652 -10.499216748011932 -10.175662172635398 -3.5174092129520753 -3.9411091201445632 -10.419325637817384 0.33060005524801833 30.862361450195301 -8.4253200147210094 -0.02692668723208564 -1.127662212252617 4.7110074996948246
leaf_weight=17 36 11.999999999999998 3.0000000000000027 3 5 7.9999999999999991 3.0000000000000009 12 20 8 9.9999999999999982 46 5.0000000000000027 27 38 61 63 131 60 23 17.000000000000004 9.9999999999999982 189 5.0000000000000009 41 70 20 7.9999999999999991
leaf_count=17 36 12 3 3 5 8 3 12 20 8 10 46 5 27 38 61 63 131 60 23 17 10 189 5 41 70 20 8
internal_value=-0.18101 -2.98704 14.2293 8.54469 26.9061 27.2918 20.6916 34.179 0.536402 38.1281 7.07579 4.5774 -8.22816 11.3298 -1.92855 1.59493 3.73031 -9.02371 -7.26583 -5.73732 -4.12799 -6.34045 0.885979 35.0985 -10.0049 -0.69423 -1.73854 3.66531
internal_weight=951 796 155 108 8 47 24 23 476 20 100 63 320 37 143 333 83 268 96 35 52 27 250 13 172 108 25 11
internal_count=951 796 155 108 8 47 24 23 476 20 100 63 320 37 143 333 83 268 96 35 52 27 250 13 172 108 25 11
is_linear=0
shrinkage=0.05


Tree=6
num_leaves=27
num_cat=0
split_feature=2 1 4 0 4 2 0 4 4 3 1 4 4 0 4 0 1 4 4 4 3 0 7 7 4 4
split_gain=1.5369e+07 5.24358e+06 4.75358e+06 1.45027e+06 953978 779082 626250 473724 486406 396308 327434 463505 327280 319639 144746 293270 119230 85553.1 157305 69029.2 25073.3 20753.2 11870.2 9685.68 21670.6 422
threshold=5848.0400000000009 18936.375000000004 44735.000000000007 41379.000000000007 44012.500000000007 1263.7750000000003 41443.950000000004 42910.000000000007 36372.500000000007 0.68094267576315537 12421.950000000001 36662.500000000007 44810.000000000007 38934.100000000006 37740.000000000007 35211.450000000004 27297.125000000004 38752.500000000007 39052.500000000007 42595.000000000007 0.42864238990167675 41979.750000000007 1.0000000180025095e-35 3.5000000000000004 34325.000000000007 34905.000000000007
decision_type=2 2 2 2 2 2 2 2 2 2 2 2 2 2 2 2 2 2 2 2 2 2 2 2 2 2
left_child=2 10 3 7 -5 -4 12 8 -1 17 23 20 -7 -9 15 -11 -16 22 -19 -13 -12 -8 -3 24 -2 -25
right_child=1 9 5 4 -6 6 21 13 -10 14 11 19 -14 -15 16 -17 -18 18 -20 -21 -22 -23 -24 25 -26 -27
leaf_value=12.415365818568638 -7.7953595023406184 3.1357836087544761 9.0260559082031246 46.050689697265639 13.290565109252928 33.867924499511723 40.413240559895833 3.7279269409179694 1.8232964521894854 9.8721188885825022 -3.9173562302039224 -8.9333617879198748 23.681795278580296 14.192433392560041 -1.4142158565369058 1.9152053139102994 1.4154952684594266 -10.219718297322592 -1.8978237483861311 -5.4940901637077335 -1.3012832218600858 45.914611816406243 -0.10053192464744343 -10.212353570120676 -9.7291491399045853 -9.9681042035420742
leaf_weight=13.999999999999998 19 2.9999999999999991 4.9999999999999991 3.9999999999999982 5 11.999999999999998 2.9999999999999991 9.9999999999999982 48 13.999999999999998 12.999999999999998 77 23 27 47 67 179 5.9999999999999991 106 18 31 4 51 28 61 48
leaf_count=14 19 3 5 4 5 12 3 10 48 14 13 77 23 27 47 67 179 6 106 18 31 4 51 28 61 48
internal_value=0.0485185 -2.85001 14.4102 8.63393 27.8506 27.6835 29.9046 6.88695 4.21505 0.412741 -8.08147 -6.31675 27.1742 11.3642 1.47698 3.29047 0.827016 -1.55547 -2.34364 -8.28171 -2.07421 43.5569 0.0792634 -9.65388 -9.26987 -10.0581
internal_weight=923 768 155 108 9 47 42 99 62 473 295 139 35 37 307 81 226 166 112 95 44 7 54 156 80 76
internal_count=923 768 155 108 9 47 42 99 62 473 295 139 35 37 307 81 226 166 112 95 44 7 54 156 80 76
is_linear=0
shrinkage=0.05


Tree=7
num_leaves=29
num_cat=0
split_feature=2 1 1 7 1 5 7 1 8 7 1 1 8 1 7 8 5 8 0 1 3 7 6 1 0 2 7 3
split_gain=1.14396e+07 4.24829e+06 2.55088e+06 1.76044e+06 556611 1.15506e+06 584650 462137 421949 306182 286210 275853 443395 270193 216438 136103 97765 77882.3 178292 104238 61890.7 52277.1 12534.6 10978.4 10000.4 5176.95 2595.69 592.17
threshold=6661.4250000000011 18936.375000000004 37617.775000000009 5.5000000000000009 33681.630000000005 16.500000000000004 5.5000000000000009 38099.400000000001 2.5000000000000004 1.5000000000000002 22767.215000000004 12254.900000000003 3.5000000000000004 38099.400000000001 5.5000000000000009 3.5000000000000004 17.500000000000004 3.5000000000000004 34427.700000000004 27479.530000000002 0.44205582830112838 3.5000000000000004 67.500000000000014 11311.805000000002 31883.950000000004 11987.485000000002 1.5000000000000002 0.95436161206681702
decision_type=2 2 2 2 2 2 2 2 2 2 2 2 2 2 2 2 2 2 2 2 2 2 2 2 2 2 2 2
left_child=2 11 4 7 8 -6 -7 -4 22 -9 15 23 21 -5 -10 16 -3 19 -19 -12 -14 -13 -1 26 -25 -17 -2 -15
right_child=1 10 3 13 5 6 -8 9 14 -11 17 12 20 27 -16 25 -18 18 -20 -21 -22 -23 -24 24 -26 -27 -28 -29
leaf_value=3.0322437286376926 -8.8895605199038989 -3.0405208459922246 20.016835250854481 21.598132578531875 41.248287963867192 7.889215500421928 19.422601024921125 26.034011840820327 6.3034852597771618 42.401933898925776 -0.93575470077160472 -7.2113223201578309 -4.7906432776224044 4.8450119018554707 14.866137647628785 2.0170519153277082 -9.3079430716378351 10.364082781473797 1.4068854921460152 1.09262860910967 -1.3751039796405369 -9.5869376003742222 0.033119194595902055 -6.2926460266113251 -8.8302973140369758 -0.14480632278654312 -9.4051088425719627 3.9846556345621744
leaf_weight=4.0000000000000027 32 56 5.0000000000000027 3.0000000000000027 2.9999999999999991 71 12.999999999999998 3.9999999999999973 41 10 104 55 21 2.9999999999999982 8.9999999999999982 2.9999999999999991 6.9999999999999991 5.9999999999999991 75 162 36 40 27 6.0000000000000027 10.999999999999998 36 103 6
leaf_count=4 32 56 5 3 3 71 13 4 41 10 104 55 21 3 9 3 7 6 75 162 36 40 27 6 11 36 103 6
internal_value=-0.244092 -3.06174 10.4176 23.596 7.98592 10.7629 9.67414 33.0652 5.00323 37.7254 0.0285114 -7.62595 -6.11979 8.60311 7.84476 -2.29987 -3.7369 0.712934 2.07038 0.299576 -2.63346 -8.21158 0.420103 -9.13211 -7.93466 0.0214905 -9.2829 4.27144
internal_weight=952 753 199 31 168 87 84 19 81 14 449 304 152 12 50 102 63 347 81 266 57 95 31 152 17 39 135 9
internal_count=952 753 199 31 168 87 84 19 81 14 449 304 152 12 50 102 63 347 81 266 57 95 31 152 17 39 135 9
is_linear=0
shrinkage=0.05


Tree=8
num_leaves=30
num_cat=0
split_feature=3 1 4 4 7 4 0 4 4 3 4 1 4 4 4 5 4 1 4 4 4 0 2 1 0 4 0 0 2
split_gain=1.27495e+07 4.92115e+06 4.05855e+06 963323 1.18951e+06 2.08478e+06 705311 659703 584270 457584 395325 323712 412154 264917 452105 237909 147133 146020 112371 65505 57893.6 38658 32829.4 13189.9 33082.8 9702.33 1486.44 444.743 191.724
threshold=0.86628733700074412 19674.130000000001 42910.000000000007 44735.000000000007 5.5000000000000009 44810.000000000007 41379.000000000007 44012.500000000007 45077.500000000007 0.76063285880817699 36662.500000000007 12421.950000000001 36662.500000000007 36372.500000000007 36090.000000000007 18.500000000000004 44012.500000000007 22767.215000000004 37740.000000000007 42277.500000000007 36372.500000000007 38227.700000000004 19743.590000000004 11311.805000000002 31359.600000000002 40910.000000000007 31562.000000000004 36850.500000000007 4308.6100000000006
decision_type=2 2 2 2 2 2 2 2 2 2 2 2 2 2 2 2 2 2 2 2 2 2 2 2 2 2 2 2 2
left_child=1 11 10 6 8 -6 15 -8 -5 17 28 23 22 14 -11 -4 -15 18 -3 -14 -19 27 -13 26 -25 -23 -1 -12 -2
right_child=2 9 3 4 5 -7 7 -9 -10 13 21 12 19 16 -16 -17 -18 20 -20 -21 -22 25 -24 24 -26 -27 -28 -29 -30
leaf_value=-8.9951116798037578 14.255455017089844 -0.021264374606749594 15.031814114252725 39.695477905273435 32.948419328169386 2.1648484446785665 42.619094085693348 13.902753019332884 23.581027730305987 2.6897719247000555 -0.12505664825439453 -0.96077265368925568 -8.0436877275768079 1.1210300359258549 18.252520533970422 5.6983627839521915 4.2837743362784391 1.460437034466304 -3.7321820681001627 -5.4545324706368978 -0.33399048455503605 4.9318395233154266 -4.0719526941126043 -4.0071967631578422 -8.6666590631008145 2.4918191021138973 -8.6188592311314167 0.46831336617469788 14.784225463867182
leaf_weight=105 3.9999999999999991 34 18 15 11 11 4 4 9 14.000000000000002 15.000000000000002 37 76 139 6.9999999999999991 11.000000000000002 50 64 51 36 151 5.0000000000000027 10.999999999999998 5.0000000000000027 15.999999999999998 22 35 3.9999999999999991 3
leaf_count=105 4 34 18 15 11 11 4 4 9 14 15 37 76 139 7 11 50 64 51 36 151 5 11 5 16 22 35 4 3
internal_value=0.0296124 -2.29298 14.2213 21.1235 25.9545 17.5566 15.1174 28.2609 33.6526 0.759623 3.41229 -7.14291 -5.55015 2.5497 7.87735 11.4915 1.95773 -0.49343 -2.24781 -7.21146 0.200165 1.72775 -1.67375 -8.72577 -7.55726 2.94367 -8.90105 -0.000136645 14.4821
internal_weight=967 831 136 83 46 22 37 8 24 510 53 321 160 210 21 29 189 300 85 112 215 46 48 161 21 27 140 19 7
internal_count=967 831 136 83 46 22 37 8 24 510 53 321 160 210 21 29 189 300 85 112 215 46 48 161 21 27 140 19 7
is_linear=0
shrinkage=0.05


Tree=9
num_leaves=31
num_cat=0
split_feature=2 1 4 4 7 4 2 4 2 7 3 4 0 1 4 7 8 4 4 0 6 3 0 0 4 0 1 4 2 0
split_gain=1.04186e+07 4.04922e+06 3.18288e+06 797992 791381 1.38076e+06 788462 468177 1.27795e+06 403501 322956 297006 293848 219202 357190 174919 138945 122092 86888.3 202141 93672.8 55506.3 46778.8 30676.6 25156.7 17572.2 17164 42451.6 9465.63 3202.25
threshold=5848.0400000000009 18936.375000000004 44735.000000000007 42910.000000000007 5.5000000000000009 44810.000000000007 5076.0650000000014 43672.500000000007 4200.6000000000013 4.5000000000000009 0.68004042481587523 36372.500000000007 38338.05000000001 13324.140000000001 36662.500000000007 1.5000000000000002 2.5000000000000004 42277.500000000007 37740.000000000007 35211.450000000004 63.500000000000007 0.47885254006995354 37539.650000000009 39967.100000000006 39497.500000000007 40953.400000000009 11311.805000000002 36662.500000000007 19568.865000000002 30617.750000000004
decision_type=2 2 2 2 2 2 2 2 2 2 2 2 2 2 2 2 2 2 2 2 2 2 2 2 2 2 2 2 2 2
left_child=2 13 3 11 6 23 9 8 -5 -4 16 12 -1 26 28 -9 17 -3 19 -12 -20 -16 -13 -6 -18 -7 29 -28 -15 -2
right_child=1 10 4 7 5 25 -8 15 -10 -11 18 22 -14 14 21 -17 24 -19 20 -21 -22 -23 -24 -25 -26 -27 27 -29 -30 -31
leaf_value=16.345521545410161 -8.5615306639939206 -7.3055024564266198 22.998604692731568 43.597339630126967 25.225761413574212 -1.4667840321858721 5.3973725954691574 15.819085693359376 5.6804096984863275 37.701035962785987 8.8460945389487531 -0.18272482219495273 2.3179353986467635 -0.880294747597405 -8.5611030929966976 7.7701929692868834 -0.024856959624836843 -0.61928198987787431 5.1867419763044884 1.5817759770396593 0.46901194903968779 -6.1108597407906746 2.9879737861951194 31.418155924479166 -1.5110256872006826 3.2199315388997394 -4.9896531862871996 -8.4285189514160148 -2.6723757648468016 -8.0706126177086031
leaf_weight=7.9999999999999982 89 18.000000000000004 7.0000000000000044 3.9999999999999982 3 3 2.9999999999999991 8.9999999999999982 5 14 10.999999999999998 19 7 28 38 27 48 10.999999999999998 10.999999999999998 74 242 59 30 6 70 6 13.999999999999998 25 9.9999999999999982 53
leaf_count=8 89 18 7 4 3 3 3 9 5 14 11 19 7 28 38 27 48 11 11 74 242 59 30 6 70 6 14 25 10 53
internal_value=-0.310574 -2.58163 11.7365 7.23042 23.431 15.5059 29.3749 12.3324 22.5324 32.8002 0.287912 3.64308 9.79931 -6.98583 -5.461 9.78242 -1.66854 -4.76935 1.1388 2.52186 0.674131 -7.07075 1.75852 29.354 -0.906482 1.65769 -8.12313 -7.19405 -1.3519 -8.3783
internal_weight=952 801 151 109 42 18 24 45 9 21 485 64 15 316 135 36 147 29 338 85 253 97 49 9 118 9 181 39 38 142
internal_count=952 801 151 109 42 18 24 45 9 21 485 64 15 316 135 36 147 29 338 85 253 97 49 9 118 9 181 39 38 142
is_linear=0
shrinkage=0.05


Tree=10
num_leaves=27
num_cat=0
split_feature=3 1 0 0 5 2 3 7 7 1 6 7 1 8 1 7 8 8 7 7 2 1 8 2 7 6
split_gain=9.40125e+06 3.96536e+06 1.61808e+06 762385 1.08229e+06 748423 400831 355688 319199 281440 246962 640502 182853 248912 126279 108435 83470.8 70685.4 60286.3 48639.2 39778 19147.9 35025.3 15379.6 2568.25 589.699
threshold=0.86628733700074412 18936.375000000004 37810.100000000013 41379.000000000007 17.500000000000004 1263.7750000000003 0.76063285880817699 1.5000000000000002 4.5000000000000009 38099.400000000001 66.500000000000014 5.5000000000000009 13324.140000000001 3.5000000000000004 22767.215000000004 2.5000000000000004 3.5000000000000004 3.5000000000000004 2.5000000000000004 3.5000000000000004 18629.970000000005 11311.805000000002 3.5000000000000004 4440.8900000000003 1.5000000000000002 71.500000000000014
decision_type=2 2 2 2 2 2 2 2 2 2 2 2 2 2 2 2 2 2 2 2 2 2 2 2 2 2
left_child=1 12 17 4 8 -5 14 -6 -4 -7 11 -8 21 19 16 -12 -3 23 -16 -14 -15 24 -23 25 -1 -2
right_child=2 6 3 5 7 9 10 -9 -10 -11 15 -13 13 20 18 -17 -18 -19 -20 -21 -22 22 -24 -25 -26 -27
leaf_value=-7.5589340473043514 -0.77395343780517312 -2.9661337333195141 12.771964528825544 7.0019912719726509 15.033036826638615 23.747092141045467 2.0126547177632648 6.4309859421195057 24.026575111207507 37.727227783203126 3.0450845788825642 21.342069880167642 -5.6991298187038177 -1.1369493952855982 1.0776458456128273 0.56991341314958721 -0.048520906374622613 8.4939441680908203 -0.64735127344881138 -8.0831138777732843 -4.1292486296759714 -8.1043385887146009 -5.0174413027132267 3.7022258758544924 -8.0921774695901316 -0.016775552431742349
leaf_weight=29 3.0000000000000098 66 9.0000000000000018 5.0000000000000027 17 8.9999999999999982 15.000000000000002 41 21 5.9999999999999991 88 5.9999999999999991 46 29 106 89 39 2.9999999999999991 97 40 18 20 17 2.9999999999999991 102 18
leaf_count=29 3 66 9 5 17 9 15 41 21 6 88 6 46 29 106 89 39 3 97 40 18 20 17 3 102 18
internal_value=-0.00665088 -2.04965 12.2059 14.9429 12.9402 23.7549 0.653581 8.95228 20.6502 29.3391 2.40875 7.53534 -6.59394 -5.20889 -0.474739 1.80051 -1.88245 1.25795 0.253386 -6.80796 -2.28294 -7.69044 -6.68603 0.353452 -7.97413 -0.124944
internal_weight=942 807 135 108 88 20 506 58 30 15 198 21 301 133 308 177 105 27 203 86 47 168 37 24 131 21
internal_count=942 807 135 108 88 20 506 58 30 15 198 21 301 133 308 177 105 27 203 86 47 168 37 24 131 21
is_linear=0
shrinkage=0.05


Tree=11
num_leaves=30
num_cat=0
split_feature=3 1 4 0 4 1 7 4 4 4 4 0 3 7 4 4 4 4 3 3 0 0 4 4 0 3 7 0 0
split_gain=8.44504e+06 3.62917e+06 3.46853e+06 682913 557843 509844 447445 1.50825e+06 390359 270000 316002 185842 178445 410005 151515 166791 137968 113076 248538 70531.4 63469.3 45593.7 30429.6 26213.9 21060.3 20241 16931.3 15864.7 8547.79
threshold=0.86628733700074412 17562.390000000003 44735.000000000007 41379.000000000007 44012.500000000007 26711.520000000008 5.5000000000000009 44810.000000000007 45077.500000000007 42910.000000000007 36662.500000000007 40370.250000000007 0.83343790452185995 5.5000000000000009 37740.000000000007 39052.500000000007 39497.500000000007 36662.500000000007 0.37348775106649673 0.74045337193580185 39606.05000000001 39345.950000000004 42752.500000000007 42977.500000000007 35717.600000000006 0.42864238990167675 1.0000000180025095e-35 41257.100000000006 40270.700000000004
decision_type=2 2 2 2 2 2 2 2 2 2 2 2 2 2 2 2 2 2 2 2 2 2 2 2 2 2 2 2 2
left_child=1 17 3 9 -5 14 8 21 20 10 -2 -11 16 -14 19 -16 -7 18 24 -3 -4 -8 26 -24 -1 -20 -19 -9 -10
right_child=2 5 6 4 -6 12 7 27 28 11 -12 -13 13 -15 15 -17 -18 22 25 -21 -22 -23 23 -25 -26 -27 -28 -29 -30
leaf_value=-7.2859597913289482 12.589671543666295 0.22772465894346708 27.233040364583317 36.990544637044259 9.7180219268798815 3.1968835502404431 22.85750020345051 -1.5559786066412924 18.537558492024729 14.67995937863985 1.2179331498531005 5.6988400271162396 3.1713434659299398 19.679610246419909 -5.4795904385632488 -1.3108519419062912 0.49285028293988731 -6.0892359046375049 -3.458146532015367 8.0196311826507252 35.525110931396483 29.885529479980473 -2.9930288587297715 -7.0727008395724829 -2.9914728343486789 -0.83129361158406201 -7.7615475243416387 2.8972145557403559 21.66715068817139
leaf_weight=59 6.9999999999999991 91 3.0000000000000009 3 5 65 3.0000000000000009 4 3.0000000000000009 9.0000000000000018 48 15.999999999999998 63 3.9999999999999991 29 139 172 17 10.999999999999998 2.9999999999999991 9.9999999999999982 9.9999999999999982 6.9999999999999991 8.9999999999999982 2.9999999999999991 22 138 4 7.9999999999999991
leaf_count=59 7 91 3 3 5 65 3 4 3 9 48 16 63 4 29 139 172 17 11 3 10 10 7 9 3 22 138 4 8
internal_value=0.0917099 -1.77842 11.7906 6.01649 19.9452 0.485417 23.0821 17.752 27.7458 4.62362 2.66525 8.93204 1.87856 4.15691 -1.13105 -2.03046 1.23446 -6.59545 -5.21236 0.476403 33.6116 28.2637 -7.36384 -5.28784 -7.07816 -1.70691 -7.57813 0.670618 20.8136
internal_weight=965 832 133 88 8 566 45 21 24 80 55 25 304 67 262 168 237 266 95 94 13 13 171 16 62 33 155 8 11
internal_count=965 832 133 88 8 566 45 21 24 80 55 25 304 67 262 168 237 266 95 94 13 13 171 16 62 33 155 8 11
is_linear=0
shrinkage=0.05


Tree=12
num_leaves=31
num_cat=0
split_feature=2 4 1 4 0 7 4 0 7 6 4 1 0 1 4 2 4 4 5 7 2 0 0 7 0 1 0 1 0 4
split_gain=8.11902e+06 3.38767e+06 2.91161e+06 566690 438396 431774 1.20502e+06 361482 426099 337943 316970 282094 222455 123348 241275 117897 226541 103354 134244 68929.9 44117.6 36163.1 27868.6 15207.7 8516.8 7099.55 17784.6 4608.02 3556.14 936.086
threshold=5848.0400000000009 44735.000000000007 17652.890000000003 42910.000000000007 38934.100000000006 5.5000000000000009 44810.000000000007 39169.250000000007 4.5000000000000009 75.500000000000014 36372.500000000007 22711.235000000004 38466.750000000007 12421.950000000001 36662.500000000007 7322.3650000000007 36372.500000000007 37740.000000000007 17.500000000000004 2.5000000000000004 4308.6100000000006 28727.050000000003 37772.700000000004 2.5000000000000004 41257.100000000006 11311.805000000002 31359.600000000002 22342.740000000002 37481.200000000004 29480.000000000004
decision_type=2 2 2 2 2 2 2 2 2 2 2 2 2 2 2 2 2 2 2 2 2 2 2 2 2 2 2 2 2 2
left_child=1 3 13 10 28 7 20 -3 -9 -6 12 17 -1 25 23 16 -13 27 -19 -17 -7 -16 -12 -15 -8 29 -27 -4 -5 -2
right_child=2 5 11 4 9 6 24 8 -10 -11 22 15 -14 14 21 19 -18 18 -20 -21 -22 -23 -24 -25 -26 26 -28 -29 -30 -31
leaf_value=14.308775160047743 -7.5646353721618658 13.296865880489339 -0.19528104313041852 2.5869056224823002 18.776443977355953 28.379553392198353 0.14245543479919431 20.030688912527896 35.553208923339838 8.3300402209162723 -0.31952025549752372 12.762117195129395 1.8796772003173829 -2.9010026498274373 -2.3469933080673218 1.1259328012458152 1.8107098008955227 -2.1654593537397244 -8.1190585049715907 -0.41321543047622761 22.068582153320307 -6.7386874736150109 2.0395374824923853 -0.62406591542742473 3.4052754402160641 -4.4201662540435773 -7.2790261464960437 1.8272058208783468 0.78141572237014767 -7.2202635378450966
leaf_weight=8.9999999999999982 24 4.0000000000000027 46 5.9999999999999982 15.000000000000002 8.9999999999999982 4 7.0000000000000009 12 15.999999999999998 21 4.9999999999999991 5.9999999999999991 10.999999999999998 4.9999999999999991 144 85 68 10.999999999999998 147 4.0000000000000009 75 31 22 4 8.0000000000000018 17 2.9999999999999991 5 111
leaf_count=9 24 4 46 6 15 9 4 7 12 16 21 5 6 11 5 144 85 68 11 147 4 75 31 22 4 8 17 3 5 111
internal_value=-0.0181618 10.5154 -2.07907 5.78834 10.3418 22.2255 17.042 26.9583 29.8344 13.3848 2.93392 0.155305 9.33714 -6.24499 -4.98033 0.837566 2.41912 -1.87549 -2.99444 0.348425 26.4377 -6.46421 1.08684 -1.38304 1.77387 -7.13816 -6.36419 -0.0714553 1.76623 -7.28149
internal_weight=935 153 782 109 42 44 21 23 19 31 67 509 15 273 113 381 90 128 79 291 13 80 52 33 8 160 25 49 11 135
internal_count=935 153 782 109 42 44 21 23 19 31 67 509 15 273 113 381 90 128 79 291 13 80 52 33 8 160 25 49 11 135
is_linear=0
shrinkage=0.05


Tree=13
num_leaves=29
num_cat=0
split_feature=3 3 4 4 7 4 7 3 4 3 0 4 2 4 4 8 4 3 4 4 2 4 0 4 4 2 6 6
split_gain=7.39751e+06 2.68888e+06 2.37151e+06 631801 971701 1.36758e+06 459016 1.06248e+06 426798 249044 239842 187232 149703 144691 329795 120339 104908 91059.9 204051 68559.3 65464.2 73538.1 26307.4 22477.1 16729.7 11731.2 9149.15 573.26
threshold=0.86628733700074412 0.56206175201590758 42910.000000000007 44735.000000000007 5.5000000000000009 44810.000000000007 3.5000000000000004 0.90047498870759213 45077.500000000007 0.68877002411205213 35054.400000000009 36662.500000000007 3561.7250000000008 36662.500000000007 36090.000000000007 2.5000000000000004 39052.500000000007 0.42864238990167675 36662.500000000007 42910.000000000007 18972.920000000002 40485.000000000007 38227.700000000004 43067.500000000007 39497.500000000007 19985.695000000003 73.500000000000014 71.500000000000014
decision_type=2 2 2 2 2 2 2 2 2 2 2 2 2 2 2 2 2 2 2 2 2 2 2 2 2 2 2 2
left_child=1 10 11 6 8 -6 7 -4 -5 15 17 -2 -8 14 -11 16 -3 25 -19 -15 23 -22 27 -12 -17 -1 -24 -13
right_child=2 9 3 4 5 -7 12 -9 -10 13 20 22 -14 19 -16 24 -18 18 -20 -21 21 -23 26 -25 -26 -27 -28 -29
leaf_value=-5.9415278579294686 11.349704742431641 -7.5545457522074386 9.0627593907442954 33.368636967585637 25.610131003639914 1.2026226808627447 -0.11603162671284123 36.860440063476567 19.204187181260849 1.1409361195430392 -0.52509908830297414 -0.78017641703287666 9.1450489744544026 -0.094112424601137251 8.2373621669682588 0.3413142747657244 -1.9027316980637037 -0.66563767609388935 -6.0753129856454002 1.5216439467927685 -1.5823946568776257 -7.2422202428181963 -0.26740136146545379 -3.8871100425720218 -0.9117402386239597 -6.918110491817159 2.6936681795120241 -0.033627201451195611
leaf_weight=40 4.9999999999999991 11.999999999999998 10.999999999999998 13 11 12 6.0000000000000027 4.9999999999999991 9 64 29 3.0000000000000027 15.999999999999998 153 22 43 26 23 72 115 11.000000000000002 11.999999999999998 3.0000000000000027 5.9999999999999991 70 133 20 18
leaf_count=40 5 12 11 13 11 12 6 5 9 64 29 3 16 153 22 43 26 23 72 115 11 12 3 6 70 133 20 18
internal_value=-0.0919427 -1.83851 10.9035 16.0529 20.0616 12.8758 11.3057 17.7495 27.5741 0.446655 -5.37842 2.1811 6.6193 1.17184 2.9563 -1.25345 -3.68752 -6.00934 -4.7656 0.599216 -2.46316 -4.53535 1.13921 -1.10144 -0.434914 -6.69231 2.30744 -0.140277
internal_weight=963 831 132 83 45 23 38 16 22 505 326 49 22 354 86 151 38 268 95 268 58 23 44 35 113 173 23 21
internal_count=963 831 132 83 45 23 38 16 22 505 326 49 22 354 86 151 38 268 95 268 58 23 44 35 113 173 23 21
is_linear=0
shrinkage=0.05


Tree=14
num_leaves=27
num_cat=0
split_feature=2 4 1 2 0 0 0 4 4 4 1 1 4 7 0 8 5 3 1 1 3 4 3 0 2 4
split_gain=5.89139e+06 2.82315e+06 2.24141e+06 359105 361126 540136 353186 180450 242815 234091 144577 142364 225405 69246.7 128572 62901.2 56664.2 48234 46386.6 43903.6 25887 22327.4 9769.13 5754.7 34929.6 2422.07
threshold=6280.3000000000011 44735.000000000007 18936.375000000004 1263.7750000000003 41400.80000000001 40953.400000000009 41460.750000000007 36372.500000000007 44012.500000000007 36090.000000000007 25094.825000000001 12421.950000000001 36662.500000000007 2.5000000000000004 34712.350000000006 2.5000000000000004 17.500000000000004 0.47095748802375947 37833.355000000003 39938.810000000005 0.80666935054706268 39497.500000000007 0.42864238990167675 30575.300000000003 19873.480000000003 42595.000000000007
decision_type=2 2 2 2 2 2 2 2 2 2 2 2 2 2 2 2 2 2 2 2 2 2 2 2 2 2
left_child=1 6 11 -3 5 -5 7 9 -9 -1 15 23 22 14 -12 16 -4 -14 -8 -6 -15 -17 -13 25 -25 -2
right_child=2 3 10 4 19 -7 18 8 -10 -11 13 12 17 20 -16 21 -18 -19 -20 -21 -22 -23 -24 24 -26 -27
leaf_value=1.8492647647857663 -6.7248349431049395 5.3072175216674813 -1.7773866920173171 19.651858062897958 23.451298522949227 1.9423229920864107 20.381646378835043 1.2284397576984607 6.2133655276563431 13.324301147460936 8.218048095703125 -2.4410459834795732 -6.8015956479449606 -0.33638708117817129 1.261676714294232 0.19527639677298481 -6.3008888774447973 -4.622324843560496 11.588979689280189 30.859367879231769 0.98023923337459573 -1.169527642957626 -0.81565631851553921 -2.0312424468994141 -6.3634665588834398 -5.4651737213134766
leaf_weight=8 83 4.9999999999999991 30 31 2.9999999999999982 4.9999999999999991 2.9999999999999991 76 36 10 6.9999999999999991 12.999999999999998 43 112 130 58 8.9999999999999982 62 3 6 56 62 32 4.9999999999999991 67 3.9999999999999991
leaf_count=8 83 5 30 31 3 5 3 76 36 10 7 13 43 112 130 58 9 62 3 6 56 62 32 5 67 4
internal_value=-0.12921 7.85998 -2.05158 18.0193 19.4318 17.1922 4.12494 3.57754 2.83074 8.22428 0.145578 -5.35087 -4.24592 0.782827 1.61711 -1.07682 -2.82127 -5.51479 15.9853 28.39 0.102488 -0.509872 -1.28521 -6.39327 -6.06262 -6.66692
internal_weight=959 186 773 50 45 36 136 130 112 18 464 309 150 305 137 159 39 105 6 9 168 120 45 159 72 87
internal_count=959 186 773 50 45 36 136 130 112 18 464 309 150 305 137 159 39 105 6 9 168 120 45 159 72 87
is_linear=0
shrinkage=0.05


Tree=15
num_leaves=31
num_cat=0
split_feature=1 1 4 7 7 4 2 2 4 4 7 1 4 4 2 1 8 7 4 4 0 1 4 1 6 0 0 7 0 0
split_gain=6.01086e+06 2.78341e+06 782090 854064 506408 782276 497455 458185 291624 498861 262823 250240 196758 155687 114555 94111.2 88961.5 83689.2 75320.2 68869.7 57183.9 43527.5 73165.1 17588.3 12833 9034.03 6834.5 4756.91 498.471 114.452
threshold=36386.585000000006 20408.820000000003 44735.000000000007 2.5000000000000004 5.5000000000000009 44810.000000000007 6280.3000000000011 4138.5000000000009 44735.000000000007 44810.000000000007 4.5000000000000009 15435.360000000001 36372.500000000007 37740.000000000007 4254.9850000000015 26788.960000000003 2.5000000000000004 1.5000000000000002 39497.500000000007 44395.000000000007 41460.750000000007 12421.950000000001 36662.500000000007 37617.775000000009 65.500000000000014 40551.000000000007 41400.80000000001 3.5000000000000004 41257.100000000006 40458.750000000007
decision_type=2 2 2 2 2 2 2 2 2 2 2 2 2 2 2 2 2 2 2 2 2 2 2 2 2 2 2 2 2 2
left_child=1 11 3 7 10 26 8 23 12 -10 29 21 -3 24 25 16 -8 -15 -17 -9 -12 27 -23 -2 -13 -5 -6 -1 -7 -4
right_child=2 6 4 14 5 28 15 19 9 -11 20 13 -14 17 -16 18 -18 -19 -20 -21 -22 22 -24 -25 -26 -27 -28 -29 -30 -31
leaf_value=-5.8525123763084412 26.52681674957276 7.7813788625929092 17.994717915852856 3.6079804867505967 25.2974530029297 1.5443051353096957 -2.4393161712781244 4.6777854283650706 23.450281982421878 4.107426891326905 33.445660400390622 -3.0334077787399294 1.9887969235076182 -1.620891630365735 12.010258491834005 2.4858869757808626 0.10433985475889024 -5.3505839878658081 0.45432965338888753 14.699512672424314 26.205590820312494 -2.1570419078781491 -5.771623647780646 31.941045125325516 -0.35709997831388962 0.93366915504137682 22.278732808430984 -6.4030560382000816 2.3595526313781732 17.586172485351561
leaf_weight=80 2.9999999999999982 18 3.0000000000000009 4.0000000000000062 4.9999999999999973 3 46 3 4.9999999999999991 9.9999999999999982 6 4.9999999999999991 79 21 2.9999999999999991 61 136 53 181 4 5 21 42 3 43 14.999999999999998 3 77 5 4
leaf_count=80 3 18 3 4 5 3 46 3 5 10 6 5 79 21 3 61 136 53 181 4 5 21 42 3 43 15 3 77 5 4
internal_value=-0.0287612 -1.14547 14.181 8.93436 19.5819 13.1096 1.10328 19.095 4.06701 10.555 25.335 -4.66984 3.06371 -2.85362 2.93035 0.320411 -0.538562 -4.29216 0.966416 10.4045 30.1547 -5.67701 -4.56676 29.2339 -0.635882 1.49668 24.1654 -6.12252 2.05383 17.7613
internal_weight=947 878 69 35 34 16 536 13 112 15 18 342 97 122 22 424 182 74 242 7 11 220 63 6 48 19 8 157 8 7
internal_count=947 878 69 35 34 16 536 13 112 15 18 342 97 122 22 424 182 74 242 7 11 220 63 6 48 19 8 157 8 7
is_linear=0
shrinkage=0.05


Tree=16
num_leaves=31
num_cat=0
split_feature=2 4 3 4 7 0 4 7 3 4 0 3 0 8 5 4 4 2 6 3 4 2 0 0 4 0 0 0 0 0
split_gain=5.31582e+06 2.32116e+06 1.77071e+06 362717 1.36962e+06 629622 299392 287511 721713 241196 256530 159090 147432 94351.4 87921.3 78764.4 56903.3 200495 49907 111108 36474.7 41192 35439.2 33866.7 31801.1 26381.4 23822.1 17983.3 16335.5 6543.39
threshold=6280.3000000000011 44735.000000000007 0.56206175201590758 44810.000000000007 5.5000000000000009 38227.700000000004 42910.000000000007 3.5000000000000004 0.90164717565782104 36372.500000000007 38338.05000000001 0.68877002411205213 35054.400000000009 2.5000000000000004 17.500000000000004 39052.500000000007 36662.500000000007 19985.695000000003 69.500000000000014 0.79271995318402666 40485.000000000007 18972.920000000002 40771.05000000001 37202.600000000006 42752.500000000007 40606.30000000001 39345.950000000004 33168.80000000001 41400.80000000001 35798.100000000006
decision_type=2 2 2 2 2 2 2 2 2 2 2 2 2 2 2 2 2 2 2 2 2 2 2 2 2 2 2 2 2 2
left_child=1 6 12 26 5 -5 9 8 -8 10 -1 13 16 15 -9 -4 17 -2 19 -13 29 -22 -6 -11 -18 -20 -3 -15 -28 -14
right_child=2 3 11 4 22 -7 7 14 -10 23 -12 18 20 27 -16 -17 24 -19 25 -21 21 -23 -24 -25 -26 -27 28 -29 -30 -31
leaf_value=13.851822090148927 -0.8368827202419441 20.024818420410156 -6.3400070939745223 -1.4504773775736475 -4.374369049072266 22.845001475016275 7.6615148024125519 6.3314722929682041 33.804205322265624 -0.83152839684238045 1.1896275103092193 0.94011609891675563 -1.8773382914066308 -4.2642718553543091 0.82204443812370287 -1.4501593706011773 -5.9411707301170402 -5.886789489210698 0.24003215207029946 5.6942212998867037 -2.1133841949350689 -6.2966691758897575 1.8217993056774142 1.5556710457572571 -3.7216089778476289 1.5673249611670668 25.574669320242748 -0.33869206176473288 21.164796447753901 -0.22615298946698506
leaf_weight=7.9999999999999991 30 4.9999999999999991 13.999999999999998 3.0000000000000027 2.9999999999999991 24 22.000000000000004 14 2.9999999999999991 24 7.9999999999999991 53 10.000000000000002 2.9999999999999991 15 20 156 57 184 15.999999999999998 17.000000000000004 8.9999999999999982 9.9999999999999982 39 18 47 6.9999999999999982 106 3 14.999999999999998
leaf_count=8 30 5 14 3 3 24 22 14 3 24 8 53 10 3 15 20 156 57 184 16 17 9 10 39 18 47 7 106 3 15
internal_value=0.0495505 7.5726 -1.82374 16.2121 13.7256 20.1455 3.99987 6.86921 10.7986 2.03856 7.52072 0.208367 -4.70907 -1.16404 3.48177 -3.46363 -5.18952 -4.14544 0.862546 2.04252 -2.25026 -3.56144 0.391914 0.646262 -5.71156 0.510087 22.8427 -0.446736 24.2517 -0.886627
internal_weight=943 188 755 55 40 27 133 54 25 79 16 443 312 143 29 34 261 87 300 69 51 26 13 63 174 231 15 109 10 25
internal_count=943 188 755 55 40 27 133 54 25 79 16 443 312 143 29 34 261 87 300 69 51 26 13 63 174 231 15 109 10 25
is_linear=0
shrinkage=0.05


Tree=17
num_leaves=31
num_cat=0
split_feature=3 1 4 7 4 4 2 1 4 1 4 0 3 4 4 4 8 2 4 4 0 0 4 2 2 4 4 6 0 0
split_gain=4.48996e+06 1.90151e+06 1.60837e+06 425016 989438 399086 308472 427370 236377 166868 128307 195914 118133 124354 104156 103917 78186.3 82467.2 57793.4 49800.2 40859.7 31519.5 28369.9 99287 27482 12981.7 11859 6692.74 5069.18 4557.51
threshold=0.86391879330921839 19674.130000000001 44735.000000000007 5.5000000000000009 44810.000000000007 42910.000000000007 3561.7250000000008 37226.155000000006 45077.500000000007 26711.520000000008 39497.500000000007 35798.100000000006 0.46232164407289505 37740.000000000007 36662.500000000007 42910.000000000007 2.5000000000000004 8974.9150000000027 42277.500000000007 38452.500000000007 39345.950000000004 39606.05000000001 36662.500000000007 19985.695000000003 2676.4450000000006 39905.000000000007 42752.500000000007 65.500000000000014 38010.500000000007 40270.700000000004
decision_type=2 2 2 2 2 2 2 2 2 2 2 2 2 2 2 2 2 2 2 2 2 2 2 2 2 2 2 2 2 2
left_child=1 12 5 8 20 14 -7 -8 21 16 11 -11 22 27 28 -12 18 -18 -3 -15 -5 -4 23 -1 -6 -16 -24 -14 -2 -10
right_child=2 9 3 4 24 6 7 -9 29 10 15 -13 13 19 25 -17 17 -19 -20 -21 -22 -23 26 -25 -26 -27 -28 -29 -30 -31
leaf_value=-0.6319552682340146 9.2036699930826824 -3.2917942467408303 20.836958821614573 16.174341837565095 1.9975531205534935 -0.39253807812929153 8.6682594281655749 28.560787455240888 13.199497731526689 9.895749770270454 -0.59651831979157799 2.0457047463339921 -1.9908866729055132 -6.3594621749151328 3.1391659164428711 1.6511804805041477 7.0093724727630615 -0.26499914425611498 0.45319588524954657 -3.5177816740397754 22.912268744574654 26.680429687499998 -5.7468186050653465 -5.2870363795568078 -3.6140252113342264 0.43690180420875557 -3.4724278132120769 -0.2491066592817123 6.2970164934794095 15.586312611897785
leaf_weight=13.999999999999998 2.9999999999999991 39 3.0000000000000009 3.0000000000000009 7.9999999999999991 7.9999999999999991 27.000000000000004 2.9999999999999991 3 8.9999999999999982 99 68 6.9999999999999991 21 4.9999999999999991 107 3.9999999999999991 150 13.999999999999998 58 8.9999999999999982 9.9999999999999982 128 63 3.0000000000000009 40 5.9999999999999991 26 3 6
leaf_count=14 3 39 3 3 8 8 27 3 3 9 99 68 7 21 5 107 4 150 14 58 9 10 128 63 3 40 6 26 3 6
internal_value=-0.132783 -1.53051 8.34748 16.0512 11.2988 4.45235 8.33119 10.6575 21.0196 0.432741 1.22188 2.96324 -4.50883 -3.19637 1.56223 0.570976 -0.646124 -0.0760544 -2.30255 -4.27317 21.2278 25.3319 -5.20549 -4.44066 0.467123 0.737153 -5.64498 -0.618575 7.75034 14.7907
internal_weight=947 813 134 45 23 89 38 30 22 490 283 77 323 112 51 206 207 154 53 79 12 13 211 77 11 45 134 33 6 9
internal_count=947 813 134 45 23 89 38 30 22 490 283 77 323 112 51 206 207 154 53 79 12 13 211 77 11 45 134 33 6 9
is_linear=0
shrinkage=0.05


Tree=18
num_leaves=27
num_cat=0
split_feature=2 4 1 0 2 2 2 6 4 3 4 4 4 8 4 4 2 0 4 4 1 6 4 4 3 4
split_gain=4.14935e+06 1.74993e+06 1.52076e+06 384860 391402 256285 218626 356528 257461 185023 140631 224333 201869 124624 96418.3 65465.6 133218 67529.8 46581 212865 60522 24108.4 20303.1 43401.6 20583.8 6453.77
threshold=6280.3000000000011 44735.000000000007 17652.890000000003 41379.000000000007 3679.5350000000003 1263.7750000000003 4308.6100000000006 70.500000000000014 44810.000000000007 0.65962423270745651 36372.500000000007 42910.000000000007 36090.000000000007 2.5000000000000004 42277.500000000007 36662.500000000007 19985.695000000003 35798.100000000006 36372.500000000007 36090.000000000007 27479.530000000002 67.500000000000014 42752.500000000007 42977.500000000007 0.56206175201590758 28185.000000000004
decision_type=2 2 2 2 2 2 2 2 2 2 2 2 2 2 2 2 2 2 2 2 2 2 2 2 2 2
left_child=1 3 15 10 -5 -3 7 -7 -8 13 12 -12 -1 14 -4 16 25 -18 19 -11 -20 -15 24 -24 -17 -2
right_child=2 5 9 4 -6 6 8 -9 -10 18 11 -13 -14 21 -16 22 17 -19 20 -21 -22 -23 23 -25 -26 -27
leaf_value=1.0415298402309416 -2.7387314319610572 4.0373902893066411 -6.2952871322631827 0.13134510517120357 22.975791625976559 30.405767517089846 18.893450012207037 15.870431455859432 4.0381200245448516 0.84908079467122521 0.53869833272237044 5.101611651804137 11.480073339288884 -1.5324930766421669 -0.063502750794092816 -5.4331162713329242 -5.3487508383290523 0.70729118347167974 -0.71492861670606278 9.5074561119079597 0.91131173105325025 -0.12740111613853111 -0.49886542728969002 -5.5351881200617008 -1.8020692348480225 -0.58671501058119313
leaf_weight=8 4.0000000000000027 4.9999999999999991 20.000000000000004 3 5 4.9999999999999991 4.9999999999999982 27 7 63 65 46 11 53 8.9999999999999982 161 58 4.9999999999999991 85 7.9999999999999991 175 72 7.0000000000000027 10.999999999999998 3.9999999999999991 27
leaf_count=8 4 5 20 3 5 5 5 27 7 63 65 46 11 53 9 161 58 5 85 8 175 72 7 11 4 27
internal_value=-0.0267537 6.6472 -1.66459 3.76504 14.4091 14.7643 15.9833 18.1416 10.2278 0.0234847 3.11002 2.42964 7.0849 -1.40826 -4.36129 -4.62024 -3.54774 -4.86811 0.689614 1.82467 0.379656 -0.72316 -5.17114 -3.57662 -5.34509 -0.864395
internal_weight=949 187 762 138 8 49 44 32 12 485 130 111 19 154 29 277 94 63 331 71 260 125 183 18 165 31
internal_count=949 187 762 138 8 49 44 32 12 485 130 111 19 154 29 277 94 63 331 71 260 125 183 18 165 31
is_linear=0
shrinkage=0.05


Tree=19
num_leaves=29
num_cat=0
split_feature=3 1 4 4 2 3 2 0 1 4 1 0 4 4 2 4 4 4 1 4 4 1 4 1 4 0 0 6
split_gain=3.60243e+06 1.6682e+06 1.27599e+06 296264 245549 288130 233759 260709 121737 117223 111338 162193 193708 69607.3 101094 68733.6 64985.1 63012.7 115569 59438.9 41299.6 15749.3 12184.4 4517 4195.27 1587.6 620.627 412.804
threshold=0.86391879330921839 20408.820000000003 42910.000000000007 44735.000000000007 3561.7250000000008 0.90164717565782104 1263.7750000000003 41322.55000000001 17562.390000000003 36662.500000000007 28469.320000000003 37539.650000000009 44735.000000000007 37740.000000000007 8610.340000000002 39052.500000000007 37740.000000000007 36662.500000000007 11969.67 41515.000000000007 39497.500000000007 35670.155000000006 42277.500000000007 33681.630000000005 42412.500000000007 34630.900000000009 41400.80000000001 74.500000000000014
decision_type=2 2 2 2 2 2 2 2 2 2 2 2 2 2 2 2 2 2 2 2 2 2 2 2 2 2 2 2
left_child=1 8 9 4 26 -6 -5 -8 17 23 13 12 -12 14 -3 -15 25 18 -1 -18 -13 27 -19 -2 -23 -10 -4 -11
right_child=2 10 3 6 5 -7 7 -9 16 21 11 20 -14 15 -16 -17 19 22 -20 -21 -22 24 -24 -25 -26 -27 -28 -29
leaf_value=-4.7514397186145443 5.5374904314676909 9.9799125671386726 -0.82657971978187561 3.8355206298828124 8.0214001407623297 22.474571895599368 13.172387858293952 22.804987250434028 0.39827811978757371 -0.43435588817183773 2.6545473709188663 2.2577074916739215 11.921703011648995 -3.1747970814704898 0.64967250643504992 -0.32861524562750549 -5.2748463845252997 -5.2288157361827494 -0.99675518218427905 -1.4661838762107351 0.4085307368235726 2.520975673198699 -4.2129875930579939 7.9916036224365214 0.98479786396026625 -0.41504800220330557 0.1247778256734212 -0.049406540766358378
leaf_weight=57 3 2.9999999999999991 3.9999999999999991 4.9999999999999991 25.000000000000004 3.9999999999999991 32 8.9999999999999982 10.000000000000002 13.000000000000002 29 38 6.9999999999999991 25 90 140 20 146 32 21 147 8.0000000000000018 37 5 9.9999999999999982 14.999999999999998 3 14.999999999999998
leaf_count=57 3 3 4 5 25 4 32 9 10 13 29 38 7 25 90 140 20 146 32 21 147 8 37 5 10 15 3 15
internal_value=-0.0814186 -1.33566 7.45323 11.3834 7.98615 10.0149 14.0421 15.2869 -4.02528 1.48516 0.562244 1.38589 4.45649 -0.143278 0.950648 -0.759855 -2.09894 -4.49271 -3.40144 -3.32407 0.788362 0.513653 -5.02343 7.07131 1.66754 -0.0897176 -0.418855 -0.228133
internal_weight=953 817 136 82 36 29 46 41 338 54 479 221 36 258 93 165 66 272 89 41 185 46 183 8 18 25 7 28
internal_count=953 817 136 82 36 29 46 41 338 54 479 221 36 258 93 165 66 272 89 41 185 46 183 8 18 25 7 28
is_linear=0
shrinkage=0.05


Tree=20
num_leaves=30
num_cat=0
split_feature=2 4 3 3 6 4 4 4 3 7 7 3 8 4 4 7 4 4 0 4 2 3 0 0 4 2 6 4 5
split_gain=3.96188e+06 1.49534e+06 1.20035e+06 484040 301693 196543 131460 137875 113592 107588 105437 100805 82344.1 82255.8 69245.5 68808.8 64046.9 63868.1 43529.6 36488.8 102631 23003.3 22763.8 14982 9662.87 9082.82 4903.85 1182.86 102.301
threshold=5848.0400000000009 42910.000000000007 0.56206175201590758 0.88185650324919773 69.500000000000014 44735.000000000007 36372.500000000007 36090.000000000007 0.47095748802375947 5.5000000000000009 1.5000000000000002 0.68004042481587523 2.5000000000000004 36662.500000000007 42277.500000000007 2.5000000000000004 41515.000000000007 36372.500000000007 37443.30000000001 36662.500000000007 19985.695000000003 0.80666935054706268 37953.700000000004 41057.250000000007 42412.500000000007 15290.490000000002 70.500000000000014 32370.000000000004 18.500000000000004
decision_type=2 2 2 2 2 2 2 2 2 2 2 2 2 2 2 2 2 2 2 2 2 2 2 2 2 2 2 2 2
left_child=1 6 8 9 -5 -6 7 28 19 10 -3 12 14 27 -4 17 -15 -13 -9 20 -2 -17 26 -14 -24 -21 -8 -10 -1
right_child=2 3 11 4 5 -7 22 18 13 -11 -12 15 23 16 -16 21 -18 -19 -20 25 -22 -23 24 -25 -26 -27 -28 -29 -30
leaf_value=0.63703112602233869 -0.31709618819387342 9.9465767860412431 -4.4039046287536623 25.06606155395508 9.2341150690769336 14.699813185240092 -2.119442939758299 14.75479125976562 -0.06474896827164818 11.191409606933595 0.66354016157296991 3.3224884288126812 -0.33018054228138038 -4.7810800194740297 0.519094153046608 -0.39349367921812495 -1.726385410130024 0.90416307462280443 7.3783445358276358 -2.1353635152180988 -4.5423616465875662 0.79700525937572364 2.4698536983558106 2.7859929263591767 0.69600924954694865 -4.9158691501617433 -0.21624434390528635 -0.65457877188044433 0.99462823867797834
leaf_weight=4 19 4.0000000000000062 25 4.9999999999999991 29 38 4.0000000000000027 3 17 4.9999999999999991 12.999999999999998 36 108 37 9.9999999999999982 114 32 113 6 2.9999999999999991 59 63 14.000000000000002 3.9999999999999991 17 140 22 17 4
leaf_count=4 19 4 25 5 29 38 4 3 17 5 13 36 108 37 10 114 32 113 6 3 59 63 14 4 17 140 22 17 4
internal_value=0.0715068 7.04951 -1.39939 11.2349 13.2182 12.3341 1.73292 5.59183 -3.7439 4.74406 2.84778 0.206577 -0.880423 -2.37255 -2.99733 0.696727 -3.36441 1.48846 9.83716 -4.38304 -3.51313 0.0302432 0.582017 -0.218889 1.4971 -4.85754 -0.509044 -0.359664 0.81583
internal_weight=965 168 797 94 72 67 74 17 324 22 17 473 147 103 35 326 69 149 9 221 78 177 57 112 31 143 26 34 8
internal_count=965 168 797 94 72 67 74 17 324 22 17 473 147 103 35 326 69 149 9 221 78 177 57 112 31 143 26 34 8
is_linear=0
shrinkage=0.05


Tree=21
num_leaves=31
num_cat=0
split_feature=2 4 1 0 6 4 0 7 4 1 4 4 4 4 2 0 2 2 0 7 0 2 0 7 6 4 4 7 3 5
split_gain=3.61705e+06 1.38241e+06 1.16337e+06 468658 366329 307850 236279 199687 143059 142048 119380 65401.3 106860 51950 100352 47963.2 45093.4 124122 38999 29592.6 19784.8 17304.1 13900.6 10111.9 9718.32 9636.5 15721.3 12370.2 4811.05 61.8089
threshold=5848.0400000000009 42910.000000000007 17562.390000000003 38589.750000000007 69.500000000000014 44012.500000000007 38934.100000000006 5.5000000000000009 36372.500000000007 24421.240000000005 36090.000000000007 37740.000000000007 41515.000000000007 36662.500000000007 19985.695000000003 35798.100000000006 6280.3000000000011 6198.4800000000005 37443.30000000001 2.5000000000000004 37772.700000000004 10754.175000000001 38136.650000000009 5.5000000000000009 74.500000000000014 42752.500000000007 44860.000000000007 1.0000000180025095e-35 0.86628733700074412 18.500000000000004
decision_type=2 2 2 2 2 2 2 2 2 2 2 2 2 2 2 2 2 2 2 2 2 2 2 2 2 2 2 2 2 2
left_child=1 8 13 7 6 -6 -5 22 10 11 29 21 -13 14 23 -16 17 -11 -12 -18 28 -4 -3 -2 -22 27 -27 -15 -10 -1
right_child=2 3 9 4 5 -7 -8 -9 20 16 18 12 -14 25 15 -17 19 -19 -20 -21 24 -23 -24 -25 -26 26 -28 -29 -30 -31
leaf_value=0.60517956614494306 -0.36663954639434815 -0.54342051267623903 3.8301373799641931 12.741971333821615 21.28431510925293 10.222676747075973 31.304663085937495 14.663189697265626 -2.0905363082885726 1.1267580100081183 14.017051696777342 -3.8185609459877017 -0.58574483213854622 -3.4034606880611848 -4.6892645402388142 0.98146504163742065 0.95570194117010454 10.701790392398834 7.2032868521554123 -0.014817328391706241 -0.16802252680063248 -0.065895194651787739 3.3371723145246506 -2.4089764147996906 1.8341779532432558 -2.1723918056488039 -5.6061893463134771 -4.7921503393017515 -0.205432120913809 0.90540933609008756
leaf_weight=4.0000000000000009 25 9.9999999999999982 2.9999999999999991 2.9999999999999991 6.9999999999999991 62 4 2.9999999999999991 4.0000000000000027 22.000000000000004 3 44 61 18 55 3.9999999999999991 146 3.9999999999999991 7 170 7.9999999999999991 57 2.9999999999999991 7.9999999999999991 25 9.9999999999999982 4.9999999999999991 147 22 3
leaf_count=4 25 10 3 3 7 62 4 3 4 22 3 44 61 18 55 4 146 4 7 170 8 57 3 8 25 10 5 147 22 3
internal_value=0.0367046 6.69076 -1.39832 10.8131 12.4505 11.3449 23.3492 3.03543 1.70052 0.0169559 5.74183 -1.18796 -1.94045 -4.03634 -3.0698 -4.30481 0.598273 2.59984 9.24742 0.433587 0.536078 0.128906 0.352101 -0.861752 1.3488 -4.53035 -3.31699 -4.64066 -0.495448 0.733849
internal_weight=947 168 779 92 76 69 7 16 76 507 17 165 105 272 92 59 342 26 10 316 59 60 13 33 33 180 15 165 26 7
internal_count=947 168 779 92 76 69 7 16 76 507 17 165 105 272 92 59 342 26 10 316 59 60 13 33 33 180 15 165 26 7
is_linear=0
shrinkage=0.05


Tree=22
num_leaves=30
num_cat=0
split_feature=2 4 1 4 7 2 7 1 4 1 4 4 1 6 8 6 4 1 1 1 4 1 1 1 6 6 4 3 3
split_gain=2.70068e+06 997253 926392 461226 599994 957967 283917 634506 176486 72857.7 87252.5 77726.9 60009.8 41486.4 34068.6 50081.4 34034.2 30888.1 19006.1 14579.8 51634 12637.1 12122.3 27972 13697.9 8305.5 4088.61 2382.56 1730.26
threshold=6661.4250000000011 44735.000000000007 19674.130000000001 44810.000000000007 5.5000000000000009 5076.0650000000014 2.5000000000000004 37379.255000000012 44395.000000000007 15435.360000000001 37740.000000000007 41515.000000000007 24211.150000000005 61.500000000000007 2.5000000000000004 71.500000000000014 39497.500000000007 38979.740000000005 20408.820000000003 12254.900000000003 36662.500000000007 30725.855000000007 35211.140000000007 32971.295000000006 73.500000000000014 70.500000000000014 36662.500000000007 0.82333140341659317 0.3925783812162067
decision_type=2 2 2 2 2 2 2 2 2 2 2 2 2 2 2 2 2 2 2 2 2 2 2 2 2 2 2 2 2
left_child=1 6 9 22 5 -5 7 8 -1 19 26 -12 14 -14 15 -4 -15 -6 -16 28 -21 27 23 -3 -24 -23 -11 -8 -2
right_child=2 3 12 4 17 -7 21 -9 -10 10 11 -13 13 16 18 -17 -18 -19 -20 20 -22 25 24 -25 -26 -27 -28 -29 -30
leaf_value=2.8182042926337036 -4.3299203295103261 19.130288696289064 -1.0835863934622869 17.726531619117374 -5.5709250450134284 0.84135380472455701 -0.38941133022308361 24.077489471435548 10.256416935390897 -0.37923534683607241 -4.8794702273148758 -1.4614169667507042 6.2415725390116377 1.078752030660775 -1.9785650947514704 -5.838180589675904 -0.039844124997947733 -0.18970148852095009 -0.11211252195247706 -1.2580013108880896 -4.3199679069519048 2.0853781819343569 20.825578689575202 12.302398935953773 17.048198827107747 0.35257654418146206 1.5664639472961426 -1.9647933801015218 -5.3843750953674316
leaf_weight=70 142 2.9999999999999991 18.000000000000004 21 3.9999999999999991 13.999999999999998 3.9999999999999982 3.9999999999999991 8.9999999999999982 27.000000000000004 39 29 2.9999999999999991 102 17 7.9999999999999991 204 7.9999999999999991 69 19 50 7.9999999999999991 3.9999999999999982 3 6 51 2.9999999999999991 6 3.9999999999999991
leaf_count=70 142 3 18 21 4 14 4 4 9 27 39 29 3 102 17 8 204 8 69 19 50 8 4 3 6 51 3 6 4
internal_value=-0.0570334 4.87132 -1.50063 10.1607 7.66457 10.9725 2.67901 4.6493 3.6656 -3.56073 -2.43082 -3.42177 0.0309925 0.390386 -0.960548 -2.54654 0.333021 -1.98344 -0.481062 -4.07575 -3.47682 0.308957 17.4931 15.7163 18.5592 0.587533 -0.184665 -1.33464 -4.35881
internal_weight=949 215 734 63 47 35 152 83 79 313 98 68 421 309 112 26 306 12 86 215 69 69 16 6 10 59 30 10 146
internal_count=949 215 734 63 47 35 152 83 79 313 98 68 421 309 112 26 306 12 86 215 69 69 16 6 10 59 30 10 146
is_linear=0
shrinkage=0.05


Tree=23
num_leaves=29
num_cat=0
split_feature=3 3 4 4 7 4 7 3 4 3 4 4 5 4 6 0 0 4 4 3 4 6 4 4 3 0 0 2
split_gain=2.73627e+06 995730 984104 267326 414907 702608 318542 536783 214877 159485 143039 287780 114657 87203.4 71331.6 69771.3 60738.4 59161.1 42649.8 33681.8 56076.2 21084.4 14547.9 14034.1 8084.17 7347.83 593.309 10.6271
threshold=0.86628733700074412 0.54979938235441972 42910.000000000007 44735.000000000007 5.5000000000000009 44810.000000000007 3.5000000000000004 0.90047498870759213 45077.500000000007 0.76906736526839048 36372.500000000007 36090.000000000007 17.500000000000004 36662.500000000007 65.500000000000014 35054.400000000009 40886.30000000001 37740.000000000007 43067.500000000007 0.42864238990167675 36662.500000000007 61.500000000000007 32370.000000000004 39905.000000000007 0.42195413215426086 40458.750000000007 39057.900000000009 4308.6100000000006
decision_type=2 2 2 2 2 2 2 2 2 2 2 2 2 2 2 2 2 2 2 2 2 2 2 2 2 2 2 2
left_child=1 15 13 6 8 -6 7 -4 -5 16 11 -11 -8 27 -12 19 17 -3 -18 24 -21 -17 -23 26 -1 -25 -15 -2
right_child=2 9 3 4 5 -7 12 -9 -10 10 14 -13 -14 23 -16 21 18 -19 -20 20 -22 22 -24 25 -26 -27 -28 -29
leaf_value=-4.0050421483376448 6.90492655436198 0.35877525138267141 6.4448836247126238 21.750600198599006 16.114291063944496 -1.8308658123016355 7.4054065889782352 25.94414001464844 11.335634994506833 0.97668917087408191 3.904483694500394 13.551293182373048 0.063839629063239464 2.1042566299438477 0.58562905296498202 -4.9776707649230962 0.30117008421156144 -1.0853471109946373 5.5049409048897884 -0.36080389155281917 -3.4853639814215649 0.13337314426898958 -1.8527963335867281 -0.28827569549186877 -6.6233804066975912 1.1325105445725578 3.0344407558441158 7.0380125681559225
leaf_weight=170 2.9999999999999991 109 12.000000000000002 13 12 10 9.0000000000000018 4.9999999999999991 8 13.000000000000002 18 6.9999999999999991 12.999999999999998 2.9999999999999991 161 3.9999999999999991 8.9999999999999982 203 6.9999999999999991 18 71 13.999999999999998 27 26 2.9999999999999991 13.999999999999998 4 3
leaf_count=170 3 109 12 13 12 10 9 5 8 13 18 7 13 3 161 4 9 203 7 18 71 14 27 26 3 14 4 3
internal_value=0.00111506 -1.06787 6.60506 10.0371 12.7559 7.9574 7.03943 12.18 17.783 0.250757 1.36745 5.3778 3.06721 1.29508 0.919369 -3.33144 -0.42675 -0.58083 2.57782 -3.64383 -2.85343 -1.51264 -1.17459 0.570436 -4.05045 0.208999 2.63579 6.97147
internal_weight=969 834 135 82 43 22 39 17 21 527 199 20 22 53 179 307 328 312 16 262 89 45 41 47 173 40 7 6
internal_count=969 834 135 82 43 22 39 17 21 527 199 20 22 53 179 307 328 312 16 262 89 45 41 47 173 40 7 6
is_linear=0
shrinkage=0.05


Tree=24
num_leaves=30
num_cat=0
split_feature=3 4 1 7 4 0 4 4 0 6 1 0 4 1 8 4 7 4 0 4 3 0 0 0 4 3 8 0 0
split_gain=2.69658e+06 958678 958368 319114 654394 298119 256567 212370 121146 150624 97591.7 216333 278095 75380 55653.9 51300.3 59076.8 41275 40725.4 31774.6 55909.3 31254.1 30019.4 27900.8 26958.5 22554.1 3288.44 2242.48 1404.3
threshold=0.86391879330921839 44735.000000000007 20408.820000000003 5.5000000000000009 44810.000000000007 41379.000000000007 44012.500000000007 45077.500000000007 37810.100000000013 75.500000000000014 29653.025000000005 37772.700000000004 44735.000000000007 17562.390000000003 2.5000000000000004 37740.000000000007 3.5000000000000004 39052.500000000007 39411.250000000007 36662.500000000007 0.37348775106649673 39345.950000000004 40975.000000000007 41257.100000000006 39497.500000000007 0.56206175201590758 2.5000000000000004 40270.700000000004 34630.900000000009
decision_type=2 2 2 2 2 2 2 2 2 2 2 2 2 2 2 2 2 2 2 2 2 2 2 2 2 2 2 2 2
left_child=2 5 13 7 21 8 -7 18 26 -10 14 12 -12 19 17 28 -17 -4 -3 20 -1 -5 -16 -6 -13 -21 -2 -9 -15
right_child=1 3 10 4 23 6 -8 27 9 -11 11 24 -14 15 22 16 -18 -19 -20 25 -22 -23 -24 -25 -26 -27 -28 -29 -30
leaf_value=-3.6007486558729607 -0.44685110087421798 14.903770701090487 -2.8807198058675838 10.881564585367833 -5.2940676212310782 21.576408004760751 4.5870625495910637 8.9459945678710913 7.2138876247973673 1.7294920517552286 2.620177965694003 2.165725856760274 15.049873034159342 0.52106041163206085 0.10600658001557989 -1.1394503746043754 -4.6754123846689861 -0.50072196189846307 21.417012596130373 -3.9273576622539097 -1.0273605916649104 16.700381546020509 2.6800226887067158 0.3084675312042236 0.29706051203111811 0.44395128885904955 0.9736783504486084 10.675149841308592 -0.23713481507607198
leaf_weight=62 22.000000000000004 3.0000000000000009 27 3.0000000000000009 4 3.9999999999999982 5 3 21 31 18.000000000000004 23 5.9999999999999991 9.0000000000000018 202 27 21 56 11.999999999999998 180 32 9.9999999999999982 11.999999999999998 5 120 2.9999999999999991 4.9999999999999991 5 19
leaf_count=62 22 3 27 3 4 4 5 3 21 31 18 23 6 9 202 27 21 56 12 180 32 10 12 5 120 3 5 5 19
internal_value=-0.0510273 6.55134 -1.12583 12.4876 8.18248 3.51573 12.1379 16.6056 2.53346 3.94434 0.367834 1.33486 5.7276 -3.08918 -0.175913 -1.69427 -2.68643 -1.27494 20.1144 -3.47189 -2.7247 15.3576 0.250344 -2.18155 0.597615 -3.8557 -0.18379 10.0267 0.00657079
internal_weight=950 133 817 45 22 88 9 23 79 52 464 167 24 353 297 76 48 83 15 277 94 13 214 9 143 183 27 8 28
internal_count=950 133 817 45 22 88 9 23 79 52 464 167 24 353 297 76 48 83 15 277 94 13 214 9 143 183 27 8 28
is_linear=0
shrinkage=0.05


Tree=25
num_leaves=24
num_cat=0
split_feature=1 1 4 0 2 6 1 0 2 4 4 2 0 4 2 4 0 7 1 1 2 1 7
split_gain=2.53115e+06 1.1565e+06 387876 293009 241966 236296 297304 181394 174187 149281 76433 106949 42933.2 41952.7 33348.2 75298.5 42288.1 27040.5 46819.5 35384.1 6851.33 3864.82 1213.94
threshold=36386.585000000006 20408.820000000003 42910.000000000007 40270.700000000004 6661.4250000000011 71.500000000000014 33681.630000000005 41322.55000000001 1263.7750000000003 44395.000000000007 37740.000000000007 20171.810000000005 35798.100000000006 38452.500000000007 8750.8950000000023 36372.500000000007 40975.000000000007 3.5000000000000004 19521.905000000002 17562.390000000003 17603.510000000006 37457.610000000008 2.5000000000000004
decision_type=2 2 2 2 2 2 2 2 2 2 2 2 2 2 2 2 2 2 2 2 2 2 2
left_child=1 10 21 -4 5 6 -3 9 -9 -5 11 20 -13 -7 15 -6 -16 19 -19 -12 -1 22 -2
right_child=2 4 3 7 14 13 -8 8 -10 -11 17 12 -14 -15 16 -17 -18 18 -20 -21 -22 -23 -24
leaf_value=-0.060682251485618392 -0.056131953001022354 2.4740197839158955 24.463047409057619 -0.075815486907958932 5.5369003832340242 2.4194231084237501 10.462468788358901 2.7474236647287977 15.760803816053603 9.4565758414890464 -3.4777578955226476 -3.7268115981932612 1.0895955753326416 0.25354379415512085 -0.30126049723257037 0.52156385734420396 2.3486655056476593 -3.9258905428579483 -9.4583034515380859 -1.3514216516017914 -1.1197903361314765 2.6641731897989902 1.1757086277008055
leaf_weight=37 3.9999999999999982 33 3.9999999999999991 5.0000000000000027 7.9999999999999991 36 18 3.0000000000000027 18 23 90 62 4.9999999999999991 59 255 116 15.999999999999998 87 3.9999999999999991 25 26 3 4
leaf_count=37 4 33 4 5 8 36 18 3 18 23 90 62 5 59 255 116 16 87 4 25 26 3 4
internal_value=0.0784459 -0.62208 9.67784 11.4512 0.808834 2.54812 5.29347 10.389 13.9017 7.75436 -2.92602 -1.97672 -3.36738 1.0743 0.165959 0.845134 -0.144807 -3.52509 -4.16907 -3.01551 -0.497774 1.13371 0.559788
internal_weight=941 877 64 53 541 146 51 49 21 28 336 130 67 95 395 124 271 206 91 115 63 11 8
internal_count=941 877 64 53 541 146 51 49 21 28 336 130 67 95 395 124 271 206 91 115 63 11 8
is_linear=0
shrinkage=0.05


Tree=26
num_leaves=31
num_cat=0
split_feature=1 4 3 1 4 4 7 4 7 4 0 4 8 0 4 4 7 3 4 3 1 4 0 1 4 0 1 3 4 4
split_gain=1.6407e+06 756575 586512 360593 210655 191696 184472 565722 363930 110883 166282 80529.5 64219.3 52963.3 49183.1 44529.1 55062.5 25051.4 49789.3 24981.5 24300.3 41808 42750.9 16577.7 8098.17 7918.75 4577.75 6117.46 4526.37 672.079
threshold=27329.715 44395.000000000007 0.89483285304854288 17562.390000000003 44810.000000000007 44735.000000000007 5.5000000000000009 44810.000000000007 4.5000000000000009 39497.500000000007 35798.100000000006 42910.000000000007 2.5000000000000004 41257.100000000006 36090.000000000007 42277.500000000007 1.0000000180025095e-35 0.74744518956193229 36372.500000000007 0.86628733700074412 12421.950000000001 36662.500000000007 29926.600000000002 33051.665000000001 30732.500000000004 35211.450000000004 11705.995000000001 0.36039930606048309 42910.000000000007 36662.500000000007
decision_type=2 2 2 2 2 2 2 2 2 2 2 2 2 2 2 2 2 2 2 2 2 2 2 2 2 2 2 2 2 2
left_child=3 9 4 20 5 -3 8 -8 -4 10 -2 23 15 -13 -12 16 -5 24 -19 -6 26 25 -23 -11 -14 -22 27 -1 -17 -28
right_child=1 2 6 12 19 -7 7 -9 -10 11 14 13 17 -15 -16 28 -18 18 -20 -21 21 22 -24 -25 -26 -27 29 -29 -30 -31
leaf_value=-3.5181173269697235 12.534486389160158 3.5582767577398395 7.8334508419036872 1.2179655551910402 -0.076502591416691301 12.653651762008662 16.192644882202146 -1.6460381162166593 19.352258714040119 -0.72929605632192562 0.49380358368158339 1.0120503362019857 0.70803763446482748 4.2496902601793414 3.0745421938598159 -0.40861400365829481 -3.2995934189752094 6.6055379390716542 -1.283484625816345 4.1075136184692385 -1.5552363140583039 0.5164010729108538 -3.5844663402308594 0.55312713959387372 -0.31144101615652775 0.17436747550964357 -5.1095141092936203 -2.0032460893903461 1.2733435630798338 -4.2453646341959637
leaf_weight=139 3.9999999999999991 21 15.999999999999998 7.9999999999999991 33 8.0000000000000018 8 10 12.000000000000002 90 30 60 22 15.999999999999998 48 7.9999999999999973 43 4 4 3.9999999999999991 25 6.9999999999999991 69 35 170 8.9999999999999982 2.9999999999999991 6.9999999999999991 8 8.9999999999999982
leaf_count=139 4 21 16 8 33 8 8 10 12 90 30 60 22 16 48 8 43 4 4 4 25 7 69 35 170 9 3 7 8 9
internal_value=-0.0251948 2.41892 5.89734 -1.82973 2.87664 6.06735 10.2314 6.28227 12.7701 1.0423 2.59183 0.410154 -0.529217 1.69366 2.08195 -1.86897 -2.59096 -0.0803997 2.66103 0.375823 -3.12538 -2.55477 -3.20675 -0.370218 -0.194626 -1.0974 -3.52264 -3.44549 0.432365 -4.4614
internal_weight=930 395 112 535 66 29 46 18 28 283 82 201 267 76 78 67 51 200 8 37 268 110 76 125 192 34 158 146 16 12
internal_count=930 395 112 535 66 29 46 18 28 283 82 201 267 76 78 67 51 200 8 37 268 110 76 125 192 34 158 146 16 12
is_linear=0
shrinkage=0.05


Tree=27
num_leaves=28
num_cat=0
split_feature=1 1 2 4 6 0 1 0 6 7 4 4 2 4 0 2 4 4 2 7 2 0 4 0 2 6 0
split_gain=2.0453e+06 667035 414804 488473 283686 174680 111499 98123.6 78554.9 158387 101022 63113.1 76127.8 58122.1 41342.7 27591.7 32716.7 28238.8 25864.1 19215.2 59419.5 13264.2 33387.8 11779.4 11763.9 7149.63 1398.01
threshold=33681.630000000005 17652.890000000003 4698.1400000000012 42910.000000000007 69.500000000000014 41322.55000000001 27329.715 40125.650000000001 66.500000000000014 5.5000000000000009 39497.500000000007 37740.000000000007 8750.8950000000023 41515.000000000007 38227.700000000004 18365.445000000003 36662.500000000007 39052.500000000007 4308.6100000000006 1.5000000000000002 6500.1550000000007 35211.450000000004 34325.000000000007 33823.100000000006 5868.2300000000005 74.500000000000014 31934.500000000004
decision_type=2 2 2 2 2 2 2 2 2 2 2 2 2 2 2 2 2 2 2 2 2 2 2 2 2 2 2
left_child=1 15 3 14 18 -6 11 -4 9 -8 -10 12 -3 -13 -2 16 26 -18 -5 20 -9 23 -23 -17 -21 -16 -1
right_child=2 6 7 4 5 -7 8 19 10 -11 -12 13 -14 -15 25 21 17 -19 -20 24 -22 22 -24 -25 -26 -27 -28
leaf_value=0.61106889247894236 6.0218398284912071 8.3628336588541679 8.2146065521240228 23.139832051595054 6.7628959337006451 12.179859675060619 0.41230745145252767 7.4678349256515508 2.2938631096660203 8.9140511896875161 -0.027429484256292481 -2.1544709686189889 0.27442571456388881 -0.33362064821911708 -0.46336187918980887 -3.2278087215059124 -4.0693748820911759 -1.8184253913791555 16.574257914225257 -1.7263620914891356 0.25728244304656983 0.090916602909564936 -3.8209552129109703 -4.79396290412316 0.64046128817967007 1.5164743680703012 -0.44883890199874132
leaf_weight=4.0000000000000027 5.0000000000000027 2.9999999999999991 4.9999999999999991 2.9999999999999991 46 22 14 3.9999999999999991 67 9 156 72 96 112 6.0000000000000027 157 22 38 3 7.0000000000000027 9.9999999999999982 10.000000000000002 11.999999999999998 12.999999999999998 21 19 13.999999999999998
leaf_count=4 5 3 5 3 46 22 14 4 67 9 156 72 96 112 6 157 22 38 3 7 10 10 12 13 21 19 14
internal_value=0.154816 -0.853744 5.4915 7.25322 9.43503 8.51544 0.178364 1.59324 0.956946 3.73908 0.669999 -0.498424 0.519529 -1.04613 1.8714 -2.87591 -2.0829 -2.64377 19.857 0.804984 2.31744 -3.19807 -2.04283 -3.34757 0.0487554 1.04131 -0.213304
internal_weight=950 799 151 104 74 68 529 47 246 23 223 283 99 184 30 270 78 60 6 42 14 192 22 170 28 25 18
internal_count=950 799 151 104 74 68 529 47 246 23 223 283 99 184 30 270 78 60 6 42 14 192 22 170 28 25 18
is_linear=0
shrinkage=0.05


Tree=28
num_leaves=30
num_cat=0
split_feature=2 4 3 0 7 0 7 4 0 4 4 6 3 4 4 4 4 2 0 6 4 7 0 7 0 0 2 4 4
split_gain=1.69736e+06 630515 515957 136545 128522 369462 124310 515614 204596 177201 110708 50502.4 194510 39403.1 53365.9 38126.4 172863 42716.4 41879.9 47247.9 31382 23805 20587.6 17933.1 16561.9 16483.5 16207.4 23497.1 7553.9
threshold=5848.0400000000009 44735.000000000007 0.65493396965660644 35054.400000000009 2.5000000000000004 41379.000000000007 5.5000000000000009 44810.000000000007 39169.250000000007 45077.500000000007 44395.000000000007 70.500000000000014 0.88185650324919773 42752.500000000007 37740.000000000007 36372.500000000007 36090.000000000007 8486.1950000000015 35481.350000000006 63.500000000000007 30732.500000000004 1.5000000000000002 40975.000000000007 1.0000000180025095e-35 39345.950000000004 41538.000000000007 19334.015000000003 32370.000000000004 43067.500000000007
decision_type=2 2 2 2 2 2 2 2 2 2 2 2 2 2 2 2 2 2 2 2 2 2 2 2 2 2 2 2 2
left_child=1 4 3 13 5 10 8 24 -3 -10 -1 12 -6 14 -2 16 20 -18 23 -20 -4 -15 -9 -17 -8 -13 28 -28 -5
right_child=2 6 15 26 11 -7 7 22 9 -11 -12 25 -14 21 -16 18 17 -19 19 -21 -22 -23 -24 -25 -26 -27 27 -29 -30
leaf_value=2.291633194977162 -2.0479734698491816 2.9561638259887673 3.984491666158041 -0.23196215765385686 -1.0414127906163537 18.888069915771485 10.328315887451168 -6.5513462066650376 18.106987603505452 8.500099849700927 8.3065295166439483 0.29976978382548775 14.551459757486976 -4.8192930857340439 -3.4673059864342215 1.2537472588675362 11.78426780700684 4.8520246505737301 3.8113237413764001 0.30300929121391368 0.1890231148687081 -0.026621231907292417 -1.3120547163486478 -1.4627401204212853 13.91738984849718 -3.5538056373596194 -0.052727635701497383 -3.4324014027913416 -1.2988833268483482
leaf_weight=51 113 5.0000000000000027 5.9999999999999991 79 5.9999999999999982 3.9999999999999991 5.0000000000000009 3 12 8 8.9999999999999982 37 3 3.0000000000000027 160 6.9999999999999991 3.9999999999999982 5 9.9999999999999982 238 59 19 5 46 8.9999999999999982 2.9999999999999991 9.0000000000000018 11.999999999999998 21
leaf_count=51 113 5 6 79 6 4 5 3 12 8 9 37 3 3 160 7 4 5 10 238 59 19 5 46 9 3 9 12 21
internal_value=0.0268424 4.72356 -0.923189 -2.13562 2.69929 4.17476 9.59041 6.84926 12.0026 14.2642 3.19387 0.772163 4.15621 -2.71578 -2.87982 0.421803 1.4386 7.93302 0.171826 0.444474 0.539374 -0.680167 -3.27679 -1.10396 12.6356 0.0107516 -0.721198 -1.98397 -0.456016
internal_weight=951 160 791 416 113 64 47 22 25 20 60 49 9 295 273 375 74 9 301 248 65 22 8 53 14 40 121 21 100
internal_count=951 160 791 416 113 64 47 22 25 20 60 49 9 295 273 375 74 9 301 248 65 22 8 53 14 40 121 21 100
is_linear=0
shrinkage=0.05


end of trees

feature_importances:
thermal_on_capacity=258
total_load=129
net_load=106
renewable_power=97
weekday=77
thermal_space_load_ratio=67
period=43
month=32
hour=12

parameters:
[boosting: gbdt]
[objective: regression]
[metric: rmse]
[tree_learner: serial]
[device_type: cpu]
[data_sample_strategy: bagging]
[data: ]
[valid: ]
[num_iterations: 400]
[learning_rate: 0.05]
[num_leaves: 31]
[num_threads: 0]
[seed: 42]
[deterministic: 0]
[force_col_wise: 0]
[force_row_wise: 0]
[histogram_pool_size: -1]
[max_depth: 5]
[min_data_in_leaf: 3]
[min_sum_hessian_in_leaf: 0.001]
[bagging_fraction: 0.85]
[pos_bagging_fraction: 1]
[neg_bagging_fraction: 1]
[bagging_freq: 1]
[bagging_seed: 400]
[bagging_by_query: 0]
[feature_fraction: 0.85]
[feature_fraction_bynode: 1]
[feature_fraction_seed: 30056]
[extra_trees: 0]
[extra_seed: 12879]
[early_stopping_round: 0]
[early_stopping_min_delta: 0]
[first_metric_only: 0]
[max_delta_step: 0]
[lambda_l1: 0]
[lambda_l2: 0]
[linear_lambda: 0]
[min_gain_to_split: 0]
[drop_rate: 0.1]
[max_drop: 50]
[skip_drop: 0.5]
[xgboost_dart_mode: 0]
[uniform_drop: 0]
[drop_seed: 17869]
[top_rate: 0.2]
[other_rate: 0.1]
[min_data_per_group: 100]
[max_cat_threshold: 32]
[cat_l2: 10]
[cat_smooth: 10]
[max_cat_to_onehot: 4]
[top_k: 20]
[monotone_constraints: ]
[monotone_constraints_method: basic]
[monotone_penalty: 0]
[feature_contri: ]
[forcedsplits_filename: ]
[refit_decay_rate: 0.9]
[cegb_tradeoff: 1]
[cegb_penalty_split: 0]
[cegb_penalty_feature_lazy: ]
[cegb_penalty_feature_coupled: ]
[path_smooth: 0]
[interaction_constraints: ]
[verbosity: -1]
[saved_feature_importance_type: 0]
[use_quantized_grad: 0]
[num_grad_quant_bins: 4]
[quant_train_renew_leaf: 0]
[stochastic_rounding: 1]
[linear_tree: 0]
[max_bin: 255]
[max_bin_by_feature: ]
[min_data_in_bin: 3]
[bin_construct_sample_cnt: 200000]
[data_random_seed: 175]
[is_enable_sparse: 1]
[enable_bundle: 1]
[use_missing: 1]
[zero_as_missing: 0]
[feature_pre_filter: 1]
[pre_partition: 0]
[two_round: 0]
[header: 0]
[label_column: ]
[weight_column: ]
[group_column: ]
[ignore_column: ]
[categorical_feature: ]
[forcedbins_filename: ]
[precise_float_parser: 0]
[parser_config_file: ]
[objective_seed: 16083]
[num_class: 1]
[is_unbalance: 0]
[scale_pos_weight: 1]
[sigmoid: 1]
[boost_from_average: 1]
[reg_sqrt: 0]
[alpha: 0.9]
[fair_c: 1]
[poisson_max_delta_step: 0.7]
[tweedie_variance_power: 1.5]
[lambdarank_truncation_level: 30]
[lambdarank_norm: 1]
[label_gain: ]
[lambdarank_position_bias_regularization: 0]
[eval_at: ]
[multi_error_top_k: 1]
[auc_mu_weights: ]
[num_machines: 1]
[local_listen_port: 12400]
[time_out: 120]
[machine_list_filename: ]
[machines: ]
[gpu_platform_id: -1]
[gpu_device_id: -1]
[gpu_use_dp: 0]
[num_gpu: 1]

end of parameters

pandas_categorical:[]
