tree
version=v4
num_class=1
num_tree_per_iteration=1
label_index=0
max_feature_idx=10
objective=regression
feature_names=total_load net_load renewable_power thermal_space_load_ratio thermal_on_capacity hour period weekday month is_weekend is_holiday
feature_infos=[29193.099999999999:42987.900000000001] [11318.049999999999:40077.610000000001] [1223.46:18960.91] [0.37880501902718694:0.96996973557285182] [27170:48080] [20:23] [81:96] [0:6] [1:4] [0:1] none
tree_sizes=2251 2254 2182 1777 2401 2489 2358 1853 2333 2203 2346 2279 1742 2367 2343 2379 2410 2396 1776 1777 2187 2346 2368 1840 2399 2185 2469 1760 2426 2263 2319

Tree=0
num_leaves=25
num_cat=0
split_feature=2 2 4 1 4 4 2 8 4 0 0 6 7 1 4 7 4 7 6 6 0 0 0 0
split_gain=1.27778e+07 5.57988e+06 3.58211e+06 2.73631e+06 1.50507e+06 3.22559e+06 949676 749680 886134 279254 170897 399849 159227 124165 112254 79981.6 39350.9 939.521 1364.82 79.6666 2.66667 0.280054 2.32831e-10 1.16415e-10
threshold=3843.2850000000003 1416.2350000000004 36662.500000000007 16896.300000000003 44735.000000000007 44810.000000000007 8482.0500000000011 2.5000000000000004 39295.000000000007 37820.900000000009 36357.400000000009 90.500000000000014 1.0000000180025095e-35 31599.800000000007 38452.500000000007 2.5000000000000004 43067.500000000007 3.5000000000000004 91.500000000000014 82.500000000000014 40279.850000000013 31833.600000000002 32852.55000000001 29736.200000000001
decision_type=2 2 2 2 2 2 2 2 2 2 2 2 2 2 2 2 2 2 2 2 2 2 2 2
left_child=1 9 10 17 12 -6 13 8 -8 -1 11 -3 -4 14 -5 -15 -9 18 21 -19 -11 -2 -21 -20
right_child=3 2 4 6 5 -7 7 16 -10 20 -12 -13 -14 15 -16 -17 -18 19 23 22 -22 -23 -24 -25
leaf_value=344.59472838602181 289.23439523579395 350.39472838602182 301.00139543415821 305.16329124507024 341.00306324523405 308.5069668976069 289.5103026788052 301.89733517257872 299.27323974487587 363.24472686014292 329.62389581562792 331.24979623677052 308.02169308227019 306.51252290206168 302.43378687148436 303.94606210316931 304.26734282945466 288.58606190246064 288.31139505268851 288.31139505268851 363.31139352680958 289.25214517475882 288.31139505268851 288.31139505268851
leaf_weight=2.9999999999999982 4.9999999999999982 5.9999999999999982 9.9999999999999982 48 11.999999999999998 21 27 224 167 3 3.9999999999999991 5 42 51 175 75 19 3.0000000000000027 3.9999999999999991 18.000000000000004 3 4 3.9999999999999991 3
leaf_count=3 5 6 10 48 12 21 27 224 167 3 4 5 42 51 175 75 19 3 4 18 3 4 4 3
internal_value=303.249 319.341 315.947 301.129 311.972 320.324 301.785 300.232 297.914 357.05 338.474 341.692 306.672 303.73 303.021 304.985 302.083 288.536 288.835 288.344 363.278 289.242 288.311 288.311
internal_weight=936 109 100 827 85 33 786 437 194 9 15 11 52 349 223 126 243 41 16 25 6 9 22 7
internal_count=936 109 100 827 85 33 786 437 194 9 15 11 52 349 223 126 243 41 16 25 6 9 22 7
is_linear=0
shrinkage=1


Tree=1
num_leaves=25
num_cat=0
split_feature=3 2 1 3 2 8 7 7 8 1 0 0 8 3 7 8 6 8 7 5 0 6 0 0
split_gain=1.39758e+07 6.34059e+06 2.51182e+06 1.82027e+06 848717 829882 1.41175e+06 679468 600407 635246 404002 371612 344530 133728 122311 120919 59874.4 32034.9 822.822 1053.53 78.125 50.3842 1.08624 0.00666341
threshold=0.90256535388852899 1416.2350000000004 16896.300000000003 0.91259713798500341 8482.0500000000011 3.5000000000000004 1.5000000000000002 5.5000000000000009 2.5000000000000004 21186.495000000003 39358.000000000007 37444.500000000007 3.5000000000000004 0.88541603609000574 1.0000000180025095e-35 3.5000000000000004 82.500000000000014 3.5000000000000004 3.5000000000000004 22.500000000000004 39048.350000000013 82.500000000000014 31722.500000000004 40279.850000000013
decision_type=2 2 2 2 2 2 2 2 2 2 2 2 2 2 2 2 2 2 2 2 2 2 2 2
left_child=2 11 18 7 13 14 -7 12 9 -6 -9 -2 -3 15 -5 -4 -15 -10 19 22 -13 -20 -1 -22
right_child=1 3 4 5 8 6 -8 10 17 -11 -12 20 -14 16 -16 -17 -18 -19 21 -21 23 -23 -24 -25
leaf_value=-13.562886555989587 36.620263671875001 2.0369676724076253 -0.52210377155634757 -0.75294042163425035 -14.108654361300999 5.3922487258911129 31.588956027560755 35.845301957563912 -2.0679032799477381 -4.2252519803742565 19.716048049926759 57.148596191406263 24.452138264973954 8.0845893287658708 5.8448608651757246 2.1101765212817836 2.2353199088573454 -0.87495865935788442 -14.223302841186513 -14.415570068359372 56.837762451171869 -14.415570068359376 -13.524829711914061 56.834429931640614
leaf_weight=2.9999999999999982 2.9999999999999991 4.0000000000000027 271 8.9999999999999982 18 12 9 11.000000000000002 96 168 5.9999999999999991 2.9999999999999982 3 4.9999999999999991 32 52 35 136 4.0000000000000027 6 3 23 5 3
leaf_count=3 3 4 271 9 18 12 9 11 96 168 6 3 3 5 32 52 35 136 4 6 3 23 5 3
internal_value=-0.0347629 17.8132 -2.16262 13.0624 -1.52934 8.53656 16.6194 24.7541 -3.06534 -5.18171 30.1526 51.8603 11.6435 0.239389 4.39656 -0.0983311 2.96648 -1.36859 -14.2258 -13.9147 56.9403 -14.3871 -13.5391 56.8361
internal_weight=920 98 822 86 781 62 21 24 418 186 17 12 7 363 41 323 40 232 41 14 9 27 8 6
internal_count=920 98 822 86 781 62 21 24 418 186 17 12 7 363 41 323 40 232 41 14 9 27 8 6
is_linear=0
shrinkage=0.05


Tree=2
num_leaves=24
num_cat=0
split_feature=3 3 1 4 3 7 2 8 4 3 0 0 1 7 4 4 4 7 6 6 0 0 0
split_gain=1.16236e+07 5.69642e+06 2.34323e+06 1.73164e+06 1.64085e+06 1.52623e+06 773814 568040 771921 175986 302036 144583 121258 99117.6 96160.7 85525.2 42781.3 741.977 963.677 45.7536 0.46519 0.121181 0.0536668
threshold=0.90256535388852899 0.96250598957035427 16896.300000000003 36662.500000000007 0.91259713798500341 5.5000000000000009 8439.715000000002 2.5000000000000004 39295.000000000007 0.92816110161410581 36002.55000000001 38288.150000000001 31275.975000000006 1.0000000180025095e-35 32370.000000000004 36372.500000000007 43067.500000000007 3.5000000000000004 91.500000000000014 82.500000000000014 31722.500000000004 29736.200000000001 39504.100000000013
decision_type=2 2 2 2 2 2 2 2 2 2 2 2 2 2 2 2 2 2 2 2 2 2 2
left_child=2 3 17 9 5 -5 12 8 -8 10 -2 -3 14 -6 -4 -14 -9 18 20 -19 -1 -20 -13
right_child=1 11 6 4 13 -7 7 16 -10 -11 -12 22 15 -15 -16 -17 -18 19 21 -21 -22 -23 -24
leaf_value=-12.872975158691411 47.567483520507828 41.119612630208337 4.3033265686035156 0.91856044723341845 -0.54690223932266235 31.405154389601485 -12.94326268709623 -1.4451357209529634 -3.6290617595450927 23.648062744140621 25.13107096354166 53.985514322916657 7.8080071258544921 5.5141950895619951 -0.72265529523646166 1.1591494147237895 1.4003137350082397 -13.512137985229481 -13.69479064941406 -13.694790649414063 -12.848070271809892 -13.709002176920571 53.993973388671861
leaf_weight=4.9999999999999982 2.9999999999999982 2.9999999999999991 9.9999999999999982 6.0000000000000009 7.9999999999999991 13 26 234 154 5 3 3 4.9999999999999991 43 197 148 13.999999999999998 4.0000000000000027 3 24 3 3 5
leaf_count=5 3 3 10 6 8 13 26 234 154 5 3 3 5 43 197 148 14 4 3 24 3 3 5
internal_value=-0.143604 16.7189 -2.0127 12.1339 9.23591 21.7778 -1.39936 -2.83635 -4.97445 30.576 36.3493 50.4805 0.309068 4.56343 -0.479854 1.37643 -1.28451 -13.5201 -13.2229 -13.6687 -12.8636 -13.7019 53.9908
internal_weight=922 92 830 81 70 19 788 428 180 11 6 11 360 51 207 153 248 42 14 28 8 6 8
internal_count=922 92 830 81 70 19 788 428 180 11 6 11 360 51 207 153 248 42 14 28 8 6 8
is_linear=0
shrinkage=0.05


Tree=3
num_leaves=19
num_cat=0
split_feature=2 3 1 4 4 4 2 0 4 0 0 6 7 7 6 0 6 2
split_gain=1.24561e+07 5.66621e+06 2.14349e+06 1.78707e+06 1.06997e+06 2.52052e+06 676524 463409 343833 100548 280899 94297.4 72352.5 887.107 953.283 381.695 41.2926 0.0123284
threshold=1416.2350000000004 0.89820911484001764 16896.300000000003 36662.500000000007 44735.000000000007 44810.000000000007 8482.0500000000011 37444.500000000007 37740.000000000007 34056.450000000004 36002.55000000001 90.500000000000014 1.0000000180025095e-35 3.5000000000000004 91.500000000000014 38737.450000000004 82.500000000000014 1237.6400000000001
decision_type=2 2 2 2 2 2 2 2 2 2 2 2 2 2 2 2 2 2
left_child=7 2 13 9 12 -6 11 -1 -8 -3 -11 -4 -5 14 -2 -9 -15 -17
right_child=1 3 6 4 5 -7 8 15 -10 10 -12 -13 -14 16 -16 17 -18 -19
leaf_value=29.303450520833334 -12.219605712890626 23.686159515380865 0.76085924718307851 -2.0455390930175783 32.43062509390024 5.0944095019871991 -0.80872468228491268 51.954089355468753 -3.815063270740211 45.189109293619779 24.949432373046871 -0.87960861480399355 3.885003281219138 -12.836530876159657 -13.016801961263022 51.294278564453116 -13.01005096435547 51.290224202473944
leaf_weight=2.9999999999999991 9.9999999999999982 3.9999999999999982 219 5.9999999999999991 12.999999999999998 24 142 2.9999999999999991 288 3 4 146 36 4.0000000000000027 5.9999999999999991 5 24 3
leaf_count=3 10 4 219 6 13 24 142 3 288 3 4 146 36 4 6 5 24 3
internal_value=-0.0886329 -0.794075 -2.07301 11.1285 8.49938 14.699 -1.47846 46.7225 -2.82227 30.01 33.6236 0.104672 3.03778 -12.8156 -12.5186 51.4731 -12.9853 51.2928
internal_weight=943 929 839 90 79 37 795 14 430 11 7 365 42 44 16 11 28 8
internal_count=943 929 839 90 79 37 795 14 430 11 7 365 42 44 16 11 28 8
is_linear=0
shrinkage=0.05


Tree=4
num_leaves=26
num_cat=0
split_feature=3 2 1 8 3 5 2 0 0 8 1 8 1 1 7 6 0 0 7 6 0 6 0 2 0
split_gain=1.07012e+07 4.49917e+06 1.90467e+06 1.34237e+06 1.44196e+06 682371 628810 586491 453897 445218 501089 110648 114556 83325.5 67135.5 20360.5 9976.17 1910.41 696.505 831.359 314.396 37.0368 0.566444 0.121181 0.00304344
threshold=0.90256535388852899 1416.2350000000004 16896.300000000003 2.5000000000000004 0.92412070868503149 20.500000000000004 8482.0500000000011 34633.55000000001 37444.500000000007 2.5000000000000004 21618.745000000003 3.5000000000000004 31874.680000000004 32503.655000000006 4.5000000000000009 90.500000000000014 41968.600000000013 37124.500000000007 3.5000000000000004 91.500000000000014 39048.350000000013 82.500000000000014 31833.600000000002 17662.100000000002 40724.700000000004
decision_type=2 2 2 2 2 2 2 2 2 2 2 2 2 2 2 2 2 2 2 2 2 2 2 2 2
left_child=2 8 18 14 5 -5 11 -6 -2 10 -8 12 -4 -13 16 -11 -3 -16 19 22 -10 -20 -1 -21 -22
right_child=1 3 6 4 7 -7 9 -9 20 15 -12 13 -14 -15 17 -17 -18 -19 21 23 24 -23 -24 -25 -26
leaf_value=-11.617475738525393 28.695732498168947 -1.8922428131103517 -0.87526998469712203 15.514736482075278 17.937463933771308 30.863371035257973 -11.614470381963821 3.9952140440543498 49.356383260091164 -0.70364894379749376 -3.4431045803156763 1.8849394146276979 1.0537959629844409 10.469182586669923 3.3467123413085931 -1.6662339518467588 1.1659695774316783 4.5437122344970708 -12.194704246520985 -12.358974711100261 48.730616251627595 -12.359548950195313 -11.592231941223142 -12.373186238606769 48.728364054361968
leaf_weight=4.9999999999999982 3.9999999999999991 7.9999999999999991 193 14.000000000000002 10.999999999999998 14.999999999999998 21 24 2.9999999999999982 141 176 49 128 2.9999999999999991 5.0000000000000009 90 4.0000000000000009 9.9999999999999982 4.0000000000000027 2.9999999999999991 3 23 4 3 3
leaf_count=5 4 8 193 14 11 15 21 24 3 141 176 49 128 3 5 90 4 10 4 3 3 23 4 3 3
internal_value=0.0625565 15.195 -1.80432 11.2643 15.2087 23.4537 -1.2601 8.37706 42.7099 -2.56791 -4.31416 0.240559 -0.106047 2.38018 1.91469 -1.07868 -0.872839 4.14471 -12.1834 -11.9102 48.9385 -12.3351 -11.6063 -12.3661 48.7295
internal_weight=947 104 843 91 64 29 801 35 13 428 197 373 321 52 27 231 12 15 42 15 9 27 9 6 6
internal_count=947 104 843 91 64 29 801 35 13 428 197 373 321 52 27 231 12 15 42 15 9 27 9 6 6
is_linear=0
shrinkage=0.05


Tree=5
num_leaves=27
num_cat=0
split_feature=3 2 3 3 4 4 2 8 4 0 8 3 0 4 0 4 7 6 7 6 0 6 0 6 0 2
split_gain=9.33368e+06 3.98651e+06 1.77e+06 1.11032e+06 1.39866e+06 1.03194e+06 608021 525992 589326 384757 369618 134200 129634 105314 91998 80377.1 73823 41750.3 576.761 811.901 291.228 33.6335 0.368411 0.14314 0.108888 2.32831e-10
threshold=0.90256535388852899 1416.2350000000004 0.53456476313037216 0.91259713798500341 36662.500000000007 44735.000000000007 9469.6950000000015 2.5000000000000004 39295.000000000007 37444.500000000007 3.5000000000000004 0.88541603609000574 34901.750000000007 30732.500000000004 39303.80000000001 43067.500000000007 1.0000000180025095e-35 81.500000000000014 3.5000000000000004 91.500000000000014 38737.450000000004 82.500000000000014 31202.600000000002 94.500000000000014 40724.700000000004 17509.915000000005
decision_type=2 2 2 2 2 2 2 2 2 2 2 2 2 2 2 2 2 2 2 2 2 2 2 2 2 2
left_child=2 9 18 5 12 10 11 8 -8 -2 -3 13 -5 -4 -7 -9 -6 -13 19 22 -11 -20 -1 -21 -22 -23
right_child=1 3 6 4 16 14 7 15 -10 20 -12 17 -14 -15 -16 -17 -18 -19 21 23 24 25 -24 -25 -26 -27
leaf_value=-11.043072764078779 25.810067240397139 -1.5449315736691149 4.1491251725416918 21.034811401367193 -0.44513351917266847 28.932411702473953 -11.440922573634557 -1.3268062994286822 -3.5040550703313991 46.888564046223976 19.949770100911454 7.6685631690721499 33.764419555664055 -0.42790550120894322 20.859910049438479 2.3671214636415243 4.7588863082554029 2.2682082133936041 -11.584969139099112 -11.755000559488934 46.278474934895826 -11.74157180786132 -11.021613184611002 -11.740552520751951 46.291946411132805 -11.741571807861328
leaf_weight=2.9999999999999982 2.9999999999999991 6.0000000000000018 12.999999999999998 5.9999999999999982 7.9999999999999991 12.000000000000002 28 185 142 2.9999999999999982 3 3.9999999999999991 3 378 4.9999999999999991 15.999999999999998 46 34 4.0000000000000027 2.9999999999999991 3 5.0000000000000027 6 4 3 19
leaf_count=3 3 6 13 6 8 12 28 185 142 3 3 4 3 378 5 16 46 34 4 3 3 5 6 4 3 19
internal_value=-0.0999171 14.2646 -1.81889 10.6171 7.02936 19.3103 -1.2819 -2.76417 -4.8113 41.3173 5.61997 -3.80426e-05 25.278 -0.275728 26.5581 -1.03276 3.98792 2.83667 -11.5824 -11.3429 46.4863 -11.7192 -11.0288 -11.7467 46.2852 -11.7416
internal_weight=945 101 844 89 63 26 800 371 170 12 9 429 9 391 17 201 54 38 44 16 9 28 9 7 6 24
internal_count=945 101 844 89 63 26 800 371 170 12 9 429 9 391 17 201 54 38 44 16 9 28 9 7 6 24
is_linear=0
shrinkage=0.05


Tree=6
num_leaves=26
num_cat=0
split_feature=3 2 1 4 3 4 3 0 4 4 2 4 1 3 0 1 3 7 0 6 0 6 0 0 1
split_gain=8.53209e+06 3.48614e+06 1.52183e+06 1.1579e+06 1.32743e+06 891339 545670 325310 274124 623873 150562 118810 132053 114539 279966 79713.7 13100.4 708.017 707.637 628.602 154.145 30.1666 0.493191 0.00407219 2.32831e-10
threshold=0.90256535388852899 1416.2350000000004 16896.300000000003 36662.500000000007 0.91121514076348353 44735.000000000007 0.73152764059624931 37444.500000000007 37740.000000000007 39295.000000000007 3376.9000000000005 38452.500000000007 31275.975000000006 0.92816110161410581 36357.400000000009 32503.655000000006 0.58686662143237256 3.5000000000000004 32689.050000000003 91.500000000000014 39504.100000000013 82.500000000000014 31833.600000000002 40724.700000000004 12394.800000000001
decision_type=2 2 2 2 2 2 2 2 2 2 2 2 2 2 2 2 2 2 2 2 2 2 2 2 2
left_child=2 7 17 13 5 -5 8 -2 16 -10 -6 15 -13 14 -3 -8 -4 19 -15 22 -9 -19 -1 -22 -23
right_child=1 3 6 4 10 -7 11 20 9 -11 -12 12 -14 18 -16 -17 -18 21 -20 -21 23 24 -24 -25 -26
leaf_value=-10.484205500284833 25.112987263997397 40.553447977701836 -1.8376048511928982 -1.63312849998474 3.1759747028350831 24.930821361541749 1.4929986990056934 44.417604573567729 -11.287825622558595 -2.8528034869037318 14.721972270806631 -1.1782477381916947 0.72434751704139144 20.526070149739581 18.952281697591143 9.8321774800618496 -0.58501390003315779 -11.005720901489248 19.440070597330724 -11.16176254272461 43.979953002929676 -11.154492950439444 -10.461539649963377 43.977347819010404 -11.154492950439455
leaf_weight=5.9999999999999982 2.9999999999999991 2.9999999999999982 27 4.0000000000000027 48 14.999999999999998 64 2.9999999999999982 25 178 2.9999999999999991 228 152 3 3 2.9999999999999991 92 4.0000000000000027 3 4.9999999999999991 3 4.0000000000000027 4 3 19
leaf_count=6 3 3 27 4 48 15 64 3 25 178 3 228 152 3 3 3 92 4 3 5 3 4 4 3 19
internal_value=-0.058715 14.2013 -1.71154 10.5178 8.05775 19.3384 -1.20536 39.372 -2.77463 -3.8916 3.85515 -0.0749244 -0.41721 24.868 29.7529 1.86639 -0.869215 -10.9794 19.9831 -10.704 44.125 -11.1325 -10.4751 43.9787 -11.1545
internal_weight=905 94 811 82 70 19 769 12 322 203 51 447 380 12 6 67 119 42 6 15 9 27 10 6 23
internal_count=905 94 811 82 70 19 769 12 322 203 51 447 380 12 6 67 119 42 6 15 9 27 10 6 23
is_linear=0
shrinkage=0.05


Tree=7
num_leaves=20
num_cat=0
split_feature=2 3 1 8 3 0 2 5 8 0 3 7 0 0 7 6 6 6 0
split_gain=7.8182e+06 3.22117e+06 1.37356e+06 933634 929621 549269 459100 406145 348060 339380 91204.5 51873.7 8345.26 1483.3 441.263 582.411 270.509 27.2253 0.0091184
threshold=1416.2350000000004 0.90256535388852899 16896.300000000003 2.5000000000000004 0.92412070868503149 34633.55000000001 8482.0500000000011 20.500000000000004 2.5000000000000004 37444.500000000007 0.88541603609000574 4.5000000000000009 42592.250000000007 38385.150000000009 3.5000000000000004 91.500000000000014 87.500000000000014 82.500000000000014 40279.850000000013
decision_type=2 2 2 2 2 2 2 2 2 2 2 2 2 2 2 2 2 2 2
left_child=9 2 14 11 7 -6 10 -5 -8 -1 -4 12 -3 -13 15 -2 18 -16 -11
right_child=1 3 6 4 5 -7 8 -9 -10 16 -12 13 -14 -15 17 -17 -18 -19 -20
leaf_value=24.714793395996097 -9.9506312370300307 -1.842458553314209 -0.085152090345314166 13.557003545761106 17.193468538920079 2.4298694690068565 -3.8244734754485474 26.565733639399213 -0.93219110117120252 41.774924723307308 2.3613265238529029 2.854325421651204 1.1643161257108046 3.9661170959472649 -10.45543498992919 -10.602301661173502 42.344489542643217 -10.596768188476563 41.778571319580067
leaf_weight=3.9999999999999991 7.9999999999999982 9.9999999999999982 334 12.000000000000002 9.0000000000000018 21 186 11.999999999999998 236 2.9999999999999982 43 6 3.0000000000000009 6 4.0000000000000027 6 3 23 4
leaf_count=4 8 10 334 12 9 21 186 12 236 3 43 6 3 6 4 6 3 23 4
internal_value=-0.0594375 -0.62436 -1.53217 9.02826 12.7267 6.85895 -1.07416 20.0614 -2.20699 37.0237 0.193889 1.03964 -1.14859 3.41022 -10.4577 -10.2299 41.9473 -10.5758 41.777
internal_weight=933 919 840 79 54 30 799 24 422 14 377 25 13 12 41 14 10 27 7
internal_count=933 919 840 79 54 30 799 24 422 14 377 25 13 12 41 14 10 27 7
is_linear=0
shrinkage=0.05


Tree=8
num_leaves=26
num_cat=0
split_feature=3 3 1 4 3 7 2 8 4 2 3 0 7 5 2 4 0 0 7 0 1 0 0 0 0
split_gain=6.6098e+06 2.83092e+06 1.23284e+06 1.14474e+06 1.10687e+06 1.07989e+06 448464 321341 452761 124427 104119 227558 97067 89789.7 62650.6 33341.3 8841.54 638.642 570.582 383.679 36.4438 25.2759 45.265 0.870017 0.58316
threshold=0.90256535388852899 0.96250598957035427 16896.300000000003 36662.500000000007 0.91259713798500341 5.5000000000000009 8055.8650000000007 2.5000000000000004 39295.000000000007 1593.3700000000001 0.92816110161410581 35655.400000000009 4.5000000000000009 21.500000000000004 1305.7150000000004 43067.500000000007 37286.850000000013 32689.050000000003 3.5000000000000004 30790.800000000003 15296.295000000002 32852.55000000001 33024.05000000001 39504.100000000013 32726.050000000003
decision_type=2 2 2 2 2 2 2 2 2 2 2 2 2 2 2 2 2 2 2 2 2 2 2 2 2
left_child=2 3 18 10 5 -5 12 8 -8 -6 11 -2 13 -4 23 -9 -14 -12 19 -1 -21 24 -23 -3 -20
right_child=1 14 6 4 9 -7 7 15 -10 -11 17 -13 16 -15 -16 -17 -18 -19 21 20 -22 22 -24 -25 -26
leaf_value=-10.075615882873535 37.509896850585953 39.727101643880218 1.6835726471277921 -1.0057236830393472 10.483217271169027 24.092823359171547 -10.131127738952637 -1.024295905660918 -2.6835290445148616 2.9069749188210285 18.640094502766924 19.293011474609372 -1.5784231238640274 -0.14023458769446925 31.070544433593739 1.1030046129226685 -0.48880108826119328 17.608394877115881 -10.066930389404293 -9.4480456352233908 -9.6523946126302054 -9.8161745707194026 -10.090841166178384 39.691481781005848 -10.090841166178386
leaf_weight=3.9999999999999991 2.9999999999999982 2.9999999999999982 137 6.0000000000000009 5.9999999999999991 15 23 233 181 56 3 4 52 133 3 20 29 3 17.000000000000007 7.9999999999999982 3 2.9999999999999991 3 4 2.9999999999999991
leaf_count=4 3 3 137 6 6 15 23 233 181 56 3 4 52 133 3 20 29 3 17 8 3 3 3 4 3
internal_value=0.0262702 11.7986 -1.44354 9.16141 7.00058 16.9218 -1.01434 -2.04669 -3.52321 3.64016 22.9575 27.1002 0.329758 0.785179 37.1159 -0.85613 -1.18831 18.1242 -9.90184 -9.65627 -9.50378 -10.0435 -9.95351 39.7067 -10.0705
internal_weight=955 106 849 96 83 21 808 457 204 62 13 7 351 270 10 253 81 6 41 15 11 26 6 7 20
internal_count=955 106 849 96 83 21 808 457 204 62 13 7 351 270 10 253 81 6 41 15 11 26 6 7 20
is_linear=0
shrinkage=0.05


Tree=9
num_leaves=24
num_cat=0
split_feature=3 2 4 3 1 7 3 8 4 4 1 7 4 1 3 0 6 2 0 6 1 0 0
split_gain=6.36929e+06 2.68898e+06 978724 1.22978e+06 936005 692536 421524 409362 380103 113871 119149 78631.9 68173.8 60812 55872.3 240467 52284.8 300.594 316.007 154.963 64.6039 6.39426 0.419075
threshold=0.90256535388852899 1416.2350000000004 36662.500000000007 0.91121514076348353 16896.300000000003 5.5000000000000009 0.73215677519632782 2.5000000000000004 39295.000000000007 38452.500000000007 31599.800000000007 1.0000000180025095e-35 43067.500000000007 32031.065000000006 0.92816110161410581 35655.400000000009 89.500000000000014 17607.195000000003 32650.700000000004 90.500000000000014 14192.155000000002 39504.100000000013 32650.700000000004
decision_type=2 2 2 2 2 2 2 2 2 2 2 2 2 2 2 2 2 2 2 2 2 2 2
left_child=4 16 14 5 17 -4 7 8 -6 13 -11 -5 -9 -8 15 -3 21 18 19 -1 22 -2 -19
right_child=1 2 3 11 6 -7 9 12 -10 10 -12 -13 -14 -15 -16 -17 -18 20 -20 -21 -22 -23 -24
leaf_value=-8.9710532188415542 37.614215087890635 35.634402465820322 -0.7147439956665036 -1.1075583708286285 -9.6374193464006694 22.700166422526038 1.4755466308166731 -1.1732842583230088 -3.1466879257354243 -1.027273950817142 0.7892552988792676 3.8373979984260189 2.2332242608070376 8.7519299507141124 17.705510253906247 17.728455505371091 29.931787109374991 -9.5659652709960881 -9.56537368774414 -9.3924334208170546 -9.3170069376627609 37.70654968261718 -9.5866973876953132
leaf_weight=7.9999999999999982 2.9999999999999982 2.9999999999999982 4.0000000000000009 9.9999999999999982 28 15 67 179 116 261 138 41 15.999999999999998 2.9999999999999991 5 5 3 13.000000000000005 4.9999999999999991 3 2.9999999999999991 5 2.9999999999999991
leaf_count=8 3 3 4 10 28 15 67 179 116 261 138 41 16 3 5 5 3 13 5 3 3 5 3
internal_value=-0.0137993 12.3313 9.2527 6.91288 -1.39036 17.7707 -1.04361 -2.38687 -4.40877 -0.0726735 -0.399001 2.8678 -0.893776 1.78739 21.8518 24.4432 35.561 -9.39546 -9.23579 -9.08598 -9.52993 37.6719 -9.56985
internal_weight=937 94 83 70 843 19 808 339 144 469 399 51 195 70 13 8 11 35 16 11 19 8 16
internal_count=937 94 83 70 843 19 808 339 144 469 399 51 195 70 13 8 11 35 16 11 19 8 16
is_linear=0
shrinkage=0.05


Tree=10
num_leaves=26
num_cat=0
split_feature=3 2 1 3 7 3 8 7 0 8 1 8 1 2 1 0 6 0 7 6 6 2 0 0 0
split_gain=5.79733e+06 2.64422e+06 1.10255e+06 681998 618227 374152 291567 781908 262030 228092 258957 110987 140950 100464 69988.8 21915.6 21523.9 732.859 446.296 496.677 23.7982 0.881296 0.67857 0.291641 0.0848844
threshold=0.90503083712587162 1416.2350000000004 16896.300000000003 0.91121514076348353 1.5000000000000002 0.77022438329139831 3.5000000000000004 1.5000000000000002 37444.500000000007 2.5000000000000004 21618.745000000003 3.5000000000000004 32902.125000000007 3376.9000000000005 31874.680000000004 37165.250000000007 89.500000000000014 38737.450000000004 3.5000000000000004 91.500000000000014 82.500000000000014 1237.6400000000001 29736.200000000001 31954.800000000003 32852.55000000001
decision_type=2 2 2 2 2 2 2 2 2 2 2 2 2 2 2 2 2 2 2 2 2 2 2 2 2
left_child=2 8 18 4 -3 9 13 -8 -2 10 -4 14 -13 -5 -7 -6 -11 -10 19 23 -20 -19 -21 -1 -22
right_child=1 3 5 6 15 11 7 -9 17 16 -12 12 -14 -15 -16 -17 -18 21 20 22 24 -23 -24 -25 -26
leaf_value=-8.5302142551967091 20.943619918823245 -0.06104971766471861 -8.7528849551552224 2.5342206925959201 20.200007120768227 -0.69289046660220877 3.2280602391560871 21.869803025987409 36.73932291666668 -0.41461479005714258 -2.5962652882528023 1.7451083927154543 12.903336143493654 12.047797775268556 0.83480363208346253 24.318072945731025 -1.3697554115663637 35.820635986328121 -8.9561237335204993 -9.0832382202148434 -9.0862054370698466 35.78478597005207 -9.1168678283691378 -8.5115811665852856 -9.0941526412963878
leaf_weight=6.9999999999999982 3.9999999999999991 4.0000000000000009 19 37 6 192 15 9 2.9999999999999982 120 169 50 2.9999999999999991 2.9999999999999991 123 7 116 4 4.0000000000000027 2.9999999999999991 21.000000000000004 3 3 3 3.9999999999999991
leaf_count=7 4 4 19 37 6 192 15 9 3 120 169 50 3 3 123 7 116 4 4 3 21 3 3 3 4
internal_value=-0.0107246 11.6944 -1.33927 8.22643 17.1284 -0.906702 5.86185 10.2187 31.7592 -1.91915 -3.21848 0.259813 2.37671 3.24774 -0.0963623 22.4174 -0.884091 36.0855 -8.9524 -8.74041 -9.06936 35.8053 -9.10005 -8.52462 -9.08748
internal_weight=932 95 837 81 17 792 64 24 14 424 188 368 53 40 315 13 236 10 45 16 29 7 6 10 25
internal_count=932 95 837 81 17 792 64 24 14 424 188 368 53 40 315 13 236 10 45 16 29 7 6 10 25
is_linear=0
shrinkage=0.05


Tree=11
num_leaves=25
num_cat=0
split_feature=3 3 1 4 4 4 3 8 4 3 4 1 3 1 0 3 4 7 5 6 6 0 1 0
split_gain=5.15503e+06 2.1664e+06 869398 816658 701578 1.21727e+06 323338 284514 260605 220178 88823.2 112655 68554 61231.5 60344.7 182774 44681.7 275.68 343.54 39.0523 10.4832 0.43726 0.0592736 0.00754508
threshold=0.90256535388852899 0.96250598957035427 16896.300000000003 36662.500000000007 44735.000000000007 44810.000000000007 0.73152764059624931 2.5000000000000004 39295.000000000007 0.96532020591355583 39497.500000000007 31275.975000000006 0.91625507702428666 32503.655000000006 35655.400000000009 0.9314720871953861 43067.500000000007 3.5000000000000004 22.500000000000004 82.500000000000014 87.500000000000014 31833.600000000002 14192.155000000002 40724.700000000004
decision_type=2 2 2 2 2 2 2 2 2 2 2 2 2 2 2 2 2 2 2 2 2 2 2 2
left_child=2 3 17 14 12 -6 7 8 -4 -3 13 -12 -5 -8 15 -2 -9 18 21 -19 23 -1 -21 -11
right_child=1 9 6 4 5 -7 10 16 -10 20 11 -13 -14 -15 -16 -17 -18 19 -20 22 -22 -23 -24 -25
leaf_value=-8.1085163116455092 32.759191894531263 19.96696003675461 -8.6180874990380332 -2.7907445311546328 22.62401766095843 4.2094590142965318 1.0713002575295312 -1.0431294000370706 -2.8119711374202052 34.025671386718763 -1.1385524604118096 0.62846246587622701 2.4007573158510271 8.3230799357096359 15.731401443481444 16.432961654663085 1.7925579023361207 -8.4417411804199123 -8.6403381347656243 -8.6313254833221418 34.141916910807282 -8.0832641601562472 -8.6365965843200687 34.029217529296865
leaf_weight=3.9999999999999982 2.9999999999999982 3.9999999999999991 23 7.9999999999999991 13.999999999999998 25 98 188 121 2.9999999999999982 212 157 31 2.9999999999999991 4 4 14.999999999999998 3.0000000000000027 5 16.000000000000004 3 3 7.9999999999999991 3
leaf_count=4 3 4 23 8 14 25 98 188 121 3 212 157 31 3 4 4 15 3 5 16 3 3 8 3
internal_value=0.0361445 10.6614 -1.22995 7.87646 6.07782 10.8198 -0.881802 -2.03944 -3.73934 29.7276 -0.0271231 -0.386733 1.33583 1.2867 20.6305 23.4299 -0.833596 -8.5232 -8.3238 -8.61182 34.0656 -8.09769 -8.63308 34.0274
internal_weight=958 102 856 89 78 39 817 347 144 13 470 369 39 101 11 7 203 39 12 27 9 7 24 6
internal_count=958 102 856 89 78 39 817 347 144 13 470 369 39 101 11 7 203 39 12 27 9 7 24 6
is_linear=0
shrinkage=0.05


Tree=12
num_leaves=19
num_cat=0
split_feature=2 3 1 4 4 4 2 4 0 4 3 0 0 0 0 7 6 6
split_gain=3.96763e+06 2.047e+06 680985 575250 530555 1.32123e+06 245042 105467 96136.6 93310.5 73608.9 42931.2 44122.6 2765.36 564.768 421.619 263.424 34.2743
threshold=1416.2350000000004 0.89820911484001764 16896.300000000003 36662.500000000007 44735.000000000007 44810.000000000007 11638.685000000001 37740.000000000007 37444.500000000007 39497.500000000007 0.91625507702428666 34901.750000000007 36357.400000000009 33054.400000000009 39048.350000000013 3.5000000000000004 91.500000000000014 82.500000000000014
decision_type=2 2 2 2 2 2 2 2 2 2 2 2 2 2 2 2 2 2
left_child=8 2 15 11 10 -6 9 -8 -1 -4 -5 13 -13 -3 -10 16 -2 -17
right_child=1 3 6 4 5 -7 7 -9 14 -11 -12 12 -14 -15 -16 17 -18 -19
leaf_value=22.154943339029948 -7.6942794036865241 14.907675679524743 0.7648217792702573 -1.8520126416133 22.328327941894532 2.6762040734291079 -0.91279498070478449 -3.1425837896500077 33.192846679687491 -0.72659901382054015 2.6523874616622929 24.103261311848954 15.527852630615229 12.760834757486975 32.325076904296871 -8.019654337565095 -8.2284858703613288 -8.2015105799624788
leaf_weight=2.9999999999999991 9.9999999999999982 2.9999999999999982 140 12.999999999999998 12.999999999999998 25 85 141 3 418 30 3 3 3 5 3.0000000000000027 2.9999999999999991 19
leaf_count=3 10 3 140 13 13 25 85 141 3 418 30 3 3 3 5 3 3 19
internal_value=-0.0613377 -0.421363 -1.2196 6.60825 5.09468 9.3993 -0.914968 -2.30395 29.7881 -0.352407 1.29059 16.8249 19.8156 13.8343 32.6505 -8.04331 -7.81756 -8.17671
internal_weight=923 912 819 93 81 38 784 226 11 558 43 12 6 6 8 35 13 22
internal_count=923 912 819 93 81 38 784 226 11 558 43 12 6 6 8 35 13 22
is_linear=0
shrinkage=0.05


Tree=13
num_leaves=26
num_cat=0
split_feature=3 2 4 4 4 3 3 8 4 0 3 0 3 4 4 3 6 0 0 7 6 2 0 0 0
split_gain=4.67111e+06 1.89178e+06 868568 745451 1.02972e+06 658836 304864 303247 242782 163962 122487 222765 101817 91694.1 64017.7 53791.4 41703.4 836.37 568.507 332.577 319.464 3.98159 0.143408 0.0455379 0.00342734
threshold=0.90256535388852899 1416.2350000000004 36662.500000000007 44735.000000000007 44810.000000000007 0.53456476313037216 0.68207370931292388 2.5000000000000004 39295.000000000007 37444.500000000007 0.92816110161410581 35655.400000000009 0.88541603609000574 39497.500000000007 43067.500000000007 0.91625507702428666 81.500000000000014 32689.050000000003 39048.350000000013 3.5000000000000004 91.500000000000014 17143.505000000001 31722.500000000004 32852.55000000001 40279.850000000013
decision_type=2 2 2 2 2 2 2 2 2 2 2 2 2 2 2 2 2 2 2 2 2 2 2 2 2
left_child=5 9 10 15 -5 19 7 8 -7 -2 11 -3 13 -8 -9 -4 -14 -12 -11 20 22 -21 -1 -23 -20
right_child=1 2 3 4 -6 6 12 14 -10 18 17 -13 16 -15 -16 -17 -18 -19 24 21 -22 23 -24 -25 -26
leaf_value=-7.3161168416341162 17.629700469970704 31.366064453125006 -2.5586067318916323 20.800451049804689 3.2759193294926696 -8.4304166657584059 0.69521019995924749 -1.2174003747178288 -2.9215365961619786 31.533204142252615 14.162291463216143 14.679053497314451 7.7947099049886068 -0.81355256109123997 2.3509184905460905 1.9740898701879717 1.6824876975640657 12.981634521484374 30.70925191243489 -7.8524861653645743 -7.8101239013671879 -7.7897126590504362 -7.3027280171712228 -7.7963943481445312 30.7114875793457
leaf_weight=5.9999999999999982 2.9999999999999991 3.9999999999999982 7.9999999999999991 14.999999999999998 19 28 136 123 70 2.9999999999999982 3 4 2.9999999999999991 388 13.999999999999998 36 40 3 3 3.0000000000000027 4.9999999999999991 17.000000000000004 3 2.9999999999999991 4
leaf_count=6 3 4 8 15 19 28 136 123 70 3 3 4 3 388 14 36 40 3 3 3 5 17 3 3 4
internal_value=0.0856803 10.0278 7.505 5.44676 11.0073 -1.15857 -0.857622 -2.37186 -4.4955 27.8817 18.9723 23.0226 -0.230029 -0.421965 -0.852755 1.14996 2.10892 13.572 30.9573 -7.68182 -7.48968 -7.79877 -7.31165 -7.79071 30.7105
internal_weight=944 105 92 78 34 839 802 235 98 13 14 8 567 524 137 44 43 6 10 37 14 23 9 20 7
internal_count=944 105 92 78 34 839 802 235 98 13 14 8 567 524 137 44 43 6 10 37 14 23 9 20 7
is_linear=0
shrinkage=0.05


Tree=14
num_leaves=26
num_cat=0
split_feature=3 2 4 1 3 4 2 0 8 4 4 3 0 5 2 7 4 4 1 0 0 7 0 3 0
split_gain=4.24576e+06 1.61426e+06 748256 724483 674977 641518 236969 177333 172006 177544 156550 105685 364646 71775.4 89112.6 38340.2 29016.7 22872.6 4037.88 754.824 513.078 346.182 231.462 61.7208 0.00309877
threshold=0.90256535388852899 1416.2350000000004 36662.500000000007 18766.640000000003 0.91259713798500341 44735.000000000007 8055.8650000000007 37444.500000000007 2.5000000000000004 39295.000000000007 37740.000000000007 0.92816110161410581 35655.400000000009 21.500000000000004 3901.3450000000007 1.0000000180025095e-35 35390.000000000007 33577.500000000007 16896.300000000003 32689.050000000003 39048.350000000013 3.5000000000000004 32689.050000000003 0.55888442790526371 40279.850000000013
decision_type=2 2 2 2 2 2 2 2 2 2 2 2 2 2 2 2 2 2 2 2 2 2 2 2 2
left_child=3 7 11 10 5 -4 13 -2 9 -8 22 12 -3 14 -5 -6 -15 -10 21 -13 -9 -12 23 -1 -22
right_child=1 2 4 6 15 -7 8 20 17 -11 18 19 -14 16 -16 -17 -18 -19 -20 -21 24 -23 -24 -25 -26
leaf_value=-1.7078154087066655 15.549044545491538 35.453010050455745 -3.1327565956115704 9.5185571670532223 -1.6216570377349855 17.241236849392163 -7.4978671803193935 29.956543986002615 0.11333212161606009 -2.1372850702623647 -7.1267233954535589 13.454176839192705 13.403179473876953 3.2900528335571289 0.82755150399889266 2.6333493259218006 -0.57620871453574218 -0.93654820203031397 -8.588155364990234 12.332553100585933 29.173787434895829 -7.4119735130896949 -1.336194133758545 -1.9737510045369462 29.175913238525386
leaf_weight=7.9999999999999982 2.9999999999999991 2.9999999999999982 5.0000000000000027 2.9999999999999991 5.9999999999999991 17 17 2.9999999999999982 77 169 18 3 5 4.9999999999999991 175 45 165 159 6.9999999999999991 3 3 26 3.9999999999999991 3 4
leaf_count=8 3 3 5 3 6 17 17 3 77 169 18 3 5 5 175 45 165 159 7 3 3 26 4 3 4
internal_value=0.040118 9.77685 7.32119 -1.12456 5.29052 12.6108 -0.693632 26.2109 -1.49016 -2.62723 -6.15209 17.9097 21.6719 0.272279 0.974029 2.13276 -0.462495 -0.594003 -7.47273 12.8934 29.4095 -7.29528 -1.6619 -1.78034 29.175
internal_weight=936 100 87 836 73 22 770 13 422 186 66 14 8 348 178 51 170 236 51 6 10 44 15 11 7
internal_count=936 100 87 836 73 22 770 13 422 186 66 14 8 348 178 51 170 236 51 6 10 44 15 11 7
is_linear=0
shrinkage=0.05


Tree=15
num_leaves=27
num_cat=0
split_feature=3 2 4 1 3 7 3 8 4 0 4 0 3 7 6 4 4 0 0 7 6 6 0 0 3 0
split_gain=3.52795e+06 1.63091e+06 880881 573404 332025 526523 199867 149715 231810 148882 68658.3 67122.1 166849 54916.5 48659.6 33905.1 8194.39 1126.63 463.052 132.794 307.883 15.6455 1.14225 0.286372 0.0613986 0.0027952
threshold=0.89820911484001764 1416.2350000000004 36662.500000000007 16896.300000000003 0.91259713798500341 5.5000000000000009 0.77022438329139831 2.5000000000000004 39052.500000000007 37444.500000000007 45077.500000000007 35655.400000000009 0.9314720871953861 4.5000000000000009 90.500000000000014 43067.500000000007 40910.000000000007 36723.350000000006 39048.350000000013 3.5000000000000004 91.500000000000014 82.500000000000014 29736.200000000001 31954.800000000003 0.42400911500312405 40279.850000000013
decision_type=2 2 2 2 2 2 2 2 2 2 2 2 2 2 2 2 2 2 2 2 2 2 2 2 2 2
left_child=3 9 11 19 5 -4 7 8 -5 -2 -6 12 -3 14 -8 -9 -15 -13 -11 20 23 -21 -22 -1 -23 -20
right_child=1 2 4 6 10 -7 13 15 -10 18 -12 17 -14 16 -16 -17 -18 -19 25 21 22 24 -24 -25 -26 -27
leaf_value=-6.5960882186889664 16.52534465789795 28.025111579895025 0.067263168096542356 -7.2129002467445709 1.5423813036509924 16.925571337613189 0.93155937766035413 -0.81297289900794889 -1.8587535945241325 28.458716837565113 7.2090045134226486 13.123199717203773 13.583470535278318 -1.6600725837565702 -0.51476234268574483 1.3348603573441506 -0.61806376336349389 14.493497975667314 27.71509908040364 -6.9235107421874948 -7.0387908935546868 -7.0290627797444643 -7.0796048482259097 -6.5756523132324212 -7.0345259772406683 27.717118072509763
leaf_weight=3.9999999999999982 3.9999999999999991 3.9999999999999982 8 23 49 11 189 226 167 2.9999999999999982 5.9999999999999991 3 4 29 84 20 54 3 3 4.0000000000000027 4 12.000000000000002 3 3 8.9999999999999982 4
leaf_count=4 4 4 8 23 49 11 189 226 167 3 6 3 4 29 84 20 54 3 3 4 4 12 3 3 9 4
internal_value=0.050837 8.82672 6.30494 -1.02635 4.12906 9.82734 -0.734894 -1.45262 -2.50689 24.6779 2.16056 17.806 20.8043 0.144121 0.486537 -0.638352 -0.982139 13.8083 27.939 -6.9451 -6.82181 -7.01414 -7.05628 -6.58733 -7.0314 27.7163
internal_weight=933 102 88 831 74 19 792 436 190 14 55 14 8 356 273 246 83 6 10 39 14 25 7 7 21 7
internal_count=933 102 88 831 74 19 792 436 190 14 55 14 8 356 273 246 83 6 10 39 14 25 7 7 21 7
is_linear=0
shrinkage=0.05


Tree=16
num_leaves=26
num_cat=0
split_feature=3 2 4 3 3 7 3 8 4 0 4 0 0 4 3 4 4 0 7 6 6 0 0 0 0
split_gain=3.51302e+06 1.28695e+06 630186 608646 471742 621035 173109 158091 170336 130796 86170.5 82899.4 175114 70292.4 72774.6 61615.3 34548.2 398.035 218.383 327.946 14.2837 1.03087 0.184752 0.0406741 0.00273288
threshold=0.89820911484001764 1416.2350000000004 36662.500000000007 0.53456476313037216 0.91259713798500341 5.5000000000000009 0.67703828871992344 2.5000000000000004 39295.000000000007 37444.500000000007 45077.500000000007 34056.450000000004 35655.400000000009 39497.500000000007 0.78862007111501142 43067.500000000007 30732.500000000004 39048.350000000013 3.5000000000000004 91.500000000000014 82.500000000000014 29736.200000000001 31954.800000000003 32852.55000000001 40279.850000000013
decision_type=2 2 2 2 2 2 2 2 2 2 2 2 2 2 2 2 2 2 2 2 2 2 2 2 2
left_child=3 9 11 18 5 -4 7 8 -5 -2 -6 -3 -13 16 -15 -9 -8 -11 19 22 -20 -21 -1 -22 -19
right_child=1 2 4 6 10 -7 13 15 -10 17 -12 12 -14 14 -16 -17 -18 24 20 21 23 -23 -24 -25 -26
leaf_value=-6.2617002759660974 15.69907684326172 10.635218963623046 -0.0355637126498752 -7.1579129536946615 1.6310444006553064 16.382309842109681 2.9504375791549684 -1.1959177945171839 -2.2185750803910196 27.035779825846362 8.5033129310607904 26.623855400085457 13.117931493123372 -1.3426650598886851 -0.026553557623070458 2.3205998561744177 0.41618645335905829 26.329344685872389 -6.5773348808288521 -6.6868515014648438 -6.6778625124976747 -6.7256245930989564 -6.2468697865804019 -6.6828804016113281 26.331478881835935
leaf_weight=7.0000000000000018 3.9999999999999991 4.9999999999999991 9.0000000000000018 24 52 15.999999999999998 14.999999999999998 113 64 2.9999999999999982 4.9999999999999991 3.9999999999999982 6 185 243 13.999999999999998 130 3 4.0000000000000027 3.9999999999999991 21.000000000000004 3 3 4.9999999999999991 3
leaf_count=7 4 5 9 24 52 16 15 113 64 3 5 4 6 185 243 14 130 3 4 4 21 3 3 5 3
internal_value=0.0497604 8.44903 6.46914 -1.05673 4.74546 10.4719 -0.727048 -1.93688 -3.56567 23.222 2.23387 15.8919 18.5203 -0.273097 -0.595434 -0.80827 0.67835 26.5655 -6.58416 -6.44099 -6.6653 -6.70347 -6.25725 -6.67883 26.3304
internal_weight=945 110 97 835 82 25 788 215 88 13 57 15 10 573 428 127 145 9 47 17 30 7 10 26 6
internal_count=945 110 97 835 82 25 788 215 88 13 57 15 10 573 428 127 145 9 47 17 30 7 10 26 6
is_linear=0
shrinkage=0.05


Tree=17
num_leaves=26
num_cat=0
split_feature=3 2 4 1 3 4 3 8 4 4 0 3 4 0 0 2 4 7 1 0 7 0 0 2 0
split_gain=3.11317e+06 1.37835e+06 545910 498644 409508 594216 183011 161002 127138 120244 111526 65396.3 69659.5 53761.2 171720 37992.6 26828.3 25025.4 3443.31 779.247 236.538 135.78 71.0435 7.77584 2.91038e-11
threshold=0.90256535388852899 1416.2350000000004 36662.500000000007 18766.640000000003 0.91259713798500341 44735.000000000007 0.73215677519632782 2.5000000000000004 39295.000000000007 37740.000000000007 37444.500000000007 0.88541603609000574 30732.500000000004 34056.450000000004 35655.400000000009 2575.9350000000004 43067.500000000007 1.0000000180025095e-35 16896.300000000003 38737.450000000004 3.5000000000000004 32689.050000000003 31027.050000000003 1237.6400000000001 31616.550000000003
decision_type=2 2 2 2 2 2 2 2 2 2 2 2 2 2 2 2 2 2 2 2 2 2 2 2 2
left_child=3 10 13 9 5 -4 7 8 -5 21 -2 12 -8 -3 -15 -6 -9 -13 20 -12 -11 22 -1 -21 -20
right_child=1 2 4 6 15 -7 11 16 -10 18 19 17 -14 14 -16 -17 -18 -19 24 23 -22 -23 -24 -25 -26
leaf_value=-1.3332672595977784 14.359542210896812 10.604272651672364 -3.6999701817830388 -6.4507920628502262 0.2114685584198345 14.60234334609088 3.4314082072331353 -0.77150910831318642 -2.2082790413552575 -6.0832166290283212 25.922655232747395 -1.0318099200725557 -0.28707389897565444 25.292662429809578 11.393558349609373 2.9880756344114032 1.4359793458382288 2.4706650201012108 -7.4402069091796879 25.015911254882809 -6.3308549103913485 -1.1689398765563965 -1.5913434505462647 24.914088948567702 -7.4402069091796852
leaf_weight=3.9999999999999991 2.9999999999999991 3.9999999999999991 6.0000000000000027 21 22 17 12.999999999999998 167 111 14.999999999999998 2.9999999999999991 5.9999999999999991 404 3.9999999999999982 5 28 14.999999999999998 34 3.9999999999999991 5 27 3.9999999999999991 7.9999999999999991 3 3
leaf_count=4 3 4 6 21 22 17 13 167 111 15 3 6 404 4 5 28 15 34 4 5 27 4 8 3 3
internal_value=0.0183059 8.35582 5.98737 -0.979005 4.30628 9.82783 -0.624443 -1.55378 -2.88322 -5.18465 22.9049 0.0140967 -0.17115 15.4273 17.5709 1.76637 -0.589573 1.94529 -6.41353 25.2354 -6.24241 -1.42122 -1.50532 24.9777 -7.44021
internal_weight=936 100 86 836 73 23 771 314 132 65 14 457 417 13 9 50 182 40 49 11 42 16 12 8 7
internal_count=936 100 86 836 73 23 771 314 132 65 14 457 417 13 9 50 182 40 49 11 42 16 12 8 7
is_linear=0
shrinkage=0.05


Tree=18
num_leaves=19
num_cat=0
split_feature=2 3 1 4 3 4 1 8 0 4 4 3 0 0 2 0 0 2
split_gain=2.68434e+06 1.23216e+06 453992 378282 369205 583888 191815 160048 100652 91543.8 70706.1 25928.5 90240 703.27 124.105 218.705 7.22849 0.778087
threshold=1416.2350000000004 0.90256535388852899 16896.300000000003 36662.500000000007 0.91259713798500341 44735.000000000007 26797.020000000004 2.5000000000000004 37444.500000000007 39497.500000000007 45077.500000000007 0.92816110161410581 35655.400000000009 38737.450000000004 17607.195000000003 32650.700000000004 40003.700000000004 18739.500000000004
decision_type=2 2 2 2 2 2 2 2 2 2 2 2 2 2 2 2 2 2
left_child=8 2 14 11 5 -5 7 -4 -1 -8 -6 12 -3 -10 15 -2 -15 -16
right_child=1 3 6 4 10 -7 9 -9 13 -11 -12 -13 -14 16 17 -17 -18 -19
leaf_value=13.641565068562826 -5.7189674724232056 22.122781880696621 -2.8760687710647299 -3.5149716377258295 1.2763145028328411 14.940411809285479 1.6197636534254274 -0.64676780767337083 24.626522318522134 -0.27298393253882725 7.5181478369235997 10.853244781494141 10.651078605651854 23.667483520507808 -6.0470421854654939 -6.0513184017605255 23.765656738281248 -6.0268538338797439
leaf_weight=2.9999999999999991 11.000000000000002 2.9999999999999982 133 6.0000000000000009 49 15 77 204 2.9999999999999991 375 4.9999999999999991 5 4 3 15.000000000000002 8.9999999999999982 5 6.9999999999999991
leaf_count=3 11 3 133 6 49 15 77 204 3 375 5 5 4 3 15 9 5 7
internal_value=0.0307417 -0.300636 -0.893344 5.36075 4.04195 9.66745 -0.623707 -1.52658 21.7596 0.0494532 1.85426 13.6032 15.5675 23.9737 -5.95867 -5.86853 23.7288 -6.04062
internal_weight=932 918 831 87 75 21 789 337 14 452 54 12 7 11 42 20 8 22
internal_count=932 918 831 87 75 21 789 337 14 452 54 12 7 11 42 20 8 22
is_linear=0
shrinkage=0.05


Tree=19
num_leaves=19
num_cat=0
split_feature=2 3 1 4 3 4 2 4 8 6 0 0 0 3 1 0 0 2
split_gain=2.59575e+06 1.16565e+06 392401 383027 298103 398575 154110 110758 97391 54230.7 43830.9 38595.3 24829.4 95892.7 4056.59 634.702 440.279 6.68932
threshold=1416.2350000000004 0.90256535388852899 19070.290000000005 36662.500000000007 0.91259713798500341 44735.000000000007 8055.8650000000007 37740.000000000007 2.5000000000000004 90.500000000000014 34971.55000000001 37444.500000000007 35655.400000000009 0.9314720871953861 17328.220000000005 38737.450000000004 30671.900000000005 1237.6400000000001
decision_type=2 2 2 2 2 2 2 2 2 2 2 2 2 2 2 2 2 2
left_child=11 2 7 12 5 -5 9 16 -8 -4 -6 -1 13 -3 -9 -13 -2 -17
right_child=1 3 6 4 10 -7 8 14 -10 -11 -12 15 -14 -15 -16 17 -18 -19
leaf_value=16.376982625325521 -0.67476797898610352 21.849975458780932 0.70888656850007403 -3.1969324207305885 -1.2682230202688112 13.103888607025148 -2.0516315439486887 -5.6368910254501721 -0.51369836486257847 -0.57151800129395813 2.5341602221131327 23.395196533203126 10.291326293945311 10.542592926025389 -6.9392484392438618 22.577814941406245 -1.3383030891418457 22.483374023437495
leaf_weight=2.9999999999999991 3.0000000000000027 2.9999999999999982 216 5.0000000000000027 8.9999999999999982 14.999999999999998 187 41 229 134 48 2.9999999999999991 5 5 6.9999999999999991 5 14.999999999999998 3
leaf_count=3 3 3 216 5 9 15 187 41 229 134 48 3 5 5 7 5 15 3
internal_value=0.0359322 -0.288528 -0.873248 5.11688 3.77661 9.02868 -0.554512 -4.57252 -1.20503 0.218675 1.93378 21.404 13.0553 14.7829 -5.82682 22.775 -1.22771 22.5424
internal_weight=936 922 832 90 77 20 766 66 416 350 57 14 13 8 48 11 18 8
internal_count=936 922 832 90 77 20 766 66 416 350 57 14 13 8 48 11 18 8
is_linear=0
shrinkage=0.05


Tree=20
num_leaves=24
num_cat=0
split_feature=3 3 4 3 4 3 3 8 4 2 7 0 0 3 8 4 2 2 0 7 6 6 0
split_gain=2.11052e+06 903472 410909 384562 389385 381704 151070 115328 164304 65861.4 60436.2 50301.6 129125 46956.9 35895.5 24123.3 13087.9 5403.32 1340.46 162.032 250.722 28.3726 0.0422119
threshold=0.90256535388852899 0.96250598957035427 36662.500000000007 0.91259713798500341 44735.000000000007 0.5479065856547658 0.75619799596781145 2.5000000000000004 39295.000000000007 1593.3700000000001 2.5000000000000004 34056.450000000004 35655.400000000009 0.80930273330247327 2.5000000000000004 43067.500000000007 1305.7150000000004 14930.595000000003 32689.050000000003 3.5000000000000004 91.500000000000014 82.500000000000014 40003.700000000004
decision_type=2 2 2 2 2 2 2 2 2 2 2 2 2 2 2 2 2 2 2 2 2 2 2
left_child=5 2 11 4 -4 17 7 8 -7 -5 13 18 -13 -8 -12 -9 22 -1 -2 20 -19 -21 -3
right_child=1 16 3 9 -6 6 10 15 -10 -11 14 12 -14 -15 -16 -17 -18 19 -20 21 -22 -23 -24
leaf_value=-3.1570848782857261 9.9705281575520832 21.454579162597664 -2.734139051437376 6.9376244783401493 13.251295959949495 -5.9595848999023442 0.038164734363555913 -0.64290633986101442 -1.563781290050124 0.91342700975281854 -1.0656791354538104 21.82939176559449 9.7767597961425778 1.598999111562647 0.22656054940988435 1.2198209237111244 17.578406270345049 -5.0724348449707035 8.4758347829182927 -5.2815766652425076 -5.481272125244141 -5.4446696917215984 21.44731521606445
leaf_weight=2.9999999999999991 2.9999999999999991 3.9999999999999982 5.0000000000000027 4.9999999999999991 15.999999999999998 25 100 204 142 49 109 3.9999999999999982 5 93 106 19 3 9.9999999999999982 3 3.0000000000000027 5.9999999999999991 24 4
leaf_count=3 3 4 5 5 16 25 100 204 142 49 109 4 5 93 106 19 3 10 3 3 6 24 4
internal_value=0.0374986 6.86811 5.21485 3.70395 9.44524 -0.779909 -0.524615 -1.22826 -2.22184 1.47122 0.14799 12.7694 15.1335 0.790277 -0.428575 -0.484199 20.3948 -5.2087 9.22318 -5.35183 -5.22575 -5.42655 21.4509
internal_weight=945 101 90 75 21 844 798 390 167 54 408 15 9 193 215 223 11 46 6 43 16 27 8
internal_count=945 101 90 75 21 844 798 390 167 54 408 15 9 193 215 223 11 46 6 43 16 27 8
is_linear=0
shrinkage=0.05


Tree=21
num_leaves=26
num_cat=0
split_feature=3 2 4 1 7 4 3 4 4 4 0 0 1 3 2 0 3 7 6 6 6 1 2 0 0
split_gain=1.72848e+06 802884 465054 304932 211173 212848 138104 89020 156919 56288.1 52668.3 97617.7 49969.7 8270.6 3445.47 1209.77 1078.12 97.7752 200.191 59.2765 25.38 0.70332 0.0266295 0.0246141 0.000297318
threshold=0.89820911484001764 1305.7150000000004 36662.500000000007 16896.300000000003 1.0000000180025095e-35 44735.000000000007 0.72872562001945484 37740.000000000007 39295.000000000007 30732.500000000004 34056.450000000004 35655.400000000009 31020.370000000006 0.58686662143237256 3731.6200000000003 32689.050000000003 0.77241315288677537 3.5000000000000004 91.500000000000014 86.500000000000014 82.500000000000014 11870.915000000003 17509.915000000005 31472.650000000005 40724.700000000004
decision_type=2 2 2 2 2 2 2 2 2 2 2 2 2 2 2 2 2 2 2 2 2 2 2 2 2
left_child=3 19 10 17 14 -6 7 13 -9 16 15 -12 -11 -5 -4 -3 -8 18 23 24 -19 -20 -22 -1 -2
right_child=1 2 4 6 5 -7 9 8 -10 12 11 -13 -14 -15 -16 -17 -18 20 21 -21 22 -23 -24 -25 -26
leaf_value=-4.8223711967468281 20.378341674804695 9.4720021565755204 -1.8391253074010212 -0.99682255506515505 1.5147830872824699 7.1936699573740812 3.8486193339029948 -5.6987051200866707 -1.4726821241663637 -0.52908916933603234 20.737922382354743 10.654018402099609 0.55400649842111704 -0.039518736990598533 -3.7335991064707437 8.0520431518554663 2.7888840993245445 -5.0174978892008406 -5.1900896708170556 20.105784606933589 -5.1681494394938099 -5.2243270874023429 -5.1732184761448918 -4.827918052673339 20.377637736002598
leaf_weight=3.9999999999999982 2.9999999999999982 2.9999999999999991 11.999999999999998 30 33 33 2.9999999999999991 25 181 277 3.9999999999999982 6 173 91 2.9999999999999991 3 11.999999999999998 3.0000000000000027 3 3 3.0000000000000027 3 19 4 3
leaf_count=4 3 3 12 30 33 33 3 25 181 277 4 6 173 91 3 3 12 3 3 3 3 3 19 4 3
internal_value=-0.0115013 6.00134 4.67584 -0.778482 3.13714 4.35423 -0.565942 -1.35328 -1.98555 -0.0122626 12.4655 14.6876 -0.112699 -0.276867 -2.21802 8.76202 3.00083 -5.09468 -4.98889 20.2873 -5.15392 -5.20721 -5.17253 -4.82514 20.378
internal_weight=937 106 97 831 81 66 792 327 206 465 16 10 450 121 15 6 15 39 14 9 25 6 22 8 6
internal_count=937 106 97 831 81 66 792 327 206 465 16 10 450 121 15 6 15 39 14 9 25 6 22 8 6
is_linear=0
shrinkage=0.05


Tree=22
num_leaves=27
num_cat=0
split_feature=3 3 1 4 4 4 8 1 3 4 7 2 4 6 3 1 4 2 1 1 7 6 3 1 1 1
split_gain=1.54661e+06 783685 313603 268101 207791 421439 103630 131033 113740 65419 54811 44604.3 39898.3 39768.3 31545.6 60433.8 25821.8 3379.6 1091.82 540.199 141.783 29.4914 43.0523 18.9557 4.7463 3.2095
threshold=0.90256535388852899 0.96250598957035427 18766.640000000003 36662.500000000007 44735.000000000007 44810.000000000007 2.5000000000000004 24576.455000000005 0.83170320217284444 37740.000000000007 2.5000000000000004 3376.9000000000005 46105.000000000007 83.500000000000014 0.92816110161410581 32673.390000000003 33577.500000000007 16155.535000000002 30550.960000000003 37439.675000000003 3.5000000000000004 93.500000000000014 0.5479065856547658 17814.685000000005 38594.770000000011 18533.385000000006
decision_type=2 2 2 2 2 2 2 2 2 2 2 2 2 2 2 2 2 2 2 2 2 2 2 2 2 2
left_child=2 3 9 14 11 -6 7 12 16 21 -9 -5 -4 -10 15 -2 -8 25 -16 -3 -19 22 -1 -23 -21 -11
right_child=1 19 6 4 5 -7 8 10 13 17 -12 -13 -14 -15 18 -17 -18 20 -20 24 -22 23 -24 -25 -26 -27
leaf_value=-1.2180714289347334 18.629111226399747 18.521415201822922 -2.9043044813522481 1.3679888565289346 13.211838472806491 1.9488667322241744 0.45607434635981914 0.11890807019925752 3.8450261420673799 -6.0629306793212896 -1.3052665718964169 -4.1828820228576662 -6.7644897460937505 1.1491766225873379 8.9984015146891263 9.2412113189697251 -0.55858410824925231 -4.7072561264038084 7.6494408925374335 19.275805664062496 -4.9021344729832244 -1.1260989824930823 -0.9784820270538328 -1.3038429260253903 19.359002304077144 -5.9945163726806632
leaf_weight=2.9999999999999982 2.9999999999999982 2.9999999999999982 41 38 12.999999999999998 23 80 113 18 2.9999999999999991 168 3.9999999999999991 7.9999999999999991 57 3 4 290 13.999999999999998 3 3 28 3 5 3 4 4
leaf_count=3 3 3 41 38 13 23 80 113 18 3 168 4 8 57 3 4 290 14 3 3 28 3 5 3 4 4
internal_value=-0.0485004 5.79657 -0.752977 4.33654 3.22859 6.01605 -0.477201 -1.14861 0.0206968 -4.14547 -0.732556 0.839334 -3.53454 1.79618 10.9843 13.2646 -0.339198 -5.0067 8.32392 19.0828 -4.83718 -1.13118 -1.06833 -1.21497 19.3233 -6.02384
internal_weight=939 101 838 91 78 36 775 330 445 63 281 42 49 75 13 7 370 49 6 10 42 14 8 6 7 7
internal_count=939 101 838 91 78 36 775 330 445 63 281 42 49 75 13 7 370 49 6 10 42 14 8 6 7 7
is_linear=0
shrinkage=0.05


Tree=23
num_leaves=20
num_cat=0
split_feature=2 3 4 3 7 4 8 3 0 2 0 0 2 0 0 7 6 6 2
split_gain=1.57098e+06 766407 298914 252000 199503 174800 127661 127269 64105.7 60689.2 29462.4 36724.4 5441.28 1099.29 985.365 156.933 204.354 14.8255 4.3625
threshold=1416.2350000000004 0.88541603609000574 36662.500000000007 0.53456476313037216 1.0000000180025095e-35 44735.000000000007 2.5000000000000004 0.62524290705928209 37444.500000000007 7100.3350000000009 34056.450000000004 35655.400000000009 4087.3500000000004 38737.450000000004 32689.050000000003 3.5000000000000004 91.500000000000014 82.500000000000014 1237.6400000000001
decision_type=2 2 2 2 2 2 2 2 2 2 2 2 2 2 2 2 2 2 2
left_child=8 3 10 15 12 -6 7 -5 -1 -8 14 -12 -4 -10 -3 16 -2 -17 -15
right_child=1 2 4 6 5 -7 9 -9 13 -11 11 -13 -14 18 -16 17 -18 -19 -20
leaf_value=11.210877513885499 -4.3456372451782235 8.5484814961751336 -2.4047343758975757 -4.9374849855899816 1.544744434671582 5.8925944226544082 0.93259021909191064 -1.151232725270724 19.50115254720053 -0.44862691432943014 16.864322535196937 9.5461017608642571 -0.095061167081197107 18.39136276245117 7.2669687906901022 -4.7864596048990826 -4.7147389094034828 -4.6685659249623619 18.311600748697909
leaf_weight=3.9999999999999991 9.9999999999999982 2.9999999999999982 17.000000000000004 24 53 41 104 295 2.9999999999999982 338 3 4 2.9999999999999991 4 3 3.0000000000000027 5.9999999999999991 24 3
leaf_count=4 10 3 17 24 53 41 104 295 3 338 3 4 3 4 3 3 6 24 3
internal_value=-0.0640598 -0.314053 3.29548 -0.884216 2.47633 3.44115 -0.673797 -1.43609 16.5605 -0.123635 10.4787 12.6825 -2.05828 18.7004 7.90773 -4.60813 -4.48405 -4.68167 18.3572
internal_weight=945 931 127 804 114 94 761 319 14 442 13 7 20 10 6 43 16 27 7
internal_count=945 931 127 804 114 94 761 319 14 442 13 7 20 10 6 43 16 27 7
is_linear=0
shrinkage=0.05


Tree=24
num_leaves=27
num_cat=0
split_feature=3 3 4 4 4 3 8 4 6 4 1 4 3 0 0 4 1 1 4 4 0 6 1 6 0 0
split_gain=1.57768e+06 626706 309486 273224 410444 266741 198568 89017.9 76001.6 50759.9 76952.4 47444.5 43403.1 40472 72653 29873.4 24935.8 19657.8 19595.8 13072.1 5460.24 5238.13 4166.86 889.292 24.4732 0.0639704
threshold=0.89820911484001764 0.96532020591355583 36662.500000000007 44735.000000000007 44810.000000000007 0.67940466323897686 2.5000000000000004 39295.000000000007 95.500000000000014 39497.500000000007 31275.975000000006 44860.000000000007 0.91625507702428666 34056.450000000004 35655.400000000009 43067.500000000007 26614.530000000002 28646.015000000003 39497.500000000007 30732.500000000004 33698.250000000007 91.500000000000014 17328.220000000005 93.500000000000014 39048.350000000013 40279.850000000013
decision_type=2 2 2 2 2 2 2 2 2 2 2 2 2 2 2 2 2 2 2 2 2 2 2 2 2 2
left_child=5 2 13 12 -5 6 7 22 -9 16 17 -12 -4 23 -15 18 20 -11 -8 -18 -7 -17 -1 -2 -3 -26
right_child=1 24 3 4 -6 9 15 8 -10 10 11 -13 -14 14 -16 21 19 -19 -20 -21 -22 -23 -24 -25 25 -27
leaf_value=-4.3873928152996564 6.9036204020182304 17.304844156901048 -1.9885675335923834 12.785033416748048 2.5972755621733339 -0.60338733950257306 -0.43385925619421822 -1.5526778599568483 -7.9773770165443425 -1.2790135166090397 1.578069272992157 -0.24653994415591407 1.4836677729255623 17.926354646682743 9.2269201914469399 2.6188048498971126 2.8351723194122318 -0.45567379528847973 -1.8499861174159582 1.034594308001004 0.35314760401442247 0.4998849081993102 -5.2116372481636386 8.1210576375325498 17.481052652994787 17.471393966674803
leaf_weight=46 2.9999999999999991 2.9999999999999982 11.999999999999998 14.999999999999998 29 25 76 58 4.9999999999999991 144 63 82 36 3.9999999999999982 6 6.9999999999999982 11.999999999999998 146 36 63 37 5 23 3 3 4
leaf_count=46 3 3 12 15 29 25 76 58 5 144 63 82 36 4 6 7 12 146 36 63 37 5 23 3 3 4
internal_value=0.0405257 5.44941 4.34062 3.22441 6.07037 -0.730305 -2.07176 -3.42144 -2.06257 -0.129932 -0.394263 0.546221 0.615609 10.7588 12.7067 -0.635014 0.709367 -0.864505 -0.889043 1.32269 -0.032552 1.73592 -4.66214 7.51234 17.4243 17.4755
internal_weight=946 118 108 92 44 828 256 132 63 572 435 145 48 16 10 124 137 290 112 75 62 12 69 6 10 7
internal_count=946 118 108 92 44 828 256 132 63 572 435 145 48 16 10 124 137 290 112 75 62 12 69 6 10 7
is_linear=0
shrinkage=0.05


Tree=25
num_leaves=24
num_cat=0
split_feature=2 2 4 1 2 4 1 8 1 4 1 0 0 7 4 2 4 1 0 7 5 6 6
split_gain=1.05665e+06 534575 322387 222840 120331 259861 92980.9 73542.1 76186.9 50385.1 54140.8 38217.4 64751.2 22241.5 22089.6 21115.5 13826.3 2808.55 802.586 171.88 97.0051 25.154 19.3663
threshold=3731.6200000000003 1416.2350000000004 36662.500000000007 17328.220000000005 2913.6550000000002 44735.000000000007 26797.020000000004 2.5000000000000004 21186.495000000003 39497.500000000007 31599.800000000007 34056.450000000004 35655.400000000009 1.0000000180025095e-35 43067.500000000007 1305.7150000000004 30732.500000000004 16896.300000000003 32689.050000000003 3.5000000000000004 22.500000000000004 82.500000000000014 87.500000000000014
decision_type=2 2 2 2 2 2 2 2 2 2 2 2 2 2 2 2 2 2 2 2 2 2 2
left_child=1 15 11 17 13 -6 7 8 -5 16 -11 18 -13 -4 -9 22 -8 19 -3 20 -2 -21 -1
right_child=3 2 4 6 5 -7 9 14 -10 10 -12 12 -14 -15 -16 -17 -18 -19 -20 21 -22 -23 -24
leaf_value=16.600292968750004 -3.9063075256347659 7.715004603068035 -2.2840573174612864 -5.0826268588795385 0.78938458724455396 9.3240081342061369 2.6581215449741911 -0.6026923542427276 -1.49448975119413 -0.63296582377020361 0.62344720008472609 17.030036294460299 8.495103378295898 0.82737661004066476 1.277362035302555 11.621211814880368 0.91843866660229634 -2.5486385981241866 6.5584393819173163 -4.0628236134846958 -4.2304815928141277 -4.2157297427837666 16.439601643880206
leaf_weight=4.9999999999999982 9.9999999999999982 2.9999999999999991 6.9999999999999991 17 22 14.999999999999998 13.999999999999998 193 114 235 135 3.9999999999999982 5 32 17 3 62 2.9999999999999991 3 3.0000000000000027 2.9999999999999991 26 3
leaf_count=5 10 3 7 17 22 15 14 193 114 235 135 4 5 32 17 3 62 3 3 3 3 26 3
internal_value=-0.0157274 4.78739 3.5289 -0.604572 2.20677 4.24937 -0.408902 -1.03044 -1.96013 0.0663123 -0.174545 10.2277 12.2884 0.268914 -0.450497 15.1985 1.23891 -4.02662 7.13672 -4.13219 -3.98112 -4.19991 16.54
internal_weight=934 102 91 832 76 37 787 341 131 446 370 15 9 39 210 11 76 45 6 42 13 29 8
internal_count=934 102 91 832 76 37 787 341 131 446 370 15 9 39 210 11 76 45 6 42 13 29 8
is_linear=0
shrinkage=0.05


Tree=26
num_leaves=28
num_cat=0
split_feature=3 3 8 3 3 8 4 7 4 4 6 7 1 4 7 4 0 4 4 4 0 1 0 0 0 0 0
split_gain=1.31922e+06 578658 231183 235441 185307 170320 150654 98570 71714.4 68159.3 50646 46361.6 49844.9 42808.9 34845.2 15852.8 16166.4 15629.5 14326.4 5357.16 4817.77 4726.77 3653.72 2735.32 1312.09 19.9527 0.0577428
threshold=0.90256535388852899 0.96250598957035427 2.5000000000000004 0.92412070868503149 0.67315932126148648 2.5000000000000004 44735.000000000007 5.5000000000000009 39295.000000000007 46105.000000000007 90.500000000000014 2.5000000000000004 32673.390000000003 43067.500000000007 4.5000000000000009 39497.500000000007 34369.80000000001 38452.500000000007 39497.500000000007 30732.500000000004 37555.750000000007 16896.300000000003 41968.600000000013 37820.900000000009 38385.150000000009 39048.350000000013 40279.850000000013
decision_type=2 2 2 2 2 2 2 2 2 2 2 2 2 2 2 2 2 2 2 2 2 2 2 2 2 2 2
left_child=4 2 14 6 5 8 -4 -5 21 -10 11 12 -6 18 22 19 -17 -13 -7 -12 -15 -1 -2 -3 -16 -25 -27
right_child=1 23 3 7 10 13 -8 -9 9 -11 15 17 -14 20 24 16 -18 -19 -20 -21 -22 -23 -24 25 -26 26 -28
leaf_value=-3.9459728045341294 -1.7194771647453306 14.00409189860026 4.7403686791658393 4.7033505558967592 0.45341435645836115 -0.41271583128579059 11.890673906662885 -0.93017130891482036 0.43960151189849495 -3.1447364509105684 1.5044242481390635 0.81564771298851291 2.6736228712143437 0.81453605592250833 0.88345204194386795 -2.1163207340240482 -0.73672548292059425 -0.46310657893587481 -1.6667560711503029 -0.10043075235608297 2.9000521765814891 -4.8497301309005074 -3.6703638315200799 15.617621866861985 1.8910774503435406 15.776986185709632 15.767809677124021
leaf_weight=39 6 2.9999999999999991 13.000000000000002 22 137 79 17 11.999999999999998 21 36 5.9999999999999991 28 31 3.9999999999999991 6 25 141 163 32 39 8.9999999999999982 23 4 2.9999999999999982 7 3 4
leaf_count=39 6 3 13 22 137 79 17 12 21 36 6 28 31 4 6 25 141 163 32 39 9 23 4 3 7 3 4
internal_value=0.0696196 5.48885 4.0186 5.56372 -0.596953 -1.75308 8.79221 2.71505 -3.10433 -1.82419 -0.104078 0.257247 0.863096 -0.456308 -0.280872 -0.718846 -0.944496 -0.275645 -0.774241 0.11355 2.25835 -4.28124 -2.49983 15.3283 1.42602 15.7255 15.7717
internal_weight=913 100 87 64 813 243 30 34 119 57 570 359 168 124 23 211 166 191 111 45 13 62 10 13 13 10 7
internal_count=913 100 87 64 813 243 30 34 119 57 570 359 168 124 23 211 166 191 111 45 13 62 10 13 13 10 7
is_linear=0
shrinkage=0.05


Tree=27
num_leaves=19
num_cat=0
split_feature=2 2 4 1 4 2 1 0 4 0 4 4 0 4 1 0 2 0
split_gain=1.02852e+06 472961 255379 195534 179079 223960 63326.3 55754.6 53783.8 52346.9 48112 38248.8 35091.6 29666 2473.38 1794.7 90.9138 3.54099
threshold=1416.2350000000004 3901.3450000000007 36662.500000000007 18766.640000000003 42910.000000000007 2913.6550000000002 26797.020000000004 34056.450000000004 46105.000000000007 35655.400000000009 39497.500000000007 37740.000000000007 37444.500000000007 39905.000000000007 16896.300000000003 38737.450000000004 14135.875000000002 40279.850000000013
decision_type=2 2 2 2 2 2 2 2 2 2 2 2 2 2 2 2 2 2
left_child=12 2 7 11 13 -6 8 -2 -5 -9 -8 16 -1 -4 -13 -14 -3 -17
right_child=1 3 4 6 5 -7 10 9 -10 -11 -12 14 15 -15 -16 17 -18 -19
leaf_value=9.2214258193969734 4.5844616413116457 -1.1480959177017211 1.3392308984483992 -0.68390998722168439 -0.30082272768020629 6.367212062723496 1.1683406203587852 15.942442226409916 -2.7608036633900235 8.2684397125244136 -0.2250721732274828 -3.7306865822185169 16.410316467285163 -1.5155874467813053 -4.7425583430698941 14.907558695475258 -0.89683001306321897 14.979419326782224
leaf_weight=2.9999999999999991 3.9999999999999991 5.9999999999999991 13.999999999999998 285 20 34 75 3.9999999999999982 35 5 356 44 2.9999999999999982 26 6.9999999999999991 3 8.9999999999999982 4
leaf_count=3 4 6 14 285 20 34 75 4 35 5 356 44 3 26 7 3 9 4
internal_value=-0.00165707 -0.198147 2.92769 -0.607529 2.01928 3.89757 -0.378219 9.49614 -0.91107 11.6791 0.0174011 -3.21679 13.9643 -0.516401 -3.86957 15.3871 -0.997336 14.9486
internal_weight=937 924 107 817 94 54 751 13 320 9 431 66 13 40 51 10 15 7
internal_count=937 924 107 817 94 54 751 13 320 9 431 66 13 40 51 10 15 7
is_linear=0
shrinkage=0.05


Tree=28
num_leaves=27
num_cat=0
split_feature=3 2 7 3 8 3 4 0 0 6 0 4 4 7 2 4 4 4 3 0 2 4 2 0 2 0
split_gain=902385 452030 198779 162570 152638 147775 205843 72866.7 67002 38305.2 36199 33748.2 32918.7 29590 37116.8 24810.4 18211.8 16118.6 10739.9 4645.13 3836.98 3810.6 1840.77 1728.59 443.162 0.0718842
threshold=0.89820911484001764 1416.2350000000004 1.0000000180025095e-35 0.67315932126148648 2.5000000000000004 0.92412070868503149 44735.000000000007 33054.400000000009 37012.150000000009 90.500000000000014 37444.500000000007 43067.500000000007 46105.000000000007 4.5000000000000009 5678.9900000000007 46105.000000000007 30732.500000000004 39497.500000000007 0.89434061436102696 37555.750000000007 3464.1700000000005 38452.500000000007 5785.71 39048.350000000013 2913.6550000000002 40279.850000000013
decision_type=2 2 2 2 2 2 2 2 2 2 2 2 2 2 2 2 2 2 2 2 2 2 2 2 2 2
left_child=3 10 20 4 8 6 -4 -7 12 13 -2 17 -1 14 -5 -10 22 -6 -18 -13 24 -15 -11 -12 -3 -25
right_child=1 2 5 9 11 7 -8 -9 15 16 23 19 -14 21 -16 -17 18 -19 -20 -21 -22 -23 -24 25 -26 -27
leaf_value=-3.3682555941018197 9.0106518507003788 -2.0081013270786836 3.1916334644953412 1.9880592430339139 -0.35281575171365626 8.9678494771321606 9.8428092002868652 0.81831238120794303 1.1617175632052952 2.2713338851928708 15.707231140136726 0.54699125252664094 -6.7381053090095522 0.13406208412987847 0.22600004695929013 -1.869625080956353 -0.80664467976669685 -1.6569727753147934 1.5398931121826172 2.5948006947835287 -3.5765556812286379 -0.76747942380607137 0.70469232797622672 14.242758178710936 -1.3483678817749021 14.2318125406901
leaf_weight=77 3.9999999999999991 6.9999999999999982 30 34 84 2.9999999999999991 19 32 8.9999999999999982 5 2.9999999999999982 3.9999999999999991 7.9999999999999991 13.999999999999998 247 27 197 33 4.9999999999999991 8.9999999999999982 3.9999999999999991 72 3 3 4 3
leaf_count=77 4 7 30 34 84 3 19 32 9 5 3 4 8 14 247 27 197 33 5 9 4 72 3 3 4 3
internal_value=-0.00966093 4.20253 3.05147 -0.579426 -1.64167 3.99824 5.77066 1.51684 -2.91971 -0.117339 12.9683 -0.452119 -3.68542 0.190829 0.439203 -1.11179 -0.655899 -0.720655 -0.748562 1.96471 -2.25043 -0.620717 1.68384 14.7273 -1.7682 14.2373
internal_weight=940 112 99 828 251 84 49 35 121 577 13 130 85 367 281 36 210 117 202 13 15 86 8 9 11 6
internal_count=940 112 99 828 251 84 49 35 121 577 13 130 85 367 281 36 210 117 202 13 15 86 8 9 11 6
is_linear=0
shrinkage=0.05


Tree=29
num_leaves=25
num_cat=0
split_feature=3 2 4 1 2 4 2 4 0 6 0 4 4 7 6 7 7 2 1 2 0 1 4 7
split_gain=777358 311794 198902 158962 144834 221537 55344.3 52542.4 51996.3 49698.8 48015.2 41132.7 50112.6 36372.5 32645.7 18408.6 12142.2 5800.86 4196.08 1788.72 1464.94 275.162 249.075 92.1783
threshold=0.89820911484001764 1416.2350000000004 36662.500000000007 19583.170000000002 2913.6550000000002 44735.000000000007 8030.4400000000005 37740.000000000007 34056.450000000004 91.500000000000014 35655.400000000009 36372.500000000007 39295.000000000007 4.5000000000000009 90.500000000000014 5.5000000000000009 1.0000000180025095e-35 4356.1450000000013 16896.300000000003 12835.615000000002 39048.350000000013 18766.640000000003 34325.000000000007 3.5000000000000004
decision_type=2 2 2 2 2 2 2 2 2 2 2 2 2 2 2 2 2 2 2 2 2 2 2 2
left_child=3 9 8 7 15 -6 13 19 -3 20 -10 16 -13 14 -5 -4 -8 -15 23 -1 -2 -20 -21 -9
right_child=1 2 4 6 5 -7 11 18 10 -11 -12 12 -14 17 -16 -17 -18 -19 21 22 -22 -23 -24 -25
leaf_value=0.42030863761901804 14.921869405110682 4.1105844497680666 0.79681349945068369 0.90507407765835524 0.28231360584497456 7.4075494068364307 3.2887635548909508 -3.2792495727539066 15.045070791244511 6.5020834287007636 7.6954364013671865 -3.3954924464225771 -0.80664771301346228 -1.5733014822006226 -0.27429102803378003 -1.4677215737955911 0.063521013102520299 -0.5288843365966297 -4.3370177132742755 -0.96308388429529512 13.524278869628905 -4.9093579610188796 -0.46892720063527427 -3.430158386230469
leaf_weight=3.0000000000000027 2.9999999999999982 3.9999999999999991 25 162 20 24 2.9999999999999991 17 3.9999999999999982 3 5 20 286 17 92 13.999999999999998 107 61 6.9999999999999982 17.000000000000004 5 3 2.9999999999999991 25
leaf_count=3 3 4 25 162 20 24 3 17 4 3 5 20 286 17 92 14 107 61 7 17 5 3 3 25
internal_value=0.00765287 4.01675 3.10312 -0.513579 2.20241 4.16881 -0.293541 -2.70809 8.85383 11.9903 10.9619 -0.67776 -0.975853 0.187889 0.477902 -0.0160965 0.151482 -0.756514 -3.58824 -0.718186 14.0484 -4.50872 -0.88896 -3.36908
internal_weight=930 107 96 823 83 44 748 75 13 11 9 416 306 332 254 39 110 78 52 23 8 10 20 42
internal_count=930 107 96 823 83 44 748 75 13 11 9 416 306 332 254 39 110 78 52 23 8 10 20 42
is_linear=0
shrinkage=0.05


Tree=30
num_leaves=26
num_cat=0
split_feature=3 8 3 3 1 7 1 1 4 7 1 4 7 4 1 4 0 0 0 1 0 7 0 7 0
split_gain=637446 253011 159252 164929 149292 129773 91741.6 61703 54030.1 51911.4 50776.6 39898.2 34532.3 25488.5 16604.2 9588.94 4294.42 3160.85 9699.99 1301.84 659.915 94.2502 93.9333 156.978 79.6359
threshold=0.90503083712587162 2.5000000000000004 0.96532020591355583 0.92412070868503149 18766.640000000003 5.5000000000000009 35605.145000000004 31874.680000000004 37740.000000000007 2.5000000000000004 21618.745000000003 46922.500000000007 4.5000000000000009 37740.000000000007 25850.130000000005 44860.000000000007 41968.600000000013 38873.55000000001 36566.100000000006 17328.220000000005 33588.350000000006 3.5000000000000004 32689.050000000003 4.5000000000000009 39048.350000000013
decision_type=2 2 2 2 2 2 2 2 2 2 2 2 2 2 2 2 2 2 2 2 2 2 2 2 2
left_child=4 12 3 6 13 -5 -3 8 14 11 -10 -9 16 22 -6 -11 20 18 -14 21 -2 -15 23 -1 -4
right_child=1 2 24 5 7 -7 -8 9 10 15 -12 -13 17 19 -16 -17 -18 -19 -20 -21 -22 -23 -24 -25 -26
leaf_value=-1.2723811149597173 -0.95745828350385009 10.106427860260007 12.509815470377605 4.73815667214601 -0.10850274728076292 -1.6760407035549481 3.5486927151679994 2.6279276450475058 -3.0852744926190514 0.69714378101958174 -0.62503366310523834 -0.88625099241733563 0.54970608949661248 -3.1190993666648867 0.89777571027693548 -0.45689141501983005 -3.4366104888916014 0.51560850143432613 4.3107983271280919 -4.0669567871093752 -1.9384660243988034 -3.2702668485970339 -0.68308451175689699 -0.8400871958051408 12.85060234069824
leaf_weight=2.9999999999999982 3 16.000000000000004 2.9999999999999991 23 101 11.999999999999998 7.9999999999999991 42 22 27 449 9.9999999999999982 4 15.999999999999998 69 54 5 5 3 4.9999999999999991 4 29 3.9999999999999991 7 4
leaf_count=3 3 16 3 23 101 12 8 42 22 27 449 10 4 16 69 54 5 5 3 5 4 29 4 7 4
internal_value=-0.0232609 3.97544 5.57408 4.72809 -0.452715 2.539 7.92052 -0.26081 -0.464163 0.719257 -0.739949 1.95212 -0.420835 -2.77357 0.299928 -0.072213 -2.31744 1.47577 2.1616 -3.30156 -1.51803 -3.21652 -0.887864 -0.969775 12.7046
internal_weight=928 90 66 59 838 35 24 774 641 133 471 52 24 64 170 81 12 12 7 50 7 45 14 10 7
internal_count=928 90 66 59 838 35 24 774 641 133 471 52 24 64 170 81 12 12 7 50 7 45 14 10 7
is_linear=0
shrinkage=0.05


end of trees

feature_importances:
total_load=164
thermal_on_capacity=141
thermal_space_load_ratio=105
renewable_power=75
net_load=74
weekday=63
period=57
month=37
hour=7

parameters:
[boosting: gbdt]
[objective: regression]
[metric: rmse]
[tree_learner: serial]
[device_type: cpu]
[data_sample_strategy: bagging]
[data: ]
[valid: ]
[num_iterations: 400]
[learning_rate: 0.05]
[num_leaves: 31]
[num_threads: 0]
[seed: 42]
[deterministic: 0]
[force_col_wise: 0]
[force_row_wise: 0]
[histogram_pool_size: -1]
[max_depth: 5]
[min_data_in_leaf: 3]
[min_sum_hessian_in_leaf: 0.001]
[bagging_fraction: 0.85]
[pos_bagging_fraction: 1]
[neg_bagging_fraction: 1]
[bagging_freq: 1]
[bagging_seed: 400]
[bagging_by_query: 0]
[feature_fraction: 0.85]
[feature_fraction_bynode: 1]
[feature_fraction_seed: 30056]
[extra_trees: 0]
[extra_seed: 12879]
[early_stopping_round: 0]
[early_stopping_min_delta: 0]
[first_metric_only: 0]
[max_delta_step: 0]
[lambda_l1: 0]
[lambda_l2: 0]
[linear_lambda: 0]
[min_gain_to_split: 0]
[drop_rate: 0.1]
[max_drop: 50]
[skip_drop: 0.5]
[xgboost_dart_mode: 0]
[uniform_drop: 0]
[drop_seed: 17869]
[top_rate: 0.2]
[other_rate: 0.1]
[min_data_per_group: 100]
[max_cat_threshold: 32]
[cat_l2: 10]
[cat_smooth: 10]
[max_cat_to_onehot: 4]
[top_k: 20]
[monotone_constraints: ]
[monotone_constraints_method: basic]
[monotone_penalty: 0]
[feature_contri: ]
[forcedsplits_filename: ]
[refit_decay_rate: 0.9]
[cegb_tradeoff: 1]
[cegb_penalty_split: 0]
[cegb_penalty_feature_lazy: ]
[cegb_penalty_feature_coupled: ]
[path_smooth: 0]
[interaction_constraints: ]
[verbosity: -1]
[saved_feature_importance_type: 0]
[use_quantized_grad: 0]
[num_grad_quant_bins: 4]
[quant_train_renew_leaf: 0]
[stochastic_rounding: 1]
[linear_tree: 0]
[max_bin: 255]
[max_bin_by_feature: ]
[min_data_in_bin: 3]
[bin_construct_sample_cnt: 200000]
[data_random_seed: 175]
[is_enable_sparse: 1]
[enable_bundle: 1]
[use_missing: 1]
[zero_as_missing: 0]
[feature_pre_filter: 1]
[pre_partition: 0]
[two_round: 0]
[header: 0]
[label_column: ]
[weight_column: ]
[group_column: ]
[ignore_column: ]
[categorical_feature: ]
[forcedbins_filename: ]
[precise_float_parser: 0]
[parser_config_file: ]
[objective_seed: 16083]
[num_class: 1]
[is_unbalance: 0]
[scale_pos_weight: 1]
[sigmoid: 1]
[boost_from_average: 1]
[reg_sqrt: 0]
[alpha: 0.9]
[fair_c: 1]
[poisson_max_delta_step: 0.7]
[tweedie_variance_power: 1.5]
[lambdarank_truncation_level: 30]
[lambdarank_norm: 1]
[label_gain: ]
[lambdarank_position_bias_regularization: 0]
[eval_at: ]
[multi_error_top_k: 1]
[auc_mu_weights: ]
[num_machines: 1]
[local_listen_port: 12400]
[time_out: 120]
[machine_list_filename: ]
[machines: ]
[gpu_platform_id: -1]
[gpu_device_id: -1]
[gpu_use_dp: 0]
[num_gpu: 1]

end of parameters

pandas_categorical:[]
