tree
version=v4
num_class=1
num_tree_per_iteration=1
label_index=0
max_feature_idx=10
objective=regression
feature_names=total_load net_load renewable_power thermal_space_load_ratio thermal_on_capacity hour period weekday month is_weekend is_holiday
feature_infos=[22195.900000000001:43757.300000000003] [-11825.210000000003:41070.110000000001] [1144.03:36022.5] [-0.52127464982271476:0.97282505160491894] [27170:46830] [15:19] [61:80] [0:6] [2:4] [0:1] none
tree_sizes=2683 2663 2801 2775 2763 2754 2696 2707 2749 2664 2564 2680 2840 2775 2836 2809 2661 2490 2736 2811 2759 2766 2717 2665 2610

Tree=0
num_leaves=31
num_cat=0
split_feature=2 1 4 2 7 4 4 1 7 4 1 4 4 2 4 0 8 0 4 0 0 1 1 4 4 1 4 1 5 6
split_gain=3.19728e+07 1.11943e+07 6.36403e+06 4.59168e+06 1.89278e+06 4.5334e+06 3.46573e+06 844373 768184 856489 766128 736276 562066 393910 446311 305152 298091 247203 173665 154480 124959 121013 91940.7 192424 89237.6 12337 10944 6099.03 3121.2 1957.42
threshold=5589.380000000001 19655.130000000001 42910.000000000007 4200.6000000000013 5.5000000000000009 44810.000000000007 44810.000000000007 24211.150000000005 1.5000000000000002 45602.500000000007 14661.67 36662.500000000007 36662.500000000007 7265.8150000000005 36372.500000000007 38457.950000000004 2.5000000000000004 42443.30000000001 39497.500000000007 34533.200000000004 37508.450000000004 17636.370000000003 12421.950000000001 36662.500000000007 39497.500000000007 11291.910000000003 40910.000000000007 16407.750000000004 18.500000000000004 70.500000000000014
decision_type=2 2 2 2 2 2 2 2 2 2 2 2 2 2 2 2 2 2 2 2 2 2 2 2 2 2 2 2 2 2
left_child=2 10 12 4 6 -6 -4 16 17 -10 22 27 15 14 -9 28 19 -5 -15 -3 29 -13 25 -24 -18 -2 -22 -12 -1 -14
right_child=1 7 3 8 5 -7 -8 13 9 -11 11 21 20 18 -16 -17 24 -19 -20 -21 26 -23 23 -25 -26 -27 -28 -29 -30 -31
leaf_value=296.01710932523724 260.9574778872186 270.38510922700874 297.69473366529456 295.49575999052041 322.70210963041296 279.24044268400183 324.9464661018834 289.37755411046129 291.54702620616268 277.11877595163764 271.78724557235194 262.78961814127507 273.27710924258542 276.96421752348175 277.77575689334952 280.3354427348645 274.74025370300524 311.86044387927365 274.38184661686228 263.96680922300334 281.34139484333849 266.41723741563413 268.31917591204956 261.48921519302769 271.59139815440489 262.16264903623573 279.05853790211535 273.20902590563611 293.97710902006145 274.66240336069995
leaf_weight=4.9999999999999982 141 25 20 9.9999999999999982 10 15 28 8.9999999999999982 24 18 10.999999999999998 56 3.0000000000000027 97 105 6 45 2.9999999999999991 198 14.999999999999998 7.0000000000000027 39 14.999999999999998 33 45 25 21 24 3 17
leaf_count=5 141 25 20 10 10 15 28 9 24 18 11 56 3 97 105 6 45 3 198 15 7 39 15 33 45 25 21 24 3 17
internal_value=274.586 270.582 293.192 299.561 307.781 296.625 313.592 275.08 288.651 285.363 263.535 266.563 280.044 276.196 278.692 288.859 271.57 299.272 275.231 267.978 277.473 264.279 261.696 263.624 273.166 261.139 279.629 272.762 295.252 274.455
internal_weight=1073 883 190 128 73 25 48 539 55 42 344 130 62 409 114 14 130 13 295 40 48 95 214 48 90 166 28 35 8 20
internal_count=1073 883 190 128 73 25 48 539 55 42 344 130 62 409 114 14 130 13 295 40 48 95 214 48 90 166 28 35 8 20
is_linear=0
shrinkage=1


Tree=1
num_leaves=30
num_cat=0
split_feature=2 1 1 2 6 7 0 7 3 1 6 7 8 0 8 2 6 0 8 1 8 2 1 0 6 2 3 1 8
split_gain=2.48583e+07 9.5247e+06 3.00862e+06 1.51051e+06 1.47429e+06 1.13483e+06 1.19059e+06 1.00623e+06 810634 654567 602518 618547 598582 448745 389936 271999 380721 189039 129004 105239 150904 98932.6 79718.7 73168.5 54117.5 33235.5 31125 4011.4 2241.5
threshold=5852.2250000000013 19655.130000000001 33654.68 4138.5000000000009 69.500000000000014 1.0000000180025095e-35 39863.55000000001 1.0000000180025095e-35 0.68038947629344138 14898.365000000002 67.500000000000014 5.5000000000000009 3.5000000000000004 42594.400000000009 2.5000000000000004 7265.8150000000005 70.500000000000014 36686.05000000001 3.5000000000000004 11291.910000000003 3.5000000000000004 15772.465000000002 17636.370000000003 37945.750000000007 67.500000000000014 4469.255000000001 0.44205582830112838 29956.915000000005 2.5000000000000004
decision_type=2 2 2 2 2 2 2 2 2 2 2 2 2 2 2 2 2 2 2 2 2 2 2 2 2 2 2 2 2
left_child=2 9 10 4 -4 13 -7 -6 14 19 11 23 22 -5 21 16 -10 27 -17 28 -21 -3 -11 -1 -16 -19 -14 -12 -2
right_child=1 8 3 5 7 6 -8 -9 15 12 17 -13 26 -15 24 18 -18 25 -20 20 -22 -23 -24 -25 -26 -27 -28 -29 -30
leaf_value=4.4890712738037122 -12.990302991110182 -5.8090992956548124 58.752679443359376 21.440877463600856 44.751076049804688 25.896853340996639 5.4453542597153612 21.575499622241871 9.4436971187591556 -11.121574477354686 -1.0526948976516717 36.052170817057281 -7.2399017333984377 43.256976318359378 -2.5471583139896392 0.29501690505223982 2.1965881038356474 1.9521360953648863 2.830692091493896 -12.21839410431531 -7.7609432989551186 -13.302490234375 -7.8997680664062502 14.818836975097652 -0.26447618704389886 7.6365223248799641 -1.9445726652403135 0.55839564519770002 -12.585747517903647
leaf_weight=3.9999999999999982 63 37 2.9999999999999991 10.999999999999998 4.9999999999999991 8.9999999999999982 34 74 24 48 5.0000000000000027 3 2.9999999999999991 2.9999999999999991 40 209 74 3.0000000000000027 66 49 31 4.9999999999999991 32 3 74 18 37 17 75
leaf_count=4 63 37 3 11 5 9 34 74 24 48 5 3 3 3 40 209 74 3 66 49 31 5 32 3 74 18 37 17 75
internal_value=-0.140309 -3.74525 16.1383 20.0031 24.3488 13.7515 9.7259 23.0423 0.443807 -10.3015 6.00212 17.0569 -7.33581 26.1158 -2.58274 1.7096 3.97139 3.43123 0.903579 -11.934 -10.4911 -6.70117 -9.83285 8.91611 -1.06542 6.82447 -2.34172 0.192239 -12.7704
internal_weight=1059 867 192 139 82 57 43 79 529 338 53 10 120 14 156 373 98 43 275 218 80 42 80 7 114 21 40 22 138
internal_count=1059 867 192 139 82 57 43 79 529 338 53 10 120 14 156 373 98 43 275 218 80 42 80 7 114 21 40 22 138
is_linear=0
shrinkage=0.05


Tree=2
num_leaves=31
num_cat=0
split_feature=2 1 4 2 8 7 3 3 4 1 4 8 4 8 2 4 4 4 1 4 6 4 0 4 6 0 7 1 8 1
split_gain=2.35168e+07 8.1487e+06 3.9998e+06 3.27078e+06 1.31623e+06 3.63951e+06 1.20303e+06 678210 669389 592102 542424 461047 380905 340185 190474 199008 165281 105237 95857.6 176850 93752.9 90913.6 79970.3 60973.1 47625.9 42826.9 7342.24 6477.07 3473.61 2604.54
threshold=5852.2250000000013 19655.130000000001 42910.000000000007 4715.3000000000011 2.5000000000000004 2.5000000000000004 0.97000117379689221 0.67664133737944343 36372.500000000007 14898.365000000002 36662.500000000007 2.5000000000000004 36090.000000000007 2.5000000000000004 7105.9150000000009 36372.500000000007 44735.000000000007 46555.000000000007 11291.910000000003 36662.500000000007 71.500000000000014 39295.000000000007 37547.900000000009 36372.500000000007 66.500000000000014 37443.30000000001 1.5000000000000002 16931.870000000006 2.5000000000000004 30182.040000000005
decision_type=2 2 2 2 2 2 2 2 2 2 2 2 2 2 2 2 2 2 2 2 2 2 2 2 2 2 2 2 2 2
left_child=2 9 8 4 5 -4 -6 11 12 18 27 21 -1 17 15 -9 -15 -5 28 -20 -12 -3 29 -16 -13 -14 -24 -11 -2 -10
right_child=1 7 3 13 6 -7 -8 14 22 10 20 24 25 16 23 -17 -18 -19 19 -21 -22 -23 26 -25 -26 -27 -28 -29 -30 -31
leaf_value=5.1865145547049378 -12.342558910663312 -12.311728668212892 38.671549835205077 2.5253563151640046 33.760179612901474 7.5181233444213875 5.1467029571533205 14.252615356445313 -1.2592863957087186 -2.3873289585113526 -8.1982816318670917 -2.7031630643208824 25.39210103352864 9.7875032598322065 2.1545887139336819 2.8465288940517386 19.615652493068154 11.539183759689331 -6.5974787782739712 -11.49623512728461 -12.326538938634537 -6.2679061140332912 5.6371382577078659 0.33222017846324231 -0.33198073651227689 18.251764133998325 3.7967458645502727 -0.98509768098592765 -11.838364375962152 0.34614529758691792
leaf_weight=7.0000000000000009 65 7.9999999999999991 14.999999999999998 17.000000000000004 45 25 3.9999999999999991 3.9999999999999991 3.0000000000000027 13.999999999999998 72 30 3 11.000000000000002 58 87 6.9999999999999991 3.9999999999999991 27 58 17 28 7.0000000000000027 220 72 7 24 20 72 15.999999999999998
leaf_count=7 65 8 15 17 45 25 4 4 3 14 72 30 3 11 58 87 7 4 27 58 17 28 7 220 72 7 24 20 72 16
internal_value=-0.204686 -3.78964 15.4588 20.6397 25.9306 19.2007 31.4244 0.244024 5.56099 -9.71737 -6.93457 -2.74632 14.132 8.56564 1.36237 3.3479 13.6096 4.24228 -11.2592 -9.94016 -8.98683 -7.61098 2.64685 0.712427 -1.02939 20.3939 4.21232 -1.56249 -12.0776 0.0926561
internal_weight=1047 852 195 128 89 40 49 507 67 345 123 138 17 39 369 91 18 21 222 85 89 36 50 278 102 10 31 34 137 19
internal_count=1047 852 195 128 89 40 49 507 67 345 123 138 17 39 369 91 18 21 222 85 89 36 50 278 102 10 31 34 137 19
is_linear=0
shrinkage=0.05


Tree=3
num_leaves=31
num_cat=0
split_feature=2 1 4 3 7 4 1 3 7 7 4 1 4 0 0 2 4 4 4 4 1 0 2 7 4 2 6 1 4 6
split_gain=2.01535e+07 8.23077e+06 4.27858e+06 2.57041e+06 2.75835e+06 3.45463e+06 948117 753776 602891 821648 489826 432588 686508 260947 211596 209579 313724 170710 203030 77599 74885.1 71240.2 19734.6 13242.8 8594.13 46505.4 7225.14 4218.89 1349.18 1173.92
threshold=5589.380000000001 18825.540000000005 42910.000000000007 0.90360209452548712 5.5000000000000009 44810.000000000007 38991.370000000003 0.67900401946839584 5.5000000000000009 1.5000000000000002 36662.500000000007 12421.950000000001 36662.500000000007 39369.000000000007 38457.950000000004 7578.0900000000011 36372.500000000007 37740.000000000007 39052.500000000007 39497.500000000007 17636.370000000003 37547.900000000009 19743.590000000004 1.0000000180025095e-35 37740.000000000007 19907.430000000004 73.500000000000014 33654.68 41515.000000000007 70.500000000000014
decision_type=2 2 2 2 2 2 2 2 2 2 2 2 2 2 2 2 2 2 2 2 2 2 2 2 2 2 2 2 2 2
left_child=2 11 10 8 6 -6 -5 17 9 -4 14 24 22 -10 27 16 -9 23 -19 -17 -14 29 -13 -3 25 -2 -23 -1 -26 -12
right_child=1 7 3 4 5 -7 -8 15 13 -11 21 12 20 -15 -16 19 -18 18 -20 -21 -22 26 -24 -25 28 -27 -28 -29 -30 -31
leaf_value=19.302198028564462 -4.8167113622029625 3.2152798970540371 21.647736767360144 31.95296026611328 42.666860961914047 3.177833790249295 50.8785390218099 12.697657299041749 35.178834533691408 7.5737946319580081 -0.89825639724731343 -1.5667378527196973 -10.318160453179608 15.671198908487952 5.0420761108398438 1.8065792656713917 2.4914700228953737 -10.701972982618544 -2.8988328031206554 -0.0095919990094262188 -7.0709158463911583 2.2013589541117353 -4.4895985467093338 -0.21110072017033052 -11.748795863560268 -11.179868515925621 4.1262481616093565 17.005764007568356 -11.37550506591797 0.17006679309739009
leaf_weight=3.9999999999999982 2.9999999999999991 2.9999999999999991 13.999999999999998 25 8.0000000000000018 18 8.9999999999999982 7.9999999999999991 3.9999999999999991 40 3.0000000000000027 33 92 3 5 93 128 8.9999999999999982 113 160 22 5.9999999999999991 6.9999999999999991 47 70 67 26 4 37 18
leaf_count=4 3 3 14 25 8 18 9 8 4 40 3 33 92 3 5 93 128 9 113 160 22 6 7 47 70 67 26 4 37 18
internal_value=-0.270298 -3.39907 14.6541 20.2398 27.5878 15.3283 36.9627 0.290205 13.0123 11.2226 4.41363 -9.65188 -7.71403 26.8184 13.1109 1.50891 3.09183 -2.46606 -3.47447 0.658012 -9.6915 2.28032 -2.07824 -0.00551788 -11.3379 -10.9072 3.76533 18.154 -11.6197 0.0174492
internal_weight=1079 892 187 121 60 26 34 561 61 54 66 331 154 7 13 389 136 172 122 253 114 53 40 50 177 70 32 8 107 21
internal_count=1079 892 187 121 60 26 34 561 61 54 66 331 154 7 13 389 136 172 122 253 114 53 40 50 177 70 32 8 107 21
is_linear=0
shrinkage=0.05


Tree=4
num_leaves=31
num_cat=0
split_feature=2 1 3 0 7 1 0 1 1 8 2 6 3 7 8 8 5 7 3 5 8 3 7 8 8 1 8 2 8 3
split_gain=1.90242e+07 6.34127e+06 2.9581e+06 2.56927e+06 2.29721e+06 1.71182e+06 1.43275e+06 620874 361473 576510 350772 968027 758398 649561 263672 166793 265920 144085 134476 118416 106678 78143.5 71100.1 68649.6 24207.6 9172.3 9886.92 7539.62 3759.88 1184.55
threshold=6280.3000000000011 19045.935000000005 0.90110342426173895 39411.250000000007 5.5000000000000009 38049.355000000003 41680.400000000001 22740.105000000003 12266.150000000001 3.5000000000000004 4771.4050000000016 69.500000000000014 0.88223178632495314 1.0000000180025095e-35 3.5000000000000004 2.5000000000000004 17.500000000000004 1.5000000000000002 0.76969871397857215 17.500000000000004 3.5000000000000004 0.44205582830112838 3.5000000000000004 3.5000000000000004 3.5000000000000004 11291.910000000003 3.5000000000000004 11957.845000000001 2.5000000000000004 0.93511084307002024
decision_type=2 2 2 2 2 2 2 2 2 2 2 2 2 2 2 2 2 2 2 2 2 2 2 2 2 2 2 2 2 2
left_child=2 8 10 24 6 -6 -5 14 25 22 11 12 -1 -13 19 17 -17 -12 20 -3 -9 -11 -10 -20 29 28 -27 -16 -2 -4
right_child=1 7 3 4 5 -7 -8 18 9 21 15 13 -14 -15 27 16 -18 -19 23 -21 -22 -23 -24 -25 -26 26 -28 -29 -30 -31
leaf_value=12.113805532455443 -11.145283486186594 -4.3987262596546763 1.3715056697527568 26.674441949252426 28.178889226913448 3.5137730430154246 48.622142333984378 -0.60961209608940414 -8.2609476790093535 -5.6429418563842777 10.259537156422928 23.08159021650042 42.903379821777335 6.7556182709146064 2.3933747967084247 12.941231971979143 5.4981144905090336 1.596716224650542 1.6661425864865231 -11.214949471609934 1.7297380651621257 -1.7041874939904493 -10.817645080272968 6.1587778727213545 5.5326525370279951 -10.752598635355632 -8.6238653278350821 -0.21285900938752533 -10.623311490597933 0.22426056067148845
leaf_weight=4 69 71 2.9999999999999991 29 12.000000000000002 17 9.9999999999999982 172 57 20 6.0000000000000027 6.9999999999999991 4 47 2.9999999999999991 18 36 24 154 6.9999999999999991 68 34 52 8.9999999999999982 2.9999999999999991 12 10 37 69 8.9999999999999982
leaf_count=4 69 71 3 29 12 17 10 172 57 20 6 7 4 47 3 18 36 24 154 7 68 34 52 9 3 12 10 37 69 9
internal_value=-0.0726218 -3.54055 12.7087 20.2457 24.3774 13.72 32.3021 -0.128073 -9.04488 -7.38769 8.42402 11.2767 27.5086 8.87195 -3.31788 6.31848 7.97915 3.32928 0.805915 -5.01044 0.0532038 -3.16299 -9.48066 1.9142 1.51539 -10.7331 -9.78499 -0.0173915 -10.8843 0.511072
internal_weight=1073 844 229 83 68 29 39 521 323 163 146 62 8 54 118 84 54 30 403 78 240 54 109 163 15 160 22 40 138 12
internal_count=1073 844 229 83 68 29 39 521 323 163 146 62 8 54 118 84 54 30 403 78 240 54 109 163 15 160 22 40 138 12
is_linear=0
shrinkage=0.05


Tree=5
num_leaves=31
num_cat=0
split_feature=2 3 4 2 7 4 4 3 8 4 4 3 4 2 8 0 2 6 4 4 7 4 3 0 0 6 4 2 4 6
split_gain=2.0152e+07 6.37714e+06 4.62939e+06 4.17106e+06 1.22285e+06 3.01477e+06 1.9561e+06 615805 503522 490187 478463 456832 505580 363925 309729 293082 156217 226222 134878 100800 91764.3 88225.1 247605 59606.9 37924.4 31025.8 14285.9 8606.99 7366.71 3427.03
threshold=5852.2250000000013 0.56668113535683762 42910.000000000007 4254.9850000000015 5.5000000000000009 44810.000000000007 44810.000000000007 0.67664133737944343 2.5000000000000004 46555.000000000007 36372.500000000007 0.46223377729250298 37740.000000000007 4469.255000000001 2.5000000000000004 38353.250000000007 7265.8150000000005 69.500000000000014 39052.500000000007 36372.500000000007 1.5000000000000002 36662.500000000007 0.37348775106649673 37547.900000000009 37443.30000000001 67.500000000000014 36662.500000000007 16284.860000000002 37010.000000000007 70.500000000000014
decision_type=2 2 2 2 2 2 2 2 2 2 2 2 2 2 2 2 2 2 2 2 2 2 2 2 2 2 2 2 2 2
left_child=2 11 10 4 6 -6 -4 14 9 -5 15 21 26 -10 18 24 17 -9 -3 -18 -14 22 -2 29 -1 -16 -13 -23 -25 -12
right_child=1 7 3 8 5 -7 -8 16 13 -11 23 12 20 -15 25 -17 19 -19 -20 -21 -22 27 -24 28 -26 -27 -28 -29 -30 -31
leaf_value=22.744451904296881 -9.7783013431842516 -10.974127426147462 20.078577338324653 3.7131074273637661 39.457895812988269 2.9413871398338909 41.205170985630588 7.7990667104721076 29.412055206298803 19.413492488861085 -1.5836302042007433 -0.96914285818735757 -5.3100844780604044 13.071604016552801 -2.04619496778438 4.2908137730189733 2.4453146412280891 1.7880236121929354 -4.4477802057015268 0.19831193312656048 -9.142205696223213 -7.7442756017049152 -3.0007085575776942 4.3975786209106449 15.633485107421874 -0.23174905344363184 -4.5603829701741541 -10.448385728489271 2.6455907106399539 0.02659264959787068
leaf_weight=2.9999999999999982 65 9.9999999999999982 18 29 10.000000000000002 12.999999999999998 28 20 4.0000000000000027 5.9999999999999991 4.0000000000000027 36 21 23 38 7 65 72 38 215 61 2.9999999999999991 17 7.9999999999999991 5 62 2.9999999999999991 154 24 19
leaf_count=3 65 10 18 29 10 13 28 20 4 6 4 36 21 23 38 7 65 72 38 215 61 3 17 8 5 62 3 154 24 19
internal_value=-0.0568985 -3.31957 14.2274 19.7743 28.2315 18.8181 32.9382 0.221963 10.3622 6.4046 3.84689 -8.43512 -5.93187 15.4924 -2.50595 11.7624 1.30726 3.09477 -5.80744 0.719938 -8.16081 -9.70245 -8.37319 1.6881 18.3001 -0.921239 -1.24539 -10.3967 3.08359 -0.253446
internal_weight=1081 880 201 131 69 23 46 520 62 35 70 360 121 27 148 15 372 92 48 280 82 239 82 55 8 100 39 157 32 23
internal_count=1081 880 201 131 69 23 46 520 62 35 70 360 121 27 148 15 372 92 48 280 82 239 82 55 8 100 39 157 32 23
is_linear=0
shrinkage=0.05


Tree=6
num_leaves=30
num_cat=0
split_feature=2 1 4 4 7 0 4 1 7 4 3 4 1 4 4 3 4 3 4 4 4 6 1 2 3 4 7 4 6
split_gain=1.56402e+07 5.2834e+06 3.47502e+06 3.75217e+06 2.30001e+06 1.79847e+06 965585 913837 798724 2.26702e+06 1.01972e+06 432841 391135 569645 389392 362038 283786 105315 109647 96227.4 125584 78632.5 76996.8 19600.9 12237.6 37851.2 8165.76 1528.85 858.807
threshold=6280.3000000000011 19655.130000000001 44735.000000000007 45602.500000000007 2.5000000000000004 41384.250000000007 44065.000000000007 37225.965000000011 5.5000000000000009 44810.000000000007 0.87044606028416383 36372.500000000007 12421.950000000001 36662.500000000007 44065.000000000007 0.65848662631806942 36090.000000000007 0.76638639793532815 36372.500000000007 38752.500000000007 39295.000000000007 69.500000000000014 17636.370000000003 18613.030000000002 0.36039930606048309 37740.000000000007 3.5000000000000004 29480.000000000004 70.500000000000014
decision_type=2 2 2 2 2 2 2 2 2 2 2 2 2 2 2 2 2 2 2 2 2 2 2 2 2 2 2 2 2
left_child=2 12 5 8 7 11 -7 -5 10 -10 -4 16 24 23 -13 19 -1 18 -17 28 -21 -19 -15 -14 27 -26 -6 -2 -3
right_child=1 15 3 4 26 6 -8 -9 9 -11 -12 14 13 22 -16 17 -18 21 -20 20 -22 -23 -24 -25 25 -27 -28 -29 -30
leaf_value=3.7639299774169936 -10.281451161702474 -0.53677472596367204 7.8077541351318267 8.5525074577331548 0.17972662665627215 53.191471354166666 13.075288454691567 35.21263258192274 34.828869846888949 2.6643953323364258 38.882615106756042 1.9737662898351069 -0.98709690686195128 -9.0089118523257117 8.7402053720752395 2.0377974128514005 18.620647854275173 4.0453567495174481 -0.53368145583295512 -10.232505925496419 -2.7073778449136716 1.3080592332407832 -6.2176136490276885 -3.0997255879289964 -4.8380896568298306 -9.9571401155911961 1.8757730907201768 -9.8451836190572592 -0.022188754796981812
leaf_weight=4.9999999999999973 24 11.999999999999998 3.0000000000000027 4.9999999999999991 11.000000000000002 2.9999999999999991 3 8.9999999999999982 14 9 22 73 31 84 30 57 9 33 152 5.9999999999999991 73 128 35 17 5.0000000000000027 12.999999999999998 20 123 25
leaf_count=5 24 12 3 5 11 3 3 9 14 9 22 73 31 84 30 57 9 33 152 6 73 128 35 17 5 13 20 123 25
internal_value=-0.0173911 -3.17735 11.9495 19.2429 8.87042 6.43493 33.1334 25.6912 28.9672 22.2428 35.1536 5.06578 -8.03917 -6.3333 3.94457 0.143896 13.3147 0.908009 0.167631 -2.29336 -3.27891 1.86912 -8.18794 -1.73532 -9.76573 -8.53518 1.27395 -9.91641 -0.189082
internal_weight=1034 818 216 93 45 123 6 14 48 23 25 117 332 167 103 486 14 370 209 116 79 161 119 48 165 18 31 147 37
internal_count=1034 818 216 93 45 123 6 14 48 23 25 117 332 167 103 486 14 370 209 116 79 161 119 48 165 18 31 147 37
is_linear=0
shrinkage=0.05


Tree=7
num_leaves=30
num_cat=0
split_feature=2 1 3 0 7 0 1 3 8 7 1 8 7 0 7 1 8 8 0 3 2 8 7 2 0 2 0 7 1
split_gain=1.38932e+07 4.75223e+06 2.94861e+06 1.61935e+06 2.14592e+06 1.56144e+06 1.35913e+06 606570 452916 402450 427695 384729 262533 601611 200278 155905 282070 143038 145686 98212.8 94218.9 45718.9 43944.9 43151.3 28544.7 23320.8 7597.1 4553.62 460.133
threshold=6280.3000000000011 17636.370000000003 0.90110342426173895 39411.250000000007 5.5000000000000009 41352.250000000007 37858.74500000001 0.65848662631806942 2.5000000000000004 4.5000000000000009 33858.44000000001 2.5000000000000004 1.5000000000000002 42443.30000000001 2.5000000000000004 12266.150000000001 3.5000000000000004 2.5000000000000004 34755.05000000001 0.76638639793532815 15364.160000000002 3.5000000000000004 2.5000000000000004 20297.150000000005 28727.050000000003 2940.4000000000001 35435.200000000004 1.5000000000000002 32358.685000000001
decision_type=2 2 2 2 2 2 2 2 2 2 2 2 2 2 2 2 2 2 2 2 2 2 2 2 2 2 2 2 2
left_child=2 15 8 25 5 -5 -6 11 12 14 -11 20 13 -1 -10 26 24 19 -19 -9 -3 -13 -14 -18 -17 28 27 -2 -4
right_child=1 7 3 4 6 -7 -8 17 9 10 -12 21 22 -15 -16 16 23 18 -20 -21 -22 -23 -24 -25 -26 -27 -28 -29 -30
leaf_value=-0.9042205393314362 -8.8498251692244878 -5.3844259481463173 -0.012388763427734378 20.214859530755454 25.462772331237787 39.090252775616115 2.8868280458450322 -1.6134029074560239 9.0699275584447943 10.090822381973268 28.000909337997442 -2.1427576097315306 5.4075900395711267 28.715863545735672 3.3442247048020364 -5.1593469540278116 -2.7211526646758575 6.3402226754029591 1.246689903349552 1.0218266618438065 -10.671805225719105 -0.22381736542339678 0.82611182019477936 -6.6269808133443195 -8.7250018709007353 4.8957859039306646 -6.7843395551045731 -9.480474639761038 0.70709017515182482
leaf_weight=3.9999999999999991 38 36 4.9999999999999982 28 10.000000000000002 18 20 79 42 9.9999999999999982 4.9999999999999991 73 5.9999999999999991 3 24 5.9999999999999991 33 14.999999999999998 219 64 10.999999999999998 54 41 8.9999999999999982 87 3.9999999999999991 2.9999999999999991 116 4
leaf_count=4 38 36 5 28 10 18 20 79 42 10 5 73 6 3 24 6 33 15 219 64 11 54 41 9 87 4 3 116 4
internal_value=-0.10704 -3.04807 10.9612 18.0265 20.8159 27.6009 10.4121 -0.315191 6.30339 8.66804 16.0609 -2.75711 2.75642 11.7901 6.98785 -8.20498 -6.95905 0.811847 1.5732 -0.433999 -6.6219 -1.32683 1.41098 -3.55812 -8.49496 1.7192 -9.27631 -9.32486 0.30738
internal_weight=1067 843 224 89 76 46 30 551 135 81 15 174 54 7 66 292 135 377 234 143 47 127 47 42 93 13 157 154 9
internal_count=1067 843 224 89 76 46 30 551 135 81 15 174 54 7 66 292 135 377 234 143 47 127 47 42 93 13 157 154 9
is_linear=0
shrinkage=0.05


Tree=8
num_leaves=31
num_cat=0
split_feature=2 1 4 2 4 8 7 7 1 4 4 1 4 4 8 2 4 3 7 4 4 3 0 0 3 0 8 7 1 1
split_gain=1.29215e+07 4.56184e+06 2.61198e+06 1.91344e+06 1.09638e+06 1.37061e+06 554228 755895 497704 444419 272061 256847 413860 252388 198467 157132 307535 156014 87925.1 73390.1 51262.9 45454.8 42124.1 32934.6 13111.2 7703.08 5627.23 3930.79 3352.11 192.475
threshold=5852.2250000000013 18825.540000000005 42910.000000000007 4291.5100000000011 44065.000000000007 2.5000000000000004 4.5000000000000009 1.5000000000000002 24211.150000000005 36372.500000000007 36090.000000000007 12421.950000000001 36662.500000000007 44810.000000000007 2.5000000000000004 7578.0900000000011 36372.500000000007 0.90736172913988977 2.5000000000000004 45602.500000000007 39497.500000000007 0.47023314781679099 37547.900000000009 37443.30000000001 0.43090346252617029 35435.200000000004 2.5000000000000004 1.5000000000000002 28776.310000000005 33201.020000000011
decision_type=2 2 2 2 2 2 2 2 2 2 2 2 2 2 2 2 2 2 2 2 2 2 2 2 2 2 2 2 2 2
left_child=2 11 9 4 17 -6 7 -5 14 10 29 25 24 -8 19 16 -10 -4 -17 -3 -16 -14 28 -12 -13 26 -2 -24 -11 -1
right_child=1 8 3 6 5 -7 13 -9 15 22 23 12 21 -15 20 18 -18 -19 -20 -21 -22 -23 27 -25 -26 -27 -28 -29 -30 -31
leaf_value=3.1522431691487625 -9.1035034668751251 -4.3146841700375083 33.230689684549972 16.141596097605568 9.0675830040289025 24.071752679612903 22.646232647365995 2.3371855327311688 13.589507325490317 -1.9202485402425109 20.222699991861973 -3.0078605083318859 -8.778521939841184 7.5515132635831836 -0.034338076928487192 1.2314268913218065 1.9650124222175642 49.355947875976547 -0.49579325114617823 -10.244782638549806 -2.2440038525833272 -6.6841431003714362 3.7621973037719698 13.961080278669085 -1.096929537915978 -6.2392781893412277 -8.517037404137989 2.2264648563861846 -0.12792150974273683 3.6588329315185542
leaf_weight=3 78 40 2.9999999999999991 13.999999999999998 23 45 8.9999999999999982 34 5.9999999999999991 3.0000000000000027 3 12.999999999999998 44 3.9999999999999991 52 152 110 3 143 5.9999999999999991 53 63 5.0000000000000027 7 29 2.9999999999999991 86 25 20 5
leaf_count=3 78 40 3 14 23 45 9 34 6 3 3 13 44 4 52 152 110 3 143 6 53 63 5 7 29 3 86 25 20 5
internal_value=0.0470291 -2.59719 11.317 15.4001 20.8046 18.9968 8.84375 6.36347 0.105326 3.55352 10.3415 -7.40356 -5.89442 18.0017 -2.3495 1.00722 2.56628 41.2933 0.394164 -5.08818 -1.14969 -7.54538 1.24818 15.8396 -1.68841 -8.75004 -8.79597 2.48242 -0.361703 3.46886
internal_weight=1084 878 206 135 74 68 61 48 562 71 18 316 149 13 151 411 116 6 295 46 105 107 53 10 42 167 164 30 23 8
internal_count=1084 878 206 135 74 68 61 48 562 71 18 316 149 13 151 411 116 6 295 46 105 107 53 10 42 167 164 30 23 8
is_linear=0
shrinkage=0.05


Tree=9
num_leaves=29
num_cat=0
split_feature=3 1 4 4 7 4 0 3 3 2 1 4 4 8 8 6 3 4 6 5 0 0 2 2 0 7 8 2
split_gain=1.27485e+07 4.51738e+06 3.1122e+06 1.68842e+06 1.8264e+06 1.76395e+06 1.21145e+06 1.05485e+06 510539 280579 257174 375898 246198 239990 214285 231967 77972.6 70494.5 43581.2 31887 30748.8 29006.5 21877.9 11844.1 5375.74 4404.6 4090.23 417.013
threshold=0.86438079074335972 19045.935000000005 42910.000000000007 45602.500000000007 2.5000000000000004 44735.000000000007 41384.250000000007 0.97000117379689221 0.68038947629344138 4946.9850000000006 13282.235000000001 36662.500000000007 36662.500000000007 2.5000000000000004 2.5000000000000004 66.500000000000014 0.6249588331822199 38452.500000000007 70.500000000000014 16.500000000000004 35767.450000000004 37547.900000000009 20579.210000000003 19907.430000000004 37913.100000000013 3.5000000000000004 3.5000000000000004 2150.4250000000006
decision_type=2 2 2 2 2 2 2 2 2 2 2 2 2 2 2 2 2 2 2 2 2 2 2 2 2 2 2 2
left_child=1 10 12 5 9 6 -4 -7 13 -5 20 22 24 16 17 -16 -3 -10 -13 -15 23 27 -12 -1 -2 -6 -23 -14
right_child=2 8 3 4 25 7 -8 -9 14 -11 11 18 21 19 15 -17 -18 -19 -20 -21 -22 26 -24 -25 -26 -27 -28 -29
leaf_value=-7.4558662902225157 13.567497762044272 -7.9383351771036788 7.7295984661137611 33.490880330403648 0.013547700271010394 29.770713558030685 31.071210711342946 2.9265692234039307 -4.4776672363281254 14.763246917724604 -1.1274381516011138 -6.5329949942795018 0.15032201111316676 -1.6276236557813943 6.1901708777993925 1.6327103995841388 -3.5694639116525653 0.089485017536882913 -8.9849430084228512 -0.058493795990943911 -3.2108579675356546 2.0974557309633206 -4.3763073921203617 -8.5015105948542917 10.574244689941404 1.4362824797630311 3.6886959838867188 -0.31571929628650347
leaf_weight=33 2.9999999999999991 14.999999999999998 27 5.9999999999999982 8.0000000000000018 43 6.9999999999999991 3.9999999999999991 8.9999999999999982 3 38 74 8.0000000000000018 61 32 219 32 138 24 69 2.9999999999999991 21.000000000000004 5.9999999999999991 151 3 17 4.9999999999999991 11.999999999999998
leaf_count=33 3 15 27 6 8 43 7 4 9 3 38 74 8 61 32 219 32 138 24 69 3 21 6 151 3 17 5 12
internal_value=0.00338841 -2.34127 12.6954 17.2853 7.93412 21.2104 12.5352 27.4861 0.332313 27.2483 -7.01394 -5.40972 2.54479 -1.9018 1.32588 2.21374 -4.96378 -0.190137 -7.13347 -0.794778 -8.23211 1.30226 -1.57047 -8.31398 12.0709 0.981007 2.40346 -0.129303
internal_weight=1071 904 167 115 34 81 34 47 575 9 329 142 52 177 398 251 47 147 98 130 187 46 44 184 6 25 26 20
internal_count=1071 904 167 115 34 81 34 47 575 9 329 142 52 177 398 251 47 147 98 130 187 46 44 184 6 25 26 20
is_linear=0
shrinkage=0.05


Tree=10
num_leaves=29
num_cat=0
split_feature=2 1 3 6 0 7 6 1 8 7 6 8 3 1 7 1 8 7 8 3 5 8 3 2 6 1 8 7
split_gain=1.01703e+07 3.52586e+06 1.40974e+06 1.09346e+06 1.24791e+06 2.39482e+06 729515 413351 371269 425667 637680 192641 185320 123733 251393 118128 195292 94201.1 82321.7 63812.4 55852.5 50649.4 28595.7 17577.6 10839.9 7589.79 11542.4 935.407
threshold=6280.3000000000011 17636.370000000003 0.89757977976811609 69.500000000000014 41352.250000000007 5.5000000000000009 73.500000000000014 22740.105000000003 2.5000000000000004 5.5000000000000009 69.500000000000014 2.5000000000000004 0.86708869072507022 34324.255000000005 1.5000000000000002 12266.150000000001 3.5000000000000004 2.5000000000000004 3.5000000000000004 0.80706409204814988 17.500000000000004 3.5000000000000004 0.44205582830112838 17914.595000000005 67.500000000000014 11291.910000000003 3.5000000000000004 3.5000000000000004
decision_type=2 2 2 2 2 2 2 2 2 2 2 2 2 2 2 2 2 2 2 2 2 2 2 2 2 2 2 2
left_child=2 15 8 -4 6 -6 -5 11 13 12 -11 20 -10 24 -15 25 23 18 -9 -19 -3 -13 -18 -17 -1 27 -27 -2
right_child=1 7 3 4 5 -7 -8 17 9 10 -12 21 -14 14 -16 16 22 19 -20 -21 -22 -23 -24 -25 -26 26 -28 -29
leaf_value=2.4034739136695844 -7.9822251305213348 -4.4917789865285158 43.494478352864583 16.269727790923348 34.527473080158238 7.1709267020225527 4.8098134096075853 0.82780411980549506 4.4154670858994507 27.703350830078133 -0.52961070537567123 -2.5609496309402142 9.4658064316300781 15.076936135292042 2.8348297579930382 -6.700735000600206 -4.3468272637237204 -0.68274204114821169 3.3322255750497187 1.3611764603970098 -8.9502594841851142 -0.27477735638618472 -1.6987874884354441 -8.1689483245213825 -0.44782563807442788 -8.0767690218411943 -5.7474147192305978 -8.2398053255948156
leaf_weight=4.0000000000000027 65 32 2.9999999999999991 21 15.999999999999998 15.999999999999998 41 150 39 5.9999999999999982 3 47 34 5.0000000000000027 26 47 22 152 42 51 8.9999999999999982 50 19 36 20 13 9 77
leaf_count=4 65 32 3 21 16 16 41 150 39 6 3 47 34 5 26 47 22 152 42 51 9 50 19 36 20 13 9 77
internal_value=-0.0290423 -2.64992 9.16643 13.7786 12.8302 20.8492 8.6914 -0.241324 5.90087 8.03258 18.2924 -2.59705 6.76768 2.72268 4.80936 -7.10749 -5.94293 0.581689 1.37565 -0.169245 -5.47047 -1.38251 -3.11969 -7.33755 0.027391 -7.98801 -7.12385 -8.1219
internal_weight=1055 821 234 97 94 32 62 533 137 82 9 138 73 55 31 288 124 395 192 203 41 97 41 83 24 164 22 142
internal_count=1055 821 234 97 94 32 62 533 137 82 9 138 73 55 31 288 124 395 192 203 41 97 41 83 24 164 22 142
is_linear=0
shrinkage=0.05


Tree=11
num_leaves=29
num_cat=0
split_feature=3 1 4 4 7 4 7 4 3 4 4 1 4 6 3 4 8 3 3 4 0 0 3 8 0 7 1 1
split_gain=1.13253e+07 3.85927e+06 2.82537e+06 1.18874e+06 1.66361e+06 1.13398e+06 1.14562e+06 696296 459551 326437 507124 312619 230892 170637 158955 301146 144047 126125 74173.1 41194.7 29466.5 23367 13309.7 8064.72 7188.69 5438.25 4375.75 438.756
threshold=0.86438079074335972 18684.650000000001 42910.000000000007 45602.500000000007 2.5000000000000004 44735.000000000007 5.5000000000000009 44065.000000000007 0.76063285880817699 36372.500000000007 36090.000000000007 37225.965000000011 36662.500000000007 66.500000000000014 0.39158158825085559 36662.500000000007 2.5000000000000004 0.65848662631806942 0.64115775354633187 42277.500000000007 35767.450000000004 37547.900000000009 0.41700092554384832 3.5000000000000004 37913.100000000013 3.5000000000000004 11491.765000000001 31759.410000000007
decision_type=2 2 2 2 2 2 2 2 2 2 2 2 2 2 2 2 2 2 2 2 2 2 2 2 2 2 2 2
left_child=1 14 12 5 11 7 -7 -4 16 10 -10 -5 24 -11 20 22 17 -3 -18 -17 26 27 -16 -23 -2 -6 -1 -14
right_child=2 8 3 4 25 6 -8 -9 9 13 -12 -13 21 -15 15 19 18 -19 -20 -21 -22 23 -24 -25 -26 -27 -28 -29
leaf_value=-7.5439662863324575 12.111572647094727 -4.8216204075252307 24.05972435951233 9.5871909618377682 -0.066308687461747048 30.91375839798539 15.728273657093878 8.8249397567907959 2.4515560925006867 5.4340762188037246 17.869545364379874 28.224652099609376 -0.77020530700683532 0.96986943947320636 -3.127686675389608 -7.342565808211055 -1.1455700105812292 -1.1182513174876361 0.61931345000349247 -5.3147784477625137 -2.6351466983556748 1.4927059964700176 -0.92666028183082061 3.560735321044922 8.8737476348876925 1.4700350373983384 -8.3711558024088557 -0.18473254144191742
leaf_weight=143 3.9999999999999991 34 9.9999999999999982 2.9999999999999991 9.0000000000000018 27 23 30 15.999999999999998 24 8.0000000000000018 8.9999999999999982 4.0000000000000027 198 8.9999999999999982 70 101 71 145 39 2.9999999999999991 22.000000000000004 29 5.9999999999999991 3 15.999999999999998 18 15.999999999999998
leaf_count=143 4 34 10 3 9 27 23 30 16 24 8 9 4 198 9 70 101 71 145 39 3 22 29 6 3 16 18 16
internal_value=0.323356 -1.95843 11.7072 15.8069 8.26236 18.9085 23.9284 12.6336 0.394305 2.05135 7.59089 23.5653 2.24064 1.45249 -6.47476 -5.2808 -0.767046 -2.31744 -0.105293 -6.61703 -7.54496 1.00349 -1.44796 1.93586 10.7239 0.916951 -7.63645 -0.301827
internal_weight=1090 908 182 127 37 90 50 40 597 246 24 12 55 222 311 147 351 105 246 109 164 48 38 28 7 25 161 20
internal_count=1090 908 182 127 37 90 50 40 597 246 24 12 55 222 311 147 351 105 246 109 164 48 38 28 7 25 161 20
is_linear=0
shrinkage=0.05


Tree=12
num_leaves=31
num_cat=0
split_feature=2 1 4 2 4 4 7 7 3 4 0 0 1 4 4 3 4 0 1 4 0 0 0 2 4 0 3 4 1 0
split_gain=8.74597e+06 2.94509e+06 1.97175e+06 1.86331e+06 1.20031e+06 1.36556e+06 407030 408774 356967 335842 316401 193612 175931 216892 92631.4 99995.8 91503.1 224616 107341 58525 49251.1 31315.4 30036.4 27560.2 102680 17524.9 15491.3 6175.77 2492.28 63.6923
threshold=5852.2250000000013 18825.540000000005 42910.000000000007 4200.6000000000013 44065.000000000007 44735.000000000007 1.5000000000000002 4.5000000000000009 0.68038947629344138 36372.500000000007 42594.400000000009 38457.950000000004 14661.67 37740.000000000007 45602.500000000007 0.6249588331822199 37740.000000000007 35271.55000000001 27307.430000000004 37740.000000000007 28727.050000000003 37547.900000000009 37443.30000000001 19907.430000000004 37740.000000000007 35767.450000000004 0.44205582830112838 40910.000000000007 29428.550000000007 38790.30000000001
decision_type=2 2 2 2 2 2 2 2 2 2 2 2 2 2 2 2 2 2 2 2 2 2 2 2 2 2 2 2 2 2
left_child=2 12 9 4 -4 -6 10 -8 14 11 -5 22 23 26 19 -16 17 -10 -18 -3 -15 28 -1 24 -2 -25 -14 -23 -11 -13
right_child=1 8 3 6 5 -7 7 -9 16 21 -12 29 13 20 15 -17 18 -19 -20 -21 -22 27 -24 25 -26 -27 -28 -29 -30 -31
leaf_value=18.015678660074876 -1.8424444315334161 0.00358455942032185 42.837075195312508 10.870907095500399 2.3178407768408458 21.346219846335327 2.3413778381573187 12.372096988133023 9.0841591347347599 -1.6384915113449083 28.764140828450522 2.7128015995025638 -4.5431900183359781 0.32619467576344813 -9.9405623299734884 -2.1487892055511475 -1.3830968618392945 1.3313493797615652 1.0151798064766175 -2.1101273951431114 -6.2160967176726887 2.9203618049621585 11.888239542643227 -7.3164061577289132 -7.0732631749885035 -3.9641573846340181 -0.78037965393835496 1.4217841562899678 -0.27130041271448135 3.0175713221232088
leaf_weight=2.9999999999999982 11.999999999999998 47 4.9999999999999991 14.000000000000002 11.999999999999998 44 37 13.999999999999998 10.999999999999998 4.0000000000000027 2.9999999999999991 3.9999999999999991 2.9999999999999991 2.9999999999999991 7.0000000000000027 9.9999999999999982 59 62 223 108 70 9.9999999999999982 6 154 43 3.9999999999999991 31 22 20 3
leaf_count=3 12 47 5 14 12 44 37 14 11 4 3 4 3 3 7 10 59 62 223 108 70 10 6 154 43 4 31 22 20 3
internal_value=-0.0563128 -2.28141 9.32011 13.0198 19.3645 17.2687 7.32832 5.09491 0.016043 2.69143 14.0285 9.08002 -6.06504 -4.41093 -1.85347 -5.35717 0.921836 2.49958 0.513413 -1.4692 -5.94724 0.866123 13.9307 -6.89598 -5.93199 -7.23154 -1.11239 1.89009 -0.499166 2.84342
internal_weight=1048 847 201 129 61 56 68 51 527 72 17 16 320 107 172 17 355 73 282 155 73 56 9 213 55 158 34 32 24 7
internal_count=1048 847 201 129 61 56 68 51 527 72 17 16 320 107 172 17 355 73 282 155 73 56 9 213 55 158 34 32 24 7
is_linear=0
shrinkage=0.05


Tree=13
num_leaves=31
num_cat=0
split_feature=2 3 4 2 7 4 2 7 4 3 3 4 7 0 8 8 5 4 4 4 4 2 0 0 0 6 6 4 0 2
split_gain=7.94076e+06 2.79278e+06 1.63105e+06 1.13292e+06 701906 2.11739e+06 1.22221e+06 675386 256529 236525 192248 203343 157337 153745 121753 102710 138908 88815.4 85201.9 71414.9 41396.2 95416.6 23401.5 22904.9 20170.1 7980.19 7912.5 4956.97 1759.2 107.379
threshold=5852.2250000000013 0.56668113535683762 42910.000000000007 4715.3000000000011 5.5000000000000009 44810.000000000007 1873.7950000000003 5.5000000000000009 36372.500000000007 0.68038947629344138 0.46223377729250298 37740.000000000007 1.5000000000000002 38353.250000000007 2.5000000000000004 2.5000000000000004 15.500000000000002 42277.500000000007 41515.000000000007 38452.500000000007 36662.500000000007 19907.430000000004 37642.750000000007 33088.350000000013 37547.900000000009 73.500000000000014 65.500000000000014 42595.000000000007 32175.150000000005 5483.7900000000009
decision_type=2 2 2 2 2 2 2 2 2 2 2 2 2 2 2 2 2 2 2 2 2 2 2 2 2 2 2 2 2 2
left_child=2 10 8 4 6 -6 -4 12 13 14 20 26 -5 22 17 19 -17 -3 -13 -11 21 -2 -1 -16 28 -26 -12 -22 -10 -15
right_child=1 9 3 7 5 -7 -8 -9 24 15 11 18 -14 29 23 16 -18 -19 -20 -21 27 -23 -24 -25 25 -27 -28 -29 -30 -31
leaf_value=16.571781667073573 -1.4472837372372549 -5.8241357098926194 36.163798713684081 9.7926017343997955 28.375472852918826 -1.065444624110272 15.337594837051327 25.026165390014651 -1.4284059206644679 -4.0428068681196736 -2.3760944400514878 -7.0298532772064206 1.9767665245316246 2.704122861226399 -4.7769261598587036 5.902946526863996 1.2126447649070009 -1.5075862980805912 -3.8583308157045395 0.16221022397522036 -7.1358121608865677 -6.368216090988029 10.985904541015623 -0.34718399231678976 0.034190606077512106 2.0435670684490885 -0.50312780691631909 -6.4049520295241784 -0.11512594187960906 2.2810803731282543
leaf_weight=2.9999999999999982 11.999999999999998 22 7.9999999999999991 7.9999999999999991 9.0000000000000018 19 59 3.9999999999999991 3.0000000000000027 10.999999999999998 6.9999999999999991 40 33 3 2.9999999999999991 17 221 26 45 123 116 55 5 107 5.9999999999999991 28 29 29 17 3
leaf_count=3 12 22 8 8 9 19 59 4 3 11 7 40 33 3 3 17 221 26 45 123 116 55 5 107 6 28 29 29 17 3
internal_value=0.0949436 -2.0187 8.86455 11.9503 15.0459 8.39771 17.8243 5.41508 2.51152 0.235883 -5.60709 -4.01688 3.50181 8.54289 -1.38486 0.924262 1.54767 -3.486 -5.35081 -0.182978 -6.5147 -5.48686 13.0806 -0.467995 0.947827 1.68897 -0.867316 -6.98964 -0.312118 2.4926
internal_weight=1071 863 208 140 95 28 67 45 68 530 333 121 41 14 158 372 238 48 85 134 212 67 8 110 54 34 36 145 20 6
internal_count=1071 863 208 140 95 28 67 45 68 530 333 121 41 14 158 372 238 48 85 134 212 67 8 110 54 34 36 145 20 6
is_linear=0
shrinkage=0.05


Tree=14
num_leaves=31
num_cat=0
split_feature=2 1 4 4 7 7 4 3 1 2 0 1 4 8 4 2 2 2 4 0 4 4 4 2 4 8 2 1 7 3
split_gain=6.69208e+06 2.29402e+06 1.77583e+06 1.86946e+06 1.08394e+06 591594 2.33267e+06 800016 316627 280762 776062 256675 177770 164958 102231 218270 78183.3 73698.2 91831 73275.5 56581.6 55276.7 35732.8 28277.4 26684.3 12869.4 5535.32 4972.84 3993.71 676.733
threshold=6280.3000000000011 17636.370000000003 44735.000000000007 45602.500000000007 2.5000000000000004 5.5000000000000009 44810.000000000007 0.87044606028416383 22740.105000000003 3622.5900000000006 41384.250000000007 38185.215000000004 44065.000000000007 2.5000000000000004 36662.500000000007 19907.430000000004 14228.795 9001.9100000000017 36372.500000000007 35767.450000000004 44065.000000000007 30732.500000000004 39497.500000000007 17781.405000000002 42277.500000000007 3.5000000000000004 19561.435000000001 14898.365000000002 3.5000000000000004 0.91679310099707612
decision_type=2 2 2 2 2 2 2 2 2 2 2 2 2 2 2 2 2 2 2 2 2 2 2 2 2 2 2 2 2 2
left_child=2 14 9 5 11 7 -7 -4 13 20 12 -5 -11 16 15 26 -3 18 -10 -17 25 -19 -15 24 -16 -1 -2 -25 -6 -22
right_child=1 8 3 4 28 6 -8 -9 17 10 -12 -13 -14 22 23 19 -18 21 -20 -21 29 -23 -24 27 -26 -27 -28 -29 -30 -31
leaf_value=0.22310081783093902 -0.57412863841111006 -3.3438932025257282 3.2093580126762364 10.350392293930057 -0.57140408456325531 26.909773763020834 -2.0275647511849035 27.436780912979788 6.1409978018866651 2.7875551340182625 26.516124296188355 27.343317260742186 7.3973956272519876 -0.073484008626805417 -6.090532878117684 -6.5499063199758529 -7.6774035088221231 4.218684932163784 0.94853920314720352 0.439393949508667 -3.522333017985023 -0.29461088211698966 -2.0346673611241086 -6.6988584303318106 -3.4747884979614847 3.3434674739837646 -2.0460672802395292 -7.6895559583391462 0.58238839924335484 -4.4722335433959959
leaf_weight=19.000000000000004 22.000000000000004 34 4.0000000000000027 3.9999999999999982 11.999999999999998 15 13 23 8.9999999999999982 75 3.9999999999999991 5 29 45 39 60 14.999999999999998 6.9999999999999991 158 3.9999999999999991 3.0000000000000018 220 48 133 12.999999999999998 3.9999999999999991 8.9999999999999982 13.999999999999998 20 5
leaf_count=19 22 34 4 4 12 15 13 23 9 75 4 5 29 45 39 60 15 7 158 4 3 220 48 133 13 4 9 14 20 5
internal_value=-0.136278 -2.24525 7.31243 12.5425 4.4612 18.5668 13.4746 23.8475 -0.298451 3.70029 4.90422 19.7909 4.07299 -2.32271 -5.79451 -4.44508 -4.67048 0.431103 1.22837 -6.11308 -0.494045 -0.155434 -1.08571 -6.43872 -5.4366 0.765773 -1.00147 -6.79321 0.149716 -4.11602
internal_weight=1065 830 235 96 41 55 28 27 536 139 108 9 104 142 294 95 49 394 167 64 31 227 93 199 52 23 31 147 32 8
internal_count=1065 830 235 96 41 55 28 27 536 139 108 9 104 142 294 95 49 394 167 64 31 227 93 199 52 23 31 147 32 8
is_linear=0
shrinkage=0.05


Tree=15
num_leaves=31
num_cat=0
split_feature=2 1 4 2 7 4 4 7 7 3 4 0 8 0 4 0 1 4 2 0 2 6 0 0 2 4 4 4 1 1
split_gain=6.95294e+06 2.20726e+06 1.61654e+06 1.28105e+06 619377 1.53827e+06 1.05345e+06 350765 414393 319486 272686 236514 232828 162730 107617 234672 82775.8 82015.6 188344 83162.4 70333.9 32957.8 24983.5 19581.9 13652.2 35857.1 10934.4 6442.08 3217.43 2138.52
threshold=5852.2250000000013 17636.370000000003 42910.000000000007 4200.6000000000013 5.5000000000000009 44810.000000000007 44810.000000000007 1.5000000000000002 4.5000000000000009 0.68038947629344138 36372.500000000007 42594.400000000009 2.5000000000000004 38353.250000000007 36662.500000000007 34755.05000000001 27307.430000000004 36662.500000000007 19907.430000000004 35767.450000000004 15364.160000000002 67.500000000000014 37443.30000000001 37508.450000000004 18718.780000000002 42277.500000000007 27195.000000000004 40910.000000000007 13440.384999999998 28776.310000000005
decision_type=2 2 2 2 2 2 2 2 2 2 2 2 2 2 2 2 2 2 2 2 2 2 2 2 2 2 2 2 2 2
left_child=2 17 10 4 6 -6 -4 11 -9 12 13 -5 20 22 15 -11 -16 18 26 -20 -3 -14 -1 29 25 -19 -2 -25 -26 -12
right_child=1 9 3 7 5 -7 -8 8 -10 14 23 -13 21 -15 16 -17 -18 24 19 -21 -22 -23 -24 27 28 -27 -28 -29 -30 -31
leaf_value=16.146928405761724 -4.0253334681193031 -3.4302882577510587 10.577201562178763 10.097246919359478 26.484449005126944 -1.381879743245932 25.944478804976853 1.7616885040257431 11.861103773117065 10.036245303683812 -1.7842378616332988 25.567520650227866 -1.532732284128193 2.2567149571010048 -1.3473722256341223 1.4049529933030644 0.75671435583134494 -6.2183071030510799 -6.3340975589439523 0.37332261562347413 -7.585634950491098 -0.041643591829472117 10.558605702718097 2.4966868930392798 -6.2865499805268792 -3.7834022590092253 -0.85443211773346217 0.93666242814064027 -7.0100626839531799 -0.35266120463609696
leaf_weight=2.9999999999999982 2.9999999999999991 47 19 14.000000000000002 8.0000000000000018 12.999999999999998 27 37 13.999999999999998 8.9999999999999982 3.0000000000000027 2.9999999999999991 63 6.9999999999999991 59 63 225 54 61 4.9999999999999991 12.999999999999998 90 6 8.9999999999999982 105 21 29 25 18 20
leaf_count=3 3 47 19 14 8 13 27 37 14 9 3 3 63 7 59 63 225 54 61 5 13 90 6 9 105 21 29 25 18 20
internal_value=-0.00714682 -1.98083 8.20073 11.4421 16.3489 9.23386 19.5971 6.60738 4.53408 -0.159126 2.20644 12.8273 -1.69083 7.97434 0.757315 2.48386 0.319598 -5.48269 -4.29967 -5.82596 -4.33061 -0.655621 12.4214 0.587383 -6.06823 -5.53653 -1.1517 1.34961 -6.39243 -0.539389
internal_weight=1073 865 208 135 67 21 46 68 51 569 73 17 213 16 356 72 284 296 98 66 60 153 9 57 198 75 32 34 123 23
internal_count=1073 865 208 135 67 21 46 68 51 569 73 17 213 16 356 72 284 296 98 66 60 153 9 57 198 75 32 34 123 23
is_linear=0
shrinkage=0.05


Tree=16
num_leaves=29
num_cat=0
split_feature=2 3 4 4 7 4 7 3 0 3 2 2 4 2 3 4 6 8 4 3 4 7 0 3 4 2 2 7
split_gain=5.73517e+06 2.04031e+06 1.2622e+06 1.9187e+06 590359 1.82338e+06 582980 550170 495161 407333 233187 528544 139684 262975 135477 58652.3 132655 54833.9 91361.9 53404.3 52843.7 47709.9 47442.3 41340.2 12375.6 5850.28 4630.61 2289.8
threshold=6280.3000000000011 0.56668113535683762 44735.000000000007 45602.500000000007 5.5000000000000009 44810.000000000007 2.5000000000000004 0.87044606028416383 41570.350000000013 0.87234139458232651 3622.5900000000006 3725.7150000000006 36662.500000000007 19907.430000000004 0.68038947629344138 39497.500000000007 69.500000000000014 2.5000000000000004 39052.500000000007 0.4877981889346269 44065.000000000007 1.5000000000000002 35767.450000000004 0.79591685746941343 39497.500000000007 16232.055000000002 19656.200000000001 3.5000000000000004
decision_type=2 2 2 2 2 2 2 2 2 2 2 2 2 2 2 2 2 2 2 2 2 2 2 2 2 2 2 2
left_child=2 12 8 4 7 -6 9 -4 10 -5 20 -12 13 26 17 16 -16 18 -3 25 -1 -21 -15 -17 -19 -14 -2 -8
right_child=1 14 3 6 5 -7 27 -9 -10 -11 11 -13 19 22 15 23 -18 24 -20 21 -22 -23 -24 -25 -26 -27 -28 -29
leaf_value=0.65193633268708762 -0.51749714326790786 -6.8082736968994144 2.9903384367624888 -2.3790794690450032 24.195007222493487 -1.953936402996381 -0.64460803378712028 25.756015080991002 23.892952235539756 19.224979972839357 22.33930416107178 3.768891278859023 -4.5669648851667137 -5.8665538900989596 6.0002232011159258 -0.3030893543997491 0.94416366976996269 0.17458951996593941 -1.3715220749816475 -2.2893751907348636 -4.309580612182617 -5.1411071977832101 0.57903028329213457 1.0574973980369775 -0.94152012240319027 -6.0431468355143734 -1.9020163127354213 0.25352067843079568
leaf_weight=23.000000000000004 44 9.9999999999999982 3.0000000000000027 2.9999999999999991 15 12 11.000000000000002 23 2.9999999999999991 7.9999999999999991 3.9999999999999991 91 6.9999999999999991 59 14.999999999999998 142 96 41 34 20 6.9999999999999991 55 2.9999999999999991 92 63 163 6.9999999999999991 20
leaf_count=23 44 10 3 3 15 12 11 23 3 8 4 91 7 59 15 142 96 41 34 20 7 55 3 92 63 163 7 20
internal_value=-0.0779231 -1.9483 7.0597 11.4261 17.7516 12.5733 3.44386 23.1292 3.81901 13.333 3.33723 4.5508 -4.8213 -3.36702 0.137976 0.680853 1.62741 -1.12751 -2.60715 -5.49204 -0.505751 -4.38065 -5.55467 0.231842 -0.501515 -5.98236 -0.707529 -0.0651702
internal_weight=1074 851 223 95 53 27 42 26 128 11 125 95 358 113 493 345 111 148 44 245 30 75 62 234 104 170 51 31
internal_count=1074 851 223 95 53 27 42 26 128 11 125 95 358 113 493 345 111 148 44 245 30 75 62 234 104 170 51 31
is_linear=0
shrinkage=0.05


Tree=17
num_leaves=27
num_cat=0
split_feature=3 1 4 4 7 7 7 1 0 0 8 6 4 1 2 2 6 4 2 2 0 4 3 4 7 2
split_gain=4.77107e+06 1.81815e+06 1.04382e+06 1.28536e+06 597761 550314 1.36611e+06 313646 249254 212064 211850 166384 151953 123368 104890 75026.8 117698 64696.9 152900 56842.2 52342.3 43104 20714 12864.5 8277.91 4821.72
threshold=0.86438079074335972 17636.370000000003 44395.000000000007 45602.500000000007 2.5000000000000004 4.5000000000000009 5.5000000000000009 26030.630000000008 41384.250000000007 42791.600000000006 2.5000000000000004 70.500000000000014 36662.500000000007 37225.965000000011 14228.795 6617.5600000000004 66.500000000000014 36662.500000000007 19907.430000000004 9539.2450000000008 35767.450000000004 39497.500000000007 0.5598724588585966 42277.500000000007 5.5000000000000009 4715.3000000000011
decision_type=2 2 2 2 2 2 2 2 2 2 2 2 2 2 2 2 2 2 2 2 2 2 2 2 2 2
left_child=1 17 8 5 9 13 -7 10 11 -5 14 -2 -13 -4 -3 16 -9 18 24 -12 -20 -17 23 -19 -1 -6
right_child=2 7 3 4 25 6 -8 15 -10 -11 19 12 -14 -15 -16 21 -18 22 20 -21 -22 -23 -24 -25 -26 -27
leaf_value=-0.65836054751506223 13.500273450215658 -2.615170261019566 7.0145247683805572 6.3586755752563482 -0.53891548474629702 30.778576354980473 11.543492068101962 6.6294342976350054 14.902406883239747 23.944444656372067 5.461654400825501 8.3323712757655564 0.47631310998809107 15.35392074584961 -7.0563059021444889 1.5549729784329733 1.3817347841492544 -5.7078876869766804 -5.663489905574866 -0.57143595185062279 0.25340486466884615 0.16284933677592944 -1.8051331996917725 -4.8175312527294816 -2.497599567472935 0.77671130528816823
leaf_weight=26 2.9999999999999991 61 17.000000000000004 2.9999999999999991 15.000000000000002 14.999999999999998 24 12.999999999999998 3.9999999999999991 4 3.9999999999999991 6.9999999999999991 51 5.9999999999999991 17 75 60 135 57 163 3.9999999999999991 215 3.9999999999999991 58 7.9999999999999991 12.999999999999998
leaf_count=26 3 61 17 3 15 15 24 13 4 4 4 7 51 6 17 75 60 135 57 163 4 215 4 58 8 13
internal_value=-0.185004 -1.60685 7.71413 10.9996 3.33907 15.3241 18.9416 -0.049437 2.81122 16.4077 -1.43176 2.01835 1.42446 9.19002 -3.58311 0.883533 2.31626 -4.84968 -3.77793 -0.426931 -5.2755 0.522881 -5.36651 -5.44032 -1.09112 0.0719112
internal_weight=1062 900 162 97 35 62 39 608 65 7 245 61 58 23 78 363 73 292 95 167 61 290 197 193 34 28
internal_count=1062 900 162 97 35 62 39 608 65 7 245 61 58 23 78 363 73 292 95 167 61 290 197 193 34 28
is_linear=0
shrinkage=0.05


Tree=18
num_leaves=30
num_cat=0
split_feature=3 1 4 8 4 4 9 0 1 4 3 4 3 4 0 8 4 0 2 6 4 4 2 0 0 2 6 8 6
split_gain=4.81054e+06 1.80926e+06 1.28726e+06 898256 619386 558385 341199 353567 184996 162360 158108 162654 132186 143521 204627 98792.3 89469.7 87954 64079.9 57884.1 46412.5 22670.4 64599.2 13123.3 6562.03 6217.44 6035.18 4145.92 974.582
threshold=0.86438079074335972 20347.000000000004 42910.000000000007 2.5000000000000004 46555.000000000007 44065.000000000007 1.0000000180025095e-35 40108.650000000009 37681.105000000003 36662.500000000007 0.46223377729250298 37740.000000000007 0.76969871397857215 36372.500000000007 37642.750000000007 2.5000000000000004 39052.500000000007 39831.450000000004 8680.6950000000015 62.500000000000007 39052.500000000007 36662.500000000007 19907.430000000004 38241.450000000004 38033.350000000013 16465.250000000004 65.500000000000014 3.5000000000000004 71.500000000000014
decision_type=2 2 2 2 2 2 2 2 2 2 2 2 2 2 2 2 2 2 2 2 2 2 2 2 2 2 2 2 2
left_child=1 10 9 4 5 -4 17 -8 -6 24 21 26 15 14 -14 16 -3 -5 -17 -15 -13 22 -1 28 -2 -23 -12 -25 -11
right_child=2 12 3 6 8 -7 7 -9 -10 23 11 20 13 19 -16 18 -18 -19 -20 -21 -22 25 -24 27 -26 -27 -28 -29 -30
leaf_value=-1.4557462945580484 9.2952110290527337 -4.6365121816333978 15.862282623563495 2.3725691477457658 8.0025019645690936 0.22724306775677588 25.788435086337003 15.031451826095584 21.481854248046872 -1.3253882090250635 -1.975580115740498 -5.8663471442002519 14.303409881591797 6.2819966506958016 1.9151059961318972 7.5922109921773275 -0.84925777918991008 11.619777403937446 0.23340510738655015 0.83261709310657661 -3.3825838317546779 -3.0835969289143881 -5.0077919691801078 0.90099325073616832 6.3372778256734197 -5.382623158525301 -0.28032331672452748 2.5030299186706544 -0.34790564004112695
leaf_weight=15.999999999999998 5 19 6.9999999999999991 3.0000000000000027 3.9999999999999982 31 10.999999999999998 25 7 3.0000000000000027 5.9999999999999991 26 4.9999999999999991 4.9999999999999991 9.9999999999999982 2.9999999999999991 87 18 213 192 68 2.9999999999999991 64 21.000000000000004 3 149 42 4.9999999999999991 17
leaf_count=16 5 19 7 3 4 31 11 25 7 3 6 26 5 5 10 3 87 18 213 192 68 3 64 21 3 149 42 5 17
internal_value=-0.0988175 -1.50745 7.89519 11.0962 6.13191 3.10738 15.3637 18.3183 16.5803 1.61173 -4.17439 -2.86034 0.3604 1.32991 6.04454 -0.277911 -1.52811 10.2987 0.335611 0.970926 -4.06958 -4.97867 -4.29738 0.468379 8.18599 -5.33725 -0.49223 1.20908 -0.494528
internal_weight=1068 908 160 106 49 38 57 36 11 54 374 142 534 212 15 322 106 21 216 197 94 232 80 46 8 152 48 26 20
internal_count=1068 908 160 106 49 38 57 36 11 54 374 142 534 212 15 322 106 21 216 197 94 232 80 46 8 152 48 26 20
is_linear=0
shrinkage=0.05


Tree=19
num_leaves=31
num_cat=0
split_feature=2 1 4 2 6 4 3 4 4 8 8 0 4 3 8 0 4 0 4 1 8 5 0 6 0 0 4 2 6 2
split_gain=4.47445e+06 1.47373e+06 1.05705e+06 834568 400717 320291 231193 210710 159134 140249 135855 125299 66093.8 138392 54338.6 71142.3 49557.5 47372.2 42853.2 31737.2 24504.8 22365.7 14889.7 12335.5 12080.6 16707.4 9393.89 7695.12 4235.05 3854.55
threshold=6280.3000000000011 17636.370000000003 42910.000000000007 4715.3000000000011 69.500000000000014 46555.000000000007 0.65848662631806942 36372.500000000007 36090.000000000007 2.5000000000000004 2.5000000000000004 40108.650000000009 36662.500000000007 0.39158158825085559 2.5000000000000004 34755.05000000001 42277.500000000007 37443.30000000001 39052.500000000007 37055.785000000011 2.5000000000000004 16.500000000000004 35688.950000000004 73.500000000000014 33549.100000000013 32852.500000000007 27195.000000000004 4425.7600000000011 70.500000000000014 18368.075000000004
decision_type=2 2 2 2 2 2 2 2 2 2 2 2 2 2 2 2 2 2 2 2 2 2 2 2 2 2 2 2 2 2
left_child=2 12 7 4 27 -6 10 8 -1 19 16 -11 13 22 18 -16 -3 -10 -8 -5 28 -12 -2 -22 25 -14 -15 -4 -9 -26
right_child=1 6 3 9 5 -7 14 20 17 11 21 -13 24 26 15 -17 -18 -19 -20 -21 23 -23 -24 -25 29 -27 -28 -29 -30 -31
leaf_value=1.4787759031568259 -5.13274341583252 -5.76198662349156 25.798095703125 -0.36707188566525772 9.7659656521714773 20.913851274762834 -2.7826490648587545 -2.6386036554972301 16.768888600667314 8.9931394969715779 -1.483614097657751 2.6055681582008088 -5.0867879335145307 -3.6397055308024089 4.2088174842298036 0.75721664882052042 -2.5234119221016211 8.8213781738281227 0.049372119621419519 3.1688223708759655 -0.44147864997386937 -0.135106544436947 -1.5154417991638185 1.5435923890935053 -6.7308120727539062 -3.7009571754015411 -0.71359191145747902 22.216866556803382 -0.62400987684726728 -5.5634567260742189
leaf_weight=6.9999999999999973 55 21 2.9999999999999991 15.000000000000002 81 6.9999999999999991 14.999999999999998 3.0000000000000027 3 17.000000000000004 61 13.999999999999998 133 2.9999999999999991 15.999999999999998 223 27 5 122 10.999999999999998 9.9999999999999982 62 2.9999999999999991 36 8.9999999999999982 26 32 3 20 33
leaf_count=7 55 21 3 15 81 7 15 3 3 17 61 14 133 3 16 223 27 5 122 11 10 62 3 36 9 26 32 3 20 33
internal_value=0.0099012 -1.69449 6.10945 8.61058 11.5052 10.6527 -0.160013 1.61338 6.98433 3.83706 -1.68427 6.10843 -4.54946 -3.44733 0.533202 0.988286 -3.94029 11.8017 -0.260703 1.12888 0.445776 -0.803879 -4.94564 1.11206 -5.0594 -4.86017 -0.964402 24.0075 -0.886783 -5.8136
internal_weight=1076 841 235 151 94 88 547 84 15 57 171 31 294 93 376 239 48 8 137 26 69 123 58 46 201 159 35 6 23 42
internal_count=1076 841 235 151 94 88 547 84 15 57 171 31 294 93 376 239 48 8 137 26 69 123 58 46 201 159 35 6 23 42
is_linear=0
shrinkage=0.05


Tree=20
num_leaves=31
num_cat=0
split_feature=2 3 4 2 4 8 7 7 3 3 4 4 0 6 0 2 8 8 0 4 2 4 6 0 4 2 8 3 6 0
split_gain=3.85295e+06 1.47431e+06 1.02743e+06 612173 717697 736769 370778 153192 145045 129654 126975 121199 158424 135017 109302 90070.2 128567 81650.8 71108.2 70151.5 57486 42415.3 17280.1 14615.8 12701.1 33249.5 5626.57 2554.14 1672.45 68.7875
threshold=5589.380000000001 0.56668113535683762 42910.000000000007 4291.5100000000011 44065.000000000007 2.5000000000000004 1.5000000000000002 5.5000000000000009 0.76969871397857215 0.90736172913988977 36662.500000000007 36372.500000000007 37601.700000000004 65.500000000000014 42594.400000000009 19121.375000000004 2.5000000000000004 2.5000000000000004 38457.950000000004 39052.500000000007 8680.6950000000015 42977.500000000007 67.500000000000014 38790.30000000001 36662.500000000007 19907.430000000004 3.5000000000000004 0.43090346252617029 71.500000000000014 38790.30000000001
decision_type=2 2 2 2 2 2 2 2 2 2 2 2 2 2 2 2 2 2 2 2 2 2 2 2 2 2 2 2 2 2
left_child=2 15 10 4 9 -6 14 -8 17 -4 18 12 -10 -13 -5 16 22 19 -1 -3 -19 -18 -2 28 25 -17 -25 -26 -12 -20
right_child=1 8 3 6 5 -7 7 -9 11 -11 23 13 -14 -15 -16 24 21 20 29 -21 -22 -23 -24 26 27 -27 -28 -29 -30 -31
leaf_value=9.3076290675571993 -3.8683085925238476 -3.9202999628108479 21.101690165201823 9.5794555664062511 3.5340282144546507 14.19792661640955 0.8048741544446637 9.5332355499267578 14.39782581329346 35.801673380533849 -1.1057118960789267 5.1667735298474637 1.0476748418807982 0.6179037755933301 20.599734497070315 -1.3005910555521647 -1.2454992295990528 7.0596860885620121 1.7205044428507481 -0.84588578959616523 0.090660165928407199 -4.0259739954681955 -5.4394836098807202 0.8594132954659669 -4.9209346042979849 -4.5596331800520415 2.7100537490844729 -5.7970241546630863 -0.20773716107010842 2.059098307291666
leaf_weight=6.9999999999999982 35 23 2.9999999999999991 8.9999999999999982 25 46 31 5.9999999999999991 3.9999999999999982 3 7.0000000000000027 18 5 174 2.9999999999999991 8.9999999999999982 71 2.9999999999999991 3 96 217 17 35 23.000000000000004 110 60 4.9999999999999991 8.9999999999999982 20 3
leaf_count=7 35 23 3 9 25 46 31 6 4 3 7 18 5 174 3 9 71 3 3 96 217 17 35 23 110 60 5 9 20 3
internal_value=0.0108034 -1.38666 6.39301 9.06611 11.8463 10.443 4.69724 2.22028 0.245976 28.4517 1.43992 1.31018 6.98108 1.04436 12.3345 -3.93469 -3.05471 -0.385014 5.88402 -1.4401 0.185692 -1.78264 -4.6539 0.389492 -4.67425 -4.13454 1.18988 -4.98719 -0.440545 1.8898
internal_weight=1080 886 194 126 77 71 49 37 540 6 68 201 9 192 12 346 158 339 13 119 220 88 70 55 188 69 28 119 27 6
internal_count=1080 886 194 126 77 71 49 37 540 6 68 201 9 192 12 346 158 339 13 119 220 88 70 55 188 69 28 119 27 6
is_linear=0
shrinkage=0.05


Tree=21
num_leaves=31
num_cat=0
split_feature=2 3 4 4 7 4 7 2 1 4 0 1 1 4 2 4 4 0 4 4 4 4 2 1 0 2 4 2 3 1
split_gain=3.53945e+06 1.18796e+06 804010 614815 603302 505557 518704 393122 372660 148700 111822 111461 105594 84761.8 83792.3 79770.1 78862.8 71726.6 64726.6 46619.4 40322.5 27758.4 80031.1 24068.7 14969 8672.42 6513.99 4343.24 3473.75 2287.08
threshold=5852.2250000000013 0.56668113535683762 42910.000000000007 45602.500000000007 2.5000000000000004 44735.000000000007 5.5000000000000009 3622.5900000000006 37055.785000000011 36372.500000000007 38353.250000000007 26733.540000000005 15435.360000000001 37740.000000000007 9275.3250000000025 39497.500000000007 36662.500000000007 35515.100000000006 39052.500000000007 42910.000000000007 41515.000000000007 36662.500000000007 19907.430000000004 33654.68 37547.900000000009 4715.3000000000011 42412.500000000007 14228.795 0.46223377729250298 28776.310000000005
decision_type=2 2 2 2 2 2 2 2 2 2 2 2 2 2 2 2 2 2 2 2 2 2 2 2 2 2 2 2 2 2
left_child=2 12 9 5 8 7 -7 -4 -5 10 23 13 21 14 -3 17 28 -13 -15 -17 -18 22 -2 -1 29 -6 -26 -23 -14 -11
right_child=1 11 3 4 25 6 -8 -9 -10 24 -12 15 16 18 -16 19 20 -19 -20 -21 -22 27 -24 -25 26 -27 -28 -29 -30 -31
leaf_value=13.517133331298826 -0.60891647504435653 8.836008580525716 -5.4371791839599615 -0.22084703445434573 -1.171940180460612 18.996653121948242 8.8113294334411627 8.4447142043534438 18.12115215725369 -1.883143870035805 1.6165951728820802 6.6353783383965492 -1.9246507406234743 -3.8017032131552697 0.30257446365697049 -0.50567709404386507 -4.7733768145243323 1.6137850675033407 -0.97385178083597224 0.91977048757672319 -2.3733026288804555 -2.8130494435628255 -4.3892946583884109 7.8521859741210918 1.7569202691316601 0.47753219008445741 0.25010212430587181 -4.734698197003957 -0.36444013606418268 -0.41147928969426595
leaf_weight=3 18 2.9999999999999991 5.9999999999999991 3.9999999999999991 14.999999999999998 25 25 34 8.9999999999999982 3.0000000000000027 7.9999999999999991 7.9999999999999991 3.9999999999999991 24 70 106 30 64 129 125 42 2.9999999999999991 63 5 16.000000000000004 17 12.999999999999998 148 33 22
leaf_count=3 18 3 6 4 15 25 25 34 9 3 8 8 4 24 70 106 30 64 129 125 42 3 63 5 16 17 13 148 33 22
internal_value=0.00105811 -1.39162 5.91145 8.16624 3.39435 10.5522 13.904 6.36243 12.4775 1.56293 5.79657 0.0917869 -3.69286 -0.748582 0.653264 0.718597 -2.40922 2.17174 -1.41744 0.265669 -3.37333 -4.29595 -3.54921 9.97654 0.30852 -0.295658 1.08145 -4.69652 -0.533112 -0.588079
internal_weight=1075 870 205 135 45 90 50 40 13 70 16 529 341 226 73 303 109 72 153 231 72 232 81 8 54 32 29 151 37 25
internal_count=1075 870 205 135 45 90 50 40 13 70 16 529 341 226 73 303 109 72 153 231 72 232 81 8 54 32 29 151 37 25
is_linear=0
shrinkage=0.05


Tree=22
num_leaves=30
num_cat=0
split_feature=2 1 4 4 4 3 1 7 1 4 1 1 8 7 2 1 6 6 2 4 4 4 4 4 4 1 2 1 5
split_gain=3.6068e+06 1.06176e+06 912174 1.1399e+06 563599 454633 340470 225180 932504 250059 224841 154151 104610 69017.6 66763 56211.8 306493 43317.2 34636.7 63096.4 33294.5 18166.8 14962.7 14107.5 9031.92 32740.3 7821.88 3013.23 1133.95
threshold=6280.3000000000011 17636.370000000003 44735.000000000007 45602.500000000007 46555.000000000007 0.97000117379689221 40219.105000000003 2.5000000000000004 37315.165000000008 44395.000000000007 37055.785000000011 23782.450000000001 2.5000000000000004 2.5000000000000004 11266.375000000002 34324.255000000005 71.500000000000014 61.500000000000007 18368.075000000004 36662.500000000007 36372.500000000007 39497.500000000007 42277.500000000007 38452.500000000007 36662.500000000007 12266.150000000001 4715.3000000000011 11798.66 15.500000000000002
decision_type=2 2 2 2 2 2 2 2 2 2 2 2 2 2 2 2 2 2 2 2 2 2 2 2 2 2 2 2 2
left_child=2 18 7 5 26 6 -4 8 9 -1 -6 12 14 20 -3 23 -17 -15 19 28 -13 -14 -21 -9 25 -20 -5 -26 -2
right_child=1 11 3 4 10 -7 -8 15 -10 -11 -12 13 21 17 -16 16 -18 -19 24 22 -22 -23 -24 -25 27 -27 -28 -29 -30
leaf_value=2.0969005853899065 0.29352203011512756 -0.35005031483513971 14.048071130161937 -1.1092045647757394 0.62905022303263358 -2.078097176551819 27.816879272460938 1.9651313304901106 25.610332508087158 10.617327423095704 16.434834120008681 2.4123695520891086 0.011723550265295465 4.2874397754669191 -4.3751763319357853 15.138666915893555 0.40438108116388327 -0.4279218156088857 -4.4356759019331502 -4.2880089332891069 0.71579947411811273 -1.2742450271012649 -2.6031620653052081 -1.2166008530253614 -4.3588700671990717 -1.9789602118233842 0.46659289995829267 -4.8585455547679555 -0.57593991875648498
leaf_weight=62 5.9999999999999991 13.999999999999998 44 13.999999999999998 2.9999999999999991 3.9999999999999991 4.9999999999999991 4.0000000000000027 4.9999999999999991 9.9999999999999982 8.9999999999999982 36 57 4.9999999999999991 39 3.9999999999999991 30 188 55 43 147 53 19 27 96 18 18 44 9.9999999999999982
leaf_count=62 6 14 44 14 3 4 5 4 5 10 9 36 57 5 39 4 30 188 55 43 147 53 19 27 96 18 18 44 10
internal_value=0.0416197 -1.51686 5.45393 9.19132 3.24251 14.1299 15.4531 2.90092 4.7303 3.28029 12.4834 -0.202864 -1.48711 0.353872 -3.31194 0.733822 2.13783 -0.305762 -3.9507 -3.04927 1.04955 -0.607879 -3.77168 -0.806055 -4.2808 -3.82991 -0.222818 -4.51591 -0.249892
internal_weight=1069 830 239 97 44 53 49 142 77 72 12 539 163 376 53 65 34 193 291 78 183 110 62 31 213 73 32 140 16
internal_count=1069 830 239 97 44 53 49 142 77 72 12 539 163 376 53 65 34 193 291 78 183 110 62 31 213 73 32 140 16
is_linear=0
shrinkage=0.05


Tree=23
num_leaves=29
num_cat=0
split_feature=3 3 4 2 4 4 0 7 7 3 4 6 7 8 4 0 4 4 2 0 2 4 0 3 4 0 0 0
split_gain=3.37009e+06 1.14508e+06 751665 538550 945657 788558 178874 399109 204265 137491 114183 84006.1 412431 72498 57067.9 55465.3 53890.1 52980.6 30765.7 30716.1 27655.2 95453.7 7770.22 7386.29 4212.58 3034.85 590.612 264.529
threshold=0.86438079074335972 0.56372184029962036 42910.000000000007 4200.6000000000013 44065.000000000007 44735.000000000007 39651.600000000006 4.5000000000000009 1.5000000000000002 0.73175316466002027 36662.500000000007 66.500000000000014 5.5000000000000009 2.5000000000000004 39497.500000000007 35155.30000000001 42277.500000000007 43067.500000000007 19121.375000000004 40975.000000000007 19907.430000000004 36662.500000000007 37508.450000000004 0.36039930606048309 42412.500000000007 35997.500000000007 34330.80000000001 37913.100000000013
decision_type=2 2 2 2 2 2 2 2 2 2 2 2 2 2 2 2 2 2 2 2 2 2 2 2 2 2 2 2
left_child=1 15 10 4 -4 -6 7 -5 -8 13 27 12 -11 16 -13 20 -3 18 -17 -15 21 -1 26 -22 -24 -19 -12 -2
right_child=2 9 3 6 5 -7 8 -9 -10 11 22 14 -14 19 -16 17 -18 25 -20 -21 23 -23 24 -25 -26 -27 -28 -29
leaf_value=-0.69115993791613084 7.0098030090332033 -3.3435223446951974 32.502653198242193 -0.01060102462768555 -1.6205371538798017 12.625080621008779 8.6808021068572998 19.116592661539709 0.88380753951413293 0.40652036080757781 -1.1155958652496338 1.6766509672245349 13.183612709492445 -0.26000319299293539 0.10126117477442492 -0.0027551022668679554 -0.76066050386947137 -3.873390388488771 -2.8332831829786302 2.5909781408309938 -4.1130616160406586 -3.9157786706089972 1.6055616209904349 -5.3597574087289672 0.34869283325970174 -5.7741582734244208 -0.337292404128955 7.6309075673421205
leaf_weight=29 3.9999999999999991 36 4.9999999999999991 4.9999999999999982 11.999999999999998 51 11.999999999999998 6 28 30 2.9999999999999991 83 7.9999999999999991 171 187 24 46 2.9999999999999982 15.999999999999998 9.9999999999999982 138 110 12.000000000000002 12.999999999999998 14.999999999999998 7 12.999999999999998 3
leaf_count=29 4 36 5 5 12 51 12 6 28 30 3 83 8 171 187 24 46 3 16 10 138 110 12 13 15 7 13 3
internal_value=0.0134852 -1.18951 6.49826 8.65974 11.5727 9.91163 4.77574 10.4224 3.22291 0.178379 1.35395 0.895332 3.09643 -0.661247 0.585548 -3.48675 -1.8946 -1.94876 -1.13497 -0.10249 -3.75193 -3.24302 0.389896 -4.22039 0.907301 -5.20393 -0.483224 7.27599
internal_weight=1080 911 169 119 68 63 51 11 40 571 50 308 38 263 270 340 82 50 40 181 290 139 43 151 27 10 16 7
internal_count=1080 911 169 119 68 63 51 11 40 571 50 308 38 263 270 340 82 50 40 181 290 139 43 151 27 10 16 7
is_linear=0
shrinkage=0.05


Tree=24
num_leaves=29
num_cat=0
split_feature=3 1 4 4 7 4 4 7 1 1 0 7 8 4 3 4 3 7 0 4 3 3 0 7 4 4 1 1
split_gain=2.88138e+06 952433 691777 500106 585612 501397 567734 289883 147103 115326 143920 221427 86368.9 83128.8 81820.7 114173 68760.4 44795.7 40428.7 23320.2 12976 11387.5 7699.64 7060.23 9419.92 5618.82 5322 2057.28
threshold=0.86438079074335972 20347.000000000004 42910.000000000007 45602.500000000007 2.5000000000000004 44735.000000000007 44065.000000000007 5.5000000000000009 37681.105000000003 27910.340000000004 37787.80000000001 5.5000000000000009 2.5000000000000004 36662.500000000007 0.3952847525142153 37740.000000000007 0.6249588331822199 3.5000000000000004 34011.150000000009 39497.500000000007 0.89233370881409979 0.49101560733637373 41177.150000000009 3.5000000000000004 36662.500000000007 39905.000000000007 33654.68 11291.910000000003
decision_type=2 2 2 2 2 2 2 2 2 2 2 2 2 2 2 2 2 2 2 2 2 2 2 2 2 2 2 2
left_child=1 14 13 5 8 6 -4 -7 -5 12 11 -11 16 26 23 21 -3 -17 -14 -12 -6 -16 25 24 -1 -15 -2 -25
right_child=2 9 3 4 20 7 -8 -9 -10 10 19 -13 18 22 15 17 -18 -19 -20 -21 -22 -23 -24 27 -26 -27 -28 -29
leaf_value=-2.8109686357634409 4.5392812490463257 -5.9810748842027452 20.382814407348633 3.7210871378580728 0.70393869326664837 18.462223224639896 3.6625846024715543 10.051196988423666 16.703974533081055 2.0148026300639645 1.6689900669359394 11.636802857262749 3.1850602853298189 1.6567334842681884 -1.36552407960097 -2.3951073307130075 -1.3591756836756281 -4.2534748045064639 -0.090772251306492607 0.18996931056050881 -1.4543115266164144 -0.029006833714597363 2.7102206548055015 -4.1124471608330229 -3.8983351417209793 -0.13201062029434577 7.325184154510497 -4.8225428581237795
leaf_weight=28 2.9999999999999991 8.9999999999999982 5.9999999999999991 2.9999999999999991 13.000000000000002 20 33 21 7.9999999999999991 41 31 6.9999999999999991 9.9999999999999982 4.9999999999999991 30 72 76 59 162 190 14.999999999999998 34 2.9999999999999991 68 69 36 4 11.999999999999998
leaf_count=28 3 9 6 3 13 20 33 21 8 41 31 7 10 5 30 72 76 59 162 190 15 34 3 68 69 36 4 12
internal_value=-0.0266424 -1.15662 5.94232 8.03036 3.38799 10.2935 6.23493 14.1541 13.1632 0.212768 0.936422 3.41801 -0.544675 1.07021 -3.09291 -2.38643 -1.84855 -3.23208 0.0996831 0.397434 -0.452267 -0.655499 0.265044 -3.87124 -3.58446 0.0861289 6.13123 -4.21896
internal_weight=1068 898 170 119 39 80 39 41 11 526 269 48 257 51 372 195 85 131 172 221 28 64 44 177 97 41 7 80
internal_count=1068 898 170 119 39 80 39 41 11 526 269 48 257 51 372 195 85 131 172 221 28 64 44 177 97 41 7 80
is_linear=0
shrinkage=0.05


end of trees

feature_importances:
thermal_on_capacity=195
renewable_power=94
total_load=91
net_load=90
thermal_space_load_ratio=77
weekday=73
month=60
period=40
hour=8
is_weekend=1

parameters:
[boosting: gbdt]
[objective: regression]
[metric: rmse]
[tree_learner: serial]
[device_type: cpu]
[data_sample_strategy: bagging]
[data: ]
[valid: ]
[num_iterations: 400]
[learning_rate: 0.05]
[num_leaves: 31]
[num_threads: 0]
[seed: 42]
[deterministic: 0]
[force_col_wise: 0]
[force_row_wise: 0]
[histogram_pool_size: -1]
[max_depth: 5]
[min_data_in_leaf: 3]
[min_sum_hessian_in_leaf: 0.001]
[bagging_fraction: 0.85]
[pos_bagging_fraction: 1]
[neg_bagging_fraction: 1]
[bagging_freq: 1]
[bagging_seed: 400]
[bagging_by_query: 0]
[feature_fraction: 0.85]
[feature_fraction_bynode: 1]
[feature_fraction_seed: 30056]
[extra_trees: 0]
[extra_seed: 12879]
[early_stopping_round: 0]
[early_stopping_min_delta: 0]
[first_metric_only: 0]
[max_delta_step: 0]
[lambda_l1: 0]
[lambda_l2: 0]
[linear_lambda: 0]
[min_gain_to_split: 0]
[drop_rate: 0.1]
[max_drop: 50]
[skip_drop: 0.5]
[xgboost_dart_mode: 0]
[uniform_drop: 0]
[drop_seed: 17869]
[top_rate: 0.2]
[other_rate: 0.1]
[min_data_per_group: 100]
[max_cat_threshold: 32]
[cat_l2: 10]
[cat_smooth: 10]
[max_cat_to_onehot: 4]
[top_k: 20]
[monotone_constraints: ]
[monotone_constraints_method: basic]
[monotone_penalty: 0]
[feature_contri: ]
[forcedsplits_filename: ]
[refit_decay_rate: 0.9]
[cegb_tradeoff: 1]
[cegb_penalty_split: 0]
[cegb_penalty_feature_lazy: ]
[cegb_penalty_feature_coupled: ]
[path_smooth: 0]
[interaction_constraints: ]
[verbosity: -1]
[saved_feature_importance_type: 0]
[use_quantized_grad: 0]
[num_grad_quant_bins: 4]
[quant_train_renew_leaf: 0]
[stochastic_rounding: 1]
[linear_tree: 0]
[max_bin: 255]
[max_bin_by_feature: ]
[min_data_in_bin: 3]
[bin_construct_sample_cnt: 200000]
[data_random_seed: 175]
[is_enable_sparse: 1]
[enable_bundle: 1]
[use_missing: 1]
[zero_as_missing: 0]
[feature_pre_filter: 1]
[pre_partition: 0]
[two_round: 0]
[header: 0]
[label_column: ]
[weight_column: ]
[group_column: ]
[ignore_column: ]
[categorical_feature: ]
[forcedbins_filename: ]
[precise_float_parser: 0]
[parser_config_file: ]
[objective_seed: 16083]
[num_class: 1]
[is_unbalance: 0]
[scale_pos_weight: 1]
[sigmoid: 1]
[boost_from_average: 1]
[reg_sqrt: 0]
[alpha: 0.9]
[fair_c: 1]
[poisson_max_delta_step: 0.7]
[tweedie_variance_power: 1.5]
[lambdarank_truncation_level: 30]
[lambdarank_norm: 1]
[label_gain: ]
[lambdarank_position_bias_regularization: 0]
[eval_at: ]
[multi_error_top_k: 1]
[auc_mu_weights: ]
[num_machines: 1]
[local_listen_port: 12400]
[time_out: 120]
[machine_list_filename: ]
[machines: ]
[gpu_platform_id: -1]
[gpu_device_id: -1]
[gpu_use_dp: 0]
[num_gpu: 1]

end of parameters

pandas_categorical:[]
