tree
version=v4
num_class=1
num_tree_per_iteration=1
label_index=0
max_feature_idx=10
objective=regression
feature_names=total_load net_load renewable_power thermal_space_load_ratio thermal_on_capacity hour period weekday month is_weekend is_holiday
feature_infos=[26780.099999999999:38190.699999999997] [9620.2999999999993:35657.659999999996] [1615.1700000000001:19128.880000000001] [0.33550603334030826:0.95508263646906033] [27170:46830] [0:5] [1:24] [0:6] [2:4] [0:1] none
tree_sizes=2614 2546 2751 2716 2469 2798 2784 2711 2680 2815 2608

Tree=0
num_leaves=29
num_cat=0
split_feature=8 2 0 4 4 4 2 1 4 7 7 2 4 4 4 2 4 2 2 1 2 4 0 2 0 0 1 1
split_gain=9.48639e+06 5.32127e+06 4.25148e+06 3.66468e+06 3.78299e+06 2.26005e+06 1.09731e+06 639244 594039 815024 476133 423113 410601 239838 176514 127252 83034.1 68782.9 62554.7 54004.3 32494.4 31900.3 9555.05 5562.67 4118 2692.52 1172.73 970.225
threshold=2.5000000000000004 2928.4050000000002 31300.250000000004 44395.000000000007 44810.000000000007 44735.000000000007 5822.9400000000014 24231.715000000007 36372.500000000007 1.5000000000000002 1.5000000000000002 7199.8200000000006 42520.000000000007 46105.000000000007 37010.000000000007 4473.7050000000008 39715.000000000007 7921.5150000000003 14040.595000000003 24290.985000000004 4393.1050000000005 36662.500000000007 35399.600000000013 7999.3400000000011 37171.000000000007 31646.400000000005 22578.870000000003 33857.30000000001
decision_type=2 2 2 2 2 2 2 2 2 2 2 2 2 2 2 2 2 2 2 2 2 2 2 2 2 2 2 2
left_child=2 3 10 16 5 -5 8 12 9 -3 11 15 -4 -14 18 -1 25 20 -8 -16 -9 -10 -18 -13 -19 -2 -12 -6
right_child=1 6 7 4 27 -7 14 17 21 -11 26 23 13 -15 19 -17 22 24 -20 -21 -22 -23 -24 -25 -26 -27 -28 -29
leaf_value=249.9796412945818 268.2296418032081 278.31172518740408 249.9796412945818 281.75464179049243 265.7096418667864 305.52464129458178 264.70241388636083 265.75069444315261 267.68678453319438 267.67228065077109 249.9796412945818 263.47964177141893 260.65614185408816 253.51178439695519 261.56013028450809 255.6270101573362 265.28901684294453 261.21146003126501 261.41029807339419 262.99858834483018 263.51727337596492 265.19392427541396 266.99140642681266 261.49464186837582 263.14630846987478 269.79620447169054 250.97964154889493 266.44839169989336
leaf_weight=21 2.9999999999999991 24 12.999999999999998 20 10.000000000000002 20 147 19 13.999999999999998 72 129 5.0000000000000027 73 13.999999999999998 130 19 15.999999999999998 33 15.999999999999998 131 114 154 17 11.999999999999998 2.9999999999999991 32 2.9999999999999991 7.9999999999999991
leaf_count=21 3 24 13 20 10 20 147 19 14 72 129 5 73 14 130 19 16 33 16 131 114 154 17 12 3 32 3 8
internal_value=263.155 266.394 257.399 275.841 285.074 293.64 264.664 261.437 267.195 270.332 251.651 255.471 258.268 259.506 263.088 252.662 267.965 263.312 264.379 262.282 263.836 265.402 266.166 262.078 261.373 269.662 250.002 266.038
internal_weight=1272 814 458 126 58 40 688 269 264 96 189 57 100 87 424 40 68 169 163 261 133 168 33 17 36 35 132 18
internal_count=1272 814 458 126 58 40 688 269 264 96 189 57 100 87 424 40 68 169 163 261 133 168 33 17 36 35 132 18
is_linear=0
shrinkage=1


Tree=1
num_leaves=28
num_cat=0
split_feature=3 0 7 1 3 8 2 8 0 0 3 0 0 6 0 8 0 1 1 0 0 1 0 0 0 0 0
split_gain=8.49915e+06 6.08806e+06 2.6594e+06 5.79826e+06 1.95063e+06 1.18894e+06 1.08317e+06 854010 844724 459895 440474 207355 148345 121167 113064 111009 41979.7 33883.3 45703.1 41997.7 14291.3 1042.29 166.395 150 67.3247 9.31323e-10 1.16415e-10
threshold=0.91745077520649243 29494.800000000007 5.5000000000000009 33373.820000000007 0.75219448257284138 2.5000000000000004 2679.6150000000002 3.5000000000000004 35575.450000000004 32397.000000000004 0.85526297721293687 37580.600000000006 31646.400000000005 9.5000000000000018 34689.350000000013 3.5000000000000004 34718.000000000007 21189.960000000003 25382.730000000003 28346.450000000001 33369.200000000004 33733.485000000008 36682.000000000007 35206.55000000001 35632.350000000006 28562.800000000003 29109.050000000003
decision_type=2 2 2 2 2 2 2 2 2 2 2 2 2 2 2 2 2 2 2 2 2 2 2 2 2 2 2
left_child=1 17 6 16 5 9 12 11 13 -3 -9 -6 -2 -8 -14 -7 20 25 19 -19 -4 24 -23 -18 -5 -1 -20
right_child=2 4 3 21 7 15 8 10 -10 -11 -12 -13 14 -15 -16 -17 23 18 26 -21 -22 22 -24 -25 -26 -27 -28
leaf_value=-12.498982238769532 -6.2198155721028652 -8.3769479875501833 37.157100423177042 2.5645179748535138 0.75365558305094327 -1.2553534688268391 16.178520202636715 2.6821975710951254 35.892268066406253 -3.2804081815593649 7.9638633083987544 12.198761940002441 6.980701652733055 6.4955354054768879 2.8110004622360756 0.70868610196016935 43.74043375651042 -11.424207850864951 -12.498982238769532 -6.1210544586181648 40.24376708984375 2.8565596262613924 3.3275803756713866 44.240433756510406 2.3073751177106585 -12.498982238769532 -12.498982238769532
leaf_weight=53 2.9999999999999991 76 6.0000000000000062 4.0000000000000018 372 140 7.0000000000000018 81 4.9999999999999991 106 77 3.9999999999999991 37 6 29 148 2.9999999999999991 7.0000000000000027 11.999999999999998 7.9999999999999991 9.9999999999999982 3 5 3 7 33 2.9999999999999991
leaf_count=53 3 76 6 4 372 140 7 81 5 106 77 4 37 6 29 148 3 7 12 8 10 3 5 3 7 33 3
internal_value=0.245857 -1.14905 12.4513 22.9498 0.103979 -2.24518 7.50379 2.17159 18.4269 -5.40863 5.25617 0.875412 4.65428 11.7095 5.14856 -0.246055 40.4238 -11.9943 -10.5474 -8.59586 39.0863 2.7167 3.15095 43.9904 2.40088 -12.499 -12.499
internal_weight=1248 1120 128 41 1004 470 87 534 18 182 158 376 69 13 66 288 22 116 30 15 16 19 8 6 11 86 15
internal_count=1248 1120 128 41 1004 470 87 534 18 182 158 376 69 13 66 288 22 116 30 15 16 19 8 6 11 86 15
is_linear=0
shrinkage=0.05


Tree=2
num_leaves=30
num_cat=0
split_feature=8 3 0 4 4 4 2 3 4 7 7 2 7 1 2 4 2 3 4 1 1 0 0 0 2 0 1 0 0
split_gain=7.27853e+06 4.6335e+06 3.43875e+06 2.87001e+06 3.69546e+06 1.76594e+06 759987 606128 373176 447844 337494 359600 296143 218558 141597 117763 92912.4 72638.9 70023.9 54433.1 42147.7 18518.5 12292.7 9381.96 7400.66 3128.68 1162.13 819.105 518.415
threshold=2.5000000000000004 0.91745077520649243 31300.250000000004 44395.000000000007 44810.000000000007 44735.000000000007 5617.9850000000015 0.66091787489538689 36662.500000000007 1.5000000000000002 1.5000000000000002 7199.8200000000006 4.5000000000000009 31678.030000000002 7921.5150000000003 37010.000000000007 4473.7050000000008 0.5609408215334607 39715.000000000007 24762.090000000004 19276.285000000003 34505.600000000006 34930.450000000004 35412.900000000009 7747.4350000000013 30154.800000000003 33549.225000000006 31157.100000000002 33464.05000000001
decision_type=2 2 2 2 2 2 2 2 2 2 2 2 2 2 2 2 2 2 2 2 2 2 2 2 2 2 2 2 2
left_child=2 6 10 18 5 -5 8 12 9 -2 11 16 20 14 -9 17 -1 -8 28 -17 -4 -14 -10 -20 -12 -13 -6 -26 -3
right_child=1 3 7 4 26 -7 15 13 22 -11 24 25 21 -15 -16 19 -18 -19 23 -21 -22 -23 -24 -25 27 -27 -28 -29 -30
leaf_value=-12.037954864501954 12.536128902435303 5.8972492658174955 -1.7394577227140731 17.380945065146999 2.1694089195945039 38.418816848028278 -1.5809103374895843 0.64073420176506046 1.3386890746653082 4.1709854769706727 -9.3990322113037106 -1.0608846712112427 -12.297573713822795 13.179034646352134 -2.0429570652820446 -1.3557492885081208 -7.2184014701843271 1.4422263321811206 1.7964583933353424 0.08668974841397907 -5.0698495613901242 -9.2393463134765632 2.2763979075791001 3.5087263584136963 -11.933339043625264 0.47094720840454107 2.9141592407226562 -11.0968012491862 6.4531766510009767
leaf_weight=20 20 26.000000000000004 19 19 11.000000000000002 21 23 125 64 80 2.9999999999999991 9.9999999999999982 11.000000000000002 2.9999999999999991 81 136 20 146 15.999999999999998 126 19 8.9999999999999982 77 15.999999999999998 119 4.9999999999999991 9.9999999999999982 2.9999999999999991 4.9999999999999991
leaf_count=20 20 26 19 19 11 21 23 125 64 80 3 10 11 3 81 136 20 146 16 126 19 9 77 16 119 5 10 3 5
internal_value=0.0305952 2.89776 -5.07515 11.7784 19.5088 28.4258 1.25909 -1.47436 3.50772 5.84401 -10.4163 -7.15239 -5.99663 -0.219381 -0.414504 0.0017288 -9.62818 1.03079 4.29329 -0.662057 -3.40465 -10.9214 1.85077 2.65259 -11.8524 -0.550274 2.52405 -11.9128 5.98691
internal_weight=1243 796 447 124 61 40 672 267 241 100 180 55 58 209 206 431 40 169 63 262 38 20 141 32 125 15 21 122 31
internal_count=1243 796 447 124 61 40 672 267 241 100 180 55 58 209 206 431 40 169 63 262 38 20 141 32 125 15 21 122 31
is_linear=0
shrinkage=0.05


Tree=3
num_leaves=30
num_cat=0
split_feature=1 0 3 4 4 4 4 0 4 7 7 5 3 0 3 1 4 2 1 1 1 0 0 1 1 0 2 1 0
split_gain=6.81873e+06 3.36318e+06 3.18767e+06 2.7717e+06 3.61756e+06 1.44877e+06 813325 875147 573766 531279 352321 331661 255358 163832 97425.4 77494.6 65229.7 36262.8 23413.1 20541.4 30026.1 38284.3 8839.4 5830.26 1124.96 444.346 41.3056 2.07108 9.31323e-10
threshold=26630.680000000004 29494.800000000007 0.91745077520649243 44395.000000000007 44810.000000000007 44735.000000000007 37740.000000000007 31300.250000000004 36662.500000000007 1.5000000000000002 1.5000000000000002 1.5000000000000002 0.66091787489538689 37580.600000000006 0.57137568970002184 29657.880000000005 39715.000000000007 6272.6600000000008 29218.620000000006 21189.960000000003 25382.730000000003 28346.450000000001 35206.55000000001 16765.575000000004 33733.485000000008 33676.000000000007 2524.7600000000007 19514.005000000001 28617.700000000004
decision_type=2 2 2 2 2 2 2 2 2 2 2 2 2 2 2 2 2 2 2 2 2 2 2 2 2 2 2 2 2
left_child=1 19 8 16 5 -5 14 9 10 -8 11 -2 -9 15 23 -10 25 -16 -12 27 21 -21 -18 -3 -6 -4 -22 28 -1
right_child=2 6 3 4 24 -7 7 12 13 -11 18 -13 -14 -15 17 -17 22 -19 -20 20 26 -23 -24 -25 -26 -27 -28 -29 -30
leaf_value=-11.277365875244142 21.676080513000489 -1.529547823392428 5.6184708139170763 17.104794438680013 2.1119917460850304 36.232032637162646 -2.4093932682505024 -3.6737737222482232 0.1921766736585161 -11.424426841735841 3.6607601063592092 6.4997837808397083 -0.86328901200780384 12.707650526364645 3.5107840492611846 1.7411236552222644 1.576732749938965 1.265286137866974 5.6537141227722172 -10.492005865914479 -11.481440989176434 -5.0491443316141762 3.1508075107227675 -0.40942281371071226 2.8552532672882083 6.138539505004883 -11.272135162353516 -11.31960423787435 -11.277365875244142
leaf_weight=58 5.9999999999999991 26 23.000000000000004 18 14.000000000000002 22 26 131 161 44 56 8.9999999999999982 211 2.9999999999999991 21 162 14.999999999999998 125 20 7.0000000000000018 2.9999999999999991 6 22 21 7.9999999999999991 4.9999999999999991 10.999999999999998 2.9999999999999991 31
leaf_count=58 6 26 23 18 14 22 26 131 161 44 56 9 211 3 21 162 15 125 20 7 3 6 22 21 8 5 11 3 31
internal_value=-0.0607203 -3.239 4.1692 11.1046 18.6678 27.6248 -1.72763 -2.98237 2.05697 -8.07599 5.56738 12.5703 -1.93982 1.07707 0.950887 0.969048 3.89056 1.58827 4.18522 -10.9229 -9.71025 -7.97992 2.51267 -1.02907 2.38227 5.71134 -11.317 -11.2787 -11.2774
internal_weight=1268 724 544 127 62 40 605 412 417 70 91 15 342 326 193 323 65 146 76 119 27 13 37 47 22 28 14 92 89
internal_count=1268 724 544 127 62 40 605 412 417 70 91 15 342 326 193 323 65 146 76 119 27 13 37 47 22 28 14 92 89
is_linear=0
shrinkage=0.05


Tree=4
num_leaves=27
num_cat=0
split_feature=3 0 7 1 3 8 2 0 0 8 0 3 6 0 8 0 0 0 6 2 1 0 1 1 0 3
split_gain=6.43228e+06 4.29677e+06 1.57752e+06 4.52906e+06 1.43576e+06 1.07645e+06 951103 644675 448987 404564 197402 187460 118808 106371 75473.6 56226.3 33422.9 11962.9 10446.9 8103.43 21058.4 5576.62 1202.97 1096.74 98.8482 5.2437
threshold=0.91745077520649243 29494.800000000007 5.5000000000000009 33373.820000000007 0.75219448257284138 2.5000000000000004 2679.6150000000002 35575.450000000004 31300.250000000004 3.5000000000000004 37580.600000000006 0.84905796634983399 9.5000000000000018 31646.400000000005 3.5000000000000004 34689.350000000013 33464.05000000001 34871.750000000007 23.500000000000004 5987.9400000000014 25445.200000000001 33237.850000000006 33733.485000000008 21995.930000000004 35916.600000000006 0.9295635892884625
decision_type=2 2 2 2 2 2 2 2 2 2 2 2 2 2 2 2 2 2 2 2 2 2 2 2 2 2
left_child=1 18 6 16 5 8 13 12 -3 10 -6 -11 -8 -2 -7 -15 21 -18 19 20 -1 -4 24 -21 -5 -24
right_child=2 4 3 22 9 14 7 -9 -10 11 -12 -13 -14 15 -16 -17 17 -19 -20 23 -22 -23 25 -25 -26 -27
leaf_value=-7.4191773550850968 -5.3167734781901039 -8.6330486928002319 30.266704305012997 1.9223648452758781 0.60038225026329362 -1.0355120249642622 15.463895988464358 32.373368530273439 -3.4490086833497027 2.0522613728791477 13.477396774291993 5.5317416890462248 5.0280101013183582 5.5199617787411341 0.55327038359642022 2.4286838610967001 34.791537475585947 37.909202270507812 -7.9398591041564943 -10.713497924804688 -10.707219982147217 32.906926472981766 2.7227308273315423 -11.41408665974935 2.2164604187011721 2.806346626281738
leaf_weight=7.0000000000000027 2.9999999999999991 59 3.0000000000000018 10.000000000000002 375 149 5.9999999999999982 4.9999999999999991 143 80 2.9999999999999991 75 5 38 150 24 7.9999999999999982 5 3.9999999999999991 81 15.999999999999998 6 3 5.9999999999999991 3.9999999999999991 5
leaf_count=7 3 59 3 10 375 149 6 5 143 80 3 75 5 38 150 24 8 5 4 81 16 6 3 6 4 5
internal_value=-0.0645817 -1.23738 10.7064 18.3275 -0.221685 -2.14343 6.56651 17.4869 -4.96316 1.58468 0.702581 3.73588 10.7203 3.87841 -0.238464 4.32334 34.3691 35.9906 -10.4499 -10.5412 -9.70651 32.0269 2.28588 -10.7618 2.00639 2.77499
internal_weight=1273 1148 125 44 1034 501 81 16 202 533 378 155 11 65 299 62 22 13 114 110 23 9 22 87 14 8
internal_count=1273 1148 125 44 1034 501 81 16 202 533 378 155 11 65 299 62 22 13 114 110 23 9 22 87 14 8
is_linear=0
shrinkage=0.05


Tree=5
num_leaves=31
num_cat=0
split_feature=8 3 0 4 4 4 2 3 4 7 7 7 2 2 0 4 2 4 3 6 6 3 4 0 0 2 0 0 0 7
split_gain=5.80577e+06 2.89455e+06 2.56091e+06 1.91692e+06 2.45643e+06 1.32897e+06 642922 520460 369130 609691 298906 295733 344440 101534 103653 89452.8 86269.9 52770.1 51043.1 33304.4 31290.3 30315.6 15100.9 8952.92 8275.33 5910.44 3581.77 711.97 599.258 348.176
threshold=2.5000000000000004 0.91745077520649243 31300.250000000004 44395.000000000007 44810.000000000007 44735.000000000007 5987.9400000000014 0.66091787489538689 36372.500000000007 1.5000000000000002 4.5000000000000009 1.5000000000000002 6713.295000000001 7921.5150000000003 32749.100000000002 37010.000000000007 4473.7050000000008 39715.000000000007 0.56631715741897992 6.5000000000000009 2.5000000000000004 0.70880335080578416 36662.500000000007 34505.600000000006 35399.600000000013 7747.4350000000013 30154.800000000003 36682.000000000007 29494.800000000007 4.5000000000000009
decision_type=2 2 2 2 2 2 2 2 2 2 2 2 2 2 2 2 2 2 2 2 2 2 2 2 2 2 2 2 2 2
left_child=2 6 11 17 5 -5 8 10 9 -2 20 12 16 19 -15 18 -1 29 -8 -9 -4 -17 -10 -12 -19 -13 -14 -6 -27 -3
right_child=1 3 7 4 27 -7 15 13 22 -11 23 25 26 14 -16 21 -18 24 -20 -21 -22 -23 -24 -25 -26 28 -28 -29 -30 -31
leaf_value=-10.541539174860175 13.20944330124628 5.3167109680175777 -7.9555603981018068 13.95523541099147 2.0513793587684628 32.421011199951174 -1.3481656887314537 1.8902879429715023 3.3905174255371096 3.4956963239397321 -11.359106063842772 -8.0110875447591141 -0.41488500336805967 -9.5123718738555905 -1.2597648230882792 -1.253771456100724 -6.0611803508940199 1.3469948564256942 1.2464051888970129 0.1071804662163441 -2.6514240114312422 -0.11351166635511384 1.6789034023696994 -9.1997123718261715 2.9163567315964474 -10.182502668554134 1.1779388427734376 2.7349219131469731 -10.413942811547257 4.9760370890299477
leaf_weight=22 21 15 2.9999999999999991 19 16.000000000000004 20 22 35 13.999999999999998 70 12.000000000000002 2.9999999999999991 12.000000000000002 3.9999999999999991 78 110 21 13.999999999999998 137 104 38 124 162 7.9999999999999991 21 88 4.9999999999999991 4.9999999999999991 41 15
leaf_count=22 21 15 3 19 16 20 22 35 14 70 12 3 12 4 78 110 21 14 137 104 38 124 162 8 21 88 5 5 41 15
internal_value=-0.0585159 2.57989 -4.42803 9.55647 16.0011 23.4249 1.25857 -1.3955 3.15186 5.73733 -5.48406 -8.88205 -5.97146 -0.266988 -1.66233 -0.0277161 -8.35346 3.60758 0.887408 0.556164 -3.03953 -0.649531 1.81505 -10.4953 2.28861 -10.205 0.0535926 2.21413 -10.2561 5.14637
internal_weight=1259 785 474 125 60 39 660 282 267 91 61 192 60 221 82 393 43 65 159 139 41 234 176 20 35 132 17 21 129 30
internal_count=1259 785 474 125 60 39 660 282 267 91 61 192 60 221 82 393 43 65 159 139 41 234 176 20 35 132 17 21 129 30
is_linear=0
shrinkage=0.05


Tree=6
num_leaves=31
num_cat=0
split_feature=1 0 3 4 4 4 4 0 7 4 7 2 1 3 1 4 2 1 1 1 4 4 2 0 6 1 1 1 2 1
split_gain=4.50215e+06 2.31771e+06 1.98153e+06 1.76547e+06 2.11657e+06 968401 591369 569884 473922 448408 266980 310262 140612 73498.2 66615.5 51975.7 23165.6 22216.5 45784 18608.5 15991.5 15011.6 11813.8 7024.15 6131.47 5427.02 1470.86 1269.73 417.975 140.887
threshold=26630.680000000004 29494.800000000007 0.91745077520649243 44395.000000000007 44810.000000000007 44735.000000000007 37740.000000000007 31300.250000000004 1.5000000000000002 36662.500000000007 1.5000000000000002 4514.0250000000005 23338.995000000003 0.57137568970002184 29657.880000000005 39715.000000000007 6272.6600000000008 22193.015000000003 25445.200000000001 29218.620000000006 46105.000000000007 43067.500000000007 5822.9400000000014 35399.600000000013 23.500000000000004 16765.575000000004 21995.930000000004 33733.485000000008 2679.6150000000002 25996.060000000001
decision_type=2 2 2 2 2 2 2 2 2 2 2 2 2 2 2 2 2 2 2 2 2 2 2 2 2 2 2 2 2 2
left_child=1 17 9 15 5 -5 13 8 -8 10 11 -2 -9 25 21 28 -15 24 22 -12 -16 -11 -19 -17 26 -3 -1 -6 -4 -20
right_child=2 6 3 4 27 -7 7 12 -10 14 19 -13 -14 16 20 23 -18 18 29 -21 -22 -23 -24 -25 -26 -27 -28 -29 -30 -31
leaf_value=-9.6716596945738189 18.573418317522311 -1.4036273956298828 4.8995476952914538 14.606889438629151 1.7586522976557408 30.592831759982644 -1.0043935904036398 -2.7672661208818035 -9.8963458393895358 0.51488228581615336 3.0527695925730582 4.8485036182403567 -0.6606374432643255 3.0196920204162598 1.6889928996369439 1.3735278288523356 1.1805677071182419 -4.0295692125956206 -9.6444806612454936 4.9539042528937847 -0.076006567478179937 -0.46708772796850939 -7.3203662872314439 2.770364305708144 -7.4292443593343096 -0.31744769698251851 -10.484063720703126 2.5718675613403321 4.2795921325683599 -10.024612172444662
leaf_weight=78 7.0000000000000027 23 29 20 12.000000000000002 18 23 155 43 97 53 9.9999999999999982 162 20 154 18 119 6.0000000000000018 12.999999999999998 17 13.999999999999998 65 5 18 2.9999999999999991 23 5.9999999999999991 7.9999999999999991 2.9999999999999991 2.9999999999999991
leaf_count=78 7 23 29 20 12 18 23 155 43 97 53 10 162 20 154 18 119 6 13 17 14 65 5 18 3 23 6 8 3 3
internal_value=-0.0505882 -2.75529 3.34648 8.8413 15.2498 22.1792 -1.44947 -2.57074 -6.79764 1.68618 4.87945 10.4999 -1.69069 0.871874 0.844314 3.37523 1.44519 -9.26152 -8.00857 3.51447 1.54191 0.120882 -5.52539 2.07195 -9.65036 -0.860538 -9.72969 2.08394 4.84143 -9.71576
internal_weight=1225 682 543 126 58 38 568 383 66 417 87 17 317 185 330 68 139 114 27 70 168 162 11 36 87 46 84 20 32 16
internal_count=1225 682 543 126 58 38 568 383 66 417 87 17 317 185 330 68 139 114 27 70 168 162 11 36 87 46 84 20 32 16
is_linear=0
shrinkage=0.05


Tree=7
num_leaves=30
num_cat=0
split_feature=8 3 0 2 1 7 6 2 3 7 2 7 8 1 7 2 6 2 2 8 2 1 0 0 5 2 6 0 1
split_gain=4.1701e+06 2.1951e+06 2.04413e+06 736674 760973 2.57136e+06 716299 452436 357273 263861 341028 214835 206978 188353 160540 78088.5 72537 60650.6 59236.5 65620.3 51535.6 26544.6 24041 21583.8 9004.7 5194.71 5150.49 3496.88 701.524
threshold=2.5000000000000004 0.91745077520649243 31300.250000000004 2679.6150000000002 32330.830000000005 5.5000000000000009 6.5000000000000009 5987.9400000000014 0.66091787489538689 1.5000000000000002 6713.295000000001 4.5000000000000009 3.5000000000000004 31238.160000000003 1.5000000000000002 7921.5150000000003 9.5000000000000018 4473.7050000000008 12119.040000000003 3.5000000000000004 2803.7750000000001 19276.285000000003 34505.600000000006 35399.600000000013 1.0000000180025095e-35 7747.4350000000013 22.500000000000004 30154.800000000003 22314.295000000002
decision_type=2 2 2 2 2 2 2 2 2 2 2 2 2 2 2 2 2 2 2 2 2 2 2 2 2 2 2 2 2
left_child=2 7 9 4 5 -3 20 12 11 10 17 21 23 15 -14 -10 -8 -1 19 -9 -5 -4 -13 -2 -20 -11 -6 -12 -27
right_child=1 3 8 6 26 -7 16 18 13 25 27 22 14 -15 -16 -17 -18 -19 24 -21 -22 -23 -24 -25 -26 28 -28 -29 -30
leaf_value=-9.6230669541792437 0.98795529975686025 4.5349870792655063 -0.97056497484445581 30.286003112792958 1.8359872503978452 29.206203242710661 12.680690574646 -0.3087490561196492 0.34711303260541504 -7.1605792999267583 -0.43775442302227008 -10.636292752352624 7.5061521464380725 9.4122247326374051 3.1637389135360721 -1.6073419032326666 3.6471921157836911 -5.9509333983711583 -0.081745239205303646 1.1686640955946026 22.259823735555006 -3.7029026210308076 -6.8879705292837956 2.21699710714406 -1.2353241006533304 -9.2867726030020883 3.3034729276384627 0.99047813614209501 -8.5123550415039073
leaf_weight=22 93 43 15.999999999999998 6.0000000000000018 41 13.999999999999998 3.9999999999999982 168 133 2.9999999999999991 15.000000000000002 11.000000000000002 29 4.9999999999999991 80 83 5 23 21 136 3 20 6.9999999999999991 58 87 116 6.9999999999999991 5.9999999999999991 2.9999999999999991
leaf_count=22 93 43 16 6 41 14 4 168 133 3 15 11 29 5 80 83 5 23 21 136 3 20 7 58 87 116 7 6 3
internal_value=-0.04738 2.14952 -3.81959 8.29061 6.68849 10.5946 17.6363 1.02548 -1.07267 -7.8377 -5.29095 -4.71856 2.65863 -0.18182 4.31906 -0.403904 7.66208 -7.7462 -0.00514896 0.352199 27.6106 -2.48853 -9.17861 1.46004 -1.01102 -9.21545 2.05 -0.029688 -9.26725
internal_weight=1258 795 463 123 105 57 18 672 275 188 66 54 260 221 109 216 9 45 412 304 9 36 18 151 108 122 48 21 119
internal_count=1258 795 463 123 105 57 18 672 275 188 66 54 260 221 109 216 9 45 412 304 9 36 18 151 108 122 48 21 119
is_linear=0
shrinkage=0.05


Tree=8
num_leaves=29
num_cat=0
split_feature=3 0 4 4 3 4 8 0 4 4 0 7 4 1 4 0 1 1 2 0 2 1 1 0 0 3 1 5
split_gain=4.27769e+06 2.81827e+06 2.06429e+06 1.9908e+06 923773 890366 695385 654063 543229 260758 166689 93678.5 69404.8 66532 64348.9 38486.2 18287.2 39864.4 8271.81 4893.36 1962.62 1091.49 2127.55 625.073 602.962 300.332 22.5593 15.38
threshold=0.91745077520649243 29494.800000000007 44395.000000000007 44810.000000000007 0.75219448257284138 44735.000000000007 2.5000000000000004 35174.850000000006 42195.000000000007 35390.000000000007 37580.600000000006 1.5000000000000002 39715.000000000007 31317.235000000004 37010.000000000007 34718.000000000007 22414.16 25382.730000000003 5617.9850000000015 35206.55000000001 2679.6150000000002 21189.960000000003 22089.725000000002 36682.000000000007 33464.05000000001 0.94741286784178513 25544.685000000001 4.5000000000000009
decision_type=2 2 2 2 2 2 2 2 2 2 2 2 2 2 2 2 2 2 2 2 2 2 2 2 2 2 2 2
left_child=1 16 12 5 6 7 8 -4 -3 11 -11 -6 20 -14 -8 -7 21 18 -18 -15 24 27 -23 25 -2 -5 -19 -1
right_child=2 4 3 23 9 15 14 -9 -10 10 -12 -13 13 19 -16 -17 17 26 -20 -21 -22 22 -24 -25 -26 -27 -28 -29
leaf_value=-8.7207763671875007 4.3667241696958188 -7.456571147611573 7.7647616522652747 1.5861171575692976 6.8847168417537921 26.979986000061032 0.71092128899039297 27.49603780110677 -2.0501765346709102 0.63854166635220577 12.466750303904217 2.8412236507122337 -5.9337056795756027 1.1169373307909285 -0.79048154874759557 31.67566426595052 -2.3555441538492818 -8.8310958862304698 -5.5710941314697262 2.3357423901557923 3.1122734069824221 -7.067065111796059 -8.7513249206542962 2.476668230692546 5.0245093345642093 2.1411238352457684 -8.6778012593587235 -8.7765672810872406
leaf_weight=70 27.000000000000004 72 14.000000000000002 13.000000000000005 17 16.000000000000004 123 5.9999999999999991 131 417 2.9999999999999991 91 2.9999999999999991 13.999999999999998 170 5.9999999999999991 3.0000000000000018 2.9999999999999991 6 20 2.9999999999999991 3 5 2.9999999999999991 3.9999999999999991 2.9999999999999991 11.999999999999998 14.999999999999998
leaf_count=70 27 72 14 13 17 16 123 6 131 417 3 91 3 14 170 6 3 3 6 20 3 3 5 3 4 3 12 15
internal_value=-0.0231933 -1.00903 8.49831 15.2441 -0.169064 21.3194 -1.71852 13.6841 -3.96772 1.28648 0.723029 3.4777 2.70264 1.20408 -0.1602 28.2606 -8.36052 -7.13 -4.49924 1.83388 4.33342 -8.67807 -8.11973 1.81436 4.4516 1.69018 -8.70846 -8.73062
internal_weight=1273 1141 132 61 1024 42 496 20 203 528 420 108 71 37 293 22 117 24 9 34 34 93 8 19 31 16 15 85
internal_count=1273 1141 132 61 1024 42 496 20 203 528 420 108 71 37 293 22 117 24 9 34 34 93 8 19 31 16 15 85
is_linear=0
shrinkage=0.05


Tree=9
num_leaves=31
num_cat=0
split_feature=8 3 0 4 4 4 2 3 4 7 7 7 2 1 0 4 2 1 2 4 1 1 1 4 6 2 1 2 0 1
split_gain=3.62757e+06 1.87355e+06 1.63556e+06 1.31458e+06 1.44152e+06 952864 465721 394910 248938 485607 216937 214509 297495 157452 72793.7 70033.3 64686.2 44947.7 44419 34040.5 26519.3 17934.9 17322.2 13345.3 5180.75 4593.79 2067.98 1613.94 1052.18 901.592
threshold=2.5000000000000004 0.91745077520649243 31371.150000000005 44395.000000000007 44810.000000000007 44735.000000000007 5987.9400000000014 0.66091787489538689 36372.500000000007 1.5000000000000002 4.5000000000000009 1.5000000000000002 6713.295000000001 31238.160000000003 37171.000000000007 37010.000000000007 7921.5150000000003 17694.720000000005 4473.7050000000008 39715.000000000007 19276.285000000003 23859.615000000005 21472.995000000006 36662.500000000007 22.500000000000004 7747.4350000000013 21995.930000000004 2679.6150000000002 29494.800000000007 33733.485000000008
decision_type=2 2 2 2 2 2 2 2 2 2 2 2 2 2 2 2 2 2 2 2 2 2 2 2 2 2 2 2 2 2
left_child=2 6 11 19 5 -5 8 10 9 -2 20 12 18 16 -15 17 -9 -8 -1 27 -4 -17 -12 -10 -21 -13 -14 -3 -27 -6
right_child=1 3 7 4 29 -7 15 13 23 -11 22 25 26 14 -16 21 -18 -19 -20 24 -22 -23 -24 -25 -26 28 -28 -29 -30 -31
leaf_value=-8.6671400590376422 11.639067316055298 4.1814613342285147 -0.73154954739979339 11.540639270435681 1.5317224343617752 27.052645026312934 -1.1267948657274247 0.36537039095084323 2.8963895201683045 2.8826519150482981 -10.130909174138846 -6.4142134348551441 -0.0888843027444986 2.3761984507242842 13.390864809354142 -1.0174353137878436 -1.4031472875791438 1.1382233642510695 -5.4522402786073236 1.4615962258700668 -3.4307180067667598 -0.15868336528091503 -7.2555942153930664 1.3792048054082056 3.0756791114807132 -8.2934575869713303 0.97706835695675442 2.9566598256429035 -8.6123575712505147 2.2457452774047852
leaf_weight=22 20 26.000000000000004 13.999999999999998 22 12.000000000000002 18 26 132 15.999999999999998 76 11.000000000000002 2.9999999999999991 13.000000000000002 2.9999999999999991 3 112 85 139 21 29 26 133 9.9999999999999982 154 5.9999999999999991 81 6.9999999999999991 2.9999999999999991 38 6.9999999999999991
leaf_count=22 20 26 14 22 12 18 26 132 16 76 11 3 13 3 3 112 85 139 21 29 26 133 10 154 6 81 7 3 38 7
internal_value=0.0259354 2.07488 -3.4647 7.75098 13.1346 18.521 1.0421 -1.0816 2.67144 4.70691 -4.6465 -7.12309 -4.75381 -0.106446 7.88353 -0.0149787 -0.327367 0.781311 -7.09707 2.78794 -2.48601 -0.551256 -8.76171 1.522 1.7383 -8.34658 0.284199 4.05476 -8.39529 1.79478
internal_weight=1268 799 469 123 59 40 676 284 266 96 61 185 63 223 6 410 217 165 43 64 40 245 21 170 35 122 20 29 119 19
internal_count=1268 799 469 123 59 40 676 284 266 96 61 185 63 223 6 410 217 165 43 64 40 245 21 170 35 122 20 29 119 19
is_linear=0
shrinkage=0.05


Tree=10
num_leaves=29
num_cat=0
split_feature=8 3 0 7 1 1 2 0 2 1 7 2 2 3 8 2 3 2 0 8 2 0 0 5 3 0 0 1
split_gain=3.05699e+06 1.68937e+06 1.52897e+06 700832 2.10903e+06 336685 304953 396704 290406 195660 156887 194387 99111.6 107766 96219.3 53106.6 50566.4 49133 46087.2 45338.2 37566.9 31780.8 15099.9 6251.53 4103.46 633.306 569.144 568.042
threshold=2.5000000000000004 0.91745077520649243 31300.250000000004 5.5000000000000009 33373.820000000007 23259.84 2679.6150000000002 35575.450000000004 6138.6550000000016 31238.160000000003 1.5000000000000002 7199.8200000000006 9971.2600000000002 0.66091787489538689 3.5000000000000004 12119.040000000003 0.85526297721293687 4473.7050000000008 34718.000000000007 3.5000000000000004 4655.920000000001 34209.80000000001 35412.900000000009 1.0000000180025095e-35 0.74304527475722038 29494.800000000007 29781.600000000002 34161.320000000007
decision_type=2 2 2 2 2 2 2 2 2 2 2 2 2 2 2 2 2 2 2 2 2 2 2 2 2 2 2 2
left_child=2 8 10 6 18 12 21 -8 14 20 11 17 -4 -14 22 19 -16 -1 -5 -10 -7 -3 -2 -17 25 -12 -13 -6
right_child=1 3 5 4 27 9 7 -9 15 -11 24 26 13 -15 16 23 -18 -19 -20 -21 -22 -23 -24 -25 -26 -27 -28 -29
leaf_value=-8.2886606597900396 0.85142046986742226 4.0273817869333124 -10.552945251464845 23.701783282940198 1.5256708399454748 1.9083383274078369 6.1304687413302332 24.517959594726562 -0.26636304022565843 12.721321558952333 -7.8834985890108005 -0.14934393391013148 -4.297161500375779 0.10558316608270009 1.8685342873467339 -0.13242635095820707 4.0291591223548435 -4.738096540852597 29.350370483398439 0.97355364418278134 -0.37846942340785805 1.7705967591359066 1.8719186334286708 -1.1769778301427654 -6.0886008262634279 -8.1268567109719303 0.46800775740827832 2.1410524749755857
leaf_weight=20 94 39 4.9999999999999991 13.000000000000002 15.000000000000002 20 10.999999999999998 3.9999999999999991 167 2.9999999999999991 85 7.9999999999999982 61 18 45 17 68 19 4.9999999999999991 132 176 26 59 91 2.9999999999999991 39 7 4.9999999999999991
leaf_count=20 94 39 5 13 15 20 11 4 167 3 85 8 61 18 45 17 68 19 5 132 176 26 59 91 3 39 7 5
internal_value=-0.145026 1.74499 -3.36702 7.26335 12.8544 -1.07163 4.60763 11.0338 0.777435 0.0488448 -6.95595 -4.69844 -3.72608 -3.294 2.06219 -0.0622353 3.16873 -6.5589 25.2708 0.281025 -0.145122 3.12467 1.24495 -1.01256 -7.91583 -7.96004 0.138754 1.67952
internal_weight=1255 791 464 118 38 283 80 15 673 199 181 54 84 79 266 407 113 39 18 299 196 65 153 108 127 124 15 20
internal_count=1255 791 464 118 38 283 80 15 673 199 181 54 84 79 266 407 113 39 18 299 196 65 153 108 127 124 15 20
is_linear=0
shrinkage=0.05


end of trees

feature_importances:
total_load=73
net_load=55
renewable_power=50
thermal_on_capacity=50
thermal_space_load_ratio=30
weekday=25
month=17
period=10
hour=4

parameters:
[boosting: gbdt]
[objective: regression]
[metric: rmse]
[tree_learner: serial]
[device_type: cpu]
[data_sample_strategy: bagging]
[data: ]
[valid: ]
[num_iterations: 400]
[learning_rate: 0.05]
[num_leaves: 31]
[num_threads: 0]
[seed: 42]
[deterministic: 0]
[force_col_wise: 0]
[force_row_wise: 0]
[histogram_pool_size: -1]
[max_depth: 5]
[min_data_in_leaf: 3]
[min_sum_hessian_in_leaf: 0.001]
[bagging_fraction: 0.85]
[pos_bagging_fraction: 1]
[neg_bagging_fraction: 1]
[bagging_freq: 1]
[bagging_seed: 400]
[bagging_by_query: 0]
[feature_fraction: 0.85]
[feature_fraction_bynode: 1]
[feature_fraction_seed: 30056]
[extra_trees: 0]
[extra_seed: 12879]
[early_stopping_round: 0]
[early_stopping_min_delta: 0]
[first_metric_only: 0]
[max_delta_step: 0]
[lambda_l1: 0]
[lambda_l2: 0]
[linear_lambda: 0]
[min_gain_to_split: 0]
[drop_rate: 0.1]
[max_drop: 50]
[skip_drop: 0.5]
[xgboost_dart_mode: 0]
[uniform_drop: 0]
[drop_seed: 17869]
[top_rate: 0.2]
[other_rate: 0.1]
[min_data_per_group: 100]
[max_cat_threshold: 32]
[cat_l2: 10]
[cat_smooth: 10]
[max_cat_to_onehot: 4]
[top_k: 20]
[monotone_constraints: ]
[monotone_constraints_method: basic]
[monotone_penalty: 0]
[feature_contri: ]
[forcedsplits_filename: ]
[refit_decay_rate: 0.9]
[cegb_tradeoff: 1]
[cegb_penalty_split: 0]
[cegb_penalty_feature_lazy: ]
[cegb_penalty_feature_coupled: ]
[path_smooth: 0]
[interaction_constraints: ]
[verbosity: -1]
[saved_feature_importance_type: 0]
[use_quantized_grad: 0]
[num_grad_quant_bins: 4]
[quant_train_renew_leaf: 0]
[stochastic_rounding: 1]
[linear_tree: 0]
[max_bin: 255]
[max_bin_by_feature: ]
[min_data_in_bin: 3]
[bin_construct_sample_cnt: 200000]
[data_random_seed: 175]
[is_enable_sparse: 1]
[enable_bundle: 1]
[use_missing: 1]
[zero_as_missing: 0]
[feature_pre_filter: 1]
[pre_partition: 0]
[two_round: 0]
[header: 0]
[label_column: ]
[weight_column: ]
[group_column: ]
[ignore_column: ]
[categorical_feature: ]
[forcedbins_filename: ]
[precise_float_parser: 0]
[parser_config_file: ]
[objective_seed: 16083]
[num_class: 1]
[is_unbalance: 0]
[scale_pos_weight: 1]
[sigmoid: 1]
[boost_from_average: 1]
[reg_sqrt: 0]
[alpha: 0.9]
[fair_c: 1]
[poisson_max_delta_step: 0.7]
[tweedie_variance_power: 1.5]
[lambdarank_truncation_level: 30]
[lambdarank_norm: 1]
[label_gain: ]
[lambdarank_position_bias_regularization: 0]
[eval_at: ]
[multi_error_top_k: 1]
[auc_mu_weights: ]
[num_machines: 1]
[local_listen_port: 12400]
[time_out: 120]
[machine_list_filename: ]
[machines: ]
[gpu_platform_id: -1]
[gpu_device_id: -1]
[gpu_use_dp: 0]
[num_gpu: 1]

end of parameters

pandas_categorical:[]
