tree
version=v4
num_class=1
num_tree_per_iteration=1
label_index=0
max_feature_idx=18
objective=regression
feature_names=total_load net_load renewable_power thermal_space_load_ratio thermal_on_capacity hour period weekday month is_weekend is_holiday price_lag_1d price_lag_2d price_lag_3d price_lag_7d price_ma_3d price_ma_7d price_std_7d net_load_lag_1d
feature_infos=[28967.5:37654.099999999999] [16768.16:33225.790000000001] [1969.25:16540.459999999999] [0.51925464503030128:0.93935264316841438] [29205:38255] [22:23] [89:96] [0:6] [4:5] [0:1] none [228.49000000000001:1500] [228.49000000000001:1500] [228.49000000000001:1500] [240:1500] [253.33333333333334:721.66666666666663] [278.71428571428572:486.70857142857142] [11.099111933586544:423.63277982570827] [16768.16:33225.790000000001]
tree_sizes=1408 1612 1385 1617 1901 1444 1523 1743 1332 1477 1657 1488 1517 1607 1448 1803 1324 1304 1072 1006 1040 1730 1061 1345 1100

Tree=0
num_leaves=15
num_cat=0
split_feature=2 3 1 1 17 2 1 18 1 0 7 18 1 13
split_gain=1.46815e+06 261098 50204.6 44503.1 16552.8 13512 12549 12260.1 11146 6970.29 6933.53 3223.58 2677 385.767
threshold=2383.4350000000004 0.8572471336739077 23981.135000000006 30542.655000000002 25.930069758676151 3284.4350000000004 26934.500000000004 23532.875000000004 18787.910000000003 34998.000000000007 5.5000000000000009 22590.725000000002 21115.465 274.50000000000006
decision_type=2 2 2 2 2 2 2 2 2 2 2 2 2 2
left_child=-1 2 8 5 -5 -3 11 -8 13 -6 -7 -4 -10 -2
right_child=1 3 6 4 9 10 7 -9 12 -11 -12 -13 -14 -15
leaf_value=345.26477210998536 314.76974658966066 322.74637145996093 318.17970469792687 320.54637140274048 322.95208565848213 319.36961383530587 320.94637143611908 318.08438006762799 316.16135424909919 325.39637130737304 320.93526030646433 317.16707302062741 316.79229649782178 315.31548910701974
leaf_weight=4.9999999999999991 4.0000000000000027 3.9999999999999991 8.9999999999999982 5.0000000000000027 6.9999999999999982 33 3.9999999999999991 58 29 5 8.9999999999999982 62 40 17
leaf_count=5 4 4 9 5 7 33 4 58 29 5 9 62 40 17
internal_value=318.405 317.935 317.132 320.777 322.963 319.97 317.749 318.269 316.22 323.971 319.705 317.295 316.527 315.212
internal_weight=291 286 223 63 17 46 133 62 90 12 42 71 69 21
internal_count=291 286 223 63 17 46 133 62 90 12 42 71 69 21
is_linear=0
shrinkage=1


Tree=1
num_leaves=17
num_cat=0
split_feature=2 13 1 1 18 1 12 2 7 6 11 12 1 11 11 6
split_gain=1.47782e+06 377428 242056 89578.5 46152.2 24189.6 24110.6 10686.3 10601.5 8939.85 3854.46 3960.1 3296.33 1608.5 712.229 337.992
threshold=2477.7050000000004 289.50000000000006 27038.945000000003 30054.310000000005 23532.875000000004 21115.465 298.02000000000004 4756.8600000000015 3.5000000000000004 90.500000000000014 259.50000000000006 398.20000000000005 18540.105000000003 317.00000000000006 402.50000000000006 91.500000000000014
decision_type=2 2 2 2 2 2 2 2 2 2 2 2 2 2 2 2
left_child=1 -1 5 4 8 12 9 -6 -4 -5 -7 -12 14 -8 -2 -14
right_child=2 -3 3 6 7 10 13 -9 -10 -11 11 -13 15 -15 -16 -17
leaf_value=11.844518025716146 -3.4874839305877678 36.925307210286448 3.5826814015706376 6.2838837305704685 0.53522762128939994 0.22823696136474611 1.213254819597517 -0.69857558824673849 1.3831357615334647 3.842592468261719 -1.6650000060447541 -0.34210803334911666 -2.324891310471755 2.5970479329427079 -2.8038171386718753 -2.6523780250549316
leaf_weight=2.9999999999999991 16.000000000000004 3 9 6.0000000000000062 26 2.9999999999999991 6.9999999999999982 54 14 9.9999999999999982 99 5.9999999999999991 12.999999999999998 3 4.9999999999999991 20
leaf_count=3 16 3 9 6 26 3 7 54 14 10 99 6 13 3 5 20
internal_value=-0.177675 24.3849 -0.68412 0.931892 0.269911 -1.97094 3.55435 -0.29759 2.24383 4.75808 -1.53892 -1.58941 -2.835 1.62839 -3.32471 -2.52337
internal_weight=297 6 291 129 103 162 26 80 23 16 108 105 54 10 21 33
internal_count=297 6 291 129 103 162 26 80 23 16 108 105 54 10 21 33
is_linear=0
shrinkage=0.05


Tree=2
num_leaves=14
num_cat=0
split_feature=3 1 1 1 12 18 1 1 6 12 2 1 4
split_gain=1.8402e+06 304516 158234 72571.4 33355.4 30139.7 17773.3 8839.08 8630.67 6050.34 4696.46 3215.53 3136.31
threshold=0.92802950837499443 29005.775000000005 31852.515000000003 26639.550000000003 298.02000000000004 23532.875000000004 21115.465 31367.670000000006 91.500000000000014 296.04000000000002 4824.5050000000001 18290.870000000003 34905.000000000007
decision_type=2 2 2 2 2 2 2 2 2 2 2 2 2
left_child=1 3 4 6 7 9 11 -3 -6 -5 -7 -1 -8
right_child=-2 2 -4 5 8 10 12 -9 -10 -11 -12 -13 -14
leaf_value=-3.2314327769809297 30.012829895019532 2.9889514900389167 14.041235860188804 2.4172167778015132 1.6743129253387448 0.43412032789654198 -1.1271561392679297 5.3281417083740239 -0.2795073139667511 0.53681425367082869 -0.7964226016508682 -2.4129577371809221 -1.7383345635313738
leaf_weight=18 4.9999999999999991 21.000000000000004 2.9999999999999991 11.000000000000002 13.000000000000002 8.9999999999999982 29 4.9999999999999991 9.9999999999999982 6.9999999999999991 56 36 76
leaf_count=18 5 21 3 11 13 9 29 5 10 7 56 36 76
internal_value=-0.0655892 -0.577127 2.8943 -1.32305 2.21183 -0.124645 -1.94864 3.4388 0.824826 1.68595 -0.62604 -2.68578 -1.56953
internal_weight=299 294 52 242 49 83 159 26 23 18 65 54 105
internal_count=299 294 52 242 49 83 159 26 23 18 65 54 105
is_linear=0
shrinkage=0.05


Tree=3
num_leaves=17
num_cat=0
split_feature=3 1 1 18 1 12 0 7 4 2 1 0 1 1 1 1
split_gain=1.49525e+06 175058 58853.3 40057.4 17837.7 17128.8 11375.7 9734.08 4819.1 4690.69 3391.53 3083.27 2718.49 1977.13 500.827 98.346
threshold=0.92802950837499443 27038.945000000003 29581.985000000004 23596.255000000001 21115.465 298.02000000000004 34998.000000000007 3.5000000000000004 35397.500000000007 4756.8600000000015 25875.685000000005 34260.30000000001 24921.990000000005 17888.300000000007 19081.915000000005 17211.505000000005
decision_type=2 2 2 2 2 2 2 2 2 2 2 2 2 2 2 2
left_child=1 4 3 7 13 6 -4 -3 10 -5 -6 -7 -10 15 -15 -1
right_child=-2 2 5 9 8 11 -8 -9 12 -11 -12 -13 -14 14 -16 -17
leaf_value=-3.2980068206787112 30.167772674560549 3.325716567039489 2.7703653165272297 0.18233444526791576 -1.1798961487554369 0.25161221265792849 5.5487102508544925 1.1660294516881307 -2.0093181014060977 -0.71404620563542398 0.090936426321665445 1.7490696126764473 -1.3523436977017311 -2.6053125088031477 -2.2066693544387816 -3.0000393337673614
leaf_weight=3.9999999999999991 3.9999999999999991 8 14.000000000000002 20 42 4.9999999999999991 4.9999999999999991 15 32 54 5.9999999999999991 10.999999999999998 31 12.999999999999998 20 8.9999999999999982
leaf_count=4 4 8 14 20 42 5 5 15 32 54 6 11 31 13 20 9
internal_value=-0.192982 -0.6132 0.72887 0.0946842 -1.74156 2.48647 3.50151 1.91722 -1.39848 -0.471781 -1.02104 1.28111 -1.68604 -2.56945 -2.36371 -3.09172
internal_weight=293 289 132 97 157 35 19 23 111 74 48 16 63 46 33 13
internal_count=293 289 132 97 157 35 19 23 111 74 48 16 63 46 33 13
is_linear=0
shrinkage=0.05


Tree=4
num_leaves=20
num_cat=0
split_feature=2 4 15 1 1 18 1 12 1 13 7 0 0 14 1 11 1 4 0
split_gain=1.18267e+06 758822 202668 148460 51115 29293.8 19927.5 15867.8 10381 8469.96 6207.29 3628.54 3544.94 2953.16 2279.23 494.866 418.813 322.244 7.98628
threshold=2589.4700000000007 36890.000000000007 319.16666666666669 27038.945000000003 29581.985000000004 23532.875000000004 21115.465 298.02000000000004 30976.555000000004 262.50000000000006 3.5000000000000004 32561.350000000002 34260.30000000001 262.50000000000006 18787.910000000003 402.50000000000006 23532.875000000004 34905.000000000007 34627.700000000004
decision_type=2 2 2 2 2 2 2 2 2 2 2 2 2 10 2 2 2 2 2
left_child=1 2 -1 6 5 10 14 8 -6 -7 -5 16 -9 -13 15 -2 -8 -16 -3
right_child=3 18 -4 4 7 9 11 12 -10 -11 -12 13 -14 -15 17 -17 -18 -19 -20
leaf_value=18.714798482259123 -2.9295116152082166 2.699916267395019 37.093594868977853 3.1535384019215886 2.6195760900324028 0.61465929970145228 -2.1939821243286119 0.10581186294555665 5.3672711181640622 -0.68238677251136914 1.1838800887266794 -1.6179357611614726 1.7662863307529026 -0.94672787911013556 -2.0750185285295757 -2.3760264587402342 -1.714803279073615 -2.4667448861258374 2.8152872721354161
leaf_weight=2.9999999999999982 21.000000000000004 3 3 6.0000000000000027 11.000000000000005 15.999999999999998 6.0000000000000027 4.9999999999999991 4.9999999999999991 59 11.999999999999998 23 8.9999999999999982 57 21.000000000000004 4.9999999999999991 19 6.9999999999999991 3
leaf_count=3 21 3 3 6 11 16 6 5 5 59 12 23 9 57 21 5 19 7 3
internal_value=-0.0422245 15.3309 27.9042 -0.6964 0.607958 0.0290486 -1.70543 2.40258 3.47823 -0.405684 1.84043 -1.30401 1.17326 -1.1397 -2.48597 -2.82307 -1.82981 -2.17295 2.7576
internal_weight=294 12 6 282 123 93 159 30 16 75 18 105 14 80 54 26 25 28 6
internal_count=294 12 6 282 123 93 159 30 16 75 18 105 14 80 54 26 25 28 6
is_linear=0
shrinkage=0.05


Tree=5
num_leaves=15
num_cat=0
split_feature=3 1 11 12 1 18 12 1 12 2 2 0 1 0
split_gain=1.47347e+06 224659 117811 89117.1 70539 33878.1 17936.1 14840.3 8134.93 8090.82 5515.85 3280.32 2479.77 1065.53
threshold=0.92802950837499443 29865.720000000005 293.58500000000009 398.70000000000005 26934.500000000004 23532.875000000004 298.02000000000004 21115.465 296.04000000000002 3686.9250000000006 4756.8600000000015 33566.000000000007 18787.910000000003 34260.30000000001
decision_type=2 2 2 2 2 2 2 2 2 2 2 2 2 2
left_child=1 4 -3 -2 7 8 9 12 -6 -4 -7 -9 -1 -8
right_child=3 2 6 -5 5 10 13 11 -10 -11 -12 -13 -14 -15
leaf_value=-2.7679167487404563 30.670324198404952 12.81289405822754 2.9841767756144191 18.483099873860674 2.4567344220479326 0.30469089432766566 0.34196072816848755 -1.5627362986742441 0.39247807094029019 5.8286142349243164 -0.68121634522186858 -0.99946456713520959 -2.0466454249161941 1.3227428542243111
leaf_weight=22 2.9999999999999991 2.9999999999999991 15.000000000000005 3 15.000000000000002 19 3.9999999999999991 59 6.9999999999999991 2.9999999999999991 56 46 26 8.9999999999999982
leaf_count=22 3 3 15 3 15 19 4 59 7 3 56 46 26 9
internal_value=0.0564676 -0.461566 3.35176 24.5767 -0.980178 0.0746327 2.43616 -1.64891 1.79993 3.45825 -0.431453 -1.31597 -2.37723 1.02096
internal_weight=290 284 34 6 250 97 31 153 22 18 75 105 48 13
internal_count=290 284 34 6 250 97 31 153 22 18 75 105 48 13
is_linear=0
shrinkage=0.05


Tree=6
num_leaves=16
num_cat=0
split_feature=3 3 17 2 6 3 18 12 3 0 0 0 5 0 3
split_gain=1.45118e+06 185087 90324.1 71918.1 56527.2 36565.9 27817 21076.2 12564 10062.2 7405.31 5592.43 3109.88 1662.07 887.34
threshold=0.92802950837499443 0.8572471336739077 45.205696718629568 2589.4700000000007 93.500000000000014 0.79892122282972677 23532.875000000004 289.50000000000006 0.62807875381843925 34175.55000000001 35929.150000000009 33049.350000000006 22.500000000000004 33853.650000000009 0.61025132340424604
decision_type=2 2 2 2 2 2 2 2 2 2 2 2 2 2 2
left_child=1 5 -2 4 -3 8 13 9 14 -5 -8 -10 -9 -7 -1
right_child=2 3 -4 7 -6 6 10 12 11 -11 -12 -13 -14 -15 -16
leaf_value=-2.4714051850636802 29.136808776855471 11.958182271321615 17.659760665893554 1.9482666277885432 2.2518996556599928 1.647036194801331 -0.72487312046424401 0.96825481918123035 -1.7719823255771545 4.4560308456420898 1.8286343892415364 -1.0346725508138754 -0.0065479938189188644 3.0144523239135737 -1.9626739501953125
leaf_weight=30 2.9999999999999991 2.9999999999999991 4 20.000000000000004 3 3.9999999999999982 53 18 41 4.9999999999999991 2.9999999999999991 69 14.999999999999998 5 11.999999999999998
leaf_count=30 3 3 4 20 3 4 53 18 41 5 3 69 15 5 12
internal_value=0.0911308 -0.469053 22.5785 1.89385 7.10504 -1.16594 -0.173415 1.35476 -1.59038 2.44982 -0.588078 -1.30949 0.525163 2.40671 -2.32605
internal_weight=288 281 7 64 6 217 65 58 152 25 56 110 33 9 42
internal_count=288 281 7 64 6 217 65 58 152 25 56 110 33 9 42
is_linear=0
shrinkage=0.05


Tree=7
num_leaves=18
num_cat=0
split_feature=3 1 12 1 18 1 17 7 11 1 4 1 1 6 1 4 11
split_gain=1.26238e+06 123242 87294.6 35843.3 26864.1 11683.7 10844.3 7572.81 4350.85 4265.93 2830.75 2488.99 1713.94 1275.06 1187.98 461.973 330.038
threshold=0.92802950837499443 27064.675000000003 398.70000000000005 29581.985000000004 23532.875000000004 21115.465 25.930069758676151 3.5000000000000004 379.00000000000006 30542.655000000002 35397.500000000007 25875.685000000005 25715.000000000004 91.500000000000014 18787.910000000003 34905.000000000007 402.50000000000006
decision_type=2 2 2 2 2 2 2 2 2 2 2 2 2 2 2 2 2
left_child=1 5 -2 4 7 14 13 -3 -6 -8 11 -7 -12 -5 16 -16 -1
right_child=2 3 -4 6 8 10 9 -9 -10 -11 12 -13 -14 -15 15 -17 -18
leaf_value=-2.4573777703677901 28.737918599446616 3.054581587655202 16.675956217447915 1.210309467315674 -0.5138660986104916 -1.0020464369377426 1.8104740142822262 1.0147574120251543 0.72999042421579363 3.0479545211791996 -1.6096592440749662 0.014632279532296316 -1.060808032989502 0.12919833660125732 -1.7170285754733614 -2.2236363728841146 -1.9952590179443359
leaf_weight=17.000000000000004 2.9999999999999991 7.0000000000000027 3 4.9999999999999982 58 43 13.000000000000002 12.999999999999998 7.9999999999999991 14.999999999999998 33 6.9999999999999991 25 6 18.000000000000004 5.9999999999999991 4.9999999999999991
leaf_count=17 3 7 3 5 58 43 13 13 8 15 33 7 25 6 18 6 5
internal_value=0.0151189 -0.472877 22.7069 0.693535 0.123368 -1.41964 1.95083 1.7287 -0.363096 2.47341 -1.13541 -0.859711 -1.37309 0.620612 -2.08696 -1.84368 -2.35235
internal_weight=285 279 6 125 86 154 39 20 66 28 108 50 58 11 46 24 22
internal_count=285 279 6 125 86 154 39 20 66 28 108 50 58 11 46 24 22
is_linear=0
shrinkage=0.05


Tree=8
num_leaves=14
num_cat=0
split_feature=2 17 1 11 1 18 1 13 7 12 0 7 1
split_gain=910617 216882 157593 80287.8 60327.8 23137.9 11223.4 7743.29 7233.39 6408.81 2769.62 1852.33 1686.85
threshold=2477.7050000000004 47.615929709895596 30542.655000000002 296.04000000000002 26934.500000000004 23532.875000000004 21115.465 269.41000000000003 2.5000000000000004 289.50000000000006 32993.500000000007 1.5000000000000002 18540.105000000003
decision_type=2 2 2 2 2 2 2 2 2 2 2 2 2
left_child=1 -1 4 -4 6 9 12 -7 11 -6 -8 -5 -2
right_child=2 -3 3 8 5 7 10 -9 -10 -11 -12 -13 -14
leaf_value=23.02495208740234 -2.3758149623870852 6.0197875340779605 10.091588306426994 2.2390535116195669 2.3445804119110103 0.64353387736176193 -1.4692799761488633 -0.50392991304397583 4.4464354197184246 0.67373773895881395 -0.94064265433947247 1.0768746058146159 -1.7789282272601949
leaf_weight=5 20 3 4.0000000000000027 8.0000000000000018 12.000000000000002 19 37 65 2.9999999999999991 10.999999999999998 75 5.9999999999999991 29
leaf_count=5 20 3 4 8 12 19 37 65 3 11 75 6 29
internal_value=0.00762445 16.648 -0.453009 3.71806 -0.779847 0.140353 -1.39141 -0.244385 2.21841 1.54548 -1.11528 1.74098 -2.02256
internal_weight=297 8 289 21 268 107 161 84 17 23 112 14 49
internal_count=297 8 289 21 268 107 161 84 17 23 112 14 49
is_linear=0
shrinkage=0.05


Tree=9
num_leaves=15
num_cat=0
split_feature=2 1 1 1 18 12 14 12 16 1 2 1 18 13
split_gain=537146 141093 68118.3 35851.5 19896.9 18017.2 9503.95 5717.56 5542.53 5374.19 5104.27 4429.81 1623.26 633.624
threshold=2383.4350000000004 28738.940000000006 31852.515000000003 24257.755000000001 22127.485000000004 270.99000000000007 290.20500000000004 396.50000000000006 294.78571428571433 30976.555000000004 4756.8600000000015 19261.945000000003 27404.745000000003 298.52000000000004
decision_type=2 2 2 2 2 2 10 2 2 2 2 2 2 2
left_child=6 3 5 11 7 9 -1 -5 -7 -3 -6 13 -13 -2
right_child=1 2 -4 4 10 8 -8 -9 -10 -11 -12 12 -14 -15
leaf_value=16.67757364908854 -2.2684704075688904 2.1595978132883702 7.3545874595642093 1.606622508855966 0.38362863123416902 -0.55211099088191984 12.697633870442706 0.016364946961402893 0.94017255577657899 4.4778283437093105 -0.79857165708428335 -1.2638042256236077 -1.7908624331156415 -1.8202772299448651
leaf_weight=2.9999999999999991 23 15.000000000000002 4.9999999999999991 13.000000000000002 9.9999999999999982 7.9999999999999991 3 9.9999999999999982 28 2.9999999999999991 105 48 21 11.999999999999998
leaf_count=3 23 15 5 13 10 8 3 10 28 3 105 48 21 12
internal_value=-0.125794 -0.421078 1.77133 -0.95559 -0.427275 1.25436 14.6876 0.915206 0.608554 2.54597 -0.695772 -1.65662 -1.42421 -2.1148
internal_weight=307 301 59 242 138 54 6 23 36 18 115 104 69 35
internal_count=307 301 59 242 138 54 6 23 36 18 115 104 69 35
is_linear=0
shrinkage=0.05


Tree=10
num_leaves=17
num_cat=0
split_feature=3 11 1 12 1 1 1 18 17 1 11 0 13 4 16 1
split_gain=870652 91358.5 82267.6 28134 15769.2 9504.03 9162.3 7584.63 6634.69 3744.49 3195.68 1980.26 1378.32 1274.84 1170.74 560.064
threshold=0.92802950837499443 277.50000000000006 27558.035000000003 269.41000000000003 23981.135000000006 30217.355000000003 30889.745000000006 22127.485000000004 53.204218825073312 19261.945000000003 285.15500000000003 33049.350000000006 398.20000000000005 32625.000000000004 311.47928571428577 17888.300000000007
decision_type=2 2 2 2 2 2 2 2 2 2 2 2 2 2 2 2
left_child=2 -2 4 6 9 10 8 11 -4 15 -5 -6 -9 -11 -7 -1
right_child=1 -3 3 5 7 14 -8 12 -10 13 -12 -13 -14 -15 -16 -17
leaf_value=-2.222595024108887 12.569485982259115 24.90902557373046 2.6565005562522179 0.72044841457497 1.1290360530217491 0.62489771842956543 4.8330465952555342 -0.87743257839104227 0.76408826373517513 -0.80561294078826906 -0.22259755414359425 -0.10884395837783811 -0.093909289439519261 -1.4261842091878256 1.6237936106595126 -1.8102608537673952
leaf_weight=13.999999999999998 2.9999999999999991 3 11.000000000000005 10.999999999999998 5.9999999999999982 3.9999999999999991 2.9999999999999991 87 7.9999999999999991 9.9999999999999982 49 7 5.9999999999999991 48 10.999999999999998 20
leaf_count=14 3 3 11 11 6 4 3 87 8 10 49 7 6 48 11 20
internal_value=-0.116526 18.7393 -0.500034 0.692911 -1.08446 0.23172 2.26515 -0.668753 1.8597 -1.56342 -0.0497058 0.462485 -0.826883 -1.31919 1.35742 -1.98005
internal_weight=301 6 295 97 198 75 22 106 19 92 60 13 93 58 15 34
internal_count=301 6 295 97 198 75 22 106 19 92 60 13 93 58 15 34
is_linear=0
shrinkage=0.05


Tree=11
num_leaves=15
num_cat=0
split_feature=3 1 11 1 1 12 18 0 12 1 14 2 18 3
split_gain=888792 136467 74377.4 57192 26151.2 16460.2 10706.7 8829.75 5018.12 4008.95 3364.1 3250.6 1508.3 402.094
threshold=0.92802950837499443 28738.940000000006 277.50000000000006 31852.515000000003 24415.320000000003 290.19500000000005 22590.725000000002 34998.000000000007 300.50000000000006 19261.945000000003 290.20500000000004 4756.8600000000015 21967.740000000002 0.61025132340424604
decision_type=2 2 2 2 2 2 2 2 2 2 8 2 2 2
left_child=1 4 -2 5 9 7 10 -3 -7 13 -6 -8 -11 -1
right_child=2 3 -4 -5 6 8 11 -9 -10 12 -12 -13 -14 -15
leaf_value=-2.0180344434884878 13.248819732666016 1.8057075289033706 23.663573710123693 6.9156573104858401 0.35588274061679837 -0.31340641054240131 0.27727994944900275 4.1436628723144535 1.0285177990009911 -0.84682111319373643 1.987828826904297 -0.66693824413910663 -1.3868559236879703 -1.5284325790405273
leaf_weight=26.000000000000004 3.9999999999999991 21.000000000000004 3 4.9999999999999991 15.000000000000002 11.000000000000002 9.9999999999999982 4.9999999999999991 19 17 3.9999999999999991 103 54 4.9999999999999991
leaf_count=26 4 21 3 5 15 11 10 5 19 17 4 103 54 5
internal_value=0.103534 -0.314301 17.7123 1.79198 -0.863374 1.33451 -0.398729 2.25531 0.536479 -1.46468 0.69945 -0.583379 -1.25755 -1.93907
internal_weight=302 295 7 61 234 56 132 26 30 102 19 113 71 31
internal_count=302 295 7 61 234 56 132 26 30 102 19 113 71 31
is_linear=0
shrinkage=0.05


Tree=12
num_leaves=16
num_cat=0
split_feature=3 3 17 6 18 3 12 12 0 4 3 6 4 11 3
split_gain=805185 110895 68480.7 57232 101096 20332 20182.3 7745.78 3359.89 3174.26 2071.76 1699.8 1346.33 1106.48 511.337
threshold=0.92802950837499443 0.86002363972736062 45.205696718629568 89.500000000000014 28738.940000000006 0.69822191444817483 259.50000000000006 289.50000000000006 33833.350000000013 37657.000000000007 0.61025132340424604 93.500000000000014 32625.000000000004 402.50000000000006 0.82451498730167783
decision_type=2 2 2 2 2 2 2 2 2 2 2 2 2 2 2
left_child=1 5 -2 4 -3 10 14 9 -8 -5 13 -9 -12 -1 -7
right_child=2 3 -4 7 -6 6 8 11 -10 -11 12 -13 -14 -15 -16
leaf_value=-1.9910521160472521 22.537176005045573 12.721108118693031 12.5437931060791 1.1120135199030237 1.1109776329994199 1.4313121000925697 -0.82383200433519166 0.67037550381251743 -0.34317564908109732 2.2302555059844797 -0.63473686831338072 -0.12165265202522278 -1.38502105270944 -1.3329554451836481 2.2570134735107419
leaf_weight=22.000000000000004 2.9999999999999991 3 4 15.000000000000002 5 3 90 21.000000000000004 61 10.999999999999998 6.9999999999999991 9.9999999999999982 41 8.9999999999999982 5
leaf_count=22 3 3 4 15 5 3 90 21 61 11 7 10 41 9 5
internal_value=0.0614546 -0.325861 16.8267 1.5045 5.46478 -0.825749 -0.499997 0.948673 -0.62966 1.58512 -1.48138 0.414883 -1.2756 -1.79999 1.94738
internal_weight=310 303 7 65 8 238 159 57 151 26 79 31 48 31 8
internal_count=310 303 7 65 8 238 159 57 151 26 79 31 48 31 8
is_linear=0
shrinkage=0.05


Tree=13
num_leaves=17
num_cat=0
split_feature=3 3 15 6 13 3 11 8 3 2 14 3 3 4 11 13
split_gain=664011 104059 86320.6 45271.3 76800.5 14602.8 13641.6 7446.94 5129.13 4908.08 4063.17 3375.93 2184.35 1499.78 872.395 235.585
threshold=0.92802950837499443 0.85008779691433667 319.16666666666669 89.500000000000014 298.52000000000004 0.70038789934305101 259.50000000000006 4.5000000000000009 0.89115053168833203 3381.0250000000001 323.50000000000006 0.82414039463894528 0.61025132340424604 32625.000000000004 402.50000000000006 286.50000000000006
decision_type=2 2 2 2 2 2 2 2 2 2 10 2 2 2 2 2
left_child=1 5 -2 4 15 12 11 9 -9 -5 -8 -7 14 -14 -1 -3
right_child=2 3 -4 7 -6 6 10 8 -10 -11 -12 -13 13 -15 -16 -17
leaf_value=-1.9244822365897041 10.484824371337892 1.6989163676897689 22.479311116536451 1.2465612741617056 11.183601943651832 0.12080696423848468 -0.87996764307778885 0.79760946577245517 2.292359944184621 0.064058724708027315 -0.32022749379496362 2.2424198150634762 -0.57978573143482215 -1.3313313838763117 -1.3109026908874513 1.0723051071166989
leaf_weight=21.000000000000004 2.9999999999999991 2.9999999999999982 3 12.999999999999998 3 3 89 11.000000000000002 11.999999999999998 27 51 5 7.9999999999999991 39 7.9999999999999991 3
leaf_count=21 3 3 3 13 3 3 89 11 12 27 51 5 8 39 8 3
internal_value=0.0146954 -0.319103 16.4821 1.33446 4.65161 -0.850606 -0.561312 0.860586 1.57748 0.448372 -0.676062 1.44681 -1.41397 -1.20341 -1.75522 1.38561
internal_weight=302 296 6 72 9 224 148 63 23 40 140 8 76 47 29 6
internal_count=302 296 6 72 9 224 148 63 23 40 140 8 76 47 29 6
is_linear=0
shrinkage=0.05


Tree=14
num_leaves=15
num_cat=0
split_feature=3 3 17 11 3 12 0 0 8 12 3 3 6 0
split_gain=560983 90465.5 67617.2 65499.9 39308.8 13399.4 9200.22 7481.88 6117.48 3272.54 2253.45 1718.61 529.251 200.01
threshold=0.92802950837499443 0.90269441751792845 45.205696718629568 290.20500000000004 0.81694067003396598 269.41000000000003 35054.750000000007 33049.350000000006 4.5000000000000009 283.34000000000009 0.6535739512994273 0.61025132340424604 91.500000000000014 34627.700000000004
decision_type=2 2 2 2 2 2 2 2 2 2 2 2 2 2
left_child=1 4 -2 -3 7 6 -6 11 -7 12 -9 -1 -5 -11
right_child=2 3 -4 9 5 8 -8 10 -10 13 -12 -13 -14 -15
leaf_value=-1.83192737698555 20.486259969075522 8.6998478412628106 9.8704508463541654 2.9391574859619141 0.88411390045109894 -0.24111395753346959 3.5492794990539553 -1.0992328093602108 0.85028144568204889 1.3340793291727708 -0.55715227045424998 -1.2406580259215159 1.9999636967976884 0.8461172921316964
leaf_weight=15.999999999999998 2.9999999999999991 4.0000000000000027 3 2.9999999999999991 17.000000000000004 65 3.9999999999999991 26 15.999999999999998 2.9999999999999982 73 53 3 7
leaf_count=16 3 4 3 3 17 65 4 26 16 3 73 53 3 7
internal_value=0.04545 -0.267645 15.1784 2.97709 -0.507995 0.266266 1.39176 -0.978083 -0.0255297 1.5464 -0.699517 -1.37776 2.46956 0.992506
internal_weight=296 290 6 20 270 102 21 168 81 16 99 69 6 10
internal_count=296 290 6 20 270 102 21 168 81 16 99 69 6 10
is_linear=0
shrinkage=0.05


Tree=15
num_leaves=19
num_cat=0
split_feature=2 13 0 1 1 4 7 1 0 1 4 7 1 1 1 14 17 11
split_gain=494914 356476 63478.3 54046.9 17432.7 12107.9 7272.64 5871.69 5650.87 3357.73 2661.14 1937.8 1454.29 1412.31 1030.39 831.137 345.032 250.925
threshold=2589.4700000000007 292.16500000000008 33672.400000000009 27064.675000000003 29865.720000000005 35692.500000000007 2.5000000000000004 21115.465 34592.700000000004 28738.940000000006 35397.500000000007 1.5000000000000002 27558.035000000003 25875.685000000005 18787.910000000003 323.50000000000006 24.146095720405381 402.50000000000006
decision_type=2 2 2 2 2 2 2 2 2 2 2 2 2 2 2 10 2 2
left_child=1 2 -1 7 5 12 11 14 -8 -7 13 -6 -5 -9 17 -12 -16 -2
right_child=3 -3 -4 4 6 9 8 10 -10 -11 15 -13 -14 -15 16 -17 -18 -19
leaf_value=9.6817682266235394 -1.7332810703076811 24.888858540852866 1.2311434364318847 0.87052838461739679 1.7065560913085918 -0.34011509773631893 1.8311575208391464 -0.61473930814991828 4.4248475392659499 0.39448300614243464 -1.0648467222849527 0.51941373998468565 1.857368838787079 0.14759392057146345 -0.90848539216177804 -0.48578421047755649 -1.3056365604400635 -1.2975699186325074
leaf_weight=3.9999999999999982 19.000000000000004 2.9999999999999991 5 6.9999999999999991 5.0000000000000044 60 6.9999999999999982 46 3 21 54 11 7.9999999999999991 6.9999999999999991 6.9999999999999991 6.9999999999999991 25 3.9999999999999991
leaf_count=4 19 3 5 7 5 60 7 46 3 21 54 11 8 7 7 7 25 4
internal_value=0.0113803 9.96245 4.98698 -0.398973 0.403023 0.091978 1.5515 -0.977929 2.60926 -0.149664 -0.77322 0.890396 1.39684 -0.514054 -1.40224 -0.998397 -1.21876 -1.65751
internal_weight=303 12 9 291 122 96 26 169 10 81 114 16 15 53 55 61 32 23
internal_count=303 12 9 291 122 96 26 169 10 81 114 16 15 53 55 61 32 23
is_linear=0
shrinkage=0.05


Tree=16
num_leaves=13
num_cat=0
split_feature=3 1 13 1 18 1 3 12 12 8 1 0
split_gain=519715 91373.1 100143 28371.9 9437.82 5094.45 4632.05 3516.84 2385.34 2289.63 496.971 230.338
threshold=0.92802950837499443 30889.745000000006 298.52000000000004 26934.500000000004 23532.875000000004 29865.720000000005 0.62807875381843925 269.41000000000003 391.00000000000006 4.5000000000000009 17888.300000000007 34627.700000000004
decision_type=2 2 2 2 2 2 2 2 2 2 2 2
left_child=1 3 9 6 7 -6 10 -5 -8 11 -1 -3
right_child=-2 2 -4 4 5 -7 8 -9 -10 -11 -12 -13
leaf_value=-1.6637658732278007 15.953573303222658 1.3885116004943843 11.538321940104169 1.7790701018439394 -0.28273783676326275 0.86488138545643212 -0.88428917289937581 0.47156356604148941 -0.16552871419833259 2.6962034225463869 -1.2966681586371529 0.92900818188985179
leaf_weight=13.999999999999998 4.9999999999999991 5.0000000000000018 2.9999999999999991 9.0000000000000018 80 10.999999999999998 103 11.999999999999998 12.999999999999998 2.9999999999999991 27 6
leaf_count=14 5 5 3 9 80 11 103 12 13 3 27 6
internal_value=-0.0274341 -0.306822 3.24825 -0.531492 0.0764738 -0.144015 -0.9652 1.03192 -0.803738 1.4718 -1.42202 1.13787
internal_weight=291 286 17 269 112 91 157 21 116 14 41 11
internal_count=291 286 17 269 112 91 157 21 116 14 41 11
is_linear=0
shrinkage=0.05


Tree=17
num_leaves=13
num_cat=0
split_feature=3 3 11 3 8 12 11 3 14 7 11 13
split_gain=465025 70446 70723.2 29227.1 7717.27 6232.45 4873.83 4571.69 2376.27 2002 545.542 261.35
threshold=0.92802950837499443 0.90269441751792845 290.20500000000004 0.81694067003396598 4.5000000000000009 259.50000000000006 306.50000000000006 0.62807875381843925 323.50000000000006 2.5000000000000004 398.70000000000005 269.41000000000003
decision_type=2 2 2 2 2 2 2 2 10 2 2 2
left_child=1 3 -3 7 5 -5 -6 10 -9 11 -1 -4
right_child=-2 2 9 4 6 -7 -8 8 -10 -11 -12 -13
leaf_value=-1.4166662057240806 15.143165206909181 9.6645793596903378 1.287620337804158 1.0923234002156692 0.59642350112690634 -0.19048645518281881 2.2539826552073161 -0.7969112565758032 -0.22723392681642013 2.2227551460266115 -1.0050248839638449 0.83791460990905753
leaf_weight=30 4.9999999999999991 3.0000000000000027 6.0000000000000018 10.999999999999998 17.000000000000004 68 5.9999999999999991 109 22 4.9999999999999991 10.999999999999998 7
leaf_count=30 5 3 6 11 17 68 6 109 22 5 11 7
internal_value=0.0224077 -0.233876 2.55708 -0.447782 0.2228 -0.0118674 1.02883 -0.845452 -0.70124 1.37249 -1.30623 1.04547
internal_weight=300 295 21 274 102 79 23 172 131 18 41 13
internal_count=300 295 21 274 102 79 23 172 131 18 41 13
is_linear=0
shrinkage=0.05


Tree=18
num_leaves=11
num_cat=0
split_feature=3 1 17 1 1 18 1 7 4 1
split_gain=417574 67539.8 53097 37184.9 9731.1 9219.87 4435.92 4384.74 2140.06 600.035
threshold=0.92802950837499443 31852.515000000003 45.205696718629568 27038.945000000003 30054.310000000005 23596.255000000001 21115.465 2.5000000000000004 35397.500000000007 18787.910000000003
decision_type=2 2 2 2 2 2 2 2 2 2
left_child=1 3 -2 6 5 -5 9 -6 -8 -1
right_child=2 -3 -4 4 7 -7 8 -9 -10 -11
leaf_value=-1.4055739817412005 17.169569905598959 5.5343661022186286 8.3699638366699212 1.0361701128157703 0.71324234604835501 -0.13931514715802842 -0.42426282614469529 2.1731981065538193 -0.86145621349937052 -1.0517028465270997
leaf_weight=23 2.9999999999999991 4.9999999999999991 4 22 12.000000000000002 69 55 8.9999999999999982 57 25
leaf_count=23 3 5 4 22 12 69 55 9 57 25
internal_value=0.0806438 -0.224136 12.1412 -0.329991 0.368756 0.144868 -0.819114 1.33894 -0.646763 -1.22127
internal_weight=284 277 7 272 112 91 160 21 112 48
internal_count=284 277 7 272 112 91 160 21 112 48
is_linear=0
shrinkage=0.05


Tree=19
num_leaves=10
num_cat=0
split_feature=3 1 1 1 18 18 1 4 14
split_gain=444607 92790.1 38179.5 10036.2 7993.52 4317.37 3979.61 1985.88 1074.26
threshold=0.92802950837499443 31852.515000000003 27038.945000000003 29581.985000000004 23532.875000000004 27053.91 23981.135000000006 35865.000000000007 315.50000000000006
decision_type=2 2 2 2 2 2 2 2 10
left_child=1 2 6 4 -4 -5 8 -8 -1
right_child=-2 -3 3 5 -6 -7 7 -9 -10
leaf_value=-1.0706290495104906 19.141997782389321 8.5425209919611618 0.92509527152234861 1.7822675483567374 -0.17136875191593873 0.62510057562275945 -0.23005459089763464 -0.74529527584711719 -0.3775504211584727
leaf_weight=82 2.9999999999999991 2.9999999999999991 22 13.999999999999998 68 19 32 45 5.9999999999999991
leaf_count=82 3 3 22 14 68 19 32 45 6
internal_value=-0.00808056 -0.205504 -0.296629 0.370144 0.0966558 1.11602 -0.793678 -0.531169 -1.02337
internal_weight=294 291 288 123 90 33 165 77 88
internal_count=294 291 288 123 90 33 165 77 88
is_linear=0
shrinkage=0.05


Tree=20
num_leaves=10
num_cat=0
split_feature=3 1 1 1 1 8 14 12 1
split_gain=294388 63920.8 33505.1 10877 4953.45 5520.65 4442.4 3000.13 1190.48
threshold=0.92802950837499443 31852.515000000003 28738.940000000006 24415.320000000003 30772.450000000004 4.5000000000000009 277.00000000000006 270.99000000000007 17888.300000000007
decision_type=2 2 2 2 2 2 10 2 2
left_child=1 2 3 8 7 -6 -5 -4 -1
right_child=-2 -3 4 6 5 -7 -8 -9 -10
leaf_value=-1.4266389846801759 12.04354690551758 6.0859600716736173 1.1255799865722655 -0.60520646297717817 0.93558726840549056 3.0077444458007814 -0.027866102395386533 0.21666636130084163 -0.87421763823475951
leaf_weight=10.999999999999998 4.9999999999999991 3.9999999999999991 14.999999999999998 54 8.9999999999999982 4.9999999999999991 87 23 86
leaf_count=11 5 4 15 54 9 5 87 23 86
internal_value=0.0130648 -0.191535 -0.278121 -0.529333 0.871654 1.67564 -0.248975 0.575448 -0.936863
internal_weight=299 294 290 238 52 14 141 38 97
internal_count=299 294 290 238 52 14 141 38 97
is_linear=0
shrinkage=0.05


Tree=21
num_leaves=18
num_cat=0
split_feature=2 15 1 0 12 1 1 11 16 0 14 15 1 16 11 1 6
split_gain=114357 123591 29921.4 18596.3 10154.5 6058.57 4464.27 3131.69 2029.44 1541.72 1386.73 1246.22 1102.53 758.208 660.051 648.577 179.164
threshold=2589.4700000000007 319.16666666666669 28307.175000000003 33672.400000000009 285.15500000000003 23981.135000000006 31254.910000000003 269.41000000000003 288.57428571428574 34627.700000000004 270.99000000000007 272.50000000000006 18290.870000000003 314.24142857142868 317.00000000000006 28738.940000000006 94.500000000000014
decision_type=2 2 2 2 2 2 2 2 2 2 10 2 2 2 2 2 2
left_child=1 3 5 -1 6 12 13 11 -6 -5 -9 -7 16 -4 -14 -10 -2
right_child=2 -3 4 9 8 7 -8 10 15 -11 -12 -13 14 -15 -16 -17 -18
leaf_value=5.1267698287963883 -1.1458998441696169 13.404238764444987 1.3133704185485835 1.0642398118972778 -1.1033018747965495 1.0650113046169281 2.9679542064666751 -0.71070710646139612 -0.04987201939026515 -0.43520641326904291 -0.33745959385445246 0.034419307383623997 -0.68325174570083624 0.60798122644424435 -0.99743790626525886 0.40032844307521986 -1.4922756195068358
leaf_weight=2.9999999999999982 7.9999999999999982 2.9999999999999991 16.000000000000007 4 2.9999999999999991 3.9999999999999991 3.9999999999999991 37 11.999999999999998 3 76 10.999999999999998 35 4.9999999999999991 32 24 7
leaf_count=3 8 3 16 4 3 4 4 37 12 3 76 11 35 5 32 24 7
internal_value=-0.0786755 4.50341 -0.296074 1.83316 0.650393 -0.584521 1.43703 -0.369566 0.146141 0.42162 -0.459673 0.309244 -0.92006 1.14542 -0.833311 0.250262 -1.30754
internal_weight=287 13 274 10 64 210 25 128 39 7 113 15 82 21 67 36 15
internal_count=287 13 274 10 64 210 25 128 39 7 113 15 82 21 67 36 15
is_linear=0
shrinkage=0.05


Tree=22
num_leaves=10
num_cat=0
split_feature=3 1 1 1 4 7 1 12 0
split_gain=274499 50591.9 27257.3 9419.79 7617.88 3706.39 3310.76 1817.45 1361.57
threshold=0.92802950837499443 31852.515000000003 27064.675000000003 30054.310000000005 35692.500000000007 2.5000000000000004 23532.875000000004 402.50000000000006 33941.400000000009
decision_type=2 2 2 2 2 2 2 2 2
left_child=1 2 6 4 -4 -5 8 -8 -1
right_child=-2 -3 3 5 -6 -7 7 -9 -10
leaf_value=-1.0194016436735789 11.639580802917481 5.4134353280067451 1.0819578811526298 0.68114264747675712 -0.10621005950798823 1.8942599678039551 -0.52485683508725323 0.37453338901201882 -0.48680392384529114
leaf_weight=60 4.9999999999999991 3.9999999999999991 15.999999999999998 17.000000000000004 86 9.9999999999999982 88 5.9999999999999991 14.999999999999998
leaf_count=60 5 4 16 17 86 10 88 6 15
internal_value=0.0200149 -0.172362 -0.247339 0.299994 0.0801692 1.13045 -0.665126 -0.467449 -0.912882
internal_weight=307 302 298 129 102 27 169 94 75
internal_count=307 302 298 129 102 27 169 94 75
is_linear=0
shrinkage=0.05


Tree=23
num_leaves=14
num_cat=0
split_feature=3 15 1 13 1 18 13 1 0 12 12 3 11
split_gain=254412 84598 43950.1 77397.7 20494.3 7679.76 3882.2 3261.35 3187.19 1533.04 1133.74 772.726 642.752
threshold=0.92802950837499443 319.16666666666669 31254.910000000003 298.52000000000004 26812.235000000004 23532.875000000004 269.41000000000003 31757.000000000004 33049.350000000006 402.50000000000006 296.04000000000002 0.61025132340424604 300.50000000000006
decision_type=2 2 2 2 2 2 2 2 2 2 2 2 2
left_child=2 -2 4 7 8 10 -7 12 11 -10 -6 -1 -4
right_child=1 -3 3 -5 5 6 -8 -9 9 -11 -12 -13 -14
leaf_value=-1.1701573610305787 4.2884523073832197 16.162653605143227 1.9245021184285489 9.6813402811686213 1.1094460362195968 0.56987103550207052 -0.19602434092607254 -0.32204101800918572 -0.51146848726354233 0.3935297137498856 0.37010472842625214 -0.81273736030824717 0.88948856989542624
leaf_weight=20 2.9999999999999991 3 2.9999999999999982 2.9999999999999991 20.000000000000004 21 78 5 73 4.9999999999999991 6.9999999999999991 62 3
leaf_count=20 3 3 3 3 20 21 78 5 73 5 7 62 3
internal_value=0.0311233 10.2256 -0.172765 2.56256 -0.306662 0.170294 -0.0335617 0.62107 -0.682265 -0.453456 0.917765 -0.899913 1.407
internal_weight=306 6 300 14 286 126 99 11 160 78 27 82 6
internal_count=306 6 300 14 286 126 99 11 160 78 27 82 6
is_linear=0
shrinkage=0.05


Tree=24
num_leaves=11
num_cat=0
split_feature=3 1 17 1 15 1 1 18 1 13
split_gain=197668 46390.7 46014.1 23564.7 5845.95 4783.25 3358.33 3674.09 1046.45 735.133
threshold=0.92802950837499443 31852.515000000003 45.205696718629568 27603.435000000001 285.05166666666668 30054.310000000005 23981.135000000006 21726.645000000004 18787.910000000003 264.40000000000003
decision_type=2 2 2 2 2 2 2 2 2 2
left_child=1 3 -2 6 9 -6 8 -8 -1 -5
right_child=2 -3 -4 4 5 -7 7 -9 -10 -11
leaf_value=-1.0751396157524802 13.027351792653404 5.1931514769792564 4.8356562763452517 1.011178933490406 0.012970610139891507 0.92328811883926398 0.39644167455179352 -0.47118342346266701 -0.67540037827566268 1.6992058118184408
leaf_weight=22 2.9999999999999991 3.9999999999999991 4 11.000000000000002 60 19 13.999999999999998 95 64 5.9999999999999991
leaf_count=22 3 4 4 11 60 19 14 95 64 6
internal_value=0.0422029 -0.154845 8.34638 -0.228357 0.412905 0.231908 -0.544056 -0.359745 -0.777659 1.25401
internal_weight=302 295 7 291 96 79 195 109 86 17
internal_count=302 295 7 291 96 79 195 109 86 17
is_linear=0
shrinkage=0.05


end of trees

feature_importances:
net_load=101
thermal_space_load_ratio=42
price_lag_2d=29
total_load=26
price_lag_1d=22
net_load_lag_1d=22
renewable_power=17
thermal_on_capacity=15
price_lag_3d=14
weekday=12
period=10
price_std_7d=10
price_lag_7d=9
price_ma_3d=6
month=5
price_ma_7d=4
hour=1

parameters:
[boosting: gbdt]
[objective: regression]
[metric: rmse]
[tree_learner: serial]
[device_type: cpu]
[data_sample_strategy: bagging]
[data: ]
[valid: ]
[num_iterations: 400]
[learning_rate: 0.05]
[num_leaves: 31]
[num_threads: 0]
[seed: 42]
[deterministic: 0]
[force_col_wise: 0]
[force_row_wise: 0]
[histogram_pool_size: -1]
[max_depth: 5]
[min_data_in_leaf: 3]
[min_sum_hessian_in_leaf: 0.001]
[bagging_fraction: 0.85]
[pos_bagging_fraction: 1]
[neg_bagging_fraction: 1]
[bagging_freq: 1]
[bagging_seed: 400]
[bagging_by_query: 0]
[feature_fraction: 0.85]
[feature_fraction_bynode: 1]
[feature_fraction_seed: 30056]
[extra_trees: 0]
[extra_seed: 12879]
[early_stopping_round: 0]
[early_stopping_min_delta: 0]
[first_metric_only: 0]
[max_delta_step: 0]
[lambda_l1: 0]
[lambda_l2: 0]
[linear_lambda: 0]
[min_gain_to_split: 0]
[drop_rate: 0.1]
[max_drop: 50]
[skip_drop: 0.5]
[xgboost_dart_mode: 0]
[uniform_drop: 0]
[drop_seed: 17869]
[top_rate: 0.2]
[other_rate: 0.1]
[min_data_per_group: 100]
[max_cat_threshold: 32]
[cat_l2: 10]
[cat_smooth: 10]
[max_cat_to_onehot: 4]
[top_k: 20]
[monotone_constraints: ]
[monotone_constraints_method: basic]
[monotone_penalty: 0]
[feature_contri: ]
[forcedsplits_filename: ]
[refit_decay_rate: 0.9]
[cegb_tradeoff: 1]
[cegb_penalty_split: 0]
[cegb_penalty_feature_lazy: ]
[cegb_penalty_feature_coupled: ]
[path_smooth: 0]
[interaction_constraints: ]
[verbosity: -1]
[saved_feature_importance_type: 0]
[use_quantized_grad: 0]
[num_grad_quant_bins: 4]
[quant_train_renew_leaf: 0]
[stochastic_rounding: 1]
[linear_tree: 0]
[max_bin: 255]
[max_bin_by_feature: ]
[min_data_in_bin: 3]
[bin_construct_sample_cnt: 200000]
[data_random_seed: 175]
[is_enable_sparse: 1]
[enable_bundle: 1]
[use_missing: 1]
[zero_as_missing: 0]
[feature_pre_filter: 1]
[pre_partition: 0]
[two_round: 0]
[header: 0]
[label_column: ]
[weight_column: ]
[group_column: ]
[ignore_column: ]
[categorical_feature: ]
[forcedbins_filename: ]
[precise_float_parser: 0]
[parser_config_file: ]
[objective_seed: 16083]
[num_class: 1]
[is_unbalance: 0]
[scale_pos_weight: 1]
[sigmoid: 1]
[boost_from_average: 1]
[reg_sqrt: 0]
[alpha: 0.9]
[fair_c: 1]
[poisson_max_delta_step: 0.7]
[tweedie_variance_power: 1.5]
[lambdarank_truncation_level: 30]
[lambdarank_norm: 1]
[label_gain: ]
[lambdarank_position_bias_regularization: 0]
[eval_at: ]
[multi_error_top_k: 1]
[auc_mu_weights: ]
[num_machines: 1]
[local_listen_port: 12400]
[time_out: 120]
[machine_list_filename: ]
[machines: ]
[gpu_platform_id: -1]
[gpu_device_id: -1]
[gpu_use_dp: 0]
[num_gpu: 1]

end of parameters

pandas_categorical:[]
