tree
version=v4
num_class=1
num_tree_per_iteration=1
label_index=0
max_feature_idx=10
objective=regression
feature_names=total_load net_load renewable_power thermal_space_load_ratio thermal_on_capacity hour period weekday month is_weekend is_holiday
feature_infos=[22195.900000000001:45093.400000000001] [-11825.210000000003:42194.25] [1144.03:36022.5] [-0.52127464982271476:0.97282505160491894] [27170:48080] [15:19] [61:80] [0:6] [1:4] [0:1] none
tree_sizes=2739 2594 2790 2736 2728 2751 2828 2727 2782 2737 2823 2697 2830 2689 2817 2773 2751 2475 2850 2590 2829

Tree=0
num_leaves=31
num_cat=0
split_feature=2 1 4 4 4 4 7 4 2 2 4 1 4 8 4 1 2 4 1 4 0 1 1 0 1 0 7 7 8 6
split_gain=3.07528e+07 1.08893e+07 5.47509e+06 5.43451e+06 3.90012e+06 1.87616e+06 1.5967e+06 1.03644e+06 1.35088e+06 903338 809889 788081 965263 438774 426993 370579 242374 230990 181755 152246 136780 106537 92863.1 32976.7 21698.7 33798.6 11109.8 9632.49 4270.01 3262.32
threshold=5852.2250000000013 19714.720000000005 42910.000000000007 45602.500000000007 44735.000000000007 43672.500000000007 5.5000000000000009 46555.000000000007 3410.5300000000002 11342.550000000001 36372.500000000007 12387.060000000001 36662.500000000007 2.5000000000000004 36090.000000000007 24041.135000000002 6668.6450000000013 36372.500000000007 17540.610000000004 36372.500000000007 37538.250000000007 14066.210000000001 27079.335000000003 37438.05000000001 11232.980000000003 31402.450000000001 3.5000000000000004 1.5000000000000002 2.5000000000000004 70.500000000000014
decision_type=2 2 2 2 2 2 2 2 2 2 2 2 2 2 2 2 2 2 2 2 2 2 2 2 2 2 2 2 2 2
left_child=2 11 10 4 5 -4 -6 26 -9 16 14 24 21 15 -1 -11 17 -3 -14 -18 29 -13 -15 -16 28 -26 -5 -22 -2 -12
right_child=1 9 3 7 6 -7 -8 8 -10 13 20 12 18 22 23 -17 19 -19 -20 -21 27 -23 -24 -25 25 -27 -28 -29 -30 -31
leaf_value=275.76998876682939 256.0926482596953 285.84320267107393 308.82792442705539 271.16933941618004 317.27491316372152 283.30449464122097 299.75185595969509 274.31570305254365 300.30490196611788 260.30715613629724 268.53070302870179 263.01459587480929 257.55704826920396 268.69498081909944 296.25703565345509 267.34556970344289 273.36519361627819 273.4636722684686 261.49492526014291 270.43324579705967 276.63903638587698 268.05106019032024 272.87366964445818 289.99141733825797 260.6290779915085 256.78370300676727 273.20864422901423 274.43141732735882 256.63724526909982 270.10175564992835
leaf_weight=7.0000000000000009 73 3.9999999999999991 8.9999999999999982 11.000000000000002 26 36 26 10.000000000000002 9.9999999999999982 32 4.0000000000000027 13.999999999999998 84 117 3 45 53 65 45 269 5.9999999999999991 42 14.999999999999998 7 8.0000000000000018 20 17 28 71 19
leaf_count=7 73 4 9 11 26 36 26 10 10 32 4 14 84 117 3 45 53 65 45 269 6 42 15 7 8 20 17 28 71 19
internal_value=269.827 265.96 286.73 292.377 299.187 288.409 308.513 278.617 287.31 270.074 275.663 259.045 261.31 267.42 285.241 264.421 271.492 274.181 258.931 270.916 272.806 266.792 269.17 291.871 256.609 257.882 272.407 274.821 256.361 269.829
internal_weight=1176 957 219 145 97 45 52 48 20 600 74 357 185 209 17 77 391 69 129 322 57 56 132 10 172 28 28 34 144 23
internal_count=1176 957 219 145 97 45 52 48 20 600 74 357 185 209 17 77 391 69 129 322 57 56 132 10 172 28 28 34 144 23
is_linear=0
shrinkage=1


Tree=1
num_leaves=29
num_cat=0
split_feature=2 1 0 3 7 3 2 3 7 7 3 8 8 2 8 1 8 6 3 3 8 6 0 8 8 2 2 2
split_gain=2.7272e+07 1.05273e+07 2.69662e+06 1.73322e+06 1.58353e+06 2.67485e+06 2.37204e+06 1.13851e+06 1.08715e+06 761576 581413 756843 491143 335819 328508 254166 235789 209210 116438 111125 93858.7 58679.3 48712.1 61384.9 28299.1 7425.99 4561.73 3733.54
threshold=5492.9000000000005 19714.720000000005 37611.100000000006 0.89843304090766141 5.5000000000000009 0.91426623115233918 1805.5350000000001 0.68783610611397006 4.5000000000000009 1.5000000000000002 0.39357655838957473 3.5000000000000004 2.5000000000000004 7253.8300000000008 3.5000000000000004 24041.135000000002 2.5000000000000004 71.500000000000014 0.51597749364319934 0.44205582830112838 3.5000000000000004 67.500000000000014 35798.100000000006 3.5000000000000004 2.5000000000000004 21205.595000000005 4501.8450000000012 4946.9850000000006
decision_type=2 2 2 2 2 2 2 2 2 2 2 2 2 2 2 2 2 2 2 2 2 2 2 2 2 2 2 2
left_child=2 10 14 8 6 -6 -5 12 9 -4 22 18 15 17 24 -3 -10 -9 -12 -13 -15 -14 25 -24 26 -2 -1 -26
right_child=1 7 3 4 5 -7 -8 13 16 -11 11 19 21 20 -16 -17 -18 -19 -20 -21 -22 -23 23 -25 27 -27 -28 -29
leaf_value=0.34094291792975517 -11.735290745326452 -8.7725259075293671 20.337496621268137 56.122040666852683 33.641752829918495 5.2668045126873517 25.187078235767508 7.2164122471442598 18.645733604431154 6.7878037858009339 -11.379892042704991 -6.245705339643691 -2.2189610093832015 0.5758909155029891 16.860692977905273 -2.784028524511001 32.862078666687005 2.8246442560901803 -8.2048021197319034 -1.3617858995090832 2.8272118519928497 0.02599971685991731 -12.864962768554689 -2.7502151489257809 5.7826599756876629 -12.547850260701214 2.4468907356262211 3.2881541887919101
leaf_weight=18.000000000000011 35 37 13.999999999999998 6.9999999999999991 12.999999999999998 23 54 39 4.9999999999999982 40 84 18 44 215 3.9999999999999991 34 7 89 44 33 59 86 2.9999999999999991 3 2.9999999999999991 143 2.9999999999999991 3
leaf_count=18 35 37 14 7 13 23 54 39 5 40 84 18 44 215 4 34 7 89 44 33 59 86 3 3 3 143 3 3
internal_value=-0.102001 -3.53767 17.0055 19.5763 23.8292 15.5133 28.737 0.512134 13.3258 10.3007 -10.265 -8.23622 -2.56039 2.0484 3.48816 -5.90479 26.9386 4.16276 -10.2885 -3.08552 1.06066 -0.733833 -12.2387 -7.80759 1.50704 -12.3881 0.641793 4.53541
internal_weight=1160 966 194 163 97 36 61 603 66 54 363 179 201 402 31 71 12 128 128 51 274 130 184 6 27 178 21 6
internal_count=1160 966 194 163 97 36 61 603 66 54 363 179 201 402 31 71 12 128 128 51 274 130 184 6 27 178 21 6
is_linear=0
shrinkage=0.05


Tree=2
num_leaves=31
num_cat=0
split_feature=2 1 4 8 4 7 4 3 3 3 4 4 8 2 4 0 3 0 4 1 4 2 1 2 6 4 4 8 4 0
split_gain=2.20579e+07 9.68124e+06 4.10008e+06 4.02998e+06 2.09404e+06 1.34223e+06 2.01996e+06 1.14789e+06 936765 590845 568232 529288 341384 334376 392649 228292 200154 171153 155178 106286 106251 306643 85618.8 66480.8 63105.6 16246.7 4943.91 3645.16 2975.57 601.458
threshold=5492.9000000000005 19714.720000000005 42910.000000000007 2.5000000000000004 44735.000000000007 2.5000000000000004 47735.000000000007 0.97000117379689221 0.68261305907765812 0.46382986376670937 37740.000000000007 36662.500000000007 2.5000000000000004 7391.0250000000005 36372.500000000007 40662.350000000006 0.62183744342060765 39851.900000000009 36372.500000000007 17540.610000000004 36662.500000000007 20022.105000000003 33956.830000000009 5128.6100000000015 67.500000000000014 36662.500000000007 40910.000000000007 2.5000000000000004 40910.000000000007 37913.100000000013
decision_type=2 2 2 2 2 2 2 2 2 2 2 2 2 2 2 2 2 2 2 2 2 2 2 2 2 2 2 2 2 2
left_child=2 9 11 5 17 6 -4 -6 12 20 25 23 16 14 -10 -7 -3 -5 -15 -12 21 -2 28 29 -14 -11 -24 -22 -13 -1
right_child=1 8 3 4 7 15 -8 -9 13 10 19 22 24 18 -16 -17 -18 -19 -20 -21 27 -23 26 -25 -26 -27 -28 -29 -30 -31
leaf_value=18.343156941731777 -3.1990548197428388 -9.806528748406306 30.494837615069219 7.0404843139648392 36.997993912480091 14.776247940063477 2.9969535144892596 5.0324002583821619 13.509063796997072 -1.021931432139489 -10.755151724260907 0.2695347368717193 -2.3970061651090298 3.2145353317260743 3.2245301261428718 3.2079183282523318 -3.5267165949178301 17.92582215529222 0.37265125724066678 -7.2396331210469089 -12.052155000260733 -11.153641419183641 6.0671902465820269 9.7277882893880179 0.01040043889740367 -4.8753942330678308 4.3093666553497316 -11.553807857580352 1.9529465675354005 19.344371541341143
leaf_weight=2.9999999999999982 14.999999999999998 18 17 5.0000000000000027 44 4.9999999999999991 11.000000000000002 2.9999999999999991 9.9999999999999982 31 43 21.000000000000004 41 61 129 29 43 12.999999999999998 226 43 103 63 5.0000000000000027 3 81 2.9999999999999991 20 57 2.9999999999999991 3
leaf_count=3 15 18 17 5 44 5 11 3 10 31 43 21 41 61 129 29 43 13 226 43 103 63 5 3 81 3 20 57 3 3
internal_value=-0.143317 -3.16952 15.6747 20.705 29.4038 11.5853 19.6921 34.9576 0.666272 -9.69465 -6.83402 4.66014 -2.32569 1.95155 3.96442 4.90914 -5.37978 14.9021 0.976675 -8.99739 -11.137 -9.62391 2.61311 15.8051 -0.798646 -1.36194 4.66093 -11.8746 0.479961 18.8438
internal_weight=1152 967 185 127 65 62 28 47 609 358 120 58 183 426 139 34 61 18 287 86 238 78 49 9 122 34 25 160 24 6
internal_count=1152 967 185 127 65 62 28 47 609 358 120 58 183 426 139 34 61 18 287 86 238 78 49 9 122 34 25 160 24 6
is_linear=0
shrinkage=0.05


Tree=3
num_leaves=30
num_cat=0
split_feature=2 1 4 4 3 4 2 4 3 3 4 7 4 2 0 4 4 4 4 3 0 0 3 7 7 2 3 2 1
split_gain=2.14186e+07 8.60836e+06 3.87823e+06 2.8442e+06 1.68431e+06 1.60582e+06 2.24684e+06 1.47116e+06 856249 555746 724806 528934 507316 335775 229176 201824 185029 238273 104206 98821.9 72292 55970.6 27445 10725.7 8910.34 8420.96 7267.99 3765.16 302.584
threshold=5492.9000000000005 19714.720000000005 42910.000000000007 45602.500000000007 0.89843304090766141 46555.000000000007 3410.5300000000002 44065.000000000007 0.68051872935254865 0.39357655838957473 36662.500000000007 4.5000000000000009 36662.500000000007 7299.8600000000015 38566.150000000009 36372.500000000007 38752.500000000007 39052.500000000007 39497.500000000007 0.48089537952579037 37538.250000000007 35798.100000000006 0.46382986376670937 1.0000000180025095e-35 3.5000000000000004 3860.9850000000001 0.36039930606048309 4339.6350000000011 31376.165000000001
decision_type=2 2 2 2 2 2 2 2 2 2 2 2 2 2 2 2 2 2 2 2 2 2 2 2 2 2 2 2 2
left_child=2 9 12 4 11 24 -7 -6 16 21 22 -4 14 15 27 -10 23 -18 -15 -12 28 26 -11 -3 -5 -22 -2 -1 -14
right_child=1 8 3 5 7 6 -8 -9 13 10 19 -13 20 18 -16 -17 17 -19 -20 -21 25 -23 -24 -25 -26 -27 -28 -29 -30
leaf_value=17.968850708007817 -11.358039315739035 2.8590854525566103 12.602079836527508 1.3084135691324865 56.764505615234377 3.1916800181070952 37.627602844238282 28.206933036057848 10.625935745239259 -3.4833447880215118 -10.898463930159199 25.842526500875302 0.021526485681533796 2.180430289365912 4.3957363128662106 3.2418273427794055 -11.683895683288576 -2.7872212635015878 0.17001213451936134 -8.0603659423386187 5.0434035658836365 -5.8858118438720703 -1.0137504795193673 0.14659713586656059 3.2028497457504272 3.4452325820922853 -10.32403150859632 20.138287353515622 0.5077301450073719
leaf_weight=3.9999999999999982 161 3.9999999999999991 24 9.0000000000000018 4.9999999999999991 9.0000000000000018 9.9999999999999982 46 9.9999999999999982 18 49 10.999999999999998 4.0000000000000027 93 4 124 7.9999999999999991 127 210 82 15.999999999999998 4.9999999999999991 30 41 20 17 19 4 15.999999999999998
leaf_count=4 161 4 24 9 5 9 10 46 10 18 49 11 4 93 4 124 8 127 210 82 16 5 30 41 20 17 19 4 16
internal_value=-0.0501802 -3.08419 14.9064 19.7679 25.21 10.0174 21.3158 31.0067 0.513334 -9.18219 -7.19602 16.7634 4.88438 1.70876 14.1676 3.79288 -2.3889 -3.31443 0.787071 -9.12194 2.78251 -11.1039 -1.93985 0.387707 2.61492 4.2201 -11.2489 19.0536 0.410489
internal_weight=1180 981 199 134 86 48 19 51 617 364 179 35 65 437 12 134 180 135 303 131 53 185 48 45 29 33 180 8 20
internal_count=1180 981 199 134 86 48 19 51 617 364 179 35 65 437 12 134 180 135 303 131 53 185 48 45 29 33 180 8 20
is_linear=0
shrinkage=0.05


Tree=4
num_leaves=31
num_cat=0
split_feature=2 3 3 0 7 1 2 8 7 3 1 8 0 2 8 1 0 2 8 8 1 8 8 2 0 6 6 3 3 3
split_gain=1.97915e+07 7.16427e+06 2.61002e+06 1.8873e+06 1.38958e+06 2.82897e+06 2.07844e+06 610377 802852 576874 457198 643361 380133 349778 258890 229322 401168 116061 157076 97632.4 81309.4 65177.1 58728.6 172042 31677.1 26958.8 17978.1 11354.5 6644.87 890.95
threshold=6280.3000000000011 0.56539390160428871 0.89843304090766141 39437.750000000007 5.5000000000000009 37877.655000000006 1919.6050000000002 2.5000000000000004 5.5000000000000009 0.67900401946839584 14852.5 3.5000000000000004 37479.150000000009 5231.7000000000007 2.5000000000000004 34321.990000000013 40005.850000000006 8517.4100000000017 3.5000000000000004 2.5000000000000004 24041.135000000002 2.5000000000000004 3.5000000000000004 20022.105000000003 38776.200000000004 67.500000000000014 67.500000000000014 0.43237822474631998 0.46382986376670937 0.91891934191903768
decision_type=2 2 2 2 2 2 2 2 2 2 2 2 2 2 2 2 2 2 2 2 2 2 2 2 2 2 2 2 2 2
left_child=2 10 7 24 6 -6 -5 15 13 14 22 19 -10 -9 20 26 -17 18 -11 -12 -3 -19 27 -24 -4 -16 -1 -2 -13 -26
right_child=1 9 3 4 5 -7 -8 8 12 17 11 28 -14 -15 25 16 -18 21 -20 -21 -22 -23 23 -25 29 -27 -28 -29 -30 -31
leaf_value=4.4716215133666948 -10.88510678513606 -5.815174095976082 0.63700950013266677 50.456591415405278 32.601209097642162 3.1816920098255981 22.649620065234956 13.014054246850916 12.214275813102718 1.7784881820159457 -10.295501166947034 -2.8700194931030278 34.727474975585935 6.0913539363278284 -1.6608942720625137 24.618285497029625 5.6074247411779456 -0.53032142611650324 7.2974013464791447 -6.9663472059369091 -2.4050011996565193 1.2440619679526814 -3.784669523972731 -10.062413609729095 5.9364980061848964 0.040076175614288362 0.33374653288296297 -9.578414666025262 -0.92141225274120053 4.7179265340169261
leaf_weight=3.0000000000000027 133 44 8.9999999999999982 7.9999999999999991 12.999999999999998 22 42 37 3 163 49 4.9999999999999991 5 36 36 2.9999999999999991 37 91 13.999999999999998 40 29 120 12.999999999999998 68 2.9999999999999991 66 21 19 35 3
leaf_count=3 133 44 9 8 13 22 42 37 3 163 49 5 5 36 36 3 37 91 14 40 29 120 13 68 3 66 21 19 35 3
internal_value=0.0142964 -3.3325 12.6502 18.8645 21.75 14.1089 27.0987 8.36443 11.248 0.19596 -8.82013 -6.43204 26.285 9.60012 -2.1872 4.71489 7.03324 1.27084 2.21501 -8.79925 -4.46045 0.478807 -10.1423 -9.05487 2.51309 -0.560266 0.850981 -10.7218 -1.16499 5.32721
internal_weight=1170 925 245 100 85 35 50 145 81 563 362 129 8 73 175 64 40 388 177 89 73 211 233 81 15 102 24 152 40 6
internal_count=1170 925 245 100 85 35 50 145 81 563 362 129 8 73 175 64 40 388 177 89 73 211 233 81 15 102 24 152 40 6
is_linear=0
shrinkage=0.05


Tree=5
num_leaves=31
num_cat=0
split_feature=2 3 4 2 4 7 7 5 3 4 8 2 4 3 8 4 8 0 3 4 0 8 4 0 2 4 6 6 0 3
split_gain=1.61936e+07 6.40214e+06 2.90776e+06 2.89584e+06 1.72017e+06 1.97817e+06 820658 679551 570700 493083 383976 578207 371204 334178 274725 163124 162978 182963 122415 91513.4 74604.7 63721 27573.8 21115 14532.7 16632.2 13053.3 6320.51 3728.62 3195.72
threshold=6280.3000000000011 0.56539390160428871 42910.000000000007 4281.8350000000009 47735.000000000007 5.5000000000000009 1.5000000000000002 16.500000000000004 0.65848662631806942 36372.500000000007 2.5000000000000004 18907.000000000004 36090.000000000007 0.89076402282577249 2.5000000000000004 39497.500000000007 2.5000000000000004 34775.100000000006 0.76766800306084393 39052.500000000007 35761.55000000001 2.5000000000000004 39497.500000000007 37438.05000000001 16005.415000000003 39052.500000000007 73.500000000000014 69.500000000000014 33106.05000000001 0.94577840942582181
decision_type=2 2 2 2 2 2 2 2 2 2 2 2 2 2 2 2 2 2 2 2 2 2 2 2 2 2 2 2 2 2
left_child=2 10 9 4 5 -4 13 -8 14 12 24 15 -1 -5 19 -12 18 -18 -10 -3 -13 27 -16 -14 25 -2 -23 -11 -26 -6
right_child=1 8 3 6 29 -7 7 -9 16 21 11 20 23 -15 22 -17 17 -19 -20 -21 -22 26 -24 -25 28 -27 -28 -29 -30 -31
leaf_value=4.0585133446587447 -10.640525360107418 -9.8427474594116209 30.989337582058376 14.515710391998292 0.38878148794174205 13.665723130794673 14.228829542795816 2.7338373701439966 -1.2341275181410447 -2.2338300704956029 -1.3524662158428096 -9.5443361529516526 21.84401702880859 31.615593719482423 0.23060479024425151 -5.81796487569809 7.0246921882033355 1.4918896848121577 1.2659067860343955 -4.5324848271733114 -5.3905718564987186 1.4194712585873075 -1.6489932913780212 16.706528727213538 -10.235664269164369 -7.9706779275621686 3.5676771886420973 0.2126645023172552 -10.796278311989525 2.2848785781860346
leaf_weight=9 10.000000000000002 9.9999999999999982 45 9.9999999999999982 3.9999999999999982 26 18 45 106 3.0000000000000027 39 109 3 3.9999999999999991 32 43 15.999999999999998 226 91 43 11.999999999999998 8.9999999999999982 50 6 91 13.999999999999998 33 22 44 5
leaf_count=9 10 10 45 10 4 26 18 45 106 3 39 109 3 4 32 43 16 226 91 43 12 9 50 6 91 14 33 22 44 5
internal_value=-0.188891 -3.16973 11.3403 15.3731 22.0351 24.6455 8.45144 6.01812 0.114194 3.89157 -8.37684 -6.93566 11.2388 19.4014 -2.72885 -3.69413 0.988479 1.85769 -0.0792893 -5.53442 -9.13239 1.9177 -0.915492 18.419 -10.2168 -9.08311 3.10735 -0.0809148 -10.4184 1.44217
internal_weight=1178 936 242 157 80 71 77 63 574 85 362 203 18 14 135 82 439 242 197 53 121 67 82 9 159 24 42 25 135 9
internal_count=1178 936 242 157 80 71 77 63 574 85 362 203 18 14 135 82 439 242 197 53 121 67 82 9 159 24 42 25 135 9
is_linear=0
shrinkage=0.05


Tree=6
num_leaves=31
num_cat=0
split_feature=2 1 4 2 0 4 2 3 7 7 0 4 1 4 0 4 3 3 4 4 1 4 4 6 0 0 4 1 7 6
split_gain=1.62242e+07 5.46783e+06 2.97474e+06 2.50561e+06 1.706e+06 949812 775377 667179 538799 764106 595100 461619 331547 334778 296670 218277 221154 124911 115290 111935 67897.8 157378 66053.1 55125.9 52413.3 31990.7 12323.1 5089.05 4855.84 3129.29
threshold=5852.2250000000013 19000.980000000003 42910.000000000007 4164.0200000000013 42469.200000000004 44735.000000000007 3575.1500000000005 0.65848662631806942 1.5000000000000002 4.5000000000000009 42533.05000000001 36372.500000000007 15451.840000000002 37740.000000000007 38459.650000000001 45602.500000000007 0.62459146734229232 0.76526363294442024 36372.500000000007 38752.500000000007 12223.345000000003 36662.500000000007 39052.500000000007 63.500000000000007 37768.80000000001 37438.05000000001 42412.500000000007 16844.100000000006 1.5000000000000002 70.500000000000014
decision_type=2 2 2 2 2 2 2 2 2 2 2 2 2 2 2 2 2 2 2 2 2 2 2 2 2 2 2 2 2 2
left_child=2 12 11 4 5 -4 -6 15 10 -10 -5 14 20 27 25 19 -17 18 -9 -3 28 -22 -15 -19 29 -1 -26 -14 -2 -13
right_child=1 7 3 8 6 -7 -8 17 9 -11 -12 24 13 22 -16 16 -18 23 -20 -21 21 -23 -24 -25 26 -27 -28 -29 -30 -31
leaf_value=21.796251932779956 -9.1901729062546131 0.11333748589862476 16.456473074108363 12.931287034920281 1.9868149280548089 30.726361030756038 25.422376842498778 2.1326927078621729 3.1030951069460979 16.869373270443507 37.470741780598956 -1.1650768160819998 -1.816735058564406 -10.228695095286652 3.8559856959751677 -11.247647421700613 -2.3603733948298866 5.1306738247241208 -0.48118977482207337 -2.9934587244426503 -3.8932948758727628 -9.2245535668204806 -6.5917807827604582 1.6453992373668234 4.3477831431797576 15.472614796956378 2.3698775344424781 -0.4848843514919281 -9.8115209987020915 0.3736082577391675
leaf_weight=2.9999999999999982 43 44 15.999999999999998 14.000000000000002 12.000000000000002 43 4.9999999999999991 56 36 13.999999999999998 2.9999999999999991 4.0000000000000027 13.000000000000002 17 6.9999999999999991 14.000000000000002 13.999999999999998 11.999999999999998 171 85 19 51 47 208 13.999999999999998 6 18 15.999999999999998 117 19
leaf_count=3 43 44 16 14 12 43 5 56 36 14 3 4 13 17 7 14 14 12 171 85 19 51 47 208 14 6 18 16 117 19
internal_value=0.0581653 -2.80651 12.4673 16.6211 22.8354 26.8566 8.87963 0.00163747 9.57213 6.95765 17.2618 4.10115 -8.05767 -5.53846 11.576 -2.80235 -6.80401 0.986484 0.163645 -1.93378 -9.07631 -7.7775 -7.55784 1.83551 1.92664 17.5805 3.23521 -1.08192 -9.64453 0.106011
internal_weight=1141 927 214 143 76 59 17 604 67 50 17 71 323 93 16 157 28 447 227 129 230 70 64 220 55 9 32 29 160 23
internal_count=1141 927 214 143 76 59 17 604 67 50 17 71 323 93 16 157 28 447 227 129 230 70 64 220 55 9 32 29 160 23
is_linear=0
shrinkage=0.05


Tree=7
num_leaves=31
num_cat=0
split_feature=2 1 3 2 8 7 3 1 6 2 8 1 8 7 2 8 3 1 0 2 6 7 0 6 3 8 2 6 8 2
split_gain=1.46916e+07 5.68554e+06 1.57881e+06 1.6053e+06 1.61573e+06 3.20262e+06 595056 561642 1.66034e+06 618649 457774 300866 463202 300859 293020 249169 178933 168184 162390 160007 194036 123979 329930 136782 80693.1 75256.6 55173 41643.2 5700.07 31145.9
threshold=5852.2250000000013 19714.720000000005 0.89843304090766141 3575.1500000000005 2.5000000000000004 5.5000000000000009 0.68051872935254865 37414.540000000008 77.500000000000014 3971.0750000000003 2.5000000000000004 12387.060000000001 3.5000000000000004 4.5000000000000009 3410.5300000000002 2.5000000000000004 0.88011403918602338 24041.135000000002 41197.750000000007 7299.8600000000015 69.500000000000014 1.5000000000000002 40605.400000000009 69.500000000000014 0.51597749364319934 3.5000000000000004 18907.000000000004 67.500000000000014 2.5000000000000004 19334.015000000003
decision_type=2 2 2 2 2 2 2 2 2 2 2 2 2 2 2 2 2 2 2 2 2 2 2 2 2 2 2 2 2 2
left_child=2 11 10 4 14 -6 15 9 -9 -5 21 28 24 18 -4 17 -15 -3 -12 20 -8 22 -1 -23 -13 -21 -14 -17 -2 -30
right_child=1 6 3 7 5 -7 19 8 -10 -11 13 12 26 16 -16 27 -18 -19 -20 25 -22 23 -24 -25 -26 -27 -28 -29 29 -31
leaf_value=-0.68104936480522138 -9.4379286892442824 -6.7771805937225755 1.150704931639708 23.99253290891647 29.765271694183351 1.6363803583032945 6.8204721837043767 41.645388793945315 -0.31846636136372886 2.0079993247985839 8.0314584742201145 -8.8504927986198005 -1.2106311775105341 23.755353164672854 12.675671924863543 -1.9411086309787837 8.799871087074278 -1.6410087840897696 18.525829792022705 0.29487168105940026 1.852947581721389 10.390191903114321 19.626907777786251 1.5493131913031852 -6.228275599427846 2.1901211859987062 -4.5026762664318083 0.015413496630719385 -3.8567012310028077 -9.03459779404022
leaf_weight=4 83 37 26 16.000000000000004 25 17 25 10.999999999999998 2.9999999999999991 3.9999999999999991 47 81 35 5.9999999999999982 6.9999999999999991 43 3 28 3.9999999999999991 228 92 4.9999999999999991 4 35 46 68 20 74 2.9999999999999991 91
leaf_count=4 83 37 26 16 25 17 25 11 3 4 47 81 35 6 7 43 3 28 4 228 92 5 4 35 46 68 20 74 3 91
internal_value=-0.0278763 -2.69892 11.7149 15.9601 11.8746 18.3798 0.299346 24.9722 32.6531 19.5956 7.43031 -7.6682 -6.24075 10.3419 3.59539 -2.08259 18.7702 -4.56468 8.85455 1.34901 2.91438 3.79084 9.47293 2.65442 -7.90071 0.730267 -2.40774 -0.70365 -9.13597 -8.86935
internal_weight=1171 954 217 109 75 42 595 34 14 20 108 359 182 60 33 182 9 65 51 413 117 48 8 40 127 296 55 117 177 94
internal_count=1171 954 217 109 75 42 595 34 14 20 108 359 182 60 33 182 9 65 51 413 117 48 8 40 127 296 55 117 177 94
is_linear=0
shrinkage=0.05


Tree=8
num_leaves=31
num_cat=0
split_feature=2 1 4 2 8 4 2 4 3 7 0 4 7 3 4 8 2 4 4 1 4 2 4 0 0 5 2 4 2 1
split_gain=1.23203e+07 4.85848e+06 1.99006e+06 2.32076e+06 1.78036e+06 1.11089e+06 1.00484e+06 483987 434747 326018 665186 325628 325499 278829 305166 227920 160521 115054 347566 121819 79920.5 208000 74758.1 67866.4 44613 25759.8 12459.8 9851.14 4042.26 1901.29
threshold=6280.3000000000011 19714.720000000005 42910.000000000007 4750.1950000000006 2.5000000000000004 44735.000000000007 3410.5300000000002 36372.500000000007 0.68051872935254865 5.5000000000000009 39534.600000000006 36090.000000000007 1.5000000000000002 0.46382986376670937 36662.500000000007 2.5000000000000004 15752.315000000002 36372.500000000007 36090.000000000007 27317.550000000007 36662.500000000007 20022.105000000003 41515.000000000007 36711.55000000001 37199.30000000001 16.500000000000004 15266.605000000001 42195.000000000007 4750.1950000000006 16844.100000000006
decision_type=2 2 2 2 2 2 2 2 2 2 2 2 2 2 2 2 2 2 2 2 2 2 2 2 2 2 2 2 2 2
left_child=2 13 7 4 6 -6 -4 11 15 12 -11 -1 -5 20 29 16 -3 18 -10 -19 21 -2 -16 -13 28 -17 -22 -26 -9 -15
right_child=1 8 3 9 5 -7 -8 24 17 10 -12 23 -14 14 22 25 -18 19 -20 -21 26 -23 -24 -25 27 -27 -28 -29 -30 -31
leaf_value=3.3031652995518286 -1.8255907893180847 -3.2190115113007396 1.2819763772627888 11.587170197566351 11.83473865068876 28.767497322433872 16.324409684538843 0.26728981286287307 1.5687397404440813 29.110724639892581 -2.0351201275984443 23.822221374511713 2.2739149390265001 -1.2761189603805538 -8.1101372625516799 -1.3753526207788482 -10.404377746582032 -1.2646557797347346 12.15468724568685 1.1921375436039909 -5.6503315687179567 -8.359817814359479 -5.2595443590827609 14.611737060546872 3.2031261302806713 0.18099076468793174 -8.9019609614116391 1.6374363571405413 -1.254510760307312 -0.41624058120780527
leaf_weight=6.9999999999999973 15.999999999999998 57 17 11.999999999999998 12.999999999999998 38 32 16.000000000000004 56 3.9999999999999991 3 3 43 10.000000000000002 46 46 8.9999999999999982 62 8.9999999999999982 271 2.9999999999999991 51 46 6 27 63 164 15.999999999999998 5.9999999999999991 18
leaf_count=7 16 57 17 12 13 38 32 16 56 4 3 3 43 10 46 46 9 62 9 271 3 51 46 6 27 63 164 16 6 18
internal_value=-0.0211375 -2.64809 10.0002 13.1997 17.9119 24.4513 11.1056 3.60114 0.19706 5.59939 15.7625 11.3912 4.3059 -7.25337 -5.29382 -1.87992 -4.19883 1.11031 3.03449 0.734717 -8.25826 -6.79941 -6.68484 17.6819 1.68358 -0.475815 -8.84355 2.62054 -0.147747 -0.72334
internal_weight=1170 927 243 162 100 51 49 81 573 62 7 16 55 354 120 175 66 398 65 333 234 67 92 9 65 109 167 43 22 28
internal_count=1170 927 243 162 100 51 49 81 573 62 7 16 55 354 120 175 66 398 65 333 234 67 92 9 65 109 167 43 22 28
is_linear=0
shrinkage=0.05


Tree=9
num_leaves=30
num_cat=0
split_feature=2 1 4 4 4 7 7 4 2 2 4 4 4 3 8 6 1 4 4 2 0 1 4 1 1 4 7 6 1
split_gain=1.23825e+07 5.0325e+06 2.4301e+06 1.27369e+06 1.37496e+06 972174 963118 953988 1.66859e+06 657821 326466 449951 320271 258370 249490 243626 195769 401233 83242.3 41642.1 23265.3 12385.7 27007.5 11205.8 8748.81 7552.79 2443.75 449.53 166.359
threshold=5231.7000000000007 19000.980000000003 42910.000000000007 45602.500000000007 44735.000000000007 5.5000000000000009 3.5000000000000004 46555.000000000007 3410.5300000000002 8056.7350000000006 36372.500000000007 36090.000000000007 36662.500000000007 0.65848662631806942 2.5000000000000004 66.500000000000014 12387.060000000001 36662.500000000007 36372.500000000007 18907.000000000004 37569.000000000007 11232.980000000003 36662.500000000007 40219.105000000003 14066.210000000001 42412.500000000007 1.5000000000000002 71.500000000000014 33654.68
decision_type=2 2 2 2 2 2 2 2 2 2 2 2 2 2 2 2 2 2 2 2 2 2 2 2 2 2 2 2 2
left_child=2 16 12 4 6 -6 -4 23 -9 10 11 -3 28 14 -11 -12 21 24 -15 -19 27 26 -23 -5 -18 -22 -2 -14 -1
right_child=1 9 3 7 5 -7 -8 8 -10 13 15 -13 20 18 -16 -17 17 19 -20 -21 25 22 -24 -25 -26 -27 -28 -29 -30
leaf_value=13.524194844563803 -7.9735798344467632 3.190241130193074 22.461314940452578 0.427819592812482 32.710247139308763 17.830526053905487 6.7514779367446911 1.4014341968297954 29.621533454548228 -5.0486353743751096 7.1269258337942034 19.141310555594309 -0.43936244249343837 1.9422892251004609 -0.78265658509197467 1.5234764033837653 -2.5473549204568071 -6.6127956980018219 -0.16201734451246469 -8.6576257369097558 3.2532496525691097 -5.1274971008300767 -8.4021801219267012 3.7423435211181642 -0.93372160238879065 1.5795796019690378 -8.4612266014362216 0.16677649617195131 14.050754801432289
leaf_weight=2.9999999999999991 33 12.000000000000002 15.999999999999998 17.000000000000004 23 21 25 10.000000000000002 10.999999999999998 53 22 6.9999999999999991 4.0000000000000027 59 97 164 11.999999999999998 93 231 34 13.000000000000002 10.000000000000002 17 2.9999999999999991 28 13.999999999999998 116 12.999999999999998 3
leaf_count=3 33 12 16 17 23 21 25 10 11 53 22 7 4 59 97 164 12 93 231 34 13 10 17 3 28 14 116 13 3
internal_value=0.0589534 -2.11763 12.2775 15.9785 19.4699 25.6086 12.8821 8.74027 16.1834 0.484633 2.82397 9.06695 2.95084 -0.605287 -2.28997 2.18625 -7.01109 -5.7848 0.2661 -7.16023 1.47311 -8.17467 -7.18933 0.924998 -1.41781 2.38542 -8.35322 0.0241556 13.7875
internal_weight=1164 988 176 126 85 44 41 41 21 645 205 19 50 440 150 186 343 167 290 127 44 176 27 20 40 27 149 17 6
internal_count=1164 988 176 126 85 44 41 41 21 645 205 19 50 440 150 186 343 167 290 127 44 176 27 20 40 27 149 17 6
is_linear=0
shrinkage=0.05


Tree=10
num_leaves=31
num_cat=0
split_feature=3 3 8 7 7 2 7 2 3 1 3 7 3 8 8 6 0 8 0 1 6 3 8 3 5 0 0 2 7 1
split_gain=1.02627e+07 4.39828e+06 1.12264e+06 1.60897e+06 3.1904e+06 1.57704e+06 611183 1.53597e+06 1.67673e+06 534552 479251 272033 252136 473287 209888 197061 267846 158654 502096 133205 94799.7 49089.7 43519.5 39588.3 39508.9 23208.5 16431.8 13030.7 5099.64 4982.56
threshold=0.86426075818049675 0.56539390160428871 2.5000000000000004 4.5000000000000009 5.5000000000000009 3575.1500000000005 2.5000000000000004 3410.5300000000002 0.89843304090766141 37225.965000000011 0.74593907311902774 1.0000000180025095e-35 0.39357655838957473 3.5000000000000004 2.5000000000000004 70.500000000000014 40719.500000000007 3.5000000000000004 35761.55000000001 23782.450000000001 66.500000000000014 0.65255432031256377 2.5000000000000004 0.44205582830112838 17.500000000000004 40043.400000000009 35798.100000000006 2689.7950000000005 3.5000000000000004 40915.62000000001
decision_type=2 2 2 2 2 2 2 2 2 2 2 2 2 2 2 2 2 2 2 2 2 2 2 2 2 2 2 2 2 2
left_child=1 12 6 9 25 -6 7 29 -9 11 14 -4 26 22 19 16 -8 20 -19 -3 -12 -16 -14 -15 -17 -5 28 -11 -1 -2
right_child=2 10 3 4 5 -7 15 8 -10 27 17 -13 13 23 21 24 -18 18 -20 -21 -22 -23 -24 -25 -26 -27 -28 -29 -30 -31
leaf_value=-7.6018279017437074 0.320832547545433 -4.4535946485102178 14.267932014465334 38.62700297037761 0.64466325214930931 24.377090116909571 21.610927804311117 8.1894712279240274 36.739039442274304 21.554513295491542 4.0886958074980768 4.9994294831627295 -7.6358644193724592 -3.3396874578375568 -0.81752917283238513 4.2187655276722387 0.4825196027755736 18.060136922200524 2.61997855541318 -1.147591368882702 1.0489670635872261 0.7937093003311505 -5.7586740959901368 -0.56781755192205308 0.44158254096905392 43.641233825683599 -4.9727841854095463 17.518633778889971 -8.1464849905534233 2.1595881462097171
leaf_weight=84 14.000000000000002 50 9.9999999999999982 2.9999999999999991 14.000000000000002 13.999999999999998 2.9999999999999991 12.000000000000002 8.9999999999999982 5.9999999999999982 29 38 76 19 78 8.9999999999999982 3 5.9999999999999991 43 78 222 120 52 40 30 9.9999999999999982 4.9999999999999991 3 88 4.9999999999999991
leaf_count=84 14 50 10 3 14 14 3 12 9 6 29 38 76 19 78 9 3 6 43 78 222 120 52 40 30 10 5 3 88 5
internal_value=-0.0644954 -2.07526 10.8134 14.4606 22.0146 12.5109 6.60837 11.1054 20.425 9.02703 0.466052 6.93037 -6.44575 -5.16547 -0.861086 2.61104 11.0467 1.90821 4.51061 -2.439 1.40017 0.158979 -6.87326 -1.46045 1.31324 42.4841 -7.79835 20.2092 -7.88049 0.804716
internal_weight=1173 990 183 98 41 28 85 40 21 57 626 48 364 187 326 45 6 300 49 128 251 198 128 59 39 13 177 9 172 19
internal_count=1173 990 183 98 41 28 85 40 21 57 626 48 364 187 326 45 6 300 49 128 251 198 128 59 39 13 177 9 172 19
is_linear=0
shrinkage=0.05


Tree=11
num_leaves=30
num_cat=0
split_feature=3 1 4 4 4 7 7 4 4 1 8 4 3 4 3 8 0 0 4 8 5 3 4 3 0 1 6 4 5
split_gain=9.99425e+06 3.93568e+06 1.78876e+06 1.81016e+06 992476 1.2459e+06 808215 1.20879e+06 760997 434648 341200 280851 201744 124772 249568 119731 82356 78000.5 77089.1 71804.9 112256 51284.9 40421.2 23269.5 15639.5 11732.2 10543.2 9520.87 710.477
threshold=0.86426075818049675 22158.885000000006 42910.000000000007 45602.500000000007 44735.000000000007 5.5000000000000009 2.5000000000000004 47735.000000000007 44065.000000000007 17540.610000000004 2.5000000000000004 36662.500000000007 0.76526363294442024 36662.500000000007 0.36710579925816439 2.5000000000000004 32409.100000000002 34109.150000000009 39052.500000000007 2.5000000000000004 16.500000000000004 0.56539390160428871 39905.000000000007 0.5598724588585966 37569.000000000007 33654.68 74.500000000000014 42412.500000000007 17.500000000000004
decision_type=2 2 2 2 2 2 2 2 2 2 2 2 2 2 2 2 2 2 2 2 2 2 2 2 2 2 2 2 2
left_child=1 9 11 4 8 -6 7 -5 -4 13 21 25 15 14 -1 18 -12 -17 -3 22 -21 -11 -14 -15 28 -2 -8 -26 -13
right_child=2 12 3 6 5 -7 26 -9 -10 10 16 24 19 23 -16 17 -18 -19 -20 20 -22 -23 -24 -25 27 -27 -28 -29 -30
leaf_value=-7.2881291146711877 8.9942678451538054 -4.6822181320190435 23.672847891300918 25.083836884932083 30.197438518817609 14.030275555090473 2.0253518458207447 0.37549642357561319 7.5262754279154329 -8.1770695368448898 -9.4242942810058601 -0.47099021673202474 3.2292874366044999 -7.3917732195098811 -2.0591751242295291 5.5360668301582336 -0.98979258741274845 0.48411495848723196 -0.85255581039302764 5.7492663876517964 1.9308878414206587 -4.9412286224365234 0.52975348267847533 -3.540615050494671 3.1000551064809159 12.949378509521484 0.1802010633982718 1.2605875351849725 0.29103225102791419
leaf_weight=55 3 14.999999999999998 9.9999999999999982 11 26 22 15.000000000000002 9 27 24 2.9999999999999991 4.0000000000000027 15.999999999999998 202 39 7.9999999999999991 82 170 106 23 118 25 104 3.9999999999999991 12.000000000000002 5 15.999999999999998 17 12.999999999999998
leaf_count=55 3 15 10 11 26 22 15 9 27 24 3 4 16 202 39 8 82 170 106 23 118 25 104 4 12 5 16 17 13
internal_value=0.0115838 -1.99683 10.5187 13.5758 18.044 22.7875 6.12873 13.9651 11.8902 -5.57067 -3.20311 2.81963 0.772901 -6.62819 -5.11867 -0.113766 -1.28748 0.711169 -1.32731 1.78866 2.55374 -6.52613 0.889691 -7.31699 1.31587 11.4662 1.07302 2.02175 0.111733
internal_weight=1184 994 190 136 85 48 51 20 37 434 134 54 560 300 94 299 85 178 121 261 141 49 120 206 46 8 31 29 17
internal_count=1184 994 190 136 85 48 51 20 37 434 134 54 560 300 94 299 85 178 121 261 141 49 120 206 46 8 31 29 17
is_linear=0
shrinkage=0.05


Tree=12
num_leaves=31
num_cat=0
split_feature=2 3 4 4 4 4 2 3 0 1 4 4 3 4 4 2 4 4 4 1 4 0 0 2 2 0 2 1 4 2
split_gain=9.06408e+06 3.13365e+06 1.54836e+06 1.18351e+06 1.17279e+06 741225 727734 704982 473862 315926 281923 266523 361650 221835 148296 106489 163115 100587 71099.7 54828.5 56080.2 28630.2 27726.7 27381.5 24469.6 21135.9 11310.1 9461.61 8202.46 2760.04
threshold=5852.2250000000013 0.56539390160428871 42910.000000000007 45602.500000000007 44735.000000000007 46555.000000000007 3410.5300000000002 0.97000117379689221 41382.400000000001 24257.710000000003 36372.500000000007 36662.500000000007 0.36710579925816439 36090.000000000007 37740.000000000007 6668.6450000000013 36372.500000000007 39052.500000000007 39497.500000000007 17540.610000000004 45602.500000000007 35698.80000000001 37438.05000000001 10841.190000000002 19884.485000000004 37569.000000000007 15266.605000000001 40219.105000000003 42412.500000000007 4750.1950000000006
decision_type=2 2 2 2 2 2 2 2 2 2 2 2 2 2 2 2 2 2 2 2 2 2 2 2 2 2 2 2 2 2
left_child=2 11 10 4 8 27 -7 -6 -4 14 13 12 21 -1 23 16 -11 -16 -17 26 -21 -2 -15 -3 -14 29 -13 -5 -27 -12
right_child=1 9 3 5 7 6 -8 -9 -10 15 25 19 24 22 17 18 -18 -19 -20 20 -22 -23 -24 -25 -26 28 -28 -29 -30 -31
leaf_value=2.5511049032211299 -7.0432731291827047 5.320484924316407 7.08680179375623 0.39725386193394657 22.495591350223709 1.277152709756046 20.443945290492135 -2.5203889211018882 19.950535106658936 14.105923716227213 0.10454672489847455 -5.5982966936551612 -0.78477884962878841 17.918937683105465 -6.7735777727762851 1.6530279029781623 2.1388478815156438 -2.3245004453572884 0.088410058252563428 -4.2331447965792703 -8.4532456970214849 -2.017143774032593 12.031804911295572 0.33127264106914289 -3.7478161543607715 2.8239124298095697 -7.122455188553996 3.368926684061686 1.1896027200362262 -1.3847113966941835
leaf_weight=8 51 2.9999999999999991 35 25.000000000000004 46 8.0000000000000018 12.999999999999998 2.9999999999999991 8.9999999999999982 2.9999999999999991 14.000000000000002 12.999999999999998 54 3 14.999999999999998 96 56 83 298 37 9.9999999999999982 2.9999999999999991 6 33 7.9999999999999991 14.000000000000002 191 2.9999999999999991 17 3.9999999999999991
leaf_count=8 51 3 35 25 46 8 13 3 9 3 14 13 54 3 15 96 56 83 298 37 10 3 6 33 8 14 191 3 17 4
internal_value=-0.068471 -2.13046 9.38892 12.33 15.6433 6.04136 13.1423 20.964 9.71802 0.135411 3.0612 -5.75462 -3.77258 8.6092 -1.99734 0.766292 2.74734 -3.00548 0.469637 -6.67062 -5.13104 -6.76404 13.9942 0.74704 -1.16711 1.13638 -7.02533 0.715647 1.92768 -0.2264
internal_weight=1162 954 208 142 93 49 21 49 44 587 66 367 116 17 134 453 59 98 394 251 47 54 9 36 62 49 204 28 31 18
internal_count=1162 954 208 142 93 49 21 49 44 587 66 367 116 17 134 453 59 98 394 251 47 54 9 36 62 49 204 28 31 18
is_linear=0
shrinkage=0.05


Tree=13
num_leaves=30
num_cat=0
split_feature=3 3 4 4 4 7 7 7 4 3 3 4 4 8 2 8 4 4 4 4 3 0 6 0 2 2 0 4 5
split_gain=8.14919e+06 3.24349e+06 1.47621e+06 1.56988e+06 811115 918317 663737 370155 872748 315787 205978 205268 192438 147472 173901 97950.6 95248.8 60961.9 50619.9 45676.3 109742 19917.3 12509.4 10936.4 9788.83 8244.37 7913.9 6129.12 860.325
threshold=0.86426075818049675 0.56539390160428871 42910.000000000007 45602.500000000007 44735.000000000007 5.5000000000000009 3.5000000000000004 2.5000000000000004 47735.000000000007 0.68051872935254865 0.46382986376670937 37740.000000000007 36662.500000000007 2.5000000000000004 6668.6450000000013 2.5000000000000004 39052.500000000007 43767.500000000007 38452.500000000007 36662.500000000007 0.36039930606048309 33106.05000000001 65.500000000000014 38270.05000000001 16286.945000000002 4339.6350000000011 43024.05000000001 42412.500000000007 17.500000000000004
decision_type=2 2 2 2 2 2 2 2 2 2 2 2 2 2 2 2 2 2 2 2 2 2 2 2 2 2 2 2 2
left_child=1 10 12 4 6 -6 -4 8 -5 15 19 22 25 18 -15 16 -3 -13 -11 20 -1 -17 -12 28 -21 -2 -9 -25 -14
right_child=2 9 3 7 5 -7 -8 26 -10 13 11 17 23 14 -16 21 -18 -19 -20 24 -22 -23 -24 27 -26 -27 -28 -29 -30
leaf_value=-6.5638904588872737 11.477020263671875 -7.7507715861002611 18.191939653848348 22.59818429946899 27.554850610097247 13.573608941617222 5.6830169260501862 0.20743929413812495 0.44144818365573874 -3.6083259794447162 -3.1184653759002687 -4.4566348004536556 -0.48576267480850205 4.3903136816289692 1.1993718716882025 -4.535677107175192 -2.2021241482821377 -7.6376219177246103 0.22927066988066624 -3.9831987380981446 -2.4508947477716472 -0.4043988155728242 -0.43473775585492452 2.6672408103942864 -6.8650004363921759 8.0095946311950659 1.920652447297023 1.089281403273344 0.29487619400024412
leaf_weight=55 3.9999999999999991 8.9999999999999982 19 8 24 23 24 14.000000000000002 10 8.9999999999999982 4.9999999999999991 61 5.0000000000000009 54 204 2.9999999999999991 55 20 190 2.9999999999999991 23 106 33 10.000000000000002 166 3 12.999999999999998 15.999999999999998 12
leaf_count=55 4 9 19 8 24 23 24 14 10 9 5 61 5 54 204 3 55 20 190 3 23 106 33 10 166 3 13 16 12
internal_value=0.0049 -1.78512 9.64199 12.3602 16.1728 20.713 11.2102 4.73495 10.2889 0.389664 -5.52861 -3.81971 2.30295 1.07841 1.86724 -1.42975 -2.9824 -5.24206 0.055711 -6.35192 -5.35108 -0.518104 -0.78786 1.05141 -6.81384 9.99098 1.03232 1.69619 0.0652765
internal_weight=1181 996 185 135 90 47 43 45 18 630 366 119 50 457 258 173 64 81 199 247 78 109 38 43 169 7 27 26 17
internal_count=1181 996 185 135 90 47 43 45 18 630 366 119 50 457 258 173 64 81 199 247 78 109 38 43 169 7 27 26 17
is_linear=0
shrinkage=0.05


Tree=14
num_leaves=31
num_cat=0
split_feature=2 1 4 2 3 7 4 7 3 0 7 4 0 8 1 4 2 2 5 4 7 4 0 0 4 1 0 4 2 2
split_gain=7.26011e+06 2.68343e+06 1.36787e+06 1.09846e+06 1.09877e+06 1.20302e+06 463598 447954 359708 307250 279465 245346 179574 160432 147118 271603 97410.3 89104.1 151704 77653.3 38496.7 29288.5 23582.6 21546.7 12338.3 6793.14 4762.82 3237.63 2485.66 67.2622
threshold=5852.2250000000013 19000.980000000003 42910.000000000007 4281.8350000000009 0.91426623115233918 5.5000000000000009 44065.000000000007 1.5000000000000002 0.65848662631806942 42533.05000000001 4.5000000000000009 36372.500000000007 38338.05000000001 2.5000000000000004 12387.060000000001 36662.500000000007 15332.500000000002 7647.9750000000013 15.500000000000002 39497.500000000007 1.0000000180025095e-35 39497.500000000007 37438.05000000001 37569.000000000007 27195.000000000004 37877.655000000006 35698.80000000001 29480.000000000004 4750.1950000000006 5492.9000000000005
decision_type=2 2 2 2 2 2 2 2 2 2 2 2 2 2 2 2 2 2 2 2 2 2 2 2 2 2 2 2 2 2
left_child=2 14 11 4 6 -6 -4 9 13 -5 -9 12 22 16 26 24 -3 18 -10 -19 -17 -15 -1 28 -16 -25 27 -2 -13 -14
right_child=1 8 3 7 5 -7 -8 10 17 -11 -12 23 29 21 15 20 -18 19 -20 -21 -22 -23 -24 25 -26 -27 -28 -29 -30 -31
leaf_value=16.803475189208992 -6.9158010042630709 -2.9977867120649755 34.364767646789552 9.9870993082339954 15.008732629673823 -2.3335242322513037 19.049466105869836 1.1182313832821269 7.5168081803755333 27.738944498697919 9.5488933920860291 -0.00099531544579399946 2.1539660135904941 0.24196404355267684 -4.067694648106893 -3.4089478329608314 -8.1196487585703547 1.5159857250381226 1.4121490349609624 -0.16988915691231665 -5.847863143627797 -1.4681106650540907 11.196031646728514 1.5468474423063212 -0.74861222491377877 4.0461612701416021 -4.3922076861063637 -6.3102030067819443 -1.3789523839950562 2.4671603679656977
leaf_weight=2.9999999999999982 26 41 5.9999999999999991 12.999999999999998 35 13.999999999999998 28 33 10.999999999999998 2.9999999999999991 13.999999999999998 18.000000000000004 3 42 2.9999999999999991 19 11.999999999999998 101 136 211 109 62 5 29 42 2.9999999999999991 2.9999999999999991 146 3.9999999999999991 4
leaf_count=3 26 41 6 13 35 14 28 33 11 3 14 18 3 42 3 19 12 101 136 211 109 62 5 29 42 3 3 146 4 4
internal_value=0.0175746 -1.83538 8.32572 11.0674 14.8459 10.0538 21.7522 6.08945 0.147402 13.3156 3.62949 2.52441 8.18141 -1.91851 -5.34514 -4.31117 -4.15745 0.854042 1.86896 0.375859 -5.48584 -0.777504 13.2988 0.953025 -0.969884 1.78116 -6.3673 -6.40175 -0.251533 2.33293
internal_weight=1179 964 215 146 83 49 34 63 616 16 47 69 15 157 348 173 53 459 147 312 128 104 8 54 45 32 175 172 22 7
internal_count=1179 964 215 146 83 49 34 63 616 16 47 69 15 157 348 173 53 459 147 312 128 104 8 54 45 32 175 172 22 7
is_linear=0
shrinkage=0.05


Tree=15
num_leaves=31
num_cat=0
split_feature=2 1 3 4 4 8 1 8 4 4 1 8 7 0 3 4 2 4 2 4 3 7 0 8 1 4 0 7 1 2
split_gain=6.73616e+06 2.20616e+06 1.20551e+06 1.35803e+06 1.32639e+06 1.22565e+06 296076 272052 281254 592065 190739 188574 122122 366376 117833 225983 74888.7 207447 67536.9 59011.2 38374.7 37359.6 24490.9 39032.5 18537.7 10585.8 7388.9 5208.2 2560.92 65.2038
threshold=6280.3000000000011 18649.775000000001 0.89843304090766141 42910.000000000007 44065.000000000007 2.5000000000000004 24257.710000000003 2.5000000000000004 44735.000000000007 44810.000000000007 36766.44000000001 2.5000000000000004 1.5000000000000002 42338.05000000001 0.39357655838957473 36662.500000000007 8517.4100000000017 36372.500000000007 15332.500000000002 39497.500000000007 0.58612500788450361 2.5000000000000004 35798.100000000006 3.5000000000000004 35070.865000000013 27195.000000000004 38338.05000000001 3.5000000000000004 37414.540000000008 2054.4350000000004
decision_type=2 2 2 2 2 2 2 2 2 2 2 2 2 2 2 2 2 2 2 2 2 2 2 2 2 2 2 2 2 2
left_child=2 14 7 26 -5 -6 11 12 10 -10 -9 18 13 -1 22 25 17 -8 -3 -13 -17 -18 27 -24 -14 -16 29 -2 -28 -4
right_child=1 6 3 4 5 -7 16 8 9 -11 -12 19 24 -15 15 20 21 -19 -20 -21 -22 -23 23 -25 -26 -27 28 -29 -30 -31
leaf_value=-0.62194890022277827 -5.8110849825541182 -3.2736043103716592 0.26915840903917937 40.059164428710943 5.5359692113152867 18.967042618263061 9.3054771184921261 4.7422622093411739 26.530446166992192 2.1980567932128903 17.656063334147134 0.54097303237427363 -0.074470226873051035 21.480102030436193 -3.8643097877502441 -5.4430925709551037 0.75467822041808286 1.0698845407973996 -7.5053295612335207 -1.73560362791611 -0.96430973291397104 -0.46602865041957964 -6.8579668680826833 1.2076462109883623 1.8975891237648632 -0.78484312485903507 1.6571159514513885 -6.36021693585867 3.3051830291748048 -0.016332074006398516
leaf_weight=5 90 44 6.0000000000000018 4.9999999999999991 29 41 7.9999999999999991 61 4.9999999999999982 5 2.9999999999999991 55 22 3 2.9999999999999991 110 117 173 11.999999999999998 59 4.9999999999999991 135 2.9999999999999991 3 26 40 10.999999999999998 83 2.9999999999999991 3
leaf_count=5 90 44 6 5 29 41 8 61 5 5 3 55 22 3 3 110 117 173 12 59 5 135 3 3 26 40 11 83 3 3
internal_value=0.0230209 -1.84705 7.73296 11.9204 15.1798 13.4027 -0.0362062 4.57629 6.56606 14.3643 5.3476 -1.80441 1.94696 7.66632 -5.08723 -4.09208 0.658008 1.43389 -4.1804 -0.637255 -5.24836 0.100728 -5.96562 -2.82516 0.993729 -0.99969 1.29173 -6.07454 2.01027 0.173995
internal_weight=1168 940 228 98 75 70 603 130 74 10 64 170 56 8 337 158 433 181 56 114 115 252 179 6 48 43 23 173 14 9
internal_count=1168 940 228 98 75 70 603 130 74 10 64 170 56 8 337 158 433 181 56 114 115 252 179 6 48 43 23 173 14 9
is_linear=0
shrinkage=0.05


Tree=16
num_leaves=30
num_cat=0
split_feature=3 3 4 8 7 7 7 4 3 0 7 4 3 4 8 4 6 7 4 7 4 4 2 0 2 2 6 4 5
split_gain=6.24799e+06 2.35884e+06 1.3404e+06 1.16558e+06 787681 1.47852e+06 698332 1.15982e+06 279193 275248 203715 166375 146783 173139 139978 139443 130718 587976 115915 46104.7 37731.6 33052.1 127493 10565.5 9289.73 8417.7 8309.82 5283.16 497.63
threshold=0.86426075818049675 0.56539390160428871 42910.000000000007 2.5000000000000004 4.5000000000000009 5.5000000000000009 2.5000000000000004 47735.000000000007 0.76027518303697972 40359.700000000004 3.5000000000000004 36662.500000000007 0.46382986376670937 37740.000000000007 2.5000000000000004 39052.500000000007 66.500000000000014 5.5000000000000009 36372.500000000007 1.5000000000000002 36372.500000000007 36662.500000000007 20022.105000000003 37569.000000000007 4501.8450000000012 15266.605000000001 65.500000000000014 42412.500000000007 17.500000000000004
decision_type=2 2 2 2 2 2 2 2 2 2 2 2 2 2 2 2 2 2 2 2 2 2 2 2 2 2 2 2 2
left_child=1 12 11 6 10 -6 7 -4 14 -8 -5 24 21 26 15 -3 17 -10 -18 -15 -16 22 -1 28 -2 -23 -14 -25 -13
right_child=2 8 3 4 5 -7 9 -9 16 -11 -12 23 13 19 20 -17 18 -19 -20 -21 -22 25 -24 27 -26 -27 -28 -29 -30
leaf_value=-0.48898168524106345 10.734979438781739 -5.1181402609898496 19.930702379014761 13.124038887023927 33.648966217041014 12.671937424795969 16.013751856486003 -0.67713517058979367 0.58829631464821952 0.15276359396596109 4.6527153448625027 -0.31980102062225324 -2.315318647027016 -2.9910845458507538 1.0288398131202248 -1.0731043355192169 4.8028607654571536 17.321160268783569 0.82559669263182434 -5.4835059196298772 -0.3218514792621136 -3.2524339040120447 -5.6514542454380106 2.2343724863869801 7.0542827924092597 -5.9253817552401706 -0.29246067693739225 0.83458161634894523 0.21897913614908854
leaf_weight=14.999999999999998 3.9999999999999991 26 18 20 13.999999999999998 21 2.9999999999999991 11.000000000000002 21.000000000000004 31 11.000000000000002 6.0000000000000027 5.9999999999999991 28 85 118 20 6.9999999999999991 218 55 132 2.9999999999999991 59 14.000000000000002 3 162 33 12.999999999999998 14.999999999999998
leaf_count=15 4 26 18 20 14 21 3 11 21 31 11 6 6 28 85 118 20 7 218 55 132 3 59 14 3 162 33 13 15
internal_value=0.0325256 -1.54293 8.49205 11.2786 15.9221 21.0627 6.41399 12.1139 0.310859 1.55226 10.1181 1.95635 -4.76268 -3.35153 -0.594823 -1.80346 1.54 4.77151 1.15982 -4.64269 0.207221 -5.48301 -4.60501 0.90618 9.15754 -5.87678 -0.60367 1.5604 0.0650419
internal_weight=1172 988 184 129 66 35 63 29 627 34 31 55 361 122 361 144 266 28 238 83 217 239 74 48 7 165 39 27 21
internal_count=1172 988 184 129 66 35 63 29 627 34 31 55 361 122 361 144 266 28 238 83 217 239 74 48 7 165 39 27 21
is_linear=0
shrinkage=0.05


Tree=17
num_leaves=27
num_cat=0
split_feature=2 3 4 8 0 2 7 4 3 2 8 4 0 4 6 4 4 4 7 4 4 2 1 6 2 0
split_gain=5.10678e+06 2.30359e+06 1.22063e+06 931401 625305 387883 856707 325748 252227 243691 239378 174860 308029 164347 121745 81525.3 121227 101079 66043.9 63372.8 39622.7 87247.9 9879.6 8935.77 8410.48 4915.56
threshold=4750.1950000000006 0.62183744342060765 42910.000000000007 2.5000000000000004 41702.500000000007 3410.5300000000002 2.5000000000000004 44735.000000000007 0.46382986376670937 7253.8300000000008 2.5000000000000004 36372.500000000007 37438.05000000001 36662.500000000007 66.500000000000014 36372.500000000007 36090.000000000007 39052.500000000007 4.5000000000000009 39497.500000000007 36662.500000000007 20022.105000000003 37877.655000000006 76.500000000000014 16286.945000000002 38270.05000000001
decision_type=2 2 2 2 2 2 2 2 2 2 2 2 2 2 2 2 2 2 2 2 2 2 2 2 2 2
left_child=2 8 13 5 7 23 -7 -5 20 11 18 12 -3 -1 -13 16 -11 -17 -10 -12 21 -2 25 -4 -22 -15
right_child=1 9 3 4 -6 6 -8 -9 10 15 19 14 -14 22 -16 17 -18 -19 -20 -21 24 -23 -24 -25 -26 -27
leaf_value=10.422094879150391 -0.7667233703533809 16.257142766316722 1.3040380987254057 7.6228586157162983 33.323446655273436 18.880726076761885 2.8960751125687048 17.204939034405879 -4.1956448131678057 0.96148149640787217 -0.21521354853096658 5.6812690946790916 2.1733833486383616 0.022560103943473415 1.3146128151222325 -2.7636100293057311 7.8973317827497214 0.072887510061264038 -7.8125393138212322 -2.4624212039050772 -2.9419731140136722 -5.0034020319581032 3.5668750762939454 -1.2452245616912843 -5.61423242916851 1.1755998581233953
leaf_weight=4.9999999999999991 14.999999999999998 6.0000000000000027 10.999999999999998 11.999999999999998 4.9999999999999991 14.999999999999998 19 34 49 63 59 18 10.999999999999998 19 141 35 6.9999999999999991 306 17 67 2.9999999999999991 64 2.9999999999999991 4.9999999999999991 159 18
leaf_count=5 15 6 11 12 5 15 19 34 49 63 59 18 11 19 141 35 7 306 17 67 3 64 3 5 159 18
internal_value=-0.0214127 -1.27332 8.72476 11.7764 16.5306 6.92709 9.94813 14.7053 -4.03992 0.767471 -2.68791 2.32428 7.14412 1.87557 1.80895 0.100808 1.65507 -0.218249 -5.12727 -1.41016 -5.11704 -4.19897 0.807252 0.507394 -5.56475 0.583498
internal_weight=1166 1020 146 101 51 50 34 46 433 587 192 176 17 45 159 411 70 341 66 126 241 79 40 16 162 37
internal_count=1166 1020 146 101 51 50 34 46 433 587 192 176 17 45 159 411 70 341 66 126 241 79 40 16 162 37
is_linear=0
shrinkage=0.05


Tree=18
num_leaves=31
num_cat=0
split_feature=2 1 4 2 0 0 4 3 4 4 4 4 8 4 2 8 0 4 2 6 4 1 8 0 4 3 4 0 4 6
split_gain=4.71785e+06 1.77011e+06 800532 779029 724263 525580 406421 224826 198745 147704 135039 263310 116862 105810 156736 102296 80681.7 80365.1 64310.5 52649.7 46651.1 30721.1 39758.1 23632.2 16923.3 16278.3 10215.4 9597.92 7613.54 1009.38
threshold=5852.2250000000013 19000.980000000003 42910.000000000007 4750.1950000000006 40605.400000000009 38566.150000000009 47735.000000000007 0.65848662631806942 36372.500000000007 36090.000000000007 44810.000000000007 44735.000000000007 2.5000000000000004 36662.500000000007 20022.105000000003 2.5000000000000004 35798.100000000006 42277.500000000007 8056.7350000000006 69.500000000000014 39052.500000000007 17540.610000000004 2.5000000000000004 37438.05000000001 39497.500000000007 0.5598724588585966 27195.000000000004 37569.000000000007 42412.500000000007 71.500000000000014
decision_type=2 2 2 2 2 2 2 2 2 2 2 2 2 2 2 2 2 2 2 2 2 2 2 2 2 2 2 2 2 2
left_child=2 13 8 4 5 -4 -6 12 9 -1 11 -5 17 14 26 20 -16 -3 -17 -12 -9 25 -23 -11 -14 -15 -2 29 -29 -10
right_child=1 7 3 10 6 -7 -8 15 27 23 19 -13 24 21 16 18 -18 -19 -20 -21 -22 22 -24 -25 -26 -27 -28 28 -30 -31
leaf_value=1.4904905114855083 -3.6332434654235843 -7.07593715985616 -1.8586975415547666 4.028887788454691 10.115717171430589 20.243782167480546 -0.77186591148376471 -2.7778556268662218 -0.62246497392654376 14.673188018798824 -2.2602624014019956 20.255718485514322 0.18694766217044423 -5.2887461014129409 -5.2529809433117256 2.4036014639385299 1.3711804294586183 -2.3967981995680394 0.73776650236251884 2.575086930394173 0.035731004775371604 -4.9972815758652152 -1.2817853192488353 9.3690803527832021 -1.0895786680281163 -2.0671900987625125 -0.61070748640269779 2.0785795847574873 0.57956261709332468 0.19785193602244061
leaf_weight=7.0000000000000009 2.9999999999999991 11.999999999999998 3.0000000000000027 15.000000000000002 60 26 9.9999999999999982 15.999999999999998 5.0000000000000027 3 8.0000000000000018 2.9999999999999991 42 199 57 89 4.9999999999999991 39 166 19 186 18.000000000000004 11.999999999999998 7 68 3.9999999999999991 41 18 15.999999999999998 14.999999999999998
leaf_count=7 3 12 3 15 60 26 10 16 5 3 8 3 42 199 57 89 5 39 166 19 186 18 12 7 68 4 41 18 16 15
internal_value=-0.00169732 -1.50533 6.69121 8.83355 11.313 17.9573 8.56035 0.0873206 2.34619 7.06097 3.37878 6.73336 -1.51942 -4.40874 -3.09908 0.65337 -4.71877 -3.49777 1.31918 1.14239 -0.187127 -5.00456 -3.51108 10.9603 -0.602178 -5.22527 -0.816789 0.861905 1.37316 -0.00722729
internal_weight=1172 957 215 144 99 29 70 618 71 17 45 18 161 339 106 457 62 51 255 27 202 233 30 10 110 203 44 54 34 20
internal_count=1172 957 215 144 99 29 70 618 71 17 45 18 161 339 106 457 62 51 255 27 202 233 30 10 110 203 44 54 34 20
is_linear=0
shrinkage=0.05


Tree=19
num_leaves=29
num_cat=0
split_feature=2 1 4 4 2 1 0 4 4 4 3 4 4 8 3 2 8 4 0 1 4 1 0 4 0 0 0 1
split_gain=3.97922e+06 1.47562e+06 815587 1.06146e+06 607640 662495 500533 307580 795606 257937 191208 176337 168589 146836 110091 90455.6 132580 48729.4 212497 56949.5 36899 35414 28290.6 24896.9 78697.4 22697.8 9280.6 2169.47
threshold=6280.3000000000011 19000.980000000003 44395.000000000007 45602.500000000007 3971.0750000000003 37877.655000000006 41535.600000000006 46555.000000000007 47202.500000000007 36372.500000000007 0.68783610611397006 44810.000000000007 36090.000000000007 2.5000000000000004 0.62183744342060765 18907.000000000004 2.5000000000000004 36372.500000000007 34775.100000000006 27317.550000000007 39052.500000000007 17652.890000000003 37768.80000000001 36662.500000000007 35146.700000000004 41057.250000000007 43346.200000000004 13324.140000000001
decision_type=2 2 2 2 2 2 2 2 2 2 2 2 2 2 2 2 2 2 2 2 2 2 2 2 2 2 2 2
left_child=2 15 6 4 5 -4 9 26 -9 12 13 -6 -1 14 -3 16 20 18 -12 -19 -2 -18 -11 24 -17 -15 -5 -25
right_child=1 10 3 7 11 -7 -8 8 -10 22 17 -13 -14 25 -16 23 21 19 -20 -21 -22 -23 -24 27 -26 -27 -28 -29
leaf_value=1.3183332204818723 -5.7012456258138027 -6.1794357395172126 23.642594485812719 -0.48404445433616639 9.3378624167935609 10.420448112487794 22.625386619567873 17.564293779026372 0.096235013753175738 -0.36584734544157982 9.5878666877746586 0.49596543993268699 11.244373876398258 -0.39001007724526154 -1.8143238240709672 -4.6607235564850269 -2.2370032665404405 -0.92833085985945873 0.79883142439838584 0.77235233576858753 -3.4527776934005119 0.30049875758588318 1.4860761024828617 -5.0673367143713914 0.10881103515625 2.7519013722737631 1.5757027029991151 -5.6092713442715736
leaf_weight=7.0000000000000009 36 20 18 25 29 20 2.9999999999999991 11.000000000000002 15.999999999999998 32 7.9999999999999991 6.9999999999999991 11 137 52 64 44 61 49 255 37 20 58 115 9.9999999999999982 5.9999999999999991 6.9999999999999991 22
leaf_count=7 36 20 18 25 29 20 3 11 16 32 8 7 11 137 52 64 44 61 49 255 37 20 58 115 10 6 7 22
internal_value=-0.0425837 -1.52505 5.64426 8.28512 12.2736 16.6836 2.47998 3.28264 7.21285 1.92039 0.00223437 7.6186 7.38425 -1.18537 -3.02685 -4.10564 -3.10522 0.686776 2.03238 0.444056 -4.56161 -1.44403 0.827614 -4.75519 -4.01619 -0.258182 -0.0334748 -5.15436
internal_weight=1180 936 244 133 74 38 111 59 27 108 588 36 18 215 72 348 137 373 57 316 73 64 90 211 74 143 32 137
internal_count=1180 936 244 133 74 38 111 59 27 108 588 36 18 215 72 348 137 373 57 316 73 64 90 211 74 143 32 137
is_linear=0
shrinkage=0.05


Tree=20
num_leaves=31
num_cat=0
split_feature=2 3 3 2 7 3 2 7 8 7 4 3 3 4 3 8 2 8 0 4 4 4 0 4 0 2 7 0 7 4
split_gain=3.67651e+06 1.28189e+06 737809 1.15621e+06 622484 1.59865e+06 544520 459689 292465 289480 318174 156024 135322 128984 112443 105318 139617 92610.5 73535.6 63494.4 41624.3 139979 38641.4 36247.3 33671 21831.3 24786.3 21234.7 17934.4 12306.3
threshold=6668.6450000000013 0.56539390160428871 0.89843304090766141 3575.1500000000005 5.5000000000000009 0.95914219910740883 3860.9850000000001 2.5000000000000004 2.5000000000000004 5.5000000000000009 44735.000000000007 0.95914219910740883 0.65848662631806942 45077.500000000007 0.86426075818049675 2.5000000000000004 18907.000000000004 2.5000000000000004 42338.05000000001 39052.500000000007 36372.500000000007 36090.000000000007 32941.400000000009 46555.000000000007 35554.500000000007 15674.830000000002 1.0000000180025095e-35 35761.55000000001 2.5000000000000004 39497.500000000007
decision_type=2 2 2 2 2 2 2 2 2 2 2 2 2 2 2 2 2 2 2 2 2 2 2 2 2 2 2 2 2 2
left_child=2 15 8 4 5 -4 13 -8 18 14 -11 -6 17 -5 -10 25 22 19 28 -3 21 -14 -17 -20 -22 26 -2 -18 -1 -19
right_child=1 12 3 6 11 -7 7 -9 9 10 -12 -13 20 -15 -16 16 27 29 23 -21 24 -23 -24 -25 -26 -27 -28 -29 -30 -31
leaf_value=-1.9954381648451092 -0.19639606475830065 -6.9227747175428611 3.9080744042283015 24.081821232182634 0.87840523799260439 28.295252704620363 21.299148781299593 2.7312542629241943 2.2972439594566825 -1.5985413233439139 17.495287990570066 -7.7680653095245367 0.88622832058204537 13.901059436798096 5.849320820859961 -3.2406371891498567 -4.4376465708017347 0.28830241089065872 0.81332821051279702 -2.2949485336031237 -1.053781249041253 9.630955810546876 -0.90093581145008406 4.6995907704035433 0.38888245602363147 -5.048019561932005 -4.3864961495002115 -2.3027950030106767 0.044396217664082846 -0.93462507554019492
leaf_weight=15.999999999999998 5.0000000000000027 8.9999999999999982 42 14.000000000000002 15.000000000000002 7.9999999999999991 4.9999999999999991 9.9999999999999982 56 2.9999999999999973 8 7.9999999999999991 54 3.9999999999999991 37 25 112 36 12 42 47 4.9999999999999991 60 12 290 145 11.999999999999998 12.999999999999998 33 48
leaf_count=16 5 9 42 14 15 8 5 10 56 3 8 8 54 4 37 25 112 36 12 42 47 5 60 12 290 145 12 13 33 48
internal_value=-0.0822118 -1.64067 4.89053 8.18954 4.67853 7.81002 15.9563 8.92055 2.91486 4.61767 12.2879 -2.12906 -0.0638731 21.8194 3.71044 -3.89142 -3.1525 -1.43093 0.488946 -3.11162 0.40217 1.62731 -1.58908 2.75646 0.18768 -4.84928 -3.15411 -4.21562 -0.621672 -0.410513
internal_weight=1186 903 283 106 73 50 33 15 177 104 11 23 531 18 93 372 210 135 73 51 396 59 85 24 337 162 17 125 49 84
internal_count=1186 903 283 106 73 50 33 15 177 104 11 23 531 18 93 372 210 135 73 51 396 59 85 24 337 162 17 125 49 84
is_linear=0
shrinkage=0.05


end of trees

feature_importances:
thermal_on_capacity=167
renewable_power=92
thermal_space_load_ratio=78
total_load=72
net_load=60
month=59
weekday=55
period=26
hour=8

parameters:
[boosting: gbdt]
[objective: regression]
[metric: rmse]
[tree_learner: serial]
[device_type: cpu]
[data_sample_strategy: bagging]
[data: ]
[valid: ]
[num_iterations: 400]
[learning_rate: 0.05]
[num_leaves: 31]
[num_threads: 0]
[seed: 42]
[deterministic: 0]
[force_col_wise: 0]
[force_row_wise: 0]
[histogram_pool_size: -1]
[max_depth: 5]
[min_data_in_leaf: 3]
[min_sum_hessian_in_leaf: 0.001]
[bagging_fraction: 0.85]
[pos_bagging_fraction: 1]
[neg_bagging_fraction: 1]
[bagging_freq: 1]
[bagging_seed: 400]
[bagging_by_query: 0]
[feature_fraction: 0.85]
[feature_fraction_bynode: 1]
[feature_fraction_seed: 30056]
[extra_trees: 0]
[extra_seed: 12879]
[early_stopping_round: 0]
[early_stopping_min_delta: 0]
[first_metric_only: 0]
[max_delta_step: 0]
[lambda_l1: 0]
[lambda_l2: 0]
[linear_lambda: 0]
[min_gain_to_split: 0]
[drop_rate: 0.1]
[max_drop: 50]
[skip_drop: 0.5]
[xgboost_dart_mode: 0]
[uniform_drop: 0]
[drop_seed: 17869]
[top_rate: 0.2]
[other_rate: 0.1]
[min_data_per_group: 100]
[max_cat_threshold: 32]
[cat_l2: 10]
[cat_smooth: 10]
[max_cat_to_onehot: 4]
[top_k: 20]
[monotone_constraints: ]
[monotone_constraints_method: basic]
[monotone_penalty: 0]
[feature_contri: ]
[forcedsplits_filename: ]
[refit_decay_rate: 0.9]
[cegb_tradeoff: 1]
[cegb_penalty_split: 0]
[cegb_penalty_feature_lazy: ]
[cegb_penalty_feature_coupled: ]
[path_smooth: 0]
[interaction_constraints: ]
[verbosity: -1]
[saved_feature_importance_type: 0]
[use_quantized_grad: 0]
[num_grad_quant_bins: 4]
[quant_train_renew_leaf: 0]
[stochastic_rounding: 1]
[linear_tree: 0]
[max_bin: 255]
[max_bin_by_feature: ]
[min_data_in_bin: 3]
[bin_construct_sample_cnt: 200000]
[data_random_seed: 175]
[is_enable_sparse: 1]
[enable_bundle: 1]
[use_missing: 1]
[zero_as_missing: 0]
[feature_pre_filter: 1]
[pre_partition: 0]
[two_round: 0]
[header: 0]
[label_column: ]
[weight_column: ]
[group_column: ]
[ignore_column: ]
[categorical_feature: ]
[forcedbins_filename: ]
[precise_float_parser: 0]
[parser_config_file: ]
[objective_seed: 16083]
[num_class: 1]
[is_unbalance: 0]
[scale_pos_weight: 1]
[sigmoid: 1]
[boost_from_average: 1]
[reg_sqrt: 0]
[alpha: 0.9]
[fair_c: 1]
[poisson_max_delta_step: 0.7]
[tweedie_variance_power: 1.5]
[lambdarank_truncation_level: 30]
[lambdarank_norm: 1]
[label_gain: ]
[lambdarank_position_bias_regularization: 0]
[eval_at: ]
[multi_error_top_k: 1]
[auc_mu_weights: ]
[num_machines: 1]
[local_listen_port: 12400]
[time_out: 120]
[machine_list_filename: ]
[machines: ]
[gpu_platform_id: -1]
[gpu_device_id: -1]
[gpu_use_dp: 0]
[num_gpu: 1]

end of parameters

pandas_categorical:[]
