tree
version=v4
num_class=1
num_tree_per_iteration=1
label_index=0
max_feature_idx=10
objective=regression
feature_names=total_load net_load renewable_power thermal_space_load_ratio thermal_on_capacity hour period weekday month is_weekend is_holiday
feature_infos=[22195.900000000001:43757.300000000003] [-11825.210000000003:41070.110000000001] [1144.03:36022.5] [-0.52127464982271476:0.97282505160491894] [27170:46830] [15:19] [61:80] [0:6] [2:4] [0:1] none
tree_sizes=2771 2786 2726 2772 2856 2801 2623 2777 2705 2651 2727 2680 2751 2742 2558 2714 2463 2873 2471 2505 2756 2288 2878 2674 2537

Tree=0
num_leaves=31
num_cat=0
split_feature=2 1 4 2 7 4 4 4 1 1 4 0 0 0 2 6 4 4 6 0 2 2 2 0 2 7 1 4 8 6
split_gain=3.28976e+07 1.06767e+07 8.01124e+06 1.79941e+06 3.09693e+06 4.61699e+06 2.15498e+06 863293 836360 603961 840286 566992 663104 346275 327766 324231 312240 172991 137374 133351 82011.9 69654.8 64240.2 32976.7 26358.6 13331.8 12893.3 24644.7 3126.63 2826.25
threshold=5848.0400000000009 18825.540000000005 42910.000000000007 4200.6000000000013 5.5000000000000009 44810.000000000007 44810.000000000007 36372.500000000007 23769.505000000005 12421.950000000001 36662.500000000007 38052.700000000004 39045.100000000006 38348.000000000007 7391.0250000000005 70.500000000000014 37740.000000000007 39497.500000000007 73.500000000000014 37508.450000000004 5462.8700000000008 18368.075000000004 19884.485000000004 37443.30000000001 11650.165000000003 1.5000000000000002 11382.125 37740.000000000007 2.5000000000000004 70.500000000000014
decision_type=2 2 2 2 2 2 2 2 2 2 2 2 2 2 2 2 2 2 2 2 2 2 2 2 2 2 2 2 2 2
left_child=2 9 7 4 6 -6 -4 13 16 26 22 20 -13 23 15 -10 24 -16 -18 29 -5 -12 -11 -1 -3 -21 28 -28 -2 -9
right_child=1 8 3 11 5 -7 -8 19 14 10 21 12 -14 -15 17 -17 18 -19 -20 25 -22 -23 -24 -25 -26 -27 27 -29 -30 -31
leaf_value=300.70912625369073 260.54577954850026 278.74112642980259 300.42615953819592 280.39350739353682 321.66779212690034 279.6946352962633 324.22475356207167 272.98279310441654 283.02048550637591 272.09520739940871 263.84526350341554 310.62207795017741 293.41659678197544 280.20779327130953 276.64552515230372 276.55197735970279 269.81674833908778 274.07030069191933 261.26749320722263 281.2220787131169 290.27445955650649 261.14240152458234 267.35884879804297 294.44350793849355 273.9185186680204 278.79089665513015 264.09329331030426 260.68960130283187 261.00872000369071 274.46873064502222
leaf_weight=2.9999999999999982 71 2.9999999999999991 14.999999999999998 6.9999999999999982 10.000000000000002 19 26 4.0000000000000027 26 35 67 6.9999999999999991 28 4.9999999999999991 97 76 78 199 4.9999999999999991 6.9999999999999991 3 37 8.9999999999999982 7 51 29 9.0000000000000018 12.999999999999998 75 15.999999999999998
leaf_count=3 71 3 15 7 10 19 26 4 26 35 67 7 28 5 97 76 78 199 5 7 3 37 9 7 51 29 9 13 75 16
internal_value=274.456 270.292 293.505 301.658 306.673 294.168 315.518 280.298 274.597 263.005 265.334 293.858 296.858 290.951 275.757 278.201 271.227 274.914 269.302 277.445 283.358 262.884 271.126 296.323 274.186 279.264 260.954 262.082 260.784 274.172
internal_weight=1037 851 186 115 70 29 41 71 535 316 148 45 35 15 398 102 137 296 83 56 10 104 44 10 54 36 168 22 146 20
internal_count=1037 851 186 115 70 29 41 71 535 316 148 45 35 15 398 102 137 296 83 56 10 104 44 10 54 36 168 22 146 20
is_linear=0
shrinkage=1


Tree=1
num_leaves=31
num_cat=0
split_feature=2 1 1 7 1 0 1 6 7 0 3 1 8 7 8 1 8 2 6 2 8 3 1 2 6 1 8 0 2 8
split_gain=2.93549e+07 9.49693e+06 4.42396e+06 3.73002e+06 2.34062e+06 1.75972e+06 1.75203e+06 1.58106e+06 1.09211e+06 823561 789430 700028 679940 477889 335264 324916 305740 285111 241676 172674 111233 101748 98486.6 92923.8 54777.6 41217.3 52443.8 28471.6 10843.2 4243.16
threshold=5512.9500000000016 19694.049999999999 37166.650000000001 5.5000000000000009 37938.505000000012 37606.150000000001 38093.485000000008 70.500000000000014 3.5000000000000004 39643.000000000007 0.67941011222495773 13282.235000000001 3.5000000000000004 1.5000000000000002 3.5000000000000004 36381.30000000001 2.5000000000000004 7299.8600000000015 70.500000000000014 3697.6850000000004 3.5000000000000004 0.44205582830112838 17636.370000000003 15752.315000000002 67.500000000000014 11291.910000000003 3.5000000000000004 36942.700000000004 3121.1050000000005 2.5000000000000004
decision_type=2 2 2 2 2 2 2 2 2 2 2 2 2 2 2 2 2 2 2 2 2 2 2 2 2 2 2 2 2 2
left_child=2 11 5 6 19 14 8 9 -4 -7 16 25 22 -8 27 -9 23 18 -12 -5 -19 -14 -13 -3 -18 29 -27 -1 -6 -2
right_child=1 10 3 4 28 7 13 15 -10 -11 17 12 21 -15 -16 -17 24 20 -20 -21 -22 -23 -24 -25 -26 26 -28 -29 -30 -31
leaf_value=0.66272217493790841 -13.013214191038216 -5.5276620474728677 40.736499023437489 30.297892252604129 6.257808249337331 34.759706192016594 41.695382412997155 10.034220655340897 15.34653057522244 9.2256947517395016 8.012263994344643 -11.321085147003629 -6.5678400151869827 56.797806396484361 16.636451721191406 17.669556149569427 -2.6031252977324697 0.31818179441315514 2.6236371227252633 46.16661071777343 2.6813404616187602 -1.9326108996684734 -8.0170670088599714 -13.597176361083985 -0.30172619233173986 -12.41765601116678 -8.6900891780853282 5.8070347468058268 3.5452683258056639 -12.463963219926164
leaf_weight=26.000000000000004 67 33 8.0000000000000018 3.0000000000000027 14.000000000000002 15.000000000000002 11 38 8.9999999999999982 3.9999999999999991 28 67 17 10 3.9999999999999991 22 41 186 81 4 68 39 34 3.9999999999999991 70 23 15.999999999999998 2.9999999999999991 4.9999999999999991 74
leaf_count=26 67 33 8 3 14 15 11 38 9 4 28 67 17 10 4 22 41 186 81 4 68 39 34 4 70 23 16 3 5 74
internal_value=0.17363 -3.68309 18.756 29.2427 14.6498 12.7636 39.2273 16.8143 27.2948 29.3841 0.613934 -10.1988 -7.75871 48.887 3.0666 12.8338 -2.46385 1.86879 4.00787 39.3657 0.950838 -3.33973 -10.2088 -6.40004 -1.15179 -12.327 -10.8884 1.19489 5.54398 -12.725
internal_weight=1024 848 176 64 26 112 38 79 17 19 511 337 157 21 33 60 148 363 109 7 254 56 101 37 111 180 39 29 19 141
internal_count=1024 848 176 64 26 112 38 79 17 19 511 337 157 21 33 60 148 363 109 7 254 56 101 37 111 180 39 29 19 141
is_linear=0
shrinkage=0.05


Tree=2
num_leaves=30
num_cat=0
split_feature=2 1 4 3 7 4 4 3 4 1 4 0 7 0 8 2 4 4 4 0 6 1 3 0 7 0 8 1 1
split_gain=2.47078e+07 8.7496e+06 6.32642e+06 1.62867e+06 2.70306e+06 3.26128e+06 1.11146e+06 803711 686370 423154 765779 382057 707028 345870 247966 178696 469598 98194.1 96251.4 96190.4 92374.4 59846.5 54137.8 25310.9 12093.5 8881.57 6897.53 3256.83 65.4798
threshold=5848.0400000000009 18684.650000000001 42910.000000000007 0.90268312429636988 5.5000000000000009 44810.000000000007 44810.000000000007 0.67941011222495773 36372.500000000007 12421.950000000001 36662.500000000007 42469.200000000004 5.5000000000000009 38348.000000000007 2.5000000000000004 7560.6350000000011 36372.500000000007 39052.500000000007 36372.500000000007 37508.450000000004 68.500000000000014 17636.370000000003 0.43090346252617029 37606.150000000001 1.5000000000000002 35435.200000000004 2.5000000000000004 30995.295000000009 33457.025000000009
decision_type=2 2 2 2 2 2 2 2 2 2 2 2 2 2 2 2 2 2 2 2 2 2 2 2 2 2 2 2 2
left_child=2 9 8 11 6 -6 -5 14 13 25 22 12 -4 23 17 16 -9 -3 -17 27 -16 -12 -11 -1 -21 26 -2 -10 -15
right_child=1 7 3 4 5 -7 -8 15 19 10 21 -13 -14 28 20 18 -18 -19 -20 24 -22 -23 -24 -25 -26 -27 -28 -29 -30
leaf_value=24.567601521809905 -12.329981733348273 -10.901177215576173 14.0120174407959 25.351364690607245 43.519929122924793 4.8062229493085082 44.423631958007817 18.35542106628418 -1.2991450309753407 -5.3300294518470768 -11.134201964272393 32.220763254165654 36.084956359863284 5.4849188486735025 -2.8874213469230523 2.8010629706912571 2.6783328539317597 -4.6879208564758299 0.39421631560557424 6.1043118613106868 -0.21878623552620413 -7.722924124399821 -1.748830338110847 18.942780558268225 3.7629582185011645 -9.2226393381754566 -11.677517528324337 0.27814958294232689 5.1545660654703767
leaf_weight=2.9999999999999982 73 7.9999999999999991 39 10.999999999999998 8.0000000000000018 17 25 4.9999999999999991 4.0000000000000027 15.999999999999998 90 3.9999999999999991 3.9999999999999991 2.9999999999999991 59 54 107 31 180 6.9999999999999991 72 14.999999999999998 31 6 26 2.9999999999999991 91 18 3
leaf_count=3 73 8 39 11 8 17 25 5 4 16 90 4 4 3 59 54 107 31 180 7 72 15 31 6 26 3 91 18 3
internal_value=-0.0663668 -3.67173 16.8464 24.4353 29.8249 17.1946 38.596 0.352577 5.13793 -10.1813 -8.27248 17.4402 16.0653 14.6185 -2.46262 1.73577 3.3782 -5.96243 0.949642 2.55231 -1.42069 -10.6469 -2.96796 20.8177 4.25961 -11.9186 -11.9679 -0.00863126 5.31974
internal_weight=1013 835 178 108 61 25 36 516 70 319 152 47 43 15 170 346 112 39 234 55 131 105 47 9 33 167 164 22 6
internal_count=1013 835 178 108 61 25 36 516 70 319 152 47 43 15 170 346 112 39 234 55 131 105 47 9 33 167 164 22 6
is_linear=0
shrinkage=0.05


Tree=3
num_leaves=31
num_cat=0
split_feature=2 1 4 3 7 4 4 4 1 3 4 7 7 0 4 2 4 4 4 4 4 1 4 0 0 6 7 3 6 0
split_gain=2.28071e+07 7.78657e+06 5.36914e+06 1.54568e+06 2.3594e+06 3.44213e+06 2.1402e+06 578683 556780 502328 449756 345958 326561 259527 241883 165578 211393 127133 234996 107111 96261.7 89147.6 187508 73969.8 28022.1 18305.8 10109.7 5955.16 2716.51 2714.06
threshold=5848.0400000000009 19694.049999999999 42910.000000000007 0.89467935233962004 5.5000000000000009 44810.000000000007 44810.000000000007 36372.500000000007 15435.360000000001 0.67941011222495773 37740.000000000007 4.5000000000000009 1.5000000000000002 38444.850000000006 44810.000000000007 7391.0250000000005 36372.500000000007 38752.500000000007 39295.000000000007 41515.000000000007 36372.500000000007 11291.910000000003 36662.500000000007 37508.450000000004 37443.30000000001 65.500000000000014 1.0000000180025095e-35 0.89940983052476742 70.500000000000014 30575.300000000003
decision_type=2 2 2 2 2 2 2 2 2 2 2 2 2 2 2 2 2 2 2 2 2 2 2 2 2 2 2 2 2 2
left_child=2 8 7 11 6 -6 -5 13 21 17 25 12 -4 24 -13 16 -11 26 -19 -12 -17 29 -23 28 -1 -10 -3 -25 -9 -2
right_child=1 9 3 4 5 -7 -8 23 10 15 19 14 -14 -15 -16 20 -18 18 -20 -21 -22 22 -24 27 -26 -27 -28 -29 -30 -31
leaf_value=23.339221191406256 -11.664191632393079 2.5615499734878542 17.529747425426134 22.089105181260543 41.386205037434877 4.4277712413242893 43.471892578125001 -1.2341877937316885 -4.447282829284668 14.403805351257326 -10.382927061225239 25.092750148773195 6.1875635274251302 4.9976696014404292 12.394116107622784 2.455165105056949 2.6772121764567434 -11.823707798549108 -2.337739775199251 -6.4567468583583834 0.22861934610044776 -6.1240293568578261 -10.915502932451773 3.0643307805061335 17.226704406738278 -1.1795077351729075 -0.066435445949088706 4.4510604095458985 0.20633818904558818 -11.216894296010336
leaf_weight=2.9999999999999982 78 3.9999999999999991 11 22 9.0000000000000018 21 25 4.0000000000000027 4.9999999999999991 3.9999999999999991 38 9.9999999999999982 15 5 5.9999999999999991 64 98 6.9999999999999991 97 32 201 29 69 16.000000000000004 5 30 43 14.999999999999998 18 60
leaf_count=3 78 4 11 22 9 21 25 4 5 4 38 10 15 5 6 64 98 7 97 32 201 29 69 16 5 30 43 15 18 60
internal_value=-0.0063089 -3.43591 15.9182 22.2618 26.4703 15.5153 33.4629 4.48049 -9.30316 0.426502 -6.27418 14.546 10.9862 13.9338 20.3308 1.42525 3.13708 -2.00091 -2.97622 -8.5881 0.766351 -10.6508 -9.49762 2.16175 19.5189 -1.64633 0.157223 3.73533 -0.0555756 -11.4697
internal_weight=1044 859 185 119 77 30 47 66 341 518 105 42 26 13 16 367 102 151 104 70 265 236 98 53 8 35 47 31 22 138
internal_count=1044 859 185 119 77 30 47 66 341 518 105 42 26 13 16 367 102 151 104 70 265 236 98 53 8 35 47 31 22 138
is_linear=0
shrinkage=0.05


Tree=4
num_leaves=31
num_cat=0
split_feature=2 1 1 0 7 5 7 0 3 8 0 1 8 7 8 2 6 7 0 8 2 1 8 1 6 6 0 1 2 3
split_gain=2.16878e+07 7.33209e+06 2.92119e+06 1.1857e+06 2.63044e+06 1.52386e+06 1.20841e+06 1.14476e+06 628520 539329 478259 470893 486960 361788 317618 175730 227972 159910 130622 91647.8 83043.9 78018.7 145839 59501.4 37694.6 10949.3 6352.77 2112.55 4450.64 296.617
threshold=5848.0400000000009 19694.049999999999 33739.375000000007 41396.900000000009 5.5000000000000009 17.500000000000004 4.5000000000000009 41680.400000000001 0.68906785033007545 2.5000000000000004 41680.400000000001 14898.365000000002 3.5000000000000004 1.5000000000000002 2.5000000000000004 6715.4050000000016 70.500000000000014 1.5000000000000002 38052.700000000004 3.5000000000000004 15752.315000000002 12266.150000000001 3.5000000000000004 19045.935000000005 66.500000000000014 66.500000000000014 35688.950000000004 30024.225000000002 5276.8450000000003 0.86228918605479687
decision_type=2 2 2 2 2 2 2 2 2 2 2 2 2 2 2 2 2 2 2 2 2 2 2 2 2 2 2 2 2 2
left_child=2 11 9 5 10 6 -4 -6 14 27 -5 21 23 -7 20 16 -10 29 -19 -17 -3 26 -23 -13 -16 -14 -2 -1 -29 -11
right_child=1 8 3 4 7 13 -8 -9 15 17 -12 12 25 -15 24 19 -18 18 -20 -21 -22 22 -24 -25 -26 -27 -28 28 -30 -31
leaf_value=-0.92687586148579804 -10.917055704549778 -5.0100655737519268 14.011025883601258 28.689256329006607 38.394118245442705 18.021637068854439 34.016584779487715 3.8620894829432171 9.7770007525171554 4.8152851104736305 43.462646702357702 -9.2232920646667491 -2.9050281564394638 9.6070968172766946 -2.138867482462445 0.69635715496332473 2.3390736566140102 10.865500526428221 21.034544372558596 2.8008831351105847 -12.566034317016602 -10.428396399815878 -5.1491713875218448 -5.5224240376399116 -0.25486830923151466 -1.0676325335502626 -8.5951146443684898 0.20493268590224414 2.2772438367207846 4.1864054997762032
leaf_weight=3.0000000000000027 163 40 13.000000000000002 9.0000000000000018 2.9999999999999991 18 18 11.999999999999998 13.999999999999998 5.0000000000000018 13.999999999999998 66 11.999999999999998 44 37 227 39 15.000000000000002 3.9999999999999991 67 3.9999999999999991 42 19 12.999999999999998 94 25 2.9999999999999991 19.000000000000004 2.9999999999999991 3
leaf_count=3 163 40 13 9 3 18 18 12 14 5 14 66 12 44 37 227 39 15 4 67 4 42 19 13 94 25 3 19 3 3
internal_value=-0.0015726 -3.30994 15.6364 19.6164 27.0581 16.5757 25.6272 10.7685 0.421593 5.60964 37.6818 -8.98884 -6.39724 12.05 -2.0215 1.6537 4.30381 10.5095 13.0064 1.17596 -5.69697 -10.3132 -8.78405 -8.61429 -0.78699 -1.66354 -10.8751 0.317793 0.487521 4.57946
internal_weight=1048 865 183 131 38 93 31 15 522 52 23 343 116 62 175 347 53 27 19 294 44 227 61 79 131 37 166 25 22 8
internal_count=1048 865 183 131 38 93 31 15 522 52 23 343 116 62 175 347 53 27 19 294 44 227 61 79 131 37 166 25 22 8
is_linear=0
shrinkage=0.05


Tree=5
num_leaves=31
num_cat=0
split_feature=2 3 4 4 4 4 7 3 2 2 0 3 3 4 4 8 0 2 6 4 2 4 2 0 4 0 0 2 2 6
split_gain=1.92617e+07 5.80368e+06 5.5329e+06 1.62265e+06 1.13698e+06 1.02918e+06 942349 2.08264e+06 810039 681397 566716 544833 506133 486683 453012 279576 253722 138586 133084 117865 110244 87174.8 215294 84536.5 57531.4 50940.1 30680.7 10661.4 8407.23 2101.43
threshold=5848.0400000000009 0.56555321474410936 44735.000000000007 45602.500000000007 46555.000000000007 42910.000000000007 3.5000000000000004 0.90110342426173895 5039.1300000000001 1263.7750000000003 41352.250000000007 0.46223377729250298 0.67691115359391307 36372.500000000007 36662.500000000007 2.5000000000000004 38595.450000000004 7114.505000000001 70.500000000000014 39052.500000000007 3878.0000000000005 36662.500000000007 19985.695000000003 35041.100000000006 36372.500000000007 37547.900000000009 41057.250000000007 4057.9100000000003 16465.250000000004 73.500000000000014
decision_type=2 2 2 2 2 2 2 2 2 2 2 2 2 2 2 2 2 2 2 2 2 2 2 2 2 2 2 2 2 2
left_child=2 11 5 9 27 13 7 -7 -6 -4 -11 21 15 16 29 19 -1 18 -14 -3 -8 22 -2 -16 -19 -15 -17 -5 -23 -13
right_child=1 12 3 4 8 6 20 -9 -10 10 -12 14 17 25 23 26 -18 24 -20 -21 -22 28 -24 -25 -26 -27 -28 -29 -30 -31
leaf_value=18.113499069213869 -3.1172721773386005 -10.069140572981402 11.253213214874268 3.2301642826625279 34.175189208984378 13.349580926161543 2.3897174835205068 54.606819152832031 6.6177728176116917 30.132555339071487 44.844937515258792 -1.2046622423025279 6.2056025536163997 0.03224577592766803 -8.5554629152104003 -0.98440805494177097 4.5118339538574217 2.0150779039156244 1.7523018983102614 -4.1148090197759517 9.8452779433306539 -7.7365363438924151 -9.6227289645902587 -4.9238677880980752 0.28137692639620993 3.1598603566487631 4.1488073348999022 -0.33244039217631016 -10.410855261153646 -0.40475001732508348
leaf_weight=7.9999999999999982 15.999999999999998 10.999999999999998 3.9999999999999991 7 7.9999999999999991 13.000000000000002 7.0000000000000027 3.9999999999999991 4.0000000000000009 36 7.9999999999999991 26 23 23 59 98 6 61 62 34 17 2.9999999999999991 62 22 222 30 2.9999999999999991 3 144 11.999999999999998
leaf_count=8 16 11 4 7 8 13 7 4 4 36 8 26 23 23 59 98 6 61 62 34 17 3 62 22 222 30 3 3 144 12
internal_value=-0.0602797 -3.16558 14.908 25.8576 14.613 7.81098 14.0505 23.0572 24.9894 31.0113 32.8075 -8.19225 0.198575 3.99278 -5.4561 -2.29239 12.2842 1.18684 2.95731 -5.57031 7.67074 -9.63937 -8.28828 -7.5691 0.655072 1.80259 -0.831936 2.16138 -10.3563 -0.952058
internal_weight=1036 858 178 70 22 108 41 17 12 48 44 344 514 67 119 146 14 368 85 45 24 225 78 81 283 53 101 10 147 38
internal_count=1036 858 178 70 22 108 41 17 12 48 44 344 514 67 119 146 14 368 85 45 24 225 78 81 283 53 101 10 147 38
is_linear=0
shrinkage=0.05


Tree=6
num_leaves=29
num_cat=0
split_feature=2 1 4 0 7 4 4 3 7 3 1 4 4 4 0 4 4 2 4 4 7 0 1 2 7 7 4 4
split_gain=1.38142e+07 5.20033e+06 4.0156e+06 1.63746e+06 1.57573e+06 2.9884e+06 1.5654e+06 1.24272e+06 707704 518443 357300 562301 262470 367338 295784 160266 173762 130002 221811 81471.4 62102.4 36646.8 28930.6 17877.1 10260.3 9460.58 27512.4 606.486
threshold=5848.0400000000009 19045.935000000005 44735.000000000007 41396.900000000009 5.5000000000000009 44810.000000000007 44065.000000000007 0.87044606028416383 4.5000000000000009 0.67691115359391307 12421.950000000001 36662.500000000007 36372.500000000007 42910.000000000007 38348.000000000007 38752.500000000007 39052.500000000007 6715.4050000000016 36372.500000000007 36372.500000000007 1.0000000180025095e-35 39287.700000000004 37938.505000000012 18483.220000000005 1.0000000180025095e-35 3.5000000000000004 34325.000000000007 34905.000000000007
decision_type=2 2 2 2 2 2 2 2 2 2 2 2 2 2 2 2 2 2 2 2 2 2 2 2 2 2 2 2
left_child=2 10 3 12 7 21 -5 -4 -9 15 25 23 14 -14 -1 24 -17 18 -11 -19 -13 -6 -7 -12 -3 26 -2 -27
right_child=1 9 4 6 5 22 -8 8 -10 17 11 20 13 -15 -16 16 -18 19 -20 -21 -22 -23 -24 -25 -26 27 -28 -29
leaf_value=17.336144171820742 -7.563041711554809 2.518986201286316 0.85148777167002265 50.964181518554682 30.39739151000974 -2.3896579901377333 6.7290488719940171 27.200897543770925 43.748219807942704 16.673744201660156 -1.0757245433741602 -5.451921252906323 1.8798509003823263 8.3875180448804585 4.1227151870727541 -10.410840225219728 -2.7689389665751669 2.3432833723132571 2.6508679156607773 0.32471022684712059 -8.8190832312483547 36.258819580078125 2.9890569686889652 -3.0488893672039636 -0.12114262449676577 -10.325247984666092 -9.8152698972331951 -10.027522842407228
leaf_weight=9.0000000000000018 17 3.9999999999999991 3.0000000000000027 4 4.0000000000000027 3.0000000000000027 4 14 12 2.9999999999999991 29 15.999999999999998 57 35 7.9999999999999991 7.9999999999999991 106 63 47 242 95 7.9999999999999991 14.999999999999998 19 46 26 67 50
leaf_count=9 17 4 3 4 4 3 4 14 12 3 29 16 57 35 8 8 106 63 47 242 95 8 15 19 46 26 67 50
internal_value=-0.358482 -3.03302 12.376 7.01277 23.0114 14.9776 28.8466 31.3223 34.8381 0.054967 -8.05704 -6.37842 5.41029 4.35559 11.1181 -2.27007 -3.30521 1.12907 3.49224 0.741661 -8.33373 34.305 2.0926 -1.85677 0.0900677 -9.72517 -9.35946 -10.1294
internal_weight=1014 838 176 117 59 30 8 29 26 519 319 159 109 92 17 164 114 355 50 305 111 12 18 48 50 160 84 76
internal_count=1014 838 176 117 59 30 8 29 26 519 319 159 109 92 17 164 114 355 50 305 111 12 18 48 50 160 84 76
is_linear=0
shrinkage=0.05


Tree=7
num_leaves=30
num_cat=0
split_feature=3 1 1 7 1 1 2 0 5 3 3 3 8 0 1 8 8 8 1 5 2 6 2 3 8 7 2 0 2
split_gain=1.51759e+07 5.55949e+06 2.15205e+06 2.37718e+06 1.3298e+06 969986 814260 749802 705439 613998 284769 251764 242653 289224 238362 302519 193136 164033 128529 74803.6 68943.6 57588.1 52670 52411.1 106909 16137.9 7639.65 5311.17 490.798
threshold=0.86434852800430806 18684.650000000001 37166.650000000001 5.5000000000000009 37938.505000000012 38093.485000000008 3697.6850000000004 37606.150000000001 17.500000000000004 0.67941011222495773 0.90787696335533707 0.95227948601599988 3.5000000000000004 35688.950000000004 14898.365000000002 3.5000000000000004 2.5000000000000004 2.5000000000000004 27933.510000000006 16.500000000000004 15752.315000000002 67.500000000000014 4407.3950000000013 0.36039930606048309 3.5000000000000004 1.5000000000000002 3399.2350000000006 35688.950000000004 3855.3350000000005
decision_type=2 2 2 2 2 2 2 2 2 2 2 2 2 2 2 2 2 2 2 2 2 2 2 2 2 2 2 2 2
left_child=1 14 7 5 -5 6 -4 22 10 16 -9 -7 18 -14 23 21 20 -10 -11 -18 -3 -16 28 27 -25 -17 -6 -1 -2
right_child=2 9 3 4 26 11 -8 8 17 12 -12 -13 13 -15 15 25 19 -19 -20 -21 -22 -23 -24 24 -26 -27 -28 -29 -30
leaf_value=-9.3767345514873526 -0.0042563245846674964 -4.272496888982622 10.938004055023191 34.998923492431615 3.8789771216256272 31.951979773385176 33.172486060006278 16.715785908699033 15.907305709520976 -1.0477120477042787 33.137353515625001 43.071071624755859 9.8301249528303742 2.4252535173495611 -6.6255044806748629 -4.298590389887492 -2.3981264018919322 7.0268704096476249 1.3833839807012271 -0.04879361711856392 -10.518100051879884 -9.6481798025277943 7.3135625203450516 -9.0025497651100164 -4.8835693902295567 -1.431820691956414 1.602126626968384 -7.251860300699871 0.57865301847457884
leaf_weight=149 13.000000000000005 38 10.000000000000002 4.0000000000000027 14.000000000000002 14.000000000000002 6.9999999999999991 22.000000000000004 5.9999999999999991 73 2.9999999999999991 7.9999999999999991 15.999999999999998 75 40 5.9999999999999991 64 39 213 72 4.9999999999999991 26 2.9999999999999991 50 23 27 4.9999999999999991 2.9999999999999991 4.9999999999999991
leaf_count=149 13 38 10 4 14 14 7 22 6 73 3 8 16 75 40 6 64 39 213 72 5 26 3 50 23 27 5 3 5
internal_value=-0.173302 -2.70028 14.361 21.5451 8.79617 29.0637 20.0934 9.46626 11.9522 0.333481 18.6864 35.9953 1.47839 3.72721 -7.90636 -5.86185 -2.07787 8.21093 0.762859 -1.15436 -4.99873 -7.81626 1.17993 -8.80595 -7.70479 -1.95305 3.27981 -9.3348 0.157663
internal_weight=1033 880 153 62 23 39 17 91 70 556 25 22 377 91 324 99 179 45 286 136 43 66 21 225 73 33 19 152 18
internal_count=1033 880 153 62 23 39 17 91 70 556 25 22 377 91 324 99 179 45 286 136 43 66 21 225 73 33 19 152 18
is_linear=0
shrinkage=0.05


Tree=8
num_leaves=29
num_cat=0
split_feature=3 1 4 7 4 4 4 4 1 4 2 2 8 4 4 0 2 3 4 7 3 1 0 0 4 2 8 1
split_gain=1.6118e+07 5.00275e+06 4.30056e+06 723353 2.96774e+06 1.96514e+06 1.0908e+06 929950 612718 245774 471671 242990 228052 215276 145525 120850 118357 67361.5 62658.1 59939.9 53343.5 40903.3 35846.1 28728.3 12312.9 6684.98 4568.46 423.752
threshold=0.86434852800430806 19045.935000000005 42910.000000000007 5.5000000000000009 44810.000000000007 44810.000000000007 45077.500000000007 44065.000000000007 26143.570000000003 36662.500000000007 19985.695000000003 6267.3700000000017 2.5000000000000004 36662.500000000007 44395.000000000007 35767.450000000004 11324.410000000002 0.47724217059280988 39497.500000000007 1.0000000180025095e-35 0.76576567652658345 38762.985000000008 39287.700000000004 37547.900000000009 27195.000000000004 15319.040000000003 3.5000000000000004 32398.845000000001
decision_type=2 2 2 2 2 2 2 2 2 2 2 2 2 2 2 2 2 2 2 2 2 2 2 2 2 2 2 2
left_child=1 9 13 5 22 7 -7 -4 12 10 24 14 16 -2 -10 -12 -3 25 -14 -19 -13 -6 -5 27 -1 -11 -25 -15
right_child=2 8 3 4 21 6 -8 -9 11 17 15 20 18 23 -16 -17 -18 19 -20 -21 -22 -23 -24 26 -26 -27 -28 -29
leaf_value=-4.5337192694346111 12.42148765563965 -2.3064914030413473 29.138110966152613 27.441942342122395 -2.2511137068271618 42.037920837402346 24.384110042027064 10.579392610048806 3.1839985096925183 -6.8745859146118171 -8.8311832296437238 0.37392990602978643 0.39064833298325541 -0.18034711347685914 9.1472807373319363 -0.72969512939453129 -6.7911979377269747 -3.1966510865423419 -1.7151857464623295 -7.5874286406918579 1.702735612287027 3.4018244028091433 33.607867986505681 2.2937712536917791 -1.2153571231699571 -8.945175586338916 4.0022032546997073 0.28227161494168368
leaf_weight=2.9999999999999991 4.9999999999999991 31 8.9999999999999982 2.9999999999999991 4.0000000000000027 14.999999999999998 21 27 38 3.9999999999999991 58 140 66 9.0000000000000018 13.999999999999998 4.9999999999999991 28 8.9999999999999982 76 57 164 15.999999999999998 10.999999999999998 18.000000000000004 41 153 4.9999999999999991 10.999999999999998
leaf_count=3 5 31 9 3 4 15 21 27 38 4 58 140 66 9 14 5 28 9 76 57 164 16 11 18 41 153 5 11
internal_value=0.0870531 -2.50533 15.0185 20.6411 14.6305 23.4795 31.7399 15.2191 0.384967 -7.38379 -5.41391 1.63105 -1.82202 2.60184 4.7895 -8.18821 -4.43483 -8.32898 -0.736418 -6.98869 1.09079 2.27124 32.2866 1.46002 -1.44161 -8.89242 2.66517 0.0740932
internal_weight=1041 887 154 106 34 72 36 36 557 330 107 356 201 48 52 63 59 223 142 66 304 20 14 43 44 157 23 20
internal_count=1041 887 154 106 34 72 36 36 557 330 107 356 201 48 52 63 59 223 142 66 304 20 14 43 44 157 23 20
is_linear=0
shrinkage=0.05


Tree=9
num_leaves=29
num_cat=0
split_feature=2 1 4 0 4 7 4 2 4 3 4 4 8 0 4 3 8 0 4 3 4 1 2 0 0 2 0 4
split_gain=1.22512e+07 4.02874e+06 3.80857e+06 1.51119e+06 1.12707e+06 1.0885e+06 2.98484e+06 1.53671e+06 623371 468844 348630 333230 329613 299360 148800 335382 116588 148286 90278.9 72972.4 36690.8 33736 28449.5 24849.8 21240.4 16468.2 15038.1 10873.7
threshold=6267.3700000000017 17636.370000000003 44735.000000000007 41396.900000000009 44065.000000000007 5.5000000000000009 44810.000000000007 5039.1300000000001 45077.500000000007 0.65899448354509205 36372.500000000007 44065.000000000007 2.5000000000000004 38099.55000000001 36662.500000000007 0.37348775106649673 2.5000000000000004 34763.80000000001 42277.500000000007 0.76576567652658345 39497.500000000007 37938.505000000012 12931.225000000002 35688.950000000004 39287.700000000004 19884.485000000004 39643.000000000007 42277.500000000007
decision_type=2 2 2 2 2 2 2 2 2 2 2 2 2 2 2 2 2 2 2 2 2 2 2 2 2 2 2 2
left_child=2 14 3 10 -5 7 24 8 -4 12 13 -12 18 -1 15 23 19 -18 -3 -11 -14 -8 -16 -2 -7 -17 -9 -24
right_child=1 9 5 4 -6 6 21 26 -10 16 11 -13 20 -15 22 25 17 -19 -20 -21 -22 -23 27 -25 -26 -27 -28 -29
leaf_value=16.52547714233398 -8.3073977720352925 -8.3508011792193759 40.467055442116468 45.315697479248058 9.7073198509216301 27.941590118408204 -1.9570938444137562 0.78767034610112507 25.358964877658423 -1.6075891362503172 1.5759031448183181 7.92397110488798 -0.12277103077281606 3.548963570594788 -4.1281337499618536 -1.5983094142501555 6.2378252164522809 1.0967613760243964 -3.9165019301076733 0.79132198114864172 -1.8431462351285237 2.7481398433446884 -8.6350530364934137 -3.6479845603307091 31.70460464477539 -4.4678216060002649 5.7940187891324344 -7.8269962660471597
leaf_weight=10.000000000000002 62 22 11.000000000000002 3.9999999999999982 5 5.9999999999999991 5.0000000000000027 2.9999999999999991 18 66 79 28 55 7.9999999999999991 3.9999999999999991 30 14.999999999999998 216 24 61 71 15.999999999999998 136 2.9999999999999991 9.9999999999999982 5.9999999999999991 3 60
leaf_count=10 62 22 11 4 5 6 5 3 18 66 79 28 55 8 4 30 15 216 24 61 71 16 136 3 10 6 3 60
internal_value=-0.186994 -2.89284 10.7283 5.74488 25.5333 20.0031 14.0238 26.3241 31.0896 -0.26923 4.32011 3.23708 -2.41471 10.7581 -7.51249 -5.94811 0.761558 1.4306 -6.03725 -0.455356 -1.09219 1.62785 -8.3025 -8.09235 30.2935 -2.07656 3.29084 -8.38769
internal_weight=1037 831 206 134 9 72 37 35 29 530 125 107 172 18 301 101 358 231 46 127 126 21 200 65 16 36 6 196
internal_count=1037 831 206 134 9 72 37 35 29 530 125 107 172 18 301 101 358 231 46 127 126 21 200 65 16 36 6 196
is_linear=0
shrinkage=0.05


Tree=10
num_leaves=30
num_cat=0
split_feature=2 3 1 7 1 0 6 2 2 3 3 8 1 8 3 8 0 0 8 1 7 1 8 3 6 8 0 3 7
split_gain=1.0901e+07 3.75587e+06 1.62344e+06 2.0645e+06 842000 542993 694934 560014 436043 820795 328318 300387 298599 252548 220843 209381 151960 135849 116892 98799.7 58836.8 53010.6 71945.8 40557.9 18473.6 17929.4 7261.9 6498.96 5149.89
threshold=5848.0400000000009 0.56555321474410936 37379.255000000012 5.5000000000000009 37938.505000000012 37606.150000000001 69.500000000000014 4698.1400000000012 3697.6850000000004 0.93405964484663007 0.76906736526839048 3.5000000000000004 14898.365000000002 3.5000000000000004 0.9105392959498384 2.5000000000000004 37443.30000000001 42469.200000000004 2.5000000000000004 24002.765000000003 1.5000000000000002 12266.150000000001 3.5000000000000004 0.6543671379960937 65.500000000000014 3.5000000000000004 36942.700000000004 0.92642303134321535 3.5000000000000004
decision_type=2 2 2 2 2 2 2 2 2 2 2 2 2 2 2 2 2 2 2 2 2 2 2 2 2 2 2 2 2
left_child=2 12 5 8 -5 11 7 -7 9 -4 15 26 21 20 -8 19 18 -10 -12 -3 -14 28 -23 -17 -15 -18 -1 -6 -2
right_child=1 10 3 4 27 6 14 -9 17 -11 16 -13 13 24 -16 23 25 -19 -20 -21 -22 22 -24 -25 -26 -27 -28 -29 -30
leaf_value=0.045959060995475101 -7.7005401378036824 -4.4180622311626996 8.9801965441022507 27.989611053466774 1.5392181771142135 31.840811157226565 9.4066772879147145 11.633305883407594 43.049913024902359 29.715199890136716 1.7288963350984787 13.729862518310547 -3.7413795728432504 -3.3535830630196468 2.2288758277893068 -0.7564263344650537 1.0690559634756773 30.687484741210934 7.1619717083194034 -1.2544827615061116 -6.9613692700862888 -7.4574507253925972 -3.8585743716784884 0.70048098383496882 -0.80605280995368966 3.0870522101720175 2.3542097330093386 3.4562494595845545 -8.2574070332845064
leaf_weight=23.000000000000004 93 41 7.0000000000000062 4.0000000000000027 7.0000000000000027 5.9999999999999991 61 7.9999999999999991 3.9999999999999982 14.999999999999998 18 4.9999999999999991 19 8.9999999999999982 12.999999999999998 71 133 5 22 62 56 41 21 146 34 11.999999999999998 3.9999999999999991 11.999999999999998 75
leaf_count=23 93 41 7 4 7 6 61 8 4 15 18 5 19 9 13 71 133 5 22 62 56 41 21 146 34 12 4 12 75
internal_value=-0.115621 -2.4422 11.29 18.4895 7.13948 8.05014 10.0783 20.2937 26.9105 23.1177 0.311996 2.4726 -6.43894 -4.39416 8.14571 -0.657358 1.98872 36.1819 4.71709 -2.51377 -6.14564 -7.48801 -6.23848 0.223797 -1.33926 1.23606 0.387922 2.74997 -7.94914
internal_weight=1027 853 174 54 23 120 88 14 31 22 505 32 348 118 74 320 185 9 40 103 75 230 62 217 43 145 27 19 168
internal_count=1027 853 174 54 23 120 88 14 31 22 505 32 348 118 74 320 185 9 40 103 75 230 62 217 43 145 27 19 168
is_linear=0
shrinkage=0.05


Tree=11
num_leaves=30
num_cat=0
split_feature=3 1 4 7 4 0 4 4 3 4 4 3 4 4 7 0 4 6 8 3 7 0 4 3 0 3 7 6 4
split_gain=1.02979e+07 3.949e+06 3.36207e+06 1.60233e+06 1.97317e+06 824498 787982 628114 392856 314810 459688 267309 303370 265752 258045 248191 183157 181371 164933 112344 89409.2 60660.3 52059.9 130320 39373.9 32807.8 32598 7540.91 4472.76
threshold=0.86434852800430806 20408.820000000003 44735.000000000007 5.5000000000000009 44810.000000000007 41396.900000000009 44065.000000000007 45077.500000000007 0.76246611824186494 36372.500000000007 36090.000000000007 0.46708900399059 37740.000000000007 42910.000000000007 3.5000000000000004 41680.400000000001 36662.500000000007 66.500000000000014 2.5000000000000004 0.67691115359391307 3.5000000000000004 39436.250000000007 36662.500000000007 0.37348775106649673 39287.700000000004 0.90461256425231606 2.5000000000000004 66.500000000000014 42595.000000000007
decision_type=2 2 2 2 2 2 2 2 2 2 2 2 2 2 2 2 2 2 2 2 2 2 2 2 2 2 2 2 2
left_child=1 11 5 7 24 13 -7 21 18 10 -10 22 27 16 -15 -9 -2 -11 19 -3 -14 -4 23 -1 -5 -6 -20 -13 -24
right_child=2 8 3 4 25 6 -8 15 9 17 -12 12 20 14 -16 -17 -18 -19 26 -21 -22 -23 28 -25 -26 -27 -28 -29 -30
leaf_value=-7.2633079589903362 10.534810765584311 -4.7000749476253985 28.887808736165365 23.754310607910128 -2.7686552286148043 41.249119059244784 8.8354967498779278 17.143325344721472 2.5939535649617511 5.9893567085266115 17.43534698486328 -1.9377731460332872 -4.5903864907670995 13.73898706436157 4.1626087013412931 28.127337816026479 1.3087015110999347 1.0846569559010475 0.84816342536008593 -1.0207754046735118 -7.8722563770082266 36.836883290608725 -7.7974727738471259 -2.6028285539150242 30.47115173339844 2.9292456030845644 -0.37513232030240551 -0.35873349933854998 -7.0988322257995611
leaf_weight=60 5.9999999999999991 32 2.9999999999999991 3.0000000000000027 3.0000000000000027 3 5 12.000000000000002 15 21 8 9.9999999999999982 49 12.000000000000002 17 8.9999999999999982 52 184 106 59 36 11.999999999999998 126 20 7.9999999999999991 15.999999999999998 112 31 28
leaf_count=60 6 32 3 3 3 3 5 12 15 21 8 10 49 12 17 9 52 184 106 59 36 12 126 20 8 16 112 31 28
internal_value=0.00856305 -2.0813 11.6521 20.3207 11.7865 5.62967 20.9906 27.4326 0.635024 2.20941 7.75618 -6.13315 -4.27642 4.21717 8.12525 21.8508 2.26313 1.58709 -0.526659 -2.3146 -5.98035 35.2471 -7.13292 -6.09819 28.6393 2.02958 0.219681 -0.743865 -7.67045
internal_weight=1058 897 161 66 30 95 8 36 537 228 23 360 126 87 29 21 58 205 309 91 85 15 234 80 11 19 218 41 154
internal_count=1058 897 161 66 30 95 8 36 537 228 23 360 126 87 29 21 58 205 309 91 85 15 234 80 11 19 218 41 154
is_linear=0
shrinkage=0.05


Tree=12
num_leaves=31
num_cat=0
split_feature=2 4 1 7 4 3 0 4 4 4 4 3 1 4 4 2 1 5 3 4 4 4 4 1 0 2 1 4 7 1
split_gain=9.36573e+06 3.10209e+06 3.08023e+06 1.15153e+06 2.13656e+06 687463 611679 829081 337393 259855 257251 213344 200045 282989 199057 114995 108975 92134.8 209316 69497.5 56943.8 55960.2 107084 34860 21998.1 16252.8 6328.62 29837.8 1966.74 1895.35
threshold=5848.0400000000009 44735.000000000007 19694.049999999999 5.5000000000000009 44810.000000000007 0.89135550980161715 41396.900000000009 44065.000000000007 45077.500000000007 44395.000000000007 44585.000000000007 0.65899448354509205 12266.150000000001 36662.500000000007 36372.500000000007 5039.1300000000001 37938.505000000012 15.500000000000002 0.82333140341659317 37740.000000000007 42277.500000000007 38752.500000000007 39295.000000000007 37938.505000000012 39287.700000000004 18483.220000000005 11291.910000000003 34325.000000000007 3.5000000000000004 22565.510000000002
decision_type=2 2 2 2 2 2 2 2 2 2 2 2 2 2 2 2 2 2 2 2 2 2 2 2 2 2 2 2 2 2
left_child=1 6 12 5 24 15 9 -8 -7 14 -11 21 26 25 -1 -3 -9 18 -13 -19 -15 29 -23 -6 -5 -14 28 -28 -2 -4
right_child=2 3 11 4 23 8 7 16 -10 10 -12 17 13 20 -16 -17 -18 19 -20 -21 -22 22 -24 -25 -26 -27 27 -29 -30 -31
leaf_value=8.3181072998046872 -7.0795271396636963 18.405416870117186 -0.12500749555501073 23.864986267089847 -3.3595305124918582 35.323959477742505 39.186664835611992 13.732677141825356 23.898601858956471 16.339137268066409 3.659159696102142 1.9267245348010744 -0.59574236982235951 -6.7934446778344482 1.994097117247851 6.4160803794860826 0.25583284863581252 1.9412528403475884 14.154213905334473 0.25901668200085898 -4.6208095186948777 -8.1926058088030143 -1.7225250084657926 2.4865332519306858 27.926826934814457 -2.5214815609984931 -2.9795046758651713 -7.5244934082031252 -7.4468632398332879 0.84107584953308112
leaf_weight=14.999999999999998 76 4 33 4.9999999999999991 3.0000000000000027 12 2.9999999999999982 3 14 7.9999999999999973 8 28 28 76 73 4 3 80 3.9999999999999991 264 50 6.9999999999999991 74 17 9.9999999999999982 18 5.0000000000000027 12.999999999999998 70 5.9999999999999991
leaf_count=15 76 4 33 5 3 12 3 3 14 8 8 28 28 76 73 4 3 80 4 264 50 7 74 17 10 18 5 13 70 6
internal_value=0.046641 10.3208 -2.20084 18.6745 12.3082 25.2281 5.21993 17.7251 29.1718 4.13776 9.99915 0.303129 -5.89717 -4.70587 3.07205 12.4107 6.99425 0.888952 3.45516 0.650234 -5.93129 -1.53245 -2.28167 1.60962 26.5729 -1.34929 -7.14659 -6.262 -7.25565 0.0236207
internal_weight=1014 182 832 69 35 34 113 9 26 104 16 496 336 172 88 8 6 376 32 344 126 120 81 20 15 46 164 18 146 39
internal_count=1014 182 832 69 35 34 113 9 26 104 16 496 336 172 88 8 6 376 32 344 126 120 81 20 15 46 164 18 146 39
is_linear=0
shrinkage=0.05


Tree=13
num_leaves=30
num_cat=0
split_feature=3 3 4 7 4 4 4 7 3 3 4 4 4 6 4 8 4 4 0 4 2 6 0 0 4 2 2 6 6
split_gain=7.19753e+06 2.93746e+06 1.97233e+06 389214 1.72531e+06 1.06309e+06 435647 355036 289913 246637 219812 183978 322937 169472 149067 112755 110986 62597 44691.8 39523.8 113819 31154.9 22371.7 19324.9 10729.6 8623.09 7008.59 5356.45 488.404
threshold=0.86434852800430806 0.56555321474410936 42910.000000000007 5.5000000000000009 44810.000000000007 44810.000000000007 45077.500000000007 3.5000000000000004 0.76246611824186494 0.46223377729250298 37740.000000000007 36372.500000000007 36090.000000000007 65.500000000000014 36662.500000000007 2.5000000000000004 39052.500000000007 39052.500000000007 40975.000000000007 36662.500000000007 19985.695000000003 70.500000000000014 39287.700000000004 37547.900000000009 42412.500000000007 4603.3750000000009 16284.860000000002 65.500000000000014 71.500000000000014
decision_type=2 2 2 2 2 2 2 2 2 2 2 2 2 2 2 2 2 2 2 2 2 2 2 2 2 2 2 2 2
left_child=1 9 14 5 22 7 -7 -4 15 19 27 12 -10 -13 25 16 -3 -12 -17 20 -1 -6 -5 28 -25 -2 -21 -11 -16
right_child=2 8 3 4 21 6 -8 -9 11 10 17 13 -14 -15 23 18 -18 -19 -20 26 -22 -23 -24 24 -26 -27 -28 -29 -30
leaf_value=-1.937155187272412 11.496006774902344 -5.0626740325580952 16.505666290198764 21.373345438639323 -3.1915540695190394 31.515177778764198 18.745040960872874 6.3296141514927156 2.2075268779482156 -2.0122279558862961 -7.6390108680725097 5.701328859329224 16.072038650512695 0.84839313939147409 -0.69428871472676512 -0.093581081026692714 -1.0683062363371074 -4.409021856586139 2.9278711759127103 -4.5514916419982914 -6.5718655798832577 2.2913057653527509 26.35906982421875 3.0760228487161481 1.1678147442200604 7.7049896558125797 -6.9929056820804121 -0.49709710419178016 0.0087179481983184811
leaf_weight=17 2.9999999999999991 22 14.999999999999998 2.9999999999999991 3.0000000000000027 11.000000000000002 17 20 14.000000000000002 6.9999999999999991 20 20 5.9999999999999991 179 3.0000000000000027 209 83 60 12.999999999999998 2.9999999999999991 60 19 8.9999999999999982 13.000000000000002 17 3 146 35 13.999999999999998
leaf_count=17 3 22 15 3 3 11 17 20 14 7 20 20 6 179 3 209 83 60 13 3 60 19 9 13 17 3 146 35 14
internal_value=-0.199886 -1.90043 9.93537 14.1734 9.86211 16.5002 23.7619 10.6908 0.387696 -5.49042 -3.67873 1.79556 6.36688 1.33613 2.17893 -0.555182 -1.90522 -5.21652 0.0833508 -6.46842 -5.54862 1.54364 25.1126 1.2315 1.9947 9.6005 -6.94375 -0.749619 -0.115342
internal_weight=1044 894 150 97 34 63 28 35 546 348 122 219 20 199 53 327 105 80 222 226 77 22 12 47 30 6 149 42 17
internal_count=1044 894 150 97 34 63 28 35 546 348 122 219 20 199 53 327 105 80 222 226 77 22 12 47 30 6 149 42 17
is_linear=0
shrinkage=0.05


Tree=14
num_leaves=28
num_cat=0
split_feature=2 4 1 4 7 3 0 4 1 8 7 4 7 4 2 0 3 4 4 8 0 3 0 0 0 2 4
split_gain=7.99433e+06 2.47496e+06 2.43034e+06 635875 1.96792e+06 875873 622983 598476 315958 189695 174707 331866 84631.1 77813.5 209876 73593.5 71860.5 106427 49927.7 39578.9 30438.1 28178.6 18912.3 12150.2 14468.4 12102.5 9574.12
threshold=6267.3700000000017 44735.000000000007 17636.370000000003 44810.000000000007 5.5000000000000009 0.86679055522935655 41448.650000000001 44065.000000000007 24211.150000000005 2.5000000000000004 2.5000000000000004 44395.000000000007 4.5000000000000009 36662.500000000007 19985.695000000003 35767.450000000004 0.76246611824186494 36372.500000000007 39497.500000000007 2.5000000000000004 36942.700000000004 0.56135143871521587 40792.350000000013 41396.900000000009 39287.700000000004 17781.405000000002 27195.000000000004
decision_type=2 2 2 2 2 2 2 2 2 2 2 2 2 2 2 2 2 2 2 2 2 2 2 2 2 2 2
left_child=1 6 13 23 5 -5 10 -8 9 12 11 -1 -4 14 26 -16 19 -18 -11 -10 -12 25 -6 24 -3 -15 -2
right_child=2 3 8 4 22 -7 7 -9 16 18 20 -13 -14 21 15 -17 17 -19 -20 -21 -22 -23 -24 -25 -26 -27 -28
leaf_value=4.0135166319589768 -3.9698630491892453 23.416692352294909 -3.2223168722013149 -1.1460050463676452 -2.1627444903055801 23.714716437555129 35.90847676595051 7.6601446551084509 -1.1584201151574101 0.11558470097871927 -0.59289824689428017 13.425927248868076 -7.7248856272016262 -5.8273366103370519 -6.7159905855772921 0.28487150669097899 5.9438497265179961 1.0562352061848486 -1.9024221672066326 0.4382526529332002 2.2867582865250418 -1.5914978345235191 2.1252517183621724 21.766322326660159 26.664746856689455 -6.7102496811439254 -0.99778159835508884
leaf_weight=63 3.0000000000000027 6.0000000000000027 41 3.9999999999999991 3.0000000000000027 31 3 5 54 65 11.999999999999998 10.999999999999998 13.999999999999998 53 61 3.9999999999999991 11.999999999999998 155 58 138 39 2.9999999999999991 18 2.9999999999999991 7.9999999999999991 145 28
leaf_count=63 3 6 41 4 3 31 3 5 54 65 12 11 14 53 61 4 12 155 58 138 39 3 18 3 8 145 28
internal_value=-0.0336824 8.78683 -2.21237 16.1843 13.6132 20.8735 4.72655 18.2533 -0.205073 -1.92748 3.86084 5.41266 -4.36843 -5.84173 -4.67066 -6.28517 0.648933 1.40744 -0.835996 -0.0108116 1.60919 -6.40104 1.51268 24.6539 25.2727 -6.47391 -1.2854
internal_weight=1040 206 834 73 56 35 133 8 537 178 125 74 55 297 96 65 359 167 123 192 51 201 21 17 14 198 31
internal_count=1040 206 834 73 56 35 133 8 537 178 125 74 55 297 96 65 359 167 123 192 51 201 21 17 14 198 31
is_linear=0
shrinkage=0.05


Tree=15
num_leaves=30
num_cat=0
split_feature=2 1 4 0 4 7 4 2 4 1 7 4 8 4 2 7 0 0 6 6 0 6 3 4 1 4 2 0 2
split_gain=7.27394e+06 2.30276e+06 1.7272e+06 794204 667249 647773 1.56602e+06 1.04804e+06 286523 229398 165182 275946 136369 126634 249470 84311.8 83343 83040.7 67609.5 63134.1 61962.6 36043 31794.4 45519.5 26597.8 22381.8 9529.99 8928.99 6591.39
threshold=5848.0400000000009 19045.935000000005 44735.000000000007 41396.900000000009 44065.000000000007 5.5000000000000009 44810.000000000007 5039.1300000000001 45077.500000000007 24211.150000000005 2.5000000000000004 44395.000000000007 2.5000000000000004 36662.500000000007 19985.695000000003 2.5000000000000004 35767.450000000004 35167.350000000006 69.500000000000014 63.500000000000007 34383.30000000001 72.500000000000014 0.47023314781679099 42277.500000000007 38400.335000000006 39497.500000000007 15319.040000000003 39287.700000000004 19610.415000000005
decision_type=2 2 2 2 2 2 2 2 2 2 2 2 2 2 2 2 2 2 2 2 2 2 2 2 2 2 2 2 2
left_child=2 13 3 10 -5 7 27 8 -4 12 11 -1 20 14 28 17 -16 -11 -9 -17 -3 -12 26 -24 -8 -14 -15 -7 -2
right_child=1 9 5 4 -6 6 24 18 -10 15 21 -13 25 22 16 19 -18 -19 -20 -21 -22 -23 23 -25 -26 -27 -28 -29 -30
leaf_value=4.1849370602766678 -0.53345121230397907 -2.1929696711626923 28.944998768397735 34.653607940673837 7.2555235767364499 21.671081161499025 -2.9953057289123501 -2.0276015877723697 19.285769787956689 5.1108246246973676 3.682869665026665 13.775667487250434 0.1918282831201748 -3.4811781565348308 -6.3544089794158936 3.4203515823070818 0.38296217441558844 1.2353026864034209 7.9020088672637918 -0.18837893951122323 -6.0909414241188458 0.68107921044031783 -5.8832494392991066 -3.2163369695345558 2.1111831177245168 -1.3272676415275784 -6.3276913133827417 24.510253058539497 -2.1242449402809145
leaf_weight=45 35 22 14.000000000000002 3.9999999999999982 5 3.9999999999999991 3.0000000000000027 3.9999999999999991 17 14.999999999999998 14.999999999999998 8.9999999999999982 49 2.9999999999999991 56 12.999999999999998 4.9999999999999991 176 3 179 19 30 48 24 17 48 148 8.9999999999999982 7.9999999999999991
leaf_count=45 35 22 14 4 5 4 3 4 17 15 15 9 49 3 56 13 5 176 3 179 19 30 48 24 17 48 148 9 8
internal_value=0.035196 -1.8981 9.19405 5.21177 19.4324 15.2516 10.1267 19.7022 23.648 0.1661 3.91898 5.78339 -1.58176 -5.18693 -3.74612 0.795876 -5.80217 1.53966 2.22795 0.0559622 -3.99935 1.68168 -5.85888 -4.99428 1.34521 -0.559889 -6.27114 23.6367 -0.829413
internal_weight=1027 848 179 108 9 71 33 38 31 521 99 54 138 327 104 383 61 191 7 192 41 45 223 72 20 97 151 13 43
internal_count=1027 848 179 108 9 71 33 38 31 521 99 54 138 327 104 383 61 191 7 192 41 45 223 72 20 97 151 13 43
is_linear=0
shrinkage=0.05


Tree=16
num_leaves=28
num_cat=0
split_feature=3 3 4 0 0 3 7 7 4 4 4 8 4 3 4 6 3 3 4 4 0 7 2 4 3 3 0
split_gain=7.00876e+06 2.31218e+06 1.9996e+06 319008 620736 307506 273369 217224 214544 370927 164884 120677 114692 212167 106410 79190.7 62712.7 37233.4 49576.1 36412.4 14208.5 13106.2 10115.2 9359.96 6287.75 2426.86 283.996
threshold=0.86434852800430806 0.54962443640018088 42910.000000000007 38686.150000000001 40111.05000000001 0.76246611824186494 3.5000000000000004 1.5000000000000002 36372.500000000007 36090.000000000007 36662.500000000007 2.5000000000000004 36662.500000000007 0.37348775106649673 39052.500000000007 66.500000000000014 0.87568640619980054 0.47023314781679099 42277.500000000007 36372.500000000007 37547.900000000009 3.5000000000000004 4603.3750000000009 27195.000000000004 0.89940983052476742 0.43707829933410552 35640.05000000001
decision_type=2 2 2 2 2 2 2 2 2 2 2 2 2 2 2 2 2 2 2 2 2 2 2 2 2 2 2
left_child=1 12 10 16 7 11 -6 -5 9 -7 22 14 13 21 -3 -10 -4 25 -19 -13 26 -1 -2 -15 -22 -14 -12
right_child=2 5 3 4 6 8 -8 -9 15 -11 20 19 17 23 -16 -17 -18 18 -20 -21 24 -23 -24 -25 -26 -27 -28
leaf_value=-4.7306095296686346 10.75056438446045 -4.8334394245147712 9.4300813674926758 13.475157165527333 16.779595326582591 1.7244729439417519 10.617782502174379 26.799521519587593 3.8339514622321498 15.05623378753662 -0.6156341865658761 0.86239969162053842 -5.980485324298634 -3.7446974118550624 -1.1225544976486881 0.87441273964295496 -0.13318101167678831 -5.9934069707989694 -3.187838959693909 -0.4412727214396 0.56342166553844086 -6.3061190287272133 6.9098175048828114 -0.85383174550675212 2.0976002496831558 -6.5837556537828945 -0.17954289785453251
leaf_weight=22 3.9999999999999991 25 2.9999999999999991 4.0000000000000027 30 15 45 12.999999999999998 26 8 7.9999999999999982 86 136 2.9999999999999991 85 173 4 32 31 142 11.000000000000002 33 3 42 17 19 7
leaf_count=22 4 25 3 4 30 15 45 13 26 8 8 86 136 3 85 173 4 32 31 142 11 33 3 42 17 19 7
internal_value=0.111833 -1.58974 10.1386 14.2549 15.0379 0.343796 13.0825 23.6644 1.78952 6.36161 1.98813 -0.605762 -4.99472 -3.5927 -1.96594 1.26109 3.96536 -5.63784 -4.61289 0.0504634 0.82965 -5.67592 9.10453 -1.04656 1.49489 -6.05443 -0.412125
internal_weight=1027 878 149 99 92 560 75 17 222 23 50 338 318 100 110 199 7 218 63 228 43 55 7 45 28 155 15
internal_count=1027 878 149 99 92 560 75 17 222 23 50 338 318 100 110 199 7 218 63 228 43 55 7 45 28 155 15
is_linear=0
shrinkage=0.05


Tree=17
num_leaves=31
num_cat=0
split_feature=2 1 4 3 7 8 0 7 3 4 8 0 2 6 7 4 1 2 4 6 3 0 0 4 1 4 4 0 8 0
split_gain=6.10603e+06 1.96052e+06 1.74411e+06 413550 367965 833379 525125 361496 262416 192373 131431 128840 96642.1 90857.6 204181 73144.1 70934.9 46480.4 116537 24804.9 24770.8 21901.4 18667 43607.4 18637.4 15584.6 8071.61 5879.06 4498.08 192.488
threshold=5848.0400000000009 17636.370000000003 42910.000000000007 0.88145586859662395 3.5000000000000004 2.5000000000000004 41396.900000000009 5.5000000000000009 0.67941011222495773 36372.500000000007 2.5000000000000004 38444.850000000006 15674.830000000002 64.500000000000014 5.5000000000000009 39497.500000000007 33368.290000000008 19280.790000000005 36662.500000000007 68.500000000000014 0.56135143871521587 37443.30000000001 35167.350000000006 32370.000000000004 35070.865000000013 28185.000000000004 42412.500000000007 34109.150000000009 3.5000000000000004 38790.30000000001
decision_type=2 2 2 2 2 2 2 2 2 2 2 2 2 2 2 2 2 2 2 2 2 2 2 2 2 2 2 2 2 2
left_child=2 17 9 7 6 -6 -5 16 10 11 12 21 -3 14 -10 -15 -4 18 25 -12 -20 -1 27 -24 28 -2 -26 -19 -11 -13
right_child=1 8 3 4 5 -7 -8 -9 13 24 19 29 -14 15 -16 -17 -18 22 20 -21 -22 -23 23 -25 26 -27 -28 -29 -30 -31
leaf_value=14.685849761962897 -4.2930841128031361 -2.4639376842457317 0.06891936957836145 12.747922771855402 3.1480428535313836 15.396619856939083 26.108177820841476 20.165336227416994 1.2045896790093844 -0.49068919454629595 -1.2622669482231141 1.332664092381795 -7.8872970962524427 1.7256524478076796 11.85513304869334 0.12666751494935644 5.9709594862801687 -5.5807543464054339 -5.1767342283612212 0.042279078458484852 -0.55292838414510093 9.2819691467285139 -0.87247251442500484 -5.7673766502967254 2.6114815495230927 -0.41522154933527899 0.80156060329505385 -6.6518133708408902 1.3103676557540895 1.8990674972534174
leaf_weight=2.9999999999999982 3.0000000000000027 46 8.0000000000000053 19.000000000000004 21 41 11.999999999999998 3.9999999999999991 18.000000000000004 26.000000000000004 70 3 9.9999999999999982 109 5.9999999999999991 208 13.999999999999998 151 84 76 2.9999999999999991 5 7.0000000000000027 12.999999999999998 11.000000000000002 19 13.999999999999998 13.999999999999998 3.9999999999999991 3
leaf_count=3 3 46 8 19 21 41 12 4 18 26 70 3 10 109 6 208 14 151 84 76 3 5 7 13 11 19 14 14 4 3
internal_value=0.103415 -1.72554 8.24617 11.9133 13.4718 11.2479 17.9196 6.3387 0.0550585 1.92166 -1.37307 7.15447 -3.43239 0.901045 3.86723 0.676476 3.82476 -5.0142 -4.19516 -0.583188 -5.01729 11.3084 -5.49677 -4.05416 0.589667 -0.944021 1.59793 -5.67163 -0.250548 1.61587
internal_weight=1025 837 188 119 93 62 31 26 543 69 202 14 56 341 24 317 22 294 109 146 87 8 185 20 55 22 25 165 30 6
internal_count=1025 837 188 119 93 62 31 26 543 69 202 14 56 341 24 317 22 294 109 146 87 8 185 20 55 22 25 165 30 6
is_linear=0
shrinkage=0.05


Tree=18
num_leaves=27
num_cat=0
split_feature=3 1 4 3 4 8 1 6 0 4 8 2 4 4 2 0 5 4 4 3 0 4 3 0 2 0
split_gain=5.48092e+06 1.93635e+06 1.52615e+06 354008 814761 806573 272237 196579 173419 152873 148728 130403 114805 66480.4 129252 64763.7 52559 49321.3 26695 20986 16202.9 8861.81 8588.08 8494.69 5894.84 759.591
threshold=0.86434852800430806 17636.370000000003 42910.000000000007 0.90110342426173895 44065.000000000007 2.5000000000000004 22811.605000000007 67.500000000000014 38595.450000000004 36662.500000000007 2.5000000000000004 6715.4050000000016 36372.500000000007 36662.500000000007 19985.695000000003 35767.450000000004 17.500000000000004 39497.500000000007 39497.500000000007 0.56135143871521587 38227.700000000004 28185.000000000004 0.89940983052476742 38010.500000000007 15880.780000000002 35640.05000000001
decision_type=2 2 2 2 2 2 2 2 2 2 2 2 2 2 2 2 2 2 2 2 2 2 2 2 2 2
left_child=1 13 9 7 -5 -6 10 -4 -9 23 16 12 -8 14 21 -16 -3 -13 -12 24 25 -1 -22 -2 -15 -11
right_child=2 6 3 4 5 -7 11 8 -10 20 18 17 -14 19 15 -17 -18 -19 -20 -21 22 -23 -24 -25 -26 -27
leaf_value=-3.2253897666931124 9.4758789062499993 -3.0444482731723017 18.957748413085938 33.879728393554693 4.6945784896612173 17.044679060349097 6.9173554823948793 -0.48045944770177207 8.8580600459000163 -0.6235629265958611 0.084630890025032893 1.2578022931868744 1.7766749685912424 -4.5754019260406498 -5.3914633141189334 0.52766483068466197 -6.832075383112981 -0.00095239118417250182 -1.6320797538145997 -1.1339861869812011 0.48696641434322691 -0.70364976392851941 2.32630908648173 6.1104290564854926 -5.4432317830748476 -0.0041826109919283127
leaf_weight=4.0000000000000027 5 31 3.9999999999999991 4.9999999999999991 20 39 12.999999999999998 5.9999999999999991 29 11.000000000000002 54 112 66 22 61 4.9999999999999991 12.999999999999998 255 39 2.9999999999999991 11.000000000000002 27 14.999999999999998 3 177 8.9999999999999982
leaf_count=4 5 31 4 5 20 39 13 6 29 11 54 112 66 22 61 5 13 255 39 3 11 27 15 3 177 9
internal_value=0.0354352 -1.49673 8.64286 12.2123 14.5005 12.8582 0.181031 8.45723 7.25717 1.83454 -1.76844 0.779859 2.62261 -4.76807 -3.69218 -4.94304 -4.16352 0.383191 -0.63528 -5.28472 0.725096 -1.02904 1.54813 8.21384 -5.34729 -0.344842
internal_weight=1039 882 157 103 64 59 583 39 35 54 137 446 79 299 97 66 44 367 93 202 46 31 26 8 199 20
internal_count=1039 882 157 103 64 59 583 39 35 54 137 446 79 299 97 66 44 367 93 202 46 31 26 8 199 20
is_linear=0
shrinkage=0.05


Tree=19
num_leaves=28
num_cat=0
split_feature=2 4 1 0 4 4 3 0 4 4 4 4 2 3 8 1 0 4 3 6 0 4 1 0 0 2 3
split_gain=4.32826e+06 1.8154e+06 1.41185e+06 519677 589906 389900 320563 280675 172864 192844 138460 134448 235579 116367 86246 84863.8 61161.7 58999.4 50285.2 43345.5 93193.7 39892.5 30636.4 15616.9 14163.6 10588.9 8151.94
threshold=6267.3700000000017 44735.000000000007 20408.820000000003 41396.900000000009 44065.000000000007 44810.000000000007 0.87044606028416383 40111.05000000001 36372.500000000007 36090.000000000007 44395.000000000007 37740.000000000007 19985.695000000003 0.67941011222495773 2.5000000000000004 37938.505000000012 35767.450000000004 42195.000000000007 0.64681773612252513 66.500000000000014 37178.100000000006 42277.500000000007 26733.540000000005 40792.350000000013 41057.250000000007 4101.6400000000003 0.4030412137431017
decision_type=2 2 2 2 2 2 2 2 2 2 2 2 2 2 2 2 2 2 2 2 2 2 2 2 2 2 2
left_child=1 3 11 8 -5 23 -7 -8 9 -1 -10 12 26 14 17 -6 -14 -4 21 20 -15 -13 -21 25 -16 -3 -2
right_child=2 5 13 4 15 6 7 -9 10 -11 -12 18 16 19 24 -17 -18 -19 -20 22 -22 -23 -24 -25 -26 -27 -28
leaf_value=1.1486433796584605 1.5781311750411988 24.748298645019542 -6.0075911362965906 29.082553100585944 10.240156459808347 -0.68136696338653568 21.171335315704347 10.912048009037973 0.75021986895230386 11.563772735595702 5.0294995923837034 -5.3056536888423036 -5.2473746530471317 5.1144071418792016 -0.42816638325390066 -1.6526866912841793 0.50128158569335945 -1.7691305573170002 1.7040401776631673 -0.57828724470374915 -0.1301230549812317 -3.9220574917616666 0.69916233406591477 18.837754821777342 2.6090954303741456 20.990829162597652 -0.75074581280350694
leaf_weight=8 3.9999999999999991 2.9999999999999982 11.999999999999998 3.9999999999999982 3 4.9999999999999991 7.9999999999999991 40 89 10 24 146 62 15.999999999999998 95 3 4.9999999999999991 26 2.9999999999999991 58 18 81 246 5 3.9999999999999991 5 62
leaf_count=8 4 3 12 4 3 5 8 40 89 10 24 146 62 16 95 3 5 26 3 58 18 81 246 5 4 5 62
internal_value=-0.048249 6.42623 -1.64755 3.22267 14.2093 13.2702 11.3669 12.6219 2.384 6.93483 1.65909 -3.99522 -2.72981 0.146555 -1.08269 4.29373 -4.81837 -3.10759 -4.72696 0.644798 2.33789 -4.81195 0.455438 21.0298 -0.305449 22.3999 -0.609602
internal_weight=1045 207 838 141 10 66 53 48 131 18 113 363 133 475 137 6 67 38 230 338 34 227 304 13 99 8 66
internal_count=1045 207 838 141 10 66 53 48 131 18 113 363 133 475 137 6 67 38 230 338 34 227 304 13 99 8 66
is_linear=0
shrinkage=0.05


Tree=20
num_leaves=30
num_cat=0
split_feature=3 3 4 7 4 4 4 4 3 3 4 4 6 7 4 8 4 7 7 4 2 0 3 0 2 2 4 6 0
split_gain=3.96727e+06 1.42804e+06 1.11334e+06 313835 985527 742965 539507 458743 130709 118930 113856 110399 61008.8 325770 62423.5 56161.4 86267.2 46866.8 26736.7 14433.4 41229.6 14092.3 12124.8 11814.2 7540.53 4442.63 4197.67 3706.81 533.336
threshold=0.86434852800430806 0.56555321474410936 42910.000000000007 5.5000000000000009 44810.000000000007 44810.000000000007 44065.000000000007 45077.500000000007 0.75885252990579877 0.46223377729250298 37740.000000000007 36662.500000000007 66.500000000000014 5.5000000000000009 39715.000000000007 2.5000000000000004 39052.500000000007 1.5000000000000002 2.5000000000000004 36662.500000000007 19985.695000000003 38227.700000000004 0.90917692819455087 39287.700000000004 4603.3750000000009 17505.510000000006 42595.000000000007 74.500000000000014 36336.900000000009
decision_type=2 2 2 2 2 2 2 2 2 2 2 2 2 2 2 2 2 2 2 2 2 2 2 2 2 2 2 2 2
left_child=1 9 11 5 23 6 -4 -7 15 19 25 24 13 -10 -14 16 -3 -12 -17 20 -1 28 -6 -5 -2 -11 -21 -23 -13
right_child=2 8 3 4 22 7 -8 -9 12 10 17 21 14 -15 -16 18 -18 -19 -20 26 -22 27 -24 -25 -26 -27 -28 -29 -30
leaf_value=-1.3442663302024207 8.7265237808227543 -4.3168940803834372 18.909476810693743 14.859121195475261 -3.0105557918548556 25.055633720984829 4.2430075744102744 12.866266230532998 0.48557502721485329 -0.20917133056756221 -1.6920142796777544 -0.58626519625003504 2.2173987714867844 14.829539160728457 0.27182783619469447 0.56465547299385077 -0.70154038675419705 -4.4364931480089824 -0.56994731615952865 -4.9973028888852582 -4.5503920699729292 0.36927938205855215 0.067188134789466863 18.482232496473525 5.4104100942611684 -1.6882445454597474 -4.3107864874380608 1.7152367591857911 -0.067389384657144544
leaf_weight=11.999999999999998 3.9999999999999991 21 7.9999999999999991 2.9999999999999991 4.0000000000000027 12.999999999999998 29 19 19.000000000000004 33 21 13.000000000000002 57 4.9999999999999991 149 100 77 60 108 127 61 7.0000000000000027 15.999999999999998 8.9999999999999982 3 5.9999999999999991 27 19 7.9999999999999991
leaf_count=12 4 21 8 3 4 13 29 19 19 33 21 13 57 5 149 100 77 60 108 127 61 7 16 9 3 6 27 19 8
internal_value=-0.135256 -1.43035 7.24262 10.3411 6.24845 12.2392 7.41414 17.8182 0.18751 -3.92942 -2.65628 1.44724 1.08812 3.4739 0.810165 -0.489419 -1.47626 -3.72496 -0.0244652 -4.60244 -4.02336 0.574764 -0.548361 17.5765 7.30533 -0.436721 -4.87694 1.35286 -0.388598
internal_weight=1038 883 155 101 32 69 37 32 536 347 120 54 230 24 206 306 98 81 208 227 73 47 20 12 7 39 154 26 21
internal_count=1038 883 155 101 32 69 37 32 536 347 120 54 230 24 206 306 98 81 208 227 73 47 20 12 7 39 154 26 21
is_linear=0
shrinkage=0.05


Tree=21
num_leaves=26
num_cat=0
split_feature=1 1 4 2 0 7 4 1 7 1 4 4 4 1 4 4 3 7 2 0 2 4 2 1 1
split_gain=4.13236e+06 1.60305e+06 597934 304156 286259 218697 763084 648119 210852 205257 198183 222841 209516 93599 105205 66809.3 62413.2 57514.4 32748.3 22697.5 10643.8 4643.05 2889.07 1634.64 813.547
threshold=35794.840000000004 19694.049999999999 42910.000000000007 7299.8600000000015 40345.55000000001 5.5000000000000009 44810.000000000007 38157.900000000001 1.5000000000000002 36381.30000000001 36372.500000000007 44065.000000000007 36090.000000000007 14105.765000000001 36662.500000000007 42277.500000000007 0.65899448354509205 2.5000000000000004 16677.845000000005 35767.450000000004 19985.695000000003 40910.000000000007 2940.4000000000001 16931.870000000006 37166.650000000001
decision_type=2 2 2 2 2 2 2 2 2 2 2 2 2 2 2 2 2 2 2 2 2 2 2 2 2
left_child=1 13 21 10 8 7 -7 -6 -4 -10 12 -12 -3 19 23 -16 18 -18 -5 20 -1 -2 -23 -15 -24
right_child=2 3 4 16 5 6 -8 -9 9 -11 11 -13 -14 14 15 -17 17 -19 -20 -21 -22 22 24 -25 -26
leaf_value=-3.7660218325754009 3.227416865030921 0.920347742239634 9.8392919540405313 -0.97094722906440767 7.5824854423259866 17.949627939860022 -0.46635508775711054 19.463189938193874 14.34336725870768 31.644628906249995 0.2893770879711956 4.1850431542972037 10.844585037231445 -0.77551287606358532 -4.5512133901236487 -1.8803640359326412 0.89068916586279134 -0.50757864506553807 -6.263848813374838 -0.61259782314300537 -4.6187550111250451 2.2233623743057254 0.91751775145530723 -0.12789111290323107 -0.047981897989908845
leaf_weight=48 3.0000000000000027 9 3.9999999999999982 113 29 9 15 19 3 4 100 58 13 20 61 38 163 134 2.9999999999999991 3.9999999999999991 154 3.9999999999999991 7.9999999999999982 19 3
leaf_count=48 3 9 4 113 29 9 15 19 3 4 100 58 13 20 61 38 163 134 3 4 154 4 8 19 3
internal_value=0.0838604 -0.951905 9.69289 0.623257 11.4845 10.3367 6.43964 12.2853 18.9969 24.2298 2.33852 1.71943 6.78467 -3.66723 -2.65955 -3.52604 -0.124314 0.259821 -1.10783 -4.34227 -4.41613 1.43177 1.07264 -0.460005 0.6542
internal_weight=1038 937 101 593 83 72 24 48 11 7 180 158 22 344 138 99 413 297 116 206 202 18 15 39 11
internal_count=1038 937 101 593 83 72 24 48 11 7 180 158 22 344 138 99 413 297 116 206 202 18 15 39 11
is_linear=0
shrinkage=0.05


Tree=22
num_leaves=31
num_cat=0
split_feature=2 1 4 7 4 3 4 7 1 4 3 8 4 2 4 4 1 4 2 1 1 1 5 6 1 8 7 1 3 6
split_gain=3.20568e+06 1.12657e+06 1.05109e+06 506426 1.12064e+06 780692 354795 231404 607392 180572 127918 88867.8 83592 80230.3 50243.2 223856 69335.9 29426.4 86810.4 23019.9 21719.8 21267.2 86207.2 19661.8 14524.5 13220.5 12964.3 10532.2 22571.6 5643.23
threshold=6267.3700000000017 17636.370000000003 44735.000000000007 5.5000000000000009 44810.000000000007 0.89135550980161715 45077.500000000007 2.5000000000000004 37379.255000000012 44395.000000000007 0.65899448354509205 2.5000000000000004 42277.500000000007 5039.1300000000001 36372.500000000007 36090.000000000007 27317.550000000007 36662.500000000007 19985.695000000003 32971.295000000006 37938.505000000012 35070.865000000013 17.500000000000004 67.500000000000014 13953.320000000003 3.5000000000000004 5.5000000000000009 16586.990000000002 0.56135143871521587 66.500000000000014
decision_type=2 2 2 2 2 2 2 2 2 2 2 2 2 2 2 2 2 2 2 2 2 2 2 2 2 2 2 2 2 2
left_child=2 17 7 5 19 13 -7 8 9 -1 11 12 -3 -4 15 -12 -16 18 26 -5 -6 25 -23 -13 -20 -9 -2 28 -19 -29
right_child=1 10 3 4 20 6 -8 21 -10 -11 14 23 -14 -15 16 -17 -18 27 24 -21 -22 22 -24 -25 -26 -27 -28 29 -30 -31
leaf_value=2.8626075055450202 -0.39965201972619346 -5.4359059651692716 9.1929556528727243 21.488077290852868 -4.2022869288921321 25.623821189186785 14.099460826200598 -0.85867839486648634 26.788425191243491 10.087333769798279 0.53187725293849197 -1.2881470341092851 -1.0727062722911007 -0.58008465085710792 -1.0080884977159175 9.0275079939100475 0.65146309355467702 -4.2383512333638409 -4.4431133569297145 16.494257659912108 -0.12901611063215468 7.5024022293090828 0.35497199876440899 0.021639355606790905 -1.3297144025564194 2.2461451530456542 -3.0094365226725741 -6.2145105361938455 0.13610156377156576 -4.5347435832023626
leaf_weight=64 23.000000000000004 21 2.9999999999999982 2.9999999999999991 4.0000000000000027 11.000000000000002 17 24.000000000000004 2.9999999999999991 9.9999999999999982 56 49 23 7 88 8.9999999999999982 221 173 59 9.9999999999999982 18 4.9999999999999991 27 69 3.9999999999999991 3.9999999999999991 5.9999999999999991 10.000000000000002 2.9999999999999991 9.9999999999999982
leaf_count=64 23 21 3 3 4 11 17 24 3 10 56 49 23 7 88 9 221 173 59 10 18 5 27 69 4 4 6 10 3 10
internal_value=-0.0134659 -1.41892 5.50126 10.3472 6.00787 14.344 18.6269 2.91911 4.73306 3.83892 -0.0637278 -1.23736 -3.15514 2.35183 0.444637 1.7082 0.17884 -3.94108 -3.20338 17.6467 -0.869611 0.591209 1.47176 -0.522255 -4.24544 -0.415132 -0.939607 -4.28734 -4.16379 -5.37463
internal_weight=1034 824 210 73 35 38 28 137 77 74 536 162 44 10 374 65 309 288 92 13 22 60 32 118 63 28 29 196 176 20
internal_count=1034 824 210 73 35 38 28 137 77 74 536 162 44 10 374 65 309 288 92 13 22 60 32 118 63 28 29 196 176 20
is_linear=0
shrinkage=0.05


Tree=23
num_leaves=30
num_cat=0
split_feature=3 3 4 7 4 4 4 2 3 4 4 4 8 2 6 8 4 4 7 6 0 2 4 0 0 4 0 0 2
split_gain=3.40363e+06 1.1437e+06 881138 238432 973240 684365 325123 285674 114103 98288 270562 90540.6 87560.5 116647 62970.5 51674.5 50531 32011.4 31834 28304.6 19487.9 19472.4 18258.5 15374.5 14283.5 10340.6 6407.11 6174.41 1269.95
threshold=0.86434852800430806 0.56785804986644639 42910.000000000007 5.5000000000000009 44810.000000000007 44810.000000000007 45077.500000000007 3622.5900000000006 0.74538340202671194 36372.500000000007 36090.000000000007 36662.500000000007 2.5000000000000004 18907.000000000004 66.500000000000014 2.5000000000000004 39052.500000000007 42977.500000000007 2.5000000000000004 70.500000000000014 35167.350000000006 15674.830000000002 39052.500000000007 35845.150000000009 39287.700000000004 39905.000000000007 40913.05000000001 38010.500000000007 3697.6850000000004
decision_type=2 2 2 2 2 2 2 2 2 2 2 2 2 2 2 2 2 2 2 2 2 2 2 2 2 2 2 2 2
left_child=1 12 11 5 24 7 -7 -4 15 10 -10 27 21 17 -11 16 -3 -14 -17 -6 -15 22 -1 -23 -5 28 -27 -2 -13
right_child=2 8 3 4 19 6 -8 -9 9 14 -12 25 13 20 -16 18 -18 -19 -20 -21 -22 23 -24 -25 -26 26 -28 -29 -30
leaf_value=-5.0713112513224257 7.3685329437255849 -3.9113706182031076 -2.7213673727852958 13.082200113932291 -5.3752916971842382 21.319335699081421 11.523593499925402 8.4296356119215492 0.87454088442027578 3.0641309616565704 11.61215209960937 2.8554744720458984 -0.9406271352775788 -4.0248036138939138 0.40612694710493091 0.65336326191924066 -0.83426745961750715 -3.3407461888649888 -0.63455728316243665 -0.12949395842022368 -2.1923207367167752 -4.3737459268027203 -1.73679838180542 -6.7827635628836491 16.974390064586295 -0.11288022302812147 1.6721497535705567 4.4992914199829093 1.4945880651473997
leaf_weight=6.0000000000000027 5 17 6.9999999999999991 2.9999999999999991 3.0000000000000027 15.999999999999998 18 32 22 25 8.0000000000000018 3.9999999999999991 76 99 205 98 62 17 94 18 17 123 12.999999999999998 6.9999999999999991 10.999999999999998 31 5.9999999999999991 3 3
leaf_count=6 5 17 7 3 3 16 18 32 22 25 8 4 76 99 205 98 62 17 94 18 17 123 13 7 11 31 6 3 3
internal_value=0.0335737 -1.17469 6.747 9.32168 5.9288 10.9484 16.1334 6.42817 0.297853 1.04614 3.7379 1.39961 -3.35883 -2.69859 0.69504 -0.420062 -1.49643 -1.37936 0.0228188 -0.878894 -3.75625 -4.28494 -2.7898 -4.50346 16.1403 0.509983 0.176584 6.29257 2.27224
internal_weight=1049 889 160 108 35 73 34 39 531 260 30 52 358 209 230 271 79 93 192 21 116 149 19 130 14 44 37 8 7
internal_count=1049 889 160 108 35 73 34 39 531 260 30 52 358 209 230 271 79 93 192 21 116 149 19 130 14 44 37 8 7
is_linear=0
shrinkage=0.05


Tree=24
num_leaves=28
num_cat=0
split_feature=1 3 3 4 7 4 0 1 8 3 4 4 0 4 4 1 6 0 3 3 4 4 7 5 4 8 3
split_gain=2.81556e+06 1.05245e+06 518636 438222 439732 647932 378163 135726 80848.9 104187 79417.8 75364.9 74527.1 72619.9 66202.9 91005.9 52693.7 38350.5 14585.7 17842.1 13575.7 31179.1 11539.8 8478.83 5788.98 4765.03 4369.14
threshold=33627.785000000003 0.54962443640018088 0.88145586859662395 42910.000000000007 5.5000000000000009 44810.000000000007 41680.400000000001 26646.690000000006 2.5000000000000004 0.83320915176270749 37740.000000000007 39052.500000000007 40111.05000000001 39905.000000000007 36662.500000000007 12266.150000000001 66.500000000000014 38227.700000000004 0.87568640619980054 0.87223028503282374 42277.500000000007 43767.500000000007 3.5000000000000004 15.500000000000002 44735.000000000007 3.5000000000000004 0.53711993490625243
decision_type=2 2 2 2 2 2 2 2 2 2 2 2 2 2 2 2 2 2 2 2 2 2 2 2 2 2 2
left_child=1 14 12 17 6 -6 -5 10 13 -10 16 -12 24 -9 15 22 -3 -4 19 -14 26 -22 -1 -17 -2 -19 -16
right_child=2 7 3 4 5 -7 -8 8 9 -11 11 -13 18 -15 20 23 -18 25 -20 -21 21 -23 -24 -25 -26 -27 -28
leaf_value=-2.8146427710851034 8.6400084495544434 4.234596329472132 7.175384775797518 9.8470101623535164 14.941881713867183 -0.52155068374815439 19.730945650736491 2.648363471031189 0.96580529859623854 3.9169659314928831 -4.0446602192792032 -0.89196863717732633 1.1668143486104361 -0.64406823886250997 -4.1044603134723419 0.6578828760981561 0.15622610887794786 0.74997184171396136 -1.714363718032837 5.1613500436147062 -2.5751292541623116 -4.7527010068893434 -4.2555795380563444 -0.99836367447586627 5.5338373819986968 2.5058918380737305 -5.6084666442871098
leaf_weight=24 2.9999999999999991 8.9999999999999982 3.0000000000000027 50 10.000000000000002 21 11.999999999999998 20 156 37 22 137 41 103 141 9.9999999999999982 66 17.000000000000004 3.9999999999999991 2.9999999999999991 48 25 33 34 3 4.9999999999999991 4.9999999999999991
leaf_count=24 3 9 3 50 10 21 12 20 156 37 22 137 41 103 141 10 66 17 4 3 48 25 33 34 3 5 5
internal_value=0.0463497 -1.10929 5.89175 7.7491 9.3289 4.46665 11.76 0.217203 0.893106 1.53157 -0.695555 -1.32819 1.8331 -0.108713 -3.38921 -2.33021 0.645631 1.87221 1.17637 1.43917 -3.8776 -3.32087 -3.64887 -0.621944 7.08692 1.14904 -4.15597
internal_weight=1042 870 172 118 93 31 62 550 316 193 234 159 54 123 320 101 75 25 48 44 219 73 57 44 6 22 146
internal_count=1042 870 172 118 93 31 62 550 316 193 234 159 54 123 320 101 75 25 48 44 219 73 57 44 6 22 146
is_linear=0
shrinkage=0.05


end of trees

feature_importances:
thermal_on_capacity=201
total_load=100
thermal_space_load_ratio=87
renewable_power=85
net_load=84
weekday=64
month=49
period=38
hour=7

parameters:
[boosting: gbdt]
[objective: regression]
[metric: rmse]
[tree_learner: serial]
[device_type: cpu]
[data_sample_strategy: bagging]
[data: ]
[valid: ]
[num_iterations: 400]
[learning_rate: 0.05]
[num_leaves: 31]
[num_threads: 0]
[seed: 42]
[deterministic: 0]
[force_col_wise: 0]
[force_row_wise: 0]
[histogram_pool_size: -1]
[max_depth: 5]
[min_data_in_leaf: 3]
[min_sum_hessian_in_leaf: 0.001]
[bagging_fraction: 0.85]
[pos_bagging_fraction: 1]
[neg_bagging_fraction: 1]
[bagging_freq: 1]
[bagging_seed: 400]
[bagging_by_query: 0]
[feature_fraction: 0.85]
[feature_fraction_bynode: 1]
[feature_fraction_seed: 30056]
[extra_trees: 0]
[extra_seed: 12879]
[early_stopping_round: 0]
[early_stopping_min_delta: 0]
[first_metric_only: 0]
[max_delta_step: 0]
[lambda_l1: 0]
[lambda_l2: 0]
[linear_lambda: 0]
[min_gain_to_split: 0]
[drop_rate: 0.1]
[max_drop: 50]
[skip_drop: 0.5]
[xgboost_dart_mode: 0]
[uniform_drop: 0]
[drop_seed: 17869]
[top_rate: 0.2]
[other_rate: 0.1]
[min_data_per_group: 100]
[max_cat_threshold: 32]
[cat_l2: 10]
[cat_smooth: 10]
[max_cat_to_onehot: 4]
[top_k: 20]
[monotone_constraints: ]
[monotone_constraints_method: basic]
[monotone_penalty: 0]
[feature_contri: ]
[forcedsplits_filename: ]
[refit_decay_rate: 0.9]
[cegb_tradeoff: 1]
[cegb_penalty_split: 0]
[cegb_penalty_feature_lazy: ]
[cegb_penalty_feature_coupled: ]
[path_smooth: 0]
[interaction_constraints: ]
[verbosity: -1]
[saved_feature_importance_type: 0]
[use_quantized_grad: 0]
[num_grad_quant_bins: 4]
[quant_train_renew_leaf: 0]
[stochastic_rounding: 1]
[linear_tree: 0]
[max_bin: 255]
[max_bin_by_feature: ]
[min_data_in_bin: 3]
[bin_construct_sample_cnt: 200000]
[data_random_seed: 175]
[is_enable_sparse: 1]
[enable_bundle: 1]
[use_missing: 1]
[zero_as_missing: 0]
[feature_pre_filter: 1]
[pre_partition: 0]
[two_round: 0]
[header: 0]
[label_column: ]
[weight_column: ]
[group_column: ]
[ignore_column: ]
[categorical_feature: ]
[forcedbins_filename: ]
[precise_float_parser: 0]
[parser_config_file: ]
[objective_seed: 16083]
[num_class: 1]
[is_unbalance: 0]
[scale_pos_weight: 1]
[sigmoid: 1]
[boost_from_average: 1]
[reg_sqrt: 0]
[alpha: 0.9]
[fair_c: 1]
[poisson_max_delta_step: 0.7]
[tweedie_variance_power: 1.5]
[lambdarank_truncation_level: 30]
[lambdarank_norm: 1]
[label_gain: ]
[lambdarank_position_bias_regularization: 0]
[eval_at: ]
[multi_error_top_k: 1]
[auc_mu_weights: ]
[num_machines: 1]
[local_listen_port: 12400]
[time_out: 120]
[machine_list_filename: ]
[machines: ]
[gpu_platform_id: -1]
[gpu_device_id: -1]
[gpu_use_dp: 0]
[num_gpu: 1]

end of parameters

pandas_categorical:[]
