tree
version=v4
num_class=1
num_tree_per_iteration=1
label_index=0
max_feature_idx=10
objective=regression
feature_names=total_load net_load renewable_power thermal_space_load_ratio thermal_on_capacity hour period weekday month is_weekend is_holiday
feature_infos=[29193.099999999999:42544.199999999997] [11318.049999999999:40077.610000000001] [1223.46:18960.91] [0.37880501902718694:0.96996973557285182] [27170:46830] [20:23] [81:96] [0:6] [2:4] [0:1] none
tree_sizes=2090 2024 2062 2042 2287 2134 2153 2141

Tree=0
num_leaves=23
num_cat=0
split_feature=2 2 4 1 4 4 2 8 4 0 0 1 7 4 2 7 0 4 7 0 0 6
split_gain=1.51805e+07 7.67234e+06 3.20354e+06 2.79888e+06 2.15984e+06 2.36256e+06 789027 628155 780199 226551 497386 176743 156241 133777 75680.5 66914.1 44201 41956.9 1173.15 1099.69 707.638 57.8388
threshold=3826.1150000000002 1354.1600000000001 36662.500000000007 17051.530000000002 44735.000000000007 44810.000000000007 8472.2700000000023 2.5000000000000004 39295.000000000007 34081.200000000004 35663.30000000001 31860.930000000004 1.0000000180025095e-35 38452.500000000007 15218.300000000001 3.5000000000000004 38288.150000000001 43067.500000000007 3.5000000000000004 30475.750000000004 32697.400000000005 82.500000000000014
decision_type=2 2 2 2 2 2 2 2 2 2 2 2 2 2 2 2 2 2 2 2 2 2
left_child=1 16 9 14 12 -6 11 8 -8 20 -11 13 -4 -5 -2 -13 -1 -9 19 -16 -3 -20
right_child=3 2 4 6 5 -7 7 17 -10 10 -12 15 -14 -15 18 -17 -18 -19 21 -21 -22 -23
leaf_value=362.53248224834255 303.09914789775661 337.63248173971624 307.49460269752427 311.76194442512463 348.317330733191 318.90509263720429 295.92235619802921 308.21793117706346 305.91470052023379 362.77414891500922 339.11914830465764 313.42357812710253 314.30338424506766 308.92261463391253 294.64914738913029 310.46689008332362 369.64914891500922 310.73231482353128 294.8551475264594 295.57398140741373 336.54648167868106 294.64914738913029
leaf_weight=2.9999999999999991 2.9999999999999991 2.9999999999999991 10.999999999999998 54 11.000000000000002 18 24 212 105 3.9999999999999982 5 50 36 179 4.9999999999999991 31 7.9999999999999991 18 4.0000000000000027 8.9999999999999982 3 23
leaf_count=3 3 3 11 54 11 18 24 212 105 4 5 50 36 179 5 31 8 18 4 9 3 23
internal_value=310.218 328.266 323.499 307.651 319.331 330.061 308.449 306.848 304.056 344.615 349.632 310.28 312.71 309.581 295.433 312.292 367.708 308.415 294.872 295.244 337.089 294.68
internal_weight=819 102 91 717 76 29 673 359 129 15 9 314 47 233 44 81 11 230 41 14 6 27
internal_count=819 102 91 717 76 29 673 359 129 15 9 314 47 233 44 81 11 230 41 14 6 27
is_linear=0
shrinkage=1


Tree=1
num_leaves=22
num_cat=0
split_feature=3 2 3 3 8 7 2 8 0 7 3 1 0 8 7 0 6 1 7 6 6
split_gain=1.66265e+07 5.89871e+06 2.87807e+06 1.7063e+06 880696 2.26198e+06 652071 562334 551780 473068 234197 137723 96725.5 91538.6 73015.9 39891.4 21273.3 16643.1 590.923 1485.05 55.9391
threshold=0.90343291285488192 1354.1600000000001 0.5457079115844945 0.91259713798500341 3.5000000000000004 1.5000000000000002 8158.6200000000017 2.5000000000000004 34999.55000000001 5.5000000000000009 0.96077049496469036 31253.245000000006 39598.750000000007 3.5000000000000004 4.5000000000000009 38288.150000000001 91.500000000000014 16631.595000000005 3.5000000000000004 91.500000000000014 83.500000000000014
decision_type=2 2 2 2 2 2 2 2 2 2 2 2 2 2 2 2 2 2 2 2 2
left_child=2 15 17 9 10 -6 11 8 -8 -3 -5 13 -11 -4 -13 -2 -9 18 19 -1 -20
right_child=1 3 6 4 5 -7 7 16 -10 12 -12 14 -14 -15 -16 -17 -18 -19 20 -21 -22
leaf_value=-13.855949020385745 49.756709798177084 15.392428855895993 -1.2709627868273321 4.6124218432108561 5.1585807800292969 35.45727552934126 -11.312183819395123 -1.319399838499081 -3.8174654925862948 35.479588456587358 17.492245483398438 2.3381402827407185 25.351032892862943 1.3588074911208381 -0.6486839230571475 56.517541503906251 -2.311808941099379 -10.731277402242025 -14.531607055664049 -14.853171430315289 -14.732456970214844
leaf_weight=7.9999999999999982 2.9999999999999991 5.0000000000000009 156 30 14 11 33 162 96 10.999999999999998 3.9999999999999991 76 3.0000000000000009 42 28 7.9999999999999991 81 2.9999999999999991 4.0000000000000027 7 26
leaf_count=8 3 5 156 30 14 11 33 162 96 11 4 76 3 42 28 8 81 3 4 7 26
internal_value=0.00575367 20.3966 -2.50779 15.5626 11.366 18.49 -1.66535 -3.06661 -5.73472 28.5942 6.1277 0.0607127 33.3092 -0.713133 1.534 54.6737 -1.6502 -14.3372 -14.5776 -14.3213 -14.7057
internal_weight=811 89 722 78 59 25 674 372 129 19 34 302 14 198 104 11 243 48 45 15 30
internal_count=811 89 722 78 59 25 674 372 129 19 34 302 14 198 104 11 243 48 45 15 30
is_linear=0
shrinkage=0.05


Tree=2
num_leaves=22
num_cat=0
split_feature=3 2 4 3 3 2 2 8 4 0 0 3 1 4 4 4 6 2 7 0 0
split_gain=1.35162e+07 5.10058e+06 2.04186e+06 2.42986e+06 2e+06 842817 684440 509158 726872 178451 421673 173655 143109 105296 98574.2 40808.9 34651.9 13524.1 1314.78 290.761 33.3979
threshold=0.90343291285488192 1354.1600000000001 36662.500000000007 0.91126697665713341 0.5457079115844945 1464.4850000000004 8429.0400000000027 2.5000000000000004 39295.000000000007 34081.200000000004 35663.30000000001 0.90933224918196143 31860.930000000004 37010.000000000007 39715.000000000007 43067.500000000007 89.500000000000014 15218.300000000001 3.5000000000000004 30839.350000000002 33007.900000000001
decision_type=2 2 2 2 2 2 2 2 2 2 2 2 2 2 2 2 2 2 2 2 2
left_child=4 16 9 11 17 -5 12 8 -8 -3 -11 -4 14 -14 -6 -9 -2 -1 19 -19 -20
right_child=1 2 3 5 6 -7 7 15 -10 10 -12 -13 13 -15 -16 -17 -18 18 20 -21 -22
leaf_value=-10.263415209452312 53.691662597656261 23.42066230773926 23.209806791941325 27.766130828857424 0.93159752178192134 3.9317971704052948 -13.210417938232423 -1.8287279653826425 -3.7062246863124444 48.213427734375017 26.433124694824215 33.710153198242189 11.000321451822918 1.4815181809437017 -1.3011945826431801 0.64966448446114855 47.268874104817698 -13.735666910807291 -13.957170791625977 -13.15846405029297 -14.136073811848959
leaf_weight=2.9999999999999991 6.9999999999999982 3.9999999999999991 8.9999999999999982 3.9999999999999991 75 51 25 215 103 3.9999999999999982 5 6.9999999999999991 2.9999999999999991 92 145 18 3 2.9999999999999991 20.000000000000004 7.9999999999999991 2.9999999999999991
leaf_count=3 7 4 9 4 75 51 25 215 103 4 5 7 3 92 145 18 3 3 20 8 3
internal_value=0.187103 18.0085 13.9899 10.6542 -2.16242 5.6652 -1.54288 -3.02904 -5.56251 32.2078 36.1133 27.8037 0.160309 1.78211 -0.540015 -1.63726 51.7648 -13.4815 -13.7655 -13.3159 -13.9805
internal_weight=807 94 84 71 713 55 676 361 128 13 9 16 315 95 220 233 10 37 34 11 23
internal_count=807 94 84 71 713 55 676 361 128 13 9 16 315 95 220 233 10 37 34 11 23
is_linear=0
shrinkage=0.05


Tree=3
num_leaves=22
num_cat=0
split_feature=3 2 4 3 3 2 2 4 4 0 0 1 2 4 4 0 2 1 2 1 5
split_gain=1.18511e+07 4.18275e+06 1.86189e+06 1.93171e+06 1.85218e+06 716260 648035 297062 820188 195193 380560 160649 97485.1 87152.3 84821.9 29784.1 22531.4 13501.9 545.233 350.522 56.4754
threshold=0.90343291285488192 1354.1600000000001 36662.500000000007 0.91126697665713341 0.5457079115844945 1464.4850000000004 8472.2700000000023 37740.000000000007 39295.000000000007 34081.200000000004 35663.30000000001 32363.715000000004 3701.8800000000006 32370.000000000004 39715.000000000007 38288.150000000001 11750.400000000001 16631.595000000005 17509.915000000005 14985.02 20.500000000000004
decision_type=2 2 2 2 2 2 2 2 2 2 2 2 2 2 2 2 2 2 2 2 2
left_child=4 15 9 12 17 -5 11 16 -9 -3 -11 13 -4 -6 -13 -2 -8 18 19 -1 -20
right_child=1 2 3 5 6 -7 7 8 -10 10 -12 14 -14 -15 -16 -17 -18 -19 20 -21 -22
leaf_value=-12.504078521728518 44.905429077148455 21.986199340820313 24.029038951794305 26.377824592590333 4.1115750122070311 4.4639102445949206 -0.33714541522938701 -12.375996663020208 -2.964187576406375 45.802758789062516 25.111468505859371 10.450305175781251 34.106091308593754 -0.64974614743912518 1.8594145837623408 51.007083129882808 -1.6431919985347325 -9.6169986724853516 -13.033437856038397 -13.096127166748046 -13.264696398648349
leaf_weight=4.9999999999999982 2.9999999999999982 4.9999999999999991 11.999999999999998 3.9999999999999991 9.9999999999999982 55 61 26 211 3.9999999999999982 5 2.9999999999999991 2.9999999999999991 247 68 6 72 2.9999999999999991 3.0000000000000027 5 22
leaf_count=5 3 5 12 4 10 55 61 26 211 4 5 3 3 247 68 6 72 3 3 5 22
internal_value=0.0788715 16.5067 13.1863 10.0229 -2.08621 5.9496 -1.50097 -2.93539 -3.99671 29.9071 34.3076 0.117133 26.0444 -0.464481 2.22241 48.9732 -1.04418 -12.8362 -13.1121 -12.8001 -13.2369
internal_weight=833 97 88 74 736 59 698 370 237 14 9 328 15 257 71 9 133 38 35 10 25
internal_count=833 97 88 74 736 59 698 370 237 14 9 328 15 257 71 9 133 38 35 10 25
is_linear=0
shrinkage=0.05


Tree=4
num_leaves=25
num_cat=0
split_feature=3 2 3 3 8 7 2 8 1 0 2 5 1 8 3 3 8 0 1 2 0 0 0 0
split_gain=1.13606e+07 4.71824e+06 1.99367e+06 1.80328e+06 1.09296e+06 1.49016e+06 563684 444957 480758 333037 254341 205137 134154 101096 98421.3 77228.2 17066 15168.6 799.53 961.895 562.42 555.757 141.552 50.6491
threshold=0.90343291285488192 1464.4850000000004 0.5457079115844945 0.91126697665713341 3.5000000000000004 1.5000000000000002 8472.2700000000023 2.5000000000000004 21162.015000000003 37446.250000000007 2940.4700000000007 20.500000000000004 32753.945000000003 3.5000000000000004 0.89820911484001764 0.90645879165955512 3.5000000000000004 38504.900000000001 15786.785000000002 17582.925000000007 32600.400000000005 38737.450000000004 33007.900000000001 32756.900000000005
decision_type=2 2 2 2 2 2 2 2 2 2 2 2 2 2 2 2 2 2 2 2 2 2 2 2
left_child=2 9 18 11 10 -6 12 8 -8 -2 -5 15 13 -4 -14 -3 -9 -13 19 20 -1 -11 -20 -21
right_child=1 3 6 4 5 -7 7 16 -10 21 -12 17 14 -15 -16 -17 -18 -19 22 23 -22 -23 -24 -25
leaf_value=-11.85979072570801 29.706267801920575 23.714031753540027 -0.86521796486249158 0.86531335592269909 4.6134799610484718 31.282087249755854 -12.528131951226129 -1.8707450014352798 -3.7881636246085169 49.270126342773459 9.2382904052734371 29.06069641113282 1.7576204131687843 1.5677396171622808 11.030504767100018 13.566572856903074 -1.0180400642500798 33.035702514648435 -13.251392618815103 -12.601395670572915 -12.640360005696614 48.456729125976558 -12.765677134195961 -12.381766001383465
leaf_weight=9.9999999999999982 2.9999999999999991 5.0000000000000018 204 30 11 10 18 100 125 2.9999999999999982 12.999999999999998 5.9999999999999982 62 54 2.9999999999999991 3 142 4 2.9999999999999991 21.000000000000004 2.9999999999999991 7 3 2.9999999999999991
leaf_count=10 3 5 204 30 11 10 18 100 125 3 13 6 62 54 3 3 142 4 3 21 3 7 3 3
internal_value=0.0410628 16.3319 -2.01969 11.8952 7.96291 17.3128 -1.38481 -2.67705 -4.8883 44.3174 3.39668 25.8765 0.155472 -0.355994 2.1856 19.9087 -1.3704 30.6507 -12.4731 -12.3863 -12.0399 48.7007 -13.0085 -12.5739
internal_weight=846 95 751 82 64 21 708 385 143 13 43 18 323 258 65 8 242 10 43 37 13 10 6 24
internal_count=846 95 751 82 64 21 708 385 143 13 43 18 323 258 65 8 242 10 43 37 13 10 6 24
is_linear=0
shrinkage=0.05


Tree=5
num_leaves=23
num_cat=0
split_feature=3 2 3 3 4 2 2 4 8 4 3 7 3 4 0 6 2 0 7 0 0 6
split_gain=9.74557e+06 3.8787e+06 1.58894e+06 1.36175e+06 1.72952e+06 586401 564216 552541 398699 546725 288188 97737.2 130105 40907.6 27525.2 25459.6 11782.6 9998.64 1106.66 514.612 85.0748 0.126028
threshold=0.90343291285488192 1354.1600000000001 0.5457079115844945 0.91126697665713341 36662.500000000007 1464.4850000000004 8472.2700000000023 44735.000000000007 2.5000000000000004 39295.000000000007 0.92445912160182508 4.5000000000000009 0.8300649029077789 43067.500000000007 39284.650000000009 89.500000000000014 15218.300000000001 37580.30000000001 3.5000000000000004 30475.750000000004 32951.900000000009 86.500000000000014
decision_type=2 2 2 2 2 2 2 2 2 2 2 2 2 2 2 2 2 2 2 2 2 2
left_child=2 15 16 7 10 -6 11 -3 9 -8 -5 12 -4 -10 -9 21 -1 -13 19 -18 -20 -2
right_child=1 3 6 4 5 -7 8 14 13 -11 -12 17 -14 -15 -16 -17 18 -19 20 -21 -22 -23
leaf_value=-8.5488394896189384 46.033892822265642 4.2288475672403951 -0.22559379051585182 37.351679992675791 23.573619842529297 3.7574833333492279 -11.302808996347281 29.026627974076707 -1.5640010972817739 -3.2546196070632769 20.527828761509486 -1.802670333740559 2.1336207363408866 0.86017477449617896 24.183183622360218 40.522716267903633 -12.009710693359375 -0.59534169745941956 -11.972574724469865 -11.263053970336914 -12.257221221923828 46.020335896809883
leaf_weight=2.9999999999999991 3.9999999999999982 3.0000000000000009 147 3.9999999999999982 3.9999999999999991 56 26 10.999999999999998 207 112 7 47 97 19 4.0000000000000009 3 2.9999999999999991 27 21.000000000000004 9.9999999999999982 2.9999999999999991 3
leaf_count=3 4 3 147 4 4 56 26 11 207 112 7 47 97 19 4 3 3 27 21 10 3 3
internal_value=0.140066 14.8514 -1.87714 11.534 8.41993 5.07856 -1.30909 23.8173 -2.65328 -4.77095 26.6456 0.229557 0.712291 -1.3602 27.735 44.3765 -11.5625 -1.36216 -11.8069 -11.4354 -12.0082 46.0281
internal_weight=821 99 722 89 71 60 682 18 364 138 11 318 244 226 15 10 40 74 37 13 24 7
internal_count=821 99 722 89 71 60 682 18 364 138 11 318 244 226 15 10 40 74 37 13 24 7
is_linear=0
shrinkage=0.05


Tree=6
num_leaves=23
num_cat=0
split_feature=3 2 3 4 3 2 2 4 4 0 0 1 4 7 3 1 0 2 7 6 0 0
split_gain=9.0826e+06 4.22032e+06 1.62778e+06 1.57589e+06 1.69723e+06 425242 299293 245658 641874 140660 121510 84502.5 96797.5 49530.4 39992.2 25630.7 24630.1 11161.7 605.885 949.883 74.8132 0.132683
threshold=0.90343291285488192 1354.1600000000001 0.5457079115844945 36662.500000000007 0.91126697665713341 8472.2700000000023 1464.4850000000004 37740.000000000007 39295.000000000007 35663.30000000001 35630.05000000001 31253.245000000006 32370.000000000004 4.5000000000000009 0.92767546706777626 25498.085000000003 38288.150000000001 14939.355000000001 3.5000000000000004 91.500000000000014 33342.30000000001 39493.950000000004
decision_type=2 2 2 2 2 2 2 2 2 2 2 2 2 2 2 2 2 2 2 2 2 2
left_child=2 16 17 9 10 11 -6 15 -9 14 -5 12 -4 -13 -3 -7 -2 -1 19 -19 -20 -18
right_child=1 3 5 4 6 7 -8 8 -10 -11 -12 13 -14 -15 -16 -17 21 18 20 -21 -22 -23
leaf_value=-8.1213976403077446 38.496580505371099 38.069660949707043 3.7430366834004722 14.530633799235027 19.306938425699869 -1.1530446602881532 3.0650245735278498 -10.75553783134178 -2.5472018648787302 21.882997131347651 25.882901607860219 1.6931830978109723 -0.88374711751173707 -0.76857912385905236 29.905489095052076 0.57765432728661437 43.719317626953142 -10.698708936903213 -11.378936972984901 -11.558242340087892 -11.642637379964192 43.732196044921871
leaf_weight=2.9999999999999991 2.9999999999999991 2.9999999999999982 11.999999999999998 2.9999999999999991 2.9999999999999991 103 52 27 202 4 10.999999999999998 84 195 27 3 27 2.9999999999999982 8.9999999999999982 26.000000000000004 4.9999999999999991 2.9999999999999991 6
leaf_count=3 3 3 12 3 3 103 52 27 202 4 11 84 195 27 3 27 3 9 26 5 3 6
internal_value=-0.0947906 14.7924 -1.96855 10.5957 7.90733 -1.35013 3.95095 -2.52953 -3.515 29.1457 23.4503 -0.0186745 -0.615528 1.09438 33.9876 -0.793592 42.4201 -11.0701 -11.2758 -11.0057 -11.4062 43.7279
internal_weight=814 91 723 79 69 677 55 359 229 10 14 318 207 111 6 130 12 46 43 14 29 9
internal_count=814 91 723 79 69 677 55 359 229 10 14 318 207 111 6 130 12 46 43 14 29 9
is_linear=0
shrinkage=0.05


Tree=7
num_leaves=23
num_cat=0
split_feature=3 3 3 8 3 7 1 3 8 1 0 1 3 8 8 2 6 2 7 6 6 0
split_gain=7.39223e+06 2.87381e+06 1.45178e+06 1.07785e+06 1.00894e+06 450675 436285 390348 336673 301967 132423 124644 84559.5 83865.9 23622.4 10061.1 3680.35 3560.79 709.741 886.425 61.8986 0.112281
threshold=0.90343291285488192 0.96625196009263559 0.5457079115844945 2.5000000000000004 0.92566709393047741 5.5000000000000009 35605.145000000004 0.77068779004413923 2.5000000000000004 21618.745000000003 35086.750000000007 32920.24500000001 0.89820911484001764 3.5000000000000004 3.5000000000000004 14939.355000000001 86.500000000000014 2801.0350000000003 3.5000000000000004 91.500000000000014 82.500000000000014 39493.950000000004
decision_type=2 2 2 2 2 2 2 2 2 2 2 2 2 2 2 2 2 2 2 2 2 2
left_child=2 3 15 10 6 -6 -5 8 9 -4 17 13 -13 -9 -10 -1 -12 -2 19 -17 -20 -3
right_child=1 21 7 4 5 -7 -8 11 14 -11 16 12 -14 -15 -16 18 -18 -19 20 -21 -22 -23
leaf_value=-7.7153277158737188 -3.2395275878906236 41.533351643880195 -10.027938098907471 26.269190979003902 12.447747024536135 1.2430568311895644 13.33376237262379 -0.81971848781865375 -1.7952724658713048 -3.3535872844962387 2.8430510520935059 1.7454266984507723 10.374151452382407 1.5830116532065652 -0.77543817371129986 -10.164965820312501 4.409438514709473 -5.4184528350830066 -11.079842376708973 -10.980330200195313 -10.838948313395184 41.545587158203119
leaf_weight=2.9999999999999991 5.0000000000000018 3 20 16.000000000000004 25 13.999999999999998 10.999999999999998 208 98 111 5.9999999999999991 53 2.9999999999999991 44 135 9.9999999999999982 9.9999999999999982 3 3.0000000000000027 4.9999999999999991 24 5
leaf_count=3 5 3 20 16 25 14 11 208 98 111 6 53 3 44 135 10 10 3 3 5 24 5
internal_value=-0.0578106 12.8225 -1.8183 10.2697 13.5693 8.42555 20.9992 -1.23608 -2.34458 -4.37257 1.19582 0.0739647 2.20768 -0.400194 -1.20438 -10.5127 3.82204 -4.05662 -10.7125 -10.4368 -10.8657 41.541
internal_weight=815 98 717 90 66 39 27 672 364 131 24 308 56 252 233 45 16 8 42 15 27 8
internal_count=815 98 717 90 66 39 27 672 364 131 24 308 56 252 233 45 16 8 42 15 27 8
is_linear=0
shrinkage=0.05


end of trees

feature_importances:
total_load=32
thermal_space_load_ratio=31
renewable_power=30
thermal_on_capacity=24
net_load=16
weekday=15
month=14
period=11
hour=2

parameters:
[boosting: gbdt]
[objective: regression]
[metric: rmse]
[tree_learner: serial]
[device_type: cpu]
[data_sample_strategy: bagging]
[data: ]
[valid: ]
[num_iterations: 400]
[learning_rate: 0.05]
[num_leaves: 31]
[num_threads: 0]
[seed: 42]
[deterministic: 0]
[force_col_wise: 0]
[force_row_wise: 0]
[histogram_pool_size: -1]
[max_depth: 5]
[min_data_in_leaf: 3]
[min_sum_hessian_in_leaf: 0.001]
[bagging_fraction: 0.85]
[pos_bagging_fraction: 1]
[neg_bagging_fraction: 1]
[bagging_freq: 1]
[bagging_seed: 400]
[bagging_by_query: 0]
[feature_fraction: 0.85]
[feature_fraction_bynode: 1]
[feature_fraction_seed: 30056]
[extra_trees: 0]
[extra_seed: 12879]
[early_stopping_round: 0]
[early_stopping_min_delta: 0]
[first_metric_only: 0]
[max_delta_step: 0]
[lambda_l1: 0]
[lambda_l2: 0]
[linear_lambda: 0]
[min_gain_to_split: 0]
[drop_rate: 0.1]
[max_drop: 50]
[skip_drop: 0.5]
[xgboost_dart_mode: 0]
[uniform_drop: 0]
[drop_seed: 17869]
[top_rate: 0.2]
[other_rate: 0.1]
[min_data_per_group: 100]
[max_cat_threshold: 32]
[cat_l2: 10]
[cat_smooth: 10]
[max_cat_to_onehot: 4]
[top_k: 20]
[monotone_constraints: ]
[monotone_constraints_method: basic]
[monotone_penalty: 0]
[feature_contri: ]
[forcedsplits_filename: ]
[refit_decay_rate: 0.9]
[cegb_tradeoff: 1]
[cegb_penalty_split: 0]
[cegb_penalty_feature_lazy: ]
[cegb_penalty_feature_coupled: ]
[path_smooth: 0]
[interaction_constraints: ]
[verbosity: -1]
[saved_feature_importance_type: 0]
[use_quantized_grad: 0]
[num_grad_quant_bins: 4]
[quant_train_renew_leaf: 0]
[stochastic_rounding: 1]
[linear_tree: 0]
[max_bin: 255]
[max_bin_by_feature: ]
[min_data_in_bin: 3]
[bin_construct_sample_cnt: 200000]
[data_random_seed: 175]
[is_enable_sparse: 1]
[enable_bundle: 1]
[use_missing: 1]
[zero_as_missing: 0]
[feature_pre_filter: 1]
[pre_partition: 0]
[two_round: 0]
[header: 0]
[label_column: ]
[weight_column: ]
[group_column: ]
[ignore_column: ]
[categorical_feature: ]
[forcedbins_filename: ]
[precise_float_parser: 0]
[parser_config_file: ]
[objective_seed: 16083]
[num_class: 1]
[is_unbalance: 0]
[scale_pos_weight: 1]
[sigmoid: 1]
[boost_from_average: 1]
[reg_sqrt: 0]
[alpha: 0.9]
[fair_c: 1]
[poisson_max_delta_step: 0.7]
[tweedie_variance_power: 1.5]
[lambdarank_truncation_level: 30]
[lambdarank_norm: 1]
[label_gain: ]
[lambdarank_position_bias_regularization: 0]
[eval_at: ]
[multi_error_top_k: 1]
[auc_mu_weights: ]
[num_machines: 1]
[local_listen_port: 12400]
[time_out: 120]
[machine_list_filename: ]
[machines: ]
[gpu_platform_id: -1]
[gpu_device_id: -1]
[gpu_use_dp: 0]
[num_gpu: 1]

end of parameters

pandas_categorical:[]
