tree
version=v4
num_class=1
num_tree_per_iteration=1
label_index=0
max_feature_idx=10
objective=regression
feature_names=total_load net_load renewable_power thermal_space_load_ratio thermal_on_capacity hour period weekday month is_weekend is_holiday
feature_infos=[30363.700000000001:41329.300000000003] [16934.869999999999:40077.610000000001] [1223.46:15663.18] [0.54509172236536862:0.96996973557285182] [27170:44840] [20:23] [81:96] [0:6] [3:4] [0:1] none
tree_sizes=1619 1851 1769 1668 1839 1688 1842 1821 1820 1701 1795 1553 1767 1635 1772 1707 1602 1771 1682 1726 1674 1570 1672 1809 1577 1845 1674 1876 1721 1679 1639 1713 1492 1661 1665 1659 1808 1777 1785 1628 1816 1575 1766 1884 1724 1692 1679 1559

Tree=0
num_leaves=18
num_cat=0
split_feature=2 2 4 6 6 0 2 4 2 1 6 2 4 0 0 0 0
split_gain=1.04992e+07 2.91844e+06 3.65783e+06 615358 206756 726185 202267 64622.5 45908.5 35094.5 30077.8 24542.3 25554.5 8875.2 707.637 82.134 3.04762
threshold=1416.2350000000004 3829.4250000000006 36662.500000000007 91.500000000000014 90.500000000000014 36028.200000000004 7334.9950000000008 43067.500000000007 13453.260000000002 27447.965 90.500000000000014 1544.9650000000004 40910.000000000007 37016.250000000007 32689.050000000003 32600.400000000005 39080.600000000006
decision_type=2 2 2 2 2 2 2 2 2 2 2 2 2 2 2 2 2
left_child=3 2 4 16 5 -2 9 8 -8 15 -11 -4 -13 -9 -6 -3 -1
right_child=1 6 11 -5 14 -7 7 13 -10 10 -12 12 -14 -15 -16 -17 -18
leaf_value=416.47790600458785 415.7112393379212 361.41207393010461 365.2112407366435 391.93207305272421 384.52790702184041 384.59457389195762 355.84812725063568 357.11457398732506 354.22837558505182 358.75306452292506 356.61955306530001 362.45548306089461 359.50391482367661 359.69457394396267 383.44190746943156 361.11957395871485 416.54457267125451
leaf_weight=2.9999999999999982 2.9999999999999982 3.9999999999999982 2.9999999999999991 4 3 5 178 4.9999999999999991 58 53 24 10.999999999999998 22 9.9999999999999982 3 6 4
leaf_count=3 3 4 3 4 3 5 178 5 58 53 24 11 22 10 3 6 4
internal_value=359.406 358.04 369.315 407.576 391.001 396.263 356.372 355.652 355.45 358.45 358.088 360.881 360.488 358.835 383.985 361.237 416.516
internal_weight=399 388 50 11 14 8 338 251 236 87 77 36 33 15 6 10 7
internal_count=399 388 50 11 14 8 338 251 236 87 77 36 33 15 6 10 7
is_linear=0
shrinkage=1


Tree=1
num_leaves=20
num_cat=0
split_feature=2 3 1 7 0 2 0 6 2 1 1 8 8 7 1 0 0 0 0
split_gain=1.30369e+07 2.471e+06 1.45432e+06 1.27587e+06 623817 223482 111303 62747.3 52182.2 30808.7 27859.7 37516.5 20407.8 11111.6 6532.16 3145.19 208.86 3.42027 0.000846148
threshold=1416.2350000000004 0.90343291285488192 34053.340000000004 1.5000000000000002 37462.05000000001 7009.4700000000003 36390.100000000013 81.500000000000014 5576.4000000000005 27447.965 25632.935000000001 3.5000000000000004 3.5000000000000004 1.5000000000000002 36126.645000000011 37998.000000000007 34226.500000000007 38681.450000000004 39996.450000000004
decision_type=2 2 2 2 2 2 2 2 2 2 2 2 2 2 2 2 2 2 2
left_child=4 5 3 16 -1 7 -5 8 -2 -9 13 -12 14 -7 -4 -14 -3 -6 -19
right_child=1 2 12 6 17 10 -8 9 -10 -11 11 -13 15 -15 -16 -17 -18 18 -20
leaf_value=30.790896606445315 8.7483216444651291 1.5105592091878248 -0.63352905909220303 32.824305894639757 54.109438069661479 -5.0577011108398438 21.703604634602854 1.5780351638793946 0.024846780300140377 -1.5297447606495449 -3.7457668922615777 -1.701349407083848 5.1313924153645836 -3.9308832493813144 1.45328097820282 2.9897258758544916 2.1005591074625647 54.173883056640619 54.172772216796865
leaf_weight=3.9999999999999991 2.9999999999999991 3.0000000000000009 6.0000000000000062 8.9999999999999982 2.9999999999999982 26 3.0000000000000009 8.9999999999999982 4 70 66 34 2.9999999999999991 138 9.9999999999999982 4 3 3 4
leaf_count=4 3 3 6 9 3 26 3 9 4 70 66 34 3 138 10 4 3 3 4
internal_value=0.0705881 -1.6269 9.98653 20.6313 47.4789 -2.98733 30.0441 -0.773668 3.76348 -1.17569 -3.70844 -3.05066 1.65586 -4.10953 0.670727 3.90758 1.80556 54.1541 54.1732
internal_weight=405 391 41 18 14 350 12 86 7 79 264 100 23 164 16 7 6 10 7
internal_count=405 391 41 18 14 350 12 86 7 79 264 100 23 164 16 7 6 10 7
is_linear=0
shrinkage=0.05


Tree=2
num_leaves=19
num_cat=0
split_feature=2 3 4 0 2 3 0 4 6 0 2 1 7 1 1 0 0 0
split_gain=1.17627e+07 2.09316e+06 2.37949e+06 562994 225640 113255 238851 53217.4 51129 53493.1 47177.3 32860 23582.8 13512.5 9213.52 7241.61 3.08716 0.000758652
threshold=1416.2350000000004 0.90343291285488192 36662.500000000007 37462.05000000001 7334.9950000000008 0.92838353939486906 35670.600000000006 43067.500000000007 81.500000000000014 39609.600000000006 13453.260000000002 27447.965 5.5000000000000009 34053.340000000004 36126.645000000011 38050.750000000007 38681.450000000004 39996.450000000004
decision_type=2 2 2 2 2 2 2 2 2 2 2 2 2 2 2 2 2 2
left_child=3 4 5 -1 8 6 -3 10 9 -2 -6 -10 13 -4 -14 -9 -5 -18
right_child=1 2 12 16 7 -7 -8 15 11 -11 -12 -13 14 -15 -16 -17 17 -19
leaf_value=29.251351928710939 8.3850213527679447 43.406557210286479 1.8953645494249125 51.403963216145854 -3.3744948869593006 22.195040130615229 24.743115234374997 -1.8549844932556157 1.7568383322821726 -0.44734975695610041 -4.9495515592170491 -1.4339255122635037 -1.2480976819992067 4.7195676803588871 1.3806169080734254 0.63642011540276666 51.465187581380192 51.464135742187494
leaf_weight=3.9999999999999991 2.9999999999999991 2.9999999999999982 9.0000000000000018 2.9999999999999982 170 4 4 4.9999999999999982 8.9999999999999982 4 66 78 4.9999999999999991 7.9999999999999991 9.9999999999999982 7 3 4
leaf_count=4 3 3 9 3 170 4 4 5 9 4 66 78 5 8 10 7 3 4
internal_value=0.0852098 -1.55187 8.84541 45.105 -2.85913 28.9066 32.7417 -3.64982 -0.773074 3.33795 -3.81498 -1.10385 1.94939 3.2244 0.504379 -0.401665 51.4464 51.4646
internal_weight=399 385 43 14 342 11 7 248 94 7 236 87 32 17 15 12 10 7
internal_count=399 385 43 14 342 11 7 248 94 7 236 87 32 17 15 12 10 7
is_linear=0
shrinkage=0.05


Tree=3
num_leaves=18
num_cat=0
split_feature=2 3 4 0 2 3 4 2 2 1 6 4 0 0 0 0 0
split_gain=1.03736e+07 1.38108e+06 1.64059e+06 456509 146020 46101.3 43444.5 41819.5 23161.3 21106.7 29543.3 17448.2 6234.49 638.642 151.525 2.94624 3.67872e-06
threshold=1416.2350000000004 0.89900084757324283 36662.500000000007 37462.05000000001 7009.4700000000003 0.92838353939486906 43067.500000000007 13453.260000000002 1544.9650000000004 27447.965 90.500000000000014 40910.000000000007 37016.250000000007 32689.050000000003 32600.400000000005 39080.600000000006 40289.400000000001
decision_type=2 2 2 2 2 2 2 2 2 2 2 2 2 2 2 2 2
left_child=3 4 5 -1 9 -3 7 -6 -4 14 -11 -10 -8 -7 -2 -5 -17
right_child=1 2 8 15 6 13 12 -9 11 10 -12 -13 -14 -15 -16 16 -18
leaf_value=26.634617614746094 1.6301525115966802 26.990854492187506 5.243540827433268 48.831672159830745 -3.0782738509001555 21.005971272786454 -1.9964352607727052 -4.5934126981099448 2.4568642086452899 -0.42832777692625923 -2.5210333273960996 -0.19412439525127412 0.20561987426545889 19.97427164713541 1.2172776031494139 48.890853881835923 48.890927124023428
leaf_weight=2.9999999999999991 3.9999999999999982 4.9999999999999982 2.9999999999999991 2.9999999999999982 189 3 4.9999999999999991 60 9.0000000000000018 48 26 20 8.9999999999999982 3 5 3 4
leaf_count=3 4 5 3 3 189 3 5 60 9 48 26 20 9 3 5 3 4
internal_value=-0.195372 -1.66369 6.78732 43.7412 -2.71396 23.445 -3.29099 -3.44337 1.06125 -0.885537 -1.1636 0.628596 -0.580828 20.4901 1.40078 48.8731 48.8909
internal_weight=402 389 43 13 346 11 263 249 32 83 74 29 14 6 9 10 7
internal_count=402 389 43 13 346 11 263 249 32 83 74 29 14 6 9 10 7
is_linear=0
shrinkage=0.05


Tree=4
num_leaves=20
num_cat=0
split_feature=2 3 1 7 6 0 2 7 6 5 1 7 1 8 3 0 0 2 2
split_gain=8.40746e+06 1.85958e+06 910372 1.05546e+06 549502 402447 123410 30341.6 29761.8 24983.4 20351.4 18993.1 9901.22 8092.22 8070.15 6954.35 907.806 0.0557524 3.12924e-06
threshold=1416.2350000000004 0.89900084757324283 33712.625000000007 1.5000000000000002 91.500000000000014 37462.05000000001 7009.4700000000003 5.5000000000000009 91.500000000000014 21.500000000000004 27447.965 2.5000000000000004 36126.645000000011 3.5000000000000004 0.92786880198665689 36143.750000000007 35282.950000000004 1244.9300000000003 1231.7750000000003
decision_type=2 2 2 2 2 2 2 2 2 2 2 2 2 2 2 2 2 2 2
left_child=5 6 3 16 -5 -1 9 14 11 15 -11 -8 -9 -10 -4 -2 -3 18 -7
right_child=1 2 7 4 -6 17 8 12 13 10 -12 -13 -14 -15 -16 -17 -18 -19 -20
leaf_value=25.302885945638025 1.7657335281372071 1.3226696968078608 2.5189180374145481 33.530340576171881 13.718693474360874 46.446381632486997 -2.2728835151519307 -0.92905148002836402 -4.5917228586533492 1.1963061904907226 -2.2201440858490327 -3.3052748236993348 1.3569155979156495 -3.5594950032788653 6.1863761901855447 -0.23938128463923933 2.3879197438557935 46.454693603515615 46.446309407552071
leaf_weight=2.9999999999999991 4.9999999999999991 6.0000000000000018 3.0000000000000027 6.9999999999999982 7 2.9999999999999982 81 9.0000000000000018 34 4.9999999999999991 34 99 9.9999999999999982 43 3 32 3 3 3
leaf_count=3 5 6 3 7 7 3 81 9 34 5 34 99 10 43 3 32 3 3 3
internal_value=-0.0450894 -1.34297 7.85764 15.0367 23.6245 41.1626 -2.66918 1.25294 -3.19262 -0.899143 -1.78214 -2.8407 0.274089 -4.01528 4.35265 0.0315802 1.67775 46.4491 46.4463
internal_weight=393 381 48 23 14 12 333 25 257 76 39 180 19 77 6 37 9 9 6
internal_count=393 381 48 23 14 12 333 25 257 76 39 180 19 77 6 37 9 9 6
is_linear=0
shrinkage=0.05


Tree=5
num_leaves=18
num_cat=0
split_feature=2 3 4 2 0 3 2 4 2 4 3 7 0 3 0 0 2
split_gain=6.03399e+06 1.90105e+06 2.27834e+06 338057 134356 236048 122259 40060.2 37347.6 28948.7 24509.5 16333.9 14129.2 6578.42 3605.55 406.29 2.36616
threshold=1416.2350000000004 0.89900084757324283 36662.500000000007 1354.1600000000001 36390.100000000013 0.92838353939486906 7334.9950000000008 43067.500000000007 13453.260000000002 35390.000000000007 0.83513352419395759 5.5000000000000009 35950.350000000006 0.95592185141415131 37462.05000000001 33994.750000000007 1244.9300000000003
decision_type=2 2 2 2 2 2 2 2 2 2 2 2 2 2 2 2 2
left_child=3 6 4 16 5 -3 9 8 -8 15 -11 12 -4 -13 -9 -2 -1
right_child=1 2 11 -5 -6 -7 7 14 -10 10 -12 13 -14 -15 -16 -17 -18
leaf_value=44.124035644531261 1.2227140307426456 35.030530802408862 1.1007063865661617 24.037742614746087 16.69376475016276 19.349847412109369 -2.9041914631019941 -1.3380363178253178 -4.3398606878812194 -2.2972413165701759 -0.54690153153406251 -0.45850228884003369 3.9886403322219852 1.599678103129069 0.4199374369212559 1.90501963297526 44.065293375651031
leaf_weight=3.9999999999999982 7.9999999999999982 5.9999999999999982 9.0000000000000018 3 2.9999999999999991 4 176 4.9999999999999982 61 36 45 11.000000000000002 7.9999999999999991 5.9999999999999991 7 3 3
leaf_count=4 8 6 9 3 3 4 176 5 61 36 45 11 8 6 7 3 3
internal_value=-0.267827 -1.25619 8.17093 38.0805 25.9741 28.7583 -2.55553 -3.131 -3.27371 -0.997984 -1.32483 1.36382 2.45973 0.267914 -0.312552 1.4088 44.0989
internal_weight=398 388 47 10 13 10 341 249 237 92 81 34 17 17 12 11 7
internal_count=398 388 47 10 13 10 341 249 237 92 81 34 17 17 12 11 7
is_linear=0
shrinkage=0.05


Tree=6
num_leaves=20
num_cat=0
split_feature=2 3 4 0 3 0 2 4 4 6 2 1 7 3 1 0 0 0 0
split_gain=7.0483e+06 1.88703e+06 1.90176e+06 365378 164331 330111 146870 36810.3 40517.6 31453.3 40961.8 23151.9 20751.6 9785.87 6396.09 4108.13 1030.14 2.255 0.00482262
threshold=1416.2350000000004 0.90343291285488192 36662.500000000007 37462.05000000001 0.92838353939486906 35670.600000000006 7334.9950000000008 43067.500000000007 38325.000000000007 81.500000000000014 5685.2500000000009 27447.965 5.5000000000000009 0.9273945630678232 36126.645000000011 36542.150000000009 32689.050000000003 38681.450000000004 39996.450000000004
decision_type=2 2 2 2 2 2 2 2 2 2 2 2 2 2 2 2 2 2 2
left_child=3 6 4 -1 5 -3 9 8 -8 10 -2 -11 13 -4 -14 -9 -6 -5 -19
right_child=1 2 12 17 16 -7 7 15 -10 11 -12 -13 14 -15 -16 -17 -18 18 -20
leaf_value=23.739677047729494 6.9396379828453068 38.75030822753908 1.6762018339974532 41.866185506184912 18.302245076497393 18.436792373657223 -2.5948816639560088 -1.8867922465006512 -3.9356029664316488 1.3176469993591309 -0.78926768302917472 -1.2306532005529578 -0.87672930189541409 4.4280014197031647 1.1384657965766061 0.24969867799017165 16.991936747233069 41.920694986979157 41.91785990397134
leaf_weight=3.9999999999999991 2.9999999999999991 3.9999999999999982 7.0000000000000018 2.9999999999999982 3 4 143 2.9999999999999991 93 9.9999999999999982 4 82 6.9999999999999991 6 8.9999999999999982 8.9999999999999982 3 3 3
leaf_count=4 3 4 7 3 3 4 143 3 93 10 4 82 7 6 9 9 3 3 3
internal_value=0.0956499 -1.11161 8.76841 36.3133 23.9022 28.5936 -2.33593 -2.98586 -3.12322 -0.707831 2.52312 -0.953664 1.46243 2.94626 0.256818 -0.284424 17.6471 41.9016 41.9193
internal_weight=403 390 43 13 14 8 347 248 236 99 7 92 29 13 16 12 6 9 6
internal_count=403 390 43 13 14 8 347 248 236 99 7 92 29 13 16 12 6 9 6
is_linear=0
shrinkage=0.05


Tree=7
num_leaves=20
num_cat=0
split_feature=2 3 1 7 0 2 6 0 2 7 6 3 8 0 3 6 0 0 0
split_gain=7.08557e+06 1.23279e+06 548210 633562 340293 114328 34553.9 33016.6 32198.3 24460.8 20757.5 18612.2 21990.6 7489.09 7203.89 7181.91 348.618 2.15126 0.00291259
threshold=1416.2350000000004 0.90343291285488192 33610.200000000004 1.5000000000000002 37462.05000000001 7009.4700000000003 81.500000000000014 36390.100000000013 5576.4000000000005 5.5000000000000009 91.500000000000014 0.69848966564274706 3.5000000000000004 37886.500000000007 0.9273945630678232 91.500000000000014 34984.100000000013 38681.450000000004 39996.450000000004
decision_type=2 2 2 2 2 2 2 2 2 2 2 2 2 2 2 2 2 2 2
left_child=4 5 3 16 -1 6 8 -5 -2 14 -8 15 -13 -11 -4 -7 -3 -6 -19
right_child=1 2 9 7 17 11 10 -9 -10 13 -12 12 -14 -15 -16 -17 -18 18 -20
leaf_value=22.552692794799807 6.5926560799280809 1.0597895622253417 1.959729957580564 20.579311828613285 39.77287495930991 -2.92795539132009 -0.35405684250096481 14.598680623372388 -0.25978013873100275 -0.95432145595550488 -2.0483309910215182 -2.9768372752449732 -1.648384714126587 1.1780353331565858 5.2009766101837149 -3.6669574623107914 1.7415691693623856 39.824659220377598 39.822598266601553
leaf_weight=3.9999999999999991 2.9999999999999991 5 3.0000000000000027 9.9999999999999982 2.9999999999999982 96 48 3.0000000000000009 4 7.0000000000000027 29 66 59 9.9999999999999982 4 50 3 3 4
leaf_count=4 3 5 3 10 3 96 48 3 4 7 29 66 59 10 4 50 3 3 4
internal_value=-0.0860513 -1.3098 6.48658 12.3863 34.8781 -2.29807 -0.686399 19.1992 2.67698 1.3243 -0.99216 -2.79763 -2.34981 0.300006 3.81187 -3.18104 1.31546 39.8083 39.8235
internal_weight=414 400 45 21 14 355 84 13 7 24 77 271 125 17 7 146 8 10 7
internal_count=414 400 45 21 14 355 84 13 7 24 77 271 125 17 7 146 8 10 7
is_linear=0
shrinkage=0.05


Tree=8
num_leaves=19
num_cat=0
split_feature=2 3 4 3 3 0 0 4 2 4 2 7 0 1 7 1 0 0
split_gain=6.31506e+06 1.14802e+06 1.2741e+06 112622 72836.4 233402 69260.8 32598.6 43278.1 24417.5 39467 17772.9 13147.2 8313.2 7584.38 5544.32 2.06729 0.000548611
threshold=1416.2350000000004 0.90343291285488192 36662.500000000007 0.83513352419395759 0.92838353939486906 36028.200000000004 37818.900000000009 43067.500000000007 11329.470000000003 37010.000000000007 5059.7900000000009 5.5000000000000009 36542.150000000009 34053.340000000004 5.5000000000000009 36126.645000000011 39080.600000000006 40704.250000000007
decision_type=2 2 2 2 2 2 2 2 2 2 2 2 2 2 2 2 2 2
left_child=6 3 4 7 5 -3 -1 8 -2 10 -5 13 -9 -4 -11 -13 -8 -18
right_child=1 2 11 9 -6 -7 16 12 -10 14 -12 15 -14 -15 -16 -17 17 -19
leaf_value=29.041775004069013 -2.1056995792048321 34.141777547200533 1.3381454825401307 6.9898995081583664 15.697957763671873 15.692437744140623 37.780364990234389 -2.1570635053846563 -3.3519837916398254 -0.24792901890145408 0.26512174010276796 -0.80166666731238334 0.29236583720360482 3.6175638675689701 -2.0466502393995012 1.0073905997806125 37.830721028645819 37.83167724609374
leaf_weight=2.9999999999999991 168 2.9999999999999982 7.9999999999999991 2.9999999999999991 5 4 2.9999999999999982 9.0000000000000018 119 36 7.9999999999999991 8.0000000000000018 13.999999999999998 7.9999999999999991 6.9999999999999991 8.9999999999999982 3 3
leaf_count=3 168 3 8 3 5 4 3 9 119 36 8 8 14 8 7 9 3 3
internal_value=-0.1299 -1.17883 6.35519 -2.11023 20.3071 23.5993 35.6211 -2.4773 -2.62245 -0.00298748 2.09915 1.28178 -0.666107 2.47785 -0.540744 0.15607 37.8143 37.8312
internal_weight=421 409 45 364 12 7 12 310 287 54 11 33 23 16 43 17 9 6
internal_count=421 409 45 364 12 7 12 310 287 54 11 33 23 16 43 17 9 6
is_linear=0
shrinkage=0.05


Tree=9
num_leaves=18
num_cat=0
split_feature=2 3 4 0 0 0 3 6 0 1 4 4 7 2 7 0 0
split_gain=5.81732e+06 1.42729e+06 1.33606e+06 146973 116268 306541 108581 26805.2 24200.7 24152.8 67188.2 26852.9 12290.1 11581.9 7275.05 1.95103 0.000639384
threshold=1416.2350000000004 0.90343291285488192 36662.500000000007 37818.900000000009 34118.500000000007 35670.600000000006 0.8301036915564507 81.500000000000014 40106.350000000006 25505.580000000002 30732.500000000004 43067.500000000007 5.5000000000000009 1544.9650000000004 5.5000000000000009 39080.600000000006 40704.250000000007
decision_type=2 2 2 2 2 2 2 2 2 2 2 2 2 2 2 2 2
left_child=3 6 4 -1 -3 -6 9 8 -8 11 -11 -2 -9 -4 -15 -5 -17
right_child=1 2 13 15 5 -7 7 12 -10 10 -12 -13 -14 14 -16 16 -18
leaf_value=23.306812795003257 -2.9823178428493136 14.250379486083984 4.3816549936930285 35.891347249348968 34.076739120483403 15.506369628906249 6.2831715901692711 -0.10348888936829059 -0.06777591705322264 2.2709446059332956 -2.1918921337198856 -0.30406647149473431 -2.2234859943389895 1.7902545611063638 0.049199774563312523 35.939127349853514 35.94009297688801
leaf_weight=2.9999999999999991 146 4.9999999999999991 3.0000000000000027 2.9999999999999982 3.9999999999999982 5 2.9999999999999991 47 3 8.9999999999999982 134 9.9999999999999982 7.9999999999999991 15 10 4 3
leaf_count=3 146 5 3 3 4 5 3 47 3 9 134 10 8 15 10 4 3
internal_value=0.0940071 -0.970543 7.75194 33.0132 20.3636 23.7599 -1.98817 -0.0656669 3.1077 -2.38038 -1.91101 -2.81064 -0.411852 1.4461 1.09383 35.9251 35.9395
internal_weight=415 402 42 13 14 9 360 61 6 299 143 156 55 28 25 10 7
internal_count=415 402 42 13 14 9 360 61 6 299 143 156 55 28 25 10 7
is_linear=0
shrinkage=0.05


Tree=10
num_leaves=20
num_cat=0
split_feature=2 3 1 7 0 0 2 5 3 6 7 1 1 3 8 1 0 0 0
split_gain=5.14628e+06 864752 408414 559048 272726 88995.6 82850.4 26098.6 31464.7 20322.7 19066.2 16100.6 11628.1 8472.1 6216.55 4954.52 314.627 118.925 0.000578277
threshold=1416.2350000000004 0.90343291285488192 33712.625000000007 1.5000000000000002 37462.05000000001 34118.500000000007 7009.4700000000003 21.500000000000004 0.89725859682965725 90.500000000000014 5.5000000000000009 27447.965 25874.680000000004 0.9273945630678232 3.5000000000000004 36126.645000000011 34984.100000000013 39080.600000000006 40704.250000000007
decision_type=2 2 2 2 2 2 2 2 2 2 2 2 2 2 2 2 2 2 2
left_child=4 6 3 16 -1 -5 7 8 -2 12 13 -9 -8 -4 -11 -12 -3 -6 -19
right_child=1 2 10 5 17 -7 9 11 -10 14 15 -13 -14 -15 -16 -17 -18 18 -20
leaf_value=18.807629585266113 -0.03083762700964765 0.85038007736206045 1.7038525342941275 13.537860717773436 34.518832397460947 22.56998621622721 -2.3706900005770284 1.0428020000457765 5.2738018671671547 -3.3773271255004098 -0.79443952341874446 -1.7347605538368225 -1.5276460714829274 4.9581007003784165 -2.5456236371454204 1.0229794907569887 1.4980707168579099 34.142171478271479 34.143089803059887
leaf_weight=3.9999999999999991 41 5 4.0000000000000018 5 2.9999999999999982 6 86 5.9999999999999991 2.9999999999999991 39 5.9999999999999991 40 78 4 53 9.9999999999999982 3 4 3
leaf_count=4 41 5 4 5 3 6 86 6 3 39 6 40 78 4 53 10 3 4 3
internal_value=0.0583255 -1.01357 5.67363 11.1503 29.8418 18.4645 -1.84464 -0.539739 0.330842 -2.3034 1.33796 -1.37247 -1.96973 3.33098 -2.89819 0.341447 1.09326 34.2554 34.1426
internal_weight=403 389 43 19 14 11 346 90 44 256 24 46 164 8 92 16 8 10 7
internal_count=403 389 43 19 14 11 346 90 44 256 24 46 164 8 92 16 8 10 7
is_linear=0
shrinkage=0.05


Tree=11
num_leaves=17
num_cat=0
split_feature=3 3 4 3 3 0 4 4 4 3 3 6 6 0 4 0
split_gain=4.08744e+06 783801 703950 77698.9 60466.7 102930 30905.6 23143.8 40393.7 22915.8 21397.8 11420.8 11250.3 10946.2 8239.82 0.000387779
threshold=0.96356198017692163 0.90343291285488192 36662.500000000007 0.84061518738612928 0.9595290176582244 39996.450000000004 37010.000000000007 43067.500000000007 38325.000000000007 0.84784979409290895 0.92483692170522314 89.500000000000014 89.500000000000014 37462.05000000001 40910.000000000007 39996.450000000004
decision_type=2 2 2 2 2 2 2 2 2 2 2 2 2 2 2 2
left_child=1 3 10 7 14 -6 9 8 -1 -5 -3 -8 15 -9 -4 -2
right_child=12 2 4 6 5 -7 11 13 -10 -11 -12 -13 -14 -15 -16 -17
leaf_value=-1.7640698906921206 32.43523025512696 19.197037658691411 1.6170814880957971 0.24606024026870729 12.98169250488281 1.2667332553863524 0.18161867283008717 -1.6202920523556792 -2.993241768055134 6.4261097908020011 14.571259918212888 -1.4184508668748956 28.775871785481765 0.66538194641470916 -0.13105355219117232 32.435982259114574
leaf_weight=168 3.9999999999999982 4.9999999999999982 13 2.9999999999999991 3 5 27 11.000000000000002 111 3 5 19 3 9.9999999999999982 14 3
leaf_count=168 4 5 13 3 3 5 27 11 111 3 5 19 3 10 14 3
internal_value=-0.233733 -1.02898 5.18461 -1.82333 1.84189 5.65984 -0.0390452 -2.13261 -2.2531 3.33609 16.8841 -0.47928 31.3376 -0.531876 0.710641 32.4356
internal_weight=407 397 45 352 35 8 52 300 279 6 10 46 10 21 27 7
internal_count=407 397 45 352 35 8 52 300 279 6 10 46 10 21 27 7
is_linear=0
shrinkage=0.05


Tree=12
num_leaves=19
num_cat=0
split_feature=2 3 4 0 3 0 2 4 4 6 2 1 2 6 0 0 0 0
split_gain=4.02612e+06 1.04321e+06 1.01708e+06 213882 96521 269556 93949.3 28277.8 28883.4 26459 21582.2 17657.5 10340.5 3455.03 3020.82 929.706 147.099 0.000496813
threshold=1416.2350000000004 0.90343291285488192 36662.500000000007 37462.05000000001 0.92838353939486906 36028.200000000004 7334.9950000000008 43067.500000000007 38325.000000000007 81.500000000000014 5576.4000000000005 27678.225000000006 1544.9650000000004 94.500000000000014 38050.750000000007 32689.050000000003 39080.600000000006 40704.250000000007
decision_type=2 2 2 2 2 2 2 2 2 2 2 2 2 2 2 2 2 2
left_child=3 6 4 -1 5 -3 9 8 -8 10 -2 -11 -4 -14 -9 -6 -5 -18
right_child=1 2 12 16 15 -7 7 14 -10 11 -12 -13 13 -15 -16 -17 17 -19
leaf_value=15.717312113444009 5.8523042837778725 30.400195503234869 3.7872517744700072 31.232118733723969 13.455294036865233 12.044146156311033 -1.8942228279113771 -0.83732334971427935 -2.994571870505208 1.2871720747514206 -0.14522463480631506 -0.85982747620626077 0.94199496611952771 -0.66774790287017827 0.88513862064906523 12.210501098632809 30.813283538818354 30.814134724934888
leaf_weight=2.9999999999999991 2.9999999999999991 3.9999999999999982 3.0000000000000027 2.9999999999999982 3 4 150 3.9999999999999982 99 10.999999999999998 3 74 20.000000000000004 3.9999999999999991 7 3 4 3
leaf_count=3 3 4 3 3 3 4 150 4 99 11 3 74 20 4 7 3 4 3
internal_value=0.0512414 -0.85661 6.69038 27.4264 17.6268 21.2222 -1.73817 -2.22211 -2.33171 -0.355463 2.85354 -0.58198 1.01965 0.673704 0.258789 12.8329 30.9392 30.8136
internal_weight=405 392 41 13 14 8 351 260 249 91 6 85 27 24 11 6 10 7
internal_count=405 392 41 13 14 8 351 260 249 91 6 85 27 24 11 6 10 7
is_linear=0
shrinkage=0.05


Tree=13
num_leaves=18
num_cat=0
split_feature=2 3 4 0 2 4 4 3 0 4 3 2 8 0 0 0 0
split_gain=3.65134e+06 512493 631167 87388.6 57298.6 27112.2 29049.3 25198.9 58468.5 17638.3 15712.8 10688.4 10339.6 2533.8 1587.69 128.063 0.0558813
threshold=1416.2350000000004 0.89900084757324283 36662.500000000007 37462.05000000001 7684.8150000000014 43067.500000000007 38325.000000000007 0.92838353939486906 36701.650000000001 35390.000000000007 0.84061518738612928 1544.9650000000004 3.5000000000000004 37462.05000000001 33994.750000000007 38681.450000000004 40704.250000000007
decision_type=2 2 2 2 2 2 2 2 2 2 2 2 2 2 2 2 2
left_child=3 4 7 -1 9 6 -6 8 -3 14 -11 -4 -13 -7 -2 -5 -17
right_child=1 2 11 15 5 13 -8 -9 -10 10 -12 12 -14 -15 -16 16 -18
leaf_value=19.548112996419274 0.98211350440978995 22.023152669270843 3.5978892644246425 29.668702189127615 -1.8361780304839646 -0.70775186777114885 -3.0027988809278643 11.964016914367674 12.151602681477861 -1.5100266844630241 -0.1710475544134776 -0.25334242550950303 1.6213743527730302 0.76596138817923398 2.4370759963989252 29.263777669270826 29.273428344726554
leaf_weight=2.9999999999999991 5 2.9999999999999982 2.9999999999999991 2.9999999999999982 138 4.9999999999999982 87 4 3 50 39 19 12.000000000000002 7 3 3 3
leaf_count=3 5 3 3 3 138 5 87 4 3 50 39 19 12 7 3 3 3
internal_value=-0.214575 -1.07658 3.99584 26.9385 -1.7448 -2.16377 -2.28727 15.038 17.0874 -0.721138 -0.923283 0.748137 0.472354 0.151914 1.52772 29.402 29.2686
internal_weight=390 378 44 12 334 237 225 10 6 97 89 34 31 12 8 9 6
internal_count=390 378 44 12 334 237 225 10 6 97 89 34 31 12 8 9 6
is_linear=0
shrinkage=0.05


Tree=14
num_leaves=19
num_cat=0
split_feature=2 3 4 0 2 0 3 4 4 4 4 7 2 3 0 0 0 0
split_gain=3.60777e+06 712063 694725 168254 56598.3 46267.3 95737.8 21863.5 27099.7 15530.1 11962.9 10645.5 5794.82 5784.62 4169.52 3664.21 125.354 0.0620955
threshold=1416.2350000000004 0.90343291285488192 36662.500000000007 37462.05000000001 7579.9600000000009 36390.100000000013 0.92838353939486906 43067.500000000007 33577.500000000007 39715.000000000007 42677.500000000007 5.5000000000000009 5884.4700000000003 0.9273945630678232 36542.150000000009 37462.05000000001 38681.450000000004 39996.450000000004
decision_type=2 2 2 2 2 2 2 2 2 2 2 2 2 2 2 2 2 2
left_child=3 4 5 -1 9 6 -3 8 -6 12 -11 13 -2 -4 -13 -9 -5 -18
right_child=1 2 11 16 7 -7 -8 15 -10 10 -12 14 -14 -15 -16 -17 17 -19
leaf_value=14.551070022583009 0.68002471749981241 20.961065368652349 1.0695121659172906 28.185267130533859 -1.3720345538238001 8.8461420694986987 11.593051910400391 -0.91810610055923481 -2.4840108976573561 -1.8572167679115577 -0.39469602169661688 -1.3139919638633728 -0.48877905795448706 2.9859602723802841 0.55003603758911301 0.85411123207637241 27.800588989257808 27.809688110351559
leaf_weight=2.9999999999999991 24 4.9999999999999982 8.9999999999999982 2.9999999999999991 87 2.9999999999999991 6 4.9999999999999982 148 27 29 3.9999999999999991 19 6.9999999999999991 11.999999999999998 7 3 5
leaf_count=3 24 5 9 3 87 3 6 5 148 27 29 4 19 7 12 7 3 5
internal_value=0.10656 -0.784173 5.0603 25.0471 -1.56118 14.3501 15.8512 -1.96604 -2.07234 -0.551083 -1.09984 0.995994 0.163577 1.90796 0.084029 0.115687 27.9096 27.8063
internal_weight=406 392 46 14 346 14 11 247 235 99 56 32 43 16 16 12 11 8
internal_count=406 392 46 14 346 14 11 247 235 99 56 32 43 16 16 12 11 8
is_linear=0
shrinkage=0.05


Tree=15
num_leaves=18
num_cat=0
split_feature=2 3 4 0 3 0 2 4 2 6 0 7 3 7 0 0 0
split_gain=2.5394e+06 641411 756288 154192 76968 218566 57025.7 17392.4 25556.1 15428.2 11606.5 6622.59 6965.61 5442.63 3726.62 1860.93 95.4629
threshold=1416.2350000000004 0.90343291285488192 36662.500000000007 37462.05000000001 0.92838353939486906 35670.600000000006 7009.4700000000003 43067.500000000007 11329.470000000003 91.500000000000014 33338.400000000001 5.5000000000000009 0.92786880198665689 5.5000000000000009 36542.150000000009 36542.150000000009 39080.600000000006
decision_type=2 2 2 2 2 2 2 2 2 2 2 2 2 2 2 2 2
left_child=3 6 4 -1 5 -3 9 8 -8 13 -11 12 -4 -2 -13 -9 -5
right_child=1 2 11 16 -6 -7 7 15 -10 10 -12 14 -14 -15 -16 -17 -18
leaf_value=14.529911136627199 0.2502701690383986 26.730973815917977 0.99849681854248018 26.776001993815097 9.9719278335571264 10.201992988586424 -1.4941784703909462 -0.99634159406026213 -2.5055454735063081 0.13757214016384542 -2.0421498072774784 -1.4659521579742414 3.7455093065897622 -1.4783457469940187 0.47595019957848961 0.46390236690640452 26.419233398437498
leaf_weight=3.9999999999999991 51 3.9999999999999982 10.000000000000002 3 4 4 134 2.9999999999999991 117 9.0000000000000018 19 3.0000000000000027 2.9999999999999991 4.9999999999999991 13.999999999999998 7.9999999999999991 5
leaf_count=4 51 4 10 3 4 4 134 3 117 9 19 3 3 5 14 8 5
internal_value=-0.107967 -0.808584 5.02635 22.5453 15.635 18.4665 -1.51687 -1.88033 -1.96561 -0.383222 -1.34152 0.782898 1.63242 0.0959295 0.133262 0.065654 26.553
internal_weight=400 388 42 12 12 8 346 262 251 84 28 30 13 56 17 11 8
internal_count=400 388 42 12 12 8 346 262 251 84 28 30 13 56 17 11 8
is_linear=0
shrinkage=0.05


Tree=16
num_leaves=17
num_cat=0
split_feature=2 3 4 3 0 2 2 4 4 4 6 0 0 2 0 0
split_gain=2.65118e+06 709052 626880 75456.1 197256 53867.7 48857.7 23430.4 23747.7 21864.5 25148.4 8422.54 6670.55 5994.47 2592.23 0.159672
threshold=1354.1600000000001 0.90343291285488192 36662.500000000007 0.92838353939486906 35670.600000000006 1544.9650000000004 7579.9600000000009 43067.500000000007 38325.000000000007 39715.000000000007 81.500000000000014 38681.450000000004 36950.400000000009 2568.2200000000003 36542.150000000009 39996.450000000004
decision_type=2 2 2 2 2 2 2 2 2 2 2 2 2 2 2 2
left_child=11 6 3 4 -3 -4 9 8 -8 10 -2 -1 -11 -7 -9 -13
right_child=1 2 5 -5 -6 13 7 14 -10 12 -12 15 -14 -15 -16 -17
leaf_value=21.986193339029949 4.8004457314809166 25.394425773620611 6.2784372997283944 9.7132141113281243 9.6918935775756818 0.057118126224069025 -1.5042384364117949 -1.0090245246887208 -2.5413406747511065 -1.8424237775802614 0.058033609681013155 25.083651224772129 -0.69774642825126654 1.5998943376541139 0.4607348866760731 25.098242187499995
leaf_weight=2.9999999999999991 2.9999999999999991 3.9999999999999982 4.9999999999999991 5 4 17.000000000000004 151 3.9999999999999991 87 20 41 3 35 9.9999999999999982 11.999999999999998 5
leaf_count=3 3 4 5 5 4 17 151 4 87 20 41 3 35 10 12 5
internal_value=0.0311526 -0.638089 5.27274 14.5316 17.5432 1.51132 -1.39159 -1.75883 -1.88335 -0.449383 0.38138 24.2455 -1.11399 0.628517 0.093295 25.0928
internal_weight=409 398 45 13 8 32 353 254 238 99 44 11 55 27 16 8
internal_count=409 398 45 13 8 32 353 254 238 99 44 11 55 27 16 8
is_linear=0
shrinkage=0.05


Tree=17
num_leaves=19
num_cat=0
split_feature=2 3 4 0 3 1 4 1 4 4 1 7 0 3 1 0 6 0
split_gain=2.32035e+06 426601 510834 127065 106516 43888.1 49667.3 39695.1 14522.8 25302.2 10201.4 7897.21 7378.98 6049.06 3564.41 1435.18 201.286 0.121345
threshold=1416.2350000000004 0.90343291285488192 36662.500000000007 37462.05000000001 0.92483692170522314 25705.245000000003 38325.000000000007 32503.655000000006 43067.500000000007 38325.000000000007 32554.610000000004 5.5000000000000009 33105.450000000004 0.9273945630678232 36126.645000000011 37016.250000000007 88.500000000000014 40704.250000000007
decision_type=2 2 2 2 2 2 2 2 2 2 2 2 2 2 2 2 2 2
left_child=3 5 4 -1 -3 8 7 -7 9 -2 -8 13 -6 -4 -13 -10 17 -5
right_child=1 2 11 16 12 6 10 -9 15 -11 -12 14 -14 -15 -16 -17 -18 -19
leaf_value=13.29314661026001 -1.7363173067569733 18.590112152099614 0.85955081462860117 23.82917785644532 10.462299601236976 -0.052461597323417666 -1.6730745393218418 5.8175909837087003 -1.0127399285634362 -3.3387009405320693 -0.50411590907884685 -0.70072880536317794 6.9554061889648429 2.8677102804183963 0.71524483174085618 0.2943741083145141 24.337893168131504 23.843399047851559
leaf_weight=3.9999999999999991 120 4.9999999999999982 9.9999999999999982 2.9999999999999982 3 72 99 2.9999999999999991 2.9999999999999982 31 23 8.0000000000000018 3 5.9999999999999991 9.9999999999999982 7 3 3
leaf_count=4 120 5 10 3 3 72 99 3 3 31 23 8 3 6 10 7 3 3
internal_value=-0.083252 -0.753938 3.83449 20.708 13.2003 -1.3307 -0.830221 0.182341 -1.94308 -2.06528 -1.4527 0.804364 8.70885 1.61261 0.0859232 -0.0977601 24.0035 23.8363
internal_weight=416 403 45 13 11 358 197 75 161 151 122 34 6 16 18 10 9 6
internal_count=416 403 45 13 11 358 197 75 161 151 122 34 6 16 18 10 9 6
is_linear=0
shrinkage=0.05


Tree=18
num_leaves=18
num_cat=0
split_feature=2 3 4 0 0 3 3 6 4 2 2 6 2 3 8 0 0
split_gain=2.00416e+06 546661 550379 102661 71551.8 186058 47435.9 21330.4 14730.4 25513.9 14080 8092.29 7000.46 4843.05 2478.81 155.712 0.000413418
threshold=1416.2350000000004 0.90343291285488192 36662.500000000007 37462.05000000001 35670.600000000006 0.92838353939486906 0.83513352419395759 91.500000000000014 37010.000000000007 5171.5200000000013 10310.590000000002 90.500000000000014 11540.145000000002 0.9595290176582244 3.5000000000000004 39482.55000000001 40704.250000000007
decision_type=2 2 2 2 2 2 2 2 2 2 2 2 2 2 2 2 2
left_child=3 6 4 -1 5 -3 7 10 9 -8 -2 -10 -9 14 -4 -5 -17
right_child=1 2 13 15 -6 -7 8 12 11 -11 -12 -13 -14 -15 -16 16 -18
leaf_value=12.118441009521485 -0.72513745269456575 23.486065769195562 -0.045993782145281617 23.092824300130218 7.2206003189086916 9.5644755045572918 5.7178030649820988 -1.7501757738883037 0.18761976361274721 0.070467301209767658 -1.5725296828372961 -1.2607090984072005 -2.6068522581240026 2.3413487121462824 0.97029196421305342 22.652058919270829 22.651228841145826
leaf_weight=2.9999999999999991 86 3.9999999999999982 12.000000000000004 2.9999999999999982 3.9999999999999991 6 2.9999999999999982 57 31 6 114 13.999999999999998 41 3.9999999999999991 12 3 3
leaf_count=3 86 4 12 3 4 6 3 57 31 6 114 14 41 4 12 3 3
internal_value=-0.000774676 -0.613853 4.77787 20.1286 12.8724 15.1331 -1.25718 -1.50427 0.106343 1.95291 -1.20815 -0.262971 -2.10858 0.730606 0.462149 22.7987 22.6516
internal_weight=406 394 42 12 14 10 352 298 54 9 200 45 98 28 24 9 6
internal_count=406 394 42 12 14 10 352 298 54 9 200 45 98 28 24 9 6
is_linear=0
shrinkage=0.05


Tree=19
num_leaves=18
num_cat=0
split_feature=2 3 4 0 0 0 2 4 4 4 3 3 5 3 0 0 0
split_gain=2.35585e+06 522491 635791 43818.4 137018 38172.6 37034 28671.7 16636 30707.7 14365.5 7666.74 7944.9 4587.19 1678.94 183.105 0.594369
threshold=1416.2350000000004 0.89900084757324283 36662.500000000007 34118.500000000007 35670.600000000006 37462.05000000001 8463.4600000000009 32370.000000000004 43067.500000000007 38325.000000000007 0.84304646565881847 0.9595290176582244 22.500000000000004 0.79445704648224813 37016.250000000007 38681.450000000004 39996.450000000004
decision_type=2 2 2 2 2 2 2 2 2 2 2 2 2 2 2 2 2
left_child=5 6 3 -3 -5 -1 7 13 9 -8 -9 12 -4 -2 -10 -7 -17
right_child=1 2 11 4 -6 15 8 10 14 -11 -12 -13 -14 -15 -16 16 -18
leaf_value=15.270360819498698 2.9578383445739749 9.5763526153564467 0.67724239755617921 22.311763286590583 9.8962286376953106 21.966356913248699 -1.3638012099525203 -1.2090056539809968 -0.77759368419647223 -2.7266933441162111 -0.10860530375079676 2.284610457420349 -1.2932519946779524 0.95439406871795662 0.45354617068078373 21.490715026855465 21.518866271972655
leaf_weight=2.9999999999999991 3.9999999999999991 4.9999999999999991 19.000000000000007 3.9999999999999982 5 2.9999999999999991 138 91 3.9999999999999991 59 44 4.9999999999999991 6.9999999999999991 9.9999999999999982 8.9999999999999982 3 5
leaf_count=3 4 5 19 4 5 3 138 91 4 59 44 5 7 10 9 3 5
internal_value=0.105487 -0.593275 4.48551 13.3293 15.4142 20.2698 -1.22989 -0.626999 -1.65766 -1.77198 -0.850357 0.491545 0.146725 1.52681 0.0747339 21.6332 21.5083
internal_weight=418 404 45 14 9 14 359 149 210 197 135 31 26 14 13 11 8
internal_count=418 404 45 14 9 14 359 149 210 197 135 31 26 14 13 11 8
is_linear=0
shrinkage=0.05


Tree=20
num_leaves=18
num_cat=0
split_feature=2 3 4 3 0 3 2 4 6 4 7 4 4 6 0 5 0
split_gain=1.89269e+06 527487 443353 51463.9 133662 37262 35925.8 14805.7 18722.9 14564 34392 12258.6 7098.99 2056.91 681.375 165.253 0.536447
threshold=1354.1600000000001 0.90343291285488192 36662.500000000007 0.92838353939486906 35670.600000000006 0.83513352419395759 1544.9650000000004 40910.000000000007 81.500000000000014 33577.500000000007 1.0000000180025095e-35 43067.500000000007 42677.500000000007 91.500000000000014 32689.050000000003 21.500000000000004 39996.450000000004
decision_type=2 2 2 2 2 2 2 2 2 2 2 2 2 2 2 2 2
left_child=15 5 3 4 -3 9 -4 8 -7 10 -2 -11 -9 -8 -5 16 -1
right_child=1 2 6 14 -6 7 13 12 -10 11 -12 -13 -14 -15 -16 -17 -18
leaf_value=20.416178894042975 2.1160589853922529 21.196174621582038 4.9691156578063937 9.1402624766031888 8.2703461647033674 4.6348933855692493 0.71520624098678409 -1.5817540572239803 0.43518854224163556 -1.7138485737353066 -1.1419791260067329 -0.40865121304988866 -0.1080196912315759 -0.25574696302413941 8.0746055603027322 20.868039957682285 20.442923278808593
leaf_weight=2.9999999999999982 8.9999999999999982 3.9999999999999982 5.0000000000000027 3 4 3.0000000000000027 12.000000000000002 12.999999999999998 23 179 81 20 22 9.9999999999999982 3 3 5
leaf_count=3 9 4 5 3 4 3 12 13 23 179 81 20 22 10 3 3 5
internal_value=0.0970538 -0.478393 4.88735 12.1079 14.7333 -1.10695 1.14335 0.01598 0.91977 -1.34397 -0.816175 -1.58267 -0.655407 0.273864 8.60743 20.5516 20.4329
internal_weight=402 391 41 14 8 350 27 61 26 289 90 199 35 22 6 11 8
internal_count=402 391 41 14 8 350 27 61 26 289 90 199 35 22 6 11 8
is_linear=0
shrinkage=0.05


Tree=21
num_leaves=17
num_cat=0
split_feature=2 3 4 0 3 1 4 1 2 4 4 7 0 4 0 0
split_gain=1.59926e+06 444387 364576 57741.1 123481 40254.7 33623.4 29320.2 28651.6 15877.2 20837.6 6970.4 4003.98 2561.89 815.772 0.67424
threshold=1354.1600000000001 0.90343291285488192 36662.500000000007 35670.600000000006 0.92838353939486906 26125.715000000004 38325.000000000007 32503.655000000006 1544.9650000000004 43067.500000000007 38325.000000000007 1.0000000180025095e-35 38272.000000000007 40910.000000000007 36542.150000000009 39482.55000000001
decision_type=2 2 2 2 2 2 2 2 2 2 2 2 2 2 2 2
left_child=12 5 3 4 -3 9 7 -7 -4 10 -2 -8 -1 -10 -11 -14
right_child=1 2 8 -5 -6 6 11 -9 13 14 -12 -13 15 -15 -16 -17
leaf_value=17.268588256835937 -1.4475263770353997 20.136366176605232 4.7206598663330039 7.075041351318359 7.7125685691833485 0.056661363615505937 -1.855188129425049 5.1059990425904598 1.1454768787730822 -0.60578142801920576 -2.7806504029494068 -0.90667957424424417 19.39178568522135 0.12580608129501342 0.34627609598553843 19.421768798828126
leaf_weight=2.9999999999999991 118 3.9999999999999982 5.0000000000000027 5 4 69 25 2.9999999999999991 11 2.9999999999999991 39 86 3 14 8.9999999999999982 5
leaf_count=3 118 4 5 5 4 69 25 3 11 3 39 86 3 14 9 5
internal_value=0.0215391 -0.502139 4.29618 11.2901 13.9245 -1.0883 -0.574462 0.26705 1.26549 -1.6447 -1.77868 -1.12031 18.8264 0.574461 0.108262 19.4105
internal_weight=406 395 43 13 8 352 183 72 30 169 157 111 11 25 12 8
internal_count=406 395 43 13 8 352 183 72 30 169 157 111 11 25 12 8
is_linear=0
shrinkage=0.05


Tree=22
num_leaves=18
num_cat=0
split_feature=2 3 4 6 1 3 1 4 6 4 4 7 3 3 1 1 2
split_gain=1.24168e+06 376159 357171 68804.6 43171.9 106097 25426.4 31412.7 11437 9321.29 18265.5 6583.18 5541.27 4948.72 933.415 645.941 0.0540034
threshold=1416.2350000000004 0.90343291285488192 36662.500000000007 91.500000000000014 32587.75 0.92838353939486906 25505.580000000002 30732.500000000004 89.500000000000014 43067.500000000007 38325.000000000007 5.5000000000000009 0.79445704648224813 0.9273945630678232 21540.075000000001 36384.995000000003 1244.9300000000003
decision_type=2 2 2 2 2 2 2 2 2 2 2 2 2 2 2 2 2
left_child=3 6 4 16 5 -3 9 12 -9 10 -2 13 -8 -4 -11 -13 -1
right_child=1 2 11 -5 -6 -7 7 8 -10 14 -12 15 -14 -15 -16 -17 -18
leaf_value=18.446326446533206 -1.3282494910337308 19.129547977447512 0.78158953984578439 10.418975305557248 6.1340806325276702 8.204409637451171 2.8702716445922856 -0.58244040563702582 -1.4143789111621796 -0.80882569948832228 -2.6425903265816828 -0.27700420419375094 0.83165574073791504 2.911455450057983 0.24531301323856625 0.4092892020940781 18.454542541503905
leaf_weight=3.9999999999999982 108 3.9999999999999982 6 4 2.9999999999999991 5 4.9999999999999991 120 63 2.9999999999999982 35 6.0000000000000009 9.9999999999999982 5 7 7.9999999999999991 4
leaf_count=4 108 4 6 4 3 5 5 120 63 3 35 6 10 5 7 8 4
internal_value=-0.0672518 -0.557165 4.23788 15.7733 11.3285 13.06 -1.06263 -0.688539 -0.868845 -1.54674 -1.64994 0.834364 1.51119 1.74971 -0.0709286 0.115163 18.4504
internal_weight=400 388 37 12 12 9 351 198 183 153 143 25 15 11 10 14 8
internal_count=400 388 37 12 12 9 351 198 183 153 143 25 15 11 10 14 8
is_linear=0
shrinkage=0.05


Tree=23
num_leaves=19
num_cat=0
split_feature=2 3 4 3 0 3 0 4 7 4 4 3 4 7 3 0 0 0
split_gain=1.35112e+06 315759 375204 36235.1 86225.9 36014.6 19465.8 16338.4 21912 11141.1 10863.7 15968.7 7224.19 5838.62 5712.93 2372.58 190.294 0.378012
threshold=1416.2350000000004 0.90343291285488192 36662.500000000007 0.92838353939486906 36028.200000000004 0.83513352419395759 37462.05000000001 33577.500000000007 1.0000000180025095e-35 43067.500000000007 40910.000000000007 0.86525072049997431 43907.500000000007 5.5000000000000009 0.9273945630678232 36950.400000000009 38681.450000000004 39996.450000000004
decision_type=2 2 2 2 2 2 2 2 2 2 2 2 2 2 2 2 2 2
left_child=6 5 3 4 -3 7 -1 8 -2 -9 11 -7 -12 14 -4 -15 -8 -18
right_child=1 2 13 -5 -6 10 16 9 -10 -11 12 -13 -14 15 -16 -17 17 -19
leaf_value=13.027291870117189 1.5610579800605775 18.173070621490481 0.6510594296455382 7.7941892242431621 6.9594106038411443 0.4484399338563283 18.003093973795579 -1.5687601311373589 -0.9249648891962492 -0.32902322858572008 -0.94366683493489811 4.3176305055618291 0.80069535374641387 -1.2995017369588218 2.7210097694396973 0.26043747457174155 17.502827453613275 17.527927652994787
leaf_weight=2.9999999999999991 9.9999999999999982 3.9999999999999982 10.000000000000002 5 3 24.000000000000004 2.9999999999999982 193 78 20 23 2.9999999999999991 8.0000000000000018 2.9999999999999991 4.9999999999999991 12.999999999999998 3 3
leaf_count=3 10 4 10 5 3 24 3 193 78 20 23 3 8 3 5 13 3 3
internal_value=-0.0172548 -0.510763 3.53824 11.0451 13.3672 -0.995741 16.5153 -1.21557 -0.642462 -1.45235 0.145115 0.87835 -0.493509 0.632349 1.34104 -0.0320511 17.6779 17.5154
internal_weight=414 402 43 12 7 359 12 301 88 213 58 27 31 31 15 16 9 6
internal_count=414 402 43 12 7 359 12 301 88 213 58 27 31 31 15 16 9 6
is_linear=0
shrinkage=0.05


Tree=24
num_leaves=17
num_cat=0
split_feature=3 3 4 3 0 3 3 4 4 1 3 5 6 0 3 0
split_gain=799700 320800 340123 54217.7 29773.8 92233.5 21124.5 15010.6 20470.8 6562.02 7129.08 6278.73 1995.21 684.91 510.302 0.873779
threshold=0.96625196009263559 0.89900084757324283 36662.500000000007 0.96077049496469036 35670.600000000006 0.92838353939486906 0.78933681928533939 43067.500000000007 38325.000000000007 27447.965 0.84061518738612928 22.500000000000004 83.500000000000014 36701.650000000001 0.81019813815174813 39482.55000000001
decision_type=2 2 2 2 2 2 2 2 2 2 2 2 2 2 2 2
left_child=1 6 4 11 5 -3 7 8 -1 14 -11 -4 -9 -6 -8 -2
right_child=15 2 3 -5 13 -7 9 12 -10 10 -12 -13 -14 -15 -16 -17
leaf_value=-1.0009560467004777 16.616127014160156 17.264417290687565 0.60063045566732232 5.6751434326171877 6.7021019617716453 6.5270102500915517 1.4369975407918298 1.4143922487894693 -2.0266124571363133 -0.8588511186130976 -0.006542950584774926 -0.82118608256181091 -0.016121325584558342 7.7705195109049461 0.63832502365112298 16.651823806762692
leaf_weight=150 2.9999999999999991 3.9999999999999982 22 4.9999999999999991 3 4 2.9999999999999982 2.9999999999999991 72 59 42 11.999999999999998 12.999999999999998 3 6 4
leaf_count=150 3 4 22 5 3 4 3 3 72 59 42 12 13 3 6 4
internal_value=-0.117788 -0.410257 3.21356 0.813727 9.89883 11.8957 -0.962161 -1.227 -1.3336 -0.389146 -0.504426 0.0988129 0.2521 7.23631 0.904549 16.6365
internal_weight=408 401 53 39 14 8 348 238 222 110 101 34 16 6 9 7
internal_count=408 401 53 39 14 8 348 238 222 110 101 34 16 6 9 7
is_linear=0
shrinkage=0.05


Tree=25
num_leaves=20
num_cat=0
split_feature=2 2 4 0 0 6 1 4 4 4 4 6 1 0 0 0 6 0 0
split_gain=1.131e+06 263451 368103 57541.7 27213.6 77261.8 23155.2 27536.3 10822.6 10000.1 17588.7 5746.89 3492.37 5067.03 3285.05 907.917 618.131 573.165 0.205102
threshold=1416.2350000000004 3829.4250000000006 36662.500000000007 37462.05000000001 35670.600000000006 90.500000000000014 25994.050000000003 30732.500000000004 38325.000000000007 43067.500000000007 38325.000000000007 86.500000000000014 32324.600000000002 36028.200000000004 35239.05000000001 36542.150000000009 83.500000000000014 38681.450000000004 40289.400000000001
decision_type=2 2 2 2 2 2 2 2 2 2 2 2 2 2 2 2 2 2 2
left_child=3 2 4 -1 5 -2 9 11 -9 10 -3 -8 14 -14 -4 -11 -6 -5 -19
right_child=1 6 12 17 16 -7 7 8 -10 15 -12 -13 13 -15 -16 -17 -18 18 -20
leaf_value=8.9629042625427253 16.401196146011355 -1.1428411940236887 0.34797888994216913 16.636833190917976 7.381993802388509 7.0781292724609361 2.7244108835856125 -0.11910130994824263 -0.99447777016596361 -0.63029384613037109 -2.3535114717483521 0.72668848302629263 2.1673322021961194 0.26048652684247053 -1.6784250259399411 0.27504964437749652 6.3669968287150054 15.800912475585932 15.8182071685791
leaf_weight=3.9999999999999991 3.9999999999999982 120 4 2.9999999999999982 2.9999999999999991 5 5.9999999999999991 52 110 3.9999999999999991 40 8.9999999999999982 4.0000000000000027 27 4 8.9999999999999982 3 3 4
leaf_count=4 4 120 4 3 3 5 6 52 110 4 40 9 4 27 4 9 3 3 4
internal_value=0.0598911 -0.424265 2.82635 14.0313 9.48283 11.2217 -0.925789 -0.523724 -0.713493 -1.33715 -1.44551 1.52578 0.266171 0.506531 -0.665223 -0.00351758 6.8745 16.0586 15.8108
internal_weight=418 404 54 14 15 9 350 177 162 173 160 15 39 31 8 13 6 10 7
internal_count=418 404 54 14 15 9 350 177 162 173 160 15 39 31 8 13 6 10 7
is_linear=0
shrinkage=0.05


Tree=26
num_leaves=18
num_cat=0
split_feature=3 3 4 3 0 3 0 3 4 4 4 0 1 6 0 6 0
split_gain=896686 180956 103820 40201.6 47993.8 18886.5 14396 33666.8 10472.7 16393 6342.7 3168.74 2682.78 1384.72 1220.7 571.564 0.44536
threshold=0.96356198017692163 0.90343291285488192 36662.500000000007 0.9595290176582244 40289.400000000001 0.78933681928533939 36390.100000000013 0.92483692170522314 43067.500000000007 38325.000000000007 39715.000000000007 35916.30000000001 29753.665000000005 94.500000000000014 38272.000000000007 87.500000000000014 39996.450000000004
decision_type=2 2 2 2 2 2 2 2 2 2 2 2 2 2 2 2 2
left_child=1 5 6 13 -5 8 7 -3 9 -1 12 -12 -7 -4 -2 -10 -16
right_child=14 2 3 4 -6 10 -8 -9 15 -11 11 -13 -14 -15 16 -17 -18
leaf_value=-0.92141090049534236 13.811432902018234 11.803185399373376 0.24972401346479139 7.9597111940383911 -0.40634615918000527 -0.20064155207230497 3.478947639465332 5.3160049438476555 0.63633855779965731 -1.8328537194310011 -1.3934397061665855 -0.49949611299916319 0.60712523109772631 -0.76531342901289467 15.002363077799476 -0.053809047242005664 15.027848052978513
leaf_weight=148 2.9999999999999982 2.9999999999999982 21.000000000000004 3.9999999999999991 3 26 2.9999999999999991 6 5.9999999999999982 74 11.999999999999998 57 17 3.9999999999999991 3 6 4
leaf_count=148 3 3 21 4 3 26 3 6 6 74 12 57 17 4 3 6 4
internal_value=-0.128737 -0.507815 2.51239 1.02509 4.37426 -0.891887 6.47854 7.4784 -1.14746 -1.22523 -0.35793 -0.654965 0.118708 0.087318 14.6553 0.291265 15.0169
internal_weight=400 390 44 32 7 346 12 9 234 222 112 69 43 25 10 12 7
internal_count=400 390 44 32 7 346 12 9 234 222 112 69 43 25 10 12 7
is_linear=0
shrinkage=0.05


Tree=27
num_leaves=20
num_cat=0
split_feature=2 2 4 0 0 0 2 4 4 4 6 0 6 4 0 6 0 0 2
split_gain=838127 220961 297435 45782.9 26015.8 67947.2 22361.6 12883.1 9901.76 10308.2 9200.56 5866.26 4101.48 1605.63 1016.73 747.897 614.941 279.328 0.000807606
threshold=1416.2350000000004 3829.4250000000006 36662.500000000007 37462.05000000001 34118.500000000007 35670.600000000006 10548.490000000003 30732.500000000004 43067.500000000007 38325.000000000007 90.500000000000014 34715.350000000013 94.500000000000014 40910.000000000007 36542.150000000009 95.500000000000014 32689.050000000003 39080.600000000006 1231.7750000000003
decision_type=2 2 2 2 2 2 2 2 2 2 2 2 2 2 2 2 2 2 2
left_child=3 2 4 -1 16 -6 7 11 9 -8 -9 -3 13 -4 -10 -14 -2 -5 -19
right_child=1 6 12 17 5 -7 8 10 14 -11 -12 -13 15 -15 -16 -17 -18 18 -20
leaf_value=8.0436271667480472 6.5516339619954422 0.2929497131934532 0.83476677934328691 14.866539001464851 15.153156423568729 6.4101272964477536 -1.1625216400871674 -0.36316163825492065 -0.59608869552612309 -2.1178757286071779 -1.1122699707746506 2.482593870162964 -0.48474311033884687 0.06966063380241394 0.38022288531064991 -1.6012083649635311 5.5392597834269193 14.276221720377601 14.275061543782549
leaf_weight=3.9999999999999991 2.9999999999999991 13.000000000000002 12.000000000000002 2.9999999999999982 3.9999999999999982 5 96 114 3.9999999999999991 40 64 3.9999999999999991 2.9999999999999991 15.999999999999998 7.9999999999999991 3 3 3 3
leaf_count=4 3 13 12 3 4 5 96 114 4 40 64 4 3 16 8 3 3 3 3
internal_value=0.0042745 -0.409941 2.73081 12.4945 8.59573 10.2959 -0.85862 -0.506908 -1.32202 -1.44351 -0.632504 0.80816 0.143351 0.397563 0.0547857 -1.04298 6.04545 14.4726 14.2756
internal_weight=405 392 49 13 15 9 343 195 148 136 178 17 34 28 12 6 6 9 6
internal_count=405 392 49 13 15 9 343 195 148 136 178 17 34 28 12 6 6 9 6
is_linear=0
shrinkage=0.05


Tree=28
num_leaves=19
num_cat=0
split_feature=2 3 4 3 0 6 3 6 7 2 7 0 2 2 6 0 0 0
split_gain=686706 232516 286618 43945.3 150166 41234.9 17493.6 8709.83 7892.97 6413.05 4136.11 6203.69 3716.65 2865.74 1085.63 554.984 472.625 113.203
threshold=1416.2350000000004 0.89900084757324283 36662.500000000007 0.92838353939486906 36028.200000000004 91.500000000000014 0.84061518738612928 93.500000000000014 5.5000000000000009 10548.490000000003 5.5000000000000009 35950.350000000006 4765.0900000000011 11616.190000000002 93.500000000000014 32689.050000000003 39080.600000000006 38067.750000000007
decision_type=2 2 2 2 2 2 2 2 2 2 2 2 2 2 2 2 2 2
left_child=5 6 3 4 -3 16 7 9 12 -2 11 -4 -8 -9 -12 -5 -1 -10
right_child=1 2 10 15 -6 -7 8 13 17 -11 14 -13 -14 -15 -16 -17 -18 -19
leaf_value=14.355119832356776 -0.52923269505302117 20.247601318359383 -0.12161649465560914 6.224052174886066 6.0976321792602528 7.6414458751678458 -0.072565684384769874 -1.1684621151755838 -1.4354106140136718 -1.0399658538755918 -0.083934839747168782 1.8474706411361694 0.93004864077819027 -1.8736503057479859 -1.1569819132486978 5.2622967402140288 13.561289367675778 -1.046904675165812
leaf_weight=2.9999999999999982 120 2.9999999999999982 7.9999999999999991 3 5 4 18 34 5 126 11.000000000000002 7.9999999999999991 19 25 2.9999999999999991 3 5 3
leaf_count=3 120 3 8 3 5 4 18 34 5 126 11 8 19 25 3 3 5 3
internal_value=0.00363199 -0.355236 3.07051 8.97786 11.4039 11.7865 -0.785902 -0.921681 0.134377 -0.790828 0.313753 0.862927 0.44229 -1.46727 -0.313873 5.74317 13.859 -1.28972
internal_weight=406 394 44 14 8 12 350 305 45 246 30 16 37 59 14 6 8 8
internal_count=406 394 44 14 8 12 350 305 45 246 30 16 37 59 14 6 8 8
is_linear=0
shrinkage=0.05


Tree=29
num_leaves=18
num_cat=0
split_feature=2 3 4 2 0 3 1 4 4 4 4 3 3 7 0 0 0
split_gain=605219 161505 221999 31310.4 19311.2 54633 16263.7 21198.8 6861.17 10951.1 6509.22 5240.51 5185.98 4636.89 1396.14 423.422 382.369
threshold=1416.2350000000004 0.89900084757324283 36662.500000000007 1354.1600000000001 35670.600000000006 0.92838353939486906 25505.580000000002 30732.500000000004 43067.500000000007 38325.000000000007 43067.500000000007 0.79445704648224813 0.90343291285488192 5.5000000000000009 36701.650000000001 39482.55000000001 37016.250000000007
decision_type=2 2 2 2 2 2 2 2 2 2 2 2 2 2 2 2 2
left_child=3 6 4 15 5 -3 8 11 9 -2 -9 -8 -4 -14 -6 -1 -10
right_child=1 2 12 -5 14 -7 7 10 16 -11 -12 -13 13 -15 -16 -17 -18
leaf_value=13.637363942464198 -0.95649110685046923 13.383118534088139 -1.2465965986251832 7.1780576070149724 4.7360044797261542 5.1192654609680162 2.5305864016215009 -0.66852926994777384 -0.37399648825327558 -1.9759142062243293 0.35991058630101824 0.62290645705329051 1.1256658109029134 -0.080447590701720306 6.2614222844441718 12.885990295410153 0.28791853040456772
leaf_weight=2.9999999999999982 117 3.9999999999999982 4.9999999999999991 3 3 4 5.9999999999999991 162 2.9999999999999991 34 17 8.9999999999999982 14.999999999999998 17 3 5 7.9999999999999991
leaf_count=3 117 4 5 3 3 4 6 162 3 34 17 9 15 17 3 5 8
internal_value=-0.0386133 -0.351392 2.28012 11.5342 7.64299 9.25119 -0.728379 -0.419555 -1.0982 -1.18603 -0.570856 1.38598 0.25093 0.484918 5.49871 13.1678 0.107396
internal_weight=418 407 51 11 14 8 356 194 162 151 179 15 37 32 6 8 11
internal_count=418 407 51 11 14 8 356 194 162 151 179 15 37 32 6 8 11
is_linear=0
shrinkage=0.05


Tree=30
num_leaves=17
num_cat=0
split_feature=3 3 4 0 1 4 3 3 0 3 7 4 3 6 1 0
split_gain=584388 168828 183454 58315.7 15266.7 19475.6 11978.6 11040.7 12497.3 8575.66 5684.26 6037.55 4527.62 1531.62 242.163 8.27284
threshold=0.96204635176159281 0.90343291285488192 36662.500000000007 35670.600000000006 24325.190000000002 30732.500000000004 0.96625196009263559 0.9595290176582244 39996.450000000004 0.84304646565881847 5.5000000000000009 43067.500000000007 0.79445704648224813 87.500000000000014 20640.935000000009 39996.450000000004
decision_type=2 2 2 2 2 2 2 2 2 2 2 2 2 2 2 2
left_child=1 4 3 -3 10 12 -2 13 -9 -7 11 -1 -6 -4 -12 -8
right_child=6 2 7 -5 5 9 15 8 -10 -11 14 -13 -14 -15 -16 -17
leaf_value=-1.3937709988418379 8.9886224699020403 12.643138847351077 0.94008101092444452 4.5434396028518673 2.5678689193725588 -0.72666457203039203 12.130136362711585 5.1043381373087566 0.54048182964324931 0.022641253897121974 -0.1892347974533384 0.036479795165359978 0.69130823479758374 0.11502426465352376 -0.55077734589576721 12.239975166320798
leaf_weight=95 4.9999999999999982 4.9999999999999982 9.0000000000000053 4 4.9999999999999991 173 3 2.9999999999999991 3 49 11.000000000000002 7.9999999999999991 8.9999999999999982 14.999999999999998 7.9999999999999991 4
leaf_count=95 5 5 9 4 5 173 3 3 3 49 11 8 9 15 8 4
internal_value=-0.0130641 -0.341654 2.78231 9.04327 -0.681974 -0.447214 10.8578 0.904018 2.82241 -0.561277 -1.1361 -1.28268 1.36151 0.424421 -0.341463 12.1929
internal_weight=409 397 39 9 358 236 12 30 6 222 122 103 14 24 19 7
internal_count=409 397 39 9 358 236 12 30 6 222 122 103 14 24 19 7
is_linear=0
shrinkage=0.05


Tree=31
num_leaves=18
num_cat=0
split_feature=2 3 7 7 6 2 8 6 6 0 7 7 6 6 0 6 0
split_gain=579007 140597 57705.6 72006.1 57722.8 12784.7 6990.07 6192.91 4254.46 4083.35 3604.39 2745.48 1125.95 992.09 600.075 423.853 11.8139
threshold=1354.1600000000001 0.89900084757324283 5.5000000000000009 1.5000000000000002 94.500000000000014 8463.4600000000009 3.5000000000000004 86.500000000000014 89.500000000000014 35916.30000000001 5.5000000000000009 2.5000000000000004 85.500000000000014 93.500000000000014 38272.000000000007 82.500000000000014 39482.55000000001
decision_type=2 2 2 2 2 2 2 2 2 2 2 2 2 2 2 2 2
left_child=14 5 3 12 -5 6 9 11 -8 -2 -9 -7 -3 15 -1 -4 -16
right_child=1 2 13 4 -6 7 8 10 -10 -11 -12 -13 -14 -15 16 -17 -18
leaf_value=10.754088465372723 -1.2244831938492624 1.2256462383270266 -0.62571766376495297 6.6141904890537253 0.45946929931640623 -0.098717269949291073 0.51712229624390604 -1.2421569101476264 -0.32682243032114849 -0.39921766259300878 -0.43551501270849258 -0.75477765271296871 0.30670026719570159 -1.1008616447448731 11.504855092366533 0.044760671528902923 11.630361328124998
leaf_weight=2.9999999999999991 19 4.9999999999999991 3.0000000000000027 16.000000000000004 4.9999999999999991 23 32 103 28 71 15.999999999999998 52 9.9999999999999982 2.9999999999999991 3 10.999999999999998 5
leaf_count=3 19 5 3 16 5 23 32 103 28 71 16 52 10 3 3 11 5
internal_value=0.0414677 -0.272065 2.12514 3.25888 5.14878 -0.641401 -0.294752 -0.90943 0.123281 -0.57344 -1.1337 -0.553586 0.613016 -0.275728 11.3571 -0.0989133 11.5833
internal_weight=408 397 53 36 21 344 150 194 60 90 119 75 15 17 11 14 8
internal_count=408 397 53 36 21 344 150 194 60 90 119 75 15 17 11 14 8
is_linear=0
shrinkage=0.05


Tree=32
num_leaves=16
num_cat=0
split_feature=2 2 4 6 2 4 2 0 3 2 6 4 4 6 2
split_gain=368231 99774.1 110551 14657.1 12553.6 10197.7 11041.6 9344.75 23980.2 4887.14 4349.54 3884.71 2991.74 2585.27 1680.29
threshold=1354.1600000000001 3829.4250000000006 36662.500000000007 90.500000000000014 1544.9650000000004 43067.500000000007 13831.405000000001 36390.100000000013 0.92838353939486906 11766.820000000002 93.500000000000014 38325.000000000007 43067.500000000007 82.500000000000014 1244.9300000000003
decision_type=2 2 2 2 2 2 2 2 2 2 2 2 2 2 2
left_child=14 2 7 5 -4 6 -3 8 -2 11 -6 -5 -11 -7 -1
right_child=1 3 4 9 10 13 -8 -9 -10 12 -12 -13 -14 -15 -16
leaf_value=11.048850708007812 9.836277675628665 -0.31012339994688576 3.113769841194153 -0.51631988790300154 0.42282104068077531 1.8462704181671126 -1.2495403130849203 4.272360384464263 3.9226412137349436 -1.6063853496596927 -1.0706759070356688 -1.2028986584199104 -0.31257337868213653 0.41565138498942061 9.5520582834879537
leaf_weight=5 3.9999999999999982 158 3.9999999999999991 45 26 4.0000000000000027 39 4 3 42 5.9999999999999991 38 4.9999999999999991 14.999999999999998 3
leaf_count=5 4 158 4 45 26 4 39 4 3 42 6 38 5 15 3
internal_value=-0.13207 -0.348245 1.81334 -0.641871 0.472899 -0.389406 -0.496099 6.20023 7.30186 -1.06135 0.14279 -0.830657 -1.46875 0.716834 10.4876
internal_weight=401 393 47 346 36 216 197 11 7 130 32 83 47 19 8
internal_count=401 393 47 346 36 216 197 11 7 130 32 83 47 19 8
is_linear=0
shrinkage=0.05


Tree=33
num_leaves=18
num_cat=0
split_feature=2 3 4 3 2 1 2 4 4 4 3 3 7 1 1 2 1
split_gain=320236 131257 168193 34043.4 17766.8 11097.1 10679.5 8552.99 13904.6 7999.73 6087.78 4875.47 2837.92 1881.85 1498.8 1488.62 268.7
threshold=1416.2350000000004 0.89900084757324283 36662.500000000007 0.92483692170522314 1354.1600000000001 32815.850000000006 8076.2150000000011 43067.500000000007 38325.000000000007 35390.000000000007 0.90343291285488192 0.84304646565881847 5.5000000000000009 30785.230000000007 27387.065000000002 14679.970000000003 39010.735000000008
decision_type=2 2 2 2 2 2 2 2 2 2 2 2 2 2 2 2 2
left_child=4 6 3 5 16 -3 9 8 -8 14 -4 -11 -12 -5 -2 -9 -1
right_child=1 2 10 13 -6 -7 7 15 -10 11 12 -13 -14 -15 -16 -17 -18
leaf_value=11.162576548258468 0.65733580986658735 11.791071510314943 -1.5751967430114746 5.4253303050994859 6.1153804143269843 7.4904668172200504 -0.61307479023285538 1.3282117366790773 -1.47822674036026 -0.60823745203095603 0.98343741337458279 0.07221168929943815 -0.006389390411121504 3.8916056632995599 1.9478141148885091 0.082962585985660559 10.493373107910154
leaf_weight=2.9999999999999982 8.9999999999999982 2.9999999999999991 3.9999999999999991 4 3 3 138 2.9999999999999991 70 77 15 40 14 4 2.9999999999999991 11.999999999999998 3
leaf_count=3 9 3 4 4 3 3 138 3 70 77 15 40 14 4 3 12 3
internal_value=-0.0698497 -0.280232 2.20157 6.79374 9.25711 9.64077 -0.611609 -0.821076 -0.904232 -0.249507 0.253373 -0.375605 0.50559 4.65847 0.979955 0.332012 10.828
internal_weight=408 399 47 14 9 6 352 223 208 129 33 117 29 8 12 15 6
internal_count=408 399 47 14 9 6 352 223 208 129 33 117 29 8 12 15 6
is_linear=0
shrinkage=0.05


Tree=34
num_leaves=18
num_cat=0
split_feature=2 2 4 6 3 1 2 4 4 4 6 7 1 7 1 1 1
split_gain=372309 92221.3 110105 22911.4 20232.5 24536.8 12930.7 11359.2 8068.46 8595.59 6106.4 5919.38 3712.05 2789.09 888.21 683.991 276.558
threshold=1416.2350000000004 3829.4250000000006 36662.500000000007 91.500000000000014 0.92838353939486906 33016.535000000011 10548.490000000003 30732.500000000004 43067.500000000007 38325.000000000007 86.500000000000014 1.0000000180025095e-35 32324.600000000002 5.5000000000000009 21540.075000000001 30556.210000000003 37654.690000000002
decision_type=2 2 2 2 2 2 2 2 2 2 2 2 2 2 2 2 2
left_child=3 2 4 16 5 -2 7 10 9 -8 -3 -9 -4 -14 -10 -6 -1
right_child=1 6 12 -5 15 -7 8 11 14 -11 -12 -13 13 -15 -16 -17 -18
leaf_value=10.57097803751628 11.201517740885421 2.2422092596689862 -0.91649789452552799 5.5568550109863271 4.431778653462727 4.8066298286120084 -0.75460150235577639 -0.92935740408443268 -0.39255858287215234 -1.5999330108815975 0.22455356478691102 -0.25420588243596415 1.0563488128994192 0.039286742989833534 0.48902143001556397 3.364077726999918 9.9637350463867165
leaf_weight=2.9999999999999982 2.9999999999999982 5.9999999999999991 4.9999999999999991 4 3 3 95 42 3.9999999999999991 44 9.9999999999999982 143 14 13 9.9999999999999982 3 5
leaf_count=3 3 6 5 4 3 3 95 42 4 44 10 143 14 13 10 3 5
internal_value=-0.0306383 -0.292263 1.86657 8.64659 5.951 8.00407 -0.560593 -0.296944 -0.906956 -1.02219 0.981174 -0.407484 0.33491 0.566652 0.237141 3.89793 10.1915
internal_weight=410 398 44 12 12 6 354 201 153 139 16 185 32 27 14 6 8
internal_count=410 398 44 12 12 6 354 201 153 139 16 185 32 27 14 6 8
is_linear=0
shrinkage=0.05


Tree=35
num_leaves=18
num_cat=0
split_feature=3 3 4 0 3 3 3 0 6 4 7 3 3 7 0 0 0
split_gain=388518 108653 99419.8 18843.6 33395 12692.3 12163.4 9105.52 8693.11 5832.4 5114.43 3152.23 3055.04 1947.21 650.031 77.9999 22.2409
threshold=0.96204635176159281 0.89900084757324283 36662.500000000007 35670.600000000006 0.92838353939486906 0.83513352419395759 0.9595290176582244 40974.250000000007 91.500000000000014 33577.500000000007 5.5000000000000009 0.62046743609838428 0.90343291285488192 3.5000000000000004 37818.900000000009 38067.750000000007 39080.600000000006
decision_type=2 2 2 2 2 2 2 2 2 2 2 2 2 2 2 2 2
left_child=1 5 3 4 -3 8 12 14 9 -1 13 -10 -4 -7 -2 -12 -16
right_child=7 2 6 -5 -6 10 -8 -9 11 -11 15 -13 -14 -15 16 -17 -18
leaf_value=-0.1026836045143696 8.6377796173095742 10.307139396667484 -1.1787433832883825 3.073590487241745 4.1777510070800776 0.03633639049530029 2.777824048995972 6.1128087043762207 -1.5243640717545566 -0.67986355830929179 -1.254966425895691 -0.89204637640959605 0.31378169308106107 0.68131282671608717 9.6203768412272126 -0.91769830385843898 9.4402807235717763
leaf_weight=65 2.9999999999999982 3.9999999999999982 4.0000000000000027 4.9999999999999991 5 25 4.9999999999999991 2.9999999999999991 27 134 3.9999999999999991 73 24 22 3 3 4
leaf_count=65 3 4 4 5 5 25 5 3 27 134 4 73 24 22 3 3 4
internal_value=0.022119 -0.254347 2.00405 5.53466 6.90192 -0.55504 0.506209 8.52877 -0.682453 -0.491337 0.150451 -1.06277 0.100564 0.33824 9.25356 -1.11042 9.51746
internal_weight=413 400 47 14 9 353 33 13 299 199 54 100 28 47 10 7 7
internal_count=413 400 47 14 9 353 33 13 299 199 54 100 28 47 10 7 7
is_linear=0
shrinkage=0.05


Tree=36
num_leaves=19
num_cat=0
split_feature=2 3 4 0 3 3 4 3 7 7 7 3 0 0 0 0 0 0
split_gain=456820 96940.1 163414 57136.1 64685 10186.9 9530.45 8611.86 8298.35 2944.25 2453.58 5969.43 2387.53 1849.81 1745.78 637.932 637.647 27.0646
threshold=1416.2350000000004 0.89900084757324283 36662.500000000007 35670.600000000006 0.93340911321693187 0.58549550652502969 33577.500000000007 0.84061518738612928 1.0000000180025095e-35 1.5000000000000002 5.5000000000000009 0.9273945630678232 36701.650000000001 37462.05000000001 33723.500000000007 36950.400000000009 38681.450000000004 40704.250000000007
decision_type=2 2 2 2 2 2 2 2 2 2 2 2 2 2 2 2 2 2
left_child=13 5 3 4 -3 9 8 -8 -7 -2 11 -4 -5 -1 -11 -12 -15 -18
right_child=1 2 10 12 -6 6 7 -9 -10 14 15 -13 -14 16 -16 -17 17 -19
leaf_value=7.8483497619628908 -2.6232750415802002 15.578056335449226 -0.048285547586587749 2.4888666947682694 5.1949740409851062 1.1337136996643884 -0.75561479194008785 0.009267424792051315 -0.20304914425839399 -1.5126889677608713 -1.0015870372454325 1.9846140676736832 4.4836641689141583 9.8706893920898438 -0.742974243255762 -0.18641094515721005 8.9446798706054675 9.1346433003743464
leaf_weight=2.9999999999999991 3.9999999999999991 2.9999999999999982 13.000000000000002 3 3 13.999999999999998 184 46 68 17.000000000000004 2.9999999999999991 4.9999999999999991 3 2.9999999999999991 12.999999999999998 11.999999999999998 5 3
leaf_count=3 4 3 13 3 3 14 184 46 68 17 3 5 3 3 13 12 5 3
internal_value=0.0744818 -0.243272 1.93979 6.93639 10.3865 -0.527196 -0.437635 -0.602638 0.0251787 -1.34904 0.122838 0.516409 3.48627 8.94889 -1.17915 -0.349446 9.24904 9.01592
internal_weight=405 391 45 12 6 346 312 230 82 34 33 18 6 14 30 15 11 8
internal_count=405 391 45 12 6 346 312 230 82 34 33 18 6 14 30 15 11 8
is_linear=0
shrinkage=0.05


Tree=37
num_leaves=19
num_cat=0
split_feature=2 2 4 0 0 2 6 4 4 2 4 4 7 1 6 0 6 0
split_gain=262326 62729.2 83705.7 14312.8 26770.2 11901.2 8408.71 7796.09 7674.16 3618.93 3033.55 2567.77 1954.39 4462.79 1708.25 1646.78 759.433 8.2766
threshold=1416.2350000000004 3974.0700000000002 36662.500000000007 34901.750000000007 36028.200000000004 1354.1600000000001 90.500000000000014 43067.500000000007 38325.000000000007 11766.820000000002 43067.500000000007 38325.000000000007 5.5000000000000009 34554.400000000001 82.500000000000014 33105.450000000004 93.500000000000014 39080.600000000006
decision_type=2 2 2 2 2 2 2 2 2 2 2 2 2 2 2 2 2 2
left_child=5 2 3 15 -5 17 7 8 -3 11 -11 -8 13 -4 -9 -2 -14 -1
right_child=1 6 12 4 -6 -7 9 14 -10 10 -12 -13 16 -15 -16 -17 -18 -19
leaf_value=8.6612574259440134 3.7415534655253091 -0.13547232571320655 -0.023719088037808731 9.6858940760294576 3.7114865922927849 4.9027940114339188 -0.36290199212405994 1.810063139597573 -0.78077611703621719 -1.3150791492404008 -0.11135410865147909 -0.92241107386511723 -0.092635622993111594 1.5052189003143992 0.49530411277498515 2.1918602764606474 -0.95953941146532695 8.5562075805664062
leaf_weight=2.9999999999999982 2.9999999999999991 117 15.000000000000002 3 5 3 46 3.0000000000000027 76 41 5.9999999999999991 37 16.000000000000004 6.9999999999999991 13.999999999999998 4 2.9999999999999991 5
leaf_count=3 3 117 15 3 5 3 46 3 76 41 6 37 16 7 14 4 3 5
internal_value=-0.0278464 -0.239411 1.3112 4.50715 5.95189 7.58847 -0.494806 -0.299166 -0.389582 -0.810839 -1.16141 -0.612322 0.14195 0.462761 0.72732 2.85601 -0.229515 8.5956
internal_weight=407 396 56 15 8 11 340 210 193 130 47 83 41 22 17 7 19 8
internal_count=407 396 56 15 8 11 340 210 193 130 47 83 41 22 17 7 19 8
is_linear=0
shrinkage=0.05


Tree=38
num_leaves=19
num_cat=0
split_feature=2 2 4 0 0 0 3 4 2 4 7 4 4 1 0 0 0 0
split_gain=298116 51682.6 65372.8 29283.3 30530.1 19007 6923.37 6274.78 7971.14 7519.9 5263.4 7787.56 4326.93 1624.8 1520.31 798.563 531.627 21.657
threshold=1416.2350000000004 5685.2500000000009 36662.500000000007 34118.500000000007 35670.600000000006 37462.05000000001 0.93340911321693187 43067.500000000007 11766.820000000002 33577.500000000007 5.5000000000000009 43907.500000000007 27195.000000000004 34217.260000000009 36542.150000000009 40106.350000000006 38681.450000000004 40704.250000000007
decision_type=2 2 2 2 2 2 2 2 2 2 2 2 2 2 2 2 2 2
left_child=5 2 3 6 -5 -1 -2 8 9 -3 11 -4 -10 -12 -9 -16 -7 -18
right_child=1 7 10 4 -6 16 -8 14 12 -11 13 -13 -14 -15 15 -17 17 -19
leaf_value=4.3090841293334963 0.42043204307556137 0.14635270255804064 0.27362033523619178 8.7159360885620139 3.0765909910202023 8.9440923055013055 3.3622357368469231 -0.58181243538856453 0.010942569104107944 -0.57917656646370896 -1.404475665092467 2.9148996988932296 -1.0383301842471828 -0.29040072750714091 0.34690978606541945 1.2405334790547691 8.0723844528198239 8.2501007080078104
leaf_weight=3.9999999999999991 6.0000000000000018 50 40 3.9999999999999982 6 2.9999999999999982 3 4.0000000000000027 10.999999999999998 125 4.0000000000000027 2.9999999999999991 92 18 15.000000000000002 2.9999999999999991 4 3
leaf_count=4 6 50 40 4 6 3 3 4 11 125 4 3 92 18 15 3 4 3
internal_value=0.0552713 -0.206017 0.890202 3.47014 5.33233 7.22203 1.40103 -0.512958 -0.577286 -0.371882 0.136068 0.457896 -0.926272 -0.49296 0.299909 0.495847 8.38721 8.14855
internal_weight=398 384 84 19 10 14 9 300 278 175 65 43 103 22 22 18 10 7
internal_count=398 384 84 19 10 14 9 300 278 175 65 43 103 22 22 18 10 7
is_linear=0
shrinkage=0.05


Tree=39
num_leaves=17
num_cat=0
split_feature=2 2 4 5 1 4 6 0 0 4 4 7 4 0 0 0
split_gain=177658 70897.2 94368 42029.7 8625.83 10694.7 4289.52 4115.56 3983.48 3936.79 5703.68 3395.67 9492.2 710.114 659.282 319.773
threshold=1354.1600000000001 3829.4250000000006 36662.500000000007 21.500000000000004 26429.670000000009 30732.500000000004 90.500000000000014 33105.450000000004 35164.950000000004 43067.500000000007 38325.000000000007 5.5000000000000009 44765.000000000007 38681.450000000004 36542.150000000009 36542.150000000009
decision_type=2 2 2 2 2 2 2 2 2 2 2 2 2 2 2 2
left_child=13 2 3 -2 9 8 -7 -5 -6 10 -3 12 -4 -1 -13 -11
right_child=1 4 11 7 5 6 -8 -9 -10 15 -12 14 -14 -15 -16 -17
leaf_value=6.7277814229329413 8.8316503143310552 -0.59585921072959902 0.26564650312066074 4.1219952464103695 0.59232814948667178 -0.15912729730972877 -0.7534441389688632 1.8538583755493161 2.4348833084106447 -0.22490540891885757 -1.3025820177954597 -0.77488433551043201 3.3304986317952476 7.7008271789550768 -0.047024280258587431 0.31238771147198152
leaf_weight=3 4.9999999999999991 125 16.000000000000004 4 10.999999999999998 117 41 4 3.9999999999999991 3.9999999999999991 37 4.0000000000000027 2.9999999999999991 5 13.999999999999998 8.9999999999999982
leaf_count=3 5 125 16 4 11 117 41 4 4 4 37 4 3 5 14 9
internal_value=-0.0413471 -0.189634 1.57091 5.23551 -0.442586 -0.192219 -0.313349 2.98793 1.08368 -0.690092 -0.757271 0.28335 0.749571 7.33594 -0.208771 0.147067
internal_weight=406 398 50 13 348 173 158 8 15 175 162 37 19 8 18 13
internal_count=406 398 50 13 348 173 158 8 15 175 162 37 19 8 18 13
is_linear=0
shrinkage=0.05


Tree=40
num_leaves=19
num_cat=0
split_feature=2 3 4 3 0 5 2 4 4 2 4 2 1 0 0 0 0 0
split_gain=318934 22957.8 24633.2 21192.2 32706.8 8128.05 6246.35 8336.26 5623.09 2244.4 1930.8 779.254 766.097 693.468 580.88 401.246 260.344 22.3508
threshold=1416.2350000000004 0.90343291285488192 36662.500000000007 0.92483692170522314 33105.450000000004 22.500000000000004 10429.110000000002 30732.500000000004 43067.500000000007 2439.9000000000005 33235.000000000007 11540.145000000002 24503.870000000003 37462.05000000001 38681.450000000004 37701.80000000001 40414.05000000001 40704.250000000007
decision_type=2 2 2 2 2 2 2 2 2 2 2 2 2 2 2 2 2 2
left_child=13 5 3 -3 -5 6 7 -2 -8 16 12 -12 -7 -1 -15 -11 -4 -16
right_child=1 2 9 4 -6 10 8 -9 -10 15 11 -13 -14 14 17 -17 -18 -19
leaf_value=6.7095510482788088 1.3337692505121233 5.2180482435226452 -0.32715392082929601 3.9158955276012417 -2.9904380480448398 -0.53525941024223966 -0.63938340696281404 -0.16314810794547088 0.59631828665733344 0.21394732064670988 -0.80726846971295108 -1.1377433673540753 0.2637486457824707 8.1604988098144542 7.279924316406249 0.71868396486554831 -0.85822803179423013 7.4525543212890604
leaf_weight=2.9999999999999991 9.9999999999999982 4.9999999999999982 10.000000000000002 4 3 11.999999999999998 116 133 9.9999999999999982 8.9999999999999982 44 30 3.9999999999999991 2.9999999999999991 5 6.9999999999999991 2.9999999999999991 3
leaf_count=3 10 5 10 4 3 12 116 133 10 9 44 30 4 3 5 7 3 3
internal_value=-0.0346051 -0.294235 0.826649 2.73188 0.956038 -0.422247 -0.284633 -0.0584686 -0.541312 0.038279 -0.833558 -0.941245 -0.335507 7.38339 7.56716 0.43477 -0.449709 7.34466
internal_weight=414 400 41 12 7 359 269 143 126 29 90 74 16 14 11 16 13 8
internal_count=414 400 41 12 7 359 269 143 126 29 90 74 16 14 11 16 13 8
is_linear=0
shrinkage=0.05


Tree=41
num_leaves=17
num_cat=0
split_feature=2 2 0 6 1 0 0 8 1 0 1 7 6 2 0 0
split_gain=221509 28572.2 19609.8 19844.7 18575.4 19154.2 15450 6183.46 9649.99 3892.35 3076.04 2120.46 1899.32 1041.42 475.253 13.3176
threshold=1416.2350000000004 3974.0700000000002 34226.500000000007 93.500000000000014 32031.065000000006 35282.950000000004 37462.05000000001 3.5000000000000004 25009.710000000003 36542.150000000009 18766.640000000003 4.5000000000000009 85.500000000000014 8207.4300000000021 39080.600000000006 40704.250000000007
decision_type=2 2 2 2 2 2 2 2 2 2 2 2 2 2 2 2
left_child=6 2 3 -2 -4 -6 -1 9 10 13 -9 -11 -10 -3 -8 -16
right_child=1 7 4 -5 5 -7 14 8 12 11 -12 -13 -14 -15 15 -17
leaf_value=3.5491613388061527 5.6010614931583396 -0.72004074893499681 -3.3725173711776737 0.62051301077008236 4.5506618539492285 0.41521513724610926 7.7524734497070344 -1.2268867015838625 0.451005824755978 -0.36900834626103024 -0.42957976895771677 -1.0557756038812491 -0.025707726009810968 -1.1931305535634358 6.9405656814575183 7.079926808675129
leaf_weight=3.9999999999999991 4 19 2.9999999999999991 4 2.9999999999999991 42 2.9999999999999982 13.999999999999998 37 83 89 12.999999999999998 48 30 4 3
leaf_count=4 4 19 3 4 3 42 3 14 37 83 89 13 48 30 4 3
internal_value=-0.00364109 -0.226024 0.818924 3.11079 0.436947 0.690912 6.17544 -0.401751 -0.212531 -0.647086 -0.537952 -0.462008 0.181803 -1.00969 7.22595 7.00029
internal_weight=403 389 56 8 48 45 14 333 188 145 103 96 85 49 10 7
internal_count=403 389 56 8 48 45 14 333 188 145 103 96 85 49 10 7
is_linear=0
shrinkage=0.05


Tree=42
num_leaves=19
num_cat=0
split_feature=2 3 4 0 3 0 6 4 4 2 4 4 1 7 3 0 0 0
split_gain=199947 29067.2 50585 13844.8 11018.8 21948.3 6446.84 4900.01 7440.41 2978.64 2505.06 1993.31 1440.47 2924.46 1477.86 1046.98 450.436 18.3037
threshold=1416.2350000000004 0.89625683991075356 36662.500000000007 37462.05000000001 0.92838353939486906 36390.100000000013 90.500000000000014 43067.500000000007 38325.000000000007 12609.210000000001 43067.500000000007 40295.000000000007 32554.610000000004 5.5000000000000009 0.92483692170522314 40414.05000000001 38681.450000000004 40704.250000000007
decision_type=2 2 2 2 2 2 2 2 2 2 2 2 2 2 2 2 2 2
left_child=3 6 4 -1 5 -3 7 8 -2 11 -11 -8 14 -14 -4 -9 -5 -18
right_child=1 2 12 16 -6 -7 9 15 -10 10 -12 -13 13 -15 -16 -17 17 -19
leaf_value=3.3717034816741944 -0.047202544925005543 7.3334526866674441 -1.1166139817237857 7.3648498535156284 1.7223959708213805 2.0955752372741698 -0.38108460622936935 0.38033348359167568 -0.68477462498765251 -1.2814201063579984 -0.063027094602584849 -0.86077669896185405 0.7272738184247699 -0.22510266178532651 0.047302107016245515 1.3982087453206382 6.5625505447387686 6.7259300231933583
leaf_weight=3.9999999999999991 115 3.9999999999999982 4.9999999999999982 2.9999999999999982 5 4 67 16.000000000000004 76 27 4.9999999999999991 32 13.999999999999998 19 6 2.9999999999999991 4 3
leaf_count=4 115 4 5 3 5 4 67 16 76 27 5 32 14 19 6 3 4 3
internal_value=-0.0151435 -0.22173 0.823399 5.85781 3.5637 4.71451 -0.396429 -0.22472 -0.300896 -0.671687 -1.09105 -0.536137 0.0137642 0.178936 -0.481751 0.541051 6.85225 6.63257
internal_weight=412 398 57 14 13 8 341 210 191 131 32 99 44 33 11 19 10 7
internal_count=412 398 57 14 13 8 341 210 191 131 32 99 44 33 11 19 10 7
is_linear=0
shrinkage=0.05


Tree=43
num_leaves=20
num_cat=0
split_feature=2 2 4 0 0 3 3 4 4 4 4 3 3 2 0 6 0 6 0
split_gain=193545 39190.1 53549.5 12628.6 8089.07 26061.8 6423.55 7973.9 4249.44 4874.35 3091.15 3061.61 2451.87 1150.8 4832.17 2144.35 433.873 235.716 18.4822
threshold=1416.2350000000004 3974.0700000000002 36662.500000000007 37462.05000000001 35670.600000000006 0.92838353939486906 0.69848966564274706 30732.500000000004 43067.500000000007 38325.000000000007 38325.000000000007 0.90897889099141371 0.7733410645481591 1673.9400000000003 39421.150000000001 93.500000000000014 38681.450000000004 87.500000000000014 40704.250000000007
decision_type=2 2 2 2 2 2 2 2 2 2 2 2 2 2 2 2 2 2 2
left_child=3 2 4 -1 5 -2 8 12 9 -3 -9 -6 -8 14 -4 -15 -5 -10 -18
right_child=1 6 13 16 11 -7 7 10 17 -11 -12 -13 -14 15 -16 -17 18 -19 -20
leaf_value=3.2031182765960695 7.5007083892822282 -0.51525691830449638 2.1878425757090256 6.9966073354085285 3.1817392349243168 2.2903671155373253 2.2611662546793623 -0.054667764089324257 0.47483572721481321 -1.1844782340220916 -0.45820818636023886 0.92282565434773733 0.63138274013996121 0.12178130357161809 -0.26984049876530963 -0.93961375653743751 6.2326532745361325 0.046659640802277462 6.3896339416503887
leaf_weight=3.9999999999999991 3.9999999999999982 90 2.9999999999999982 2.9999999999999991 2.9999999999999991 6 2.9999999999999991 88 4.9999999999999991 39 103 3 9.9999999999999982 23.000000000000004 6 5.9999999999999991 5 8.9999999999999982 3
leaf_count=4 4 90 3 3 3 6 3 88 5 39 103 3 10 23 6 6 5 9 3
internal_value=0.0327366 -0.17585 1.07716 5.60896 3.50367 4.3745 -0.370843 -0.19073 -0.627788 -0.71758 -0.272284 2.05228 1.00749 0.0554677 0.549387 -0.0978177 6.48382 0.19958 6.29152
internal_weight=416 401 54 15 16 10 347 204 143 129 191 6 13 38 9 29 11 14 8
internal_count=416 401 54 15 16 10 347 204 143 129 191 6 13 38 9 29 11 14 8
is_linear=0
shrinkage=0.05


Tree=44
num_leaves=18
num_cat=0
split_feature=2 3 4 3 0 2 4 4 4 1 1 5 1 3 6 5 6
split_gain=135419 51684.5 99125.8 30323.6 54294.5 6849.19 4105.51 8285.48 3999.19 3550.81 12631.3 2989 2141.63 1549.47 656.273 238.372 9.08886
threshold=1354.1600000000001 0.89900084757324283 36662.500000000007 0.92838353939486906 35670.600000000006 8463.4600000000009 43067.500000000007 38325.000000000007 32370.000000000004 34949.640000000007 35228.135000000002 22.500000000000004 34600.085000000006 0.79445704648224813 87.500000000000014 21.500000000000004 85.500000000000014
decision_type=2 2 2 2 2 2 2 2 2 2 2 2 2 2 2 2 2
left_child=15 5 3 4 -3 8 7 -7 13 12 -11 -10 -4 -2 -8 16 -1
right_child=1 2 9 -5 -6 6 14 -9 11 10 -12 -13 -14 -15 -16 -17 -18
leaf_value=6.012386322021487 1.5760580062866212 12.636758677164718 -0.0035831436514854424 2.0947236359119414 3.7384760499000542 -0.37577098856726998 0.75877391815185558 -1.0829477936534559 -0.020769002484647851 3.615432357788082 0.079934121668338784 -0.57312510143401052 -1.2212323671579361 0.39333938785776912 0.044326663348409873 5.4525463581085196 5.8893086751302066
leaf_weight=2.9999999999999982 3.9999999999999991 2.9999999999999982 13.000000000000002 4 4 139 4.9999999999999991 59 95 3.0000000000000027 15.999999999999998 33 4.9999999999999991 8.9999999999999982 8.9999999999999982 4 3
leaf_count=3 4 3 13 4 4 139 5 59 95 3 16 33 5 9 9 4 3
internal_value=0.00427171 -0.139051 1.40032 5.56755 7.55203 -0.348372 -0.527987 -0.586495 -0.0783113 0.161419 0.638171 -0.163173 -0.341819 0.757253 0.299486 5.75153 5.95085
internal_weight=411 401 48 11 7 353 212 198 141 37 19 128 18 13 14 10 6
internal_count=411 401 48 11 7 353 212 198 141 37 19 128 18 13 14 10 6
is_linear=0
shrinkage=0.05


Tree=45
num_leaves=18
num_cat=0
split_feature=2 3 4 0 0 3 4 4 7 4 7 7 4 0 0 0 0
split_gain=137120 29204.9 39081.9 8030.48 5591.88 4921.74 5846.64 4340.84 4252.99 5758.47 3475.27 2115.63 1733.37 744.775 225.371 6.48037 1.2031
threshold=1354.1600000000001 0.85721210227782241 36662.500000000007 34466.100000000006 36028.200000000004 0.58549550652502969 33577.500000000007 43067.500000000007 5.5000000000000009 43907.500000000007 1.0000000180025095e-35 1.5000000000000002 34325.000000000007 37886.500000000007 38681.450000000004 39996.450000000004 33105.450000000004
decision_type=2 2 2 2 2 2 2 2 2 2 2 2 2 2 2 2 2
left_child=14 5 3 16 -5 11 10 -8 9 -4 -7 -2 -13 -10 -1 -16 -3
right_child=1 2 8 4 -6 6 7 -9 13 -11 -12 12 -14 -15 15 -17 -18
leaf_value=5.1799187898635886 -2.0153257608413697 4.5061536788940444 0.25620582459903346 0.40393172899881985 3.2595978021621699 0.80467930138111121 -0.53981259578095919 0.17536009823282561 -0.79548879601061318 2.0535257148742678 -0.097054936128358055 -1.0805576551528204 -0.34591886378251591 -0.17266983389854432 5.5948430379231757 5.6920569419860829 4.5509327958027503
leaf_weight=3.9999999999999982 3.9999999999999991 2.9999999999999982 41 3 4 12.999999999999998 183 24 8.0000000000000018 4.9999999999999991 60 21 12.999999999999998 11.999999999999998 3 4 3
leaf_count=4 4 3 41 3 4 13 183 24 8 5 60 21 13 12 3 4 3
internal_value=-0.0273517 -0.179929 0.680476 3.18627 2.03574 -0.393678 -0.321213 -0.456894 0.186911 0.451567 0.0635279 -0.927631 -0.799666 -0.421797 5.47931 5.65039 4.52854
internal_weight=408 397 79 13 7 318 280 207 66 46 73 38 34 20 11 7 6
internal_count=408 397 79 13 7 318 280 207 66 46 73 38 34 20 11 7 6
is_linear=0
shrinkage=0.05


Tree=46
num_leaves=18
num_cat=0
split_feature=3 2 4 2 1 4 4 4 1 0 3 0 1 5 2 0 0
split_gain=141739 22637.4 16633.5 5784.72 5301.82 7743.22 4198.85 5866.69 2946.43 1968.9 1744 4557.35 1366.04 1126.41 929.411 800.979 16.867
threshold=0.96204635176159281 3974.0700000000002 36662.500000000007 1544.9650000000004 26877.560000000001 34905.000000000007 43067.500000000007 38325.000000000007 29243.375000000004 38681.450000000004 0.92838353939486906 36390.100000000013 27387.065000000002 21.500000000000004 14865.730000000001 32689.050000000003 40704.250000000007
decision_type=2 2 2 2 2 2 2 2 2 2 2 2 2 2 2 2 2
left_child=1 2 10 -4 6 12 7 -3 -7 -2 11 -1 -6 -5 -8 -12 -11
right_child=9 4 3 13 5 8 14 -9 -10 16 15 -13 -14 -15 -16 -17 -18
leaf_value=4.4286077181498227 6.9262999216715517 -0.38636271370351316 2.410282897949219 0.44377811471621192 0.35807522535324088 -0.55360359912738211 1.1383772850036622 -1.0416425968738314 -0.06461303731234376 5.3280934333801255 2.4227618535359694 1.6725982030232744 1.1886901205236262 -0.13583002504157393 0.13495225787162782 1.2673552433649695 5.4849299112955716
leaf_weight=2.9999999999999982 2.9999999999999982 125 2.9999999999999991 14.999999999999998 9.0000000000000018 48 2.9999999999999991 47 86 4 3 3 10.999999999999998 19 9.9999999999999982 3 3
leaf_count=3 3 125 3 15 9 48 3 47 86 4 3 3 11 19 10 3 3
internal_value=-0.0228456 -0.174326 0.830219 0.305588 -0.319526 -0.102801 -0.499935 -0.565422 -0.239774 5.85461 2.44783 3.0506 0.814913 0.119879 0.366512 1.84506 5.39531
internal_weight=398 388 49 37 339 154 185 172 134 10 12 6 20 34 13 6 7
internal_count=398 388 49 37 339 154 185 172 134 10 12 6 20 34 13 6 7
is_linear=0
shrinkage=0.05


Tree=47
num_leaves=17
num_cat=0
split_feature=2 2 0 3 6 0 0 6 2 8 7 2 0 7 0 0
split_gain=118762 20113.6 21930 22042.8 17931.6 12794.5 8334.09 4778.79 3560.61 4490 2617.74 1164.82 1092.51 431.399 128.48 7.27837
threshold=1416.2350000000004 3216.5650000000001 34226.500000000007 0.92483692170522314 93.500000000000014 34984.100000000013 37462.05000000001 93.500000000000014 10429.110000000002 3.5000000000000004 2.5000000000000004 11616.190000000002 34039.55000000001 1.5000000000000002 39080.600000000006 40704.250000000007
decision_type=2 2 2 2 2 2 2 2 2 2 2 2 2 2 2 2
left_child=6 2 4 -4 -2 -5 -1 8 9 -3 -10 12 -9 -13 -8 -16
right_child=1 7 3 5 -6 -7 14 11 10 -11 -12 13 -14 -15 15 -17
leaf_value=2.5687080144882204 6.2802130858103418 -0.29071932683952828 3.7518711999058691 -3.3038126714527567 1.390546016693115 0.15953818534811337 5.5429030100504582 -0.2986040388643742 -0.053327477783770172 0.24801779105935409 -0.55133249116049188 -1.3672567176818839 -0.77610068625730022 -0.84527741231416409 5.1076576232910149 5.2106833140055322
leaf_weight=3.9999999999999991 3 88 4.0000000000000027 3.0000000000000027 5 24 2.9999999999999982 25 37 69 92 5.0000000000000027 23 19 4 3
leaf_count=4 3 88 4 3 5 24 3 25 37 69 92 5 23 19 4 3
internal_value=-0.0284506 -0.188059 0.890214 0.287902 3.22417 -0.225279 4.49759 -0.305524 -0.213866 -0.0539495 -0.408494 -0.669611 -0.527405 -0.954023 5.26914 5.15181
internal_weight=411 397 39 31 8 27 14 358 286 157 129 72 48 24 10 7
internal_count=411 397 39 31 8 27 14 358 286 157 129 72 48 24 10 7
is_linear=0
shrinkage=0.05


end of trees

feature_importances:
total_load=221
thermal_on_capacity=156
thermal_space_load_ratio=131
renewable_power=127
period=65
net_load=63
weekday=51
hour=10
month=10

parameters:
[boosting: gbdt]
[objective: regression]
[metric: rmse]
[tree_learner: serial]
[device_type: cpu]
[data_sample_strategy: bagging]
[data: ]
[valid: ]
[num_iterations: 400]
[learning_rate: 0.05]
[num_leaves: 31]
[num_threads: 0]
[seed: 42]
[deterministic: 0]
[force_col_wise: 0]
[force_row_wise: 0]
[histogram_pool_size: -1]
[max_depth: 5]
[min_data_in_leaf: 3]
[min_sum_hessian_in_leaf: 0.001]
[bagging_fraction: 0.85]
[pos_bagging_fraction: 1]
[neg_bagging_fraction: 1]
[bagging_freq: 1]
[bagging_seed: 400]
[bagging_by_query: 0]
[feature_fraction: 0.85]
[feature_fraction_bynode: 1]
[feature_fraction_seed: 30056]
[extra_trees: 0]
[extra_seed: 12879]
[early_stopping_round: 0]
[early_stopping_min_delta: 0]
[first_metric_only: 0]
[max_delta_step: 0]
[lambda_l1: 0]
[lambda_l2: 0]
[linear_lambda: 0]
[min_gain_to_split: 0]
[drop_rate: 0.1]
[max_drop: 50]
[skip_drop: 0.5]
[xgboost_dart_mode: 0]
[uniform_drop: 0]
[drop_seed: 17869]
[top_rate: 0.2]
[other_rate: 0.1]
[min_data_per_group: 100]
[max_cat_threshold: 32]
[cat_l2: 10]
[cat_smooth: 10]
[max_cat_to_onehot: 4]
[top_k: 20]
[monotone_constraints: ]
[monotone_constraints_method: basic]
[monotone_penalty: 0]
[feature_contri: ]
[forcedsplits_filename: ]
[refit_decay_rate: 0.9]
[cegb_tradeoff: 1]
[cegb_penalty_split: 0]
[cegb_penalty_feature_lazy: ]
[cegb_penalty_feature_coupled: ]
[path_smooth: 0]
[interaction_constraints: ]
[verbosity: -1]
[saved_feature_importance_type: 0]
[use_quantized_grad: 0]
[num_grad_quant_bins: 4]
[quant_train_renew_leaf: 0]
[stochastic_rounding: 1]
[linear_tree: 0]
[max_bin: 255]
[max_bin_by_feature: ]
[min_data_in_bin: 3]
[bin_construct_sample_cnt: 200000]
[data_random_seed: 175]
[is_enable_sparse: 1]
[enable_bundle: 1]
[use_missing: 1]
[zero_as_missing: 0]
[feature_pre_filter: 1]
[pre_partition: 0]
[two_round: 0]
[header: 0]
[label_column: ]
[weight_column: ]
[group_column: ]
[ignore_column: ]
[categorical_feature: ]
[forcedbins_filename: ]
[precise_float_parser: 0]
[parser_config_file: ]
[objective_seed: 16083]
[num_class: 1]
[is_unbalance: 0]
[scale_pos_weight: 1]
[sigmoid: 1]
[boost_from_average: 1]
[reg_sqrt: 0]
[alpha: 0.9]
[fair_c: 1]
[poisson_max_delta_step: 0.7]
[tweedie_variance_power: 1.5]
[lambdarank_truncation_level: 30]
[lambdarank_norm: 1]
[label_gain: ]
[lambdarank_position_bias_regularization: 0]
[eval_at: ]
[multi_error_top_k: 1]
[auc_mu_weights: ]
[num_machines: 1]
[local_listen_port: 12400]
[time_out: 120]
[machine_list_filename: ]
[machines: ]
[gpu_platform_id: -1]
[gpu_device_id: -1]
[gpu_use_dp: 0]
[num_gpu: 1]

end of parameters

pandas_categorical:[]
