tree
version=v4
num_class=1
num_tree_per_iteration=1
label_index=0
max_feature_idx=10
objective=regression
feature_names=total_load net_load renewable_power thermal_space_load_ratio thermal_on_capacity hour period weekday month is_weekend is_holiday
feature_infos=[22195.900000000001:42408.400000000001] [-11825.210000000003:41070.110000000001] [1144.03:36022.5] [-0.52127464982271476:0.97282505160491894] [27170:45275] [15:19] [61:80] [0:6] [2:4] [0:1] none
tree_sizes=2394 2753 2579 2592 2550 2449 2557 2464 2583 2669 2615 2709 2792 2614 2614 2626 2595 2661 2573 2590 2815 2603 2651 2683 2846 2375 2786 2769 2642 2747

Tree=0
num_leaves=27
num_cat=0
split_feature=2 1 4 2 0 4 0 4 1 1 4 4 4 0 4 2 6 2 1 2 0 4 6 7 0 0
split_gain=2.83155e+07 9.39955e+06 6.56246e+06 1.58612e+06 1.45409e+06 1.44563e+06 1.2547e+06 725205 587852 509048 746038 377182 464199 352387 204233 193032 319470 187492 162540 146357 108543 85066.1 78629.9 1982.41 2212.42 786.347
threshold=5854.9800000000005 18573.335000000003 44735.000000000007 1249.4700000000003 41396.900000000009 44012.500000000007 41332.80000000001 44810.000000000007 27007.790000000001 11311.805000000002 36662.500000000007 42910.000000000007 36662.500000000007 38934.100000000006 37740.000000000007 6668.6450000000013 71.500000000000014 20402.240000000002 20568.540000000005 9262.0250000000033 41680.400000000001 42262.500000000007 62.500000000000007 3.5000000000000004 27373.000000000004 31678.650000000005
decision_type=2 2 2 2 2 2 2 2 2 2 2 2 2 2 2 2 2 2 2 2 2 2 2 2 2 2
left_child=2 9 4 -4 11 -6 7 -5 14 23 17 12 -1 -13 19 16 -10 -11 -16 -3 -8 -12 -17 24 -2 -25
right_child=1 8 3 6 5 -7 20 -9 15 10 21 13 -14 -15 18 22 -18 -19 -20 -21 -22 -23 -24 25 -26 -27
leaf_value=302.75639589627582 273.3127955341339 297.4404207730293 293.50029629707336 331.5211291217804 348.29613191922505 304.39279599189757 337.67954663276674 316.1127487223489 299.77112927476566 284.69662512653753 274.25196531117973 293.89612963040668 292.0418285136069 305.37518085112936 281.13340477093408 295.30279611825944 290.16279616440494 277.92790309769765 285.75892003061574 287.64007119059562 348.3127985858917 277.36333917209078 288.94468882867847 273.33354554523123 274.03858168874467 273.73394286941078
leaf_weight=14.999999999999998 13.999999999999998 3.9999999999999991 3.9999999999999991 11.999999999999998 3 5 5.9999999999999982 21 11.999999999999998 38 59 8.9999999999999982 31 26 23 4.9999999999999991 31 13.999999999999998 109 80 4 35 177 44 42 17
leaf_count=15 14 4 4 12 3 5 6 21 12 38 59 9 31 26 23 5 31 14 109 80 4 35 177 44 42 17
internal_value=287.616 283.581 308.502 323.616 300.52 320.857 326.417 321.716 288.043 276.1 278.069 298.512 295.536 302.423 286.179 289.831 292.844 282.874 284.953 288.107 341.933 275.41 289.119 273.642 273.857 273.445
internal_weight=840 704 136 47 89 8 43 33 441 263 146 81 46 35 216 225 43 52 132 84 10 94 182 117 56 61
internal_count=840 704 136 47 89 8 43 33 441 263 146 81 46 35 216 225 43 52 132 84 10 94 182 117 56 61
is_linear=0
shrinkage=1


Tree=1
num_leaves=31
num_cat=0
split_feature=2 1 1 7 1 7 2 3 0 2 1 7 6 1 8 7 6 2 6 8 1 2 5 7 0 2 7 7 0 0
split_gain=2.6146e+07 8.44923e+06 2.88553e+06 1.83743e+06 1.71312e+06 1.41619e+06 1.36702e+06 2.40482e+06 853251 1.01228e+06 679792 661345 359768 334523 356285 214401 249952 174513 261239 152099 155924 145195 68473.5 53332.7 41026.9 40579 4653.38 3962.81 1951.72 1366.37
threshold=5836.3600000000015 17682.685000000001 37275.375000000007 5.5000000000000009 37938.505000000012 4.5000000000000009 2750.2050000000004 0.91094100015856194 38566.150000000009 3503.3100000000004 25776.695000000003 4.5000000000000009 66.500000000000014 11311.805000000002 3.5000000000000004 2.5000000000000004 73.500000000000014 8026.3050000000012 69.500000000000014 3.5000000000000004 20176.735000000004 19907.430000000004 15.500000000000002 3.5000000000000004 40611.250000000007 18009.160000000003 1.5000000000000002 1.0000000180025095e-35 30917.100000000002 40990.30000000001
decision_type=2 2 2 2 2 2 2 2 2 2 2 2 2 2 2 2 2 2 2 2 2 2 2 2 2 2 2 2 2 2
left_child=2 13 5 6 -5 15 11 -8 12 -10 19 -4 -7 26 25 16 -1 18 -12 20 -3 -16 -21 -17 -19 -15 27 -2 -28 -6
right_child=1 10 3 4 29 8 7 -9 9 -11 17 -13 -14 14 21 23 -18 24 -20 22 -22 -23 -24 -25 -26 -27 28 -29 -30 -31
leaf_value=19.298034270604454 -13.24501350402832 -6.8369611053466803 35.119363403320285 44.144982910156251 4.5355444590250666 22.218361511230459 57.57269287109375 10.090884447097778 4.1256858825683542 35.775898832082753 7.4501407972403939 56.116909790039053 3.2508224821090694 -10.64992395401001 -4.43464205124799 3.3907655988420751 10.759732093811037 0.38048246630950133 1.941283610222801 6.9414906819661457 -2.306321553980248 -10.09400369980756 -0.76399528770833403 8.8040522795457097 2.804740552902222 -12.981166360037669 -13.615225869637948 -11.798817910088431 -13.160769053867885 5.8109390803745811
leaf_weight=11.999999999999998 10 25 6.0000000000000044 3.9999999999999991 2.9999999999999982 5.0000000000000018 3.9999999999999991 7.9999999999999991 3.0000000000000027 15.999999999999998 28 10 5 40 34 7.0000000000000009 30 137 93 2.9999999999999991 79 17 74 13 20 35 54 9 42 7
leaf_count=12 10 25 6 4 3 5 4 8 3 16 28 10 5 40 34 7 30 137 93 3 79 17 74 13 20 35 54 9 42 7
internal_value=0.117241 -3.744 20.4395 31.2801 16.4902 15.4362 38.6751 25.9182 24.5565 30.7785 0.236448 48.2428 12.7346 -11.325 -9.54535 11.1703 13.1992 1.78908 3.21606 -2.14826 -3.39542 -6.3211 -0.463782 6.9094 0.689305 -11.7378 -13.2749 -12.56 -13.4164 5.42832
internal_weight=833 700 133 42 14 91 28 12 29 19 459 16 10 241 126 62 42 278 121 181 104 51 77 20 157 75 115 19 96 10
internal_count=833 700 133 42 14 91 28 12 29 19 459 16 10 241 126 62 42 278 121 181 104 51 77 20 157 75 115 19 96 10
is_linear=0
shrinkage=0.05


Tree=2
num_leaves=29
num_cat=0
split_feature=2 1 4 0 4 7 4 1 4 3 1 4 4 0 0 2 6 0 6 4 1 1 3 0 3 4 0 7
split_gain=2.27565e+07 7.73112e+06 5.98676e+06 1.24791e+06 1.16476e+06 1.10644e+06 2.81461e+06 663745 815291 480191 433785 498199 319335 444690 290870 197361 263428 124803 74873.5 65590.3 57075.3 53688.2 50155.8 46354.2 38983.7 48069.4 4142.12 3362.46
threshold=5836.3600000000015 18906.050000000003 44735.000000000007 41396.900000000009 44012.500000000007 5.5000000000000009 44810.000000000007 34007.355000000003 45077.500000000007 0.68783610611397006 13347.120000000001 36662.500000000007 42910.000000000007 38256.500000000007 38934.100000000006 6668.6450000000013 70.500000000000014 39325.650000000009 68.500000000000014 36372.500000000007 17531.555000000004 20424.125000000004 0.43038277927768881 41054.950000000004 0.36301840326779072 37010.000000000007 40990.30000000001 1.5000000000000002
decision_type=2 2 2 2 2 2 2 2 2 2 2 2 2 2 2 2 2 2 2 2 2 2 2 2 2 2 2 2
left_child=2 10 3 12 -5 7 17 -4 -9 18 24 22 13 -1 -14 16 -11 -7 21 -17 -13 -3 -12 -20 27 -26 -8 -2
right_child=1 9 5 4 -6 6 26 8 -10 15 11 20 14 -15 -16 19 -18 -19 23 -21 -22 -23 -24 -25 25 -27 -28 -29
leaf_value=14.705245326115534 -12.124609014723037 -5.1440827857880365 19.082116254170714 54.689894612630191 15.281553039550779 34.241549072265613 2.5469127893447872 52.756394704182938 32.848559909396691 10.94060978492101 -6.3467067146301268 -11.588881023893967 5.3409344673156722 3.8756166866847446 16.54470385596866 2.471015120939962 2.3559150443758283 44.311440277099614 -1.0410507859327855 0.54145273049998155 -8.1314338564872752 -2.164649318765711 -2.179979853446667 5.2925284067789713 -6.5387051582336388 -11.744273129631493 4.8223564465840658 -12.752105353860294
leaf_weight=12.999999999999998 27 21 3.0000000000000027 3 5 5.0000000000000009 3 12 9 11.999999999999998 9.9999999999999982 47 8.0000000000000018 35 21 58 35 7.9999999999999991 78 183 15.999999999999998 54 26 2.9999999999999991 6.0000000000000027 17 6 102
leaf_count=13 27 21 3 3 5 5 3 12 9 12 10 47 8 35 21 58 35 8 78 183 16 54 26 3 6 17 6 102
internal_value=0.0117551 -3.59134 19.1274 11.2642 30.0597 33.6573 25.5579 41.0817 44.2245 0.373666 -10.6051 -8.02956 9.31144 6.80864 13.454 1.58385 4.54775 40.4384 -1.86052 1.00583 -10.7108 -2.99889 -3.3374 -0.806474 -12.2827 -10.3863 4.06388 -12.6208
internal_weight=826 695 131 85 8 46 22 24 21 444 251 99 77 48 29 288 47 13 156 241 63 75 36 81 152 23 9 129
internal_count=826 695 131 85 8 46 22 24 21 444 251 99 77 48 29 288 47 13 156 241 63 75 36 81 152 23 9 129
is_linear=0
shrinkage=0.05


Tree=3
num_leaves=29
num_cat=0
split_feature=2 1 4 0 7 4 4 1 3 1 4 0 0 3 4 5 1 1 4 0 4 3 4 0 6 1 7 0
split_gain=2.13876e+07 6.76344e+06 5.86027e+06 1.20446e+06 1.07357e+06 2.66459e+06 986864 607921 577987 340132 322704 406380 304623 277748 414265 149295 254213 137090 126892 84691.4 75064.3 56554 44121.1 42648.5 36757.6 36539 7646.07 3862.52
threshold=5854.9800000000005 17682.685000000001 44735.000000000007 41499.100000000013 5.5000000000000009 44810.000000000007 44012.500000000007 38979.740000000005 0.68783610611397006 34007.355000000003 42910.000000000007 38256.500000000007 38934.100000000006 0.3925783812162067 36662.500000000007 15.500000000000002 29668.820000000003 19674.130000000001 37740.000000000007 39325.650000000009 37740.000000000007 0.4696140699754851 37740.000000000007 35731.000000000007 77.500000000000014 14137.220000000001 1.5000000000000002 40990.30000000001
decision_type=2 2 2 2 2 2 2 2 2 2 2 2 2 2 2 2 2 2 2 2 2 2 2 2 2 2 2 2
left_child=2 13 3 10 7 19 -5 9 17 -4 11 -1 -12 23 25 16 -10 18 -3 -6 -17 -16 -19 26 -9 -15 -2 -7
right_child=1 8 4 6 5 27 -8 24 15 -11 12 -13 -14 14 21 20 -18 22 -20 -21 -22 -23 -24 -25 -26 -27 -28 -29
leaf_value=13.299920825958253 -11.105174209594727 -1.4974352730645073 17.844677925109821 51.955397542317712 32.529473266601556 2.4529004732767739 14.018909263610837 52.462692871093736 1.5630228638648984 36.396792166573661 4.9534451224587182 3.6495912182331085 14.638429094129993 -5.9690965999256491 -11.948017916959875 2.4564620462485722 13.232870265415736 -0.27981625400483606 -7.003166538238526 40.645572916666673 0.52981477058032056 -9.1580997858292026 -2.1322846621937224 -5.8714965820312504 45.461968994140619 -2.4118231614430745 -12.070722737228662 4.5972502844674237
leaf_weight=14.999999999999998 25 18 3.0000000000000062 2.9999999999999991 5.0000000000000009 3 4 5 14.000000000000002 13.999999999999998 10.999999999999998 40 31 10.999999999999998 34 70 6.9999999999999991 50 25 8.9999999999999982 182 39 90 2.9999999999999991 3 21 114 7
leaf_count=15 25 18 3 3 5 3 4 5 14 14 11 40 31 11 34 70 7 50 25 9 182 39 90 3 3 21 114 7
internal_value=0.0227073 -3.66437 16.964 10.2471 31.2201 23.6665 30.2774 38.4715 -0.0549087 33.1229 8.80167 6.2815 12.1019 -10.328 -8.37816 1.40253 5.45297 -2.22912 -4.69844 37.747 1.06499 -10.4575 -1.47069 -11.7698 49.8374 -3.63464 -11.8971 3.95395
internal_weight=856 703 153 104 49 24 7 25 456 17 97 55 42 247 105 273 21 183 43 14 252 73 140 142 8 32 139 10
internal_count=856 703 153 104 49 24 7 25 456 17 97 55 42 247 105 273 21 183 43 14 252 73 140 142 8 32 139 10
is_linear=0
shrinkage=0.05


Tree=4
num_leaves=28
num_cat=0
split_feature=3 1 0 5 2 7 7 2 0 7 1 2 0 3 8 7 0 8 3 8 7 8 3 7 0 3 3
split_gain=2.13046e+07 6.9707e+06 2.19625e+06 1.35947e+06 1.2057e+06 1.04348e+06 903924 729456 395720 382984 851573 432844 358649 356619 443124 331674 321649 267434 254959 71208.3 61284.7 56071.4 42968.7 40952.1 37656.6 12245.2 16.2231
threshold=0.86434852800430806 18906.050000000003 41332.80000000001 17.500000000000004 1249.4700000000003 4.5000000000000009 5.5000000000000009 6668.6450000000013 41680.400000000001 1.5000000000000002 36659.405000000006 3503.3100000000004 41420.750000000007 0.39592269880324799 3.5000000000000004 1.5000000000000002 37780.900000000009 2.5000000000000004 0.65594691847247666 3.5000000000000004 1.5000000000000002 3.5000000000000004 0.44098241019733792 1.5000000000000002 35731.000000000007 0.36301840326779072 0.96879830057194727
decision_type=2 2 2 2 2 2 2 2 2 2 2 2 2 2 2 2 2 2 2 2 2 2 2 2 2 2 2
left_child=1 13 3 5 -4 15 -7 16 12 10 -5 -11 -6 24 20 -2 17 -3 21 -20 -15 -9 -16 -18 25 -1 -10
right_child=2 7 4 9 8 6 -8 18 26 11 -12 -13 -14 14 22 -17 23 -19 19 -21 -22 -23 -24 -25 -26 -27 -28
leaf_value=-11.413783465576174 23.312861328125003 1.536047891208103 4.8301245371500592 7.8096697425842256 46.04988632202145 41.21318546641956 20.943148623813279 -3.0847532892227174 49.46980489095052 3.4800003388348753 28.444263000488281 13.407752350837953 27.713225126266479 -6.8095463069421918 -5.7393812928880967 6.8968713045120245 5.4290942867596952 13.053672279251948 0.1175128936553686 1.8796705386683912 -10.483403835296631 -0.71898168654013905 -2.3847250628471377 2.0785850135903607 -5.577921549479167 -10.01892580456204 49.634238688151029
leaf_weight=125 4.9999999999999991 7.0000000000000027 3.0000000000000027 10.000000000000002 4.0000000000000027 11 11 70 2.9999999999999991 17 9.9999999999999982 31 7.9999999999999991 13.999999999999998 13.999999999999998 7.9999999999999991 11.999999999999998 18 209 79 60 39 30 38 2.9999999999999991 18 3
leaf_count=125 5 7 3 10 4 11 11 70 3 17 10 31 8 14 14 8 12 18 209 79 60 39 30 38 3 18 3
internal_value=0.266759 -2.96344 19.4396 16.4349 34.1766 24.4417 31.0782 0.67571 39.0676 12.3138 18.127 9.89167 33.8254 -9.4698 -7.42569 13.2107 5.19805 9.82874 -0.178637 0.600883 -9.78835 -2.23828 -3.45212 2.88271 -11.1219 -11.2382 49.552
internal_weight=860 736 124 103 21 35 22 472 18 68 20 48 12 264 118 13 75 25 397 288 74 109 44 50 146 143 6
internal_count=860 736 124 103 21 35 22 472 18 68 20 48 12 264 118 13 75 25 397 288 74 109 44 50 146 143 6
is_linear=0
shrinkage=0.05


Tree=5
num_leaves=27
num_cat=0
split_feature=2 3 4 2 0 4 0 2 3 4 0 0 3 4 4 0 5 3 4 0 2 0 4 0 4 7
split_gain=1.80148e+07 5.7819e+06 4.57267e+06 994324 742702 1.08508e+06 668386 1.01917e+06 394994 349791 354138 335185 329471 493083 222865 344139 130995 102965 92327.5 89505.3 83039.9 71514.2 63656.2 41649.9 10767.5 7057.32
threshold=5836.3600000000015 0.54979938235441972 44735.000000000007 1249.4700000000003 41396.900000000009 44012.500000000007 41332.80000000001 1691.9700000000003 0.76246611824186494 42910.000000000007 37508.450000000004 38934.100000000006 0.3925783812162067 36662.500000000007 36372.500000000007 37315.250000000007 15.500000000000002 0.65237349775318854 38835.000000000007 35798.100000000006 4273.5400000000009 41680.400000000001 36372.500000000007 32455.350000000002 27195.000000000004 3.5000000000000004
decision_type=2 2 2 2 2 2 2 2 2 2 2 2 2 2 2 2 2 2 2 2 2 2 2 2 2 2
left_child=2 12 4 -4 9 -6 7 -5 17 10 -1 -11 19 24 15 -10 -16 23 -15 25 -7 -8 -19 -3 -14 -2
right_child=1 8 3 6 5 20 21 -9 14 11 -12 -13 13 18 16 -17 -18 22 -20 -21 -22 -23 -24 -25 -26 -27
leaf_value=22.045669555664062 -10.35392519199487 -5.6654661519186842 4.5094516754150389 3.5425251007080081 47.925694783528662 5.2148061116536439 38.494424438476571 30.266871017759499 19.005674133300783 4.28984489440918 4.2907751934094867 15.121040153503419 -5.2869616389274601 -11.035160562727187 6.6745054373374364 2.9400577163696293 1.4104364759761554 1.4883967367898334 -7.7781168740445921 -1.9917089780171713 16.979148483276362 47.125413513183588 -0.55788985166123239 -1.6614799837933647 -2.1724034090299864 -11.077128346761068
leaf_weight=2.9999999999999991 66 6.9999999999999991 3.9999999999999991 3.9999999999999991 2.9999999999999982 3 5.9999999999999982 33 4.9999999999999991 9.9999999999999982 44 25 2.9999999999999991 36 12.999999999999998 9.9999999999999982 130 55 55 2.9999999999999991 3 4 123 90 37 69
leaf_count=3 66 7 4 4 3 3 6 33 5 10 44 25 3 36 13 10 130 55 55 3 3 4 123 90 37 69
internal_value=0.213677 -3.07173 16.4556 28.4408 9.73862 23.3732 30.4776 27.3778 0.50486 8.24214 5.42407 12.0264 -8.82884 -7.03284 2.49718 8.29526 1.88899 -0.639819 -9.06662 -10.5337 11.097 41.9468 0.0743897 -1.95043 -2.406 -10.7236
internal_weight=844 702 142 51 91 9 47 37 433 82 47 35 269 131 158 15 143 275 91 138 6 10 178 97 40 135
internal_count=844 702 142 51 91 9 47 37 433 82 47 35 269 131 158 15 143 275 91 138 6 10 178 97 40 135
is_linear=0
shrinkage=0.05


Tree=6
num_leaves=29
num_cat=0
split_feature=3 1 4 0 4 7 4 4 2 1 4 4 0 4 4 0 6 4 3 0 4 2 6 6 3 0 0 0
split_gain=1.52403e+07 5.63896e+06 3.65581e+06 1.14498e+06 967634 912316 2.18423e+06 573027 477477 425571 358865 346469 421769 278336 277671 204662 140235 119374 114241 71445.8 66253 41241.2 36813.3 27344.3 10739.1 8845.54 4283.34 2735.54
threshold=0.86434852800430806 19674.130000000001 44735.000000000007 41396.900000000009 44012.500000000007 5.5000000000000009 44810.000000000007 45077.500000000007 7374.8350000000009 14718.545 37740.000000000007 36372.500000000007 37758.30000000001 42910.000000000007 36662.500000000007 40414.700000000004 65.500000000000014 41855.000000000007 0.68783610611397006 35798.100000000006 36372.500000000007 19907.430000000004 67.500000000000014 77.500000000000014 0.49044964085861953 41289.150000000001 40792.000000000007 40336.30000000001
decision_type=2 2 2 2 2 2 2 2 2 2 2 2 2 2 2 2 2 2 2 2 2 2 2 2 2 2 2 2
left_child=1 9 3 13 -5 7 26 23 11 19 24 12 -3 14 -2 -15 -13 -12 22 21 -20 -1 -10 -4 -11 -8 -7 -9
right_child=2 8 5 4 -6 6 25 27 18 10 17 16 -14 15 -16 -17 -18 -19 20 -21 -22 -23 -24 -25 -26 -27 -28 -29
leaf_value=-8.5513213117071931 13.862745911734445 21.029575602213541 44.57571716308594 45.27318801879882 10.494709396362303 36.389262084960933 1.2845362854003906 25.274972025553382 -2.5543877029418947 -3.0668483479817712 -9.7842568635940559 6.9004658382385973 3.4927683591842653 16.507581297556555 2.7674520149313171 7.7469785118103038 1.7930801490321757 -5.5246280752379322 2.1425342877237301 -3.7581723403930667 0.056377980554545376 -10.28132874097011 -0.71836349695195389 39.063677978515607 -1.3868294333036131 4.4390939712524409 34.473164149693076 27.124140930175777
leaf_weight=47 6.9999999999999991 5.9999999999999991 8.9999999999999982 4 4 5 5 3 40 14.999999999999998 38 15.999999999999998 7.9999999999999991 12.000000000000002 29 14.999999999999998 84 29 53 4.9999999999999991 135 129 86 3.0000000000000009 26 4 7 6
leaf_count=47 7 6 9 4 4 5 5 3 40 15 38 16 8 12 29 15 84 29 53 5 135 129 86 3 26 4 7 6
internal_value=-0.0839421 -2.77366 16.9827 10.0657 27.8839 28.6757 21.3065 36.0449 0.869992 -8.16979 -5.68589 3.64163 11.0085 7.80303 4.92487 11.6406 2.61026 -7.94054 -0.136272 -9.6519 0.644497 -9.81934 -1.30123 43.1977 -2.00147 2.68656 35.2715 26.5078
internal_weight=830 717 113 71 8 42 21 21 428 289 108 114 14 63 36 27 100 67 314 181 188 176 126 12 41 9 12 9
internal_count=830 717 113 71 8 42 21 21 428 289 108 114 14 63 36 27 100 67 314 181 188 176 126 12 41 9 12 9
is_linear=0
shrinkage=0.05


Tree=7
num_leaves=27
num_cat=0
split_feature=2 1 0 2 6 0 2 0 1 7 3 7 0 8 7 1 5 8 0 1 2 1 8 6 6 0
split_gain=1.39432e+07 5.12312e+06 1.42032e+06 840854 796789 955051 481997 462450 433467 431958 393397 390231 562934 251303 193612 178330 137045 120380 110006 97596.2 75535.6 66378.3 106102 50946.2 10193.8 3392.1
threshold=5166.835 19674.130000000001 41332.80000000001 1249.4700000000003 73.500000000000014 38566.150000000009 6267.3700000000017 39469.600000000013 37379.255000000012 5.5000000000000009 0.46232164407289505 1.5000000000000002 40336.30000000001 3.5000000000000004 5.5000000000000009 26788.960000000003 16.500000000000004 3.5000000000000004 41680.400000000001 29992.890000000007 16794.195000000003 11402.1 3.5000000000000004 61.500000000000007 65.500000000000014 30613.850000000002
decision_type=2 2 2 2 2 2 2 2 2 2 2 2 2 2 2 2 2 2 2 2 2 2 2 2 2 2
left_child=2 10 4 -4 5 16 9 -7 -5 19 21 12 -6 20 -13 17 -1 -8 -10 -3 -12 25 -23 -17 -15 -2
right_child=1 6 3 8 11 7 15 -9 18 -11 13 14 -14 24 -16 23 -18 -19 -20 -21 -22 22 -24 -25 -26 -27
leaf_value=14.905040454864503 -9.9987493058325541 11.684182977676393 4.141190973917638 15.605454889933251 4.1529338041941326 35.337605067661819 -1.9229127954030147 20.497993544169837 33.245348909166125 21.570589691400528 -8.0221362803293328 4.7589329214007767 23.525314636230469 -3.6805844879150396 13.227003521389433 7.7337687810262041 3.5701411128044129 0.67949054068640669 42.495236206054692 3.4274389743804932 -3.9362501529852554 -9.6612803233994384 -5.6706984396903746 1.1739319729858935 -1.2296505851405009 -9.4611200008392338
leaf_weight=3.9999999999999991 71 3.9999999999999991 3.0000000000000027 3.0000000000000027 5.9999999999999991 7.0000000000000027 107 21 8.9999999999999982 3.9999999999999991 46 27 9.9999999999999982 4.9999999999999991 8.9999999999999982 2.9999999999999991 7.9999999999999991 76 4.9999999999999991 34 14.999999999999998 36 31 221 28 50
leaf_count=4 71 4 3 3 6 7 107 21 9 4 46 27 10 5 9 3 8 76 5 34 15 36 31 221 28 50
internal_value=0.041819 -2.47521 16.4699 28.5462 13.8446 19.1501 0.842053 24.2079 32.853 5.94171 -7.75695 9.76356 16.2607 -5.11591 6.87595 0.315798 7.34844 -0.842133 36.5489 4.29657 -7.01741 -9.07747 -7.81489 1.26179 -1.601 -9.77659
internal_weight=843 731 112 20 92 40 449 28 17 42 282 52 16 94 36 407 12 183 14 38 61 188 67 224 33 121
internal_count=843 731 112 20 92 40 449 28 17 42 282 52 16 94 36 407 12 183 14 38 61 188 67 224 33 121
is_linear=0
shrinkage=0.05


Tree=8
num_leaves=28
num_cat=0
split_feature=2 1 4 7 0 2 2 7 4 3 4 1 4 4 0 5 1 2 4 4 4 4 5 1 7 3 0
split_gain=1.10273e+07 4.24227e+06 2.93412e+06 780312 1.47109e+06 650870 547854 552239 381634 340853 339874 265313 367720 202110 267960 104326 103151 93098.1 62273.9 55312 51799.2 17981.6 23298.1 15009.3 3360.86 3925.18 1607.66
threshold=5836.3600000000015 18906.050000000003 44735.000000000007 2.5000000000000004 41396.900000000009 1249.4700000000003 4718.5600000000013 5.5000000000000009 44810.000000000007 0.76246611824186494 42910.000000000007 11311.805000000002 36662.500000000007 36372.500000000007 37315.250000000007 15.500000000000002 22240.735000000004 19907.430000000004 42262.500000000007 30732.500000000004 39497.500000000007 44012.500000000007 17.500000000000004 36243.230000000003 1.5000000000000002 0.32215783612311083 31580.250000000004
decision_type=2 2 2 2 2 2 2 2 2 2 2 2 2 2 2 2 2 2 2 2 2 2 2 2 2 2 2
left_child=2 11 3 4 10 -4 7 -7 -8 16 -1 24 17 14 -11 -15 20 -13 -14 -18 -3 23 -23 -5 25 -2 -26
right_child=1 9 5 21 -6 6 8 -9 -10 13 -12 12 18 15 -16 -17 19 -19 -20 -21 -22 22 -24 -25 26 -27 -28
leaf_value=6.3262793224433373 -8.3201396385828641 -0.91222606631586478 3.854964828491211 -0.6951518726348872 41.116013336181645 33.620141686333554 25.674264526367189 21.053859940697166 2.0829591989517211 17.2227978515625 15.812651661464148 -1.8860471665859224 -8.9569426618516452 5.9347623971792371 2.7862829844156902 1.2449252090741088 4.2996051515851708 -6.5673219544546946 -6.3338329746041984 -0.22364654306854523 -3.4255859162749318 5.3054249763488759 2.3030666125672208 2.5283605575561525 -9.5670672872792135 -9.9377882385253926 -9.123400668440194
leaf_weight=29 15.000000000000002 41 3.9999999999999991 5.0000000000000027 3.9999999999999991 18 2.9999999999999991 17 4 4.9999999999999991 13.999999999999998 44 64 12.999999999999998 8.9999999999999982 135 6.9999999999999991 13.999999999999998 35 196 41 12.000000000000002 13.999999999999998 12.999999999999998 69 4.9999999999999991 29
leaf_count=29 15 41 4 5 4 18 3 17 4 5 14 44 64 13 9 135 7 14 35 196 41 12 14 13 69 5 29
internal_value=-0.169707 -2.63744 12.8355 7.63301 12.1128 23.1272 24.9627 27.5165 12.1935 0.368724 9.41487 -7.52383 -6.17743 2.20005 7.94218 1.65687 -0.672238 -3.01601 -8.02958 -0.0676723 -2.16891 2.84775 3.68877 1.63294 -9.31523 -8.72455 -9.43578
internal_weight=859 722 137 91 47 46 42 35 7 447 43 275 157 162 14 148 285 58 99 203 82 44 26 18 118 20 98
internal_count=859 722 137 91 47 46 42 35 7 447 43 275 157 162 14 148 285 58 99 203 82 44 26 18 118 20 98
is_linear=0
shrinkage=0.05


Tree=9
num_leaves=30
num_cat=0
split_feature=3 1 4 7 4 0 4 4 3 4 4 4 4 7 1 6 4 4 4 2 2 4 4 0 0 0 6 2 2
split_gain=1.1326e+07 4.15548e+06 2.93983e+06 906563 1.96032e+06 780753 552424 420061 367238 242373 335924 228574 261268 251020 206724 157989 153196 75493.3 74732.4 191736 69892 68072.9 80613.1 51095.8 15269.7 14880.3 13899 7555.61 7100.03
threshold=0.86434852800430806 19066.745000000003 44735.000000000007 5.5000000000000009 44810.000000000007 41499.100000000013 45077.500000000007 44012.500000000007 0.76246611824186494 36372.500000000007 36090.000000000007 42910.000000000007 36662.500000000007 3.5000000000000004 15886.575000000001 66.500000000000014 37740.000000000007 38835.000000000007 36662.500000000007 19907.430000000004 3938.7450000000003 36372.500000000007 36090.000000000007 40893.500000000007 40280.350000000006 41289.150000000001 65.500000000000014 16133.200000000003 3789.9200000000005
decision_type=2 2 2 2 2 2 2 2 2 2 2 2 2 2 2 2 2 2 2 2 2 2 2 2 2 2 2 2 2
left_child=1 14 5 6 28 11 20 -7 21 10 -10 12 -2 -13 18 -11 26 -18 19 -1 -4 22 -3 -23 -8 -6 -16 -20 -5
right_child=2 8 3 4 25 7 24 -9 9 15 -12 13 -14 -15 16 -17 17 -19 27 -21 -22 23 -24 -25 -26 -27 -28 -29 -30
leaf_value=-2.239866378728081 12.617715426853726 0.21559545483270828 38.886217845569959 31.742259652273994 -0.5221543765068053 38.560404459635421 18.66996714274088 12.100981458028155 2.5899299263954156 5.6256528821858502 16.372419084821427 14.996444614116962 1.9228530860716297 6.1558308987390431 -4.8060202598571724 1.0609773720267917 -9.5364903259277352 -5.2584757348804771 -7.2017534255981452 -8.244408438635654 30.276460266113265 -1.3420281108425953 7.4732368469238288 2.1717748035084119 22.933554513113837 3.171123170852661 -1.1563826680183411 -9.0229686532701763 29.275329895019524
leaf_weight=17 6.9999999999999991 88 10.999999999999998 7 5 2.9999999999999991 3 3 12.000000000000002 22 6.9999999999999991 12.999999999999998 31 21 3.0000000000000027 137 14.999999999999998 33 5.9999999999999991 61 3.0000000000000009 174 3.9999999999999991 10.999999999999998 7 6 20 112 5
leaf_count=17 7 88 11 7 5 3 3 3 12 22 7 13 31 21 3 137 15 33 6 61 3 174 4 11 7 6 20 112 5
internal_value=0.0583326 -2.34743 13.954 23.8321 16.7386 8.00183 30.6301 25.3307 0.558344 2.33036 7.66769 6.55776 3.89296 9.53607 -7.29922 1.69257 -4.98764 -6.59536 -8.13658 -6.93573 37.0413 -0.580354 0.531145 -1.1331 21.6545 1.49236 -1.63242 -8.93036 30.7144
internal_weight=847 722 125 47 23 78 24 6 455 178 19 72 38 34 267 159 71 48 196 78 14 277 92 185 10 11 23 118 12
internal_count=847 722 125 47 23 78 24 6 455 178 19 72 38 34 267 159 71 48 196 78 14 277 92 185 10 11 23 118 12
is_linear=0
shrinkage=0.05


Tree=10
num_leaves=29
num_cat=0
split_feature=2 1 3 3 3 7 8 7 6 0 7 3 8 2 3 1 3 3 6 8 1 1 8 3 8 0 0 7
split_gain=1.11889e+07 3.35047e+06 1.13376e+06 794805 897142 1.56374e+06 434770 576870 412764 454938 358125 283896 265757 233261 231614 181254 164796 115471 112651 190570 77608.4 64797.1 44205.1 38267.7 31893 26890.3 15846.5 7133.4
threshold=5836.3600000000015 19674.130000000001 0.90164717565782104 0.91192243566073961 0.93405964484663007 5.5000000000000009 2.5000000000000004 4.5000000000000009 70.500000000000014 38566.150000000009 5.5000000000000009 0.37348775106649673 3.5000000000000004 4718.5600000000013 0.76246611824186494 31674.050000000007 0.9134547091477826 0.89686898624957145 70.500000000000014 3.5000000000000004 17531.555000000004 22240.735000000004 3.5000000000000004 0.44098241019733792 3.5000000000000004 35731.000000000007 35481.350000000006 1.5000000000000002
decision_type=2 2 2 2 2 2 2 2 2 2 2 2 2 2 2 2 2 2 2 2 2 2 2 2 2 2 2 2
left_child=2 11 8 6 16 -6 -4 -8 9 10 -1 25 20 -11 21 -10 -5 -17 19 -16 -13 24 -23 -14 -3 27 -20 -2
right_child=1 14 3 4 5 -7 7 -9 15 13 -12 12 23 -15 18 17 -18 -19 26 -21 -22 22 -24 -25 -26 -27 -28 -29
leaf_value=4.0181829547882071 -7.6265035261710485 -3.1009589994326237 41.116094970703109 17.749068144957203 29.281095527200137 2.4738317370414724 6.3768939971923828 28.843794898986815 18.445610555013022 28.879436492919929 23.715107727050782 -7.7111550996552651 -4.2178650555014618 11.803850046793617 2.4409804788418117 4.516852264978537 5.1390027108945349 9.92489993755634 -1.6611737918853759 11.068924045562746 -4.7488476674665101 -0.6973121703602374 0.85828969141494638 -1.5032548453356771 -0.68977257758378985 -3.6200079480806986 1.2158013034279325 -8.5786970016059527
leaf_weight=10.000000000000002 24 32 4.0000000000000009 3.0000000000000027 17 8.0000000000000018 3.9999999999999991 10 2.9999999999999991 5.9999999999999982 2.9999999999999991 67 20 3 32 41 19 12.999999999999998 4.9999999999999991 7.9999999999999991 33 128 71 37 24 2.9999999999999991 112 109
leaf_count=10 24 32 4 3 17 8 4 10 3 6 3 67 20 3 32 41 19 13 5 8 33 128 71 37 24 3 112 109
internal_value=0.0524701 -2.54168 12.753 17.6441 14.2225 20.7028 26.5783 22.4247 8.72869 14.5462 8.56363 -6.62905 -5.18049 23.1876 0.365107 6.48336 6.85856 5.81879 1.87597 4.16657 -6.73359 -0.565108 -0.142298 -2.45575 -2.06759 -8.30128 1.09285 -8.40687
internal_weight=849 705 144 65 47 25 18 14 79 22 13 293 157 9 412 57 22 54 157 40 100 255 199 57 56 136 117 133
internal_count=849 705 144 65 47 25 18 14 79 22 13 293 157 9 412 57 22 54 157 40 100 255 199 57 56 136 117 133
is_linear=0
shrinkage=0.05


Tree=11
num_leaves=30
num_cat=0
split_feature=3 3 4 7 4 0 4 4 3 0 4 3 7 4 4 4 1 0 4 4 3 4 6 0 7 0 4 0 4
split_gain=9.35729e+06 3.31361e+06 2.28678e+06 829179 1.75974e+06 756349 623027 512115 351341 272303 496655 225428 194598 167484 142839 90083 89048.3 64767.4 63372.4 56899.6 129109 43727.2 41383.1 33243.1 17226.6 15804.1 15577.9 10585.1 1533.38
threshold=0.86434852800430806 0.54696764275651588 44735.000000000007 5.5000000000000009 44810.000000000007 41396.900000000009 44012.500000000007 45077.500000000007 0.80256399267773859 37816.500000000007 44735.000000000007 0.46232164407289505 1.0000000180025095e-35 36662.500000000007 37740.000000000007 41855.000000000007 22333.035 39606.05000000001 36372.500000000007 36662.500000000007 0.37348775106649673 39497.500000000007 75.500000000000014 40956.30000000001 1.0000000180025095e-35 39967.100000000006 42752.500000000007 40280.350000000006 32370.000000000004
decision_type=2 2 2 2 2 2 2 2 2 2 2 2 2 2 2 2 2 2 2 2 2 2 2 2 2 2 2 2 2
left_child=1 11 5 7 25 12 -7 17 16 10 -10 19 22 -14 28 -16 21 -4 -18 20 -1 -3 -2 -6 -11 -5 -21 -9 -13
right_child=2 8 3 4 23 6 -8 27 9 24 -12 14 13 -15 15 -17 18 -19 -20 26 -22 -23 -24 -25 -26 -27 -28 -29 -30
leaf_value=-7.4911252490274851 16.201941299438481 -0.73864298791361993 27.733020019531235 24.885501098632801 -4.1468924522399879 35.760826873779301 9.2862042331695545 16.945438130696612 3.71717658996582 2.4892903434250644 19.73607521057129 -0.68664434931494955 13.223253479003908 3.6340892011044073 -7.984226580288099 -3.5589281491611318 1.3753242328225204 36.021127180619679 -0.37928353439677848 -8.240787834096178 -2.8710926270484927 -3.1006094574928285 9.3787499427795407 2.0248987525701523 0.99651173811049798 29.075984870062936 -5.8061418942042762 20.495264979771207 -1.463856666882833
leaf_weight=62 3.9999999999999982 43 3.0000000000000009 3.0000000000000009 3.0000000000000009 3.9999999999999982 5 3 25.000000000000004 27 5.9999999999999991 11.000000000000002 4.9999999999999991 51 23 23 71 10.999999999999998 187 107 20 36 5 7.9999999999999991 68 8.9999999999999982 6.9999999999999991 7 14.999999999999998
leaf_count=62 4 43 3 3 3 4 5 3 25 27 6 11 5 51 23 23 71 11 187 107 20 36 5 8 68 9 7 7 15
internal_value=0.0667132 -2.06515 12.946 21.5709 14.7869 7.46798 21.0527 28.0723 0.496021 2.74857 6.81761 -6.48986 5.58702 4.49026 -4.09727 -5.77158 -0.346177 34.2451 0.103574 -7.36877 -6.36429 -1.81498 12.4113 0.341683 1.42078 28.0284 -8.09129 19.4303 -1.13504
internal_weight=852 731 121 47 23 74 9 24 463 126 31 268 65 56 72 46 337 14 258 196 82 79 9 11 95 12 114 10 26
internal_count=852 731 121 47 23 74 9 24 463 126 31 268 65 56 72 46 337 14 258 196 82 79 9 11 95 12 114 10 26
is_linear=0
shrinkage=0.05


Tree=12
num_leaves=31
num_cat=0
split_feature=2 1 4 7 4 0 4 2 4 6 3 7 1 4 1 4 1 4 2 4 2 1 0 0 0 3 4 6 0 0
split_gain=8.44758e+06 3.15124e+06 1.63597e+06 1.09483e+06 1.40185e+06 504699 676633 434529 410387 191635 190848 163617 134762 124319 109145 159109 86386.9 64318.4 58541.5 56455.9 40026.2 38892.5 33227.7 32468.9 9308.51 8232.69 1335.88 1218.81 918.132 365.078
threshold=4982.2200000000003 17531.555000000004 44735.000000000007 5.5000000000000009 44810.000000000007 41396.900000000009 44012.500000000007 7374.8350000000009 45077.500000000007 70.500000000000014 0.90164717565782104 5.5000000000000009 22240.735000000004 44012.500000000007 11311.805000000002 36662.500000000007 37938.505000000012 37740.000000000007 3938.7450000000003 36372.500000000007 19907.430000000004 26788.960000000003 29635.100000000002 40956.30000000001 40474.05000000001 0.91192243566073961 41325.000000000007 77.500000000000014 31580.250000000004 32957.100000000006
decision_type=2 2 2 2 2 2 2 2 2 2 2 2 2 2 2 2 2 2 2 2 2 2 2 2 2 2 2 2 2 2
left_child=2 14 5 8 24 10 -7 9 18 11 13 -3 17 -1 26 20 -8 -9 -4 -11 -16 -14 -17 -6 -5 -12 28 -10 -2 -28
right_child=1 7 3 4 23 6 16 12 27 19 25 -13 21 -15 15 22 -18 -19 -20 -21 -22 -23 -24 -25 -26 -27 29 -29 -30 -31
leaf_value=5.4984347782636949 -7.8149423481505593 4.0250170518954596 34.155383809407553 23.582866923014318 -3.9395476977030413 33.972785949707038 13.42377818425496 -0.6886164919547737 18.676799265543618 5.0637816515835858 3.4924914518992085 11.930253553390504 -0.55146060806582686 11.707903071812222 -1.831465670576802 -3.2386360367139186 1.4246861537297564 -3.1357087222666578 26.346368408203109 1.234437249789571 -5.5345312404632567 0.64443979099906734 -7.1114432076613117 2.0668276521894668 26.911764090401785 1.2788047247898899 -7.0553652191162115 19.911103820800776 -7.4828076498849061 -7.5487063090006519
leaf_weight=19 81 24 11.999999999999998 3 3.0000000000000009 3.9999999999999982 3 50 6 10.999999999999998 6.0000000000000027 8.9999999999999982 128 13.999999999999998 27 5.9999999999999991 3 58 3.0000000000000009 77 9.9999999999999982 145 72 8.9999999999999982 7 13.999999999999998 9.9999999999999982 3 28 5.9999999999999991
leaf_count=19 81 24 12 3 3 4 3 50 6 11 6 9 128 14 27 6 3 58 3 77 10 145 72 9 7 14 10 3 28 6
internal_value=-0.0223941 -1.93173 12.9751 20.1437 12.087 7.74088 18.0437 0.321277 27.5291 2.93162 5.79696 6.18099 -0.50773 8.13275 -6.64427 -5.53261 7.42423 -2.0028 32.5936 1.71311 -2.83229 0.0837246 -6.81353 0.565234 25.9131 1.94291 -7.667 19.0882 -7.72962 -7.24037
internal_weight=851 742 109 46 22 63 10 502 24 121 53 33 381 33 240 115 6 108 15 88 37 273 78 12 10 20 125 9 109 16
internal_count=851 742 109 46 22 63 10 502 24 121 53 33 381 33 240 115 6 108 15 88 37 273 78 12 10 20 125 9 109 16
is_linear=0
shrinkage=0.05


Tree=13
num_leaves=30
num_cat=0
split_feature=2 3 4 7 4 4 2 3 2 0 4 4 3 4 3 4 0 4 7 3 4 4 0 8 0 7 0 6 0
split_gain=7.95873e+06 2.89131e+06 1.50723e+06 664812 1.25592e+06 487854 395686 995388 329849 312092 264267 338811 214264 139014 104699 90416.7 80105.5 64416.1 53761.3 34808.7 110736 19496.1 18002.2 12081 8224.35 2556.06 2382.98 1014.64 870.129
threshold=4879.1050000000005 0.54979938235441972 44735.000000000007 5.5000000000000009 44810.000000000007 45077.500000000007 3637.8050000000007 0.90736172913988977 6267.3700000000017 41460.750000000007 44735.000000000007 44810.000000000007 0.46232164407289505 36662.500000000007 0.65899448354509205 40295.000000000007 41460.750000000007 36372.500000000007 2.5000000000000004 0.37348775106649673 36662.500000000007 37740.000000000007 41289.150000000001 3.5000000000000004 41203.650000000001 3.5000000000000004 41203.650000000001 77.500000000000014 33749.400000000001
decision_type=2 2 2 2 2 2 2 2 2 2 2 2 2 2 2 2 2 2 2 2 2 2 2 2 2 2 2 2 2
left_child=2 12 6 5 24 16 23 9 10 -8 18 -12 19 28 21 -15 -4 -16 -3 25 -21 -10 -6 26 -5 -2 -1 -7 -14
right_child=1 8 3 4 22 27 7 -9 14 -11 11 -13 13 15 17 -17 -18 -19 -20 20 -22 -23 -24 -25 -26 -27 -28 -29 -30
leaf_value=0.20947334319353095 -7.008859665954815 3.964273297967333 36.552072143554682 26.360840225219729 -1.0808215808868407 17.81650194440569 7.099077827069495 38.278331502278647 -0.41824253128796091 23.884492746988933 22.829387664794918 2.2499399423599242 -1.4158843808703949 -7.6197961890179178 1.9045793942837179 -3.4218855668758525 28.265827331542965 0.17029938477726661 0.56726330320040386 -2.7278850129246717 -7.2659639893508547 -1.8147946821525693 3.1620814895629881 3.8869238853454591 23.291029866536448 -7.4491080522537239 1.6009383344650268 18.915548706054683 -0.82827123896706678
leaf_weight=8.0000000000000018 68 33 7 7.9999999999999991 5 7 36 2.9999999999999991 41 2.9999999999999991 4 4 9.0000000000000018 23 69 29 5 239 18 20 41 64 5 3.9999999999999991 3.0000000000000009 64 4.9999999999999991 3 21
leaf_count=8 68 33 7 8 5 7 36 3 41 3 4 4 9 23 69 29 5 239 18 20 41 64 5 4 3 64 5 3 21
internal_value=0.00805997 -1.78081 13.1089 20.2284 13.8651 26.3025 7.92006 10.5251 0.593584 8.39026 4.09066 12.5397 -5.85612 -3.71496 0.0940018 -5.27865 33.0995 0.558823 2.76533 -6.76584 -5.77807 -1.26947 1.04063 1.48401 25.5236 -7.22231 0.744652 18.1462 -1.00456
internal_weight=849 747 102 43 21 22 59 42 472 39 59 8 275 82 413 52 12 308 51 193 61 105 10 17 11 132 13 10 30
internal_count=849 747 102 43 21 22 59 42 472 39 59 8 275 82 413 52 12 308 51 193 61 105 10 17 11 132 13 10 30
is_linear=0
shrinkage=0.05


Tree=14
num_leaves=30
num_cat=0
split_feature=3 3 4 7 4 0 4 4 2 3 4 4 4 0 5 7 0 4 3 7 0 0 0 2 2 4 4 2 5
split_gain=6.76943e+06 2.42115e+06 1.74799e+06 476714 1.09482e+06 409815 567066 337117 224034 196554 255291 162568 249677 209218 108191 180008 72764 61060.3 59369.9 48332.4 39014.8 33347.4 19379.3 17927.4 14422.8 11448 6354.54 4931.48 1892.03
threshold=0.86434852800430806 0.56135143871521587 44735.000000000007 5.5000000000000009 44810.000000000007 41396.900000000009 44012.500000000007 45077.500000000007 7374.8350000000009 0.39592269880324799 36662.500000000007 42910.000000000007 36662.500000000007 40414.700000000004 17.500000000000004 5.5000000000000009 41531.55000000001 41855.000000000007 0.65594691847247666 2.5000000000000004 41460.750000000007 39325.650000000009 35731.000000000007 6031.3700000000017 1691.9700000000003 37740.000000000007 27195.000000000004 19907.430000000004 18.500000000000004
decision_type=2 2 2 2 2 2 2 2 2 2 2 2 2 2 2 2 2 2 2 2 2 2 2 2 2 2 2 2 2
left_child=1 9 5 7 21 11 -7 20 14 22 26 12 -2 -13 15 -3 -8 -12 25 -20 -4 -5 27 -16 -6 -10 -11 -1 -9
right_child=2 8 3 4 24 6 16 28 18 10 17 13 -14 -15 23 -17 -18 -19 19 -21 -22 -23 -24 -25 -26 -27 -28 -29 -30
leaf_value=-5.9721826735664827 10.879222990572453 2.8177097633078292 32.635375976562493 18.916874694824209 2.269566847880681 30.720075988769537 11.922094384829201 16.206192207336425 -0.41055001181525158 -3.0642749667167664 -6.6478709238632163 13.136363263924913 0.90184545958864293 4.7033474263391994 2.613872426748276 10.702182398902046 0.90967585245768212 -4.0614470821160538 0.95680228659360533 -0.46448626728994508 26.852536621093748 24.927395629882813 -2.7053144037723542 0.73431032276153563 -1.9764272689819329 -1.5219118042278195 -0.98654942752226538 -6.8830599348423851 17.744061279296872
leaf_weight=17 7.9999999999999991 37 7 3.0000000000000009 6 3.9999999999999982 3 4 37 3.9999999999999991 55 12.000000000000002 29 19 17 8.9999999999999982 3 39 139 105 5 9.9999999999999982 2.9999999999999991 50 3 62 46 118 4
leaf_count=17 8 37 7 3 6 4 3 4 37 4 55 12 29 19 17 9 3 39 139 105 5 10 3 50 3 62 46 118 4
internal_value=0.101022 -1.68985 11.1149 19.3387 14.2597 6.6867 16.1376 24.9256 0.562285 -5.3316 -4.03936 5.29687 3.05912 7.96774 2.49315 4.36032 6.41589 -5.57478 -0.0738321 0.345182 30.2259 23.5404 -6.68003 1.21121 0.854235 -1.10655 -1.15277 -6.76836 16.9751
internal_weight=858 738 120 42 22 78 10 20 456 282 144 68 37 31 113 46 6 94 343 244 12 13 138 67 9 99 50 135 8
internal_count=858 738 120 42 22 78 10 20 456 282 144 68 37 31 113 46 6 94 343 244 12 13 138 67 9 99 50 135 8
is_linear=0
shrinkage=0.05


Tree=15
num_leaves=29
num_cat=0
split_feature=2 1 4 7 4 3 0 4 7 4 7 0 3 4 1 4 0 4 6 0 0 4 4 4 0 0 2 2
split_gain=5.98725e+06 1.89298e+06 1.69787e+06 302738 1.17539e+06 477278 270797 405379 243558 195290 352374 238695 158340 162383 111862 70862 65669.5 62732.2 60887.2 52226 52058.6 63871.4 41049.8 28629.3 24736.8 16634.2 9922.4 5033.95
threshold=6267.3700000000017 19674.130000000001 44735.000000000007 5.5000000000000009 44810.000000000007 0.87044606028416383 41396.900000000009 44012.500000000007 4.5000000000000009 36372.500000000007 1.0000000180025095e-35 38099.55000000001 0.43038277927768881 36662.500000000007 27007.790000000001 41325.000000000007 41531.55000000001 37740.000000000007 66.500000000000014 35798.100000000006 37202.600000000006 44735.000000000007 38452.500000000007 39497.500000000007 40792.000000000007 39325.650000000009 19907.430000000004 19610.415000000005
decision_type=2 2 2 2 2 2 2 2 2 2 2 2 2 2 2 2 2 2 2 2 2 2 2 2 2 2 2 2
left_child=2 12 6 5 25 -4 9 -8 -7 11 -11 -1 19 27 17 -15 -9 18 -3 26 21 -16 -19 -22 -6 -5 -2 -14
right_child=1 14 3 4 24 8 7 16 -10 10 -12 -13 13 15 20 -17 -18 22 -20 -21 23 -23 -24 -25 -26 -27 -28 -29
leaf_value=14.328334350585937 -5.6056583881378179 4.8181291988917758 2.1817072550455703 20.11288248697916 -4.1397492726643872 16.049078805106024 28.605614217122408 11.325989341735838 27.617278113731967 12.906635453965931 2.4287375886899394 1.7136554876963299 -0.68380159591806355 -6.1288984801552511 1.8968933187425137 -3.2252048624789014 0.86419206460316955 -4.7170054541693798 -0.086128633666896465 -1.2669170552492144 1.7551146320410465 8.6367566347122189 -1.2094517793506385 0.19894789338560034 1.2868992860828126 23.59556694030762 -6.6447566059883689 -2.5759384870529178
leaf_weight=9.9999999999999982 28 6.9999999999999991 3.0000000000000027 6.0000000000000009 3 7.0000000000000009 2.9999999999999982 3 13 8.9999999999999982 74 5.9999999999999991 29 55 29 34 3 8.9999999999999982 66 4.9999999999999991 38 3.9999999999999991 114 133 7 7.9999999999999991 128 3.9999999999999991
leaf_count=10 28 7 3 6 3 7 3 3 13 9 74 6 29 55 29 34 3 9 66 5 38 4 114 133 7 8 128 4
internal_value=-0.124697 -2.13804 8.74699 16.6797 12.7513 20.7788 5.29481 13.5986 23.5684 4.53991 3.5649 9.59783 -5.2675 -3.90886 0.0760581 -5.01962 6.09509 -0.77698 0.384143 -6.29703 0.895644 2.71385 -1.4661 0.544763 -0.341095 22.103 -6.45825 -0.913152
internal_weight=838 683 155 47 24 23 108 9 20 99 83 16 283 122 400 89 6 196 73 161 204 33 123 171 10 14 156 33
internal_count=838 683 155 47 24 23 108 9 20 99 83 16 283 122 400 89 6 196 73 161 204 33 123 171 10 14 156 33
is_linear=0
shrinkage=0.05


Tree=16
num_leaves=29
num_cat=0
split_feature=2 3 4 7 4 0 4 2 4 0 6 7 4 0 4 4 2 0 4 6 2 4 4 4 4 6 0 0
split_gain=6.28137e+06 2.06923e+06 1.18582e+06 587150 937962 377780 320901 237847 212569 201306 192405 206521 133258 289537 118305 69498 243703 50234.1 44689.4 40827.6 34717.7 56518.7 17343.1 13696.7 13657.9 9944.63 3973.91 945.269
threshold=4642.295000000001 0.56135143871521587 44735.000000000007 5.5000000000000009 44810.000000000007 41396.900000000009 45077.500000000007 7374.8350000000009 44012.500000000007 35047.200000000004 70.500000000000014 2.5000000000000004 36372.500000000007 37862.200000000004 44395.000000000007 37740.000000000007 19907.430000000004 32355.150000000005 39497.500000000007 77.500000000000014 19376.645000000004 40295.000000000007 43067.500000000007 38452.500000000007 41325.000000000007 73.500000000000014 41396.900000000009 40336.30000000001
decision_type=2 2 2 2 2 2 2 2 2 2 2 2 2 2 2 2 2 2 2 2 2 2 2 2 2 2 2 2
left_child=2 9 5 6 26 10 19 12 -7 15 -1 -12 13 -3 -14 16 -2 23 -19 -4 22 -22 -11 -9 -17 -6 -5 -8
right_child=1 7 3 4 25 8 27 17 -10 20 11 -13 14 -15 -16 24 -18 18 -20 -21 21 -23 -24 -25 -26 -27 -28 -29
leaf_value=17.825574048360192 -1.0209951379719902 15.292458216349283 28.846000798543294 22.272377586364748 -1.3987800583243368 28.195295206705733 14.87457631429036 -6.4905967712402362 9.3729446172714201 -0.64806684728326469 7.9617059721946717 1.4682754928867023 0.46428688631301196 1.3991204929351806 3.719332528114319 -6.4955566753040657 -6.2592174053192142 0.61829817525661779 -0.57446814902612697 22.324596659342436 -1.361526662111282 -6.7042597028944231 -3.6012632886568703 -2.4525783711246079 -5.4007904696464539 1.8197579860687254 20.138499959309883 15.961584472656249
leaf_weight=2.9999999999999991 34 5.9999999999999991 11.999999999999998 7.9999999999999991 4 2.9999999999999991 3 2.9999999999999982 3 29 25 24 71 9.9999999999999982 46 99 64 137 184 3.0000000000000009 11.000000000000002 8.9999999999999982 5.9999999999999991 7 40 6 3.0000000000000009 6
leaf_count=3 34 6 12 8 4 3 3 3 3 29 25 24 71 10 46 99 64 137 184 3 11 9 6 7 40 6 3 6
internal_value=0.04651 -1.53168 11.6301 17.7208 11.6151 6.90453 23.0633 0.543458 18.7841 -4.82915 5.53381 4.78125 2.32932 6.60912 1.74405 -5.46158 -4.44187 -0.174124 -0.0654059 27.5417 -2.10394 -3.76576 -1.15433 -3.66398 -6.18052 0.532343 21.6904 15.5992
internal_weight=859 756 103 45 21 58 24 464 6 292 52 49 133 16 117 237 98 331 321 15 55 20 35 10 139 10 11 9
internal_count=859 756 103 45 21 58 24 464 6 292 52 49 133 16 117 237 98 331 321 15 55 20 35 10 139 10 11 9
is_linear=0
shrinkage=0.05


Tree=17
num_leaves=30
num_cat=0
split_feature=3 1 4 0 7 4 4 4 2 7 0 1 4 4 0 7 1 0 4 4 4 0 2 6 0 0 0 0 2
split_gain=5.27123e+06 1.8097e+06 1.16361e+06 430873 380829 954188 289767 286660 188904 168518 182726 106795 172519 96491.6 286650 89670.2 78602.7 68701.9 44587.3 39534.4 33451.7 24328.7 17598.6 11439.9 10961.9 4514.44 3086.26 27737.6 943.073
threshold=0.86679055522935655 18906.050000000003 44735.000000000007 41396.900000000009 5.5000000000000009 44810.000000000007 45077.500000000007 44012.500000000007 6668.6450000000013 1.0000000180025095e-35 40118.000000000007 12170.595000000005 36662.500000000007 36372.500000000007 37862.200000000004 1.0000000180025095e-35 26711.520000000008 39430.700000000004 37740.000000000007 39497.500000000007 38835.000000000007 40956.30000000001 20402.240000000002 74.500000000000014 39967.100000000006 40280.350000000006 30613.850000000002 30917.100000000002 20402.240000000002
decision_type=2 2 2 2 2 2 2 2 2 2 2 2 2 2 2 2 2 2 2 2 2 2 2 2 2 2 2 2 2
left_child=1 11 3 9 6 24 17 -5 13 23 -11 26 22 14 -3 -15 18 -4 -10 -18 -14 -7 -13 -2 -6 -8 28 -28 -1
right_child=2 8 4 7 5 21 25 -9 16 10 -12 12 20 15 -16 -17 19 -19 -20 -21 -22 -23 -24 -25 -26 -27 27 -29 -30
leaf_value=-6.4278676096598311 13.606912994384766 15.991615447998047 19.73699417114257 26.344026565551754 18.171571858723947 -3.4885274410247797 12.837691752115882 7.414551997184752 0.066662932366509983 6.6633108845123878 0.89079113844139823 -0.8479578147466118 -6.2329015380457831 8.1050239205360413 1.3291644763946533 1.0945905598740164 1.6904888418636153 28.474011908637152 -1.4734416853764962 0.12017255553064195 -4.2812291814730719 1.8931802702801566 -3.7671769658724465 9.5224117914835595 21.617648468017578 15.213201395670573 -1.5686750888824463 -5.8759423841509903 -5.9838635784084522
leaf_weight=14.999999999999998 3.9999999999999991 4.9999999999999991 3.0000000000000009 4 3.0000000000000009 3 3 4 79 26 29 37 38 4.9999999999999991 9.9999999999999982 52 56 8.9999999999999982 116 141 52 7 5.9999999999999991 3 9.9999999999999982 6 3.9999999999999991 57 59
leaf_count=15 4 5 3 4 3 3 3 4 79 26 29 37 38 5 10 52 56 9 116 141 52 7 6 3 10 6 4 57 59
internal_value=-0.0373678 -1.5949 9.96364 5.95869 16.3352 11.8903 21.2033 16.8793 0.294509 4.54958 3.61962 -4.86612 -3.86054 2.64852 6.21665 1.70954 -0.13786 26.2898 -0.849502 0.566557 -5.10527 0.278668 -1.25529 11.8564 20.8224 14.4214 -5.85681 -5.5935 -6.07386
internal_weight=846 732 114 70 44 23 21 8 464 62 55 268 133 72 15 57 392 12 195 197 90 10 43 7 13 9 135 61 74
internal_count=846 732 114 70 44 23 21 8 464 62 55 268 133 72 15 57 392 12 195 197 90 10 43 7 13 9 135 61 74
is_linear=0
shrinkage=0.05


Tree=18
num_leaves=28
num_cat=0
split_feature=3 1 4 4 4 3 2 3 2 0 3 4 4 4 4 3 6 3 0 2 0 9 4 2 4 2 3
split_gain=4.2046e+06 1.5629e+06 870018 278938 268558 770472 249971 179757 157212 150389 219114 145957 257372 144692 67185 138383 59679.7 58357.6 40397.2 34585.5 33643.3 28540.8 19302.6 11035 10054.3 9616.66 9615.59
threshold=0.86434852800430806 17612.965 44735.000000000007 42910.000000000007 44012.500000000007 0.90110342426173895 1249.4700000000003 0.76246611824186494 4119.9550000000008 41680.400000000001 0.96312924160234858 36372.500000000007 36090.000000000007 36662.500000000007 36662.500000000007 0.35351490478924757 66.500000000000014 0.64200081434182854 32455.350000000002 15265.135000000002 40893.500000000007 1.0000000180025095e-35 29480.000000000004 4469.255000000001 42262.500000000007 21509.970000000005 0.89940983052476742
decision_type=2 2 2 2 2 2 2 2 2 2 2 2 2 2 2 2 2 2 2 2 2 2 2 2 2 2 2
left_child=1 14 3 13 5 -5 -4 17 -6 10 -8 12 -9 23 15 25 -13 18 -3 21 -19 -16 -17 -2 -21 -1 -15
right_child=2 7 6 4 8 -7 9 11 -10 -11 -12 16 -14 26 19 22 -18 20 -20 24 -22 -23 -24 -25 -26 -27 -28
leaf_value=-2.733347447713216 10.334614944458009 -6.3307653188705446 2.6538082122802735 1.5749795436859135 1.8295650413403146 29.332351379394527 16.573670552458083 1.4695933265345433 8.9653098206771045 24.965031433105469 6.0446104198694233 3.6485115634070504 13.211738150460381 -0.58941792087121425 -0.47071728706359872 -3.4035046057267624 0.58617734342378425 -0.16500270494509264 -1.2201005783959711 -5.8915775519150957 2.4673881384042597 -6.4436611175537095 -0.96555054591548073 6.3230365753173814 -4.8241513452492661 -5.6513521035512291 1.3309454806149006
leaf_weight=2.9999999999999991 3.9999999999999991 3.9999999999999991 3.9999999999999991 4.9999999999999982 12.999999999999998 5 28 14.000000000000002 19 3.9999999999999991 5.9999999999999991 18 6.9999999999999991 11.000000000000002 5.9999999999999982 10.999999999999998 137 183 116 104 12.999999999999998 3 31 3 28 48 15.999999999999998
leaf_count=3 4 4 4 5 13 5 28 14 19 4 6 18 7 11 6 11 137 183 116 104 13 3 31 3 28 48 16
internal_value=0.0140491 -1.40872 8.76768 5.57607 8.30147 15.4537 14.543 0.191183 6.06641 15.7945 14.7156 1.4718 5.38364 2.20939 -4.77261 -3.72941 0.941803 -0.52207 -1.39046 -5.46068 0.00959465 -2.4617 -1.60406 8.61537 -5.66515 -5.4797 0.548575
internal_weight=844 726 118 76 42 10 42 492 32 38 34 176 21 34 234 93 155 316 120 141 196 9 42 7 132 51 27
internal_count=844 726 118 76 42 10 42 492 32 38 34 176 21 34 234 93 155 316 120 141 196 9 42 7 132 51 27
is_linear=0
shrinkage=0.05


Tree=19
num_leaves=28
num_cat=0
split_feature=2 1 4 0 4 2 1 1 4 0 4 0 4 0 2 2 4 3 0 4 4 4 4 4 2 4 2
split_gain=3.74156e+06 1.42819e+06 1.23885e+06 299686 340459 174319 137068 131890 317368 116229 97673.4 166563 136561 58972.5 44426.5 109315 39899.1 102262 44959.8 37508.2 80161.1 30981.5 17549.3 30201.7 14188.6 9589.41 2569.79
threshold=5836.3600000000015 17682.685000000001 44735.000000000007 41396.900000000009 44012.500000000007 1249.4700000000003 23795.245000000006 36568.680000000008 44810.000000000007 40557.900000000009 36372.500000000007 38360.000000000007 44012.500000000007 41531.55000000001 6267.3700000000017 6187.4500000000007 36662.500000000007 0.39592269880324799 35798.100000000006 37740.000000000007 38452.500000000007 30732.500000000004 42555.000000000007 42977.500000000007 15821.870000000001 28185.000000000004 11630.150000000001
decision_type=2 2 2 2 2 2 2 2 2 2 2 2 2 2 2 2 2 2 2 2 2 2 2 2 2 2 2
left_child=2 16 3 10 -5 -4 19 8 -7 -9 11 -1 -12 -6 15 -8 17 18 -2 26 -21 -16 24 -24 -18 -19 -3
right_child=1 6 5 4 13 7 14 9 -10 -11 12 -13 -14 -15 21 -17 22 25 -20 20 -22 -23 23 -25 -26 -27 -28
leaf_value=11.073500315348308 -5.3019940921238495 1.0665557702382407 2.6169511159261067 23.56020812988282 9.6852054595947248 18.140572248186388 1.1136589233812531 23.166057332356758 2.469492975870768 15.35182555810265 0.35749824910591815 0.78981801441737587 5.0914170241355903 -0.22879964510599768 3.9753136952718102 10.207930946350098 -3.5799600839614869 -3.5269786357879611 0.98081396420796718 -6.7640339851379396 -1.480735359213182 0.34701063598294074 -2.6049978435039516 -6.0083831613714054 -5.5390157834428262 -0.87448776467986722 -0.43484547604855739
leaf_weight=8.9999999999999982 56 2.9999999999999991 2.9999999999999991 3.9999999999999982 3 6.9999999999999982 19.000000000000004 6.0000000000000027 6 23 39 6.9999999999999991 25 3 5.9999999999999991 3.9999999999999991 9.9999999999999982 4.0000000000000027 2.9999999999999991 7.9999999999999991 70 303 16.000000000000004 10.999999999999998 122 23 57
leaf_count=9 56 3 3 4 3 7 19 6 6 23 39 7 25 3 6 4 10 4 3 8 70 303 16 11 122 23 57
internal_value=-0.147196 -1.58865 7.48717 4.10031 12.261 14.2609 0.0247597 15.0926 10.9078 16.9686 3.08023 6.57439 2.20669 4.7282 0.575263 2.69527 -4.68376 -3.81617 -4.98253 -1.29964 -2.02261 0.417463 -5.15303 -3.99156 -5.3906 -1.26745 -0.359775
internal_weight=850 715 135 90 10 45 470 42 13 29 80 16 64 6 332 23 245 86 59 138 78 309 159 27 132 27 60
internal_count=850 715 135 90 10 45 470 42 13 29 80 16 64 6 332 23 245 86 59 138 78 309 159 27 132 27 60
is_linear=0
shrinkage=0.05


Tree=20
num_leaves=31
num_cat=0
split_feature=3 3 4 7 4 4 7 3 4 2 0 4 0 3 0 6 6 3 3 4 2 7 0 2 0 4 0 4 3 0
split_gain=3.99516e+06 1.32721e+06 933190 293673 683765 274041 332534 523997 235531 182810 145493 129249 222486 108432 96496.7 90106.8 47281.7 44497.4 44135.5 75914.2 34813.8 32931.9 21624.7 20779.9 15910.6 15147.6 12059 11940 8090.6 2501.64
threshold=0.86434852800430806 0.54979938235441972 44735.000000000007 5.5000000000000009 44810.000000000007 42910.000000000007 3.5000000000000004 0.90110342426173895 45077.500000000007 7374.8350000000009 38256.500000000007 36372.500000000007 37758.30000000001 0.90164717565782104 35047.200000000004 66.500000000000014 61.500000000000007 0.62677684970226244 0.43038277927768881 36662.500000000007 3503.3100000000004 2.5000000000000004 37780.900000000009 12617.030000000002 39325.650000000009 32370.000000000004 41289.150000000001 42412.500000000007 0.42357130075941457 40280.350000000006
decision_type=2 2 2 2 2 2 2 2 2 2 2 2 2 2 2 2 2 2 2 2 2 2 2 2 2 2 2 2 2 2
left_child=1 14 5 8 24 10 7 -7 20 11 22 12 -3 -8 18 -13 -16 23 28 -20 -4 -19 -2 -11 -5 -18 -6 -12 -1 -10
right_child=2 9 3 4 26 6 13 -9 29 17 27 15 -14 -15 16 -17 25 21 19 -21 -22 -23 -24 -25 -26 -27 -28 -29 -30 -31
leaf_value=-4.8917118318328932 4.7522946675618476 13.88110669453939 23.455807911265982 14.110528310139967 -2.2612843608856195 7.654114697376885 7.3392447991804621 26.919750366210941 10.898706054687498 -5.2765364329020183 1.5858108422585893 4.7897627690259155 1.1441763997077943 0.14538162231445315 -6.5506398773193357 0.79413220082600433 -0.19918442964553834 0.62536115623270616 -0.63691086769104011 -4.4043179399692098 17.379316711425769 -0.48762485398681926 10.121925811767577 -1.0406752115990743 18.262212371826173 -2.169353280067444 1.4219699382781981 -0.41363078914582729 -7.1703904151916511 12.62443640572684
leaf_weight=149 3 5.9999999999999991 10.999999999999998 3.0000000000000009 5 12.000000000000002 11.000000000000002 4.9999999999999991 3 2.9999999999999991 14.000000000000002 17 7.9999999999999991 9.9999999999999982 4.9999999999999991 83 15.999999999999998 146 18 52 3.0000000000000009 122 5 83 9.9999999999999982 25 4 15.999999999999998 3.9999999999999991 7
leaf_count=149 3 6 11 3 5 12 11 5 3 3 14 17 8 10 5 83 16 146 18 52 3 122 5 83 10 25 4 16 4 7
internal_value=0.140645 -1.24671 8.52162 14.1425 9.96978 5.11952 8.12194 13.3205 17.9675 0.361936 2.1171 2.10332 6.60286 3.9136 -4.04539 1.47339 -1.9603 -0.198851 -4.4755 -3.43556 22.1537 0.118703 8.10831 -1.18844 17.3041 -1.40051 -0.624282 0.519442 -4.95129 12.1067
internal_weight=859 737 122 46 22 76 38 17 24 468 38 114 14 21 269 100 46 354 223 70 14 268 8 86 13 41 9 30 153 10
internal_count=859 737 122 46 22 76 38 17 24 468 38 114 14 21 269 100 46 354 223 70 14 268 8 86 13 41 9 30 153 10
is_linear=0
shrinkage=0.05


Tree=21
num_leaves=30
num_cat=0
split_feature=2 3 4 7 4 0 2 4 2 7 4 0 4 4 4 0 0 7 4 2 4 2 5 4 0 6 1 2 0
split_gain=3.33433e+06 1.3664e+06 775695 347346 547771 257635 349651 243888 163386 111162 137376 104974 85314.6 166491 108435 76530.1 45463 35092.1 32080.4 31270 113673 30597.1 29966.9 26665.2 15015 8626.87 8530.34 6612.58 720.946
threshold=4469.255000000001 0.56135143871521587 44735.000000000007 5.5000000000000009 44810.000000000007 41396.900000000009 3697.6850000000004 45077.500000000007 7374.8350000000009 2.5000000000000004 42910.000000000007 35047.200000000004 36372.500000000007 36090.000000000007 44395.000000000007 41460.750000000007 40893.500000000007 2.5000000000000004 36372.500000000007 19907.430000000004 36662.500000000007 19376.645000000004 17.500000000000004 43067.500000000007 41289.150000000001 67.500000000000014 11830.475 3789.9200000000005 40336.30000000001
decision_type=2 2 2 2 2 2 2 2 2 2 2 2 2 2 2 2 2 2 2 2 2 2 2 2 2 2 2 2 2
left_child=2 11 5 7 27 9 -7 15 12 10 -1 19 13 -3 -14 -4 18 21 -10 20 -2 -13 -11 -18 -6 -19 -21 -5 -9
right_child=1 8 3 4 24 6 -8 28 16 22 -12 17 14 -15 -16 -17 23 25 -20 26 -22 -23 -24 -25 -26 -27 -28 -29 -30
leaf_value=3.5641170650720593 -0.78383633744716652 1.0820893192291257 26.491610935756139 17.701606423514228 -2.7461528996626527 -0.26510764757792149 21.326581420898435 11.233629608154295 0.48588270169541081 4.2054013729095443 11.962217514855523 -1.8065522947481698 0.2670502341190974 11.136146654401507 3.3505140592222631 18.392398986816403 0.70995678626573999 0.95774435997009233 -0.62827165082852421 -4.7678506382724697 -4.6192779368512777 -5.4277447509765624 0.40430398084223268 4.3788518071174618 1.5861382007598877 -1.1711593607197637 -6.1693582216898601 15.153176116943357 12.214068908691404
leaf_weight=16.000000000000004 25 10.000000000000002 7 7 3 3 5 3 92 7.0000000000000027 6.9999999999999991 14.000000000000002 75 6.9999999999999991 46 5 13 6.0000000000000027 217 114 85 9.9999999999999982 20 8 6 23 11.999999999999998 4 5
leaf_count=16 25 10 7 7 3 3 5 3 92 7 7 14 75 7 46 5 13 6 217 114 85 10 20 8 6 23 12 4 5
internal_value=-0.0852733 -1.20873 8.59285 13.9494 9.29012 4.89867 13.2297 18.6087 0.460583 3.56571 6.12006 -3.91198 1.90526 5.222 1.43928 23.1169 -0.143556 -1.90112 -0.296549 -4.36357 -3.74759 -3.31538 1.38977 2.10763 0.142041 -0.730697 -4.90133 16.7749 11.8464
internal_weight=855 757 98 40 20 58 8 20 468 50 23 289 138 17 121 12 330 53 309 236 110 24 27 21 9 29 126 11 8
internal_count=855 757 98 40 20 58 8 20 468 50 23 289 138 17 121 12 330 53 309 236 110 24 27 21 9 29 126 11 8
is_linear=0
shrinkage=0.05


Tree=22
num_leaves=29
num_cat=0
split_feature=2 4 1 7 4 1 4 7 1 4 1 1 6 7 4 4 4 2 4 1 3 2 7 2 6 1 4 3
split_gain=3.03232e+06 1.29534e+06 921602 174506 728538 324586 270251 116920 318017 219049 105899 52883.1 46924.4 35388.3 48799.8 35040.1 60416.9 33444.5 82553.5 26332.7 20165.1 17527.5 9868.43 9428.94 4466.28 3697.68 1686.15 1195.92
threshold=6267.3700000000017 44735.000000000007 17531.555000000004 5.5000000000000009 44810.000000000007 35220.775000000009 45077.500000000007 2.5000000000000004 37379.255000000012 44395.000000000007 23410.730000000003 30716.735000000004 70.500000000000014 2.5000000000000004 36372.500000000007 37740.000000000007 38452.500000000007 19907.430000000004 36662.500000000007 38979.740000000005 0.8130473022219652 15265.135000000002 5.5000000000000009 5373.2200000000003 69.500000000000014 14137.220000000001 27195.000000000004 0.36301840326779072
decision_type=2 2 2 2 2 2 2 2 2 2 2 2 2 2 2 2 2 2 2 2 2 2 2 2 2 2 2 2
left_child=1 7 17 5 23 -3 -7 8 9 -1 15 -9 -13 14 -12 26 -17 18 22 -6 -15 -20 -2 -5 25 -19 -4 -26
right_child=2 3 10 4 19 6 -8 11 -10 -11 13 12 -14 20 -16 16 -18 24 21 -21 -22 -23 -24 -25 27 -27 -28 -29
leaf_value=2.4396260604262352 -0.61808329095011161 2.0721380233764632 0.49836522102355957 16.448093566894531 -3.9077631473541254 21.940653882707867 11.178595886230468 -3.5340600395202637 20.411384073893231 10.52006178855896 2.3687896593496567 5.1260281774732803 1.1301142642647029 -0.52082846577146225 0.35969415495091162 -6.4796633039202014 -1.5978799261931165 -4.5214989856006653 -2.2501867717504505 1.3295930991570153 0.85411887569086886 -4.4921229025896858 -2.7621671880994523 19.644136047363272 -5.157184346516928 -3.1344177722930908 -0.46646407428197567 -6.5689933776855458
leaf_weight=52 23.000000000000004 4.0000000000000027 4.9999999999999991 9.9999999999999982 4 14 10 4.9999999999999991 2.9999999999999991 9.9999999999999982 41 8.9999999999999982 40 112 115 6.9999999999999991 67 123 9.9999999999999982 6 35 68 6.9999999999999991 3.0000000000000009 2.9999999999999991 4.9999999999999991 48 3
leaf_count=52 23 4 5 10 4 14 10 5 3 10 41 9 40 112 115 7 67 123 10 6 35 68 7 3 3 5 48 3
internal_value=-0.0247178 5.94098 -1.5339 12.6079 9.38086 15.2587 17.4565 3.08373 4.51224 3.74292 -0.144808 1.36423 1.86406 0.36319 0.887726 -1.3568 -2.05967 -4.00212 -3.34738 -0.765349 -0.19346 -4.2047 -1.11837 17.1856 -4.52981 -4.46732 -0.375442 -5.86309
internal_weight=842 170 672 51 23 28 24 119 65 62 430 54 49 303 156 127 74 242 108 10 147 78 30 13 134 128 53 6
internal_count=842 170 672 51 23 28 24 119 65 62 430 54 49 303 156 127 74 242 108 10 147 78 30 13 134 128 53 6
is_linear=0
shrinkage=0.05


Tree=23
num_leaves=29
num_cat=0
split_feature=3 3 4 2 6 4 4 0 0 3 4 0 7 3 4 7 7 0 4 4 0 3 2 4 2 6 4 6
split_gain=2.9223e+06 1.00136e+06 612952 173914 292049 197374 119413 116355 122639 109127 174089 196053 95895.5 84891.9 94874.7 52806.7 40794 38061.4 29094.4 80577.8 39868.9 12907.7 12746.6 9324 7578.38 5219.72 3702.62 1889.49
threshold=0.86434852800430806 0.56135143871521587 42910.000000000007 4308.6100000000006 69.500000000000014 44012.500000000007 36662.500000000007 40118.000000000007 38934.100000000006 0.76246611824186494 36372.500000000007 36742.950000000004 1.5000000000000002 0.45352723129456668 37740.000000000007 1.5000000000000002 5.5000000000000009 35764.700000000004 36372.500000000007 36090.000000000007 40677.000000000007 0.9134547091477826 4469.255000000001 42752.500000000007 21629.010000000006 73.500000000000014 36662.500000000007 74.500000000000014
decision_type=2 2 2 2 2 2 2 2 2 2 2 2 2 2 2 2 2 2 2 2 2 2 2 2 2 2 2 2
left_child=1 13 6 4 -4 -6 22 8 -5 18 11 -11 -9 17 26 -16 -12 23 19 -3 -20 25 -2 -1 -19 -8 -15 -23
right_child=2 9 3 7 5 -7 21 12 -10 10 16 -13 -14 14 15 -17 -18 24 20 -21 -22 27 -24 -25 -26 -27 -28 -29
leaf_value=-4.2471044329915726 9.1505264282226566 0.10490078928520566 26.271564737955732 6.2658383051554338 18.145672001157489 9.1921287963933818 -2.5019604682922321 7.8843989213307699 18.647202809651688 12.560760934012272 0.50342470191310362 1.6505683779716493 -0.47764658480882649 -0.45852198571794567 -0.95879693096503615 -4.2756314488748712 2.8700353678138484 -2.3339044888814291 -0.86346615416534034 6.6300843048095706 1.7506475925445557 0.40460687180360178 4.8390495618184399 -1.8056496143341065 0.99052093029022203 -0.4163512408733368 1.3697675546010337 1.9414419141908485
leaf_weight=175 3.9999999999999991 88 2.9999999999999991 6.0000000000000018 6.9999999999999991 51 4.0000000000000062 5.9999999999999991 3 7.0000000000000027 137 9.9999999999999982 7.9999999999999991 36 15.999999999999998 48 21 2.9999999999999991 165 4.9999999999999991 15.999999999999998 2.9999999999999982 3 3.9999999999999991 4 11.999999999999998 2.9999999999999991 6
leaf_count=175 4 88 3 6 7 51 4 6 3 7 137 10 8 36 16 48 21 3 165 5 16 3 3 4 4 12 3 6
internal_value=0.0418613 -1.11773 7.41925 9.66256 11.0596 10.2727 1.53055 5.95747 10.393 0.359891 1.33526 6.143 3.10609 -3.41341 -2.26183 -3.44642 0.817974 -4.0511 -0.263065 0.455717 -0.632384 -0.0856634 7.30275 -4.19255 -0.434233 -0.937754 -0.317884 1.42916
internal_weight=854 738 116 84 61 58 32 23 9 449 175 17 14 289 103 64 158 186 274 93 181 25 7 179 7 16 39 9
internal_count=854 738 116 84 61 58 32 23 9 449 175 17 14 289 103 64 158 186 274 93 181 25 7 179 7 16 39 9
is_linear=0
shrinkage=0.05


Tree=24
num_leaves=31
num_cat=0
split_feature=3 1 4 4 7 3 7 4 4 1 4 0 4 3 4 4 4 1 3 0 4 0 3 0 3 0 7 3 7 3
split_gain=2.69791e+06 904747 654347 200530 238608 401981 166549 535977 173553 117119 95433.7 90523.9 156428 67869.4 63121.7 97260.3 40822.8 75654.6 38889.4 30048.5 20029.8 15123 13624.8 13548.5 13628.4 12696.5 12587.3 8318.31 6151.86 3104.79
threshold=0.86434852800430806 17531.555000000004 44735.000000000007 42910.000000000007 3.5000000000000004 0.90110342426173895 5.5000000000000009 44810.000000000007 45077.500000000007 27840.805000000004 36662.500000000007 37780.900000000009 44735.000000000007 0.9134547091477826 37740.000000000007 38452.500000000007 36662.500000000007 12387.060000000001 0.72786660174041373 41460.750000000007 39497.500000000007 41289.150000000001 0.9134547091477826 33992.600000000013 0.45352723129456668 39325.650000000009 3.5000000000000004 0.88669294440816715 2.5000000000000004 0.4355822032959325
decision_type=2 2 2 2 2 2 2 2 2 2 2 2 2 2 2 2 2 2 2 2 2 2 2 2 2 2 2 2 2 2
left_child=1 16 3 10 5 -5 8 25 19 14 27 12 -11 -6 18 -16 17 26 -3 -4 -13 -9 -12 24 -18 -8 -1 -2 -19 -25
right_child=2 9 6 4 13 -7 7 21 -10 11 22 20 -14 -15 15 -17 23 28 -20 -21 -22 -23 -24 29 -26 -27 -28 -29 -30 -31
leaf_value=-2.9737708165095404 4.5845800081888832 0.0086006906746249456 20.102630572848852 6.1707876132084758 4.9394842537244159 22.852941589355471 11.905068969726557 -3.8648685932159417 9.966628958962179 1.6917543229957421 -0.83957983150201676 1.5731642893037281 9.9925229753766747 -1.0229490552629743 -4.848684477806092 -0.75653964494396553 -4.198779748467838 -1.8006879871541803 2.6731589963659648 14.894263792037959 0.26311672951864157 0.48297848701477042 1.4187783566388219 -4.7206689622667088 -3.0160938255488876 15.613777389526369 -4.4261522565569198 8.0675197601318356 -0.35250751349059017 -6.0340168423122833
leaf_weight=26 2.9999999999999991 95 8.9999999999999982 13.000000000000002 15.000000000000002 4.9999999999999991 3.0000000000000009 4 11 30 17.000000000000004 37 6.9999999999999991 6.9999999999999991 15.999999999999998 157 102 10.999999999999998 15.999999999999998 4.0000000000000009 138 4 10.999999999999998 9.0000000000000018 32 9.9999999999999982 35 4 22 8.9999999999999982
leaf_count=26 3 95 9 13 15 5 3 4 11 30 17 37 7 7 16 157 102 11 16 4 138 4 11 9 32 10 35 4 22 9
internal_value=0.0212341 -1.10368 6.97694 4.11699 6.53541 10.8047 11.7435 8.49169 14.5889 0.125906 1.35307 1.01518 3.26217 3.04235 -0.537916 -1.135 -3.58284 -2.76379 0.392681 18.5001 0.540098 -1.69095 0.0476323 -4.08936 -3.91635 14.7579 -3.8071 6.57483 -0.835234 -5.37734
internal_weight=862 742 120 75 40 18 45 21 24 496 35 212 37 22 284 173 246 94 111 13 175 8 28 152 134 13 61 7 33 18
internal_count=862 742 120 75 40 18 45 21 24 496 35 212 37 22 284 173 246 94 111 13 175 8 28 152 134 13 61 7 33 18
is_linear=0
shrinkage=0.05


Tree=25
num_leaves=26
num_cat=0
split_feature=2 1 4 0 2 4 0 1 6 0 1 4 4 4 2 4 4 7 4 2 0 1 2 2 1
split_gain=2.50242e+06 758327 725420 178468 156867 127412 86546.4 122924 83133 230368 80913.5 61450.7 40486.6 75431.6 63948.7 31363.1 38626.6 27053.9 25940.5 70085.7 39155.1 10878.4 9555.47 27427.6 5334.83
threshold=5854.9800000000005 17531.555000000004 44735.000000000007 41396.900000000009 1249.4700000000003 44012.500000000007 41531.55000000001 37833.355000000003 73.500000000000014 38934.100000000006 26711.520000000008 44395.000000000007 37740.000000000007 38452.500000000007 9525.8950000000023 39497.500000000007 43067.500000000007 2.5000000000000004 36662.500000000007 19907.430000000004 35798.100000000006 12805.945000000003 18009.160000000003 17479.760000000002 11550.630000000001
decision_type=2 2 2 2 2 2 2 2 2 2 2 2 2 2 2 2 2 2 2 2 2 2 2 2 2
left_child=2 18 3 8 -4 -5 7 -6 9 -1 12 -10 14 -14 -3 17 -17 -12 19 21 -21 -2 23 -20 -24
right_child=1 10 4 5 6 -7 -8 -9 11 -11 15 -13 13 -15 -16 16 -18 -19 22 20 -22 -23 24 -25 -26
leaf_value=0.99973464161157599 1.3958927345275871 6.3075329184532167 1.6896298646926882 16.899380874633792 13.653036793795501 4.9269685173034663 18.225496826171874 7.8932201027870184 0.9937048760500361 9.9605780216363762 2.2608493347059597 5.5035042908456591 -4.4517494440078735 -0.81196353768193452 -0.15499236226667851 -0.45306569566329324 1.1067598473438076 0.25034173936755572 -3.6226953196525571 -4.1322590775923294 0.99138606786727912 -1.1877782453190198 -3.9199972629547122 1.334170405069987 -4.6766329260433421
leaf_weight=16.000000000000004 5.0000000000000027 3.9999999999999991 3.9999999999999991 3.9999999999999982 22 5 4.9999999999999991 15.999999999999998 47 12.999999999999998 44 8.9999999999999982 15.999999999999998 129 89 90 71 27 40 55 3.9999999999999991 22 74 2.9999999999999991 34
leaf_count=16 5 4 4 4 22 5 5 16 47 13 44 9 16 129 89 90 71 27 40 55 4 22 74 3 34
internal_value=0.00654459 -1.20643 6.08862 3.55267 11.1605 10.248 12.0415 11.2279 2.84375 5.01666 -0.043606 1.71849 -0.691326 -1.2136 0.122966 0.620865 0.234808 1.49629 -3.51245 -2.81931 -3.78489 -0.709321 -3.90722 -3.27687 -4.1582
internal_weight=848 707 141 94 47 9 43 38 85 29 470 56 238 145 93 232 161 71 237 86 59 27 151 43 108
internal_count=848 707 141 94 47 9 43 38 85 29 470 56 238 145 93 232 161 71 237 86 59 27 151 43 108
is_linear=0
shrinkage=0.05


Tree=26
num_leaves=31
num_cat=0
split_feature=3 3 4 7 4 4 7 0 3 1 4 0 6 1 7 4 3 0 4 4 4 3 4 0 1 3 3 1 0 0
split_gain=1.90063e+06 711524 590433 257501 486948 176494 124270 137503 73249.4 143958 64153.8 63413.1 62961.2 154302 43478.9 51307.8 35569.1 27539.9 24371.6 59705.8 24087.5 61427.7 29338.2 23417.5 21865.7 20842.7 16969.3 14089.9 10852.6 2581.29
threshold=0.86434852800430806 0.56135143871521587 44735.000000000007 5.5000000000000009 44810.000000000007 45077.500000000007 2.5000000000000004 41531.55000000001 0.8333163246371138 31639.910000000003 42910.000000000007 35047.200000000004 70.500000000000014 33894.500000000007 2.5000000000000004 36372.500000000007 0.84808091501557736 41460.750000000007 43067.500000000007 43377.500000000007 37740.000000000007 0.44098241019733792 42262.500000000007 40956.30000000001 29520.235000000004 0.85966518856125818 0.47674454169378183 35560.755000000012 39967.100000000006 40280.350000000006
decision_type=2 2 2 2 2 2 2 2 2 2 2 2 2 2 2 2 2 2 2 2 2 2 2 2 2 2 2 2 2 2
left_child=1 11 6 5 28 17 7 10 14 16 -2 20 13 -8 15 -3 -10 -4 26 -20 21 -1 -22 -6 -16 -11 -13 -14 -5 -7
right_child=2 8 3 4 23 29 12 -9 9 25 -12 18 27 -15 24 -17 -18 -19 19 -21 22 -23 -24 -25 -26 -27 -28 -29 -30 -31
leaf_value=-3.4003833725027839 2.3664558377530835 2.0727840357883411 19.352832794189453 11.66742731730143 -4.8286708831787086 7.7181444803873651 -2.1189693689346316 15.509966532389322 13.152429072062175 1.5183775481723605 6.9759604229376864 -2.1379997225368728 -2.4436885178089143 13.917552105585731 -0.810755053807235 0.12502194336832387 5.4529596646626777 14.871627203623451 -9.2990852355957028 0.67636578877766906 -4.1681505160331724 -0.38639719919724902 -2.4287523329257965 0.35133885145187382 0.40619868510961538 -1.4285611731665475 -0.10645989321458799 0.71548027296861016 15.261833953857419 9.437950611114502
leaf_weight=73 18.000000000000004 44 7.9999999999999991 3 3.0000000000000009 3.0000000000000009 2.9999999999999991 2.9999999999999991 2.9999999999999991 42 12.999999999999998 17 3.9999999999999991 3 141 146 3 6.0000000000000009 2.9999999999999991 3 100 22 32 7.9999999999999991 50 6.9999999999999991 26 30 7 7.9999999999999991
leaf_count=73 18 44 8 3 3 3 3 3 3 42 13 17 4 3 141 146 3 6 3 3 100 22 32 8 50 7 26 30 7 8
internal_value=0.0102892 -0.970799 5.83141 10.2798 6.19809 13.7084 3.0662 5.28864 0.286783 1.99251 4.29947 -2.95741 1.17714 5.89929 0.040549 0.576083 9.30269 17.4323 -1.32617 -4.31136 -3.30953 -2.70241 -3.74648 -1.06139 -0.492181 1.09739 -0.909627 0.343813 14.1835 8.96891
internal_weight=832 712 120 46 21 25 74 34 436 55 31 276 40 6 381 190 6 14 49 6 227 95 132 11 191 49 43 34 10 11
internal_count=832 712 120 46 21 25 74 34 436 55 31 276 40 6 381 190 6 14 49 6 227 95 132 11 191 49 43 34 10 11
is_linear=0
shrinkage=0.05


Tree=27
num_leaves=30
num_cat=0
split_feature=2 1 4 4 7 0 7 4 2 0 0 5 1 4 4 1 2 4 0 0 0 2 4 4 1 4 0 7 4
split_gain=1.63447e+06 515719 495705 182330 520602 292473 124818 79383.4 187165 158313 51716.8 70461.4 44831.3 31121 170517 27956.4 24661.3 66670.9 23991.5 21541.2 19859 18508.6 15956 59484.2 10331 10089.9 7974.67 7208.7 1921.93
threshold=6267.3700000000017 17531.555000000004 44735.000000000007 44810.000000000007 5.5000000000000009 39053.500000000007 2.5000000000000004 42910.000000000007 4164.0200000000013 36742.950000000004 37913.100000000013 17.500000000000004 22240.735000000004 36372.500000000007 36090.000000000007 27317.550000000007 19907.430000000004 36662.500000000007 38052.700000000004 35798.100000000006 40792.000000000007 15265.135000000002 37740.000000000007 40295.000000000007 11550.630000000001 28185.000000000004 39325.650000000009 5.5000000000000009 27195.000000000004
decision_type=2 2 2 2 2 2 2 2 2 2 2 2 2 2 2 2 2 2 2 2 2 2 2 2 2 2 2 2 2
left_child=2 16 6 18 5 -5 7 9 -9 -1 27 -12 22 14 -14 -15 17 25 -4 24 -6 -19 28 -24 -18 -2 -20 -8 -3
right_child=1 12 3 4 20 -7 10 8 -10 -11 11 -13 13 15 -16 -17 19 21 26 -21 -22 -23 23 -25 -26 -27 -28 -29 -30
leaf_value=13.753531901041667 -2.735622394084928 0.49246179262797041 17.27543436686198 -3.1333961327870652 -4.8134035110473636 13.665740796139367 -1.1584822744131091 15.107494163513174 4.1026552424711342 1.7412344366312027 6.2725807973316741 0.73456702781841166 0.25674666355338854 -0.74382140360417826 7.9409715175628666 0.29860848580677829 -3.4455023906849052 -1.0929795159233942 10.043792470296225 -0.26272742271423344 -0.17509740829467774 -3.5079121297864777 -4.1816461145877843 -0.57440676384605471 -4.8890978131975444 -0.030969127029180529 13.020492468939887 -3.7581272602081293 -0.46878938961487554
leaf_weight=2.9999999999999991 4.0000000000000027 5.9999999999999991 2.9999999999999991 3.0000000000000027 2.9999999999999991 19 7.9999999999999982 5.0000000000000027 17 32 6.9999999999999991 32 74 105 7.9999999999999991 166 108 8.9999999999999982 2.9999999999999991 4.9999999999999991 9.9999999999999982 67 15.999999999999998 40 13.999999999999998 25 8.9999999999999982 4 39
leaf_count=3 4 6 3 3 3 19 8 5 17 32 7 32 74 105 8 166 108 9 3 5 10 67 16 40 14 25 9 4 39
internal_value=-0.0368464 -1.09282 4.54795 8.664 6.68736 11.3749 2.64238 4.25022 6.60375 2.77086 0.845369 1.72857 -0.11281 0.15296 1.00643 -0.105285 -3.0106 -2.44365 13.2761 -3.47933 -1.24548 -3.22193 -1.04169 -1.60505 -3.61116 -0.404025 12.2763 -2.02503 -0.340623
internal_weight=844 686 158 50 35 22 108 57 22 35 51 39 454 353 82 271 232 105 15 127 13 76 101 56 122 29 12 12 45
internal_count=844 686 158 50 35 22 108 57 22 35 51 39 454 353 82 271 232 105 15 127 13 76 101 56 122 29 12 12 45
is_linear=0
shrinkage=0.05


Tree=28
num_leaves=29
num_cat=0
split_feature=2 3 4 7 0 2 2 4 4 0 0 2 6 7 6 2 0 0 4 2 4 6 0 4 2 0 0 0
split_gain=1.80786e+06 523096 500830 109847 168653 80416.8 83706.6 121735 69403.4 66572.8 61787.7 45008.4 53362.9 70078.8 41931 153634 38578.3 36834.7 30135.6 26399 21709.3 20853.3 19236.8 18746.3 67813.5 21444 11979.1 369.224
threshold=5854.9800000000005 0.56135143871521587 44735.000000000007 2.5000000000000004 41114.750000000007 1249.4700000000003 4718.5600000000013 44810.000000000007 44395.000000000007 40100.150000000009 35047.200000000004 8073.5800000000008 69.500000000000014 5.5000000000000009 70.500000000000014 4879.1050000000005 40611.250000000007 41460.750000000007 43067.500000000007 4164.0200000000013 36372.500000000007 61.500000000000007 35798.100000000006 37740.000000000007 18483.220000000005 33992.600000000013 35323.55000000001 36007.150000000009
decision_type=2 2 2 2 2 2 2 2 2 2 2 2 2 2 2 2 2 2 2 2 2 2 2 2 2 2 2 2
left_child=2 10 3 4 8 -4 9 -8 -1 -7 23 12 13 -3 15 -5 20 -16 -18 -6 -13 27 -14 24 -2 -25 -23 -12
right_child=1 11 5 14 19 6 7 -9 -10 -11 21 16 22 -15 17 -17 18 -19 -20 -21 -22 26 -24 25 -26 -27 -28 -29
leaf_value=2.5990957411852751 -0.24146581149101257 1.4679627047644719 1.6921696345011394 13.408380572001139 14.630213928222657 15.659527642386301 12.39289703369141 0.69027336120605465 8.0804063592638293 10.16614531003512 -4.2921220779418947 0.25272275195457045 -1.8056226203838985 7.7075677553812669 -0.016588675086536716 -1.559929275512695 0.49983825683593741 4.6081176757812505 4.5178094046456474 8.4254920959472628 -0.69406400313248506 2.2873241424560549 0.62005415350575466 -3.202968549569611 -3.2484237404105567 -5.4181268056233733 -0.97813567830757675 -3.5076644261678052
leaf_weight=33 25 18.000000000000004 2.9999999999999991 2.9999999999999991 3.9999999999999991 6.9999999999999991 3.9999999999999982 5 6.9999999999999991 26 2.9999999999999991 90 8.9999999999999982 5.9999999999999991 31 4 14.000000000000002 4.9999999999999991 6.9999999999999991 3 185 2.9999999999999991 89 122 75 11.999999999999998 44 3
leaf_count=33 25 18 3 3 4 7 4 5 7 26 3 90 9 6 31 4 14 5 7 3 185 3 89 122 75 12 44 3
internal_value=-0.00687723 -1.02192 5.29391 3.14047 4.81128 9.6008 10.1657 5.89144 3.55833 11.3314 -2.66559 0.106623 0.914778 3.02786 1.31423 4.85506 -0.226468 0.625732 1.83916 11.971 -0.384207 -1.12406 0.397288 -3.01474 -2.49668 -3.40134 -0.769702 -3.89989
internal_weight=840 705 135 90 47 45 42 9 40 33 287 418 122 24 43 7 296 36 21 7 275 53 98 234 100 134 47 6
internal_count=840 705 135 90 47 45 42 9 40 33 287 418 122 24 43 7 296 36 21 7 275 53 98 234 100 134 47 6
is_linear=0
shrinkage=0.05


Tree=29
num_leaves=30
num_cat=0
split_feature=2 4 1 4 7 0 7 0 6 0 6 3 4 7 0 2 4 0 0 4 0 0 0 4 2 2 1 4 6
split_gain=1.51359e+06 478760 465148 118022 418270 231571 111379 171463 79783 61719.3 88597.7 55960.3 36774.7 54178.3 22985.4 22299.9 78148.3 43554.6 31637.9 24440.7 20568.8 18570.6 15813.7 9293.53 23655.9 8720.41 7975.64 7832.8 4330.47
threshold=6267.3700000000017 44735.000000000007 20568.540000000005 44810.000000000007 5.5000000000000009 38256.500000000007 2.5000000000000004 41203.650000000001 73.500000000000014 37913.100000000013 69.500000000000014 0.46232164407289505 37740.000000000007 1.5000000000000002 38052.700000000004 8073.5800000000008 36372.500000000007 37671.200000000004 40893.500000000007 43067.500000000007 34775.100000000006 33778.55000000001 41680.400000000001 36662.500000000007 21509.970000000005 3789.9200000000005 30093.735000000004 42752.500000000007 65.500000000000014
decision_type=2 2 2 2 2 2 2 2 2 2 2 2 2 2 2 2 2 2 2 2 2 2 2 2 2 2 2 2 2
left_child=1 6 11 14 5 -5 7 8 -1 26 -11 23 28 -14 -3 16 17 -4 21 -20 -18 -17 -6 24 -2 -16 -8 -25 -13
right_child=2 3 15 4 22 -7 9 -9 -10 10 -12 12 13 -15 25 18 20 -19 19 -21 -22 -23 -24 27 -26 -27 -28 -29 -30
leaf_value=6.0649607926607132 -1.1740832404656845 15.870106506347657 9.3328422546386722 -3.0242014884948696 -2.3386385433375838 11.677269149780274 -4.6216675440470381 12.800954742431641 1.839225337956403 9.9669760386149093 1.0235963527527121 -1.7152321100234986 0.078318328989876645 -3.0966374842625743 12.116090665544785 1.5257423734664917 -1.9856345891952516 1.3630798657735186 0.51256684173237177 4.2919189453125002 0.6676484083845502 -0.28515193320419047 1.5117277860641476 -3.3818108155177193 -3.1244722519280774 9.3821127319335922 -1.6447856373257108 -1.6538875767162868 -0.27233324795961383
leaf_weight=15.999999999999998 22 2.9999999999999991 3.9999999999999991 3.0000000000000027 7.9999999999999982 25 2.9999999999999991 4.9999999999999991 37 2.9999999999999991 36 5.9999999999999991 18 53 6.9999999999999982 14.999999999999998 7.9999999999999991 3 11.000000000000002 6.9999999999999991 84 252 4 104 53 5 8.9999999999999982 6.9999999999999991 39
leaf_count=16 22 3 4 3 8 25 3 5 37 3 36 6 18 53 7 15 8 3 11 7 84 252 4 104 53 5 9 7 39
internal_value=0.0549399 4.37017 -0.97669 8.17328 6.75492 10.1021 2.45117 3.94992 3.11492 0.746712 1.71155 -2.44482 -1.58297 -2.29172 11.9556 0.177936 0.824424 5.91723 -0.0466333 1.98231 0.436928 -0.183416 -1.05518 -2.98232 -2.55236 10.9769 -2.38901 -3.27284 -0.46472
internal_weight=850 164 686 55 40 28 109 58 53 51 39 302 116 71 15 384 99 7 285 18 92 267 12 186 75 12 12 111 45
internal_count=850 164 686 55 40 28 109 58 53 51 39 302 116 71 15 384 99 7 285 18 92 267 12 186 75 12 12 111 45
is_linear=0
shrinkage=0.05


end of trees

feature_importances:
thermal_on_capacity=244
total_load=170
renewable_power=106
thermal_space_load_ratio=93
net_load=81
weekday=80
period=44
month=15
hour=11
is_weekend=1

parameters:
[boosting: gbdt]
[objective: regression]
[metric: rmse]
[tree_learner: serial]
[device_type: cpu]
[data_sample_strategy: bagging]
[data: ]
[valid: ]
[num_iterations: 400]
[learning_rate: 0.05]
[num_leaves: 31]
[num_threads: 0]
[seed: 42]
[deterministic: 0]
[force_col_wise: 0]
[force_row_wise: 0]
[histogram_pool_size: -1]
[max_depth: 5]
[min_data_in_leaf: 3]
[min_sum_hessian_in_leaf: 0.001]
[bagging_fraction: 0.85]
[pos_bagging_fraction: 1]
[neg_bagging_fraction: 1]
[bagging_freq: 1]
[bagging_seed: 400]
[bagging_by_query: 0]
[feature_fraction: 0.85]
[feature_fraction_bynode: 1]
[feature_fraction_seed: 30056]
[extra_trees: 0]
[extra_seed: 12879]
[early_stopping_round: 0]
[early_stopping_min_delta: 0]
[first_metric_only: 0]
[max_delta_step: 0]
[lambda_l1: 0]
[lambda_l2: 0]
[linear_lambda: 0]
[min_gain_to_split: 0]
[drop_rate: 0.1]
[max_drop: 50]
[skip_drop: 0.5]
[xgboost_dart_mode: 0]
[uniform_drop: 0]
[drop_seed: 17869]
[top_rate: 0.2]
[other_rate: 0.1]
[min_data_per_group: 100]
[max_cat_threshold: 32]
[cat_l2: 10]
[cat_smooth: 10]
[max_cat_to_onehot: 4]
[top_k: 20]
[monotone_constraints: ]
[monotone_constraints_method: basic]
[monotone_penalty: 0]
[feature_contri: ]
[forcedsplits_filename: ]
[refit_decay_rate: 0.9]
[cegb_tradeoff: 1]
[cegb_penalty_split: 0]
[cegb_penalty_feature_lazy: ]
[cegb_penalty_feature_coupled: ]
[path_smooth: 0]
[interaction_constraints: ]
[verbosity: -1]
[saved_feature_importance_type: 0]
[use_quantized_grad: 0]
[num_grad_quant_bins: 4]
[quant_train_renew_leaf: 0]
[stochastic_rounding: 1]
[linear_tree: 0]
[max_bin: 255]
[max_bin_by_feature: ]
[min_data_in_bin: 3]
[bin_construct_sample_cnt: 200000]
[data_random_seed: 175]
[is_enable_sparse: 1]
[enable_bundle: 1]
[use_missing: 1]
[zero_as_missing: 0]
[feature_pre_filter: 1]
[pre_partition: 0]
[two_round: 0]
[header: 0]
[label_column: ]
[weight_column: ]
[group_column: ]
[ignore_column: ]
[categorical_feature: ]
[forcedbins_filename: ]
[precise_float_parser: 0]
[parser_config_file: ]
[objective_seed: 16083]
[num_class: 1]
[is_unbalance: 0]
[scale_pos_weight: 1]
[sigmoid: 1]
[boost_from_average: 1]
[reg_sqrt: 0]
[alpha: 0.9]
[fair_c: 1]
[poisson_max_delta_step: 0.7]
[tweedie_variance_power: 1.5]
[lambdarank_truncation_level: 30]
[lambdarank_norm: 1]
[label_gain: ]
[lambdarank_position_bias_regularization: 0]
[eval_at: ]
[multi_error_top_k: 1]
[auc_mu_weights: ]
[num_machines: 1]
[local_listen_port: 12400]
[time_out: 120]
[machine_list_filename: ]
[machines: ]
[gpu_platform_id: -1]
[gpu_device_id: -1]
[gpu_use_dp: 0]
[num_gpu: 1]

end of parameters

pandas_categorical:[]
