tree
version=v4
num_class=1
num_tree_per_iteration=1
label_index=0
max_feature_idx=10
objective=regression
feature_names=total_load net_load renewable_power thermal_space_load_ratio thermal_on_capacity hour period weekday month is_weekend is_holiday
feature_infos=[28742.700000000001:42408.400000000001] [-689.43000000000029:41070.110000000001] [1144.03:31591.200000000001] [-0.023925581976429446:0.97282505160491894] [27170:44840] [16:19] [65:80] [0:6] [3:5] [0:1] none
tree_sizes=2600 2566 2604 2724 2492 2167 2769 2489 2199 2553 2168 2700 2665 2441 2671 2707 2502

Tree=0
num_leaves=29
num_cat=0
split_feature=2 4 7 1 8 2 1 4 7 4 4 2 4 1 2 6 1 1 4 4 7 2 0 5 0 0 0 6
split_gain=9.93659e+06 5.1925e+06 5.73658e+06 4.55892e+06 1.03983e+06 755958 747693 643504 255263 391949 198851 162630 146150 142718 141645 199837 140476 130279 126635 51222.5 47943 46993.7 42393.5 41550.9 20924.4 9240.23 6530.72 282.333
threshold=6272.9650000000011 44765.000000000007 5.5000000000000009 15160.950000000003 4.5000000000000009 5123.7750000000005 22374.190000000006 37941.500000000007 2.5000000000000004 36349.500000000007 38897.500000000007 3434.9700000000007 43907.500000000007 20424.125000000004 8071.8450000000012 69.500000000000014 12956.325000000003 16933.285000000007 35134.500000000007 38897.500000000007 1.0000000180025095e-35 19874.465000000004 33718.30000000001 18.500000000000004 34260.80000000001 40724.100000000013 37940.350000000006 73.500000000000014
decision_type=2 2 2 2 2 2 2 2 2 2 2 2 2 2 2 2 2 2 2 2 2 2 2 2 2 2 2 2
left_child=1 4 11 16 8 7 10 -6 9 -1 17 23 -10 -12 15 -8 21 -5 24 -16 -20 -2 -23 -3 -18 -4 -7 -27
right_child=3 2 25 6 5 26 14 -9 12 -11 13 -13 -14 -15 19 -17 18 -19 20 -21 -22 22 -24 -25 -26 27 -28 -29
leaf_value=320.05049853728451 297.90795491041627 366.78945210279915 308.92278826536625 301.36812159255368 353.40612080397091 316.02278848789024 316.12834389509646 326.25195515455692 309.10345488556118 312.11216322036472 294.15401059821471 351.40612080397096 315.24799669883538 302.48328812422244 307.11404219393933 308.26989238275229 302.87624055276774 304.73335355861832 300.07278836073368 305.40163672617058 293.06049359144657 292.17852363839575 295.12845490278687 359.75628661614542 298.85237165592002 312.60612156691042 313.16562175255905 311.9644547730872
leaf_weight=23 4.9999999999999991 6.9999999999999982 3 36 3.0000000000000027 2.9999999999999982 8.9999999999999982 7.9999999999999991 50 48 9.0000000000000018 3.0000000000000009 11.999999999999998 11.999999999999998 212 80 7.0000000000000018 143 2.9999999999999991 55 12.999999999999998 51 15.999999999999998 3 6 3 6 4
leaf_count=23 5 7 3 36 3 3 9 8 50 48 9 3 12 12 212 80 7 143 3 55 13 51 16 3 6 3 6 4
internal_value=307.014 317.565 339.716 304.188 314.235 324.865 305.963 333.658 312.637 314.684 303.517 361.616 310.293 298.914 307.337 309.065 294.415 304.057 297.354 306.761 294.375 293.232 292.883 364.68 301.019 311.244 314.118 312.239
internal_weight=833 176 23 657 153 20 556 11 133 71 200 13 62 21 356 89 101 179 29 267 16 72 67 10 13 10 9 7
internal_count=833 176 23 657 153 20 556 11 133 71 200 13 62 21 356 89 101 179 29 267 16 72 67 10 13 10 9 7
is_linear=0
shrinkage=1


Tree=1
num_leaves=28
num_cat=0
split_feature=2 3 7 1 8 6 2 1 6 1 0 8 8 2 6 3 6 1 6 8 1 1 7 0 0 0 0
split_gain=9.90535e+06 4.53428e+06 4.61552e+06 3.94737e+06 749255 819031 2.31638e+06 578331 457997 372470 251694 155011 97563.1 94651.8 122755 92418.2 73492.4 68159.1 39475.1 31997.7 28823.1 18405.6 27097 2776.85 777.956 427.899 10.3054
threshold=6272.9650000000011 0.93457710515132908 5.5000000000000009 17442.845000000005 4.5000000000000009 69.500000000000014 4340.9150000000009 12631.035000000002 78.500000000000014 24141.460000000006 41477.250000000007 3.5000000000000004 3.5000000000000004 7973.5750000000007 69.500000000000014 0.86716417489869835 66.500000000000014 20912.155000000002 77.500000000000014 3.5000000000000004 19947.520000000004 11362.705000000002 5.5000000000000009 33754.000000000007 40967.30000000001 35376.500000000007 42096.200000000004
decision_type=2 2 2 2 2 2 2 2 2 2 2 2 2 2 2 2 2 2 2 2 2 2 2 2 2 2 2
left_child=1 4 18 7 5 6 -1 21 15 12 -7 25 17 14 -11 -6 -13 -5 26 -15 -14 23 -23 -2 -4 -9 -3
right_child=3 2 24 9 8 10 -8 11 -10 13 -12 16 20 19 -16 -17 -18 -19 -20 -21 -22 22 -24 -25 -26 -27 -28
leaf_value=57.173305257161466 -14.182877967471169 56.660528564453116 4.3204771677652989 -10.583600769042961 7.2460041809081988 5.073596582017025 6.4410897519853378 -14.694031906127931 30.385182189941407 7.8248325467109687 19.737600453694665 -8.7475592466501091 -2.7579930138966393 -1.1137422098303742 1.3092653818130495 15.911438751220704 -5.4811926897834331 -3.8955970883369448 49.979021199544242 0.29432824098852256 -1.4391700022969365 -13.211474736531578 -7.7244239807128912 -13.166485166549684 5.3389437866210931 -13.904082743326819 56.777748616536442
leaf_weight=2.9999999999999991 42 5 3 5.0000000000000027 5.0000000000000027 119 8.9999999999999982 3.9999999999999991 4.9999999999999991 7.9999999999999991 2.9999999999999991 26 63 53 75 7.9999999999999991 51 15.999999999999998 3.0000000000000009 169 121 8.9999999999999982 2.9999999999999991 7.9999999999999991 5 3 3
leaf_count=3 42 5 3 5 5 119 9 4 5 8 3 26 63 53 75 8 51 16 3 169 121 9 3 8 5 3 3
internal_value=0.107555 10.8254 33.8542 -2.68626 7.94676 6.66015 19.1241 -9.93531 17.5249 -0.611047 5.43419 -7.23174 -2.25922 0.496743 1.93727 12.5786 -6.58412 -5.48798 54.8703 -0.0418327 -1.89072 -13.5982 -11.8397 -14.0203 4.95702 -14.3555 56.7045
internal_weight=827 171 19 656 152 134 12 146 18 510 122 84 205 305 83 13 77 21 11 222 184 62 12 50 8 7 8
internal_count=827 171 19 656 152 134 12 146 18 510 122 84 205 305 83 13 77 21 11 222 184 62 12 50 8 7 8
is_linear=0
shrinkage=0.05


Tree=2
num_leaves=29
num_cat=0
split_feature=2 4 7 1 8 3 4 1 1 0 7 4 8 0 0 6 4 0 4 0 7 3 2 1 2 6 0 6
split_gain=8.43076e+06 5.09565e+06 4.57034e+06 3.46368e+06 793488 562601 666507 511539 389924 230118 279262 171402 135464 119350 115691 248307 80311.4 68887 46153 42091 58773.9 38086.9 37430.9 35866.6 10847.1 2556.09 1009.78 1690.64
threshold=6272.9650000000011 44765.000000000007 5.5000000000000009 17442.845000000005 4.5000000000000009 0.86716417489869835 37941.500000000007 12631.035000000002 25082.745000000006 41477.250000000007 2.5000000000000004 35865.000000000007 4.5000000000000009 39426.700000000004 34709.400000000001 69.500000000000014 38897.500000000007 34992.950000000004 38897.500000000007 34044.80000000001 5.5000000000000009 0.43142791859470148 1289.2800000000002 21733.095000000005 19874.465000000004 76.500000000000014 40967.30000000001 75.500000000000014
decision_type=2 2 2 2 2 2 2 2 2 2 2 2 2 2 2 2 2 2 2 2 2 2 2 2 2 2 2 2
left_child=1 4 13 7 9 25 -7 19 16 10 -1 21 -13 -3 15 -10 23 -18 -16 24 -21 -9 -15 -5 -2 -6 -4 -28
right_child=3 2 26 8 5 6 -8 11 14 -11 -12 12 -14 22 18 -17 17 -19 -20 20 -22 -23 -24 -25 -26 -27 27 -29
leaf_value=7.0082088323739855 -10.307800420125325 40.878767903645809 3.3006493886311841 -2.2734128674593843 4.7937039375305153 42.668330891927084 15.79735549926758 -6.7216062800089524 12.852968565622968 18.750720214843749 2.2777983919779459 -10.685976448059083 -2.9614279338291714 47.366755167643234 0.93196549125285966 -1.0085726363318306 -9.8115951538085877 -3.3602990667025248 -0.64580296321970521 -12.200741631644114 -3.8360004425048815 -3.6525105384088334 53.915771484375 -0.94335773463578931 -13.40322129058838 6.489463653564453 5.2634410858154288 3.5848300933837884
leaf_weight=65 2.9999999999999991 3.0000000000000009 3 110 4.0000000000000018 2.9999999999999991 9.9999999999999982 14.999999999999998 5.9999999999999982 2.9999999999999991 60 30 6.9999999999999991 2.9999999999999991 193 7 5.0000000000000027 24 61 6.9999999999999982 3 31 7.9999999999999991 94 50 5 3 3
leaf_count=65 3 3 3 110 4 3 10 15 6 3 60 30 7 3 193 7 5 24 61 7 3 31 8 94 50 5 3 3
internal_value=0.130991 9.93389 31.8482 -2.49424 6.5737 15.3455 21.9983 -9.26958 -0.515846 5.06604 4.73761 -6.6911 -9.22458 49.7188 0.788514 5.38906 -2.01054 -4.47259 0.553053 -12.6666 -9.69132 -4.6533 52.1297 -1.66054 -13.228 5.73579 4.04964 4.42414
internal_weight=819 173 23 646 150 22 13 146 500 128 125 83 37 14 267 13 233 29 254 63 10 46 11 204 53 9 9 6
internal_count=819 173 23 646 150 22 13 146 500 128 125 83 37 14 267 13 233 29 254 63 10 46 11 204 53 9 9 6
is_linear=0
shrinkage=0.05


Tree=3
num_leaves=30
num_cat=0
split_feature=2 1 4 7 1 1 1 7 6 1 7 1 4 2 1 4 2 0 0 4 0 7 2 2 3 4 4 0 0
split_gain=7.24221e+06 3.30913e+06 2.85845e+06 4.43549e+06 480569 338044 374568 403441 300820 229189 131901 274240 110505 99288.4 96770 149812 95722.4 206353 83434.8 43724.9 42411.9 48248.9 35914.4 34636.7 34042.5 23614.2 11355.7 8334.95 371.548
threshold=6272.9650000000011 15608.535 44765.000000000007 5.5000000000000009 23547.745000000006 33761.67500000001 33878.360000000008 1.0000000180025095e-35 78.500000000000014 12631.035000000002 2.5000000000000004 30738.610000000004 35865.000000000007 3434.9700000000007 19717.800000000007 38897.500000000007 8071.8450000000012 34660.150000000001 38089.600000000006 36337.500000000007 34044.80000000001 5.5000000000000009 18469.330000000005 19874.465000000004 0.96916111109979297 38897.500000000007 34230.000000000007 40724.100000000013 41218.450000000004
decision_type=2 2 2 2 2 2 2 2 2 2 2 2 2 2 2 2 2 2 2 2 2 2 2 2 2 2 2 2 2
left_child=2 9 5 13 14 10 8 -8 -7 20 11 -1 26 24 15 -3 17 -6 -12 -18 23 -22 -14 -2 -4 -16 -11 -5 -29
right_child=1 4 3 27 16 6 7 -9 -10 12 18 -13 22 -15 25 -17 19 -19 -20 -21 21 -23 -24 -25 -26 -27 -28 28 -30
leaf_value=17.282951364517213 -8.0141664505004879 -3.194661575953166 51.295327250162771 1.2228985309600824 14.75186767578125 10.491855001449586 19.90239969889323 6.1661682041323918 28.888102531433102 -4.538426197899712 1.2653429883899112 4.9256878301501281 -11.744975339449367 38.617547607421855 -1.4384601386844136 -10.788452965872629 0.53774497413542122 1.4035878539444453 7.2752465810094566 -0.83887008042562583 -11.41022831598918 -3.6442005157470692 -7.4870580196380621 -12.83312344637784 44.772048950195305 -3.3784737798902729 -6.9117768423897887 4.720425796508791 4.038931147257486
leaf_weight=4.9999999999999991 3.9999999999999991 90 5.9999999999999982 3.0000000000000009 2.9999999999999991 4.9999999999999982 5.9999999999999991 49 4 18.000000000000004 33 44 13.000000000000002 3.0000000000000009 122 6.9999999999999991 128 83 6.9999999999999991 105 5.9999999999999982 3 7.9999999999999991 55 3 18 6.9999999999999991 2.9999999999999982 6
leaf_count=5 4 90 6 3 3 5 6 49 4 18 33 44 13 3 122 7 128 83 7 105 6 3 8 55 3 18 7 3 6
internal_value=-0.0382136 -2.41458 8.95707 25.0002 -0.823453 6.4405 9.21201 7.66467 18.668 -10.1748 4.44751 6.18663 -7.44903 46.4951 -2.52888 -3.74267 0.443584 1.86923 2.31708 -0.082618 -12.0187 -8.82155 -10.1229 -12.5064 49.1209 -1.68789 -5.20296 3.5053 4.2661
internal_weight=847 670 177 24 556 153 64 55 9 114 89 49 46 12 237 97 319 86 40 233 68 9 21 59 9 140 25 12 9
internal_count=847 670 177 24 556 153 64 55 9 114 89 49 46 12 237 97 319 86 40 233 68 9 21 59 9 140 25 12 9
is_linear=0
shrinkage=0.05


Tree=4
num_leaves=27
num_cat=0
split_feature=2 1 0 2 5 3 7 8 3 1 3 0 7 8 0 1 8 1 6 1 0 8 7 1 2 2
split_gain=7.93514e+06 3.37525e+06 3.06192e+06 1.33391e+06 894861 1.69461e+06 1.41612e+06 733963 515075 348532 341051 201778 179860 97467 97078.5 259774 79593.8 79964.5 71061.1 55486.4 53503 45325 37492.7 28247 9060.36 140.815
threshold=5996.5250000000005 17204.290000000005 41344.400000000001 1249.4700000000003 17.500000000000004 0.89825974180642865 5.5000000000000009 4.5000000000000009 0.86716417489869835 24804.955000000005 0.38123016601606535 41688.200000000004 2.5000000000000004 3.5000000000000004 35212.950000000004 27334.910000000003 3.5000000000000004 20424.125000000004 66.500000000000014 34297.200000000004 33718.30000000001 3.5000000000000004 5.5000000000000009 20101.075000000004 20008.600000000002 19170.480000000003
decision_type=2 2 2 2 2 2 2 2 2 2 2 2 2 2 2 2 2 2 2 2 2 2 2 2 2 2
left_child=2 10 4 -4 5 19 -7 12 -9 16 20 -5 -6 25 15 -11 17 -3 -15 -1 24 -16 -22 -18 -2 -12
right_child=1 9 3 11 7 6 -8 8 -10 14 13 -13 -14 18 21 -17 23 -19 -20 -21 22 -23 -24 -25 -26 -27
leaf_value=5.8900371566414806 -9.3917022705078121 -8.9653315135410807 3.9810214996337892 34.89272491455079 6.358750832980534 44.806706455775675 3.7475057284037265 4.9880273818969707 21.366926956176759 1.3819670288186323 -12.865109761555992 49.097586669921867 2.1563169337048822 -7.8769067632740946 -0.66011091534580502 15.401209926605226 -2.2996956513722737 -2.8297291452234443 -4.6428762156788901 13.30005839665731 -10.277809143066404 0.81257792174707633 -5.3175067901611328 -1.0941713187033715 -12.217635213411771 -12.38065973917643
leaf_weight=16.000000000000007 2.9999999999999991 7.0000000000000027 2.9999999999999991 4.9999999999999982 53 6.9999999999999982 3 8.0000000000000018 11.999999999999998 19.000000000000004 2.9999999999999991 5 49 29 70 3.9999999999999991 75 22 41 2.9999999999999991 16.000000000000004 206 4.9999999999999991 138 52 3
leaf_count=16 3 7 3 5 53 7 3 8 12 19 3 5 49 29 70 4 75 22 41 3 16 206 5 138 52 3
internal_value=0.0483275 -2.29219 9.93845 33.2227 7.93385 15.8286 32.4889 6.05722 14.8154 -0.442585 -8.87533 41.9952 4.33993 -6.50691 0.699149 3.8201 -1.85324 -4.31074 -5.98269 7.06004 -11.2437 0.43907 -9.09678 -1.51865 -12.0635 -12.6229
internal_weight=857 693 164 13 151 29 10 122 20 541 152 10 102 76 299 23 242 29 70 19 76 276 21 213 55 6
internal_count=857 693 164 13 151 29 10 122 20 541 152 10 102 76 299 23 242 29 70 19 76 276 21 213 55 6
is_linear=0
shrinkage=0.05


Tree=5
num_leaves=23
num_cat=0
split_feature=4 7 3 2 3 3 8 3 4 0 8 0 4 0 4 3 7 6 0 2 6 0
split_gain=7.67906e+06 4.64572e+06 3.88083e+06 1.6842e+06 393905 252890 230525 479746 172841 158530 110860 85915.6 70559.8 66926.8 47751.3 44726.5 44517.8 30773.5 22825.5 8278.92 462.499 83.1808
threshold=44765.000000000007 5.5000000000000009 0.51644687010586632 6692.4900000000007 0.38123016601606535 0.65088367158431193 4.5000000000000009 0.86716417489869835 35865.000000000007 41477.250000000007 4.5000000000000009 39426.700000000004 38897.500000000007 33718.30000000001 43067.500000000007 0.44116268026255934 5.5000000000000009 77.500000000000014 40724.100000000013 20008.600000000002 75.500000000000014 40295.30000000001
decision_type=2 2 2 2 2 2 2 2 2 2 2 2 2 2 2 2 2 2 2 2 2 2
left_child=2 11 4 6 13 12 9 -8 15 -4 -10 -2 -5 19 -7 -6 -15 21 -3 -1 -20 -13
right_child=1 18 3 5 8 14 7 -9 10 -11 -12 17 -14 16 -16 -17 -18 -19 20 -21 -22 -23
leaf_value=-8.9221174875895191 35.837340291341143 -0.27102006435394277 4.1439126085250511 -1.6193054476284212 -5.682955368705418 0.16386518048256946 3.6896042060852041 17.43700363852761 -10.388064297762783 15.760239410400391 -2.1401560401916506 46.777203369140636 -4.1981705933809286 -9.3059096703162538 3.6778443992137912 -2.8106838688705906 -3.2739300727844238 40.783023071289065 4.6214745839436837 -11.623436164855958 3.8002086162567132 46.462521362304685
leaf_weight=2.9999999999999991 2.9999999999999991 5.0000000000000018 140 155 23 291 15.000000000000002 10.999999999999998 22.000000000000004 2.9999999999999991 4.9999999999999991 2.9999999999999982 32 13.000000000000002 9.9999999999999982 33 3.9999999999999991 2.9999999999999991 3 52 4 7
leaf_count=3 3 5 140 155 23 291 15 11 22 3 5 3 32 13 10 33 4 3 3 52 4 7
internal_value=0.0820157 25.8264 -0.805723 0.873225 -7.9223 -0.616538 5.17503 9.50581 -5.57468 4.38761 -8.86067 43.4644 -2.06061 -10.6286 0.280609 -3.99037 -7.88662 45.2245 2.30918 -11.4761 4.15218 46.5569
internal_weight=840 28 812 657 155 488 169 26 83 143 27 16 187 72 301 56 17 13 12 55 7 10
internal_count=840 28 812 657 155 488 169 26 83 143 27 16 187 72 301 56 17 13 12 55 7 10
is_linear=0
shrinkage=0.05


Tree=6
num_leaves=30
num_cat=0
split_feature=3 4 7 1 1 2 1 4 4 0 3 7 2 0 4 1 0 3 0 4 3 0 3 4 3 7 0 4 6
split_gain=5.44337e+06 2.47217e+06 3.37134e+06 2.40005e+06 455128 172251 232833 306350 118839 109562 104672 99778.3 86728.4 109183 79464.9 75068.4 66511.3 57118.1 42033.1 39698.7 35652.4 31532.2 22749.4 10646.7 10614.2 16544.5 3742.81 1207.88 964.117
threshold=0.8458549444924599 44765.000000000007 5.5000000000000009 15160.950000000003 23547.745000000006 3865.8750000000005 33657.095000000008 40910.000000000007 38897.500000000007 35606.150000000001 0.37641684494149125 1.5000000000000002 7743.1250000000009 35376.500000000007 34732.500000000007 18595.325000000008 39426.700000000004 0.43142791859470148 35762.30000000001 43067.500000000007 0.96916111109979297 38783.150000000009 0.91885267461623255 33155.000000000007 0.27435772217250715 5.5000000000000009 40926.200000000004 29507.500000000004 75.500000000000014
decision_type=2 2 2 2 2 2 2 2 2 2 2 2 2 2 2 2 2 2 2 2 2 2 2 2 2 2 2 2 2
left_child=3 5 16 10 8 11 18 -8 15 -10 24 21 13 -6 23 -5 -3 -16 -7 -14 -18 -2 -13 -12 27 -26 -4 -1 -28
right_child=1 2 26 4 12 6 7 -9 9 -11 14 22 19 -15 17 -17 20 -19 -20 -21 -22 -23 -24 -25 25 -27 28 -29 -30
leaf_value=-11.421651731218608 9.6831541697184278 34.045473225911444 1.4584553718566886 -3.3059342033722823 7.0368731843100649 -0.9676877657572428 14.51145081896531 5.5326728833349135 -9.6166256141662565 -3.0209814688738654 -5.7076175477769624 -0.013957036783297853 -0.13836038929210712 1.2518876868332256 -6.5055093383789044 -1.2856637743577153 44.488388497488849 -11.84957748413086 5.1491592970761388 2.813526222109795 37.973534138997387 4.3068599700927725 2.7965740892622208 -3.2007295846939088 -10.387022721767424 -7.6243874413626536 4.0782540321350096 -10.78570728302002 2.9804625034332268
leaf_weight=14.000000000000002 5.9999999999999982 3.0000000000000009 3.0000000000000009 68 8.9999999999999982 2.9999999999999991 19 19 10.000000000000002 17 9.0000000000000018 12.000000000000002 224 87 10.000000000000002 142 6.9999999999999982 9.9999999999999982 44 11.999999999999998 3 5 18 7.9999999999999991 24.000000000000004 6.9999999999999991 4 15.999999999999998 4
leaf_count=14 6 3 3 68 9 3 19 19 10 17 9 12 224 87 10 142 7 10 44 12 3 5 18 8 24 7 4 16 4
internal_value=0.0230775 8.62926 23.3369 -1.91234 -0.667619 5.8278 7.11174 10.0221 -2.34131 -5.46381 -9.13938 3.16595 0.527156 1.79423 -7.04122 -1.93985 40.5751 -9.17754 4.75872 0.0117355 42.5339 7.23938 1.67236 -4.52791 -10.412 -9.7632 2.96457 -11.0825 3.52936
internal_weight=817 150 24 667 569 126 85 38 237 27 98 41 332 96 37 210 13 20 47 236 10 11 30 17 61 31 11 30 8
internal_count=817 150 24 667 569 126 85 38 237 27 98 41 332 96 37 210 13 20 47 236 10 11 30 17 61 31 11 30 8
is_linear=0
shrinkage=0.05


Tree=7
num_leaves=28
num_cat=0
split_feature=2 1 3 7 8 6 1 3 6 1 3 0 8 0 8 2 0 0 0 7 3 6 1 0 2 6 0
split_gain=5.22497e+06 2.21631e+06 1.9453e+06 2.59508e+06 463421 475136 392452 323656 373318 280572 246819 152837 75969.1 124676 68600.3 65637.8 217229 58042.8 28992 35804.7 25710.5 22968.3 21383.3 9686.53 5770.69 847.358 150.604
threshold=6272.9650000000011 17204.290000000005 0.93457710515132908 5.5000000000000009 4.5000000000000009 71.500000000000014 35710.335000000006 0.86716417489869835 78.500000000000014 12631.035000000002 0.65952330946611148 41477.250000000007 3.5000000000000004 35606.150000000001 3.5000000000000004 8071.8450000000012 35376.500000000007 34709.400000000001 34044.80000000001 5.5000000000000009 0.96916111109979297 71.500000000000014 18595.325000000008 38412.55000000001 19874.465000000004 75.500000000000014 41344.400000000001
decision_type=2 2 2 2 2 2 2 2 2 2 2 2 2 2 2 2 2 2 2 2 2 2 2 2 2 2 2
left_child=2 9 4 20 5 6 -1 23 -9 18 12 -7 13 -3 -11 16 -12 -16 24 -20 26 -17 -14 -6 -2 -5 -4
right_child=1 10 3 25 7 11 -8 8 -10 14 15 -13 22 -15 17 21 -18 -19 19 -21 -22 -23 -24 -25 -26 -27 -28
leaf_value=8.9949501775205132 -8.0213523228963215 -10.490351104736328 41.773819986979156 3.9158640861511227 7.1208788553873639 3.2571505503627387 28.70189854303996 10.958422040939332 28.374530944824215 -11.071559448242189 11.699157314300537 14.695593706766765 -2.5361173361539842 -2.5722443580627443 -5.8511109479836065 -0.82353600426362117 0.97164948736095713 -2.7131907796859744 -9.3411797364552829 -2.6511992772420241 36.509197489420565 0.29515886726096657 -1.101562573577183 3.5270829772949215 -10.272246725218636 2.9395044326782225 42.242467498779291
leaf_weight=16.000000000000004 2.9999999999999991 5.9999999999999991 3 4 3.0000000000000018 110 2.9999999999999991 7.9999999999999982 5 4.9999999999999991 4.9999999999999991 2.9999999999999991 32 29 56 65 84 20 5.9999999999999982 3 3 156 138 5 56 5 4
leaf_count=16 3 6 3 4 3 110 3 8 5 5 5 3 32 29 56 65 84 20 6 3 3 156 138 5 56 5 4
internal_value=-0.00425532 -2.01607 7.7623 22.8516 5.88847 4.7909 12.1066 12.7875 17.6569 -7.38654 -0.46229 3.56083 -1.80833 -3.92963 -5.39857 0.427836 1.57432 -5.02534 -9.75457 -7.11119 40.3819 -0.033869 -1.3716 4.87476 -10.1578 3.37344 42.0416
internal_weight=836 664 172 19 153 132 19 21 13 149 515 113 205 35 81 310 89 76 68 9 10 221 170 8 59 9 7
internal_count=836 664 172 19 153 132 19 21 13 149 515 113 205 35 81 310 89 76 68 9 10 221 170 8 59 9 7
is_linear=0
shrinkage=0.05


Tree=8
num_leaves=24
num_cat=0
split_feature=4 7 1 3 3 1 8 3 0 7 4 8 4 0 1 7 0 0 0 0 2 0 0
split_gain=5.29402e+06 3.65486e+06 2.77589e+06 1.23914e+06 238851 209725 192192 162648 146307 120530 109501 72152.2 56252.1 42808.8 39333.7 35668.9 17980 13467.4 14637.1 6885.48 5806.6 305.598 235.398
threshold=44765.000000000007 5.5000000000000009 17204.290000000005 0.83317024099323056 0.38123016601606535 25421.530000000006 4.5000000000000009 0.86716417489869835 34860.650000000009 2.5000000000000004 35134.500000000007 4.5000000000000009 38897.500000000007 34044.80000000001 14765.160000000005 5.5000000000000009 40724.100000000013 41688.200000000004 41344.400000000001 39602.700000000004 20008.600000000002 41289.150000000001 41688.200000000004
decision_type=2 2 2 2 2 2 2 2 2 2 2 2 2 2 2 2 2 2 2 2 2 2 2
left_child=2 17 4 5 13 12 9 -8 -7 -5 14 -12 -4 20 -6 -15 -3 18 19 -2 -1 -18 -23
right_child=1 16 3 6 10 8 7 -9 -10 -11 11 -13 -14 15 -16 -17 21 -19 -20 -21 -22 22 -24
leaf_value=-7.6202843666076667 36.67069193522137 -0.72227572798728912 -1.1359977604455032 5.3681790290607347 -5.3892884699503583 7.7081399849482954 4.2726936552259636 13.336102953824131 0.38023109342093053 2.3198530168856606 -8.0954061857859294 -2.0890690962473553 -3.3096109250012571 -8.3840358793735525 -2.1959182633293999 -2.6013406753540034 2.8945697784423836 40.407277221679678 34.307103474934891 39.839496612548821 -9.8837933746038704 3.8258107503255196 3.1994478861490876
leaf_weight=2.9999999999999991 2.9999999999999982 4.0000000000000009 239 72 14.999999999999998 6.9999999999999991 9.0000000000000018 10.999999999999998 253 59 30 5.9999999999999991 34 7.9999999999999982 27 4 2.9999999999999982 5.0000000000000009 3 4 51 3 3
leaf_count=3 3 4 239 72 15 7 9 11 253 59 30 6 34 8 27 4 3 5 3 4 51 3 3
internal_value=0.0886884 21.4714 -0.634397 0.693943 -6.94401 -0.438789 4.69226 9.25757 0.577521 3.99527 -5.07084 -7.09435 -1.4067 -9.15776 -3.33641 -6.45647 2.06695 38.2885 37.2291 38.4814 -9.75804 3.30661 3.51263
internal_weight=856 28 828 684 144 533 151 20 260 131 78 36 273 66 42 12 13 15 10 7 54 9 6
internal_count=856 28 828 684 144 533 151 20 260 131 78 36 273 66 42 12 13 15 10 7 54 9 6
is_linear=0
shrinkage=0.05


Tree=9
num_leaves=28
num_cat=0
split_feature=2 4 7 1 1 7 0 0 0 8 1 4 8 4 7 0 0 7 7 1 3 8 0 0 0 4 0
split_gain=4.05134e+06 2.35936e+06 2.77539e+06 1.6403e+06 216448 155439 407289 407704 160569 137316 113928 98151.9 78566.7 77505.2 65308 42489.2 38747.4 33910 53830.9 32244 29582.4 25359.9 7478.45 4471.66 22067.3 1443.51 280.456
threshold=6692.4900000000007 44765.000000000007 5.5000000000000009 15608.535 22767.215000000004 2.5000000000000004 39855.750000000007 35746.850000000013 41477.250000000007 4.5000000000000009 10692.735000000001 35865.000000000007 4.5000000000000009 38897.500000000007 4.5000000000000009 39426.700000000004 34290.200000000004 2.5000000000000004 1.5000000000000002 16933.285000000007 0.96916111109979297 4.5000000000000009 40926.200000000004 33718.30000000001 33780.150000000001 29507.500000000004 41612.30000000001
decision_type=2 2 2 2 2 2 2 2 2 2 2 2 2 2 2 2 2 2 2 2 2 2 2 2 2 2 2
left_child=1 5 15 10 13 6 7 -1 9 -7 23 16 -13 19 -15 -3 -12 18 -6 -5 -17 -19 -4 25 -25 -2 -24
right_child=3 2 22 4 17 8 -8 -9 -10 -11 11 12 -14 14 -16 20 -18 21 -20 -21 -22 -23 26 24 -26 -27 -28
leaf_value=23.007405598958336 -9.8331328837076839 30.059917195638004 0.40338720083236668 -3.4529801099196726 -0.055155300762918261 1.0922892530348438 23.580018615722658 4.2768921701156577 13.844821294148765 6.551415150080409 -5.5226944530711464 -9.9543101119995114 -2.9468726682662965 -2.8250308195749909 -8.9020463671003078 38.36074714660645 -2.2179314454396564 -0.84400020071438375 1.9443783573660196 -1.4476082585656491 32.5386744181315 0.45915370573555792 3.5356348991394051 -4.76073392232259 -10.185041656494139 -9.2026666392450753 2.9739295482635493
leaf_weight=2.9999999999999991 14.999999999999998 3.0000000000000009 3.0000000000000009 23 99 65 2.9999999999999991 92 2.9999999999999991 13.999999999999998 34 20.000000000000004 4.9999999999999991 12.000000000000002 6.9999999999999991 7.9999999999999982 11.999999999999998 112 51 156 3 56 4.9999999999999982 3 5 23 4
leaf_count=3 15 3 3 23 99 65 3 92 3 14 34 20 5 12 7 8 12 112 51 156 3 56 5 3 5 23 4
internal_value=0.0402974 6.13085 20.2102 -1.94178 -0.729792 4.09716 5.44119 4.86838 2.49089 2.05973 -7.28695 -6.03109 -8.55282 -2.02758 -5.06393 35.3344 -4.66058 0.0782626 0.624686 -1.70528 36.7729 -0.409616 2.56534 -9.22534 -8.15093 -9.45153 3.28599
internal_weight=839 206 26 633 516 180 98 95 82 79 117 71 25 198 19 14 46 318 150 179 11 168 12 46 8 38 9
internal_count=839 206 26 633 516 180 98 95 82 79 117 71 25 198 19 14 46 318 150 179 11 168 12 46 8 38 9
is_linear=0
shrinkage=0.05


Tree=10
num_leaves=24
num_cat=0
split_feature=3 1 0 5 2 8 2 6 5 2 3 7 0 1 8 6 8 6 1 0 8 0 1
split_gain=4.19346e+06 1.7977e+06 1.12949e+06 920406 781624 516455 395526 330017 325250 303165 211695 118454 314295 99560.6 76137.2 55856.5 45124.1 36552.2 29793.3 25867.3 17317.4 10987.1 262.418
threshold=0.86716417489869835 17442.845000000005 41344.400000000001 16.500000000000004 1249.4700000000003 4.5000000000000009 4278.5550000000012 78.500000000000014 17.500000000000004 8071.8450000000012 0.38123016601606535 2.5000000000000004 35376.500000000007 22767.215000000004 3.5000000000000004 66.500000000000014 3.5000000000000004 73.500000000000014 12956.325000000003 41688.200000000004 3.5000000000000004 33718.30000000001 16933.285000000007
decision_type=2 2 2 2 2 2 2 2 2 2 2 2 2 2 2 2 2 2 2 2 2 2 2
left_child=1 10 3 -2 -4 8 19 -7 -5 11 18 12 -3 16 22 -16 -11 -13 21 -6 -15 -1 -12
right_child=2 9 4 5 6 7 -8 -9 -10 13 14 17 -14 20 15 -17 -18 -19 -20 -21 -22 -23 -24
leaf_value=-8.9437434151464572 34.355646769205734 15.29623046875 2.8252330303192141 12.153405150083396 30.770745849609387 9.245914745330813 13.152580833435056 25.620857009887693 3.5780750712832892 -3.9573483216135124 -9.5498977661132809 -1.1680434207916262 2.3792642694932442 -0.81919477312795586 -5.8600138150728673 -2.9490068758858574 -1.3627731718647649 1.2071951903078868 -4.148697400093079 36.643537597656248 0.13723082339763643 -7.308670960939847 -10.211231740315753
leaf_weight=49 2.9999999999999991 4.9999999999999991 3.9999999999999991 12.999999999999998 2.9999999999999982 7.9999999999999982 3 5 74 19 2.9999999999999991 25 81 62 26 45 142 46 3.9999999999999991 5 200 12.999999999999998 3
leaf_count=49 3 5 4 13 3 8 3 5 74 19 3 25 81 62 26 45 142 46 4 5 200 13 3
internal_value=0.194391 -1.23197 8.93389 7.06709 21.7526 6.24843 28.6352 15.544 4.85945 0.00600712 -6.25315 1.88237 3.13025 -0.690419 -4.47207 -4.01501 -1.66897 0.370844 -8.33107 34.4412 -0.0890989 -8.60091 -9.88056
internal_weight=841 723 118 103 15 100 11 13 87 580 143 157 86 423 77 71 161 71 66 8 262 62 6
internal_count=841 723 118 103 15 100 11 13 87 580 143 157 86 423 77 71 161 71 66 8 262 62 6
is_linear=0
shrinkage=0.05


Tree=11
num_leaves=30
num_cat=0
split_feature=3 1 4 7 8 6 0 1 7 4 4 6 0 4 1 4 5 8 1 0 0 4 4 7 0 4 0 0 0
split_gain=3.31056e+06 1.52937e+06 1.44529e+06 1.87962e+06 419973 335623 409295 270864 92494.1 292395 154482 88291 54503.4 151917 48272.2 86289.3 69772.9 47289.3 37939.9 34860.9 40264.7 29756 17073.6 11155.2 5246.02 3491.67 3566.14 711.19 208.198
threshold=0.83637408228584953 15160.950000000003 44765.000000000007 5.5000000000000009 4.5000000000000009 77.500000000000014 39275.250000000007 24804.955000000005 2.5000000000000004 36349.500000000007 43907.500000000007 67.500000000000014 35212.950000000004 36212.500000000007 10692.735000000001 35134.500000000007 16.500000000000004 4.5000000000000009 34373.110000000008 39602.700000000004 41445.650000000001 38897.500000000007 39715.000000000007 1.0000000180025095e-35 40724.100000000013 29177.500000000004 33718.30000000001 41289.150000000001 33508.100000000013
decision_type=2 2 2 2 2 2 2 2 2 2 2 2 2 2 2 2 2 2 2 2 2 2 2 2 2 2 2 2 2
left_child=1 14 4 19 8 18 -7 11 9 -2 -10 17 13 -9 25 16 -16 -3 -6 -4 -21 -14 -13 -17 -5 28 -27 -26 -1
right_child=2 7 3 24 5 6 -8 12 10 -11 -12 22 21 -15 15 23 -18 -19 -20 20 -22 -23 -24 -25 27 26 -28 -29 -30
leaf_value=-8.9001462069424715 9.7591492843627936 -3.92195856441151 26.839138793945295 -0.42780986626942941 3.9517669439315783 33.810031127929676 10.449230461120605 -1.2774304216558281 0.57484122104114954 2.4678749912841753 6.5888606601793853 -1.0362899451989394 0.59151354159482505 7.0323913964358242 -2.124249817430973 -6.4547367731730105 -6.7245464381049658 -1.2220226806143057 10.545154825846355 35.427639770507817 28.333212280273433 -0.64143692502608674 -2.9077272048363323 -8.9128699874877935 1.5885966300964351 -8.3281823965219353 -7.0567574092320031 2.6773190180460604 -9.3700569152832038
leaf_weight=10.999999999999998 20 55 3.0000000000000009 3 8.0000000000000018 3 5 11.000000000000002 45 44 13.999999999999998 195 198 10.999999999999998 15.999999999999998 6.0000000000000027 17 23 2.9999999999999991 5.9999999999999982 3 65 12.999999999999998 20 3 26 6.9999999999999991 3 2.9999999999999991
leaf_count=11 20 55 3 3 8 3 5 11 45 44 14 195 198 11 16 6 17 23 3 6 3 65 13 20 3 26 7 3 3
internal_value=-0.0878439 -1.62806 6.30923 18.5522 4.49864 11.4171 19.2095 -0.604134 3.42993 4.7464 2.0019 -1.69123 0.486775 2.87748 -7.14371 -6.19137 -4.4941 -3.12582 5.74996 31.5069 33.0628 0.286792 -1.15325 -8.34561 1.27937 -8.33919 -8.05849 2.13296 -9.00084
internal_weight=840 677 163 21 142 19 8 571 123 64 59 286 285 22 106 59 33 78 11 12 9 263 208 26 9 47 33 6 14
internal_count=840 677 163 21 142 19 8 571 123 64 59 286 285 22 106 59 33 78 11 12 9 263 208 26 9 47 33 6 14
is_linear=0
shrinkage=0.05


Tree=12
num_leaves=29
num_cat=0
split_feature=2 4 7 1 1 0 7 4 4 4 1 3 4 0 7 1 0 2 9 3 4 0 7 0 6 2 0 2
split_gain=3.20514e+06 1.5266e+06 2.0957e+06 1.46031e+06 239262 137398 131765 134908 482293 83026.4 115982 80205 62477.6 61198.3 65317.7 45552.1 39980.1 36120.3 30043.7 26688.5 15972 15206.9 31447.2 6230.02 4742.82 3821.3 174.354 34.1177
threshold=5996.5250000000005 44765.000000000007 5.5000000000000009 15608.535 25753.525000000001 34860.650000000009 5.5000000000000009 36212.500000000007 36349.500000000007 38897.500000000007 19371.145 0.37641684494149125 35692.500000000007 32702.400000000005 1.0000000180025095e-35 18595.325000000008 39426.700000000004 6656.3000000000011 1.0000000180025095e-35 0.96916111109979297 37941.500000000007 33754.000000000007 5.5000000000000009 40926.200000000004 74.500000000000014 20378.675000000003 41612.30000000001 4752.5500000000011
decision_type=2 2 2 2 2 2 2 2 2 2 2 2 2 2 2 2 2 2 2 2 2 2 2 2 2 2 2 2
left_child=1 6 16 11 9 -6 7 12 -9 15 -11 21 -1 14 -13 -5 -3 -7 -15 -18 27 25 -23 -4 -22 -2 -25 -8
right_child=3 2 23 4 5 17 20 8 -10 10 -12 13 -14 18 -16 -17 19 -19 -20 -21 24 22 -24 26 -26 -27 -28 -29
leaf_value=6.3351384735107379 -6.6026008725166321 25.497182210286443 0.16513717174530021 -2.2630603614400644 8.871200103759767 1.9006767107890203 -1.0010275125503538 16.134835586547851 4.4629827477715232 -9.8437355041503913 -2.3764508339074943 -1.6101100444793688 -0.023058959491112654 -4.8377035388723018 -8.8010638809204096 -0.7157682173161044 33.517126464843756 0.24617575473178213 -1.584460650790821 27.987152608235672 -0.065898080666859912 -7.9041088485717781 -3.0476284027099609 2.9929917907714851 2.1769261446866124 -8.2098584233498091 2.550105476379394 -1.2075392723083493
leaf_weight=5.0000000000000027 3.9999999999999991 3.0000000000000009 3.0000000000000009 61 4.9999999999999991 39 4 9.9999999999999982 77 5.9999999999999991 39 4.0000000000000027 17 20 14.999999999999998 216 7.9999999999999982 214 11.000000000000002 3 3.0000000000000009 9.9999999999999982 4.9999999999999991 4.9999999999999982 10.999999999999998 49 4 4
leaf_count=5 4 3 3 61 5 39 4 10 77 6 39 4 17 20 15 216 8 214 11 3 3 10 5 5 11 49 4 4
internal_value=-0.050758 6.40412 17.4712 -1.50264 -0.471091 0.663426 4.2076 4.92002 5.80458 -1.38011 -3.37209 -6.57299 1.42199 -5.05279 -7.28718 -1.05651 30.6136 0.501217 -3.68333 32.009 0.677919 -7.69077 -6.28528 2.1384 1.69632 -8.08856 2.79615 -1.10428
internal_weight=855 157 26 698 580 258 131 109 87 322 45 118 22 50 19 277 14 253 31 11 22 68 15 12 14 53 9 8
internal_count=855 157 26 698 580 258 131 109 87 322 45 118 22 50 19 277 14 253 31 11 22 68 15 12 14 53 9 8
is_linear=0
shrinkage=0.05


Tree=13
num_leaves=27
num_cat=0
split_feature=2 4 7 3 3 0 7 4 4 3 4 8 4 3 4 4 0 2 3 3 0 8 0 4 0 6
split_gain=2.66762e+06 1.55739e+06 1.91963e+06 1.06224e+06 167564 130460 129688 244275 119167 98543.1 97752.7 89997.4 35771.8 40015.4 34084.8 51104.6 31236.7 22845.5 22700.8 20719.7 17615.1 7553.51 7305.27 4372.02 2517.37 190.805
threshold=6692.4900000000007 44765.000000000007 5.5000000000000009 0.51365643039762765 0.38123016601606535 41289.150000000001 2.5000000000000004 36349.500000000007 35865.000000000007 0.6273777596857949 37657.000000000007 4.5000000000000009 36520.000000000007 0.56239642978520965 43067.500000000007 38897.500000000007 34044.80000000001 23709.560000000001 0.44116268026255934 0.96916111109979297 39783.55000000001 4.5000000000000009 40926.200000000004 33155.000000000007 39602.700000000004 75.500000000000014
decision_type=2 2 2 2 2 2 2 2 2 2 2 2 2 2 2 2 2 2 2 2 2 2 2 2 2 2
left_child=1 5 19 4 16 6 7 -1 18 12 -8 -10 21 -14 15 -11 23 -18 -6 24 -16 -5 -4 -2 -3 -24
right_child=3 2 22 9 8 -7 10 -9 11 14 -12 -13 13 -15 20 -17 17 -19 -20 -21 -22 -23 25 -25 -26 -27
leaf_value=8.5094521434218802 -8.0972322387695321 29.887382507324233 -0.078947460651397683 -1.1970315691402982 -3.6925571262836456 13.763277943929038 0.13574440725320994 2.8997605883556865 -7.9314739772251661 0.25428960476372697 3.6946244034171105 -0.46738126277923586 -4.6945558945337931 -1.6764113424754727 -0.042824977636337282 -1.3762732536105788 -3.5346388671133258 -8.5728785196940116 -1.5577600484544583 26.361425781249984 4.0209314346313478 -0.2595232830893609 2.8257093906402582 -7.2085343391664569 31.61852852957589 2.298208045959472
leaf_weight=27 25 2.9999999999999982 4 70 20 2.9999999999999991 43 69 21.000000000000004 259 35 4.9999999999999991 14.999999999999998 41 3.9999999999999991 59 8.9999999999999982 2.9999999999999991 33 3.0000000000000009 7.9999999999999991 31 4 31 7 3
leaf_count=27 25 3 4 70 20 3 43 69 21 259 35 5 15 41 4 59 9 3 33 3 8 31 4 31 7 3
internal_value=0.0267338 5.04595 16.9982 -1.56453 -5.28967 3.4253 3.24705 4.47749 -3.72348 -0.440106 1.73268 -6.49607 -1.47127 -2.48484 0.0504759 -0.0482362 -7.1092 -4.7942 -2.36334 30.0059 2.66635 -0.909282 1.62561 -7.60527 31.0992 2.59964
internal_weight=835 201 24 634 147 177 174 96 79 487 78 26 157 56 330 318 68 12 53 13 12 101 11 56 10 7
internal_count=835 201 24 634 147 177 174 96 79 487 78 26 157 56 330 318 68 12 53 13 12 101 11 56 10 7
is_linear=0
shrinkage=0.05


Tree=14
num_leaves=29
num_cat=0
split_feature=2 4 7 1 8 4 1 1 0 4 4 0 4 4 1 8 0 4 1 4 1 4 1 3 0 2 4 0
split_gain=2.70633e+06 1.27757e+06 1.79852e+06 1.26767e+06 292614 308709 179014 156471 114301 110128 98627.7 118473 88511.1 249606 98781.6 60604.9 39500.6 33108.4 40107.6 32607.1 22009.5 40236.8 19114.3 14967.9 5902.2 2227.43 1922.48 159.333
threshold=5502.3300000000008 44765.000000000007 5.5000000000000009 17442.845000000005 4.5000000000000009 37941.500000000007 25753.525000000001 14239.130000000001 39855.750000000007 35987.500000000007 37332.500000000007 35109.80000000001 37332.500000000007 36212.500000000007 37225.555000000008 4.5000000000000009 39426.700000000004 38897.500000000007 20424.125000000004 43067.500000000007 10692.735000000001 34732.500000000007 21733.095000000005 0.96916111109979297 40926.200000000004 18836.300000000003 29177.500000000004 41612.30000000001
decision_type=2 2 2 2 2 2 2 2 2 2 2 2 2 2 2 2 2 2 2 2 2 2 2 2 2 2 2 2
left_child=1 4 16 7 12 -6 17 20 -7 25 11 -8 13 -1 -14 -11 -3 22 -19 -12 26 -22 -5 -18 -4 -9 -2 -26
right_child=3 2 24 6 5 8 10 9 -10 15 19 -13 14 -15 -16 -17 23 18 -20 -21 21 -23 -24 -25 27 -27 -28 -29
leaf_value=-0.31432950024027378 -7.7202110767364509 22.727953592936188 -0.031145175298054995 -1.2675414398844753 20.649235725402832 2.5442510366439826 9.0413106918334964 -1.0892826528711754 13.988439941406249 -6.888919539678664 -0.8071462894148298 1.2414830093770415 0.86692284463449976 7.5668245138945416 10.251012420654298 -0.76378172278404244 30.391167831420905 -6.5695254325866701 -1.7437318096277228 1.9675440162420275 -4.3703606344759462 -7.4976254913542011 -0.37633994522003028 26.645178604125974 2.7178817939758311 -1.9361392676830294 -7.0523560794917017 2.2945023059844969
leaf_weight=15.999999999999998 15.999999999999998 3.0000000000000009 3.0000000000000009 112 4.9999999999999991 7.9999999999999982 4.9999999999999991 22 3 21.000000000000004 90 185 43 27 2.9999999999999991 4.9999999999999991 7.9999999999999982 4.9999999999999991 31 11.999999999999998 24 18 130 4 4.9999999999999982 11.999999999999998 33 4
leaf_count=16 16 3 3 112 5 8 5 22 3 21 90 185 43 27 3 5 8 5 31 12 24 18 130 4 5 12 33 4
internal_value=0.0348348 6.61696 16.3173 -1.17022 4.12258 10.3478 -0.0911296 -5.24358 5.66539 -3.2614 0.773453 1.44674 3.00343 4.6343 1.47893 -5.71101 27.8596 -0.999252 -2.41398 -0.480712 -6.55052 -5.71062 -0.788797 29.1425 1.8895 -1.38817 -7.27043 2.52971
internal_weight=853 132 27 721 105 16 570 151 11 60 292 190 89 43 46 26 15 278 36 102 91 42 242 12 12 34 49 9
internal_count=853 132 27 721 105 16 570 151 11 60 292 190 89 43 46 26 15 278 36 102 91 42 242 12 12 34 49 9
is_linear=0
shrinkage=0.05


Tree=15
num_leaves=30
num_cat=0
split_feature=2 1 4 7 8 3 0 1 4 4 1 4 2 8 4 7 0 0 7 4 2 3 0 2 2 3 0 0 0
split_gain=2.10395e+06 948040 879173 1.357e+06 231174 228414 497618 138547 124904 614979 115515 104242 68496.9 60701.5 37962.6 39607.8 34818.8 32544.7 152637 25699.5 18663.8 15788.1 14868.2 12192.9 9034.96 5576.37 5413.24 756.077 216.373
threshold=6272.9650000000011 17204.290000000005 44765.000000000007 5.5000000000000009 4.5000000000000009 0.86716417489869835 38972.950000000004 13238.220000000003 36349.500000000007 36212.500000000007 26058.905000000002 36520.000000000007 4152.8550000000005 4.5000000000000009 38897.500000000007 4.5000000000000009 32780.30000000001 34860.650000000009 2.5000000000000004 43067.500000000007 8618.8650000000016 0.96916111109979297 34290.200000000004 20705.495000000003 22710.645000000004 0.85681473504259775 40967.30000000001 40295.30000000001 41612.30000000001
decision_type=2 2 2 2 2 2 2 2 2 2 2 2 2 2 2 2 2 2 2 2 2 2 2 2 2 2 2 2 2
left_child=2 7 4 21 8 25 -7 22 9 -1 14 16 -10 -13 20 -16 -9 18 -12 -19 -3 27 23 -2 -24 -6 -5 -4 -28
right_child=1 10 3 26 5 6 -8 11 12 -11 17 13 -14 -15 15 -17 -18 19 -20 -21 -22 -23 24 -25 -26 -27 28 -29 -30
leaf_value=1.1374328552612238 -4.7461053098951069 3.1104239145914718 27.128897094726558 -0.050708246231079071 3.6855286598205548 30.679187520345053 6.800595760345459 -4.4134648909935583 3.2397355465590958 15.090096491033382 12.0674680074056 -7.6694409426520842 0.47590652470495187 -0.82362888287752867 -1.6845194056630135 -5.6179418444633491 -1.415694654693729 0.23688802965744227 -3.8823191324869786 2.6141764859358472 -0.85790171912560875 23.503124745686836 -6.0596917788187667 -6.953197084443044 -2.1791942914326983 1.1808502674102781 2.699840354919433 28.132940063476561 2.1797771930694578
leaf_weight=28 6.9999999999999991 2.9999999999999991 3 3.0000000000000009 5.0000000000000018 2.9999999999999991 7.9999999999999991 12.999999999999998 40 10.999999999999998 2.9999999999999991 17.000000000000004 51 3.9999999999999991 32 7.9999999999999991 38 216 3 11.999999999999998 240 3.0000000000000009 2.9999999999999991 59 3 4 4 5 4
leaf_count=28 7 3 3 3 5 3 8 13 40 11 3 17 51 4 32 8 38 216 3 12 240 3 3 59 3 4 4 5 4
internal_value=-0.0817816 -1.36361 4.8443 14.1785 3.47529 8.47967 13.3129 -4.95156 2.70538 5.0728 -0.364255 -3.40065 1.69078 -6.36548 -1.04386 -2.4712 -2.17983 0.457664 4.09257 0.362008 -0.80891 26.5964 -6.50247 -6.71911 -4.11944 2.57234 1.76058 27.7564 2.43981
internal_weight=833 661 172 22 150 20 11 144 130 39 517 72 91 21 283 40 51 234 6 228 243 11 72 66 6 9 11 8 8
internal_count=833 661 172 22 150 20 11 144 130 39 517 72 91 21 283 40 51 234 6 228 243 11 72 66 6 9 11 8 8
is_linear=0
shrinkage=0.05


Tree=16
num_leaves=28
num_cat=0
split_feature=2 3 4 7 8 6 3 3 0 7 4 8 5 4 4 3 4 0 7 3 2 6 0 8 3 0 0
split_gain=1.94299e+06 885801 675052 1.14011e+06 302406 383963 138859 91008.5 84748.5 108714 74074.6 75854.9 39780.5 27402.8 44202.6 41538.8 25902.7 24418.2 24407.6 20014.6 14985 14312.5 7424.63 5747.05 4232.36 1755.9 734.406
threshold=6146.0100000000011 0.51365643039762765 44765.000000000007 5.5000000000000009 4.5000000000000009 78.500000000000014 0.38123016601606535 0.65799883685565375 41477.250000000007 2.5000000000000004 35865.000000000007 4.5000000000000009 18.500000000000004 37332.500000000007 43067.500000000007 0.8038187637302725 34905.000000000007 33718.30000000001 5.5000000000000009 0.56239642978520965 20854.845000000005 77.500000000000014 40967.30000000001 4.5000000000000009 0.36871870621108993 39989.700000000004 41688.200000000004
decision_type=2 2 2 2 2 2 2 2 2 2 2 2 2 2 2 2 2 2 2 2 2 2 2 2 2 2 2
left_child=2 6 4 21 8 12 17 16 9 -1 20 -12 -6 15 -15 -9 23 24 -19 -18 -8 25 -5 -3 -2 -4 -24
right_child=1 7 3 22 5 -7 10 13 -10 -11 11 -13 -14 14 -16 -17 19 18 -20 -21 -22 -23 26 -25 -26 -27 -28
leaf_value=3.9898177049060664 -6.4664886911710102 -0.90509689835210649 25.772451782226558 -0.095891034603118874 2.618207597732543 21.424926948547366 -1.7661037170886993 0.21581383422228764 11.03065242767334 0.91227685207670395 -6.5454227360812087 -0.20301709473133089 7.9487458365304127 -0.73421479842066772 2.477317550281684 1.8889990160439876 -2.8305194532153788 -5.6666656922548997 -1.9272148370742799 -1.2401195579283948 -4.6369521330296992 22.559062449137365 3.2382884979248043 -0.13137127285202344 -7.8750049591064455 27.37266464233398 2.1319383621215815
leaf_weight=60 48 48 3 4 7.0000000000000018 4.9999999999999991 50 176 2.9999999999999991 55 22.000000000000004 5.9999999999999991 7 100 11.999999999999998 47 27 16.000000000000004 5.9999999999999991 74 4.9999999999999991 3 3 48 5.9999999999999991 4 3
leaf_count=60 48 48 3 4 7 5 50 176 3 55 22 6 7 100 12 47 27 16 6 74 5 3 3 48 6 4 3
internal_value=-0.091377 -1.2322 4.92969 13.5106 3.677 9.53123 -4.50678 -0.253517 2.73437 2.51795 -3.09286 -5.18634 5.28348 0.247978 -0.390122 0.568458 -1.10631 -6.05094 -4.64682 -1.66528 -2.02709 25.4485 1.57271 -0.518234 -6.62299 26.6869 2.68511
internal_weight=848 691 157 20 137 19 159 532 118 115 83 28 14 335 112 223 197 76 22 101 55 10 10 96 54 7 6
internal_count=848 691 157 20 137 19 159 532 118 115 83 28 14 335 112 223 197 76 22 101 55 10 10 96 54 7 6
is_linear=0
shrinkage=0.05


end of trees

feature_importances:
total_load=99
thermal_on_capacity=79
net_load=65
thermal_space_load_ratio=48
renewable_power=47
weekday=47
month=36
period=28
hour=6
is_weekend=1

parameters:
[boosting: gbdt]
[objective: regression]
[metric: rmse]
[tree_learner: serial]
[device_type: cpu]
[data_sample_strategy: bagging]
[data: ]
[valid: ]
[num_iterations: 400]
[learning_rate: 0.05]
[num_leaves: 31]
[num_threads: 0]
[seed: 42]
[deterministic: 0]
[force_col_wise: 0]
[force_row_wise: 0]
[histogram_pool_size: -1]
[max_depth: 5]
[min_data_in_leaf: 3]
[min_sum_hessian_in_leaf: 0.001]
[bagging_fraction: 0.85]
[pos_bagging_fraction: 1]
[neg_bagging_fraction: 1]
[bagging_freq: 1]
[bagging_seed: 400]
[bagging_by_query: 0]
[feature_fraction: 0.85]
[feature_fraction_bynode: 1]
[feature_fraction_seed: 30056]
[extra_trees: 0]
[extra_seed: 12879]
[early_stopping_round: 0]
[early_stopping_min_delta: 0]
[first_metric_only: 0]
[max_delta_step: 0]
[lambda_l1: 0]
[lambda_l2: 0]
[linear_lambda: 0]
[min_gain_to_split: 0]
[drop_rate: 0.1]
[max_drop: 50]
[skip_drop: 0.5]
[xgboost_dart_mode: 0]
[uniform_drop: 0]
[drop_seed: 17869]
[top_rate: 0.2]
[other_rate: 0.1]
[min_data_per_group: 100]
[max_cat_threshold: 32]
[cat_l2: 10]
[cat_smooth: 10]
[max_cat_to_onehot: 4]
[top_k: 20]
[monotone_constraints: ]
[monotone_constraints_method: basic]
[monotone_penalty: 0]
[feature_contri: ]
[forcedsplits_filename: ]
[refit_decay_rate: 0.9]
[cegb_tradeoff: 1]
[cegb_penalty_split: 0]
[cegb_penalty_feature_lazy: ]
[cegb_penalty_feature_coupled: ]
[path_smooth: 0]
[interaction_constraints: ]
[verbosity: -1]
[saved_feature_importance_type: 0]
[use_quantized_grad: 0]
[num_grad_quant_bins: 4]
[quant_train_renew_leaf: 0]
[stochastic_rounding: 1]
[linear_tree: 0]
[max_bin: 255]
[max_bin_by_feature: ]
[min_data_in_bin: 3]
[bin_construct_sample_cnt: 200000]
[data_random_seed: 175]
[is_enable_sparse: 1]
[enable_bundle: 1]
[use_missing: 1]
[zero_as_missing: 0]
[feature_pre_filter: 1]
[pre_partition: 0]
[two_round: 0]
[header: 0]
[label_column: ]
[weight_column: ]
[group_column: ]
[ignore_column: ]
[categorical_feature: ]
[forcedbins_filename: ]
[precise_float_parser: 0]
[parser_config_file: ]
[objective_seed: 16083]
[num_class: 1]
[is_unbalance: 0]
[scale_pos_weight: 1]
[sigmoid: 1]
[boost_from_average: 1]
[reg_sqrt: 0]
[alpha: 0.9]
[fair_c: 1]
[poisson_max_delta_step: 0.7]
[tweedie_variance_power: 1.5]
[lambdarank_truncation_level: 30]
[lambdarank_norm: 1]
[label_gain: ]
[lambdarank_position_bias_regularization: 0]
[eval_at: ]
[multi_error_top_k: 1]
[auc_mu_weights: ]
[num_machines: 1]
[local_listen_port: 12400]
[time_out: 120]
[machine_list_filename: ]
[machines: ]
[gpu_platform_id: -1]
[gpu_device_id: -1]
[gpu_use_dp: 0]
[num_gpu: 1]

end of parameters

pandas_categorical:[]
