tree
version=v4
num_class=1
num_tree_per_iteration=1
label_index=0
max_feature_idx=10
objective=regression
feature_names=total_load net_load renewable_power thermal_space_load_ratio thermal_on_capacity hour period weekday month is_weekend is_holiday
feature_infos=[29619.200000000001:38496.699999999997] [7278.0699999999997:35657.659999999996] [1434.76:23448.130000000001] [0.23686853564710245:0.96085206700191261] [27170:44840] [0:7] [1:32] [0:6] [3:4] [0:1] none
tree_sizes=2453 2529 2524 2707 2501 2709 2616 2612 2513 2521 2595

Tree=0
num_leaves=28
num_cat=0
split_feature=2 2 4 7 2 1 6 0 2 7 4 1 0 2 1 4 1 6 4 2 0 4 0 1 5 6 0
split_gain=2.58226e+06 946884 677384 403637 307825 215127 165711 230987 144126 147451 138927 93732.4 123772 87841.1 65840.5 62113 40975.5 30715.2 16999.9 16694.1 14264.4 6058.25 6380.21 5891.45 4844.22 4802 631.04
threshold=6308.1500000000005 17323.190000000006 35865.000000000007 1.5000000000000002 12246.830000000002 29233.730000000007 11.500000000000002 32251.250000000004 5312.3900000000003 2.5000000000000004 36337.500000000007 16280.920000000004 32554.100000000002 3391.9050000000002 21929.260000000002 36337.500000000007 30511.625000000004 29.500000000000004 37332.500000000007 4630.5300000000007 30711.950000000001 43067.500000000007 38258.950000000004 29965.165000000005 6.5000000000000009 15.500000000000002 33220.250000000007
decision_type=2 2 2 2 2 2 2 2 2 2 2 2 2 2 2 2 2 2 2 2 2 2 2 2 2 2 2
left_child=2 4 3 6 10 19 7 -1 9 13 14 12 -6 -4 -2 -13 -11 -3 -12 -5 -19 24 -23 -7 -10 -8 -22
right_child=1 17 8 5 11 23 25 -9 21 16 18 15 -14 -15 -16 -17 -18 20 -20 -21 26 22 -24 -25 -26 -27 -28
leaf_value=331.2693180082465 310.08777165046837 302.63981742841253 314.49931760207812 313.57884148171365 306.62216276196602 315.15989725122927 318.16931749962021 318.85998410525173 310.35717807101457 310.87934414312667 309.81901738970896 309.19292879435778 295.93598416628686 312.62096170910212 311.53350790136824 307.47367025476018 312.12413464521222 299.6546088534817 308.968775980224 312.60641446416406 295.93598416628686 307.93598416628686 310.8526510236884 315.837493577217 311.72884149987891 316.53598416628688 296.78631731651473
leaf_weight=5.9999999999999991 134 3.0000000000000027 96 84 28.000000000000004 46 6.0000000000000027 9.9999999999999982 80 107 106 135 2.9999999999999991 177 191 86 173 3.9999999999999991 132 93 7.9999999999999982 5 3 106 6.9999999999999991 18 3
leaf_count=3 131 3 53 42 28 23 3 5 79 105 106 134 3 109 153 86 107 4 132 49 8 5 2 53 4 9 3
internal_value=311.429 309.365 313.119 314.829 309.615 314.253 319.572 323.513 312.146 312.455 310.265 308.163 305.588 313.281 310.937 308.524 311.648 298.021 309.347 313.068 297.098 310.346 309.03 315.632 310.468 316.944 296.168
internal_weight=1850 833 1017 369 815 329 40 16 648 553 563 252 31 273 325 221 280 18 238 177 15 95 8 152 87 24 11
internal_count=1442 791 651 187 773 167 20 8 464 374 522 251 31 162 284 220 212 18 238 91 15 90 7 76 83 12 11
is_linear=0
shrinkage=1


Tree=1
num_leaves=28
num_cat=0
split_feature=3 2 7 3 3 0 2 8 8 1 8 6 0 2 1 1 1 5 6 6 1 7 0 5 1 7 0
split_gain=2.69996e+06 925764 394896 494919 1.57405e+06 626516 388777 121157 101328 160695 75665.2 70555.4 158037 66018.2 89834.9 50320.9 49148 37838 37169.5 28287.8 26190.3 15864.4 13448 10584.4 5799.78 4878.22 166.897
threshold=0.84997994917249364 17323.190000000006 1.5000000000000002 0.8603277489753236 0.85934008924100536 32037.000000000004 12076.415000000003 3.5000000000000004 3.5000000000000004 27368.295000000002 3.5000000000000004 22.500000000000004 33553.950000000004 2137.6250000000005 29605.34 19620.295000000002 15959.440000000001 2.5000000000000004 22.500000000000004 29.500000000000004 33553.600000000006 2.5000000000000004 30711.950000000001 1.0000000180025095e-35 27141.045000000006 5.5000000000000009 32322.400000000005
decision_type=2 2 2 2 2 2 2 2 2 2 2 2 2 2 2 2 2 2 2 2 2 2 2 2 2 2 2
left_child=1 6 3 4 17 -6 8 20 24 -10 15 23 -13 18 -15 -8 -12 -2 -9 -3 21 -4 -21 -5 -1 -22 -24
right_child=2 19 7 11 5 -7 10 13 9 -11 16 12 -14 14 -16 -17 -18 -19 -20 22 25 -23 26 -25 -26 -27 -28
leaf_value=-2.8945177831147846 1.9948872906821116 -8.4281578063964755 -2.4563606500625612 2.9856896718343098 8.3695342254638643 24.755717539787295 -11.848055140177395 0.66325678883814343 -0.99188859135845397 1.1138910488826093 -4.8058759416852688 9.0950343322753913 2.1010308759553094 1.5936656558182505 3.2691780256728329 -4.9252909160795673 -2.5719293567479831 4.6372363471984865 4.2025337219238281 -11.264105510711671 2.3687932968139651 -0.10934530761506822 -14.796798706054691 0.78315282384554541 -2.0942157847540721 0.96879329340798526 -14.391932296752927
leaf_weight=38 42 3.0000000000000027 7.9999999999999991 5.9999999999999991 10.000000000000002 13.999999999999998 3.0000000000000027 102 591 107 28 9.9999999999999982 42 180 144 21 204 20 7.9999999999999991 3.9999999999999991 7.9999999999999991 72 6.9999999999999982 60 56 28 4
leaf_count=38 24 3 8 3 5 8 3 71 543 67 28 5 22 104 74 21 204 10 4 4 4 62 7 35 56 15 4
internal_value=0.00239663 -1.61725 2.29224 4.17109 7.05588 17.9281 -1.42414 1.59536 -0.876626 -0.669083 -3.11802 2.06862 3.44603 1.97902 2.33834 -5.79064 -2.84154 2.84726 0.920659 -12.8603 0.159938 -0.344047 -13.7468 0.983383 -2.41774 1.2799 -14.6496
internal_weight=1820 1066 754 204 86 24 1048 550 792 698 256 118 52 434 324 24 232 62 110 18 116 80 15 66 94 36 11
internal_count=1432 978 454 112 47 13 960 342 704 610 256 65 27 253 178 24 232 34 75 18 89 70 15 38 94 19 11
is_linear=0
shrinkage=0.05


Tree=2
num_leaves=28
num_cat=0
split_feature=3 2 4 7 6 0 2 1 4 3 4 3 2 4 1 2 1 4 6 0 2 3 4 4 3 0 6
split_gain=2.37178e+06 844272 749451 817798 938870 738676 265193 157069 122546 87982.7 113074 155474 68448.2 65472.4 56572.4 45955 21013.1 18321 16666.1 12582.8 11572.3 11496 9301.71 6341.12 4178.12 677.929 37.7854
threshold=0.82372581282952828 17323.190000000006 35865.000000000007 1.5000000000000002 10.500000000000002 32593.950000000004 12076.415000000003 29233.730000000007 36337.500000000007 0.85137602604022022 37487.500000000007 0.89898427155249905 7066.9150000000009 40910.000000000007 15959.440000000001 13841.540000000003 31688.795000000006 37332.500000000007 3.5000000000000004 30711.950000000001 4630.5300000000007 0.85934008924100536 43067.500000000007 36767.500000000007 0.89217474239192585 33220.250000000007 30.500000000000004
decision_type=2 2 2 2 2 2 2 2 2 2 2 2 2 2 2 2 2 2 2 2 2 2 2 2 2 2 2
left_child=1 6 3 4 5 -2 8 20 12 18 11 -11 -1 14 -8 -15 -12 -10 23 -3 -5 -6 -20 -4 -9 26 -21
right_child=2 19 9 7 21 -7 13 24 17 10 16 -13 -14 15 -16 -17 -18 -19 22 25 -22 -23 -24 -25 -26 -27 -28
leaf_value=1.0347041039239793 30.513519287109382 -10.336191813151043 2.619851875305176 1.8717611869176229 4.4957003275553387 7.3053821563720689 -5.0149218444824228 3.2454585520426438 -1.4477769847526107 1.0742130734332622 -0.14561317588420625 4.4647811196067115 -0.79559075322140149 -4.7120102129484476 -2.4981899416617801 -11.371031824747723 0.69919083745448629 -2.2695762407529605 -0.87997287184000017 -14.274834187825526 0.99964894415840266 6.6843074798583988 -3.3506505966186526 0.18165601491928102 3.9040889302238093 -13.269385782877604 -14.062743050711497
leaf_weight=63 7.9999999999999982 2.9999999999999991 3.9999999999999991 96 24 6 25 30 129 146 141 44 270 19.000000000000004 209 2.9999999999999991 154 143 80 2.9999999999999982 63 7.9999999999999991 3.9999999999999991 7.9999999999999991 122 2.9999999999999991 7
leaf_count=35 4 3 2 48 12 3 25 15 128 89 114 22 250 19 209 3 94 143 77 3 32 4 4 6 61 3 7
internal_value=-0.00548173 -1.87475 1.74222 3.54521 9.76765 20.5672 -1.66327 2.62485 -1.09246 0.634357 0.908102 1.8594 -0.449319 -3.01225 -2.76707 -5.62006 0.295403 -1.87983 -0.748623 -13.255 1.52621 5.04285 -0.997624 0.994388 3.7741 -13.9286 -14.1264
internal_weight=1815 877 938 357 46 14 861 311 605 581 485 190 333 256 234 22 295 272 96 16 159 32 84 12 152 13 10
internal_count=1415 828 587 179 23 7 812 156 556 408 319 111 285 256 234 22 208 271 89 16 80 16 81 8 76 13 10
is_linear=0
shrinkage=0.05


Tree=3
num_leaves=30
num_cat=0
split_feature=3 2 4 7 6 0 2 4 4 1 2 1 2 4 4 4 4 2 1 4 3 1 4 3 0 0 1 3 6
split_gain=2.06868e+06 672919 589281 682284 563959 871749 300899 150523 126117 193820 94532 79150.5 70841.8 66011.9 51183.4 44002.9 42129.1 41700.6 39491.9 36896.6 21215.6 11197.3 9590.83 7495.28 6892.17 6536.3 4861.61 3855.18 3576.41
threshold=0.84997994917249364 16605.145000000004 35865.000000000007 1.5000000000000002 11.500000000000002 32251.250000000004 12076.415000000003 36337.500000000007 37487.500000000007 30113.505000000005 7066.9150000000009 29233.730000000007 17323.190000000006 40910.000000000007 37162.000000000007 36384.500000000007 37332.500000000007 13841.540000000003 17891.650000000001 36337.500000000007 0.88045730638140773 33844.970000000008 34325.000000000007 0.42781647756741964 36217.850000000013 31068.250000000004 30272.505000000005 0.85965494133715092 31.500000000000004
decision_type=2 2 2 2 2 2 2 2 2 2 2 2 2 2 2 2 2 2 2 2 2 2 2 2 2 2 2 2 2
left_child=1 6 3 4 5 -2 7 10 9 15 -1 22 19 18 -11 -4 -9 -15 -8 28 24 -22 -5 25 -10 -14 -13 -6 -3
right_child=2 12 8 11 27 -7 13 16 20 14 -12 26 23 17 -16 -17 -18 -19 -20 -21 21 -23 -24 -25 -26 -27 -28 -29 -30
leaf_value=0.85986517643768523 28.832726287841798 -5.173401578267411 -0.11188025020417713 1.5365983630335609 4.4193398952484122 5.4908544063568119 -3.2770473342580893 -1.049389684200287 -1.2741888761520386 3.778890736897786 -0.6914879312635297 3.2896060334311592 -10.511251449584961 -4.5005080631801055 8.3969436645507809 1.7333802488871983 -2.1342151947137786 -10.802480189005536 -1.922875013036176 -10.743898264567054 0.26046235896096442 1.1244346597920294 2.947786617279053 -9.9741226196289077 0.092891783373696468 -13.247948932647706 3.8791325288660392 5.9055086771647138 -2.7319496790568025
leaf_weight=149 7.9999999999999991 3.0000000000000018 42 86 16.000000000000004 7.9999999999999991 97 197 27 12 288 72 2.9999999999999991 21.000000000000004 12 140 164 2.9999999999999991 121 3 203 46 13.999999999999998 3.9999999999999991 13.999999999999998 7.9999999999999991 68 5.9999999999999991 3
leaf_count=90 4 3 34 43 8 4 97 189 27 6 265 36 3 21 6 74 164 3 120 3 146 23 7 4 10 8 34 3 3
internal_value=-0.0153597 -1.44604 1.95137 3.79417 10.0192 17.1618 -1.25503 -0.786679 0.918507 1.86449 -0.162537 2.80854 -9.7234 -2.79942 6.08792 1.30755 -1.54222 -5.28825 -2.52542 -6.21642 0.246535 0.420072 1.73416 -11.8276 -0.807381 -12.5016 3.57595 4.82466 -3.95268
internal_weight=1838 1064 774 278 38 16 1040 798 496 206 437 240 24 242 24 182 361 24 218 9 290 249 100 15 41 11 140 22 6
internal_count=1438 973 465 139 19 8 949 708 326 120 355 120 24 241 12 108 353 24 217 9 206 169 50 15 37 11 70 11 6
is_linear=0
shrinkage=0.05


Tree=4
num_leaves=28
num_cat=0
split_feature=3 2 2 8 7 2 5 1 2 8 1 1 8 1 1 5 2 1 0 0 1 1 7 5 0 6 1
split_gain=1.86596e+06 505290 213126 209378 274553 302891 1.77498e+06 108533 98103.8 61544 60072.7 54351.9 53132.2 44712.7 36895.1 34707.4 20150.5 9077.51 5848.15 9319.38 5031.96 3611.22 2530.73 1750.24 1319.49 297.452 141.36
threshold=0.82305416112697505 17323.190000000006 12143.395000000002 3.5000000000000004 1.5000000000000002 4556.5800000000008 1.5000000000000002 28275.465 2164.8250000000003 3.5000000000000004 15959.440000000001 15478.875 3.5000000000000004 27436.790000000005 31814.395000000004 4.5000000000000009 4489.7600000000011 33844.970000000008 33536.600000000013 31068.250000000004 30869.525000000005 24877.930000000004 1.0000000180025095e-35 5.5000000000000009 35064.400000000009 15.500000000000002 12165.085000000003
decision_type=2 2 2 2 2 2 2 2 2 2 2 2 2 2 2 2 2 2 2 2 2 2 2 2 2 2 2
left_child=1 2 9 14 5 6 -5 16 -9 21 11 -4 -12 -11 20 -7 -6 22 19 -3 24 -1 -16 -19 -2 -22 -21
right_child=3 18 10 4 7 15 -8 8 -10 13 12 -13 -14 -15 17 -17 -18 23 -20 26 25 -23 -24 -25 -26 -27 -28
leaf_value=-2.8952880410587087 -1.6018884840465728 -9.671956443786625 -3.8613052202307658 28.09956284761429 1.3221733507902727 0.92577642077830302 3.5006355193528265 0.68570668616537322 2.4229922360844083 -0.90439613517264883 -4.563067736992469 -9.6131551361083982 -2.1624008244481581 1.1136336639009674 -0.2947970089159514 3.6630755152021139 0.11805731847252646 0.77838272666931152 -9.1067044576009106 -12.502755546569823 -0.23326129684081437 -2.0805319070816042 0.36354640514131575 1.3761628826459251 -0.9878885841369629 -0.60719692707061768 -12.956793212890624
leaf_weight=17 21 3.9999999999999982 23.000000000000004 7.9999999999999991 46 67 88 118 261 513 26 4.9999999999999991 203 29 19 13.999999999999998 142 25 2.9999999999999991 4 13.000000000000002 68 63 24 14.999999999999998 8.9999999999999982 3
leaf_count=17 21 4 23 4 23 48 44 81 137 476 26 5 202 16 15 7 104 13 3 4 13 68 44 12 15 9 3
internal_value=-0.0119239 -1.6389 -1.48964 1.55401 1.93153 3.65064 5.55055 1.39488 1.8821 -0.992593 -2.70227 -4.88842 -2.43497 -0.79642 0.0679079 1.39889 0.412681 0.532746 -11.0635 -11.5972 -0.981985 -2.24348 0.211003 1.07117 -1.34606 -0.386235 -12.6973
internal_weight=1831 898 884 933 744 177 96 567 379 627 257 28 229 542 189 81 188 131 14 11 58 85 82 49 36 22 7
internal_count=1437 847 833 590 448 103 48 345 218 577 256 28 228 492 142 55 127 84 14 11 58 85 59 25 36 22 7
is_linear=0
shrinkage=0.05


Tree=5
num_leaves=30
num_cat=0
split_feature=3 2 4 7 6 5 2 4 4 3 3 2 0 4 0 3 0 4 4 2 2 0 3 3 4 6 0 0 0
split_gain=1.69055e+06 617658 569969 535157 459644 423890 204093 134214 84516.8 162449 81619.9 75781.1 48851.8 42871.6 42089.3 35323.8 33846.6 68951.8 33558.2 29494.5 16078.9 14731.7 18813.4 10154.9 7018.88 6533.55 5459.63 1531.04 432.871
threshold=0.84997994917249364 16234.405000000001 35865.000000000007 1.5000000000000002 10.500000000000002 1.0000000180025095e-35 12076.415000000003 36337.500000000007 37487.500000000007 0.89898427155249905 0.42781647756741964 7066.9150000000009 32322.400000000005 40910.000000000007 31954.800000000003 0.52846544513738303 33628.950000000004 36337.500000000007 37332.500000000007 4914.4950000000008 3124.1650000000004 36006.150000000001 0.88571079761678051 0.60443748163487543 42942.500000000007 14.500000000000002 31068.250000000004 31786.400000000005 33220.250000000007
decision_type=2 2 2 2 2 2 2 2 2 2 2 2 2 2 2 2 2 2 2 2 2 2 2 2 2 2 2 2 2
left_child=1 6 3 4 5 -2 7 11 9 19 26 -1 -11 15 27 -8 17 -12 -9 -4 -16 22 -10 -15 -23 -6 -3 -5 -28
right_child=2 10 8 14 25 -7 13 18 21 12 16 -13 -14 23 20 -17 -18 -19 -20 -21 -22 24 -24 -25 -26 -27 28 -29 -30
leaf_value=0.75020542578263727 6.2197500228881815 -9.5020905812581269 0.54138731988186528 0.80685457502092639 5.5931945800781229 21.661184508800506 -3.7018374356356532 -0.99630173764818797 -1.2230254570643107 2.5347459683051476 -4.8699681520462015 -0.6298028612370169 5.663008435567221 -7.2245605468749918 3.4920626592636115 -1.9191989890998231 -2.6535879898071291 -12.910013580322266 -1.9577902850314712 2.947593528883798 2.5410436267852785 1.2091630849573347 0.19183836012914035 -4.0942836962248155 0.3705446869134903 3.8758798387315538 -12.149443272181921 1.4400903765360515 -11.431583150227862
leaf_weight=154 8.0000000000000018 3.0000000000000027 141 13.999999999999998 8.0000000000000018 9.9999999999999982 33 196 27 26 8.0000000000000018 281 24 3.0000000000000027 80 176 4.9999999999999991 3.9999999999999991 169 13.999999999999998 100 45 181 19 56 18 6.9999999999999982 30 3
leaf_count=94 4 3 87 7 4 5 33 189 27 13 8 258 12 3 40 175 5 4 169 8 50 27 132 19 33 9 7 15 3
internal_value=-0.0182168 -1.31829 1.74569 3.61511 8.65639 14.7983 -1.1125 -0.734481 0.770976 1.55813 -8.3905 -0.141248 4.03631 -2.42167 2.62486 -2.20067 -6.10987 -7.54998 -1.44148 0.758722 2.96372 0.24875 0.00817815 -4.52114 0.744187 4.40428 -11.3729 1.23861 -11.9341
internal_weight=1843 1061 782 268 44 18 1031 800 514 205 30 435 50 231 224 209 17 12 365 155 180 309 208 22 101 26 13 44 10
internal_count=1443 970 473 134 22 9 940 710 339 120 30 352 25 230 112 208 17 12 358 95 90 219 159 22 60 13 13 22 10
is_linear=0
shrinkage=0.05


Tree=6
num_leaves=30
num_cat=0
split_feature=3 4 7 6 5 2 2 4 1 7 1 4 3 1 4 4 4 1 1 1 4 2 4 7 3 1 2 5 0
split_gain=1.61578e+06 579915 891125 895395 945317 527134 189208 131397 87850.8 71043.4 64492.1 61591.1 121903 47313.8 35097.6 32229.2 31580 34473.9 25926.6 18808.2 15424.7 8937.77 7830.63 5739.44 5603.42 4577.47 4194.33 3766.1 104.356
threshold=0.84997994917249364 35865.000000000007 1.5000000000000002 10.500000000000002 1.0000000180025095e-35 16605.145000000004 12625.740000000002 36337.500000000007 27606.705000000005 2.5000000000000004 29233.730000000007 42942.500000000007 0.89898427155249905 14876.490000000003 36337.500000000007 37332.500000000007 36337.500000000007 17341.815000000002 31688.795000000006 33484.110000000008 40910.000000000007 3153.2950000000005 36337.500000000007 4.5000000000000009 0.85934008924100536 29605.34 2207.3200000000002 3.5000000000000004 32322.400000000005
decision_type=2 2 2 2 2 2 2 2 2 2 2 2 2 2 2 2 2 2 2 2 2 2 2 2 2 2 2 2 2
left_child=5 2 3 4 -2 6 7 8 -1 11 27 12 -3 22 -15 -9 17 -8 21 -13 -18 -11 23 -7 -5 -12 -20 -4 -24
right_child=1 9 10 24 -6 13 16 15 -10 18 25 19 -14 14 -16 -17 20 -19 26 -21 -22 -23 28 -25 -26 -27 -28 -29 -30
leaf_value=-0.3473791479188949 5.9087624549865696 1.077740263656108 1.7067952019827708 3.7231515036688907 28.968273067474367 -8.0747616195678624 -2.9397422678330365 -0.96112245431480314 2.1386884628198088 0.078948639915103008 2.3175811343722876 -1.585243356929106 4.1027723030610517 -2.2235979557037355 -9.3779015223185205 -1.8992424672671728 -2.8495912229313571 -1.3025110231733872 1.1388035182769483 0.55353956864430354 -4.7293204380915723 -0.69874770798181229 -11.504993057250974 -10.841092427571612 5.3135349273681642 3.1717240536799198 0.49409686497279576 1.0645509090423584 -11.143821525573728
leaf_weight=400 8.0000000000000018 137 42 18.000000000000004 9.9999999999999982 5.0000000000000053 51 192 39 105 18 17 44 3.9999999999999991 3 175 68 87 52 26 12.999999999999998 57 4 3 7.9999999999999991 122 49 50 4
leaf_count=336 4 75 21 9 5 5 51 186 20 78 9 17 22 4 3 175 68 87 28 13 13 55 4 3 4 61 30 25 4
internal_value=0.0420196 1.79235 3.6234 10.1472 18.7196 -1.23231 -1.06434 -0.71023 -0.126521 0.75463 2.38612 1.409 1.81311 -8.71828 -5.28973 -1.40845 -2.36757 -1.90757 0.197299 -0.292026 -3.15128 -0.194685 -10.2183 -9.11214 4.2125 3.06191 0.826025 1.35775 -11.3244
internal_weight=1811 763 276 44 18 1048 1025 806 439 487 232 224 181 23 7 367 219 138 263 43 81 162 16 8 26 140 101 92 8
internal_count=1415 456 138 22 9 959 936 717 356 318 116 127 97 23 7 361 219 138 191 30 81 133 16 8 13 70 58 46 8
is_linear=0
shrinkage=0.05


Tree=7
num_leaves=29
num_cat=0
split_feature=3 2 8 7 3 5 2 1 7 0 8 6 8 5 1 1 0 2 0 2 1 3 6 7 7 7 1 0
split_gain=1.38881e+06 447743 155918 181398 250014 1.45881e+06 133825 92952.6 73117.9 62924.1 50631.9 45413 44330.8 37027.8 35906.3 33977.2 25031.2 19835.1 14658.3 25418.3 6496.56 4868.92 3651.44 3239.87 8452.76 1661.09 1148.87 1043.37
threshold=0.82205579247056526 16605.145000000004 3.5000000000000004 1.5000000000000002 0.85934008924100536 1.5000000000000002 12516.330000000002 28275.465 3.5000000000000004 33650.30000000001 3.5000000000000004 2.5000000000000004 3.5000000000000004 2.5000000000000004 31543.570000000003 19473.920000000002 31552.450000000004 4489.7600000000011 32322.400000000005 17323.190000000006 33723.625000000007 0.71866180326464002 27.500000000000004 2.5000000000000004 1.5000000000000002 3.5000000000000004 31122.015000000003 33220.250000000007
decision_type=2 2 2 2 2 2 2 2 2 2 2 2 2 2 2 2 2 2 2 2 2 2 2 2 2 2 2 2
left_child=1 6 14 4 13 -6 10 17 -9 18 21 -12 15 -4 23 -8 -14 -5 19 -3 22 -1 -16 24 -2 -22 -25 -20
right_child=2 9 3 7 5 -7 12 8 -10 -11 11 -13 16 -15 20 -17 -18 -19 27 -21 25 -23 -24 26 -26 -27 -28 -29
leaf_value=-2.6823299884796143 -0.81901275410371677 -4.1258436203002828 0.56034365360553451 1.1412359813849131 24.004706446329752 2.7448112383866921 -9.5417279561360555 2.2852673563302734 0.90061834511144212 -2.2971033573150637 0.98168265046300118 -0.83184891116561244 -2.784563565226617 2.7352450370788577 -0.074603035052617395 -3.7127319081624353 -1.6597047536391913 -0.042146678765614828 -11.536338043212892 -9.3180345361882981 0.55810942007945141 -1.7963137668112052 0.66305236244201671 -0.9609067650402292 -2.7899370431900015 1.0857161821637835 -0.34926451614924842 -10.30281295776367
leaf_weight=20 17 3.0000000000000062 65 48 8.9999999999999982 78 3.0000000000000027 204 179 3.9999999999999991 37 515 81 28 51 14.999999999999998 127 135 3.9999999999999991 10.999999999999998 26 69 25 17.000000000000004 8.0000000000000018 35 13.999999999999998 3
leaf_count=20 17 3 48 24 5 39 3 106 117 4 28 477 81 14 41 15 127 104 4 11 13 69 15 17 8 18 14 3
internal_value=-0.034944 -1.4478 1.3072 1.63491 3.01748 4.94411 -1.25758 1.19522 1.63813 -8.04472 -0.888724 -0.71029 -2.30375 1.21515 0.0404903 -4.68423 -2.09775 0.268249 -9.13951 -8.20542 0.476514 -1.99542 0.168047 -1.02621 -1.44971 0.860835 -0.684681 -11.0077
internal_weight=1831 892 939 746 180 87 867 566 383 25 641 552 226 93 193 18 208 183 21 14 137 89 76 56 25 61 31 7
internal_count=1445 845 600 457 106 44 820 351 223 25 594 505 226 62 143 18 208 128 21 14 87 89 56 56 25 31 31 7
is_linear=0
shrinkage=0.05


Tree=8
num_leaves=28
num_cat=0
split_feature=3 4 7 5 0 1 2 4 4 3 1 1 0 5 4 2 3 3 1 2 1 4 5 2 3 2 0
split_gain=1.3576e+06 506016 663674 745423 1.02068e+06 448219 171320 102482 68422.3 150921 63502.2 52524.6 44409.5 42530.5 33635.6 31315.3 27256.5 27053.9 26212.7 21603.1 17660.7 14625.1 10263.4 9260.94 5805.96 4774.35 4252.98
threshold=0.84997994917249364 35865.000000000007 1.5000000000000002 1.5000000000000002 32593.950000000004 14562.510000000004 12076.415000000003 36337.500000000007 37487.500000000007 0.89898427155249905 21929.260000000002 29605.34 32322.400000000005 2.5000000000000004 36337.500000000007 4914.4950000000008 0.50327564168261107 0.83411039375094453 17706.625000000004 17323.190000000006 31688.795000000006 42942.500000000007 3.5000000000000004 4019.2700000000004 0.42781647756741964 4172.5900000000011 31068.250000000004
decision_type=2 2 2 2 2 2 2 2 2 2 2 2 2 2 2 2 2 2 2 2 2 2 2 2 2 2 2
left_child=5 2 3 4 -2 19 7 10 9 15 -7 22 -11 -5 18 -3 -16 -9 -8 -1 23 -22 -4 -10 26 -13 -21
right_child=1 8 11 13 -6 6 14 17 20 12 -12 25 -14 -15 16 -17 -18 -19 -20 24 21 -23 -24 -25 -26 -27 -28
leaf_value=-4.6477118174234979 30.113529777526864 0.37722905618173108 1.9424122040088361 7.7461386680603033 2.8327069362004593 -1.042470284500195 -2.4017962374006001 -1.4340614936603144 -0.021909223754297602 2.1105516815185545 0.27569283610148149 3.0423231541026725 5.2444517135620119 3.5365013281504312 -6.9071960926055915 2.9466829703404356 -2.6919876539579004 -0.17058067157560466 -1.1020246254986732 -8.1112409591674712 1.0703113200798842 0.1128383110512744 0.97503309825371065 -1.0129797325531642 -7.5840224742889406 1.9920071601867677 -10.257725830078126
leaf_weight=3.0000000000000027 7.9999999999999982 135 52 7.9999999999999991 6 131 70 313 110 20 302 110 26 24 3.9999999999999991 12.999999999999998 93 49 87 3.0000000000000027 71 91 58 30 3.9999999999999991 11.999999999999998 9.9999999999999982
leaf_count=3 4 84 26 4 3 127 70 312 84 10 226 55 13 12 4 7 93 42 87 3 39 61 29 30 4 6 10
internal_value=0.00999858 1.60482 3.31247 8.7989 18.4217 -1.14471 -1.00335 -0.642169 0.647703 1.38041 -0.123105 2.22464 3.88189 4.58891 -2.1338 0.602924 -2.86581 -1.26304 -1.68154 -8.55951 0.177023 0.532472 1.43234 -0.234281 -9.24983 2.93901 -9.76238
internal_weight=1843 774 278 46 14 1069 1049 795 496 194 433 232 46 32 254 148 97 362 157 20 302 162 110 140 17 122 13
internal_count=1448 467 139 23 7 981 961 707 328 114 353 116 23 16 254 91 97 354 157 20 214 100 55 114 17 61 13
is_linear=0
shrinkage=0.05


Tree=9
num_leaves=28
num_cat=0
split_feature=3 4 7 6 5 2 2 4 1 2 4 6 1 1 4 6 6 1 6 4 4 1 0 5 6 1 0
split_gain=1.23192e+06 524968 676051 686574 760709 356085 125599 83345.5 77666.4 57600.6 115625 91246.4 49482.2 35614.3 36646.8 36057.2 30525.5 29105.2 21439.4 20879 15984.4 9332.49 7753.97 4349.27 3725.48 2868.53 327.51
threshold=0.82205579247056526 35865.000000000007 1.5000000000000002 10.500000000000002 1.0000000180025095e-35 17323.190000000006 12246.830000000002 36337.500000000007 29233.730000000007 3907.6800000000007 37487.500000000007 21.500000000000004 21929.260000000002 15959.440000000001 35865.000000000007 28.500000000000004 3.5000000000000004 28672.460000000003 29.500000000000004 43067.500000000007 43067.500000000007 33553.600000000006 30711.950000000001 3.5000000000000004 14.500000000000002 31208.455000000002 32322.400000000005
decision_type=2 2 2 2 2 2 2 2 2 2 2 2 2 2 2 2 2 2 2 2 2 2 2 2 2 2 2
left_child=5 2 3 4 -2 6 7 12 23 10 11 -3 -1 15 -15 -8 17 -11 -7 -18 -9 -12 -20 -4 -5 -10 -24
right_child=1 9 8 24 -6 18 13 20 25 16 21 -13 -14 14 -16 -17 19 -19 22 -21 -22 -23 26 -25 -26 -27 -28
leaf_value=-0.98972427494876036 4.5645081728696804 1.1514909735432377 1.4217558697291786 4.6285515785217264 25.250220794677734 -4.6581149419148709 -2.4421274900436396 -1.353522053725428 2.6734970323501095 2.5517218834824034 0.10462222419768336 4.5209121823310854 0.23480098235301483 -1.4009923017794088 -2.7396170276334919 -6.269430141448975 -0.27763997483253483 0.077590717077255247 -7.0626457532246905 -2.1028593848733341 -3.0850242887224475 0.78814856997307614 -10.136618368966241 0.88049237750753573 3.3685669292103166 3.3187868499755862 -9.5694662094116207
leaf_weight=143 8.0000000000000018 54 70 8.0000000000000018 9.9999999999999982 3.0000000000000027 16.000000000000004 278 124 18 188 32 195 124 87 9.9999999999999982 200 35 2.9999999999999991 17 13.999999999999998 68 6.9999999999999982 79 22 20 4
leaf_count=140 4 27 35 4 5 3 16 278 62 10 138 16 153 124 87 10 165 24 3 16 14 35 7 41 11 10 4
internal_value=0.0169629 1.26402 2.83615 8.33657 16.0566 -1.32743 -1.18691 -0.8178 1.93506 0.388044 0.819043 2.40523 -0.283267 -2.16809 -1.95294 -3.91417 -0.157889 0.917862 -8.49391 -0.42063 -1.43654 0.286184 -9.31587 1.13478 3.70456 2.76312 -9.93038
internal_weight=1837 953 341 48 18 884 867 630 293 612 342 86 338 237 211 26 270 53 17 217 292 256 14 149 30 144 11
internal_count=1442 603 172 24 9 839 822 585 148 431 216 43 293 237 211 26 215 34 17 181 292 173 14 76 15 72 11
is_linear=0
shrinkage=0.05


Tree=10
num_leaves=29
num_cat=0
split_feature=3 2 2 3 0 2 0 8 2 8 0 8 3 5 6 1 0 2 1 0 7 1 1 0 0 1 0 1
split_gain=1.07737e+06 353680 120767 888958 1.32171e+06 77874.6 65150.8 50807.8 45950.4 28970.1 38247.7 27854.1 27708.2 23977.5 30300.2 20520.8 19684 46589.5 16177.8 15497.7 10652.2 9477.66 8751.15 6656.98 2661.72 2414.08 336.69 0.0909089
threshold=0.82305416112697505 16234.405000000001 4534.2450000000017 0.8603277489753236 32037.000000000004 12076.415000000003 33628.950000000004 3.5000000000000004 2137.6250000000005 3.5000000000000004 33113.400000000009 3.5000000000000004 0.85934008924100536 5.5000000000000009 3.5000000000000004 28672.460000000003 32322.400000000005 17323.190000000006 17823.225000000006 34491.650000000009 3.5000000000000004 19620.295000000002 33723.625000000007 33055.700000000004 34396.900000000001 15478.875 36006.150000000001 17180.395
decision_type=2 2 2 2 2 2 2 2 2 2 2 2 2 2 2 2 2 2 2 2 2 2 2 2 2 2 2 2
left_child=1 5 3 4 12 9 16 22 -9 24 -11 21 -2 14 15 -4 17 -3 -13 -16 23 -7 -5 -15 -1 -18 -22 -8
right_child=2 6 13 7 -6 11 27 8 -10 10 -12 18 -14 20 19 -17 25 -19 -20 -21 26 -23 -24 -25 -26 -27 -28 -29
leaf_value=-2.0775149027506514 1.669111518859862 -2.6686982154846137 2.4046246788718486 -0.0043443029468086944 27.345342731475831 -6.1121180216471283 -1.8373385111490887 0.47820587254784724 1.6548748777232358 -0.90950735967295859 0.043619823209170641 -2.2128690095174881 5.2327592849731452 -0.7126055081685384 0.044011084225724695 0.12822236186928221 -9.0909925460815426 -8.3479807046743542 -1.3351604870387488 -1.2396775186061859 -0.52759809345006958 -3.0983568000793458 0.78057689049591628 1.7216756098988382 -1.4656143153516146 -10.967299397786455 0.12114106814066566 -1.8496476491292313
leaf_weight=27 10.000000000000005 5.0000000000000098 22 87 7.9999999999999991 3.0000000000000027 2.9999999999999991 108 358 384 145 84 11.999999999999998 2.9999999999999991 182 18 3.9999999999999991 12.999999999999998 140 27 5.9999999999999982 20 60 44 52 3 3 3
leaf_count=27 5 5 12 70 4 3 3 76 185 367 118 84 6 3 138 15 4 13 139 27 5 20 30 25 52 3 2 3
internal_value=-0.0224507 -1.276 1.14911 1.53778 9.94157 -1.08578 -6.52239 1.12651 1.38217 -0.78163 -0.648253 -1.83444 3.61292 0.329712 0.119472 1.38024 -7.64532 -6.7704 -1.6643 -0.121824 1.26453 -3.49146 0.316032 1.5663 -1.67474 -9.89512 -0.311352 -1.84349
internal_weight=1834 886 948 643 30 855 31 613 466 608 529 247 22 305 249 40 25 18 224 209 56 23 147 47 79 7 9 6
internal_count=1444 841 603 376 15 810 31 361 261 564 485 246 11 227 192 27 25 18 223 165 35 23 100 28 79 7 7 6
is_linear=0
shrinkage=0.05


end of trees

feature_importances:
net_load=57
renewable_power=50
thermal_on_capacity=47
total_load=43
thermal_space_load_ratio=34
period=24
weekday=21
hour=17
month=12

parameters:
[boosting: gbdt]
[objective: regression]
[metric: rmse]
[tree_learner: serial]
[device_type: cpu]
[data_sample_strategy: bagging]
[data: ]
[valid: ]
[num_iterations: 400]
[learning_rate: 0.05]
[num_leaves: 31]
[num_threads: 0]
[seed: 42]
[deterministic: 0]
[force_col_wise: 0]
[force_row_wise: 0]
[histogram_pool_size: -1]
[max_depth: 5]
[min_data_in_leaf: 3]
[min_sum_hessian_in_leaf: 0.001]
[bagging_fraction: 0.85]
[pos_bagging_fraction: 1]
[neg_bagging_fraction: 1]
[bagging_freq: 1]
[bagging_seed: 400]
[bagging_by_query: 0]
[feature_fraction: 0.85]
[feature_fraction_bynode: 1]
[feature_fraction_seed: 30056]
[extra_trees: 0]
[extra_seed: 12879]
[early_stopping_round: 0]
[early_stopping_min_delta: 0]
[first_metric_only: 0]
[max_delta_step: 0]
[lambda_l1: 0]
[lambda_l2: 0]
[linear_lambda: 0]
[min_gain_to_split: 0]
[drop_rate: 0.1]
[max_drop: 50]
[skip_drop: 0.5]
[xgboost_dart_mode: 0]
[uniform_drop: 0]
[drop_seed: 17869]
[top_rate: 0.2]
[other_rate: 0.1]
[min_data_per_group: 100]
[max_cat_threshold: 32]
[cat_l2: 10]
[cat_smooth: 10]
[max_cat_to_onehot: 4]
[top_k: 20]
[monotone_constraints: ]
[monotone_constraints_method: basic]
[monotone_penalty: 0]
[feature_contri: ]
[forcedsplits_filename: ]
[refit_decay_rate: 0.9]
[cegb_tradeoff: 1]
[cegb_penalty_split: 0]
[cegb_penalty_feature_lazy: ]
[cegb_penalty_feature_coupled: ]
[path_smooth: 0]
[interaction_constraints: ]
[verbosity: -1]
[saved_feature_importance_type: 0]
[use_quantized_grad: 0]
[num_grad_quant_bins: 4]
[quant_train_renew_leaf: 0]
[stochastic_rounding: 1]
[linear_tree: 0]
[max_bin: 255]
[max_bin_by_feature: ]
[min_data_in_bin: 3]
[bin_construct_sample_cnt: 200000]
[data_random_seed: 175]
[is_enable_sparse: 1]
[enable_bundle: 1]
[use_missing: 1]
[zero_as_missing: 0]
[feature_pre_filter: 1]
[pre_partition: 0]
[two_round: 0]
[header: 0]
[label_column: ]
[weight_column: ]
[group_column: ]
[ignore_column: ]
[categorical_feature: ]
[forcedbins_filename: ]
[precise_float_parser: 0]
[parser_config_file: ]
[objective_seed: 16083]
[num_class: 1]
[is_unbalance: 0]
[scale_pos_weight: 1]
[sigmoid: 1]
[boost_from_average: 1]
[reg_sqrt: 0]
[alpha: 0.9]
[fair_c: 1]
[poisson_max_delta_step: 0.7]
[tweedie_variance_power: 1.5]
[lambdarank_truncation_level: 30]
[lambdarank_norm: 1]
[label_gain: ]
[lambdarank_position_bias_regularization: 0]
[eval_at: ]
[multi_error_top_k: 1]
[auc_mu_weights: ]
[num_machines: 1]
[local_listen_port: 12400]
[time_out: 120]
[machine_list_filename: ]
[machines: ]
[gpu_platform_id: -1]
[gpu_device_id: -1]
[gpu_use_dp: 0]
[num_gpu: 1]

end of parameters

pandas_categorical:[]
