tree
version=v4
num_class=1
num_tree_per_iteration=1
label_index=0
max_feature_idx=10
objective=regression
feature_names=total_load net_load renewable_power thermal_space_load_ratio thermal_on_capacity hour period weekday month is_weekend is_holiday
feature_infos=[22195.900000000001:42408.400000000001] [-11825.210000000003:41070.110000000001] [1144.03:36022.5] [-0.52127464982271476:0.97282505160491894] [27170:45275] [15:19] [61:80] [0:6] [2:4] [0:1] none
tree_sizes=2572 2873 2653 2672 2562 2545 2668 2755 2605 2705 2759 2643 2664 2749 2722 2301 2631 2665 2405 2638 2759 2683 2838 2459

Tree=0
num_leaves=29
num_cat=0
split_feature=2 1 4 0 4 7 4 2 7 1 1 4 4 4 0 2 4 4 4 6 0 1 4 4 5 2 0 7
split_gain=2.83031e+07 8.90783e+06 6.95688e+06 2.28286e+06 1.71991e+06 1.60793e+06 3.33745e+06 1.45681e+06 960958 772299 671790 603078 600298 603667 313449 223936 337749 217917 218305 109618 92142.5 86384.1 127657 83396.4 60936 7768.54 4296.31 4035.86
threshold=5854.9800000000005 19000.980000000003 44735.000000000007 41396.900000000009 44012.500000000007 5.5000000000000009 44810.000000000007 5166.835 4.5000000000000009 25026.994999999999 14699.710000000003 36662.500000000007 42910.000000000007 36372.500000000007 38934.100000000006 7374.8350000000009 36372.500000000007 37740.000000000007 39052.500000000007 70.500000000000014 39325.650000000009 11291.910000000003 36662.500000000007 36372.500000000007 15.500000000000002 19499.070000000003 40990.30000000001 3.5000000000000004
decision_type=2 2 2 2 2 2 2 2 2 2 2 2 2 2 2 2 2 2 2 2 2 2 2 2 2 2 2 2
left_child=2 10 3 12 -5 7 20 8 -4 17 21 25 13 -1 -14 16 -11 24 -19 -13 -7 27 -23 -17 -3 -12 -8 -2
right_child=1 9 5 4 -6 6 26 -9 -10 15 11 19 14 -15 -16 23 -18 18 -20 -21 -22 22 -24 -25 -26 -27 -28 -29
leaf_value=295.30272996204019 267.33606016038595 287.60806290881754 316.84128425959335 341.62889547921145 297.64139624215085 318.65139547921137 284.94139624215086 292.25806316313071 338.09528013215612 297.30139639473873 278.72849973355585 271.52230560865019 287.29764624215085 284.27677124641258 298.56600767991307 283.35450346766265 283.91588410330587 270.32852138456622 277.5665165525042 266.97789683162199 327.30389547921141 272.4207600130693 267.75602165275103 281.11970119224424 280.26274010050469 276.59449621773683 287.16014624215086 266.7356776361724
leaf_weight=18 55 2.9999999999999991 9.0000000000000036 3.9999999999999982 5 5.0000000000000009 3.0000000000000009 2.9999999999999991 13 4.9999999999999991 29 44 7.9999999999999991 40 27 56 82 11.999999999999998 79 19 7.9999999999999991 22 44 164 48 4.9999999999999991 7.9999999999999991 57
leaf_count=18 55 3 9 4 5 5 3 3 13 5 29 44 8 40 27 56 82 12 79 19 8 22 44 164 48 5 8 57
internal_value=280.894 276.787 300.585 293.146 317.191 316.069 306.825 324.943 329.4 281.127 269.7 273.048 290.819 287.699 295.99 282.538 284.685 278.078 276.612 270.152 323.976 267.876 269.311 281.689 280.695 278.415 286.555 267.031
internal_weight=875 724 151 102 9 49 24 25 22 449 275 97 93 58 35 307 87 142 91 63 13 178 66 220 51 34 11 112
internal_count=875 724 151 102 9 49 24 25 22 449 275 97 93 58 35 307 87 142 91 63 13 178 66 220 51 34 11 112
is_linear=0
shrinkage=1


Tree=1
num_leaves=31
num_cat=0
split_feature=2 1 1 7 2 3 2 7 7 0 2 1 1 8 0 6 7 8 2 6 2 1 6 1 0 3 8 0 0 2
split_gain=2.20791e+07 8.52962e+06 3.11354e+06 1.8269e+06 1.95336e+06 1.64783e+06 2.21519e+06 1.44736e+06 723664 687715 1.01888e+06 605266 577789 683888 517912 292625 231111 221792 193557 254413 127160 103246 82295.6 81123.2 62116.8 39381.1 47299.6 8554.88 7969.1 730.761
threshold=5836.3600000000015 19000.980000000003 37226.155000000006 5.5000000000000009 3561.7250000000008 0.92228275246829561 3679.5350000000003 4.5000000000000009 4.5000000000000009 38566.150000000009 3679.5350000000003 26733.540000000005 13347.120000000001 3.5000000000000004 35649.900000000001 67.500000000000014 2.5000000000000004 3.5000000000000004 6668.6450000000013 70.500000000000014 9505.2750000000015 22740.105000000003 62.500000000000007 14699.710000000003 28727.050000000003 0.36476839933790906 3.5000000000000004 34775.100000000006 35698.80000000001 1323.1000000000001
decision_type=2 2 2 2 2 2 2 2 2 2 2 2 2 2 2 2 2 2 2 2 2 2 2 2 2 2 2 2 2 2
left_child=2 12 7 5 29 6 -4 14 -7 15 -11 17 25 24 27 -9 -16 21 19 -13 -19 -3 -20 -15 -14 28 -27 -1 -2 -5
right_child=1 11 3 4 -6 8 -8 9 -10 10 -12 18 13 23 16 -17 -18 20 22 -21 -22 -23 -24 -25 -26 26 -28 -29 -30 -31
leaf_value=-0.50883856713771825 -12.943040201486637 -4.2642931422361965 6.6345936298370338 5.491992645263668 45.922305297851565 35.082934570312496 52.205898284912109 19.673995018005364 55.750844658745649 4.6361614227294927 37.509132142500441 12.003511229428378 -4.0133439381917322 -6.9521937443659851 12.947384400063374 3.1109004020690918 6.1444450378417974 9.5291056156158458 8.8516580805182468 3.2554764943964347 0.37323297845990688 -1.3651038225889207 1.6047562558439219 -2.3914011778739783 -11.362807528177898 -12.160800988333566 -7.828400505913625 2.5354656219482425 -10.334292093912762 6.2625402450561527
leaf_weight=9.9999999999999982 121 52 8.0000000000000018 5.0000000000000027 3.9999999999999991 8 3.9999999999999991 8.0000000000000018 9 2.9999999999999991 10.999999999999998 10.999999999999998 2.9999999999999991 12.999999999999998 47 3.9999999999999991 17 3.9999999999999991 3.9999999999999991 34 73 75 190 39 69 21 9.0000000000000018 2.9999999999999991 2.9999999999999991 7.9999999999999991
leaf_count=10 121 52 8 5 4 8 4 8 9 3 11 11 3 13 47 4 17 4 4 34 73 75 190 39 69 21 9 3 3 8
internal_value=0.0448592 -3.57613 17.5666 28.382 15.3676 36.0111 21.825 12.7364 46.0248 22.9363 30.4649 0.73199 -10.4412 -7.90094 9.29222 14.153 11.1404 -1.26845 2.43948 5.39388 0.848863 -2.55217 1.75418 -3.5316 -11.0566 -12.4866 -10.8611 0.193693 -12.8799 5.96618
internal_weight=870 721 149 46 17 29 12 103 17 26 14 443 278 124 77 12 64 204 239 45 77 127 194 52 72 154 30 13 124 13
internal_count=870 721 149 46 17 29 12 103 17 26 14 443 278 124 77 12 64 204 239 45 77 127 194 52 72 154 30 13 124 13
is_linear=0
shrinkage=0.05


Tree=2
num_leaves=30
num_cat=0
split_feature=2 1 4 0 4 7 4 3 4 1 1 4 4 4 7 2 6 4 6 2 1 4 4 4 1 1 2 0 0
split_gain=2.25948e+07 7.70163e+06 6.09015e+06 1.78713e+06 1.63201e+06 1.06867e+06 2.9752e+06 1.14184e+06 729058 676682 481371 482328 319070 491474 458312 308150 252318 185505 212883 106755 92034.2 157168 83586.9 79015.7 72031.1 14268 8427.42 3755.55 2888.71
threshold=5836.3600000000015 19000.980000000003 44735.000000000007 41396.900000000009 44012.500000000007 5.5000000000000009 44810.000000000007 0.87044606028416383 45077.500000000007 22740.105000000003 15038.975 37740.000000000007 42910.000000000007 36372.500000000007 3.5000000000000004 7299.8600000000015 70.500000000000014 37740.000000000007 72.500000000000014 4308.6100000000006 11291.910000000003 36662.500000000007 42262.500000000007 36372.500000000007 37833.355000000003 16844.100000000006 11957.845000000001 30613.850000000002 40990.30000000001
decision_type=2 2 2 2 2 2 2 2 2 2 2 2 2 2 2 2 2 2 2 2 2 2 2 2 2 2 2 2 2
left_child=2 10 3 12 -5 7 19 -4 -9 17 20 25 13 -1 -14 16 -11 26 -19 -7 27 -22 -13 -17 -6 -12 -3 -2 -8
right_child=1 9 5 4 24 6 28 8 -10 15 11 22 14 -15 -16 23 -18 18 -20 -21 21 -23 -24 -25 -26 -27 -28 -29 -30
leaf_value=13.412744116783143 -12.540505302115662 2.0624460220336913 10.132173919677724 55.295758056640636 19.543017323811846 43.727944268120666 4.0523600578308088 50.736764291616581 32.779367675781245 8.5081316282351818 -3.3759360032923085 -11.595083105564118 19.949414920806881 3.0440458306670188 7.1869579090791591 2.2444006774694691 2.4563566168800732 -3.789700955760722 -12.586711597442628 33.910791778564437 -6.9494447267972506 -11.794274565514099 -7.4745748519897468 0.19394656153991052 8.5862007141113263 -1.3274067317738254 -0.70206330852473486 -11.974621192776427 5.8716953754425054
leaf_weight=15.999999999999998 73 2.9999999999999991 3.0000000000000027 3.9999999999999982 3 8.9999999999999982 3.0000000000000009 13 10 24 17 32 12.000000000000002 40 17 62 61 49 7.9999999999999991 4.0000000000000009 26 47 20 194 3 17 34 49 7.9999999999999991
leaf_count=16 73 3 3 4 3 9 3 13 10 24 17 32 12 40 17 62 61 49 8 4 26 47 20 194 3 17 34 49 8
internal_value=-0.00160292 -3.64662 17.9972 10.5632 30.5571 32.1219 24.5136 39.1449 42.9292 0.52124 -10.0987 -6.98245 8.21102 6.00653 12.468 1.55663 4.16509 -3.23481 -5.02437 40.7073 -11.473 -10.0687 -10.0103 0.690541 14.0646 -2.35167 -0.477914 -12.3132 5.37551
internal_weight=861 716 145 95 10 50 24 26 23 435 281 86 85 56 29 341 85 94 57 13 195 73 52 256 6 34 37 122 11
internal_count=861 716 145 95 10 50 24 26 23 435 281 86 85 56 29 341 85 94 57 13 195 73 52 256 6 34 37 122 11
is_linear=0
shrinkage=0.05


Tree=3
num_leaves=29
num_cat=0
split_feature=2 1 4 0 7 4 4 2 3 7 4 4 7 1 4 4 4 3 6 0 4 0 2 4 7 0 0 7
split_gain=2.17982e+07 6.86686e+06 6.41773e+06 1.64271e+06 1.47951e+06 2.81478e+06 1.47289e+06 1.14167e+06 795955 795199 299402 462169 344003 296095 439034 200863 410529 163178 201756 91663.2 72682.8 65202.5 59921.9 41336.5 10055.1 8281.84 7635.12 5502.6
threshold=5836.3600000000015 17682.685000000001 44735.000000000007 41396.900000000009 5.5000000000000009 44810.000000000007 44012.500000000007 5166.835 0.66237929707859922 4.5000000000000009 42910.000000000007 36372.500000000007 3.5000000000000004 12275.635000000002 36662.500000000007 37740.000000000007 39052.500000000007 0.76107854070394776 67.500000000000014 39325.650000000009 36372.500000000007 41535.600000000006 20495.430000000004 42262.500000000007 1.0000000180025095e-35 40956.30000000001 35331.750000000007 3.5000000000000004
decision_type=2 2 2 2 2 2 2 2 2 2 2 2 2 2 2 2 2 2 2 2 2 2 2 2 2 2 2 2
left_child=2 13 3 10 7 19 -5 9 15 -4 11 -1 -12 26 22 24 -17 20 -19 -6 -10 -8 -15 -16 -3 -7 27 -2
right_child=1 8 4 6 5 25 21 -9 17 -11 12 -13 -14 14 23 16 -18 18 -20 -21 -22 -23 -24 -25 -26 -27 -28 -29
leaf_value=12.895231866836548 -11.334001350402833 1.9536956563591958 31.140397033691386 52.530975341796889 33.041488037109367 2.495632171630858 18.573643747965487 9.6255653381347663 1.8346687368669752 49.11397914886475 17.109383672078447 2.9718486741185188 6.5697357177734377 -2.6379557042286317 -11.205594436489806 -11.523105120658876 -2.7844986170530319 7.7996157059774678 2.0335686853908479 41.671454620361331 -0.34057016842575238 8.1491124471028638 -7.5258241891860962 -8.7390854982229396 -0.64606010677679526 5.5291187710232208 -9.1000409444173176 -11.965459386853205
leaf_weight=15.999999999999998 69 3.9999999999999991 10.000000000000005 3.9999999999999982 5.0000000000000009 3.0000000000000009 3 2.9999999999999991 59 15.999999999999998 15.000000000000002 44 15.999999999999998 29 49 15.999999999999998 84 17 141 7.9999999999999991 110 3 7.9999999999999991 26 53 8.9999999999999982 2.9999999999999991 69
leaf_count=16 69 4 10 4 5 3 3 3 59 16 15 44 16 29 49 16 84 17 141 8 110 3 8 26 53 9 3 69
internal_value=0.188925 -3.39558 17.2327 9.7934 31.1469 22.2331 29.0292 38.8312 0.0938335 42.2011 7.67958 5.61808 11.6696 -10.071 -8.15176 -2.83245 -4.18268 1.49881 2.65397 38.3522 0.418833 13.3614 -3.69479 -10.3505 -0.463621 4.77075 -11.5955 -11.6497
internal_weight=892 737 155 101 54 25 10 29 484 26 91 60 31 253 112 157 100 327 158 13 169 6 37 75 57 12 141 138
internal_count=892 737 155 101 54 25 10 29 484 26 91 60 31 253 112 157 100 327 158 13 169 6 37 75 57 12 141 138
is_linear=0
shrinkage=0.05


Tree=4
num_leaves=28
num_cat=0
split_feature=3 1 0 6 3 2 1 1 1 7 7 7 1 8 2 8 2 0 2 1 3 0 6 3 8 0 0
split_gain=1.81032e+07 6.77881e+06 1.78693e+06 1.42278e+06 1.29707e+06 1.1475e+06 854003 651094 646578 714346 502863 470887 430045 371989 286009 209802 190029 156528 124613 106190 74135.1 65485.5 63294.9 26856 30408.8 5918.44 10.5726
threshold=0.86434852800430806 19000.980000000003 41356.400000000001 70.500000000000014 0.89520582552481531 1263.7750000000003 36386.585000000006 27007.790000000001 38099.400000000001 3.5000000000000004 4.5000000000000009 1.5000000000000002 13347.120000000001 3.5000000000000004 3876.1850000000009 3.5000000000000004 6247.2300000000005 37547.900000000009 9236.7350000000024 22740.105000000003 0.43886293130822102 37263.650000000009 70.500000000000014 0.36476839933790906 3.5000000000000004 35698.80000000001 41922.450000000004
decision_type=2 2 2 2 2 2 2 2 2 2 2 2 2 2 2 2 2 2 2 2 2 2 2 2 2 2 2
left_child=1 12 3 4 10 -4 14 15 9 -7 -2 -8 23 22 -5 19 17 -9 -17 -3 -15 -18 -14 25 -25 -1 -10
right_child=2 7 5 6 -6 8 11 16 26 -11 -12 -13 13 20 -16 18 21 -19 -20 -21 -22 -23 -24 24 -26 -27 -28
leaf_value=-11.145561060538659 4.5077475786209069 -4.0473659449424906 9.8310134887695249 1.8182190198451282 49.224712524414066 49.900258382161475 26.53793640136719 9.728667398009982 50.31515808105469 20.738441249302454 25.814412095811633 14.235229001726424 -8.113014511476484 -6.4233588116509583 10.254526452664976 9.3315704584121715 3.6055963687407662 3.325909786224365 0.2771822432938375 -1.2924580265836019 -2.0811592210422862 1.3387328874619528 -11.270339376276191 -10.37577358045076 -6.520717293875558 -8.8992639541625973 50.182413736979157
leaf_weight=130 4.0000000000000027 61 5.0000000000000027 15.999999999999998 4.9999999999999991 2.9999999999999982 9.9999999999999982 13.999999999999998 2.9999999999999991 7 8.9999999999999982 35 57 13.999999999999998 27 3.9999999999999991 39 30 76 82 33 174 22 19.000000000000004 6.9999999999999991 2.9999999999999991 3
leaf_count=130 4 61 5 16 5 3 10 14 3 7 9 35 57 14 27 4 39 30 76 82 33 174 22 19 7 3 3
internal_value=-0.0681215 -2.97038 17.414 14.7742 27.5825 30.7389 12.1543 0.65637 37.2727 29.487 19.2585 16.9692 -9.0786 -6.89678 7.11544 -1.32053 2.37174 5.36315 0.729902 -2.46763 -3.37458 1.75379 -8.99227 -10.8076 -9.33787 -11.0949 50.2488
internal_weight=892 765 127 106 18 21 88 480 16 10 13 45 285 126 43 223 257 44 80 143 47 213 79 159 26 133 6
internal_count=892 765 127 106 18 21 88 480 16 10 13 45 285 126 43 223 257 44 80 143 47 213 79 159 26 133 6
is_linear=0
shrinkage=0.05


Tree=5
num_leaves=28
num_cat=0
split_feature=2 3 4 0 4 2 0 3 0 3 4 4 4 8 4 7 5 7 4 0 0 2 3 4 2 0 2
split_gain=1.70026e+07 5.60044e+06 5.56236e+06 1.29672e+06 1.22691e+06 668797 690397 547653 427294 416977 368140 355904 306064 186412 268211 175196 122630 204318 70824.8 66299.1 64441.8 62856 60671.1 145557 43119.4 5739.43 1478.99
threshold=5836.3600000000015 0.54696764275651588 44735.000000000007 41396.900000000009 44012.500000000007 1263.7750000000003 41356.400000000001 0.69122669255524605 40990.30000000001 0.44491876037850481 44012.500000000007 36662.500000000007 36372.500000000007 2.5000000000000004 39052.500000000007 3.5000000000000004 15.500000000000002 5.5000000000000009 37740.000000000007 32546.350000000002 34630.900000000009 4254.9850000000015 0.36958476037338522 36662.500000000007 1517.9200000000003 35698.80000000001 18766.155000000002
decision_type=2 2 2 2 2 2 2 2 2 2 2 2 2 2 2 2 2 2 2 2 2 2 2 2 2 2 2
left_child=2 9 3 10 -5 -4 8 13 -7 22 12 26 -1 14 -3 -12 17 -9 -18 -15 -13 -6 25 -24 -8 -2 -11
right_child=1 7 5 4 21 6 24 16 -10 11 15 20 -14 19 -16 -17 18 -19 -20 -21 -22 -23 23 -25 -26 -27 -28
leaf_value=10.784862709045411 -10.665803579459514 -10.265954310099282 10.347877788543702 47.405884552001964 6.5387706756591788 30.681485841274267 47.803381347656249 2.4559978922208145 13.28416895866394 -1.4838330805301665 17.989288139343255 -9.1523463842603885 2.7563825374064237 -8.5701490084330256 -0.81060625712076817 9.2343836498260501 2.674840635487012 14.126974468231204 0.81826397319531807 -1.0601361082659828 -5.6125225967831085 16.774004364013667 -4.9689309093687273 -10.501855280739921 40.220999145507804 -8.4543008168538414 -2.6519690195719403
leaf_weight=15.999999999999998 133 15.000000000000002 3.9999999999999991 3.9999999999999982 3 30 5 15.000000000000002 3.9999999999999991 28.000000000000004 8.0000000000000018 45 46 2.9999999999999991 14.999999999999998 20 70 4.9999999999999991 193 144 18 3 18 35 3 2.9999999999999991 2.9999999999999991
leaf_count=16 133 15 4 4 3 30 5 15 4 28 8 45 46 3 15 20 70 5 193 144 18 3 18 35 3 3 3
internal_value=-0.104631 -3.16983 15.4943 8.87515 25.9562 29.8838 31.7443 0.235044 28.6347 -8.70426 6.97726 -5.98281 4.82825 -1.94643 -5.53828 11.7358 1.59943 5.37374 1.31241 -1.2134 -8.14097 11.6564 -10.0578 -8.62275 44.96 -10.617 -1.59688
internal_weight=889 743 146 100 10 46 42 460 34 283 90 94 62 177 30 28 283 20 263 147 63 6 189 53 8 136 31
internal_count=889 743 146 100 10 46 42 460 34 283 90 94 62 177 30 28 283 20 263 147 63 6 189 53 8 136 31
is_linear=0
shrinkage=0.05


Tree=6
num_leaves=30
num_cat=0
split_feature=3 1 4 0 7 4 4 4 3 2 1 4 4 0 6 4 1 4 4 4 0 2 5 3 2 4 0 0 1
split_gain=1.58195e+07 5.62862e+06 4.66643e+06 1.3838e+06 814933 2.12266e+06 804557 622598 621793 451153 409045 451946 303571 599200 254483 239233 181755 120545 52930.9 51144.8 41406.9 33693.8 22119.5 20888 18877.5 85158.8 17156.4 6960.43 1778.61
threshold=0.86434852800430806 19000.980000000003 44735.000000000007 41396.900000000009 5.5000000000000009 44810.000000000007 44012.500000000007 45077.500000000007 0.75851610848296602 3561.7250000000008 13347.120000000001 36662.500000000007 36372.500000000007 37315.250000000007 66.500000000000014 44012.500000000007 22740.105000000003 37740.000000000007 39052.500000000007 36372.500000000007 38360.000000000007 4091.4250000000006 18.500000000000004 0.42864238990167675 19873.480000000003 37740.000000000007 40990.30000000001 35698.80000000001 37833.355000000003
decision_type=2 2 2 2 2 2 2 2 2 2 2 2 2 2 2 2 2 2 2 2 2 2 2 2 2 2 2 2 2
left_child=1 10 3 9 7 21 -5 22 16 20 24 23 13 -10 -14 -11 17 -3 -13 -18 -2 -6 -4 -12 25 -1 -7 -26 -9
right_child=2 8 4 6 5 26 -8 28 12 15 11 18 14 -15 -16 -17 19 -19 -20 -21 -22 -23 -24 -25 27 -27 -28 -29 -30
leaf_value=-3.3514045397440579 -0.93659061431884738 -0.34585792776700619 44.570241088867192 45.035590362548817 36.466644287109375 -0.65112972259521473 13.322871780395506 25.827416992187494 20.684911455426889 6.8172560338620789 -4.3122348308563234 -9.8916697902064179 7.7787995601955222 2.7684409958975658 1.6146510133665082 13.841265452991832 1.4559927719726897 -4.0648696359598411 -7.2300739161511691 -0.36057028818475317 3.3429628225473262 30.42498474121092 39.67505696614581 -1.4946408487655021 -10.128608769178392 -9.9845562744140626 4.1316712188720697 -7.6921557903289797 27.282543509347096
leaf_weight=6.0000000000000027 10.000000000000002 37 9.9999999999999982 4 9.9999999999999982 3 4 3 7.0000000000000027 27 7.9999999999999991 31 19 13.999999999999998 141 22 57 53 47 121 12.999999999999998 3.0000000000000009 3.0000000000000009 37 128 25 5 2.9999999999999991 7
leaf_count=6 10 37 10 4 10 3 4 3 7 27 8 31 19 14 141 22 57 53 47 121 13 3 3 37 128 25 5 3 7
internal_value=0.126529 -2.66399 16.6446 9.45125 29.7235 22.6022 29.1792 36.2255 0.824373 7.25926 -8.1597 -5.98581 3.08848 8.7406 2.34664 9.97089 -0.704747 -2.53594 -8.28789 0.221138 1.48229 35.0724 43.4406 -1.99555 -9.81025 -8.70072 2.33812 -10.0728 26.846
internal_weight=858 734 124 80 44 21 8 23 449 72 285 123 181 21 160 49 268 90 78 178 23 13 13 45 162 31 8 131 10
internal_count=858 734 124 80 44 21 8 23 449 72 285 123 181 21 160 49 268 90 78 178 23 13 13 45 162 31 8 131 10
is_linear=0
shrinkage=0.05


Tree=7
num_leaves=31
num_cat=0
split_feature=2 1 1 7 7 3 1 7 1 0 2 0 6 6 7 1 8 2 8 5 6 2 8 2 0 0 2 0 0 0
split_gain=1.34853e+07 4.61351e+06 1.81986e+06 1.5345e+06 735974 958620 820470 599491 556173 426708 566159 382941 245541 242627 233573 170880 248174 167916 156401 245743 152812 69354.7 65794.8 30494.5 9475.49 29338.4 6690.82 2642.24 679.272 217.406
threshold=5836.3600000000015 17531.555000000004 37379.255000000012 4.5000000000000009 5.5000000000000009 0.92228275246829561 38099.400000000001 4.5000000000000009 22740.105000000003 38566.150000000009 3451.7000000000003 35649.900000000001 67.500000000000014 73.500000000000014 1.5000000000000002 12275.635000000002 3.5000000000000004 7374.8350000000009 3.5000000000000004 17.500000000000004 70.500000000000014 20217.315000000006 3.5000000000000004 13133.915000000003 30613.850000000002 30891.700000000001 12256.085000000001 32227.100000000002 27315.500000000004 41680.400000000001
decision_type=2 2 2 2 2 2 2 2 2 2 2 2 2 2 2 2 2 2 2 2 2 2 2 2 2 2 2 2 2 2
left_child=2 15 3 11 6 -6 7 -4 18 12 -11 27 -5 -13 -8 24 23 20 19 -3 -10 -18 -19 -17 28 -26 -20 -1 -2 -7
right_child=1 8 4 9 5 29 14 -9 17 10 -12 13 -14 -15 -16 16 21 22 26 -21 -22 -23 -24 -25 25 -27 -28 -29 -30 -31
leaf_value=-1.9065934816996259 -9.9152398972284246 -2.8076820644869738 32.648659667968737 17.521940449873608 33.490415954589842 3.3100912475585931 25.832702636718768 9.9804172515869141 6.5237893778344862 10.291890303293858 28.156891811595244 12.795997357368471 1.5290610313415525 6.3401912467424264 41.942493014865448 -3.7433732668558757 -2.624834710825235 -0.01093096163494317 1.7861303249994915 -10.319524266169623 1.8261771332366128 -7.5930863433414038 1.7340512606279033 -8.9030426407617238 -4.8082642972469332 -9.2433564463528732 -0.64636787477196478 -0.23256415887312457 -9.6254539489746094 3.8484907786051425
leaf_weight=2.9999999999999991 42 67 5.0000000000000018 5.9999999999999982 3.9999999999999991 5 2.9999999999999973 7 23 6.0000000000000027 17 22 4 43 9 2.9999999999999991 32 181 2.9999999999999991 12.999999999999998 70 8.9999999999999982 77 63 3.9999999999999991 55 49 10.999999999999998 39 3
leaf_count=3 42 67 5 6 4 5 3 7 23 6 17 22 4 43 9 3 32 181 3 13 70 9 77 63 4 55 49 11 39 3
internal_value=0.0735866 -2.71653 13.8356 10.6922 23.6151 13.5048 28.6703 19.4255 0.125964 19.7475 23.4965 6.90965 11.1248 8.52523 37.915 -8.27492 -6.7706 1.16645 -2.64077 -4.02836 2.98795 -3.71543 0.509858 -8.66851 -9.42465 -8.94267 -0.506031 -0.591285 -9.77571 3.51199
internal_weight=878 730 148 112 36 12 24 12 483 33 23 79 10 65 12 247 107 351 132 80 93 41 258 66 140 59 52 14 81 8
internal_count=878 730 148 112 36 12 24 12 483 33 23 79 10 65 12 247 107 351 132 80 93 41 258 66 140 59 52 14 81 8
is_linear=0
shrinkage=0.05


Tree=8
num_leaves=29
num_cat=0
split_feature=2 1 4 0 4 7 4 0 4 1 4 4 0 1 4 4 2 0 4 2 4 0 2 4 0 7 4 3
split_gain=1.3029e+07 4.32798e+06 3.68608e+06 1.07391e+06 794675 653821 2.20426e+06 430445 525367 334138 327304 301542 271321 251371 291944 168567 128525 165867 105901 96788.6 66044.7 53285.7 48155.5 36973.3 21501.7 5724.37 14032.8 1062.89
threshold=5854.9800000000005 18684.650000000001 44735.000000000007 41396.900000000009 44012.500000000007 5.5000000000000009 44810.000000000007 39181.80000000001 45077.500000000007 27345.345000000005 42910.000000000007 36372.500000000007 38934.100000000006 12275.635000000002 36662.500000000007 37740.000000000007 6668.6450000000013 37547.900000000009 39052.500000000007 9021.8150000000005 39052.500000000007 39325.650000000009 20495.430000000004 39497.500000000007 40956.30000000001 3.5000000000000004 33577.500000000007 0.36476839933790906
decision_type=2 2 2 2 2 2 2 2 2 2 2 2 2 2 2 2 2 2 2 2 2 2 2 2 2 2 2 2
left_child=2 13 3 10 -5 7 21 -4 -9 15 11 -1 -12 25 22 19 17 -11 -17 -3 -16 -7 -15 -18 -8 26 -2 -27
right_child=1 9 5 4 -6 6 24 8 -10 16 12 -13 -14 14 20 18 23 -19 -20 -21 -22 -23 -24 -25 -26 27 -28 -29
leaf_value=10.13590716044108 -7.4677936204605633 8.3568285882472999 15.791749089956269 41.03520431518556 11.135209197998044 26.793240051269535 -1.612304496765135 40.92840590043501 24.088601303100582 9.8263189029693621 2.6720612525939944 1.9025359107311381 12.744581119830793 -1.6338877670692675 -9.0758686804771429 -4.8250842385821873 2.3664330874549022 2.4756428855838202 -1.3695502127924439 0.39821105597650308 -6.3845667258748477 33.01844926313921 -5.9578581333160407 0.70191901636909149 3.3512965679168705 -9.2671721673780869 -9.0507826063368064 -10.025001068115236
leaf_weight=14.999999999999998 18 3.9999999999999991 4.0000000000000027 3.9999999999999982 5 4.9999999999999991 3.0000000000000027 11 8 9.9999999999999982 8.9999999999999982 43 26 33 40 27 45 33 124 85 53 10.999999999999998 7.9999999999999991 129 7.9999999999999991 62 63 4.9999999999999991
leaf_count=15 18 4 4 4 5 5 3 11 8 10 9 43 26 33 40 27 45 33 124 85 53 11 8 129 8 62 63 5
internal_value=0.0518137 -2.69031 13.3836 7.93208 24.4241 24.5046 19.2275 30.6995 33.838 0.315471 6.33608 4.03186 10.1545 -7.56137 -5.99252 -0.970109 1.73731 4.1851 -1.98743 0.755902 -7.54212 31.0731 -2.47759 1.1324 1.99759 -8.98182 -8.69901 -9.32373
internal_weight=891 739 152 102 9 50 27 23 19 457 93 58 35 282 134 240 217 43 151 89 93 16 41 174 11 148 81 67
internal_count=891 739 152 102 9 50 27 23 19 457 93 58 35 282 134 240 217 43 151 89 93 16 41 174 11 148 81 67
is_linear=0
shrinkage=0.05


Tree=9
num_leaves=30
num_cat=0
split_feature=3 3 4 0 7 4 4 4 3 4 4 3 5 4 4 4 6 1 0 4 4 4 2 4 2 0 2 2 0
split_gain=1.21329e+07 4.33759e+06 3.05617e+06 885775 828295 1.57079e+06 707921 493275 470502 395970 249724 243294 215063 205523 203152 467400 174851 139555 106519 90327.2 72549.3 63114.8 190328 50504.1 25367.6 20675.1 12066.2 8688.97 1752.24
threshold=0.86434852800430806 0.54979938235441972 44735.000000000007 41396.900000000009 5.5000000000000009 44810.000000000007 44012.500000000007 45077.500000000007 0.76827307487383112 42910.000000000007 36662.500000000007 0.46426021142606416 18.500000000000004 36662.500000000007 36372.500000000007 36090.000000000007 66.500000000000014 22740.105000000003 39606.05000000001 37740.000000000007 41325.000000000007 36662.500000000007 19985.695000000003 30732.500000000004 4308.6100000000006 40990.30000000001 15319.040000000003 2676.4450000000006 33753.200000000004
decision_type=2 2 2 2 2 2 2 2 2 2 2 2 2 2 2 2 2 2 2 2 2 2 2 2 2 2 2 2 2
left_child=1 11 3 9 7 24 -5 18 17 10 -2 21 -11 28 15 -10 -16 19 -4 -3 -15 22 -1 -19 -6 -7 -23 -9 -13
right_child=2 8 4 6 5 25 -8 27 14 12 -12 13 -14 20 16 -17 -18 23 -20 -21 -22 26 -24 -25 -26 -27 -28 -29 -30
leaf_value=-2.051365041732788 12.688791433970135 -0.2887744866115482 28.258555094401029 38.983443450927751 30.651042683919272 -1.6983073552449541 10.762693939208983 23.31394631522042 2.0680589516957597 14.402897008260092 1.5995947472976917 -1.659817676544189 5.7614538749059028 -8.1385746833778203 6.3996027912412377 19.159725189208984 1.4951531422800488 4.3614352907453267 38.792169825236009 -3.4706605187720729 -4.557143782652342 -5.5878564039866134 -8.1580386298043397 0.039993011545051228 25.341976928710924 3.3853785832722978 -8.7969727516174316 20.097735595703121 -0.81610721945762643
leaf_weight=15.999999999999998 5.9999999999999991 38 3.0000000000000009 3.9999999999999982 8.9999999999999982 3 5 7 12.000000000000002 18 33 10.000000000000002 12.000000000000002 31 21 5.9999999999999991 135 6.9999999999999991 11.999999999999998 54 26 2.9999999999999991 63 198 3.0000000000000009 6 124 3 15.999999999999998
leaf_count=16 6 38 3 4 9 3 5 7 12 18 33 10 12 31 21 6 135 7 12 54 26 3 63 198 3 6 124 3 16
internal_value=0.0782799 -2.28781 14.5801 8.552 24.8016 17.4811 23.3052 30.9509 0.671066 6.62767 3.30563 -7.11005 10.9463 -4.82455 2.7357 7.76528 2.15537 -0.53852 36.6854 -2.1564 -6.50494 -8.03091 -6.92124 0.187554 29.3238 1.69082 -8.72117 22.3491 -1.14061
internal_weight=884 760 124 78 46 21 9 25 471 69 39 289 30 83 174 18 156 297 15 92 57 206 79 205 12 9 127 10 26
internal_count=884 760 124 78 46 21 9 25 471 69 39 289 30 83 174 18 156 297 15 92 57 206 79 205 12 9 127 10 26
is_linear=0
shrinkage=0.05


Tree=10
num_leaves=31
num_cat=0
split_feature=2 1 1 6 0 7 7 7 2 1 7 1 8 8 7 2 0 1 1 8 6 7 2 2 0 2 0 2 0 1
split_gain=9.81233e+06 3.19326e+06 1.11957e+06 780255 868267 648358 615661 573770 348230 332667 287603 241240 284957 149004 119024 118079 94451.3 152271 92038.5 90230.8 65535.1 44327.9 34343.1 30454.4 10363.7 41578.6 8531.24 1411.94 913.745 179.674
threshold=5836.3600000000015 19000.980000000003 33701.890000000007 73.500000000000014 41396.900000000009 4.5000000000000009 5.5000000000000009 3.5000000000000004 3825.6050000000005 27007.790000000001 1.5000000000000002 12421.950000000001 3.5000000000000004 3.5000000000000004 1.5000000000000002 5780.2000000000007 37452.80000000001 30571.255000000005 22740.105000000003 3.5000000000000004 65.500000000000014 3.5000000000000004 18656.605000000003 6247.2300000000005 30613.850000000002 19873.480000000003 37547.900000000009 2150.4250000000006 28727.050000000003 33430.415000000008
decision_type=2 2 2 2 2 2 2 2 2 2 2 2 2 2 2 2 2 2 2 2 2 2 2 2 2 2 2 2 2 2
left_child=2 11 10 5 14 8 -7 -6 -4 13 26 24 21 18 -5 19 17 -11 -3 -12 -15 -13 -14 -18 28 -26 27 -1 -2 -28
right_child=1 9 3 4 7 6 -8 -9 -10 16 15 12 22 20 -16 -17 23 -19 -20 -21 -22 -23 -24 -25 25 -27 29 -29 -30 -31
leaf_value=-0.68814165251595616 -8.4878680742703949 -3.7460822948387698 23.742415351867677 12.159073321024579 37.034270477294889 34.240279596502127 16.606795861985944 15.862177884578706 7.8283367254517309 2.7285911584511782 5.0996339030563815 -5.8384232833981518 -1.3488398446756251 5.5378028074900314 6.4646428710375083 17.536308542887369 3.081005810288822 12.972135400772096 -1.1031545025855303 12.794695358276368 0.10990658865163201 -8.0626775194491653 -3.8504731478898422 0.85514748358400539 -2.5728695034980777 -7.8526972430402582 1.2970781326293945 -1.9846296310424798 -8.1514856165105645 0.80762422482172624
leaf_weight=7.0000000000000018 52 56 4.9999999999999991 11.999999999999998 4.0000000000000027 11 9 15.999999999999998 10.999999999999998 39 16.000000000000007 48 34 5.9999999999999991 39 2.9999999999999991 17 3.9999999999999991 80 4.9999999999999991 76 42 23 160 3.9999999999999991 55 5 3 33 3
leaf_count=7 52 56 5 12 4 11 9 16 11 39 16 48 34 6 39 3 17 4 80 5 76 42 23 160 4 55 5 3 33 3
internal_value=-0.0997737 -2.48944 11.592 14.3074 11.2671 20.3036 26.3052 20.0966 12.8015 0.207879 4.67414 -6.54933 -5.12448 -1.17639 7.80451 8.25736 1.57956 3.68148 -2.19142 6.93179 0.50707 -6.87641 -2.35827 1.06893 -8.00387 -7.49474 -0.103479 -1.07709 -8.35727 1.11353
internal_weight=878 729 149 107 71 36 20 20 16 438 42 291 147 218 51 24 220 43 136 21 82 90 57 177 144 59 18 10 85 8
internal_count=878 729 149 107 71 36 20 20 16 438 42 291 147 218 51 24 220 43 136 21 82 90 57 177 144 59 18 10 85 8
is_linear=0
shrinkage=0.05


Tree=11
num_leaves=29
num_cat=0
split_feature=3 1 4 7 4 0 4 4 3 3 3 1 4 4 4 6 1 8 1 0 0 8 0 3 6 6 0 0
split_gain=1.03729e+07 3.45907e+06 2.87796e+06 877479 1.60655e+06 700325 597904 485509 323151 289882 281661 251986 224053 178911 407111 148714 78711.1 54005 48112.7 46300.3 45441.4 34996.3 31894.8 28154.6 27380.9 12786.2 8956.33 5862.71
threshold=0.86434852800430806 20002.860000000004 44735.000000000007 5.5000000000000009 44810.000000000007 41396.900000000009 44012.500000000007 45077.500000000007 0.91111704901026602 0.76107854070394776 0.90390120488915582 15038.975 37740.000000000007 36372.500000000007 36090.000000000007 66.500000000000014 22740.105000000003 2.5000000000000004 17531.555000000004 35829.05000000001 40893.500000000007 2.5000000000000004 39325.650000000009 0.36476839933790906 77.500000000000014 65.500000000000014 40336.30000000001 40990.30000000001
decision_type=2 2 2 2 2 2 2 2 2 2 2 2 2 2 2 2 2 2 2 2 2 2 2 2 2 2 2 2
left_child=1 11 5 7 22 8 -7 24 10 16 -2 19 25 14 -11 -15 17 -3 -14 23 -18 -10 -5 -1 -4 -13 -9 -6
right_child=2 9 3 4 27 6 -8 26 21 13 -12 12 18 15 -16 -17 20 -19 -20 -21 -22 -23 -24 -25 -26 -27 -28 -29
leaf_value=-7.810232352471167 7.4089021546500069 -4.0669814992696045 36.155618667602539 23.436324564615873 0.11001866658528639 35.182558441162115 9.2472051620483384 18.167359415690097 -0.34199646803048933 1.6480539934975758 23.191423543294274 -3.4886229912439983 -7.281704582108393 5.4871955308047209 16.416092027936664 1.0651079000532628 -0.022506359098074233 -0.95598378099741488 -4.6782887110539848 -1.960125656425953 2.7555547684431079 3.3268054522000825 29.314479370117187 -6.4916642176902899 30.815043131510397 -0.9904463855709349 21.513315073649085 2.7018680334091187
leaf_weight=129 49 18 11.999999999999998 3.0000000000000009 3.0000000000000009 3.9999999999999982 5 3 13.000000000000002 14.000000000000002 2.9999999999999991 5.9999999999999991 36 22 6.9999999999999991 140 184 62 35 3.9999999999999991 15.999999999999998 12.999999999999998 9.9999999999999982 59 3.0000000000000009 35 6 7.9999999999999991
leaf_count=129 49 18 12 3 3 4 5 3 13 14 3 6 36 22 7 140 184 62 35 4 16 13 10 59 3 35 6 8
internal_value=0.209662 -2.03984 12.9902 22.8186 16.0583 7.56758 20.774 29.5789 6.04376 0.680972 8.31943 -6.18371 -4.29892 2.22852 6.57073 1.66564 -0.330461 -1.65596 -5.99833 -7.28317 0.199739 1.4924 27.958 -7.39643 35.0875 -1.35603 20.398 1.995
internal_weight=902 767 135 48 24 87 9 24 78 463 52 304 112 183 21 162 280 80 71 192 200 26 13 188 15 41 9 11
internal_count=902 767 135 48 24 87 9 24 78 463 52 304 112 183 21 162 280 80 71 192 200 26 13 188 15 41 9 11
is_linear=0
shrinkage=0.05


Tree=12
num_leaves=30
num_cat=0
split_feature=3 1 4 4 7 4 4 3 4 4 1 2 1 4 0 4 4 2 4 0 4 1 2 1 2 0 2 4 1
split_gain=8.30283e+06 2.89783e+06 1.9135e+06 494835 772166 1.47661e+06 505993 959373 304641 288968 271220 194249 185999 260788 184829 249334 113489 143304 116734 48812.9 28082.7 24648 19062.9 18875.6 9627.21 7839.25 37691.1 3517.11 1719.73
threshold=0.86434852800430806 19000.980000000003 42910.000000000007 44735.000000000007 5.5000000000000009 44810.000000000007 44012.500000000007 0.89974334325780825 36662.500000000007 45077.500000000007 27840.805000000004 4130.3250000000007 12421.950000000001 36662.500000000007 37780.900000000009 36372.500000000007 37740.000000000007 8653.7400000000016 39052.500000000007 28727.050000000003 39497.500000000007 35923.330000000009 18453.175000000003 33701.890000000007 3451.7000000000003 30613.850000000002 19873.480000000003 42555.000000000007 32320.850000000002
decision_type=2 2 2 2 2 2 2 2 2 2 2 2 2 2 2 2 2 2 2 2 2 2 2 2 2 2 2 2 2
left_child=1 12 8 6 9 -6 7 -4 23 -5 16 -8 25 22 15 -12 17 -3 -18 -15 -16 28 -14 -2 -23 27 -27 -1 -10
right_child=2 10 3 4 5 -7 11 -9 21 -11 14 -13 13 19 20 -17 18 -19 -20 -21 -22 24 -24 -25 -26 26 -28 -29 -30
leaf_value=-7.6175039267834324 8.7106232722600279 11.469695281982423 4.293537139892579 31.44483161339393 26.117384847005209 1.3130764245986937 4.1000244617462149 37.146160278320302 -1.0987983567374093 19.36703186035156 14.139854288101198 12.312671783235338 -0.79408922504495694 -0.026803604761759442 2.2638664552143641 3.1720564714387844 -4.4458073721991651 0.3705568923918825 -0.84656129963696003 -6.5189257948513486 0.66289776208854867 3.3742002275254976 -2.8307380759716034 13.727341918945312 1.0615282523238825 -2.1196426928043368 -7.1377675114006838 -5.874093627929688 -0.025670099258422854
leaf_weight=81 3 2.9999999999999991 3.9999999999999982 13 12 12 12.000000000000002 5 6.9999999999999991 8 5.9999999999999991 18 27 2.9999999999999991 35 38 27 95 136 83 126 9.0000000000000018 20 5 8.9999999999999982 3.9999999999999991 58 2.9999999999999991 7.9999999999999991
leaf_count=81 3 3 4 13 12 12 12 5 7 8 6 18 27 3 35 38 27 95 136 83 126 9 20 5 9 4 58 3 8
internal_value=0.0226162 -1.97817 11.9473 16.2693 19.8419 13.7152 12.147 22.545 3.09252 26.8438 0.434722 9.02761 -6.0083 -4.65569 1.79579 4.66767 -0.634319 0.710326 -1.44276 -6.29246 1.01093 0.970443 -1.66075 11.8461 2.21786 -7.24047 -6.81402 -7.55524 -0.526463
internal_weight=870 745 125 84 45 24 39 9 41 21 466 30 279 133 205 44 261 98 163 86 161 33 47 8 18 146 62 84 15
internal_count=870 745 125 84 45 24 39 9 41 21 466 30 279 133 205 44 261 98 163 86 161 33 47 8 18 146 62 84 15
is_linear=0
shrinkage=0.05


Tree=13
num_leaves=31
num_cat=0
split_feature=2 4 3 4 2 7 4 4 4 0 6 4 4 3 3 4 4 8 4 2 4 3 0 6 0 0 4 4 6 0
split_gain=8.43754e+06 3.38662e+06 2.20208e+06 453370 418357 475559 1.15791e+06 461586 387058 304881 588045 295257 333304 230208 193671 121199 98505.6 72053.6 208565 53840.2 44612.7 117121 42017.8 41965.1 78616.3 34340 28042.1 15193 2289.92 790.057
threshold=6247.2300000000005 44735.000000000007 0.54979938235441972 42910.000000000007 4733.2450000000017 5.5000000000000009 44810.000000000007 44810.000000000007 45077.500000000007 38934.100000000006 75.500000000000014 36372.500000000007 36090.000000000007 0.67941011222495773 0.46426021142606416 36662.500000000007 40310.000000000007 2.5000000000000004 39052.500000000007 5276.8450000000003 36662.500000000007 0.37411409303619797 32546.350000000002 66.500000000000014 34011.150000000009 37508.450000000004 30732.500000000004 42752.500000000007 66.500000000000014 33753.200000000004
decision_type=2 2 2 2 2 2 2 2 2 2 2 2 2 2 2 2 2 2 2 2 2 2 2 2 2 2 2 2 2 2
left_child=1 3 14 11 5 8 -7 -6 -3 28 -11 12 -1 17 20 29 -17 18 -4 -9 21 -2 -19 24 -15 -13 -25 -22 -5 -16
right_child=2 4 13 9 7 6 -8 19 -10 10 -12 25 -14 23 15 16 -18 22 -20 -21 27 -23 -24 26 -26 -27 -28 -29 -30 -31
leaf_value=1.0168423235416411 -6.6633894377067442 31.76088663736979 -8.192115889276776 -0.11302576065063481 24.71667213439942 25.684996736966646 1.5081257581710812 8.4882333119710278 19.061517944335936 16.866047697067263 4.7412263131141668 -1.0384620018303394 15.043314954969615 8.383859481811518 -1.2485424323515455 -7.0447621133306928 -2.9581184331576029 -6.8744349638621021 0.29343411008516951 -0.3727440565824508 -7.2914958885737837 -2.0735313432912035 -0.88297876352522564 4.3654534912109382 1.466244095304738 1.7023165252804757 0.58249670511558038 -4.8904121126447411 1.5380627564021518 -0.69808361083269121
leaf_weight=8 61 15 14.000000000000002 2.9999999999999982 3.9999999999999982 13 8 3 10 20 20 15.999999999999998 9 5.0000000000000027 11.000000000000002 29 30 2.9999999999999991 14.999999999999998 4 112 18 119 4.9999999999999991 23 40 242 6.9999999999999991 7 15.999999999999998
leaf_count=8 61 15 14 3 4 13 8 3 10 20 20 16 9 5 11 29 30 3 15 4 112 18 119 5 23 40 242 7 7 16
internal_value=0.183423 9.8523 -2.26784 5.18353 19.927 22.0217 16.4748 11.1673 26.6811 8.85146 10.8036 2.67126 8.44262 0.00574764 -5.67822 -3.69703 -4.96681 -1.56282 -3.80304 3.42482 -6.53874 -5.6176 -1.03031 0.867034 2.70153 0.919237 0.659075 -7.15026 1.04274 -0.922345
internal_weight=890 180 710 123 57 46 21 11 25 50 40 73 17 426 284 86 59 151 29 7 198 79 122 275 28 56 247 119 10 27
internal_count=890 180 710 123 57 46 21 11 25 50 40 73 17 426 284 86 59 151 29 7 198 79 122 275 28 56 247 119 10 27
is_linear=0
shrinkage=0.05


Tree=14
num_leaves=30
num_cat=0
split_feature=3 1 4 3 4 4 3 4 7 2 7 4 2 0 2 7 8 4 2 0 5 3 7 0 4 0 3 2 1
split_gain=6.73275e+06 2.39773e+06 1.97954e+06 510675 488569 767024 327202 222770 112828 162760 151234 102973 215666 100714 93473.2 92918.3 85369.5 139269 83657.2 50555.9 41177.1 28307.8 50532.1 19154.5 17228.8 16026.2 10976.1 4614.96 362.593
threshold=0.86434852800430806 17682.685000000001 42910.000000000007 0.89520582552481531 44012.500000000007 44735.000000000007 0.67108039671820052 36662.500000000007 4.5000000000000009 4733.2450000000017 1.5000000000000002 36662.500000000007 19985.695000000003 35767.450000000004 7374.8350000000009 5.5000000000000009 2.5000000000000004 39052.500000000007 3971.0750000000003 40611.250000000007 16.500000000000004 0.51882332456677704 3.5000000000000004 37547.900000000009 42262.500000000007 38024.450000000004 0.89793050820045328 19499.070000000003 32320.850000000002
decision_type=2 2 2 2 2 2 2 2 2 2 2 2 2 2 2 2 2 2 2 2 2 2 2 2 2 2 2 2 2
left_child=1 11 7 8 18 -6 16 25 10 -10 -4 12 27 -14 15 -8 17 -3 -5 -16 -18 24 -23 28 -13 -2 -25 -1 -9
right_child=2 6 3 4 5 -7 14 23 9 -11 -12 21 13 -15 19 -17 20 -19 -20 -21 -22 22 -24 26 -26 -27 -28 -29 -30
leaf_value=-0.79804961023231347 12.634892082214357 -7.717633192879811 12.223252269199904 36.855904134114581 5.8396655048642847 19.4377399122715 1.6284986602626377 -0.99193533488682351 22.932692464192712 7.5262657403945914 2.6409416842460636 -6.9051312861480119 -6.7137731821860305 0.67707756996154789 0.17219383701682092 5.8432107146581016 -2.1512205156497659 0.0080778950452804563 25.047914123535151 2.6974539821798151 -0.36454396183674154 -0.41042505264282236 -7.9502305984497061 0.43264789581298824 -5.6069974957965316 7.8004789193471256 2.3848602241939969 -2.1257006963094076 -0.4344464111328124
leaf_weight=24 3.9999999999999991 14.000000000000002 7.0000000000000062 2.9999999999999991 13.999999999999998 40 102 6.9999999999999982 2.9999999999999991 4 9.9999999999999982 127 59 4.9999999999999991 200 14.999999999999998 64 9.9999999999999982 3 22 65 4.9999999999999982 4 12.000000000000002 32 3 18 8.9999999999999982 5
leaf_count=24 4 14 7 3 14 40 102 7 3 4 10 127 59 5 200 15 64 10 3 22 65 5 4 12 32 3 18 9 5
internal_value=-0.0834224 -1.90626 10.2917 14.9506 17.4163 15.9123 0.158939 2.30499 8.78647 14.129 6.5866 -5.74053 -4.44342 -6.13636 1.02519 2.16885 -1.76039 -4.49859 30.9519 0.422445 -1.25096 -6.48946 -3.76145 0.928654 -6.64387 10.563 1.60398 -1.16014 -0.759648
internal_weight=890 757 133 84 60 54 492 49 24 7 17 265 97 64 339 117 153 24 6 222 129 168 9 42 159 7 30 33 12
internal_count=890 757 133 84 60 54 492 49 24 7 17 265 97 64 339 117 153 24 6 222 129 168 9 42 159 7 30 33 12
is_linear=0
shrinkage=0.05


Tree=15
num_leaves=26
num_cat=0
split_feature=2 4 1 0 4 2 0 1 4 4 1 4 4 1 4 4 1 1 6 6 4 3 4 4 1
split_gain=5.77591e+06 3.06974e+06 1.86936e+06 487084 361181 227279 351774 438690 198863 274823 174539 235867 172653 108765 66739.4 111450 56304.4 42885.5 41229.6 40777.4 36063.3 10563.6 4326.72 10684.1 1470.47
threshold=6247.2300000000005 44735.000000000007 20160.540000000005 41448.650000000001 44012.500000000007 1263.7750000000003 41356.400000000001 38979.740000000005 36372.500000000007 36090.000000000007 12421.950000000001 36662.500000000007 44395.000000000007 26733.540000000005 37740.000000000007 39052.500000000007 39645.480000000003 17612.965 66.500000000000014 61.500000000000007 39497.500000000007 0.42864238990167675 29480.000000000004 36662.500000000007 11762.705
decision_type=2 2 2 2 2 2 2 2 2 2 2 2 2 2 2 2 2 2 2 2 2 2 2 2 2
left_child=1 3 10 8 -5 -3 7 -7 9 -1 22 21 -10 14 18 -16 -8 -13 -4 -15 -21 -12 24 -24 -2
right_child=2 5 13 4 -6 6 16 -9 12 -11 11 17 -14 19 15 -17 -18 -19 -20 20 -22 -23 23 -25 -26
leaf_value=1.0928022801876067 -6.706806017004924 5.5322015444437662 4.5088296512762707 29.633718872070304 7.6888946866989123 19.393565707437457 22.28524881998699 1.799254220724106 1.2034968564430111 13.526135330200194 -2.3522322731358662 -5.8940041832021768 6.3111033309073683 6.7478141784667969 -4.7244079714729672 -0.69939833690461362 30.472373308454237 -3.8091773139463889 0.16501341089606286 1.9010386247126783 0.45774580910301854 -0.75643256966024641 -5.3815270852735821 -6.4302565585865699 -7.8837631225585945
leaf_weight=8 23.000000000000004 2.9999999999999991 5.9999999999999991 3 5 31 2.9999999999999982 3.9999999999999991 78 10 13.999999999999998 74 21 2.9999999999999991 21 95 7 37 61 61 149 40 34 85 2.9999999999999991
leaf_count=8 23 3 6 3 5 31 3 4 78 10 14 74 21 3 21 95 7 37 61 61 149 40 34 85 3
internal_value=-0.0784412 8.10932 -2.08479 3.98204 15.9182 18.8574 19.7458 17.3828 3.16589 8.00021 -4.9927 -3.88051 2.28693 0.191602 -0.702386 -1.42806 28.0162 -5.19906 0.554012 0.959676 0.876988 -1.17016 -6.25829 -6.13062 -6.84261
internal_weight=879 173 706 125 8 48 45 35 117 18 310 165 99 396 183 116 10 111 67 213 210 54 145 119 26
internal_count=879 173 706 125 8 48 45 35 117 18 310 165 99 396 183 116 10 111 67 213 210 54 145 119 26
is_linear=0
shrinkage=0.05


Tree=16
num_leaves=29
num_cat=0
split_feature=2 4 3 0 7 4 0 4 4 3 0 3 7 4 4 4 4 6 2 4 3 2 0 4 0 7 6 6
split_gain=5.50058e+06 1.99533e+06 1.60756e+06 495284 379359 1.32739e+06 434732 351141 224311 153717 146302 140648 112549 100516 57184.9 49799.4 154865 45866.7 121286 42496.9 104165 30036 29189.5 20009.8 9927.16 7629.44 1938.93 817.937
threshold=6247.2300000000005 44735.000000000007 0.54979938235441972 41499.100000000013 5.5000000000000009 44810.000000000007 39181.80000000001 45077.500000000007 44012.500000000007 0.69122669255524605 35098.850000000006 0.46426021142606416 2.5000000000000004 36662.500000000007 40310.000000000007 37740.000000000007 39052.500000000007 69.500000000000014 7299.8600000000015 36662.500000000007 0.37411409303619797 3725.7150000000006 35504.850000000006 42752.500000000007 39967.100000000006 1.0000000180025095e-35 70.500000000000014 73.500000000000014
decision_type=2 2 2 2 2 2 2 2 2 2 2 2 2 2 2 2 2 2 2 2 2 2 2 2 2 2 2 2
left_child=1 3 11 10 6 24 -3 -8 -5 15 26 19 -12 27 -15 25 -17 18 -11 20 -2 -7 -19 -21 -6 -4 -1 -13
right_child=2 4 9 8 5 21 7 -9 -10 17 12 13 -14 14 -16 16 -18 22 -20 23 -22 -23 -24 -25 -26 -27 -28 -29
leaf_value=-2.1673501332600913 -5.6748208374812688 7.1768834114074656 1.7945810419817765 28.152032470703126 21.013691711425778 1.1272237342264917 29.181019083658853 16.116048177083332 8.8167957623799609 6.5161474645137787 5.8061993832886216 -0.92196446138879518 2.4546159557131837 -6.0251607965540011 -2.877688680541131 -7.3884575583718046 -1.1379942510724068 -1.3223233142069408 0.88415245634127171 -6.2149578118127238 -1.4902636309200898 -4.6497378031412735 0.65108341833298233 -2.9872172164916995 23.676552690778458 -0.10109170830768088 -0.73332134593616838 -0.3046908055033003
leaf_weight=2.9999999999999991 58 5.0000000000000027 5.9999999999999991 2.9999999999999991 7 8.9999999999999982 12 9 3 11.999999999999998 60 23.000000000000004 43 27 31 10.999999999999998 100 21 47 121 20 3.0000000000000009 174 4.9999999999999991 7 46 10.999999999999998 6.9999999999999991
leaf_count=3 58 5 6 3 7 9 12 9 3 12 60 23 43 27 31 11 100 21 47 121 20 3 174 5 7 46 11 7
internal_value=0.00631656 7.94507 -1.95318 4.47365 16.1563 11.8857 20.427 23.5817 18.4844 0.039121 3.75514 -4.79834 4.40699 -3.12756 -4.34289 -1.15923 -1.75741 0.808144 2.02964 -5.51907 -4.60186 -0.317017 0.438563 -6.08687 22.3451 0.11764 -1.04061 -0.777934
internal_weight=884 175 709 123 52 26 26 21 6 417 117 292 103 88 58 163 111 254 59 204 78 12 195 126 14 52 14 30
internal_count=884 175 709 123 52 26 26 21 6 417 117 292 103 88 58 163 111 254 59 204 78 12 195 126 14 52 14 30
is_linear=0
shrinkage=0.05


Tree=17
num_leaves=29
num_cat=0
split_feature=2 1 4 0 6 4 1 4 0 0 4 4 4 6 3 4 2 0 4 2 0 1 2 4 6 3 1 0
split_gain=4.7979e+06 1.71455e+06 1.29906e+06 334863 403615 577855 231064 221516 110625 98918.3 195897 94093.5 117124 78483.5 78029.3 54450.8 42324.7 36482.2 27161.2 92367.1 26037.8 20298.9 7644.93 6335.23 3388.03 1177.31 1069.36 576.17
threshold=5492.9000000000005 17682.685000000001 42910.000000000007 37758.30000000001 77.500000000000014 44012.500000000007 27178.870000000003 36662.500000000007 40659.650000000009 35504.850000000006 42910.000000000007 37740.000000000007 39052.500000000007 64.500000000000014 0.46426021142606416 36662.500000000007 9505.2750000000015 38071.500000000007 36662.500000000007 19985.695000000003 32862.350000000006 35923.330000000009 3451.7000000000003 42752.500000000007 71.500000000000014 0.87226000674670257 33701.890000000007 33753.200000000004
decision_type=2 2 2 2 2 2 2 2 2 2 2 2 2 2 2 2 2 2 2 2 2 2 2 2 2 2 2 2
left_child=2 14 7 25 5 -5 11 17 -6 10 -8 16 -13 -11 18 27 -3 26 19 -2 -17 24 -23 -20 -9 -4 -1 -16
right_child=1 6 3 4 8 -7 9 21 -10 13 -12 12 -14 -15 15 20 -18 -19 23 -21 -22 22 -24 -25 -26 -27 -28 -29
leaf_value=11.369816398620609 -1.4299287228023305 4.81174635887146 1.4355472882588707 31.207644653320315 12.968265507221213 13.492253517076888 16.655437215169272 -1.6581196212768543 4.3041401496955327 4.8795455260918699 -1.4137207667032874 -4.3060577250438543 -0.96530580373946584 0.87270241600424792 -1.0622929547659374 -5.2312713587725606 0.085434627833051821 4.2443867603937777 -5.9721960067749027 -5.5902030860224086 -2.7332732488127318 2.6769474124908439 0.76678619818253957 -4.3052799860636393 -0.16701419837772846 0.034768764177958163 10.121020762125649 -0.41496561050415037
leaf_weight=3.9999999999999982 17 4.9999999999999991 2.9999999999999991 4.9999999999999991 5.0000000000000027 58 2.9999999999999991 5.0000000000000027 13.999999999999998 12.999999999999998 3 33 128 204 10.999999999999998 27 90 3 114 62 17 10.000000000000002 10.999999999999998 5.9999999999999991 15.999999999999998 3 3 4.9999999999999991
leaf_count=4 17 5 3 5 5 58 3 5 14 13 3 33 128 204 11 27 90 3 114 62 17 10 11 6 16 3 3 5
internal_value=-0.0510685 -1.66091 8.43511 12.1375 12.9718 14.8982 0.11123 2.16955 6.58417 1.28785 7.62086 -0.913716 -1.65006 1.11274 -4.93835 -3.35783 0.334188 8.85755 -5.41489 -4.69495 -4.26614 0.577174 1.67639 -5.88885 -0.522039 0.735158 10.8346 -0.860003
internal_weight=878 738 140 88 82 63 479 52 19 223 6 256 161 217 259 60 95 10 199 79 44 42 21 120 21 6 7 16
internal_count=878 738 140 88 82 63 479 52 19 223 6 256 161 217 259 60 95 10 199 79 44 42 21 120 21 6 7 16
is_linear=0
shrinkage=0.05


Tree=18
num_leaves=26
num_cat=0
split_feature=3 1 4 2 3 3 0 0 2 2 4 4 1 4 4 0 0 1 4 8 8 3 6 2 0
split_gain=4.89461e+06 1.59618e+06 1.07291e+06 386049 358107 736304 406185 188201 419635 160255 153741 328226 135637 131607 61043.4 57205.4 46749 46237.1 42203.8 33066 16389.2 14489 6611.26 5555.06 992.006
threshold=0.86434852800430806 20002.860000000004 44735.000000000007 1263.7750000000003 0.91111704901026602 0.90674555706151083 41499.100000000013 41499.100000000013 1517.9200000000003 9185.6500000000033 36372.500000000007 36090.000000000007 14137.220000000001 37740.000000000007 41855.000000000007 35767.450000000004 34740.000000000007 22740.105000000003 30732.500000000004 2.5000000000000004 2.5000000000000004 0.39592269880324799 74.500000000000014 19121.375000000004 41205.80000000001
decision_type=2 2 2 2 2 2 2 2 2 2 2 2 2 2 2 2 2 2 2 2 2 2 2 2 2
left_child=1 12 4 -4 5 6 -2 8 -5 10 11 -3 15 23 -15 21 -12 19 -19 -11 24 -1 -22 -14 -6
right_child=2 9 3 7 20 -7 -8 -9 -10 17 16 -13 13 14 -16 -17 -18 18 -20 -21 22 -23 -24 -25 -26
leaf_value=-5.494566749046589 5.5353462535474041 0.97431882023811345 2.4976469177007679 0.71037197709083566 -0.66275165379047374 32.255974324544269 24.536745198567711 26.312123107910157 17.951073592503867 -3.3721512535039118 -1.4759423759248522 12.782900238037104 -0.46279935196918603 -5.3138925503711318 -2.6233504691639462 1.6731763521830243 1.2188331253630551 3.838815062386649 -0.12314224383358419 -0.88723950644452421 0.45886996984481815 -4.2702874023338842 2.8640426445007328 -1.9271824806928635 0.30161627531051638
leaf_weight=145 45 17 4.9999999999999991 3.9999999999999991 8.0000000000000018 2.9999999999999991 2.9999999999999991 4.9999999999999991 30 17 18 9.0000000000000018 34 49 37 2.9999999999999991 152 6.9999999999999991 169 63 3.9999999999999991 29 9.9999999999999982 7.9999999999999991 3.9999999999999991
leaf_count=145 45 17 5 4 8 3 3 5 30 17 18 9 34 49 37 3 152 7 169 63 4 29 10 8 4
internal_value=0.0117159 -1.48083 9.34935 15.5778 5.79025 8.22488 6.72293 17.2547 15.9228 0.405184 1.48115 5.0619 -4.27583 -3.03592 -4.15633 -5.17249 0.933504 -0.418602 0.0344356 -1.41528 1.01463 -5.29052 2.17685 -0.741729 -0.341296
internal_weight=878 757 121 44 77 51 48 39 34 452 196 26 305 128 86 177 170 256 176 80 26 174 14 42 12
internal_count=878 757 121 44 77 51 48 39 34 452 196 26 305 128 86 177 170 256 176 80 26 174 14 42 12
is_linear=0
shrinkage=0.05


Tree=19
num_leaves=29
num_cat=0
split_feature=3 3 4 4 2 3 2 0 2 2 4 4 4 1 4 0 4 4 2 4 4 0 3 1 3 4 4 1
split_gain=3.83196e+06 1.54969e+06 1.27759e+06 291359 245508 424555 236125 257780 319528 131709 170878 285339 127757 114480 179709 55051.9 56716.4 54549.1 30573.8 28021.6 14319.9 13732.7 13410.4 10977.2 3077.29 16946.3 1522.9 1415.73
threshold=0.86434852800430806 0.56785804986644639 44735.000000000007 42910.000000000007 3561.7250000000008 0.90674555706151083 1263.7750000000003 41356.400000000001 1517.9200000000003 8062.5500000000002 36372.500000000007 36090.000000000007 36662.500000000007 12275.635000000002 36662.500000000007 40611.250000000007 36372.500000000007 44395.000000000007 18656.605000000003 43067.500000000007 39905.000000000007 38024.450000000004 0.42864238990167675 39938.810000000005 0.36476839933790906 34905.000000000007 39295.000000000007 37457.610000000008
decision_type=2 2 2 2 2 2 2 2 2 2 2 2 2 2 2 2 2 2 2 2 2 2 2 2 2 2 2 2
left_child=1 13 3 12 27 -6 -4 8 -8 10 11 -3 21 24 22 16 -11 -12 -16 -17 -14 -2 -15 -9 26 -26 -1 -5
right_child=2 9 6 4 5 -7 7 23 -10 15 17 -13 20 14 18 19 -18 -19 -20 -21 -22 -23 -24 -25 25 -27 -28 -29
leaf_value=-5.3233584156742806 10.848259989420574 0.95053016126155832 3.0212180972099305 -1.2182802279790241 7.2127103936892967 24.66715774536133 0.67485336661338813 22.199491882324221 15.719202302296956 0.69646804360358905 0.4337526053343852 14.112648446219309 2.7208455766950337 -2.3921709035124099 -4.0614696294244599 1.1140423456827795 -0.83434064961457377 2.7364187334265031 -6.1919558752150765 5.2989523569742838 0.24352479423795428 6.0641300201416 -0.62024296932750289 26.2005500793457 -1.1494252840677897 -5.4886898676554363 -4.9035235087076821 0.15563450336456297
leaf_weight=108 2.9999999999999991 10.000000000000002 3.9999999999999991 3 27.000000000000004 3.9999999999999991 3.9999999999999991 2.9999999999999991 30 89 97 6.9999999999999991 6.9999999999999991 13.999999999999998 85 12.000000000000002 189 35 21 5.9999999999999991 35 3 45 4 2.9999999999999991 8.9999999999999982 27 5
leaf_count=108 3 10 4 3 27 4 4 3 30 89 97 7 7 14 85 12 189 35 21 6 35 3 45 4 3 9 27 5
internal_value=-0.0839359 -1.45472 7.77729 4.23956 7.44962 9.4649 14.6169 15.7482 13.9493 0.439551 1.65196 6.37023 1.63138 -4.15648 -3.25247 -0.170752 -0.344262 1.04431 -4.48355 2.50901 0.656412 8.4562 -1.0407 24.4858 -5.17119 -4.40387 -5.23939 -0.359584
internal_weight=889 757 132 87 39 31 45 41 34 445 149 17 48 312 165 296 278 132 106 18 42 6 59 7 147 12 135 8
internal_count=889 757 132 87 39 31 45 41 34 445 149 17 48 312 165 296 278 132 106 18 42 6 59 7 147 12 135 8
is_linear=0
shrinkage=0.05


Tree=20
num_leaves=31
num_cat=0
split_feature=2 3 4 7 4 2 3 4 3 3 6 7 4 4 4 4 4 3 2 0 4 3 5 8 2 0 2 6 0 2
split_gain=3.6327e+06 1.32796e+06 1.1799e+06 396864 909984 276030 385385 232048 125561 122000 94766.2 87237.2 84308.5 82109.4 42729.6 203717 55873.5 39516.4 31234.1 29954.3 28766.4 78317.4 18927.8 16450 12472.8 10943.4 8471.04 4465.27 1743.14 1689.36
threshold=4733.2450000000017 0.56555321474410936 44735.000000000007 5.5000000000000009 44810.000000000007 3561.7250000000008 0.90390120488915582 45077.500000000007 0.75851610848296602 0.46854785650212277 74.500000000000014 1.0000000180025095e-35 37740.000000000007 40310.000000000007 44395.000000000007 44810.000000000007 36372.500000000007 0.65813565862614254 12617.030000000002 40677.000000000007 36662.500000000007 0.35351490478924757 18.500000000000004 2.5000000000000004 4091.4250000000006 40990.30000000001 15319.040000000003 74.500000000000014 40336.30000000001 15555.820000000002
decision_type=2 2 2 2 2 2 2 2 2 2 2 2 2 2 2 2 2 2 2 2 2 2 2 2 2 2 2 2 2 2
left_child=2 9 5 7 24 23 11 22 17 20 -8 -7 29 -14 16 -16 -10 18 -3 -19 21 -2 -4 -1 -5 -6 -22 -25 -9 -11
right_child=1 8 3 4 25 6 10 28 14 12 -12 -13 13 -15 15 -17 -18 19 -20 -21 26 -23 -24 27 -26 -27 -28 -29 -30 -31
leaf_value=-0.75535958409309378 -4.8994733845103875 -2.9573398254419629 24.805830307006836 19.701748275756838 -3.7353595733642564 11.628021430969239 24.165866470336915 11.984903717041014 3.3610762220621115 0.35662922203540803 12.40998339653015 3.809317388317802 -5.6206524248476386 -2.0144548649850647 6.0361199586287793 -0.36745343743651004 0.52794984937158984 -0.067722569391885895 -0.69942607304340676 2.4291559512798604 -2.419677225748698 -1.5692485304979178 20.277573903401681 0.42375024557113661 16.025855000813792 -0.12594132763998847 -5.109599660237631 2.517916079929897 13.509432373046872 -0.63378305029003856
leaf_weight=16.000000000000004 55 19 9.9999999999999982 9.9999999999999982 3 3.9999999999999991 2.9999999999999991 3 20 4.9999999999999991 4 33 27 38 23 27 134 158 79 12.999999999999998 2.9999999999999991 26 3.0000000000000009 3.9999999999999982 3.0000000000000009 7 120 7 5 31
leaf_count=16 55 19 10 10 3 4 3 3 20 5 4 33 27 38 23 27 134 158 79 13 3 26 3 4 3 7 120 7 5 31
internal_value=-0.0599669 -1.28604 8.23471 14.6682 10.1308 4.24777 6.68993 19.6378 0.372751 -3.85854 17.4482 4.65458 -2.43734 -3.51241 1.30822 2.57819 0.895888 -0.336674 -1.13718 0.122099 -4.56217 -3.83051 23.7608 0.26795 18.8535 -1.20877 -5.04399 1.7564 12.9377 -0.496226
internal_weight=893 778 115 44 23 71 44 21 473 305 7 37 101 65 204 50 154 269 98 171 204 81 13 27 13 10 123 11 8 36
internal_count=893 778 115 44 23 71 44 21 473 305 7 37 101 65 204 50 154 269 98 171 204 81 13 27 13 10 123 11 8 36
is_linear=0
shrinkage=0.05


Tree=21
num_leaves=29
num_cat=0
split_feature=2 4 1 4 7 0 0 4 1 4 0 7 1 4 4 0 6 0 0 2 0 2 0 0 7 3 3 6
split_gain=3.72217e+06 1.27019e+06 1.02661e+06 294336 831229 438484 271777 325997 122458 150125 101090 89114.8 54237.3 55599.9 55045.5 51738.7 43872.8 108157 50177.4 36030.4 18288.2 15680.4 13486.7 12397.9 2830.52 3007.26 2664.68 2555.18
threshold=6247.2300000000005 44735.000000000007 20439.715000000004 44810.000000000007 5.5000000000000009 39181.80000000001 41396.900000000009 44012.500000000007 12275.635000000002 36662.500000000007 35098.850000000006 2.5000000000000004 27345.345000000005 37740.000000000007 39052.500000000007 34109.150000000009 63.500000000000007 36970.700000000004 34775.100000000006 11283.830000000002 40956.30000000001 20495.430000000004 38052.700000000004 39967.100000000006 3.5000000000000004 0.36476839933790906 0.36476839933790906 70.500000000000014
decision_type=2 2 2 2 2 2 2 2 2 2 2 2 2 2 2 2 2 2 2 2 2 2 2 2 2 2 2 2
left_child=1 6 8 22 5 -5 10 -8 24 21 27 -12 13 15 -15 -4 17 -14 -18 -11 -6 -10 -3 -24 25 -2 -26 -1
right_child=2 3 12 4 20 -7 7 -9 9 19 11 -13 16 14 -16 -17 18 -19 -20 -21 -22 -23 23 -25 26 -27 -28 -29
leaf_value=-2.309992790222168 -4.6035917810293343 22.028712463378909 5.6424729537963874 3.5580455223719256 -4.1564274787902837 18.884555562337241 22.786621475219732 3.6359969139099118 -0.4718068710782311 0.88359541296958932 4.9618622171559501 1.8939370494699332 -0.67688866257667546 -3.1616821577151617 -0.49261094388561422 0.36991079386824105 7.0846509297688804 11.882131576538084 0.5642751616493451 -3.9422609804850866 0.42125759422779085 -2.7231237411499025 15.496923319498698 19.208444468180339 -4.8436752864292698 -3.6283925904168024 -6.0428755950927737 -0.64622744560241707
leaf_weight=2.9999999999999991 65 2.9999999999999991 4.9999999999999991 6.0000000000000027 2.9999999999999991 21 3.9999999999999982 5 55 3.9999999999999991 56 41 3.9999999999999991 24 99 67 2.9999999999999991 3 179 117 7.9999999999999991 8.9999999999999982 2.9999999999999991 8.9999999999999982 63 8.9999999999999982 4.9999999999999991 9.9999999999999982
leaf_count=3 65 3 5 6 3 21 4 5 55 4 56 41 4 24 99 67 3 3 179 117 8 9 3 9 63 9 5 10
internal_value=0.0609859 6.66121 -1.53569 13.0996 10.7585 15.4787 3.7937 12.1474 -3.59456 -2.74685 3.11021 3.66511 0.217567 -0.367449 -1.01341 0.736061 0.821154 4.70555 0.671754 -3.78273 -0.827202 -0.788398 19.0302 18.2806 -4.69898 -4.48499 -4.93185 -1.03017
internal_weight=883 172 711 53 38 27 119 9 327 185 110 97 384 195 123 72 189 7 182 121 11 64 15 12 142 74 68 13
internal_count=883 172 711 53 38 27 119 9 327 185 110 97 384 195 123 72 189 7 182 121 11 64 15 12 142 74 68 13
is_linear=0
shrinkage=0.05


Tree=22
num_leaves=31
num_cat=0
split_feature=3 1 4 7 4 3 3 1 4 1 2 2 4 4 4 4 4 3 2 8 4 4 1 3 4 8 6 1 2 1
split_gain=2.77005e+06 1.03097e+06 902689 372864 830837 202257 622915 402144 199993 110574 81399.4 58912.5 54010.9 209275 50027.7 44784 38835.2 80630 37782.7 30538.1 106188 28672.5 24033.4 21404.9 18579.4 11840.8 4165.15 3774.8 1365.92 978.487
threshold=0.86434852800430806 20439.715000000004 44735.000000000007 5.5000000000000009 44810.000000000007 0.91111704901026602 0.90674555706151083 37226.155000000006 45077.500000000007 17531.555000000004 9952.1050000000014 3876.1850000000009 36372.500000000007 36090.000000000007 37740.000000000007 41325.000000000007 36662.500000000007 0.39592269880324799 2676.4450000000006 2.5000000000000004 39295.000000000007 44395.000000000007 35211.140000000007 0.56079739491435732 30732.500000000004 2.5000000000000004 75.500000000000014 38099.400000000001 16767.380000000001 37833.355000000003
decision_type=2 2 2 2 2 2 2 2 2 2 2 2 2 2 2 2 2 2 2 2 2 2 2 2 2 2 2 2 2 2
left_child=1 9 5 8 22 6 7 -2 11 16 12 -4 13 -3 28 -16 17 -1 -6 20 -12 -14 -5 -18 -21 29 -27 -10 -11 -7
right_child=2 10 3 4 18 25 -8 -9 27 14 19 -13 21 -15 15 -17 23 -19 -20 24 -22 -23 -24 -25 -26 26 -28 -29 -30 -31
leaf_value=-4.1681567887128415 2.8886571272214256 0.69263434799448143 22.888885879516604 13.012534077962233 0.31274236043294273 -0.73022909334727659 27.555202738444013 21.795308430989586 9.5953603108723922 -0.091201098014911025 -6.080252971649168 14.900024668375643 0.27966022101969557 9.3534115685356998 -4.6147737121582031 -1.4404393221139908 -4.4859319709484877 -0.98449756952623524 -6.1665152867635058 1.671890898851248 0.23008441090583803 1.7368750683285974 18.115099945068362 -0.22129328250885011 -0.29271770279436304 0.56295160055160531 2.4260033289591472 11.838811035156247 -0.8134942226939732 0.15649758577346803
leaf_weight=59 45 31 9.9999999999999982 3.0000000000000009 8.9999999999999982 14.000000000000005 2.9999999999999991 2.9999999999999991 3 24 10.000000000000002 3.0000000000000009 145 8.9999999999999982 20 25 153 30 3.0000000000000009 12.999999999999998 20 44 9.9999999999999982 2.9999999999999991 162 5.9999999999999982 6 5 8.9999999999999982 3.9999999999999991
leaf_count=59 45 31 10 3 9 14 3 3 3 24 10 3 145 9 20 25 153 30 3 13 20 44 10 3 162 6 6 5 9 4
internal_value=-0.121148 -1.26756 6.71221 12.3059 8.18015 3.53553 5.45179 4.07032 17.2176 -3.40645 0.324284 21.0453 0.972164 2.64131 -1.76688 -2.85125 -3.92844 -3.09501 -1.30707 -0.399446 -1.87336 0.618906 16.9376 -4.40392 -0.146775 0.277884 1.49448 10.9975 -0.28819 -0.533179
internal_weight=884 757 127 46 25 81 51 48 21 323 434 13 229 40 78 45 245 89 12 205 30 189 13 156 175 30 12 8 33 18
internal_count=884 757 127 46 25 81 51 48 21 323 434 13 229 40 78 45 245 89 12 205 30 189 13 156 175 30 12 8 33 18
is_linear=0
shrinkage=0.05


Tree=23
num_leaves=27
num_cat=0
split_feature=2 4 3 2 0 4 0 4 4 7 4 0 3 2 2 4 4 3 4 0 6 8 4 4 0 0
split_gain=2.98787e+06 1.25564e+06 811165 239156 178456 182926 156731 247302 101288 164943 152262 84233.1 65984.1 39955.6 35818.9 66427.1 35038.9 45400.6 32998.2 139964 29039.7 27425.5 111630 6384.99 5950.06 5859.24
threshold=6247.2300000000005 44735.000000000007 0.56555321474410936 1263.7750000000003 41396.900000000009 44012.500000000007 41356.400000000001 44810.000000000007 44012.500000000007 3.5000000000000004 36372.500000000007 34630.900000000009 0.68783610611397006 3561.7250000000008 18368.075000000004 36662.500000000007 39497.500000000007 0.48353422567352405 36372.500000000007 34775.100000000006 63.500000000000007 2.5000000000000004 39052.500000000007 36372.500000000007 34011.150000000009 35767.450000000004
decision_type=2 2 2 2 2 2 2 2 2 2 2 2 2 2 2 2 2 2 2 2 2 2 2 2 2 2
left_child=1 4 11 -3 8 -6 7 -5 10 -10 -1 14 21 -8 15 -2 25 -18 19 -14 -20 22 -4 -23 -16 -13
right_child=2 3 12 6 5 -7 13 -9 9 -11 -12 16 18 -15 24 -17 17 -19 20 -21 -22 23 -24 -25 -26 -27
leaf_value=5.7134783667676592 -0.20157301906082364 1.5768711090087892 -5.5514546174269448 17.227265112740653 19.983983357747391 4.3666548633575433 21.381543986002608 9.1352791856075157 10.592240598466661 2.6550555653870109 0.37203254442541833 -1.192914170878274 7.7725922584533693 14.314402008056639 -4.1119774247470655 -3.6397106721997261 -5.1125214503361631 -1.3527723567826409 3.2381787121295931 0.62917598759134608 0.16664777221803617 0.10417228134778829 0.77882412115732835 -0.67937184916092797 -5.7172987620035807 0.20772858411073686
leaf_weight=17 18 4.9999999999999991 13.000000000000002 13.999999999999998 3 5 5.9999999999999982 29 8.9999999999999982 24 62 14.000000000000002 7.9999999999999991 3 152 64 12.999999999999998 21 7.9999999999999991 48 202 39 14.999999999999998 78 5.9999999999999991 15.999999999999998
leaf_count=17 18 5 13 14 3 5 6 29 9 24 62 14 8 3 152 64 13 21 8 48 202 39 15 78 6 16
internal_value=0.0948944 5.91104 -1.34491 12.0214 3.0086 10.2232 13.0257 11.7699 2.49327 4.81974 1.52146 -3.3031 0.103491 19.0258 -3.73289 -2.885 -1.69138 -2.79032 0.571239 1.64966 0.283658 -0.754585 -2.16023 -0.41819 -4.17294 -0.445905
internal_weight=892 177 715 57 120 8 52 43 112 33 79 304 411 9 240 82 64 34 266 56 210 145 28 117 158 30
internal_count=892 177 715 57 120 8 52 43 112 33 79 304 411 9 240 82 64 34 266 56 210 145 28 117 158 30
is_linear=0
shrinkage=0.05


end of trees

feature_importances:
thermal_on_capacity=199
total_load=112
renewable_power=99
net_load=82
thermal_space_load_ratio=70
weekday=50
period=37
month=23
hour=7

parameters:
[boosting: gbdt]
[objective: regression]
[metric: rmse]
[tree_learner: serial]
[device_type: cpu]
[data_sample_strategy: bagging]
[data: ]
[valid: ]
[num_iterations: 400]
[learning_rate: 0.05]
[num_leaves: 31]
[num_threads: 0]
[seed: 42]
[deterministic: 0]
[force_col_wise: 0]
[force_row_wise: 0]
[histogram_pool_size: -1]
[max_depth: 5]
[min_data_in_leaf: 3]
[min_sum_hessian_in_leaf: 0.001]
[bagging_fraction: 0.85]
[pos_bagging_fraction: 1]
[neg_bagging_fraction: 1]
[bagging_freq: 1]
[bagging_seed: 400]
[bagging_by_query: 0]
[feature_fraction: 0.85]
[feature_fraction_bynode: 1]
[feature_fraction_seed: 30056]
[extra_trees: 0]
[extra_seed: 12879]
[early_stopping_round: 0]
[early_stopping_min_delta: 0]
[first_metric_only: 0]
[max_delta_step: 0]
[lambda_l1: 0]
[lambda_l2: 0]
[linear_lambda: 0]
[min_gain_to_split: 0]
[drop_rate: 0.1]
[max_drop: 50]
[skip_drop: 0.5]
[xgboost_dart_mode: 0]
[uniform_drop: 0]
[drop_seed: 17869]
[top_rate: 0.2]
[other_rate: 0.1]
[min_data_per_group: 100]
[max_cat_threshold: 32]
[cat_l2: 10]
[cat_smooth: 10]
[max_cat_to_onehot: 4]
[top_k: 20]
[monotone_constraints: ]
[monotone_constraints_method: basic]
[monotone_penalty: 0]
[feature_contri: ]
[forcedsplits_filename: ]
[refit_decay_rate: 0.9]
[cegb_tradeoff: 1]
[cegb_penalty_split: 0]
[cegb_penalty_feature_lazy: ]
[cegb_penalty_feature_coupled: ]
[path_smooth: 0]
[interaction_constraints: ]
[verbosity: -1]
[saved_feature_importance_type: 0]
[use_quantized_grad: 0]
[num_grad_quant_bins: 4]
[quant_train_renew_leaf: 0]
[stochastic_rounding: 1]
[linear_tree: 0]
[max_bin: 255]
[max_bin_by_feature: ]
[min_data_in_bin: 3]
[bin_construct_sample_cnt: 200000]
[data_random_seed: 175]
[is_enable_sparse: 1]
[enable_bundle: 1]
[use_missing: 1]
[zero_as_missing: 0]
[feature_pre_filter: 1]
[pre_partition: 0]
[two_round: 0]
[header: 0]
[label_column: ]
[weight_column: ]
[group_column: ]
[ignore_column: ]
[categorical_feature: ]
[forcedbins_filename: ]
[precise_float_parser: 0]
[parser_config_file: ]
[objective_seed: 16083]
[num_class: 1]
[is_unbalance: 0]
[scale_pos_weight: 1]
[sigmoid: 1]
[boost_from_average: 1]
[reg_sqrt: 0]
[alpha: 0.9]
[fair_c: 1]
[poisson_max_delta_step: 0.7]
[tweedie_variance_power: 1.5]
[lambdarank_truncation_level: 30]
[lambdarank_norm: 1]
[label_gain: ]
[lambdarank_position_bias_regularization: 0]
[eval_at: ]
[multi_error_top_k: 1]
[auc_mu_weights: ]
[num_machines: 1]
[local_listen_port: 12400]
[time_out: 120]
[machine_list_filename: ]
[machines: ]
[gpu_platform_id: -1]
[gpu_device_id: -1]
[gpu_use_dp: 0]
[num_gpu: 1]

end of parameters

pandas_categorical:[]
