tree
version=v4
num_class=1
num_tree_per_iteration=1
label_index=0
max_feature_idx=10
objective=regression
feature_names=total_load net_load renewable_power thermal_space_load_ratio thermal_on_capacity hour period weekday month is_weekend is_holiday
feature_infos=[22195.900000000001:44647.900000000001] [-11825.210000000003:42194.25] [1144.03:36022.5] [-0.52127464982271476:0.97282505160491894] [27170:48080] [15:19] [61:80] [0:6] [1:4] [0:1] none
tree_sizes=2705 2761 2783 2636 2739 2751 2745 2545 2800 2765 2383 2583 2798 2634 2597 2604 2553 2760 2818

Tree=0
num_leaves=31
num_cat=0
split_feature=2 1 4 4 4 7 4 4 0 2 4 1 4 8 1 2 4 0 4 0 1 4 8 6 0 7 2 7 1 8
split_gain=2.98575e+07 1.10538e+07 4.79982e+06 3.66693e+06 2.69391e+06 1.83782e+06 1.66836e+06 2.38315e+06 1.58247e+06 1.00322e+06 1.00257e+06 701949 854333 553017 467722 289749 316887 238243 147769 135804 96594.4 182332 78873.9 69631.5 32976.7 10769.1 8896.38 6204.01 3127.14 2386.65
threshold=5852.2250000000013 19714.720000000005 42910.000000000007 45602.500000000007 44735.000000000007 5.5000000000000009 46555.000000000007 47547.500000000007 41382.400000000001 11342.550000000001 36372.500000000007 14675.680000000002 36662.500000000007 2.5000000000000004 23934.190000000002 7253.8300000000008 36372.500000000007 38468.200000000004 36372.500000000007 37545.100000000006 11232.980000000003 36662.500000000007 2.5000000000000004 67.500000000000014 37452.700000000004 1.5000000000000002 19579.130000000005 3.5000000000000004 30217.730000000003 2.5000000000000004
decision_type=2 2 2 2 2 2 2 2 2 2 2 2 2 2 2 2 2 2 2 2 2 2 2 2 2 2 2 2 2 2
left_child=2 11 10 4 8 -6 27 -8 -4 15 17 20 26 14 -11 16 -3 24 -17 28 29 -22 -14 -15 -1 -21 -13 -5 -12 -2
right_child=1 9 3 6 5 -7 7 -9 -10 13 19 12 22 23 -16 18 -18 -19 -20 25 21 -23 -24 -25 -26 -27 -28 -29 -30 -31
leaf_value=295.20214919573169 255.04983010379735 283.84248281643892 283.26897871904163 270.37581624911331 313.94279649899505 294.77081599972746 307.72001547024752 273.20081628964448 309.19367460960819 258.15894138441587 267.47581628487609 267.217134452577 256.88452702938253 266.38980517896778 266.06623846060137 272.01287628338838 272.00869503905113 274.7508162133505 268.98698853274306 275.66748313433033 260.65467343086675 255.59677562372599 259.76007246170832 268.75818129054807 288.93653088053452 273.32563104511956 264.95391618893643 272.02331621335054 269.01397418322057 255.45277532167705
leaf_weight=2.9999999999999982 74 5.9999999999999991 37 8.0000000000000018 25 25 10 10 6.9999999999999991 32 4.0000000000000027 33 57 45 45 50 99 2.9999999999999991 209 5.9999999999999991 28 49 41 100 7 27 4.9999999999999991 20 19 73
leaf_count=3 74 6 37 8 25 25 10 10 7 32 4 33 57 45 45 50 99 3 209 6 28 49 41 100 7 27 5 20 19 73
internal_value=268.411 264.617 285.418 290.675 296.416 304.357 279.431 290.46 287.393 268.854 274.6 257.722 260.555 266.205 262.78 270.469 272.685 287.109 269.571 271.696 256.001 257.436 258.088 268.023 290.816 273.751 266.919 271.553 268.746 255.25
internal_weight=1157 946 211 142 94 50 48 20 44 586 69 360 136 222 77 364 105 13 259 56 224 77 98 145 10 33 38 28 23 147
internal_count=1157 946 211 142 94 50 48 20 44 586 69 360 136 222 77 364 105 13 259 56 224 77 98 145 10 33 38 28 23 147
is_linear=0
shrinkage=1


Tree=1
num_leaves=31
num_cat=0
split_feature=2 1 3 2 8 7 2 3 8 7 2 3 1 8 8 7 0 1 2 2 2 8 0 6 3 6 3 2 3 8
split_gain=2.40386e+07 9.51981e+06 2.02204e+06 2.52359e+06 1.49619e+06 2.74943e+06 1.10913e+06 961643 613349 900232 647848 536634 457434 831066 366608 363158 775270 282105 235281 233360 197668 181421 309583 125319 111875 90948.9 78688.2 46936.8 25346.3 49812.5
threshold=6267.3700000000017 19000.980000000003 0.89793050820045328 3458.8650000000002 2.5000000000000004 5.5000000000000009 4057.9100000000003 0.67970036494601394 2.5000000000000004 4.5000000000000009 4750.1950000000006 0.9134547091477826 12703.320000000003 3.5000000000000004 2.5000000000000004 1.5000000000000002 42413.100000000013 36381.30000000001 4164.0200000000013 3410.5300000000002 15752.315000000002 2.5000000000000004 35054.400000000009 70.500000000000014 0.76576567652658345 67.500000000000014 0.44205582830112838 18353.960000000003 0.36039930606048309 3.5000000000000004
decision_type=2 2 2 2 2 2 2 2 2 2 2 2 2 2 2 2 2 2 2 2 2 2 2 2 2 2 2 2 2 2
left_child=2 12 8 4 19 -6 11 14 15 17 -11 -5 28 27 20 16 -1 -10 -8 -4 -3 24 -23 -17 -9 -16 -15 -14 -2 -30
right_child=1 7 3 6 5 -7 18 21 9 10 -12 -13 13 26 25 23 -18 -19 -20 -21 -22 22 -24 -25 -26 -27 -28 -29 29 -31
leaf_value=5.4673901421683189 -12.411247351169587 -4.6641718168189437 3.5078427147102986 36.314483591226427 35.977704442342116 5.7043629455566398 5.7473081207275385 -1.097379741603381 9.0494030173619588 41.034309387207031 17.536583254554056 19.725422032674157 -10.266025316087823 -6.0739254295825962 -2.9509256904429577 8.0138017398970458 35.847332255045565 18.542399258083769 23.459127807617183 16.448366165161133 -12.328439331054689 10.378259251515072 2.1086936630257149 2.3420276783610463 1.5786163142749243 -0.17318576945911479 -1.8217568257275751 -12.501022585700539 -12.474001077505257 -7.4594473838806143
leaf_weight=6.9999999999999982 160 53 27.000000000000004 26 15 15 5 73 60 3.9999999999999991 10.999999999999998 5.9999999999999991 76 15.999999999999998 47 13.999999999999998 3 8.9999999999999982 3 3.9999999999999991 9.9999999999999982 11.999999999999998 199 32 84 79 34 34 13 8
leaf_count=7 160 53 27 26 15 15 5 73 60 4 11 6 76 16 47 14 3 9 3 4 10 12 199 32 84 79 34 34 13 8
internal_value=-0.132566 -3.89556 13.8889 19.281 12.8809 20.841 29.0411 0.132502 9.99884 12.701 23.8026 33.204 -10.4751 -8.52735 -2.76646 5.94557 14.5814 10.2876 12.3892 5.17759 -5.88072 1.62137 2.579 4.06822 0.334363 -1.20933 -3.18245 -10.9568 -12.1969 -10.5637
internal_weight=1139 898 241 101 61 30 40 557 140 84 15 32 341 160 189 56 10 69 8 31 63 368 211 46 157 126 50 110 181 21
internal_count=1139 898 241 101 61 30 40 557 140 84 15 32 341 160 189 56 10 69 8 31 63 368 211 46 157 126 50 110 181 21
is_linear=0
shrinkage=0.05


Tree=2
num_leaves=31
num_cat=0
split_feature=2 1 4 4 3 3 4 4 3 4 1 4 4 8 7 3 4 0 1 3 0 6 2 0 1 4 7 8 4 6
split_gain=2.30002e+07 8.67267e+06 3.90834e+06 3.26823e+06 2.37249e+06 1.19667e+06 1.13002e+06 1.49149e+06 794921 737486 577143 791294 388765 388734 303671 191100 161764 300122 151350 135307 94559.3 42731.1 41746.3 29761.5 27762 48270.3 8713.48 6884.59 6163.76 2222.17
threshold=5852.2250000000013 19714.720000000005 42910.000000000007 45602.500000000007 0.89467935233962004 0.97000117379689221 46555.000000000007 47547.500000000007 0.67970036494601394 36372.500000000007 13324.140000000001 36662.500000000007 36090.000000000007 2.5000000000000004 5.5000000000000009 0.62183744342060765 37740.000000000007 34775.100000000006 17540.610000000004 0.76906736526839048 37584.000000000007 67.500000000000014 19884.485000000004 37452.700000000004 12387.060000000001 37010.000000000007 3.5000000000000004 2.5000000000000004 42412.500000000007 70.500000000000014
decision_type=2 2 2 2 2 2 2 2 2 2 2 2 2 2 2 2 2 2 2 2 2 2 2 2 2 2 2 2 2 2
left_child=2 10 9 4 14 -6 26 -8 13 12 24 22 -1 15 -4 -3 17 -10 -13 -18 29 -15 -12 -14 27 -26 -5 -2 -22 -11
right_child=1 8 3 6 5 -7 7 -9 16 20 11 18 23 21 -16 -17 19 -19 -20 -21 28 -23 -24 -25 25 -27 -28 -29 -30 -31
leaf_value=5.4586626325334811 -12.048605196099533 -10.562515627543132 12.907403005402665 1.4881535318162702 33.525098609924321 5.1637409210205085 29.917614380518593 4.4283873991532756 12.23350309001075 -1.0396005312601713 -1.2977305257320406 -10.92868036972849 24.988756306966138 -2.0723762689492644 27.603409242630008 -4.027386185797778 -0.13799506549239157 2.5706240965525313 -7.3866327705383306 1.9938012023658858 5.1238627751668302 -0.049650712707374672 -5.4832462855747774 19.036417715890064 -5.9791344324747691 -11.285516204833986 3.3767835416291891 -11.397222207606525 3.7332770291496731 0.41516973495128612
leaf_weight=7.0000000000000009 76 14.999999999999998 29 9.0000000000000018 53 3.9999999999999991 12 11 8.9999999999999982 3.0000000000000027 40 76 3 39 3.9999999999999991 44 125 75 50 184 14.999999999999998 79 6.9999999999999991 7 6.0000000000000027 14.999999999999998 19 87 17 21
leaf_count=7 76 15 29 9 53 4 12 11 9 3 40 76 3 39 4 44 125 75 50 184 15 79 7 7 6 15 19 87 17 21
internal_value=-0.00933211 -3.42016 14.7656 19.6276 25.3579 31.5348 9.51521 17.7271 0.407229 5.37473 -9.53113 -7.45782 14.496 -2.37507 14.6887 -5.68886 1.66033 3.60593 -9.52311 1.13142 2.60578 -0.718179 -1.92111 20.8221 -11.4805 -9.76941 2.76972 -11.7009 4.38511 0.233323
internal_weight=1141 927 214 141 90 57 51 23 570 73 357 173 17 177 33 59 393 84 126 309 56 118 47 10 184 21 28 163 32 24
internal_count=1141 927 214 141 90 57 51 23 570 73 357 173 17 177 33 59 393 84 126 309 56 118 47 10 184 21 28 163 32 24
is_linear=0
shrinkage=0.05


Tree=3
num_leaves=29
num_cat=0
split_feature=2 1 4 3 4 4 3 7 7 1 4 4 2 0 6 0 4 4 4 1 0 3 0 2 4 1 1 1
split_gain=2.21265e+07 8.32791e+06 4.36088e+06 2.21573e+06 1.99414e+06 1.69129e+06 931278 719006 994978 537804 705853 477769 280600 279240 271660 190102 167311 247666 122200 103362 79889.6 45243.4 28516.4 27686.7 8433.59 5904.24 1605.97 730.374
threshold=5492.9000000000005 19714.720000000005 42910.000000000007 0.89793050820045328 44065.000000000007 44735.000000000007 0.67970036494601394 4.5000000000000009 1.5000000000000002 13324.140000000001 36662.500000000007 36662.500000000007 6664.630000000001 38715.80000000001 65.500000000000014 38566.150000000009 38752.500000000007 39052.500000000007 36372.500000000007 17540.610000000004 37584.000000000007 0.44205582830112838 35770.150000000001 19334.015000000003 42412.500000000007 24211.150000000005 30217.730000000003 33730.525000000009
decision_type=2 2 2 2 2 2 2 2 2 2 2 2 2 2 2 2 2 2 2 2 2 2 2 2 2 2 2 2
left_child=2 9 11 7 -5 -6 16 8 -4 22 21 15 14 -9 -8 27 25 -18 -14 -12 26 -11 23 -2 -22 -3 -13 -1
right_child=1 6 3 4 5 -7 12 13 -10 10 19 20 18 -15 -16 -17 17 -19 -20 -21 24 -23 -24 -25 -26 -27 -28 -29
leaf_value=19.330934143066415 -9.4844642791748051 0.10871687923158919 21.016027539571127 56.603258056640634 7.6444951864389274 27.630160693118452 12.73654825422499 15.864111900329593 5.409540525078774 -4.3448289837156029 -10.263423718770346 -0.82920755147933856 3.1641434722476536 31.863187472025551 3.4405655287927197 5.2245559692382804 -11.867681598663331 -2.8132801995895527 0.73157952740996868 -7.2323010804918084 5.0781238147190635 -0.96756616602925694 -6.768309402465821 -11.270723469664411 3.3717835489908858 1.9455211067199707 0.41137888327240946 18.298883056640619
leaf_weight=3.9999999999999982 25 35 14.999999999999998 4.9999999999999991 12.999999999999998 57 8.9999999999999982 4.9999999999999982 32 13.999999999999998 75 3.0000000000000027 63 6 62 4 7.9999999999999991 135 286 45 14.000000000000002 34 3.9999999999999991 164 14.999999999999998 4.9999999999999991 20 3
leaf_count=4 25 35 15 5 13 57 9 5 32 14 75 3 63 6 62 4 8 135 286 45 14 34 4 164 15 5 20 3
internal_value=-0.0254441 -3.13922 15.2892 20.4223 26.0975 23.9185 0.456576 13.0835 10.3903 -9.14548 -7.077 4.45284 1.75361 24.5909 4.61893 13.9199 -2.52023 -3.31982 1.1707 -9.12675 2.4502 -1.9526 -10.946 -11.0344 4.19553 0.338317 0.249563 18.8886
internal_weight=1160 964 196 133 75 70 603 58 47 361 168 63 420 11 71 11 183 143 349 120 52 48 193 189 29 40 23 7
internal_count=1160 964 196 133 75 70 603 58 47 361 168 63 420 11 71 11 183 143 349 120 52 48 193 189 29 40 23 7
is_linear=0
shrinkage=0.05


Tree=4
num_leaves=31
num_cat=0
split_feature=2 1 3 0 7 2 1 3 8 8 7 0 3 8 7 2 3 6 7 0 6 8 2 3 5 0 8 3 7 2
split_gain=1.97973e+07 7.47969e+06 1.55791e+06 1.87327e+06 1.59604e+06 2.11456e+06 2.02911e+06 838917 435076 385778 389733 350327 335331 665287 284464 245111 200684 190136 172230 690035 147829 99430.3 62890.8 58225.9 43273.8 40562 54633.7 24184.9 6750.16 91.4084
threshold=5852.2250000000013 19000.980000000003 0.89793050820045328 39437.750000000007 5.5000000000000009 1805.5350000000001 37843.42500000001 0.67970036494601394 2.5000000000000004 2.5000000000000004 4.5000000000000009 38033.350000000013 0.39357655838957473 3.5000000000000004 2.5000000000000004 7253.8300000000008 0.62183744342060765 70.500000000000014 1.5000000000000002 42413.100000000013 70.500000000000014 3.5000000000000004 18907.000000000004 0.5598724588585966 16.500000000000004 35770.150000000001 3.5000000000000004 0.92081775219668272 3.5000000000000004 2054.4350000000004
decision_type=2 2 2 2 2 2 2 2 2 2 2 2 2 2 2 2 2 2 2 2 2 2 2 2 2 2 2 2 2 2
left_child=2 12 9 27 5 -5 -6 8 16 18 14 -12 25 23 -11 17 -3 -9 19 -1 -20 -17 -15 -14 -10 28 -27 -4 -2 -29
right_child=1 7 3 4 6 -7 -8 15 24 10 11 -13 13 22 -16 21 -18 -19 20 -21 -22 -23 -24 -25 -26 26 -28 29 -30 -31
leaf_value=1.1760076141357421 -10.319653507194134 -9.3249571899573009 4.5604254150390622 51.431995936802458 30.158101425170891 22.159825325012207 2.7932187114443101 6.9044311772551268 -1.7419699078066309 12.866403602831292 11.580332835515343 28.666561301549276 -9.7294564913777482 -1.0031192403286695 5.0523597531848488 0.33595115456274294 -3.6848021167775862 2.2208953012194899 9.6063532567024232 31.508284505208326 2.4529320055475603 2.5849793095742504 -5.1271629333496094 -5.5357589721679688 0.10781405909170567 -11.190066019694012 -1.6477314313252762 0.40043886218752189 -10.933050537109375 0.070560799042383812
leaf_weight=5 99 24 4.9999999999999991 6.9999999999999991 10.000000000000002 52 21 31 57 33 5.9999999999999982 6 103 32 18 237 46 72 9.9999999999999982 3 26 62 12.999999999999998 8.9999999999999982 71 2.9999999999999991 3 6.9999999999999982 82 3
leaf_count=5 99 24 5 7 10 52 21 31 57 33 6 6 103 32 18 237 46 72 10 3 26 62 13 9 71 3 3 7 82 3
internal_value=-0.0543549 -3.15517 13.7531 18.0799 20.8064 25.6328 11.6206 0.214823 -2.44918 9.5071 12.0161 20.1234 -9.03308 -7.32936 10.1085 1.52694 -5.61857 3.6305 5.91465 12.5506 4.43999 0.802305 -2.19451 -9.39246 -0.715918 -10.4635 -6.4189 1.72113 -10.5975 0.301475
internal_weight=1156 944 212 105 90 59 31 600 198 107 63 12 344 157 51 402 70 103 44 8 36 299 45 112 128 187 6 15 181 10
internal_count=1156 944 212 105 90 59 31 600 198 107 63 12 344 157 51 402 70 103 44 8 36 299 45 112 128 187 6 15 181 10
is_linear=0
shrinkage=0.05


Tree=5
num_leaves=31
num_cat=0
split_feature=2 3 4 4 4 4 7 4 4 4 3 4 4 2 8 4 4 0 3 3 0 8 2 8 6 3 6 2 6 0
split_gain=1.78603e+07 6.3078e+06 3.49643e+06 3.12177e+06 2.58266e+06 1.22034e+06 1.01277e+06 973325 1.54832e+06 709427 504052 430085 410237 755088 263623 145874 130536 282297 117864 116872 109725 91133.8 75544.5 70938.4 36340.5 16906.8 15465.5 10333.2 6520.27 4296.96
threshold=6267.3700000000017 0.56539390160428871 42910.000000000007 45602.500000000007 44735.000000000007 43672.500000000007 5.5000000000000009 46555.000000000007 47547.500000000007 36372.500000000007 0.67970036494601394 36090.000000000007 36662.500000000007 20022.105000000003 2.5000000000000004 42277.500000000007 37740.000000000007 34775.100000000006 0.76906736526839048 0.48089537952579037 35770.150000000001 2.5000000000000004 5428.6000000000013 2.5000000000000004 67.500000000000014 0.46382986376670937 73.500000000000014 17449.600000000002 69.500000000000014 43024.05000000001
decision_type=2 2 2 2 2 2 2 2 2 2 2 2 2 2 2 2 2 2 2 2 2 2 2 2 2 2 2 2 2 2
left_child=2 12 9 4 5 -4 -6 29 -9 11 14 -1 13 25 15 -3 17 -12 -18 27 -15 -21 -13 28 -16 -2 -25 -14 -11 -5
right_child=1 10 3 7 6 -7 -8 8 -10 23 16 22 19 20 24 -17 18 -19 -20 21 -22 -23 -24 26 -26 -27 -28 -29 -30 -31
leaf_value=4.3501531389024519 -2.7343882771099319 -7.7377030123835029 29.765725097656254 1.3077349581216513 37.849690229996391 10.285063010308802 23.167035686969758 27.545591969291365 1.5752417997880412 -2.3660369873046849 10.904489150047304 16.550954055786132 -8.786080624507024 -10.076391608028089 -1.6667784758778508 -2.8240375703031368 -0.40420413536485289 1.8614474618245684 1.6071602521607511 -9.3400826421650986 -1.519077467918396 -5.921366720540183 25.854792785644516 1.3478869271278382 0.1956957960529114 -0.82117753214099354 3.5924383596940475 -10.251217043252639 0.10085997331142425 2.4397908878326415
leaf_weight=9 17 23 9.9999999999999982 19 23 41 24 12 11 3.0000000000000027 9.9999999999999982 7.9999999999999991 12.999999999999998 59 43 44 128 63 169 44 3.9999999999999991 35 3.0000000000000009 9.9999999999999982 67 36 33 162 25 14.999999999999998
leaf_count=9 17 23 10 19 23 41 24 12 11 3 10 8 13 59 43 44 128 63 169 44 4 35 3 10 67 36 33 162 25 15
internal_value=-0.0451964 -3.25448 11.9179 16.4853 21.8969 14.1048 30.3522 7.18103 15.125 4.1382 0.15613 12.4562 -8.29664 -5.83302 -2.03833 -4.51082 1.20591 3.10022 0.74031 -9.42176 -9.53307 -7.82546 19.0884 1.79511 -0.532362 -1.43485 3.07045 -10.1424 -0.16345 1.80717
internal_weight=1163 917 246 155 98 51 47 57 23 91 547 20 370 116 177 67 370 73 297 254 63 79 11 71 110 53 43 175 28 34
internal_count=1163 917 246 155 98 51 47 57 23 91 547 20 370 116 177 67 370 73 297 254 63 79 11 71 110 53 43 175 28 34
is_linear=0
shrinkage=0.05


Tree=6
num_leaves=30
num_cat=0
split_feature=2 1 4 4 4 7 4 4 7 3 4 3 4 2 4 2 4 0 4 0 1 0 2 0 4 7 6 3 1
split_gain=1.60299e+07 5.9673e+06 3.19388e+06 1.77512e+06 1.70115e+06 1.43392e+06 1.2948e+06 1.59087e+06 1.05744e+06 657576 361204 324974 493994 193119 321731 164287 217480 154144 84519.5 84182.7 78987.4 51038.4 46270.6 22610.2 8480.67 6137.21 4603.5 1154.08 512.695
threshold=5492.9000000000005 19714.720000000005 42910.000000000007 45602.500000000007 44735.000000000007 5.5000000000000009 46555.000000000007 47547.500000000007 3.5000000000000004 0.69094188345188134 36662.500000000007 0.39357655838957473 36662.500000000007 7253.8300000000008 36372.500000000007 15752.315000000002 43067.500000000007 38566.150000000009 36372.500000000007 35289.500000000007 17652.890000000003 37584.000000000007 20495.430000000004 35845.150000000009 42412.500000000007 3.5000000000000004 74.500000000000014 0.88699122757692528 33573.490000000005
decision_type=2 2 2 2 2 2 2 2 2 2 2 2 2 2 2 2 2 2 2 2 2 2 2 2 2 2 2 2 2
left_child=2 11 10 4 8 -6 26 -8 -4 15 17 23 22 14 -11 19 -17 28 -15 -3 -14 27 -13 25 -23 -2 -5 -12 -1
right_child=1 9 3 6 5 -7 7 -9 -10 13 21 12 20 18 -16 16 -18 -19 -20 -21 -22 24 -24 -25 -26 -27 -28 -29 -30
leaf_value=16.777221298217778 -9.2478807940732608 -3.3488544244059302 23.903770722283259 2.5745827694733929 37.540143377130683 19.684974143816078 32.550982379913322 1.4723034807613917 8.1385135430556073 11.829901084899902 -0.54513645410537681 -1.4508772120234514 -8.8369427651166923 2.5614389605820183 2.4517472567959366 -0.90005639791488612 -10.234476507627049 4.1025001525878899 0.38473876353404296 -0.80623387892021625 -6.1700257586269842 4.1509061050415026 -7.8783984820048021 -5.7393143653869636 2.4061014395493729 -9.8524608612060547 1.216513896905459 0.31901651235187756 15.912536621093745
leaf_weight=3.9999999999999982 86 43 18 12.000000000000002 22 23 10.000000000000002 6.9999999999999991 26 9.9999999999999982 5.0000000000000027 42 86 56 107 12.000000000000002 12.999999999999998 4 219 134 41 15.000000000000002 2.9999999999999991 3.9999999999999991 12.999999999999998 82 12.999999999999998 17 3
leaf_count=4 86 43 18 12 22 23 10 7 26 10 5 42 86 56 107 12 13 4 219 134 41 15 3 4 13 82 13 17 3
internal_value=0.0170636 -2.67724 13.1798 17.5804 21.5787 28.4142 9.10775 19.7539 14.5879 0.357659 3.72946 -7.91772 -6.38093 1.55187 3.2533 -1.95983 -5.75395 11.9324 0.827994 -1.42393 -7.97597 1.92481 -1.87938 -9.45452 3.34082 -9.54297 1.86839 0.122618 16.4066
internal_weight=1130 938 192 131 89 45 42 17 44 594 61 344 172 392 117 202 25 11 275 177 127 50 45 172 28 168 25 22 7
internal_count=1130 938 192 131 89 45 42 17 44 594 61 344 172 392 117 202 25 11 275 177 127 50 45 172 28 168 25 22 7
is_linear=0
shrinkage=0.05


Tree=7
num_leaves=28
num_cat=0
split_feature=2 3 0 3 2 7 2 7 3 8 2 2 7 6 7 8 8 8 3 8 3 0 2 7 6 0 1
split_gain=1.43715e+07 5.52295e+06 1.46904e+06 1.15076e+06 1.09806e+06 1.45279e+06 536354 510426 466902 367304 474821 294789 252715 228338 426407 195533 167178 149261 139469 130978 53468.2 46433.8 23659.5 29009.4 11976.7 6120.48 1029.63
threshold=5492.9000000000005 0.56539390160428871 37617.05000000001 0.89793050820045328 3575.1500000000005 5.5000000000000009 3860.9850000000001 4.5000000000000009 0.73132389411726628 2.5000000000000004 18907.000000000004 4750.1950000000006 1.5000000000000002 66.500000000000014 5.5000000000000009 2.5000000000000004 3.5000000000000004 3.5000000000000004 0.62183744342060765 3.5000000000000004 0.65572716639810924 35600.000000000007 15880.780000000002 1.0000000180025095e-35 69.500000000000014 33210.30000000001 30024.225000000002
decision_type=2 2 2 2 2 2 2 2 2 2 2 2 2 2 2 2 2 2 2 2 2 2 2 2 2 2 2
left_child=2 9 19 7 5 -5 -6 12 15 22 16 -9 -4 14 -10 18 -11 -15 -3 24 -17 -12 23 -2 -1 -24 -26
right_child=1 8 3 4 6 -7 -8 11 13 10 21 -13 -14 17 -16 20 -18 -19 -20 -21 -22 -23 25 -25 26 -27 -28
leaf_value=3.2319369554519599 -4.6328488508860239 -6.8733765335644001 12.475712468749599 19.095372284567635 31.248815308676821 2.1766976647906833 17.920695293866672 26.897350458304089 2.7032280926903085 -5.4453050509743077 -8.507408516334765 10.458875579833983 5.499937577218545 0.81527487141048083 16.728405203138077 -0.90634771038459838 -1.2052388921380044 3.8271650228500365 -1.9264158630574291 11.780897585550946 0.89541330737776537 -5.4309951237269809 -9.139656350587277 -8.7465048217773447 -0.61081790526707902 -9.8435126594875175 0.38969840738508438
leaf_weight=4.0000000000000062 6.0000000000000027 17 19 43 18.000000000000004 18 12.999999999999998 5.9999999999999982 24.000000000000004 46 99 5 41 232 6.9999999999999991 79 47 50 88 2.9999999999999991 86 13.999999999999998 94 14.999999999999998 3.0000000000000027 46 18
leaf_count=4 6 17 19 43 18 18 13 6 24 46 99 5 41 232 7 79 47 50 88 3 86 14 94 15 3 46 18
internal_value=-0.0257799 -2.54191 12.489 14.3064 17.9971 14.103 25.6596 9.52415 0.482865 -7.34693 -5.94853 19.4253 7.70893 1.79706 5.8702 -1.04062 -3.30248 1.3493 -2.72735 1.90902 0.032752 -8.12626 -9.13617 -7.57117 0.724395 -9.37092 0.246768
internal_weight=1141 950 191 163 92 61 31 71 583 367 206 11 60 313 31 270 93 282 105 28 165 113 161 21 25 140 21
internal_count=1141 950 191 163 92 61 31 71 583 367 206 11 60 313 31 270 93 282 105 28 165 113 161 21 25 140 21
is_linear=0
shrinkage=0.05


Tree=8
num_leaves=31
num_cat=0
split_feature=2 3 4 2 8 7 4 4 3 4 7 7 4 2 8 4 0 8 0 3 8 4 0 8 0 7 2 1 2 1
split_gain=1.31219e+07 4.6726e+06 2.2848e+06 2.18793e+06 1.84448e+06 1.51725e+06 860381 508800 393483 339689 309455 282675 273877 476258 230235 142163 109320 104407 95369.1 79157.9 80182.6 72859.5 70496.7 45862.5 28524.9 14944.5 10380.3 7036.36 4907.79 11.0083
threshold=6267.3700000000017 0.56539390160428871 42910.000000000007 4750.1950000000006 2.5000000000000004 2.5000000000000004 44735.000000000007 36372.500000000007 0.67970036494601394 36090.000000000007 5.5000000000000009 1.5000000000000002 36662.500000000007 20022.105000000003 2.5000000000000004 39052.500000000007 35770.150000000001 2.5000000000000004 34775.100000000006 0.46886308102618374 2.5000000000000004 38452.500000000007 36724.30000000001 2.5000000000000004 41057.250000000007 5.5000000000000009 15266.605000000001 37843.42500000001 4750.1950000000006 33393.135000000002
decision_type=2 2 2 2 2 2 2 2 2 2 2 2 2 2 2 2 2 2 2 2 2 2 2 2 2 2 2 2 2 2
left_child=2 12 7 4 5 -4 -6 9 14 29 11 -5 13 25 15 -3 -15 21 -19 26 -21 -10 -11 28 -16 -2 -14 -25 -9 -1
right_child=1 8 3 10 6 -7 -8 23 17 22 -12 -13 19 16 24 -17 -18 18 -20 20 -22 -23 -24 27 -26 -27 -28 -29 -30 -31
leaf_value=3.3739082717895501 -0.81077802937085686 -9.3745952297340747 19.457966414626156 11.019421416521073 13.103707049443171 2.8460732722723927 27.865828280332614 0.21319887079298494 -4.0550957107543946 23.564182535807287 17.375442571640015 2.216710446382824 -5.84991102218628 -8.5278095376902616 -0.54125092345656778 -3.1479022436792201 -0.8224727630615235 5.7345705628395081 1.4671924109653673 -8.2016616124373218 -5.2025205966753845 0.34495593293470406 14.403145926339285 2.3142160902662976 4.4075951865563789 -3.1884519577026369 -8.8190139005138626 4.8227375030517585 -1.3741330555507116 3.2527563730875642
leaf_weight=5 38 10.999999999999998 28 11.999999999999998 12.999999999999998 27 41 16.000000000000004 9.9999999999999982 3 4.9999999999999991 38 2.9999999999999991 58 99 55 4.9999999999999991 13.999999999999998 202 52 39 159 7 41 2.9999999999999991 7.9999999999999991 157 2.9999999999999991 6.9999999999999991 3
leaf_count=5 38 11 28 12 13 27 41 16 10 3 5 38 3 58 99 55 5 14 202 52 39 159 7 41 3 8 157 3 7 3
internal_value=0.0231676 -2.75161 10.1974 13.6455 17.7478 11.303 24.312 3.54454 0.134426 11.0079 5.51537 4.32936 -7.18489 -5.09213 -1.88462 -4.18568 -7.91627 1.01546 1.74378 -8.0937 -6.91632 0.0845978 17.1515 1.53945 -0.395697 -1.22429 -8.76334 2.48525 -0.269902 3.32848
internal_weight=1162 913 249 164 109 55 54 85 553 18 55 50 360 109 168 66 63 385 216 251 91 169 10 67 102 46 160 44 23 8
internal_count=1162 913 249 164 109 55 54 85 553 18 55 50 360 109 168 66 63 385 216 251 91 169 10 67 102 46 160 44 23 8
is_linear=0
shrinkage=0.05


Tree=9
num_leaves=31
num_cat=0
split_feature=2 1 4 4 4 0 7 4 4 1 4 1 4 8 3 2 6 0 4 3 4 4 7 1 1 4 2 3 6 0
split_gain=1.31179e+07 4.47365e+06 2.66293e+06 1.96884e+06 1.84828e+06 1.20532e+06 1.06916e+06 899914 1.93363e+06 354143 319857 284272 288415 221263 152975 138506 195788 110239 98473.9 191951 86579 70654.2 61762.3 28371 12430.7 6955.54 5344.97 4337.33 1943.35 345.358
threshold=5492.9000000000005 19714.720000000005 42910.000000000007 45602.500000000007 44735.000000000007 41382.400000000001 5.5000000000000009 46555.000000000007 47547.500000000007 26684.325000000004 36662.500000000007 15903.629999999999 37740.000000000007 2.5000000000000004 0.59364928632862768 7084.9600000000009 65.500000000000014 38566.150000000009 36662.500000000007 0.36710579925816439 39497.500000000007 39497.500000000007 3.5000000000000004 35070.865000000013 16729.700000000004 42412.500000000007 3410.5300000000002 0.45352723129456668 70.500000000000014 37918.950000000004
decision_type=2 2 2 2 2 2 2 2 2 2 2 2 2 2 2 2 2 2 2 2 2 2 2 2 2 2 2 2 2 2
left_child=2 11 10 4 5 -4 -6 26 -9 13 17 18 24 14 -3 16 -11 29 19 -2 -17 -15 -14 28 -13 -25 -5 -20 -12 -1
right_child=1 9 3 7 6 -7 -8 8 -10 15 23 12 22 21 -16 20 -18 -19 27 -21 -22 -23 -24 25 -26 -27 -28 -29 -30 -31
leaf_value=14.848102569580082 -7.7676390963085629 -8.9804071252996263 8.2618351654094813 2.8207273006439184 34.186578607559206 29.832381093502047 19.10070542252582 28.597175598144528 -0.42522279349240383 8.8132889191309616 -1.0733913739522287 -2.3267461395263673 -4.961807020361487 1.0456050584219736 -2.5744418181845403 2.4356619084322895 2.0228923070689908 3.0880992889404286 -8.3710315459966669 -2.5399628047943117 0.18979405943286476 -1.1771979207172991 -7.8729762417929514 3.4433285626498127 -0.24089874696731567 1.7631901928356717 0.83377165577628398 -7.5076206430792816 0.28318400139158423 14.138421885172523
leaf_weight=3.9999999999999982 59 10.999999999999998 34 4.0000000000000027 24 7.9999999999999991 23 12 11 11.999999999999998 3.0000000000000027 9.9999999999999982 38 66 61 54 92 3 160 25 209 78 35 11.000000000000002 25 13.999999999999998 22 15.999999999999998 22 3
leaf_count=4 59 11 34 4 24 8 23 12 11 12 3 10 38 66 61 54 92 3 160 25 209 78 35 11 25 14 22 16 22 3
internal_value=0.0294735 -2.40825 11.7379 15.5614 19.9928 12.3705 26.8041 7.51254 14.7169 0.316332 2.94405 -6.72465 -4.56845 -1.28999 -3.55313 1.26174 2.8064 11.1072 -7.6203 -6.21178 0.650923 -0.158413 -6.35757 1.31142 -0.836855 2.50245 1.13946 -8.29254 0.120395 14.544
internal_weight=1149 951 198 138 89 42 47 49 23 583 60 368 108 216 72 367 104 10 260 84 263 144 73 50 35 25 26 176 25 7
internal_count=1149 951 198 138 89 42 47 49 23 583 60 368 108 216 72 367 104 10 260 84 263 144 73 50 35 25 26 176 25 7
is_linear=0
shrinkage=0.05


Tree=10
num_leaves=26
num_cat=0
split_feature=2 1 0 5 0 1 3 2 2 8 3 8 8 2 0 8 8 6 2 3 0 8 0 7 0
split_gain=1.256e+07 4.25996e+06 1.37161e+06 865371 541412 958541 531986 319791 228078 219864 208571 322897 149855 125889 83038.2 73972.1 65554.3 38261.5 33254.3 32141.6 25870.8 37915.2 5083.23 4271.47 800.546
threshold=5231.7000000000007 19000.980000000003 37810.100000000013 16.500000000000004 42983.000000000007 37225.965000000011 0.67970036494601394 3575.1500000000005 6664.630000000001 2.5000000000000004 0.39357655838957473 3.5000000000000004 2.5000000000000004 15752.315000000002 38715.80000000001 3.5000000000000004 2.5000000000000004 67.500000000000014 18907.000000000004 0.5598724588585966 35770.150000000001 3.5000000000000004 36942.700000000004 1.5000000000000002 33106.05000000001
decision_type=2 2 2 2 2 2 2 2 2 2 2 2 2 2 2 2 2 2 2 2 2 2 2 2 2
left_child=2 10 15 14 5 -5 9 -6 12 13 20 19 -8 -3 -4 22 -10 -11 -13 -12 23 -22 24 -2 -1
right_child=1 6 3 4 7 -7 8 -9 16 17 11 18 -14 -15 -16 -17 -18 -19 -20 -21 21 -23 -24 -25 -26
leaf_value=-0.52522544860839659 -7.3680251482370736 -3.1497018603256861 26.949115498860678 10.587630575685763 0.31699234355579714 19.462283114112658 0.73943963627661435 11.900511857179495 -0.0037394708132042608 -1.6181272840748233 -6.9357007890088216 -0.89855176323291031 5.0087062812242351 -9.2021170806884776 38.713338216145821 8.9482132593790702 1.3868378444643399 0.18503264873694494 -3.8067369861262188 -3.8222617430819406 -8.4793584187825513 -0.53002172311147044 2.1909235268831253 -7.9739397161147174 0.36950687090555828
leaf_weight=3.0000000000000098 37 61 2.9999999999999991 64 11.000000000000002 58 31 12.999999999999998 153 48 105 33 61 9.9999999999999982 3 2.9999999999999991 190 76 13.999999999999998 8.9999999999999982 2.9999999999999991 3 3.9999999999999991 136 14.999999999999998
leaf_count=3 37 61 3 64 11 58 31 13 153 48 105 33 61 10 3 3 190 76 14 9 3 3 4 136 15
internal_value=0.187533 -2.0475 12.436 14.2211 13.4563 14.8067 0.386699 6.5914 1.3595 -1.78339 -6.55793 -5.25215 3.57015 -4.00215 32.8312 1.58301 0.766551 -0.512965 -1.76482 -6.6899 -7.73241 -4.50469 0.578665 -7.84435 0.220385
internal_weight=1147 970 177 152 146 122 630 24 435 195 340 161 92 71 6 25 343 124 47 114 179 6 22 173 18
internal_count=1147 970 177 152 146 122 630 24 435 195 340 161 92 71 6 25 343 124 47 114 179 6 22 173 18
is_linear=0
shrinkage=0.05


Tree=11
num_leaves=28
num_cat=0
split_feature=3 3 4 4 0 3 4 4 4 3 4 3 4 8 4 8 3 4 4 0 3 0 0 1 4 7 1
split_gain=1.02548e+07 4.01482e+06 1.98501e+06 1.62891e+06 1.06559e+06 1.70681e+06 1.00545e+06 881794 1.9038e+06 361483 252462 190977 373691 170211 171495 123208 108809 48344.7 47026.7 28890.8 22700.2 11878.9 10881.1 6016.24 5626.58 4300.45 146.239
threshold=0.86628733700074412 0.56539390160428871 42910.000000000007 45602.500000000007 41352.250000000007 0.97000117379689221 44735.000000000007 46555.000000000007 47547.500000000007 0.69094188345188134 36662.500000000007 0.39357655838957473 36662.500000000007 2.5000000000000004 39052.500000000007 2.5000000000000004 0.83320915176270749 43767.500000000007 38452.500000000007 41268.05000000001 0.4355822032959325 35770.150000000001 37584.000000000007 40219.105000000003 42412.500000000007 1.5000000000000002 32297.970000000005
decision_type=2 2 2 2 2 2 2 2 2 2 2 2 2 2 2 2 2 2 2 2 2 2 2 2 2 2 2
left_child=1 11 10 4 6 -6 -4 23 -9 13 -2 21 20 14 -3 18 -17 -14 -11 -15 -13 25 26 -5 -24 -1 -12
right_child=2 9 3 7 5 -7 -8 8 -10 15 22 12 17 19 -16 16 -18 -19 -20 -21 -22 -23 24 -25 -26 -27 -28
leaf_value=-6.9783887411418721 13.120025329589845 -8.3949419094966 8.7569466907531019 0.54977496191859243 33.746676450026655 -2.1884912252426147 21.611014287225132 31.556613498263882 -0.14171073436737058 -3.5484893798828128 -0.013728872934977213 -2.9614007638050963 -5.9467331265590415 -0.35088783012536484 -2.1196905519090481 1.3016113343890447 3.6732017830578672 -8.3440791790301994 0.37686130612637059 3.5263002014160159 -0.49459635267655061 -4.9779154896736149 2.5115521430969237 2.9246906280517582 1.1420540511608122 -7.5790808359781909 0.30494771136177912
leaf_weight=38 4.9999999999999991 12.999999999999998 32 24.000000000000004 19.000000000000004 3.9999999999999991 29 9 10 7.9999999999999991 5.9999999999999991 12.999999999999998 110 123 67 181 66 26 165 4.9999999999999991 33 4.9999999999999991 15 2.9999999999999991 15 138 8.9999999999999982
leaf_count=38 5 13 32 24 19 4 29 9 10 8 6 13 110 123 67 181 66 26 165 5 33 5 15 3 15 138 9
internal_value=-0.0510248 -2.04516 10.9278 14.1841 18.3259 27.4971 14.8679 6.62089 14.8733 0.37442 2.46133 -6.2311 -5.0874 -1.3302 -3.13942 1.21861 1.93532 -6.40505 0.195342 -0.199435 -1.19174 -7.38111 1.27703 0.813654 1.8268 -7.44939 0.177477
internal_weight=1171 991 180 130 84 23 61 46 19 628 50 363 182 208 80 420 247 136 173 128 46 181 45 27 30 176 15
internal_count=1171 991 180 130 84 23 61 46 19 628 50 363 182 208 80 420 247 136 173 128 46 181 45 27 30 176 15
is_linear=0
shrinkage=0.05


Tree=12
num_leaves=31
num_cat=0
split_feature=2 1 4 4 4 3 7 4 4 3 4 3 4 0 4 0 4 1 5 7 4 2 0 0 0 6 2 4 1 3
split_gain=9.24328e+06 3.26277e+06 1.7757e+06 1.42826e+06 1.24517e+06 1.00864e+06 722301 670077 1.25718e+06 295717 262468 199876 223185 183193 164148 257990 137731 187583 130442 53791.8 49838.3 129874 26270.8 17334.8 15185.2 8942.86 8437.79 6189.08 5287.32 3033.38
threshold=5852.2250000000013 19714.720000000005 42910.000000000007 45602.500000000007 44735.000000000007 0.97000117379689221 3.5000000000000004 46555.000000000007 47547.500000000007 0.76111600421619197 36372.500000000007 0.46382986376670937 37740.000000000007 38348.000000000007 36372.500000000007 37309.250000000007 37740.000000000007 22767.215000000004 15.500000000000002 3.5000000000000004 36662.500000000007 21353.325000000004 37617.05000000001 33498.150000000009 37584.000000000007 65.500000000000014 16286.945000000002 42412.500000000007 40219.105000000003 0.8799294899540111
decision_type=2 2 2 2 2 2 2 2 2 2 2 2 2 2 2 2 2 2 2 2 2 2 2 2 2 2 2 2 2 2
left_child=2 11 10 4 6 -6 -4 28 -9 16 13 20 25 22 15 -11 23 -18 -16 -14 21 -2 -1 -3 29 -13 -22 -26 -5 -12
right_child=1 9 3 7 5 -7 -8 8 -10 14 24 12 19 -15 18 -17 17 -19 -20 -21 26 -23 -24 -25 27 -27 -28 -29 -30 -31
leaf_value=17.98979568481446 -2.5546010290582974 3.7514183747768399 18.122791004180907 0.55700891473889347 24.145184837688102 -2.0790666580200194 4.7642450692653657 22.707039128817044 -0.26007087664170697 17.62271957397461 -1.7101529439290364 -2.3338558333260671 -4.382606658836206 2.5467102050781247 6.1386339884537922 2.5980451583862307 -3.7520119043191276 -0.5530635120294336 0.96163407212809515 -6.8652749237418185 -4.5235225041707361 -6.9507858887314802 11.800155830383298 0.73088957257761844 2.2665316581726076 -0.32838254835870534 -7.1995096206665039 0.93621135966645364 2.7784561157226566 0.053694707613724926
leaf_weight=2.9999999999999982 24 4.9999999999999991 17 25.000000000000004 44 3.9999999999999991 25 13 11 3.9999999999999991 2.9999999999999991 6.9999999999999991 48 6 12.999999999999998 9.9999999999999982 60 194 190 40 2.9999999999999991 56 4 95 17 27 163 18 2.9999999999999991 12.999999999999998
leaf_count=3 24 5 17 25 44 4 25 13 11 4 3 7 48 6 13 10 60 194 190 40 3 56 4 95 17 27 163 18 3 13
internal_value=-0.0609663 -2.16514 9.53038 12.6469 16.4585 21.9598 10.1713 6.04983 12.1804 0.200982 2.61564 -5.83648 -4.1818 8.95771 1.6543 6.89081 -0.689897 -1.30872 1.29317 -5.51109 -6.65709 -5.63193 14.4529 0.881916 0.999028 -0.741274 -7.15115 1.58237 0.795021 -0.277027
internal_weight=1145 939 206 142 90 48 42 52 24 571 64 368 122 13 217 14 354 254 203 88 246 80 7 100 51 34 166 35 28 16
internal_count=1145 939 206 142 90 48 42 52 24 571 64 368 122 13 217 14 354 254 203 88 246 80 7 100 51 34 166 35 28 16
is_linear=0
shrinkage=0.05


Tree=13
num_leaves=30
num_cat=0
split_feature=2 3 4 4 0 4 4 4 3 4 8 2 0 4 3 0 4 0 3 7 4 2 0 4 4 5 0 4 6
split_gain=8.83222e+06 3.20491e+06 2.26933e+06 1.63934e+06 1.05786e+06 775413 436257 1.03497e+06 424986 301594 182139 174414 210834 162180 269733 107487 78896.3 63329 48233.9 60390.6 27049.5 18919.9 14100.2 8917.53 4805.57 4352.37 1924.31 1398.63 1265.64
threshold=5231.7000000000007 0.55016390264335002 42910.000000000007 45602.500000000007 41707.200000000004 44735.000000000007 46555.000000000007 47547.500000000007 0.65834084652726987 36662.500000000007 2.5000000000000004 7578.0900000000011 37772.000000000007 36662.500000000007 0.34801135172727554 42041.150000000009 39497.500000000007 41443.950000000004 0.45352723129456668 1.5000000000000002 39497.500000000007 20724.985000000004 37584.000000000007 30732.500000000004 42412.500000000007 18.500000000000004 37810.100000000013 42412.500000000007 70.500000000000014
decision_type=2 2 2 2 2 2 2 2 2 2 2 2 2 2 2 2 2 2 2 2 2 2 2 2 2 2 2 2 2
left_child=2 13 9 4 5 -4 25 -8 10 26 17 12 -10 14 23 -6 -13 -3 27 -20 -12 -16 28 -2 -24 -5 -1 -15 -11
right_child=1 8 3 6 15 -7 7 -9 11 22 20 16 -14 18 21 -17 -18 -19 19 -21 -22 -23 24 -25 -26 -27 -28 -29 -30
leaf_value=10.344701131184893 -7.0045624017715458 -5.1325725616410729 10.796430422919137 0.79491007661118207 41.173194885253899 20.928948193061643 23.204031372070308 -0.77480164633856863 5.4819733107962261 -0.96459576288858939 0.28004161651763654 1.5552566851230012 1.3809055323439434 -6.9784934493730661 -0.8977638605804672 29.58186407089233 -0.16253544447380444 -1.2607942274638586 -3.3307984213829038 -6.2945936687561606 -1.4018333530893514 -3.8993440826733909 2.2726479530334465 -5.6370682722643801 0.9846002010362489 -1.2707689603169761 11.946496276855468 -6.663914525733805 0.13672325849533082
leaf_weight=3 32 43 35 17.000000000000004 4 41 9 9 41 3.0000000000000027 45 97 133 106 42 4 215 13.999999999999998 25 55 51 5.9999999999999991 15.000000000000002 19 13.999999999999998 2.9999999999999991 5 53 20
leaf_count=3 32 43 35 17 4 41 9 9 41 3 45 97 133 106 42 4 215 14 25 55 51 6 15 19 14 3 5 53 20
internal_value=0.156504 -1.72737 10.2694 14.1848 18.0831 16.2627 5.56748 11.2146 0.355388 2.30802 -1.94277 1.07888 2.34725 -5.66489 -3.96316 35.3775 0.371522 -4.18161 -6.36979 -5.36841 -0.613454 -1.27296 0.917592 -6.4951 1.65083 0.485058 11.3458 -6.87363 -0.00692705
internal_weight=1159 977 182 122 84 76 38 18 639 60 153 486 174 338 99 8 312 57 239 80 96 48 52 51 29 20 8 159 23
internal_count=1159 977 182 122 84 76 38 18 639 60 153 486 174 338 99 8 312 57 239 80 96 48 52 51 29 20 8 159 23
is_linear=0
shrinkage=0.05


Tree=14
num_leaves=29
num_cat=0
split_feature=2 1 4 4 3 0 4 4 0 4 1 8 4 4 4 2 3 4 2 4 4 4 4 0 8 3 2 2
split_gain=7.18699e+06 2.53079e+06 1.55603e+06 2.33727e+06 675244 935342 466907 778704 449572 1.28237e+06 307115 275757 197022 316866 223281 95571.7 77816.2 158620 67068 123308 46633.9 26627.3 25200.7 16150.7 37412.2 8427.31 3460.21 1581.56
threshold=6267.3700000000017 17652.890000000003 44735.000000000007 45602.500000000007 0.97000117379689221 41352.250000000007 46555.000000000007 47547.500000000007 41382.400000000001 44065.000000000007 24211.150000000005 2.5000000000000004 36372.500000000007 44065.000000000007 36090.000000000007 15332.500000000002 0.43237822474631998 36662.500000000007 8552.6150000000016 36372.500000000007 30732.500000000004 42277.500000000007 39497.500000000007 35770.150000000001 3.5000000000000004 0.36710579925816439 4750.1950000000006 19579.130000000005
decision_type=2 2 2 2 2 2 2 2 2 2 2 2 2 2 2 2 2 2 2 2 2 2 2 2 2 2 2 2
left_child=2 16 8 4 5 -4 26 -8 12 -10 11 15 14 -14 -1 -3 23 27 19 -12 -20 -19 -13 25 -25 -2 -5 -18
right_child=1 10 3 6 -6 -7 7 -9 9 -11 18 22 13 -15 -16 -17 17 21 20 -21 -22 -23 -24 24 -26 -27 -28 -29
leaf_value=2.4070686128404404 -6.5038219475164656 -3.1639086396136182 17.505848588441548 -0.22955848922332123 -3.2141578674316409 34.062217018821023 18.095787583864649 -0.46294447720050808 41.501983642578118 0.15187529563903807 7.7999943052019391 0.28402838742849035 0.83389967989921576 6.8435476278105085 13.262618865966795 -7.2211475281488333 -0.73682727374528578 -6.2846932492166196 4.8107675933837895 1.0285970627976693 -0.066045754542946811 -4.2772851665814722 -1.1716687311900074 -7.0695901870727544 0.31684370972216125 -5.6860950240722072 0.8936225630342961 -1.8307074069976808
leaf_weight=9 164 47 38 12.000000000000002 2.9999999999999991 10.999999999999998 13 10 3 5 6.9999999999999991 61 75 31 10 21 19.000000000000004 53 4.9999999999999991 170 250 24 58 3.9999999999999991 3 39 15.999999999999998 3.9999999999999991
leaf_count=9 164 47 38 12 3 11 13 10 3 5 7 61 75 31 10 21 19 53 5 170 250 24 58 4 3 39 16 4
internal_value=-0.0515731 -2.03095 7.74013 12.3536 19.8128 21.2226 4.74822 10.0268 4.16728 15.6582 -0.184128 -1.87689 3.43186 2.59144 8.12052 -4.41688 -5.71864 -4.57066 0.54862 1.29639 0.029578 -5.65901 -0.425471 -6.2653 -3.90398 -6.34672 0.412259 -0.927067
internal_weight=1165 929 236 103 52 49 51 23 133 8 619 187 125 106 19 68 310 100 432 177 255 77 119 210 7 203 28 23
internal_count=1165 929 236 103 52 49 51 23 133 8 619 187 125 106 19 68 310 100 432 177 255 77 119 210 7 203 28 23
is_linear=0
shrinkage=0.05


Tree=15
num_leaves=28
num_cat=0
split_feature=2 1 4 4 3 0 2 3 4 4 0 6 1 8 4 2 4 0 4 1 8 4 4 0 6 1 1
split_gain=7.11118e+06 2.77406e+06 1.85694e+06 1.26686e+06 697807 922895 440519 290154 913886 270213 290916 163452 155739 169422 146476 237485 137227 73747.1 53642.3 36232.7 65685.8 11910.4 11108.7 9076.69 8113.78 3092.84 320.134
threshold=4750.1950000000006 19000.980000000003 42910.000000000007 45602.500000000007 0.97000117379689221 41707.200000000004 8062.5500000000002 0.92081775219668272 46555.000000000007 36372.500000000007 37452.700000000004 66.500000000000014 24211.150000000005 2.5000000000000004 36662.500000000007 20022.105000000003 36662.500000000007 35146.700000000004 39497.500000000007 17652.890000000003 2.5000000000000004 27195.000000000004 42277.500000000007 38241.450000000004 76.500000000000014 37843.42500000001 32769.470000000008
decision_type=2 2 2 2 2 2 2 2 2 2 2 2 2 2 2 2 2 2 2 2 2 2 2 2 2 2 2
left_child=2 14 16 4 5 -4 9 8 -5 10 -3 -11 13 -8 15 21 -1 -17 -14 22 -21 -2 -16 26 -9 -25 -18
right_child=1 6 3 7 -6 -7 12 24 -10 11 -12 -13 18 -15 19 17 23 -19 -20 20 -22 -23 -24 25 -26 -27 -28
leaf_value=10.601894187927247 -3.8983379999796548 16.064177267892013 16.654793471189645 -0.31090915679931636 -3.0771757125854493 37.149560038248701 -4.033946962820159 1.0513441988013008 22.361998498439785 5.4234975723119883 3.0251700141213158 1.1882420281596158 1.2632223424634763 -0.55843684876710176 -6.2957855697914411 -6.1570935767993591 0.17626145056315828 -0.71900741968836102 -0.25658902324577598 -5.8240505596001935 -0.59250469207763679 -0.63984818101622343 -5.5301804816886175 1.3307069594209844 -1.5783240795135498 3.042088508605957 -0.33093714714050293
leaf_weight=3.9999999999999991 2.9999999999999991 7.0000000000000027 65 10 3.9999999999999991 5.9999999999999991 54 10.999999999999998 8 26 10.999999999999998 184 84 100 135 57 14.000000000000002 6.9999999999999991 188 18.000000000000004 8.9999999999999982 43 73 22.000000000000004 3.9999999999999991 2.9999999999999991 3.9999999999999991
leaf_count=4 3 7 65 10 4 6 54 11 8 26 11 184 84 100 135 57 14 7 188 18 9 43 73 22 4 3 4
internal_value=0.075143 -1.4709 10.0396 13.6499 17.242 18.3867 0.442766 5.48601 9.76594 2.21655 8.0959 1.71261 -0.506584 -1.77712 -5.09854 -3.59269 1.74369 -5.5623 0.212764 -5.8034 -4.0802 -0.852358 -6.02709 0.919668 0.350099 1.53607 0.0635507
internal_weight=1154 999 155 108 75 71 654 33 18 228 18 210 426 154 345 110 47 64 272 235 27 46 208 43 15 25 18
internal_count=1154 999 155 108 75 71 654 33 18 228 18 210 426 154 345 110 47 64 272 235 27 46 208 43 15 25 18
is_linear=0
shrinkage=0.05


Tree=16
num_leaves=28
num_cat=0
split_feature=2 3 4 4 7 4 3 3 8 2 4 0 4 6 0 8 4 4 7 4 3 0 2 4 0 3 2
split_gain=6.62358e+06 2.30738e+06 1.82182e+06 859463 727760 2.49646e+06 937693 327162 289752 262810 217984 272533 169604 162366 76963.5 74769.8 181367 50754.6 40053.3 31266.9 85044.5 10137.7 7500.69 4098.18 2978.37 296.707 1.99564
threshold=4750.1950000000006 0.62183744342060765 42910.000000000007 47547.500000000007 5.5000000000000009 44810.000000000007 0.91852788498420646 0.46382986376670937 2.5000000000000004 7404.4050000000016 36372.500000000007 37452.700000000004 36662.500000000007 65.500000000000014 32019.900000000005 2.5000000000000004 39052.500000000007 43767.500000000007 2.5000000000000004 36662.500000000007 0.39357655838957473 38241.450000000004 15266.605000000001 42412.500000000007 43587.650000000009 0.88699122757692528 4164.0200000000013
decision_type=2 2 2 2 2 2 2 2 2 2 2 2 2 2 2 2 2 2 2 2 2 2 2 2 2 2 2
left_child=2 7 12 4 6 -6 -4 19 17 10 11 -3 26 -12 -10 16 -11 -9 -17 20 -2 25 -21 -23 -5 -14 -1
right_child=1 9 3 24 5 -7 -8 8 14 15 13 -13 21 -15 -16 18 -18 -19 -20 22 -22 23 -24 -25 -26 -27 -28
leaf_value=9.8797915140787769 -5.4407483436293518 17.752524108886718 13.909622421471969 -1.3073702621459964 26.779476512562141 -3.7901895186480354 26.877783279418949 -4.3588193024198212 -5.8610740555657284 -4.6841997928619383 6.4545567596659943 2.8719074130058289 -0.36104523340860961 1.2695678123279857 -1.0799845117617113 1.2821797083059083 -0.10866189365401679 -7.1749175419410065 -0.101214497241502 -3.3915911992390955 -1.105993344954082 2.2046165759746841 -5.9165834172566738 0.89331394000486908 0.4184248733520507 0.17604405813746982 9.8221193949381487
leaf_weight=2.9999999999999991 59 4.9999999999999991 46 4.9999999999999982 11.000000000000002 17 20 48 8.9999999999999982 25 17 7.9999999999999991 3.0000000000000027 135 130 115 162 24 96 2.9999999999999991 13.999999999999998 13.000000000000002 150 10.999999999999998 5 18 3
leaf_count=3 59 5 46 5 11 17 20 48 9 25 17 8 3 135 130 115 162 24 96 3 14 13 150 11 5 18 3
internal_value=0.0778666 -1.41284 9.69531 13.4913 14.9738 8.21932 17.8394 -4.13895 -2.72308 0.703167 2.38095 8.59522 1.95447 1.84947 -1.38955 0.00760265 -0.720365 -5.29752 0.652768 -5.46084 -4.60943 0.901603 -5.86707 1.6036 -0.444473 0.099317 9.85096
internal_weight=1155 1000 155 104 94 28 66 437 211 563 165 13 51 152 139 398 187 72 211 226 73 45 153 24 10 21 6
internal_count=1155 1000 155 104 94 28 66 437 211 563 165 13 51 152 139 398 187 72 211 226 73 45 153 24 10 21 6
is_linear=0
shrinkage=0.05


Tree=17
num_leaves=31
num_cat=0
split_feature=2 1 4 4 0 0 4 4 1 4 4 3 4 0 0 8 3 6 3 7 4 4 2 0 0 1 1 4 4 3
split_gain=5.19994e+06 1.97365e+06 1.03542e+06 916778 566963 616805 388120 778505 256225 177743 161318 148233 165810 191265 125753 118596 105781 105411 100644 64990.6 37318.8 25575.3 75031 20021.1 14115.4 11858.4 6974.43 6589.38 4022.83 3679.85
threshold=5852.2250000000013 21634.310000000005 42910.000000000007 45602.500000000007 38033.350000000013 40100.150000000009 46555.000000000007 47547.500000000007 16280.935000000003 36372.500000000007 37740.000000000007 0.75801636461108013 36372.500000000007 37309.250000000007 38348.000000000007 2.5000000000000004 0.62183744342060765 64.500000000000014 0.85800388166616137 1.5000000000000002 30732.500000000004 36662.500000000007 20022.105000000003 37617.05000000001 37584.000000000007 16729.700000000004 40219.105000000003 42595.000000000007 42412.500000000007 0.86103059416372962
decision_type=2 2 2 2 2 2 2 2 2 2 2 2 2 2 2 2 2 2 2 2 2 2 2 2 2 2 2 2 2 2
left_child=2 8 9 4 18 -6 26 -8 21 14 25 15 13 -13 23 16 -3 -14 -4 -12 -17 22 -2 -1 29 -10 -5 -23 -26 -11
right_child=1 11 3 6 5 -7 7 -9 10 24 19 12 17 -15 -16 20 -18 -19 -20 -21 -22 27 -24 -25 28 -27 -28 -29 -30 -31
leaf_value=14.381196085611984 -1.5020240629420563 -7.6031727109636584 7.2058141708374039 0.20210391477896616 22.109717093015973 11.660069482976741 16.88860282897949 -0.46672375400861105 -2.7825919866561892 -1.8484437942504863 -1.9148316653335797 14.516723632812504 5.2049370310136247 1.7127697535923549 1.9754340580531526 4.2919900258382162 -1.2551302593094962 0.71851244899490396 -1.952226400375366 -4.5793792779105047 0.28242682940458175 -5.6849378450542476 -5.2389829466119409 9.2144891357421859 1.9028266694810654 0.063624585922374285 2.7482080459594727 -4.9647820286634499 0.77274313654218407 0.029460610747337343
leaf_weight=2.9999999999999982 17 6.9999999999999991 5.9999999999999982 26.000000000000004 19 55 14 12 3.9999999999999991 3.0000000000000027 34 4.9999999999999982 13.999999999999998 7 7 5.9999999999999991 105 202 6 70 177 141 64 5 18 43 2.9999999999999991 41 13.999999999999998 20
leaf_count=3 17 7 6 26 19 55 14 12 4 3 34 5 14 7 7 6 105 202 6 70 177 141 64 5 18 43 3 41 14 20
internal_value=-0.0751728 -1.67204 7.01614 9.48404 12.7083 14.3431 4.44253 8.87845 -4.25125 2.0451 -2.60964 0.369622 1.32711 7.04775 6.8696 -0.370405 -1.65188 1.0093 2.62679 -3.70828 0.413888 -5.19377 -4.45468 11.152 0.72933 -0.178607 0.465494 -5.5227 1.40842 -0.215483
internal_weight=1148 937 211 141 86 74 55 26 414 70 151 523 228 12 15 295 112 216 12 104 183 263 81 8 55 47 29 182 32 23
internal_count=1148 937 211 141 86 74 55 26 414 70 151 523 228 12 15 295 112 216 12 104 183 263 81 8 55 47 29 182 32 23
is_linear=0
shrinkage=0.05


Tree=18
num_leaves=31
num_cat=0
split_feature=2 1 4 8 2 4 4 4 3 4 4 8 8 4 2 2 2 0 0 4 4 1 8 4 2 4 1 4 1 6
split_gain=4.26033e+06 1.73263e+06 917771 601787 522711 958200 385384 600708 216592 164746 157474 109421 102319 90627.3 180340 68079.8 59332.8 55766.4 46299.8 45555.5 45424.2 42250.1 63651.5 17773.2 13754.3 11350 7554.16 4187.64 566.468 532.287
threshold=5492.9000000000005 19000.980000000003 42910.000000000007 2.5000000000000004 3458.8650000000002 46555.000000000007 44735.000000000007 44810.000000000007 0.65572716639810924 36662.500000000007 44585.000000000007 2.5000000000000004 2.5000000000000004 36662.500000000007 20022.105000000003 15752.315000000002 8062.5500000000002 35146.700000000004 38566.150000000009 45602.500000000007 39052.500000000007 17540.610000000004 2.5000000000000004 39497.500000000007 15266.605000000001 27195.000000000004 33941.30000000001 42412.500000000007 33730.525000000009 71.500000000000014
decision_type=2 2 2 2 2 2 2 2 2 2 2 2 2 2 2 2 2 2 2 2 2 2 2 2 2 2 2 2 2 2
left_child=2 13 9 4 19 -6 10 -8 11 18 -5 15 20 14 25 -3 -14 -16 28 -4 -10 24 -23 -13 -15 -2 29 -28 -1 -11
right_child=1 8 3 6 5 -7 7 -9 12 26 -12 23 16 21 17 -17 -18 -19 -20 -21 -22 22 -24 -25 -26 -27 27 -29 -30 -31
leaf_value=9.3165034484863298 -3.5999814669291177 -2.5076361150276369 -4.8423268000284816 13.033723322550452 4.9434233717939691 23.235758124457465 24.139995281512924 11.394364696741105 -2.5409028568863867 -0.40660310506820657 3.1129672154784203 0.23445950479883898 2.1689817055256344 -3.7801367536187174 -5.2942986337762132 -6.9375223333185376 0.64360412247917242 0.8130639165639878 1.7892391204833986 0.42475174023554874 -0.026295258456163786 -5.1177358003223636 -0.36155606905619303 -1.1388379692190118 -5.306601221184982 -0.40843980285601744 1.9559779604276017 0.73603801727294926 8.5182071685791012 0.1701807314157486
leaf_weight=4.9999999999999982 2.9999999999999991 41 6.0000000000000009 6.0000000000000009 35 8.9999999999999982 12.999999999999998 32 20 5.0000000000000027 12 38 102 15.999999999999998 57 10.999999999999998 170 3.9999999999999991 2.9999999999999991 13 176 17.000000000000004 11.999999999999998 62 190 39 12.000000000000002 17 4 20
leaf_count=5 3 41 6 6 35 9 13 32 20 5 12 38 102 16 57 11 170 4 3 13 176 17 12 62 190 39 12 17 4 20
internal_value=-0.152143 -1.51456 6.64576 9.14767 5.69221 8.68504 12.6031 15.0764 0.0554492 1.86936 6.41989 -1.58437 0.58804 -4.39446 -3.15779 -3.44473 1.21562 -4.89382 7.16859 -1.23854 -0.282888 -4.9365 -3.14966 -0.616985 -5.18804 -0.636407 0.691759 1.24084 8.96171 0.054824
internal_weight=1150 958 192 126 63 44 63 45 620 66 18 152 468 338 103 52 272 61 12 19 196 235 29 100 206 42 54 29 9 25
internal_count=1150 958 192 126 63 44 63 45 620 66 18 152 468 338 103 52 272 61 12 19 196 235 29 100 206 42 54 29 9 25
is_linear=0
shrinkage=0.05


end of trees

feature_importances:
thermal_on_capacity=157
renewable_power=75
total_load=74
thermal_space_load_ratio=72
net_load=53
month=50
weekday=38
period=24
hour=4

parameters:
[boosting: gbdt]
[objective: regression]
[metric: rmse]
[tree_learner: serial]
[device_type: cpu]
[data_sample_strategy: bagging]
[data: ]
[valid: ]
[num_iterations: 400]
[learning_rate: 0.05]
[num_leaves: 31]
[num_threads: 0]
[seed: 42]
[deterministic: 0]
[force_col_wise: 0]
[force_row_wise: 0]
[histogram_pool_size: -1]
[max_depth: 5]
[min_data_in_leaf: 3]
[min_sum_hessian_in_leaf: 0.001]
[bagging_fraction: 0.85]
[pos_bagging_fraction: 1]
[neg_bagging_fraction: 1]
[bagging_freq: 1]
[bagging_seed: 400]
[bagging_by_query: 0]
[feature_fraction: 0.85]
[feature_fraction_bynode: 1]
[feature_fraction_seed: 30056]
[extra_trees: 0]
[extra_seed: 12879]
[early_stopping_round: 0]
[early_stopping_min_delta: 0]
[first_metric_only: 0]
[max_delta_step: 0]
[lambda_l1: 0]
[lambda_l2: 0]
[linear_lambda: 0]
[min_gain_to_split: 0]
[drop_rate: 0.1]
[max_drop: 50]
[skip_drop: 0.5]
[xgboost_dart_mode: 0]
[uniform_drop: 0]
[drop_seed: 17869]
[top_rate: 0.2]
[other_rate: 0.1]
[min_data_per_group: 100]
[max_cat_threshold: 32]
[cat_l2: 10]
[cat_smooth: 10]
[max_cat_to_onehot: 4]
[top_k: 20]
[monotone_constraints: ]
[monotone_constraints_method: basic]
[monotone_penalty: 0]
[feature_contri: ]
[forcedsplits_filename: ]
[refit_decay_rate: 0.9]
[cegb_tradeoff: 1]
[cegb_penalty_split: 0]
[cegb_penalty_feature_lazy: ]
[cegb_penalty_feature_coupled: ]
[path_smooth: 0]
[interaction_constraints: ]
[verbosity: -1]
[saved_feature_importance_type: 0]
[use_quantized_grad: 0]
[num_grad_quant_bins: 4]
[quant_train_renew_leaf: 0]
[stochastic_rounding: 1]
[linear_tree: 0]
[max_bin: 255]
[max_bin_by_feature: ]
[min_data_in_bin: 3]
[bin_construct_sample_cnt: 200000]
[data_random_seed: 175]
[is_enable_sparse: 1]
[enable_bundle: 1]
[use_missing: 1]
[zero_as_missing: 0]
[feature_pre_filter: 1]
[pre_partition: 0]
[two_round: 0]
[header: 0]
[label_column: ]
[weight_column: ]
[group_column: ]
[ignore_column: ]
[categorical_feature: ]
[forcedbins_filename: ]
[precise_float_parser: 0]
[parser_config_file: ]
[objective_seed: 16083]
[num_class: 1]
[is_unbalance: 0]
[scale_pos_weight: 1]
[sigmoid: 1]
[boost_from_average: 1]
[reg_sqrt: 0]
[alpha: 0.9]
[fair_c: 1]
[poisson_max_delta_step: 0.7]
[tweedie_variance_power: 1.5]
[lambdarank_truncation_level: 30]
[lambdarank_norm: 1]
[label_gain: ]
[lambdarank_position_bias_regularization: 0]
[eval_at: ]
[multi_error_top_k: 1]
[auc_mu_weights: ]
[num_machines: 1]
[local_listen_port: 12400]
[time_out: 120]
[machine_list_filename: ]
[machines: ]
[gpu_platform_id: -1]
[gpu_device_id: -1]
[gpu_use_dp: 0]
[num_gpu: 1]

end of parameters

pandas_categorical:[]
