tree
version=v4
num_class=1
num_tree_per_iteration=1
label_index=0
max_feature_idx=10
objective=regression
feature_names=total_load net_load renewable_power thermal_space_load_ratio thermal_on_capacity hour period weekday month is_weekend is_holiday
feature_infos=[26780.099999999999:38966.900000000001] [9620.2999999999993:35657.659999999996] [1615.1700000000001:19128.880000000001] [0.33550603334030826:0.95508263646906033] [27170:48080] [0:5] [1:24] [0:6] [1:4] [0:1] none
tree_sizes=2725 2853 2822 2786 2797 2742 2659 2794 2771 2821 2793

Tree=0
num_leaves=31
num_cat=0
split_feature=8 2 0 4 4 4 1 2 4 7 7 2 4 4 2 4 6 2 2 4 1 1 0 1 0 2 2 1 1 0
split_gain=9.26646e+06 5.31746e+06 4.34672e+06 3.29234e+06 4.28518e+06 2.31594e+06 1.07236e+06 971977 487662 717543 455805 442799 441376 394624 208963 162325 146562 129555 113704 98390.5 84853.8 59180.8 20482.4 17866.5 9088.44 8178.48 7131.19 3020.1 1524.49 870.732
threshold=2.5000000000000004 2931.3000000000006 31315.800000000007 44395.000000000007 44810.000000000007 44735.000000000007 23533.540000000005 5751.2350000000015 36662.500000000007 1.5000000000000002 1.5000000000000002 6704.3700000000008 46105.000000000007 42520.000000000007 7921.5150000000003 37010.000000000007 1.5000000000000002 4437.5100000000011 13122.455000000002 39715.000000000007 17586.175000000003 24371.005000000008 35367.900000000009 25763.565000000002 35406.05000000001 7756.2150000000011 7998.7900000000009 29123.880000000008 33587.555 31133.950000000004
decision_type=2 2 2 2 2 2 2 2 2 2 2 2 2 2 2 2 2 2 2 2 2 2 2 2 2 2 2 2 2 2
left_child=2 3 10 19 5 -5 12 8 9 -3 11 17 13 -4 16 20 -8 -1 -14 27 -9 -17 -10 -16 -21 -12 -13 -2 -6 -27
right_child=1 7 6 4 28 -7 14 15 22 -11 25 26 18 -15 23 21 -18 -19 -20 24 -22 -23 -24 -25 -26 29 -28 -29 -30 -31
leaf_value=243.63251724579925 261.88251775442552 271.89351765015715 244.38251727758839 275.51077907733156 259.23636397184998 298.77501877167816 263.95376785138245 255.25751775939258 258.29814278373118 261.29163162230196 246.29918403962247 257.43251774170989 249.74405614749509 254.25121009532987 253.92131089185531 255.26948789583696 257.03406037321446 249.122993844993 243.89382165333362 258.91029557458882 258.47363831336037 256.75002876453709 259.55843442827569 255.28495676389039 260.49918439989943 243.63251724579925 255.18501777190957 263.539487645598 260.05751766541596 244.3825174365341
leaf_weight=22 2.9999999999999991 20 11.999999999999998 23 13.000000000000002 20 7.9999999999999991 24 80 79 2.9999999999999991 5.0000000000000027 12.999999999999998 65 58 134 176 21 23 18 141 136 54 41 18 119 11.999999999999998 33 9.9999999999999982 3.9999999999999991
leaf_count=22 3 20 12 23 13 20 8 24 80 79 3 5 13 65 58 134 176 21 23 18 141 136 54 41 18 119 12 33 10 4
internal_value=256.54 260.012 251.733 268.947 277.014 286.331 254.694 258.166 260.772 263.433 245.428 249.015 250.577 252.713 256.338 256.77 257.335 246.314 246.006 261.553 258.006 256.015 258.806 254.486 259.705 243.72 255.846 263.401 259.593 243.657
internal_weight=1388 806 582 138 66 43 396 668 233 99 186 60 113 77 283 435 184 43 36 72 165 270 134 99 36 126 17 36 23 123
internal_count=1388 806 582 138 66 43 396 668 233 99 186 60 113 77 283 435 184 43 36 72 165 270 134 99 36 126 17 36 23 123
is_linear=0
shrinkage=1


Tree=1
num_leaves=31
num_cat=0
split_feature=8 3 0 7 1 1 2 3 0 8 7 7 0 7 2 8 6 3 0 3 1 3 1 3 0 1 3 0 1 2
split_gain=8.46959e+06 4.95774e+06 3.87071e+06 1.94803e+06 5.61722e+06 1.02484e+06 1.00668e+06 993950 815794 578044 590583 479989 491608 274782 155405 142846 122001 116005 102727 97118.7 51809.6 32109.1 27680.8 22435.4 18799.8 13302.5 7797.11 3871.34 1135.92 2.24991
threshold=2.5000000000000004 0.91745077520649243 31315.800000000007 5.5000000000000009 33198.535000000011 23729.925000000007 2687.0100000000007 0.83690549215539278 35572.000000000007 3.5000000000000004 1.5000000000000002 1.5000000000000002 29420.350000000002 5.5000000000000009 7921.5150000000003 3.5000000000000004 1.5000000000000002 0.57137568970002184 34699.850000000006 0.66130010306903653 23910.250000000004 0.93075747102203887 25395.530000000006 0.82345174743607508 35406.05000000001 25554.430000000004 0.74388621531854493 35630.900000000001 33587.555 7921.5150000000003
decision_type=2 2 2 2 2 2 2 2 2 2 2 2 2 2 2 2 2 2 2 2 2 2 2 2 2 2 2 2 2 2
left_child=2 7 11 6 21 13 18 15 -8 24 -11 12 22 19 16 20 -7 -17 -3 -4 -2 -5 -1 -14 -9 -16 29 -15 -6 -13
right_child=1 3 5 4 28 14 8 9 -10 10 -12 26 23 27 25 17 -18 -19 -20 -21 -22 -23 -24 -25 -26 -27 -28 -29 -30 -31
leaf_value=-9.2404937028884895 -1.365417116880417 7.1145250542219305 -5.9082924723625183 43.941248779296842 2.6563636953180478 6.9173114173114305 12.165867344538368 1.8160421876680282 36.204459838867187 13.753758650559647 4.9936797477103569 -12.226070404052734 -0.51157983353263448 -12.202835845947266 -2.365296290471004 -0.73460434845515665 0.6039589226584543 2.0843771927840229 3.0839963302612308 -2.8730819497970828 0.13836113690910207 39.314582112630212 -12.181626129150391 -4.0187290827433264 3.0051830343766648 -1.1277914066703951 -9.6038481394449882 -10.194690831502278 3.4137907663981117 -12.182240883248753
leaf_weight=15.999999999999998 96 43 60 5.0000000000000027 11.000000000000002 7.9999999999999991 12.000000000000002 84 4.9999999999999991 26 74 2.9999999999999991 19.000000000000004 11.999999999999998 39 49 176 143 25 47 142 14.999999999999998 15.999999999999998 5.9999999999999991 55 49 2.9999999999999991 2.9999999999999991 8.9999999999999982 122
leaf_count=16 96 43 60 5 11 8 12 84 5 26 74 3 19 12 39 49 176 143 25 47 142 15 16 6 55 49 3 3 9 122
internal_value=0.141496 3.49497 -4.45722 12.6353 21.7342 -1.6559 8.35338 1.78715 19.236 4.37223 7.2713 -10.4233 -6.60678 -5.46353 0.0519372 0.35032 0.878453 1.36495 5.63271 -4.57507 -0.468205 40.4712 -10.7111 -1.3533 2.28657 -1.67623 -12.1228 -11.8012 2.99721 -12.1833
internal_weight=1373 794 579 125 40 394 85 669 17 239 100 185 57 122 272 430 184 192 68 107 238 20 32 25 139 88 128 15 20 125
internal_count=1373 794 579 125 40 394 85 669 17 239 100 185 57 122 272 430 184 192 68 107 238 20 32 25 139 88 128 15 20 125
is_linear=0
shrinkage=0.05


Tree=2
num_leaves=31
num_cat=0
split_feature=8 0 3 4 4 4 3 2 7 4 7 7 2 2 4 2 6 4 3 1 0 1 1 0 0 0 3 1 1 0
split_gain=6.73449e+06 3.49143e+06 3.06593e+06 1.99163e+06 2.68773e+06 1.79341e+06 933718 726636 436831 431103 765591 412917 359613 254384 135525 109750 98098.1 75319 69765.6 68655.4 56522.4 45630.8 27373.4 12967.4 12151 6928.62 6900.83 1179.83 855.211 438.949
threshold=2.5000000000000004 31315.800000000007 0.91745077520649243 44395.000000000007 44810.000000000007 44735.000000000007 0.66130010306903653 5751.2350000000015 4.5000000000000009 36662.500000000007 1.5000000000000002 1.5000000000000002 6704.3700000000008 7921.5150000000003 37010.000000000007 4437.5100000000011 1.5000000000000002 39715.000000000007 0.57137568970002184 22511.115000000005 32809.100000000006 24677.710000000003 19440.900000000005 34846.30000000001 35406.05000000001 30133.150000000005 0.74388621531854493 33774.775000000001 22150.125000000004 33464.05000000001
decision_type=2 2 2 2 2 2 2 2 2 2 2 2 2 2 2 2 2 2 2 2 2 2 2 2 2 2 2 2 2 2
left_child=1 11 7 17 5 -5 8 9 22 10 -2 12 15 16 18 -1 -8 29 -9 -10 -15 -16 -3 -11 -19 -14 28 -6 -13 -4
right_child=2 6 3 4 27 -7 13 14 19 23 -12 26 25 20 21 -17 -18 24 -20 -21 -22 -23 -24 -25 -26 -27 -28 -29 -30 -31
leaf_value=-11.654173736572266 17.629175039438103 -1.4621722773501749 6.1965300339918867 15.09782803853353 2.5112862269083656 38.104478645324711 5.992001501719157 -0.97164998593238683 -11.352816809377364 1.5371372327208519 4.5689174489277162 -11.574525674184164 -1.2186718662579852 -8.7644801457722981 -1.0749213821105374 -6.3476267011542076 0.63470554923164779 1.9607450220319962 1.8470744100445551 -5.5096035003662109 -1.8232509491552833 0.26607495964300343 -4.1123491072654721 2.4639120602089428 3.7979363971286348 0.86228644847869873 -9.1236558278401692 3.2951846837997438 -10.831340789794922 6.7591577529907232
leaf_weight=20 12.999999999999998 19 26.000000000000004 18 12.000000000000002 15.999999999999998 8.9999999999999982 26 31 64 82 120 12.000000000000002 2.9999999999999991 131 19 169 18 141 5.9999999999999991 131 123 20 92 18 5.9999999999999991 2.9999999999999991 7.9999999999999991 3.9999999999999991 3.9999999999999991
leaf_count=20 13 19 26 18 12 16 9 26 31 64 82 120 12 3 131 19 169 18 141 6 131 123 20 92 18 6 3 8 4 4
internal_value=-0.0997368 -4.23382 2.88599 10.2478 17.3691 25.9245 -1.54374 1.57139 -6.51346 3.70075 6.35611 -9.9064 -6.37085 -0.33316 0.30187 -9.06893 0.90558 4.42125 1.40823 -10.4053 -1.97865 -0.425541 -2.82124 2.0837 2.87934 -0.525019 -11.4932 2.82485 -11.5506 6.27155
internal_weight=1364 572 792 120 54 34 388 672 76 251 95 184 57 312 421 39 178 66 167 37 134 254 39 156 36 18 127 20 124 30
internal_count=1364 572 792 120 54 34 388 672 76 251 95 184 57 312 421 39 178 66 167 37 134 254 39 156 36 18 127 20 124 30
is_linear=0
shrinkage=0.05


Tree=3
num_leaves=31
num_cat=0
split_feature=1 3 0 4 4 4 4 4 1 7 7 6 1 2 4 4 7 4 1 1 1 1 2 1 0 6 1 1 0 0
split_gain=7.0783e+06 3.29981e+06 3.19385e+06 2.15888e+06 3.19185e+06 1.83992e+06 933970 763324 683558 575550 283319 347881 118449 91267.3 80862.8 71139.4 66098.6 34748.1 25286.7 22631.9 52277.1 23504.8 14081.4 6999.98 6666.19 4668.9 1225.16 1043.23 825.123 18.2913
threshold=26470.515000000003 0.91745077520649243 29601.600000000002 44395.000000000007 44810.000000000007 44735.000000000007 37740.000000000007 36662.500000000007 23067.700000000001 4.5000000000000009 1.5000000000000002 10.500000000000002 29562.795000000002 12738.745000000001 39905.000000000007 39715.000000000007 1.0000000180025095e-35 43067.500000000007 29240.090000000007 22193.015000000003 25395.530000000006 22436.52 6401.7400000000007 16765.575000000004 35206.55000000001 23.500000000000004 33587.555 21949.635000000002 33464.05000000001 28812.400000000005
decision_type=2 2 2 2 2 2 2 2 2 2 2 2 2 2 2 2 2 2 2 2 2 2 2 2 2 2 2 2 2 2
left_child=2 7 19 15 5 -5 13 10 9 -8 11 -2 17 22 -10 28 -14 -9 -12 25 21 -21 -4 -15 -17 27 -6 -1 -3 -22
right_child=1 3 6 4 26 -7 8 12 14 -11 18 -13 16 23 -16 24 -18 -19 -20 20 29 -23 -24 -25 -26 -27 -28 -29 -30 -31
leaf_value=-10.995252730629661 19.288677120208732 5.8856972830636165 3.2328282833099369 15.591871365633878 2.3836454244760361 36.545895690917966 -2.5294926670508655 0.85922504485921669 0.88533664020625036 -7.4174383850799792 3.9651988046819513 6.2183201926095144 4.4589720899408514 -1.2258723877094411 -1.5255322583019735 1.8799820491245811 1.5607605341301172 -0.46421333721705849 6.0809954793829668 -9.4267434120178173 -10.989836120605467 -4.4785916646321615 1.649688946682474 -0.024373565411025828 3.3533162621890797 -9.4707466888427732 3.1006198016079991 -11.676660029093426 6.5318188349405935 -11.125884246826173
leaf_weight=88 8.0000000000000018 28 15.999999999999998 22 13.000000000000002 20 123 94 44 118 55 13.999999999999998 22 27 166 14.000000000000002 186 105 19 4.0000000000000018 14.000000000000002 6 115 22 17 4.9999999999999991 10.999999999999998 5.9999999999999991 5.9999999999999991 2.9999999999999991
leaf_count=88 8 28 16 22 13 20 123 94 44 118 55 14 22 27 166 14 186 105 19 4 14 6 115 22 17 5 11 6 6 3
internal_value=-0.0775771 3.81982 -3.34171 10.8882 17.2581 25.57 -1.89043 1.97895 -3.1057 -4.92276 5.98949 10.9712 1.03298 1.15447 -1.0204 4.42025 1.8673 0.160928 4.50844 -10.6096 -9.32644 -6.45785 1.84305 -0.686424 2.68794 -10.9596 2.71226 -11.0387 5.99972 -11.0138
internal_weight=1391 634 757 131 66 42 631 503 451 241 96 22 407 180 210 65 208 199 74 126 27 10 131 49 31 99 24 94 34 17
internal_count=1391 634 757 131 66 42 631 503 451 241 96 22 407 180 210 65 208 199 74 126 27 10 131 49 31 99 24 94 34 17
is_linear=0
shrinkage=0.05


Tree=4
num_leaves=31
num_cat=0
split_feature=8 3 0 7 1 1 2 0 2 8 7 7 2 7 2 6 2 8 1 3 3 0 1 0 1 3 2 1 1 0
split_gain=6.7016e+06 3.86063e+06 2.94974e+06 1.6387e+06 4.36731e+06 860579 802383 727179 669455 360914 346917 318575 341371 275992 149515 97798.2 91067.9 76892.1 74141.1 69408 60536.3 33149.7 30785.4 20802 16772.7 6551.38 4968.35 2771.19 1226.54 497.17
threshold=2.5000000000000004 0.91745077520649243 31315.800000000007 5.5000000000000009 33198.535000000011 23533.540000000005 2687.0100000000007 35572.000000000007 6090.5100000000011 3.5000000000000004 1.5000000000000002 1.5000000000000002 6704.3700000000008 5.5000000000000009 7921.5150000000003 2.5000000000000004 4437.5100000000011 3.5000000000000004 19276.285000000003 0.55981093670574145 0.9404896693885898 34719.250000000007 23417.120000000003 35367.900000000009 25495.835000000003 0.7388267372806222 7998.7900000000009 22970.080000000002 33587.555 29601.600000000002
decision_type=2 2 2 2 2 2 2 2 2 2 2 2 2 2 2 2 2 2 2 2 2 2 2 2 2 2 2 2 2 2
left_child=2 8 11 6 21 13 20 -8 9 23 -11 12 16 18 15 -7 -1 22 -4 -19 -3 -5 -10 -2 -16 29 -14 -15 -6 -13
right_child=1 3 5 4 28 14 7 -9 17 10 -12 25 26 27 24 -17 -18 19 -20 -21 -22 -23 -24 -25 -26 -27 -28 -29 -30 -31
leaf_value=-10.613046296437581 1.3673009210474352 5.5873786770567611 -1.2998126888275148 34.000911661783846 2.256071610884232 4.5065986428409817 10.164259338378905 32.859751586914065 -1.2133146196603777 10.457917557443892 4.050148147760436 -10.448740445012632 0.83486853599548283 -10.702185327866497 -2.259426350593567 0.41973500396016727 -5.9795975132992396 -0.87802190662998914 -4.6992168956332732 1.5314899897575378 2.1967435518900555 38.398334757486985 0.044479617035724756 2.5717161939990136 -0.98279104558926711 -8.1457696914672848 -1.0012636610439845 -9.0538972218831386 3.0431321885850693 -10.670149928501674
leaf_weight=24 85 49 20 15.000000000000002 11.000000000000002 15.999999999999998 12.000000000000002 4.9999999999999991 74 28 86 92 5.0000000000000027 17.000000000000004 50 172 19 38 81 140 18 5.9999999999999991 142 62 53 2.9999999999999991 13.999999999999998 2.9999999999999991 8.9999999999999982 35
leaf_count=24 85 49 20 15 11 16 12 5 74 28 86 92 5 17 50 172 19 38 81 140 18 6 142 62 53 3 14 3 9 35
internal_value=0.0236568 3.08536 -3.93019 11.1376 19.3319 -1.54488 7.13801 16.8394 1.54867 3.51265 5.62399 -9.04867 -6.0995 -5.08869 -0.0713376 0.767553 -8.56571 0.247651 -4.02607 1.0171 4.67646 35.2573 -0.386431 1.87529 -1.60252 -10.4552 -0.518071 -10.4549 2.61025 -10.5098
internal_weight=1384 780 604 125 41 412 84 17 655 261 114 192 62 121 291 188 43 394 101 178 67 21 216 147 103 130 19 20 20 127
internal_count=1384 780 604 125 41 412 84 17 655 261 114 192 62 121 291 188 43 394 101 178 67 21 216 147 103 130 19 20 20 127
is_linear=0
shrinkage=0.05


Tree=5
num_leaves=29
num_cat=0
split_feature=3 0 4 4 3 4 8 0 4 4 0 3 4 4 0 0 2 2 0 6 6 2 0 0 3 0 6 0
split_gain=5.87246e+06 3.65072e+06 2.27543e+06 2.66704e+06 1.4948e+06 1.21516e+06 1.07506e+06 822498 570127 462112 121140 100549 79281.9 72305.1 30705.2 27974.8 21417.6 48356.2 11450.2 6180.82 3996.45 1587.84 691.273 559.593 500.893 72.4986 63.1502 16.604
threshold=0.91745077520649243 29601.600000000002 44395.000000000007 44810.000000000007 0.75203333697763064 44735.000000000007 2.5000000000000004 35180.150000000001 42195.000000000007 36662.500000000007 30340.000000000004 0.85628609544302348 37010.000000000007 39715.000000000007 33464.05000000001 34215.400000000001 5996.380000000001 5191.7150000000011 28316.150000000005 22.500000000000004 23.500000000000004 6190.7200000000003 36948.200000000004 33464.05000000001 0.94838465538800665 34056.600000000006 15.500000000000002 28626.950000000004
decision_type=2 2 2 2 2 2 2 2 2 2 2 2 2 2 2 2 2 2 2 2 2 2 2 2 2 2 2 2
left_child=1 16 13 5 6 7 8 -4 -3 11 -11 -6 -8 23 -7 -15 17 27 -19 -17 21 -18 24 26 -5 -25 -2 -1
right_child=2 4 3 22 9 14 12 -9 -10 10 -12 -13 -14 15 -16 19 20 18 -20 -21 -22 -23 -24 25 -26 -27 -28 -29
leaf_value=-9.909691619873044 5.4056780624389615 -8.2822281633598234 8.5375232989971437 2.1556147030421657 2.7938663208123411 30.619204711914051 0.98376989936040449 30.917882283528645 -3.0146008669588698 -6.2819581985473638 0.8709926846799928 5.5753061860799793 -0.67882433017207822 -2.595465135574341 34.556235914963942 2.1844325790405272 -10.816330108642578 -7.8222293853759801 -4.039015547434488 4.3012922286987303 -8.4978023529052731 -9.8988626962684734 3.1044877370198569 6.0233814239501955 2.8675527572631836 5.6757740020751939 5.2411654881068639 -10.041205088297527
leaf_weight=12.000000000000002 10.000000000000005 69 13.000000000000002 14.000000000000005 66 8.0000000000000018 121 5.9999999999999991 201 5.9999999999999991 439 64 176 2.9999999999999991 12.999999999999998 25.000000000000004 4.9999999999999991 2.9999999999999982 6 3.9999999999999991 4.9999999999999991 83 2.9999999999999991 2.9999999999999991 2.9999999999999991 3 13.999999999999998 2.9999999999999991
leaf_count=12 10 69 13 14 66 8 121 6 201 6 439 64 176 3 13 25 5 3 6 4 5 83 3 3 3 3 14 3
internal_value=-0.10249 -1.11745 10.3716 17.3129 -0.255654 24.767 -2.07733 15.605 -4.36077 1.54068 0.774548 4.16319 -0.00147113 3.6542 33.0564 2.00092 -9.5292 -8.19753 -5.30009 2.47641 -9.87286 -9.95099 2.40474 5.41769 2.28125 5.84958 5.30971 -9.93599
internal_weight=1381 1259 122 60 1142 40 567 19 270 575 445 130 297 62 21 32 117 24 9 29 93 88 20 30 17 6 24 15
internal_count=1381 1259 122 60 1142 40 567 19 270 575 445 130 297 62 21 32 117 24 9 29 93 88 20 30 17 6 24 15
is_linear=0
shrinkage=0.05


Tree=6
num_leaves=29
num_cat=0
split_feature=3 0 4 4 3 4 0 4 4 0 7 3 4 3 1 1 1 0 1 0 2 1 0 0 0 0 6 1
split_gain=4.58158e+06 3.25632e+06 1.91451e+06 2.28977e+06 1.3844e+06 857605 634353 578588 476504 429658 320450 96305.7 65812.1 46273.3 25456.8 23312.2 36394.9 19809.1 17070.6 4488.35 1351.64 818.179 373.115 158.75 86.7857 71.614 31.7739 15.827
threshold=0.91745077520649243 29601.600000000002 44395.000000000007 44810.000000000007 0.74620822614599414 44735.000000000007 35180.150000000001 37740.000000000007 35390.000000000007 31315.800000000007 1.5000000000000002 0.83690549215539278 39715.000000000007 0.55981093670574145 31446.770000000004 22193.015000000003 25395.530000000006 33464.05000000001 22436.52 35536.30000000001 7442.9500000000016 33587.555 33676.000000000007 36829.200000000004 35842.80000000001 32529.650000000005 23.500000000000004 25868.145
decision_type=2 2 2 2 2 2 2 2 2 2 2 2 2 2 2 2 2 2 2 2 2 2 2 2 2 2 2 2
left_child=1 15 12 5 7 6 -4 13 10 -9 -6 -10 22 -3 -14 20 18 -7 -17 -16 -1 24 25 -23 -5 -2 -22 -18
right_child=2 4 3 21 8 17 -8 9 11 -11 -12 -13 14 -15 19 16 27 -19 -20 -21 26 23 -24 -25 -26 -27 -28 -29
leaf_value=-10.282955322265625 4.9759160450526627 -0.80270533176029435 9.7173533512995771 1.9186041695731022 10.682025867038304 29.074851771763377 29.371989186604818 -7.165167144628672 0.16322679493510933 -2.2811623131222967 3.3670885578969898 1.5698010129718489 -2.4656919797261558 1.3147471146048788 1.8290039380391439 -8.201930999755854 -9.4117750688032675 32.47731184525923 -4.1073332377842489 3.0226839201790945 -9.4283416045339479 2.4919735272725427 5.5240762329101569 2.8986242771148678 2.2400327682495109 5.146398058804599 -9.5729232788085934 -9.5413368225097663
leaf_weight=4.9999999999999991 14.000000000000005 34 13.000000000000002 7.0000000000000018 18 7.0000000000000027 5.9999999999999991 52 228 336 89 261 2.9999999999999991 107 18 4.0000000000000018 10.999999999999998 10.999999999999998 7 13.999999999999998 76 5.9999999999999982 4.9999999999999991 4 3 10.999999999999998 3.9999999999999991 2.9999999999999991
leaf_count=5 14 34 13 7 18 7 6 52 228 336 89 261 3 107 18 4 11 11 7 14 76 6 5 4 3 11 4 3
internal_value=0.0331611 -0.879972 9.27676 15.9654 -0.0771486 23.3333 15.9241 -1.93889 1.5753 -2.93572 4.59764 0.913975 3.41133 0.804156 1.93836 -9.09066 -7.7485 31.1541 -5.59628 2.35124 -9.48542 2.33483 5.12979 2.65463 2.01503 5.05093 -9.43557 -9.43954
internal_weight=1357 1235 122 57 1125 37 19 529 596 388 107 489 65 141 35 110 25 18 11 32 85 20 30 10 10 25 80 14
internal_count=1357 1235 122 57 1125 37 19 529 596 388 107 489 65 141 35 110 25 18 11 32 85 20 30 10 10 25 80 14
is_linear=0
shrinkage=0.05


Tree=7
num_leaves=31
num_cat=0
split_feature=8 2 0 7 1 1 2 0 3 7 8 7 2 7 0 2 6 2 2 8 3 0 0 1 5 2 1 2 0 1
split_gain=4.41512e+06 2.35739e+06 2.02792e+06 940384 2.90815e+06 689512 542033 585143 451413 234360 219249 207999 251251 184172 107333 104267 71463.2 65368.4 61919.3 61047.5 44979.5 42568.7 14943.3 13990.3 9409.81 5211.95 2634.71 1923.67 992.233 746.082
threshold=2.5000000000000004 2861.4150000000004 31315.800000000007 5.5000000000000009 33198.535000000011 23250.314999999999 2687.0100000000007 35572.000000000007 0.83261170272332674 5.5000000000000009 3.5000000000000004 1.5000000000000002 6704.3700000000008 1.5000000000000002 34209.450000000004 7921.5150000000003 1.5000000000000002 4437.5100000000011 12119.040000000003 3.5000000000000004 0.93838607079151393 34719.250000000007 35406.05000000001 25148.765000000003 1.0000000180025095e-35 7921.5150000000003 22970.080000000002 7998.7900000000009 29601.600000000002 33587.555
decision_type=2 2 2 2 2 2 2 2 2 2 2 2 2 2 2 2 2 2 2 2 2 2 2 2 2 2 2 2 2 2
left_child=2 3 11 6 21 9 20 -8 18 14 22 12 17 -12 -4 16 -7 -1 19 -3 -2 -5 -10 -17 -20 -13 -11 -14 -27 -6
right_child=1 8 5 4 29 15 7 -9 10 26 13 25 27 -15 -16 23 -18 -19 24 -21 -22 -23 -24 -25 -26 28 -28 -29 -30 -31
leaf_value=-9.3841914367675781 4.766686310975448 -0.030114711377489774 -2.5051567007787527 28.351389254056485 1.8806284817782311 5.2359668165445328 7.8435730616251611 28.202271728515626 1.3204187216966048 -9.8558086619657601 8.4547773895263685 -6.9465209643046073 1.1593231201171876 3.490980949917355 -6.1719693808720031 -1.9594691758253138 0.40464880217766486 -5.5137572487195339 0.27905082404613496 1.3688025363734071 2.0586215931436289 33.780073852539061 2.3346694228053093 -0.824938334793341 -0.96881895604285795 -8.9604420185089122 -8.2486206054687496 -0.12110341678966174 -9.2796301487513961 2.4944762123955622
leaf_weight=20 46 173 64 13.000000000000002 11.000000000000002 7.9999999999999991 12.000000000000002 4.9999999999999991 92 17.000000000000004 25 2.9999999999999991 3.9999999999999991 74 29 49 177 24 18 142 23 4.9999999999999991 60 61 94 80 2.9999999999999991 10.999999999999998 35 8.9999999999999982
leaf_count=20 46 173 64 13 11 8 12 5 92 17 25 3 4 74 29 49 177 24 18 142 23 5 60 61 94 80 3 11 35 9
internal_value=-0.0193776 2.38994 -3.32241 8.72868 15.2791 -1.38342 5.8343 13.8314 1.23064 -4.70453 2.91339 -7.79193 -5.36795 4.74446 -3.64857 -0.11127 0.613571 -7.27305 0.241485 0.600508 3.864 29.8594 1.72078 -1.33032 -0.768268 -9.00392 -9.61473 0.220344 -9.05759 2.15686
internal_weight=1387 802 585 124 38 408 86 17 678 113 251 177 59 99 93 295 185 44 427 315 69 18 152 110 112 118 20 15 115 20
internal_count=1387 802 585 124 38 408 86 17 678 113 251 177 59 99 93 295 185 44 427 315 69 18 152 110 112 118 20 15 115 20
is_linear=0
shrinkage=0.05


Tree=8
num_leaves=31
num_cat=0
split_feature=8 3 0 4 4 4 1 3 4 4 4 7 7 2 2 4 2 2 2 4 4 1 1 0 0 2 1 0 1 1
split_gain=4.65766e+06 2.59908e+06 1.84417e+06 1.8291e+06 2.05288e+06 1.00793e+06 575221 437360 301929 358801 289310 353981 213691 259993 76932.3 70880.1 62677.3 52056.9 49230.8 47047.1 37818 18547 14959.9 14433.7 5433.5 4705.34 1340.96 1059.97 529.367 338.305
threshold=2.5000000000000004 0.91745077520649243 31315.800000000007 44395.000000000007 44810.000000000007 44735.000000000007 23319.210000000003 0.83690549215539278 46105.000000000007 42520.000000000007 36372.500000000007 1.5000000000000002 1.5000000000000002 7198.9500000000016 7921.5150000000003 37010.000000000007 13122.455000000002 4437.5100000000011 13971.185000000003 39715.000000000007 42195.000000000007 23910.250000000004 25495.835000000003 33888.900000000009 35536.30000000001 7756.2150000000011 21949.635000000002 29601.600000000002 33587.555 30822.000000000004
decision_type=2 2 2 2 2 2 2 2 2 2 2 2 2 2 2 2 2 2 2 2 2 2 2 2 2 2 2 2 2 2
left_child=2 7 12 19 5 -5 8 15 9 -4 11 -9 13 17 20 18 -10 -1 -2 29 -8 -17 -16 -12 -21 -14 -15 -27 -6 -3
right_child=1 3 6 4 28 -7 14 10 16 -11 23 -13 25 26 22 21 -18 -19 -20 24 -22 -23 -24 -25 -26 27 -28 -29 -30 -31
leaf_value=-8.8594117664155512 1.3471279197713226 4.5516688982645661 -10.037604581392728 13.029809627532959 1.9036425209045404 28.377398416270381 2.2205446759859724 11.652963818444148 -5.4612621082979089 -0.88855752417298628 3.3187014443533762 3.6099898756596085 -6.5991950035095215 -0.22194222211837766 -1.875259969489915 -0.71757519421192395 -9.3963576812744147 -5.3388293652307421 -1.1230235935553261 1.5542941053708397 0.091226602537826926 0.14632819227442362 -0.70888197819391896 1.6390432745218277 2.8235033035278323 -8.5128717191926722 0.69353441993395493 -8.8366491045270656 2.4062879649075595 4.9467173440115797
leaf_weight=21 164 24.000000000000004 12.999999999999998 20 10.000000000000002 23 24 18 17 61 13.999999999999998 57 2.9999999999999991 12.000000000000002 56 113 25 21 23 24 159 138 54 148 12.999999999999998 91 5.9999999999999991 35 10.999999999999998 6.9999999999999991
leaf_count=21 164 24 13 20 10 23 24 18 17 61 14 57 3 12 56 113 25 21 23 24 159 138 54 148 13 91 6 35 11 7
internal_value=0.0192692 2.49743 -3.32501 8.91407 14.981 21.239 -1.4375 1.24262 -4.4176 -2.49582 2.97284 5.5403 -7.40961 -4.94442 -0.257666 0.306408 -7.80358 -7.09912 1.04331 3.20405 0.370481 -0.2426 -1.30267 1.7842 2.00023 -8.55621 0.0832167 -8.60281 2.16693 4.64087
internal_weight=1405 807 598 132 64 43 409 675 116 74 237 75 189 60 293 438 42 42 187 68 183 251 110 162 37 129 18 126 21 31
internal_count=1405 807 598 132 64 43 409 675 116 74 237 75 189 60 293 438 42 42 187 68 183 251 110 162 37 129 18 126 21 31
is_linear=0
shrinkage=0.05


Tree=9
num_leaves=31
num_cat=0
split_feature=8 0 3 4 4 4 2 3 4 5 7 2 4 1 4 2 0 4 6 4 2 2 1 0 0 2 2 0 1 1
split_gain=3.65148e+06 1.73419e+06 1.71114e+06 1.16572e+06 1.45755e+06 798041 546359 425376 264651 418542 168151 225738 158970 214617 154847 70543.3 80889.3 70350.7 64452.5 39006.7 38297.1 32433.8 17265.6 13220.9 4301.51 4290.93 2241.08 1050.49 517.815 410.265
threshold=2.5000000000000004 31315.800000000007 0.91745077520649243 44395.000000000007 44810.000000000007 44735.000000000007 10921.125000000002 0.83261170272332674 36372.500000000007 1.5000000000000002 1.5000000000000002 6704.3700000000008 46105.000000000007 23010.790000000005 42910.000000000007 7921.5150000000003 32809.100000000006 37010.000000000007 1.5000000000000002 39715.000000000007 13971.185000000003 4437.5100000000011 23417.120000000003 33740.80000000001 35630.900000000001 7756.2150000000011 8120.3750000000009 29601.600000000002 33587.555 30822.000000000004
decision_type=2 2 2 2 2 2 2 2 2 2 2 2 2 2 2 2 2 2 2 2 2 2 2 2 2 2 2 2 2 2
left_child=1 10 7 19 5 -5 15 17 9 -9 11 21 14 -14 -8 18 -17 20 -3 29 -2 -1 -19 -10 -21 -12 -13 -27 -6 -4
right_child=2 6 3 4 28 -7 12 8 23 -11 25 26 13 -15 -16 16 -18 22 -20 24 -22 -23 -24 -25 -26 27 -28 -29 -30 -31
leaf_value=-8.4317777421739368 1.2929111016648156 4.9562991917133337 4.2518178839432563 12.368259139288041 1.770067520141601 27.190497112274173 -9.6960002899169933 11.670545628196315 3.1331674194335939 3.2343700922452485 -6.2692351977030434 1.0654432487487793 -8.1789647592080623 -2.4341740209480811 -1.2211058671744366 -9.1742530822753903 -0.83540087624600068 -0.76388129021440232 0.3691875407066425 1.4107413105342701 -1.1444541328483158 -5.5062162530422221 0.076789823166821924 1.5790249686210585 2.6128944310274993 -8.0876285508099723 -0.21122389273210007 -8.4098819626702213 2.2788971614837648 4.6995962960379467
leaf_weight=18 154 7.9999999999999991 19.000000000000004 21 10.000000000000002 15.999999999999998 5.9999999999999991 19 14.999999999999998 65 2.9999999999999991 4.9999999999999991 37 29 53 2.9999999999999991 95 105 179 23 18 20 146 156 10.999999999999998 85 10.999999999999998 36 9.9999999999999982 6.9999999999999991
leaf_count=18 154 8 19 21 10 16 6 19 15 65 3 5 37 29 53 3 95 105 179 23 18 20 146 156 11 85 11 36 10 7
internal_value=-0.0146127 -3.00198 2.19491 7.77899 12.8995 18.7779 -1.21282 1.23129 2.84431 5.14255 -7.12306 -4.79431 -3.96886 -5.65474 -2.08296 -0.00403817 -1.09067 0.258893 0.565428 2.91451 1.03784 -6.89201 -0.274885 1.71535 1.79967 -8.13719 0.187735 -8.18351 2.02448 4.37237
internal_weight=1383 588 795 117 57 37 410 678 255 84 178 54 125 66 59 285 98 423 187 60 172 38 251 171 34 124 16 121 20 26
internal_count=1383 588 795 117 57 37 410 678 255 84 178 54 125 66 59 285 98 423 187 60 172 38 251 171 34 124 16 121 20 26
is_linear=0
shrinkage=0.05


Tree=10
num_leaves=31
num_cat=0
split_feature=8 3 1 7 1 2 0 2 0 7 8 1 7 7 0 2 1 0 8 1 3 3 0 1 2 0 7 0 1 1
split_gain=3.67737e+06 1.88166e+06 1.5893e+06 816790 2.36535e+06 504125 446646 377136 344842 255475 208592 207467 202815 186008 161992 70531.5 60422.5 54049.9 43809.6 40626 32216 30265.6 30189.7 22008.7 18591 15848.8 10424.9 3199.32 1732.38 724.18
threshold=2.5000000000000004 0.91745077520649243 23250.314999999999 5.5000000000000009 33198.535000000011 2687.0100000000007 35572.000000000007 6138.6550000000016 30052.800000000007 2.5000000000000004 3.5000000000000004 21949.635000000002 1.5000000000000002 5.5000000000000009 29680.300000000003 7921.5150000000003 25395.530000000006 37580.600000000006 3.5000000000000004 22721.555000000004 0.57137568970002184 0.9404896693885898 34719.250000000007 22636.630000000008 5941.2350000000015 35367.900000000009 4.5000000000000009 29601.600000000002 26116.195000000003 33587.555
decision_type=2 2 2 2 2 2 2 2 2 2 2 2 2 2 2 2 2 2 2 2 2 2 2 2 2 2 2 2 2 2
left_child=2 7 9 5 22 21 -7 10 16 14 25 27 -12 -13 24 17 -4 -10 23 -16 -20 -3 -5 -9 -1 -2 -17 -11 -18 -6
right_child=1 3 8 4 29 6 -8 18 15 11 12 13 -14 -15 19 26 28 -19 20 -21 -22 -23 -24 -25 -26 -27 -28 -29 -30 -31
leaf_value=-4.2724848937988247 1.0272193462290662 3.955177558385409 -1.0314094066619865 24.682277461460654 1.6735284487406408 7.4991157748482458 25.522254638671878 -1.0393601931864396 0.31425971750702181 -7.6845964558919277 7.6933529084728605 -1.3639374185491491 2.98335667971907 -8.1673718929290775 -1.8777374035839376 -1.4618216975094522 -7.605871785481769 4.791531845501491 -0.3875550807941528 -5.4882946226331928 1.2098789415960238 1.6664495801925661 28.9213872273763 0.064875656098516948 -7.6649344217209592 2.0521241468096538 -0.4122235689844404 -8.1840667596885144 -8.9220715840657547 2.2668513615926105
leaf_weight=5.0000000000000027 94 52 4.0000000000000027 14.000000000000002 12.000000000000002 10.999999999999998 4.9999999999999991 64 182 75 31 27 87 15.999999999999998 58 73 15.000000000000002 6.9999999999999991 42 8.9999999999999982 127 20 5.9999999999999991 153 21 63 35 56 2.9999999999999991 8.9999999999999982
leaf_count=5 94 52 4 14 12 11 5 64 182 75 31 27 87 16 58 73 15 7 42 9 127 20 6 153 21 63 35 56 3 9
internal_value=0.0691611 2.29536 -2.93203 7.8191 13.6479 5.10341 13.1313 1.21736 -0.549795 -5.77823 2.63232 -6.90895 4.22073 -3.89545 -3.66268 -0.102373 -6.59 0.480085 0.209286 -2.36274 0.812884 3.31942 25.954 -0.260798 -7.01254 1.43849 -1.12167 -7.89811 -7.82524 1.92781
internal_weight=1376 790 586 129 41 88 16 661 319 267 275 174 118 43 93 297 22 189 386 67 169 72 20 217 26 157 108 131 18 21
internal_count=1376 790 586 129 41 88 16 661 319 267 275 174 118 43 93 297 22 189 386 67 169 72 20 217 26 157 108 131 18 21
is_linear=0
shrinkage=0.05


end of trees

feature_importances:
total_load=66
net_load=63
renewable_power=52
thermal_on_capacity=52
thermal_space_load_ratio=33
weekday=29
month=17
period=12
hour=2

parameters:
[boosting: gbdt]
[objective: regression]
[metric: rmse]
[tree_learner: serial]
[device_type: cpu]
[data_sample_strategy: bagging]
[data: ]
[valid: ]
[num_iterations: 400]
[learning_rate: 0.05]
[num_leaves: 31]
[num_threads: 0]
[seed: 42]
[deterministic: 0]
[force_col_wise: 0]
[force_row_wise: 0]
[histogram_pool_size: -1]
[max_depth: 5]
[min_data_in_leaf: 3]
[min_sum_hessian_in_leaf: 0.001]
[bagging_fraction: 0.85]
[pos_bagging_fraction: 1]
[neg_bagging_fraction: 1]
[bagging_freq: 1]
[bagging_seed: 400]
[bagging_by_query: 0]
[feature_fraction: 0.85]
[feature_fraction_bynode: 1]
[feature_fraction_seed: 30056]
[extra_trees: 0]
[extra_seed: 12879]
[early_stopping_round: 0]
[early_stopping_min_delta: 0]
[first_metric_only: 0]
[max_delta_step: 0]
[lambda_l1: 0]
[lambda_l2: 0]
[linear_lambda: 0]
[min_gain_to_split: 0]
[drop_rate: 0.1]
[max_drop: 50]
[skip_drop: 0.5]
[xgboost_dart_mode: 0]
[uniform_drop: 0]
[drop_seed: 17869]
[top_rate: 0.2]
[other_rate: 0.1]
[min_data_per_group: 100]
[max_cat_threshold: 32]
[cat_l2: 10]
[cat_smooth: 10]
[max_cat_to_onehot: 4]
[top_k: 20]
[monotone_constraints: ]
[monotone_constraints_method: basic]
[monotone_penalty: 0]
[feature_contri: ]
[forcedsplits_filename: ]
[refit_decay_rate: 0.9]
[cegb_tradeoff: 1]
[cegb_penalty_split: 0]
[cegb_penalty_feature_lazy: ]
[cegb_penalty_feature_coupled: ]
[path_smooth: 0]
[interaction_constraints: ]
[verbosity: -1]
[saved_feature_importance_type: 0]
[use_quantized_grad: 0]
[num_grad_quant_bins: 4]
[quant_train_renew_leaf: 0]
[stochastic_rounding: 1]
[linear_tree: 0]
[max_bin: 255]
[max_bin_by_feature: ]
[min_data_in_bin: 3]
[bin_construct_sample_cnt: 200000]
[data_random_seed: 175]
[is_enable_sparse: 1]
[enable_bundle: 1]
[use_missing: 1]
[zero_as_missing: 0]
[feature_pre_filter: 1]
[pre_partition: 0]
[two_round: 0]
[header: 0]
[label_column: ]
[weight_column: ]
[group_column: ]
[ignore_column: ]
[categorical_feature: ]
[forcedbins_filename: ]
[precise_float_parser: 0]
[parser_config_file: ]
[objective_seed: 16083]
[num_class: 1]
[is_unbalance: 0]
[scale_pos_weight: 1]
[sigmoid: 1]
[boost_from_average: 1]
[reg_sqrt: 0]
[alpha: 0.9]
[fair_c: 1]
[poisson_max_delta_step: 0.7]
[tweedie_variance_power: 1.5]
[lambdarank_truncation_level: 30]
[lambdarank_norm: 1]
[label_gain: ]
[lambdarank_position_bias_regularization: 0]
[eval_at: ]
[multi_error_top_k: 1]
[auc_mu_weights: ]
[num_machines: 1]
[local_listen_port: 12400]
[time_out: 120]
[machine_list_filename: ]
[machines: ]
[gpu_platform_id: -1]
[gpu_device_id: -1]
[gpu_use_dp: 0]
[num_gpu: 1]

end of parameters

pandas_categorical:[]
