tree
version=v4
num_class=1
num_tree_per_iteration=1
label_index=0
max_feature_idx=10
objective=regression
feature_names=total_load net_load renewable_power thermal_space_load_ratio thermal_on_capacity hour period weekday month is_weekend is_holiday
feature_infos=[26780.099999999999:41212.699999999997] [9620.2999999999993:38683.110000000001] [1615.1700000000001:19128.880000000001] [0.33550603334030826:0.95508263646906033] [27170:48330] [0:5] [1:24] [0:6] [1:4] [0:1] none
tree_sizes=2653 2663 2743 2639 2721 2623 2576 2427 2863 2812 2705 2754

Tree=0
num_leaves=30
num_cat=0
split_feature=1 2 4 0 4 0 4 8 4 1 7 6 7 2 4 4 2 6 4 2 1 7 1 1 2 0 6 1 2
split_gain=1.09337e+07 6.91309e+06 4.33472e+06 4.31154e+06 3.83674e+06 2.40806e+06 1.78498e+06 1.6652e+06 1.18698e+06 1.08902e+06 798255 696079 626738 252748 212327 153625 144128 115782 89544.6 85295.3 42507 102229 27255.8 23710.7 9738.76 9494.59 8266.63 2744.07 1.89608e-05
threshold=26480.115000000002 2851.6450000000004 44395.000000000007 29576.650000000005 44810.000000000007 38736.400000000009 44735.000000000007 2.5000000000000004 35390.000000000007 23101.870000000006 1.5000000000000002 9.5000000000000018 3.5000000000000004 3430.3200000000002 37010.000000000007 39905.000000000007 6264.7050000000008 1.5000000000000002 39715.000000000007 13971.185000000003 22407.195000000003 1.0000000180025095e-35 28959.285000000007 22697.825000000004 5629.1550000000016 35399.600000000013 23.500000000000004 29277.920000000002 6125.7250000000013
decision_type=2 2 2 2 2 2 2 2 2 2 2 2 2 2 2 2 2 2 2 2 2 2 2 2 2 2 2 2 2
left_child=3 2 18 20 6 -6 -4 9 10 12 11 -3 -5 17 19 -11 -15 -10 27 -9 26 -22 -12 -16 -23 -20 28 -2 -1
right_child=1 8 4 7 5 -7 -8 14 13 15 22 -13 -14 16 23 -17 -18 -19 25 -21 21 24 -24 -25 -26 -27 -28 -29 -30
leaf_value=251.17439944424254 269.42430010952575 292.15804940380673 285.28900630603022 260.178680527241 270.65282706520765 300.9055508724652 306.86066450882885 266.04521664935373 274.97430017310404 265.67326548799105 268.33240819701388 273.41276158929963 253.84983143446019 265.78436017691587 262.55855880562956 261.62140741835782 263.88928342315018 267.72430000277114 266.43541105109477 262.64289518513306 251.17429934658628 259.67430010952575 270.66219483030596 263.71093828496822 256.36430010952574 268.08312358283899 253.8409662675661 271.01030006883565 251.17429934658628
leaf_weight=4.9999999999999991 2.9999999999999991 8.0000000000000018 17 67 37 7.9999999999999991 22 150 5.9999999999999991 29 37 12.999999999999998 94 299 85 121 151 67 18 21 15.999999999999998 4.0000000000000018 19 94 5 17 2.9999999999999991 30 88
leaf_count=5 3 8 17 67 37 8 22 150 6 29 37 13 94 299 85 121 151 67 18 21 16 4 19 94 5 17 3 30 88
internal_value=264.553 268.857 278.382 260.413 285.979 276.031 297.458 262.002 266.444 259.339 272.24 280.554 256.484 265.591 264.367 262.405 265.148 268.32 268.998 265.627 251.736 253.572 269.123 263.164 257.835 267.236 251.258 270.866 251.174
internal_weight=1534 752 152 782 84 45 39 661 600 311 77 21 161 523 350 150 450 73 68 171 121 25 56 179 9 35 96 33 93
internal_count=1534 752 152 782 84 45 39 661 600 311 77 21 161 523 350 150 450 73 68 171 121 25 56 179 9 35 96 33 93
is_linear=0
shrinkage=1


Tree=1
num_leaves=29
num_cat=0
split_feature=3 0 3 7 1 3 8 8 1 2 7 3 0 0 6 8 1 1 2 0 0 1 0 6 0 0 6 1
split_gain=1.0802e+07 6.0352e+06 2.45969e+06 1.87289e+06 5.93697e+06 1.67428e+06 1.25405e+06 902188 809374 685300 591958 451838 374187 198753 149470 105370 44748.8 52787 44534.8 44397.4 13910.5 1323.82 638.32 142.222 96.0519 80.6667 20.5892 9.31323e-10
threshold=0.91797872753462773 29576.650000000005 0.75254172216451587 5.5000000000000009 33356.565000000002 0.95035724492013529 2.5000000000000004 3.5000000000000004 23101.870000000006 2637.2700000000004 1.5000000000000002 0.85372572731083241 38454.400000000009 30334.450000000001 9.5000000000000018 3.5000000000000004 21249.540000000005 25459.000000000004 5832.8950000000013 34724.700000000004 33369.200000000004 33743.349999999999 35212.600000000013 5.5000000000000009 35889.600000000013 39759.150000000009 23.500000000000004 17636.700000000004
decision_type=2 2 2 2 2 2 2 2 2 2 2 2 2 2 2 2 2 2 2 2 2 2 2 2 2 2 2 2
left_child=1 16 6 5 19 9 8 13 -3 12 -11 -9 -2 -4 25 -8 26 18 -18 20 -5 24 -21 -23 -6 -7 27 -1
right_child=3 2 7 4 21 14 15 11 -10 10 -12 -13 -14 -15 -16 -17 17 -19 -20 22 -22 23 -24 -25 -26 -27 -28 -29
leaf_value=-12.558715057373048 4.5695499458828488 -7.4794079018266579 -8.2420579274495438 36.946967163085915 2.0102157320295055 34.821387736002613 -1.2630078312754631 2.5277521347999574 -2.1699584540198833 22.137133612999545 4.1023977552141462 7.9113413735439906 18.702303771972659 0.9122519041387509 20.96919161478678 0.62719911147808205 -5.4913579668317496 -12.558715057373048 -10.509661833445232 43.67363382975261 40.176967163085941 3.117358665466309 44.70507303873697 2.7173585891723628 2.3173585891723629 34.454721069335925 -12.692048645019533 -12.558715057373048
leaf_weight=73 74 152 5.9999999999999991 5.0000000000000027 7.0000000000000018 2.9999999999999982 150 80 136 13.000000000000002 6.9999999999999991 76 4.9999999999999991 503 3 145 7.0000000000000027 15.999999999999998 11.999999999999998 2.9999999999999991 9.9999999999999982 4.9999999999999982 3 4 4 3 2.9999999999999991 9.9999999999999982
leaf_count=73 74 152 6 5 7 3 150 80 136 13 7 76 5 503 3 145 7 16 12 3 10 5 3 4 4 3 3 10
internal_value=0.103286 -1.2882 -0.254487 12.8881 21.9863 9.4342 -2.6252 1.8239 -4.97217 7.55715 15.825 5.15053 5.46403 0.804343 30.0818 -0.333923 -11.95 -10.4427 -8.66081 40.5543 39.1003 2.48986 44.1894 2.93958 2.1219 34.6381 -12.5634 -12.5587
internal_weight=1518 1369 1248 149 41 108 583 665 288 99 20 156 79 509 9 295 121 35 19 21 15 20 6 9 11 6 86 83
internal_count=1518 1369 1248 149 41 108 583 665 288 99 20 156 79 509 9 295 121 35 19 21 15 20 6 9 11 6 86 83
is_linear=0
shrinkage=0.05


Tree=2
num_leaves=29
num_cat=0
split_feature=3 0 4 4 4 3 1 8 4 0 4 2 7 1 0 4 4 0 1 1 1 1 0 0 6 6 0 0
split_gain=1.00444e+07 5.32824e+06 3.05363e+06 2.1247e+06 2.14536e+06 2.09666e+06 1.765e+06 1.16882e+06 836666 834439 584768 269029 265033 225018 201099 119635 102003 39316.5 35530.8 26592.4 37078.7 35471.6 6479.17 552.721 169.651 24.4907 13.5274 9.31323e-10
threshold=0.91797872753462773 29576.650000000005 44395.000000000007 44810.000000000007 44735.000000000007 0.75090975562397966 36671.910000000011 2.5000000000000004 42195.000000000007 35198.900000000009 35390.000000000007 2049.8900000000003 1.5000000000000002 36353.295000000006 31290.400000000005 37010.000000000007 39715.000000000007 33456.700000000004 31440.065000000006 21249.540000000005 25420.565000000006 22443.805 35523.450000000004 33456.700000000004 15.500000000000002 23.500000000000004 28192.050000000003 29087.350000000002
decision_type=2 2 2 2 2 2 2 2 2 2 2 2 2 2 2 2 2 2 2 2 2 2 2 2 2 2 2 2
left_child=1 19 16 4 9 7 13 8 -3 -4 12 -8 -7 -5 -12 -9 23 -6 -18 25 21 -21 -20 24 -2 27 -22 -1
right_child=2 5 3 6 17 10 11 15 -10 -11 14 -13 -14 -15 -16 -17 18 -19 22 20 26 -23 -24 -25 -26 -27 -28 -29
leaf_value=-11.930779266357423 6.1083432769775357 -9.7574607733524203 9.1228378295898409 2.6089977741241457 35.402785576714393 10.425262387593587 33.05252227783204 0.83934758949279797 -3.3679520020838911 32.70869262695313 -6.1552389430999757 15.495126597086585 3.7851356747386222 11.879608535766602 1.0011825668380083 -1.2113519543228728 -3.2381103197733561 39.77453486124675 1.8499192293952491 -10.372468223571779 -12.048568471272787 -5.509578005472819 3.3673664093017579 6.5818468093872076 5.8424713134765627 -12.057445526123047 -11.930779266357423 -11.930779266357423
leaf_weight=76 10.000000000000005 66 15.000000000000002 24 9.0000000000000018 18 7.9999999999999982 125 229 4.9999999999999991 9.9999999999999982 3 91 8.9999999999999982 535 165 2.9999999999999991 11.999999999999998 17.000000000000004 9.9999999999999982 2.9999999999999991 5.9999999999999991 11.999999999999998 3.9999999999999991 14.999999999999998 3.9999999999999991 12.999999999999998 6.9999999999999991
leaf_count=76 10 66 15 24 9 18 8 125 229 5 10 3 91 9 535 165 3 12 17 10 3 6 12 4 15 4 13 7
internal_value=-0.0376357 -1.37742 12.4242 18.5499 26.7392 -0.4068 10.919 -2.58155 -4.79747 15.0193 1.53851 28.2641 4.88167 5.13735 0.869872 -0.32743 3.88837 37.9009 1.94196 -11.4833 -10.2509 -8.54888 2.47783 6.03613 5.94882 -11.9366 -11.9529 -11.9308
internal_weight=1504 1358 146 85 41 1239 44 585 295 20 654 11 109 33 545 290 61 21 32 119 32 16 29 29 25 87 16 83
internal_count=1504 1358 146 85 41 1239 44 585 295 20 654 11 109 33 545 290 61 21 32 119 32 16 29 29 25 87 16 83
is_linear=0
shrinkage=0.05


Tree=3
num_leaves=28
num_cat=0
split_feature=3 0 4 3 4 4 1 0 4 4 0 2 4 3 1 3 4 0 1 1 0 0 0 0 6 0 0
split_gain=8.84553e+06 4.76299e+06 2.99015e+06 2.1855e+06 2.066e+06 1.74644e+06 1.72574e+06 808627 765165 713870 713316 609393 570747 176839 121763 82451.7 70568.6 30499.9 25711.9 40127.2 36112.5 19443.2 7858.04 528.226 22.1153 12.2086 9.31323e-10
threshold=0.91797872753462773 29576.650000000005 44395.000000000007 0.75090975562397966 44810.000000000007 44735.000000000007 36487.450000000012 35198.900000000009 33577.500000000007 37740.000000000007 32219.450000000004 2079.9000000000001 33235.000000000007 0.88266764150723087 29277.920000000002 0.57137568970002184 39715.000000000007 35212.600000000013 21249.540000000005 25420.565000000006 28295.350000000002 38283.350000000013 35523.450000000004 33456.700000000004 23.500000000000004 28192.050000000003 29087.350000000002
decision_type=2 2 2 2 2 2 2 2 2 2 2 2 2 2 2 2 2 2 2 2 2 2 2 2 2 2 2
left_child=1 18 14 9 5 7 21 -4 12 15 -11 -8 -5 -10 -2 -3 23 -7 24 20 -20 -6 -18 -16 26 -21 -1
right_child=2 3 4 8 6 17 11 -9 13 10 -12 -13 -14 -15 16 -17 22 -19 19 25 -22 -23 -24 -25 -26 -27 -28
leaf_value=-11.334239959716797 -6.464129892985027 -1.2152176305982803 9.9371629714965799 3.7989556587348554 2.2805531978607174 35.035666741265189 31.001999359130863 32.973258666992187 0.45655067386274989 -7.7242823867925585 -2.6204273794631701 5.3081188201904297 13.7630134381746 2.4804964952535564 5.7087500980922146 1.3919064307725559 1.7223558998107913 40.481092325846362 -10.229204123360766 -11.446140034993491 -5.1503622327532081 5.0789937337239586 3.2668551445007328 6.2805866241455082 -11.454573822021485 -11.334239959716797 -11.334239959716797
leaf_weight=76 2.9999999999999991 45 16.000000000000004 59 20.000000000000004 18.000000000000004 9.9999999999999982 4.9999999999999991 440 84 370 2.9999999999999991 19 143 21.000000000000004 93 20 2.9999999999999991 7.0000000000000018 2.9999999999999991 7 8.9999999999999982 13.999999999999998 4.9999999999999991 3.9999999999999991 12.999999999999998 7.9999999999999991
leaf_count=76 3 45 16 59 20 18 10 5 440 84 370 3 19 143 21 93 20 3 7 3 7 9 14 5 4 13 8
internal_value=-0.0555675 -1.30535 11.6006 -0.400963 17.7763 25.6178 9.93491 15.4219 1.57523 -2.60749 -3.56475 25.0726 6.2261 0.95299 3.36631 0.541757 3.85783 35.8136 -10.9088 -9.64468 -7.68978 3.14903 2.35833 5.81872 -11.3397 -11.3552 -11.3342
internal_weight=1518 1371 147 1253 84 42 42 21 661 592 454 13 78 583 63 138 60 21 118 30 14 29 34 26 88 16 84
internal_count=1518 1371 147 1253 84 42 42 21 661 592 454 13 78 583 63 138 60 21 118 30 14 29 34 26 88 16 84
is_linear=0
shrinkage=0.05


Tree=4
num_leaves=30
num_cat=0
split_feature=3 0 3 8 7 1 3 1 8 3 2 0 7 1 0 2 1 1 0 0 0 0 1 0 3 1 6 0 0
split_gain=7.36349e+06 4.43737e+06 1.90899e+06 1.04331e+06 981084 3.79642e+06 1.39716e+06 756589 684629 363376 292152 335449 331835 191861 118083 74268.7 31145.4 42972.1 33515.7 23912.3 7522.77 5973.05 1178.35 125.564 125.316 66.5638 15.1592 11.0182 4.65661e-10
threshold=0.91797872753462773 29576.650000000005 0.75090975562397966 2.5000000000000004 5.5000000000000009 33356.565000000002 0.95035724492013529 23259.84 3.5000000000000004 0.85642345940476294 2708.6900000000005 38454.400000000009 1.5000000000000002 29580.365000000005 38736.400000000009 12023.325000000003 21249.540000000005 25420.565000000006 28295.350000000002 33456.700000000004 34890.750000000007 33243.600000000006 33743.349999999999 39596.950000000004 0.92982054665427671 33423.060000000005 23.500000000000004 28192.050000000003 29087.350000000002
decision_type=2 2 2 2 2 2 2 2 2 2 2 2 2 2 2 2 2 2 2 2 2 2 2 2 2 2 2 2 2
left_child=1 16 3 7 6 19 10 -3 13 -10 11 -2 -12 -4 -8 -5 26 18 -18 21 -21 -6 25 -16 -24 -7 28 -19 -1
right_child=4 2 8 15 5 22 14 -9 9 -11 12 -13 -14 -15 23 -17 17 27 -20 20 -22 -23 24 -25 -26 -27 -28 -29 -30
leaf_value=-10.767528533935547 4.3709986325856809 -6.6703900224041384 -0.40275117640673114 0.36929076154317175 30.42102864583331 1.955703671773273 17.776652113596604 -1.6225815489776154 2.2243561487904815 7.0573889772656946 18.211721839904779 19.236668205261232 4.0176553726196289 1.536203545215455 29.877595011393222 -1.2626674573769612 -9.7177439008440292 -10.873833211263021 -5.1047388288709854 34.732608032226572 37.531933593749997 33.243095703124993 2.375013179779053 29.449677276611325 2.7290132141113279 1.6672512690226235 -10.881845092773439 -10.767528533935547 -10.767528533935547
leaf_weight=78 74 168 238 182 3.0000000000000018 3.0000000000000018 2.9999999999999982 133 86 71 10.000000000000002 3.9999999999999991 6.9999999999999991 275 3 113 6.9999999999999991 2.9999999999999991 8.9999999999999982 5.9999999999999982 4 5 4.9999999999999982 4 5 6 2.9999999999999991 12.999999999999998 8.9999999999999982
leaf_count=78 74 168 238 182 3 3 3 133 86 71 10 4 7 275 3 113 7 3 9 6 4 5 5 4 5 6 3 13 9
internal_value=-0.0785099 -1.18798 -0.31037 -2.36896 10.7662 17.7674 8.29907 -4.43996 1.52085 4.41 6.4278 5.13334 12.3671 0.63665 26.0761 -0.255832 -10.295 -8.95519 -7.12293 34.2223 35.8523 32.1848 2.17846 29.6331 2.55201 1.7634 -10.7713 -10.7875 -10.7675
internal_weight=1530 1388 1266 596 142 37 105 301 670 157 95 78 17 513 10 295 122 32 16 18 10 8 19 7 10 9 90 16 87
internal_count=1530 1388 1266 596 142 37 105 301 670 157 95 78 17 513 10 295 122 32 16 18 10 8 19 7 10 9 90 16 87
is_linear=0
shrinkage=0.05


Tree=5
num_leaves=28
num_cat=0
split_feature=3 0 4 4 3 4 8 6 3 4 4 7 6 7 3 0 4 4 0 2 2 2 6 0 6 0 3
split_gain=6.9654e+06 3.82367e+06 2.24018e+06 2.1254e+06 1.72062e+06 1.20947e+06 922288 872006 791782 673901 544825 455361 190577 148212 120323 114304 75128.7 62222.6 28958.2 27898.1 37340.3 28669.3 5566.39 429.095 13.6414 9.94386 4.65661e-10
threshold=0.91797872753462773 29576.650000000005 44395.000000000007 44810.000000000007 0.75388010385572091 44735.000000000007 2.5000000000000004 9.5000000000000018 0.95035724492013529 42195.000000000007 35390.000000000007 1.5000000000000002 9.5000000000000018 3.5000000000000004 0.91144927362908568 31644.550000000003 37010.000000000007 39715.000000000007 34890.750000000007 7779.9950000000008 5186.2900000000009 5875.5350000000008 21.500000000000004 33456.700000000004 23.500000000000004 28192.050000000003 0.42237964063610628
decision_type=2 2 2 2 2 2 2 2 2 2 2 2 2 2 2 2 2 2 2 2 2 2 2 2 2 2 2
left_child=1 19 15 5 6 7 9 -4 13 -3 11 -6 -10 -5 -12 -2 -8 23 -7 20 25 -22 -19 -17 26 -1 -21
right_child=2 4 3 8 10 18 16 -9 12 -11 14 -13 -14 -15 -16 17 -18 22 -20 24 21 -23 -24 -25 -26 -27 -28
leaf_value=-10.330141194661458 -6.3928068796793625 -8.7108421617287863 29.644456699916283 9.2895536899566657 12.195088038725011 31.706938883463536 0.65164908447603542 7.7555512648362388 27.92088562011719 -2.9450581685486048 0.65863404335045905 3.29532467421665 13.278505116701124 2.4348193002783738 3.9114591852823892 5.1668336639404293 -0.95575431021861734 1.6105828243753184 36.100737304687499 -10.229151916503907 -4.428556006295338 -8.6006482696533197 3.451298599243164 5.7245918273925787 -10.337752532958985 -10.229151916503907 -10.229151916503907
leaf_weight=2.9999999999999991 2.9999999999999991 65 7.0000000000000027 11.999999999999998 17 15.000000000000002 127 12.999999999999998 4.9999999999999982 230 543 93 4 23 30 25.000000000000004 170 23.000000000000004 4.9999999999999991 57 7.0000000000000027 9.9999999999999982 4.9999999999999991 3.9999999999999991 2.9999999999999991 12.999999999999998 23
leaf_count=3 3 65 7 12 17 15 127 13 5 230 543 93 4 23 30 25 170 23 5 57 7 10 5 4 3 13 23
internal_value=0.0306068 -1.05309 10.4988 15.7695 -0.262371 24.111 -2.23528 15.4167 8.18623 -4.21549 1.44768 4.67074 21.4132 4.78501 0.828939 3.11984 -0.268413 3.62051 32.8054 -9.74415 -8.51442 -6.88273 1.93928 5.24377 -10.2331 -10.2481 -10.2292
internal_weight=1535 1391 144 84 1275 40 592 20 44 295 683 110 9 35 573 60 297 57 20 116 33 17 28 29 83 16 80
internal_count=1535 1391 144 84 1275 40 592 20 44 295 683 110 9 35 573 60 297 57 20 116 33 17 28 29 83 16 80
is_linear=0
shrinkage=0.05


Tree=6
num_leaves=28
num_cat=0
split_feature=3 0 4 4 3 4 3 4 7 0 4 1 6 0 1 4 1 3 0 1 1 2 0 6 5 1 2
split_gain=6.4463e+06 3.57862e+06 2.21044e+06 2.2622e+06 1.58673e+06 1.19643e+06 944932 645135 660813 577266 516698 549944 309822 250171 101980 66384.3 62768 60418.5 34372.6 23142.7 39133.3 10896 7095.68 3410.84 727.917 256.828 0.132198
threshold=0.91503711201422244 29576.650000000005 44395.000000000007 44810.000000000007 0.75254172216451587 44735.000000000007 0.95035724492013529 35390.000000000007 1.5000000000000002 35559.80000000001 37740.000000000007 23334.990000000009 10.500000000000002 31568.250000000004 29580.365000000005 39715.000000000007 36353.295000000006 0.56511007431001237 34724.700000000004 22204.535000000003 25459.000000000004 5629.1550000000016 35523.450000000004 23.500000000000004 1.0000000180025095e-35 21962.810000000001 2708.6900000000005
decision_type=2 2 2 2 2 2 2 2 2 2 2 2 2 2 2 2 2 2 2 2 2 2 2 2 2 2 2
left_child=1 19 13 5 10 9 16 8 -6 -4 17 -12 -8 -2 -9 24 -5 -3 -7 23 21 -21 -17 25 -15 -1 -22
right_child=2 4 3 6 7 18 12 14 -10 -11 11 -13 -14 15 -16 22 -18 -19 -20 20 26 -23 -24 -25 -26 -27 -28
leaf_value=-9.7186300168092217 -11.37322489420573 -1.1677351386032322 9.452746632893879 2.6702252928415935 13.184516725540162 30.043911933898922 26.755371965680808 0.034309610780468562 3.0943588400996012 29.070193481445315 -4.5756691048222207 -1.0165386332671877 7.5502783457438127 5.6068986256917288 1.413697268565496 1.3878335413725482 7.6547674179077152 1.0393900341824407 34.481548563639329 -3.0328187306721981 -9.7067695617675795 -6.634401430402483 2.9318293484774505 -8.397722778320313 4.9911687692006437 -10.087132720947267 -9.7176940917968757
leaf_weight=87 2.9999999999999991 44 15.000000000000002 30 20 16.000000000000004 6.9999999999999982 266 86 4.9999999999999991 248 193 3 6.0000000000000027 270 23 7.9999999999999991 105 5.9999999999999991 3.0000000000000018 3.9999999999999991 7 10.999999999999998 4.9999999999999991 24 4.9999999999999991 8.9999999999999982
leaf_count=87 3 44 15 30 20 16 7 266 86 5 248 193 3 6 270 23 8 105 6 3 4 7 11 5 24 5 9
internal_value=0.0246218 -1.08901 9.61463 14.7335 -0.286179 23.208 7.3184 1.434 4.99816 14.3571 -2.15797 -3.01805 20.9938 2.73851 0.72915 3.4 3.7196 0.387622 31.2542 -9.33142 -7.90546 -5.55393 1.88736 -9.66954 5.11431 -9.73866 -9.71433
internal_weight=1509 1352 157 90 1232 42 48 642 106 20 590 441 10 67 536 64 38 149 22 120 23 10 34 97 30 92 13
internal_count=1509 1352 157 90 1232 42 48 642 106 20 590 441 10 67 536 64 38 149 22 120 23 10 34 97 30 92 13
is_linear=0
shrinkage=0.05


Tree=7
num_leaves=26
num_cat=0
split_feature=3 0 3 1 7 1 8 1 8 2 7 3 0 1 2 1 0 1 1 2 2 6 0 1 1
split_gain=6.33629e+06 3.1456e+06 1.44291e+06 862616 852135 3.04043e+06 806405 548117 339044 307460 363858 190573 185960 152808 57802.6 43076.3 27243.5 25101.9 41060.3 12070.4 7513.21 4070.73 897.545 231.462 46.7801
threshold=0.91797872753462773 29576.650000000005 0.74504609163545976 36671.910000000011 5.5000000000000009 33356.565000000002 2.5000000000000004 23101.870000000006 3.5000000000000004 2637.2700000000004 3.5000000000000004 0.85283804799854168 38382.100000000013 29580.365000000005 12023.325000000003 37681.605000000003 33456.700000000004 22204.535000000003 25420.565000000006 6169.9700000000012 1990.9350000000002 23.500000000000004 36734.400000000009 21962.810000000001 25559.595000000005
decision_type=2 2 2 2 2 2 2 2 2 2 2 2 2 2 2 2 2 2 2 2 2 2 2 2 2
left_child=1 17 6 4 9 16 7 -3 13 12 -11 -10 -2 -4 -8 -5 -6 21 19 -19 -17 23 -7 -1 -20
right_child=3 2 8 15 5 22 14 -9 11 10 -12 -13 -14 -15 -16 20 -18 18 24 -21 -22 -23 -24 -25 -26
leaf_value=-9.2327206420898431 3.9627517185513939 -5.8402996078401266 -0.26113689191158496 20.287585449218756 27.095185198102669 1.4762042939662932 0.37021185193188799 -1.4819670379337833 1.6754122793323853 16.84182571998009 2.7024546486990797 5.1457635338241996 12.05544855594635 1.4422096068625683 -1.0905714949543499 25.216851806640619 31.020179239908856 -4.1085224628448467 -9.4466293334960945 -7.8274824778238941 28.755498758951816 -7.6220511913299562 2.3135853290557864 -9.5827761840820322 -9.2215106201171881
leaf_weight=85 63 167 244 3.9999999999999982 7.0000000000000027 16.000000000000004 169 127 85 13.000000000000002 6.9999999999999991 74 7.9999999999999991 286 113 3 11.999999999999998 8.0000000000000018 2.9999999999999991 2.9999999999999991 3 3.9999999999999991 3.9999999999999991 4.9999999999999991 9.9999999999999982
leaf_count=85 63 167 244 4 7 16 169 127 85 13 7 74 8 286 113 3 12 8 3 3 3 4 4 5 10
internal_value=0.0193439 -1.00676 -0.278464 10.1558 9.06723 15.2508 -2.12536 -3.95762 1.26553 6.41712 11.893 3.29054 4.8746 0.658027 -0.215138 24.3067 29.5741 -8.81431 -7.37107 -5.12278 26.9862 -9.1828 1.64368 -9.25217 -9.27346
internal_weight=1523 1383 1265 140 130 39 576 294 689 91 20 159 71 530 282 10 19 118 24 11 6 94 20 90 13
internal_count=1523 1383 1265 140 130 39 576 294 689 91 20 159 71 530 282 10 19 118 24 11 6 94 20 90 13
is_linear=0
shrinkage=0.05


Tree=8
num_leaves=31
num_cat=0
split_feature=3 0 4 4 2 4 1 8 1 4 0 7 0 2 1 4 3 4 0 1 7 1 0 1 1 7 1 1 0 1
split_gain=4.8062e+06 2.90319e+06 1.68206e+06 1.31174e+06 1.23244e+06 936478 884309 623185 669256 437513 429956 323520 197206 160317 146566 94110.5 93502.7 54043 27630.2 17774.7 43486.6 7529.8 6355.82 810.875 5974.4 426.3 113.686 94.6199 78.1596 46.5679
threshold=0.91797872753462773 29576.650000000005 44395.000000000007 44810.000000000007 6873.8300000000008 44735.000000000007 36671.910000000011 2.5000000000000004 23027.110000000004 36662.500000000007 34602.500000000007 1.5000000000000002 31290.400000000005 2049.8900000000003 36353.295000000006 39715.000000000007 0.92134515046908649 37010.000000000007 34724.700000000004 22407.195000000003 1.0000000180025095e-35 23259.84 35523.450000000004 22055.760000000002 19941.670000000002 4.5000000000000009 30101.314999999999 22152.855000000003 31914.450000000001 25559.595000000005
decision_type=2 2 2 2 2 2 2 2 2 2 2 2 2 2 2 2 2 2 2 2 2 2 2 2 2 2 2 2 2 2
left_child=1 19 15 5 9 10 14 8 -6 11 -4 -3 -11 -8 -5 25 -17 -9 -7 23 29 -22 -18 24 -1 28 -27 -25 -2 -21
right_child=2 4 3 6 7 18 13 17 -10 12 -12 -13 -14 -15 -16 16 22 -19 -20 20 21 -23 -24 27 -26 26 -28 -29 -30 -31
leaf_value=-8.7789410400390633 4.9868153889973961 9.5835210966027304 6.631047280629474 2.051611861476192 -5.4559789472818379 27.025674845377598 24.816816929408489 0.62751540800620775 -1.1766985648744543 -6.1217572784423835 23.023795827229819 2.9812319050232574 0.98696840613707915 11.001837150255836 9.7569775581359863 -7.6177192370096849 1.0681254243850709 -0.60298681142258237 31.702627563476565 -8.9813987731933604 -5.7529216766357401 -2.84241828918457 2.523668456077576 -9.1037366231282544 -6.5086146036783861 4.2885413360595708 4.5638429005940759 -9.5008509318033827 4.7036835010235123 -8.7628536517803486
leaf_weight=85 2.9999999999999991 23 12.000000000000002 27 160 15.000000000000002 6.9999999999999982 145 213 9.9999999999999982 5.9999999999999991 96 400 3 7.9999999999999991 2.9999999999999991 20 232 3.9999999999999991 2.9999999999999991 5.0000000000000018 4 11.999999999999998 2.9999999999999991 2.9999999999999991 9.9999999999999982 5.9999999999999991 3 12.999999999999998 12.999999999999998
leaf_count=85 3 23 12 27 160 15 7 145 213 10 6 96 400 3 8 3 20 232 4 3 5 4 12 3 3 10 6 3 13 13
internal_value=-0.0449897 -0.95483 8.49164 13.2937 -0.259818 20.2679 7.55939 -1.56333 -3.01231 1.58826 12.0953 4.2573 0.813585 20.6723 3.81284 2.61448 0.822668 -0.129717 28.0103 -8.42475 -7.23982 -4.45936 1.61395 -8.73989 -8.70154 4.57428 4.39178 -9.30229 4.75677 -8.80383
internal_weight=1547 1398 149 82 1279 37 45 750 373 529 18 119 410 10 35 67 35 377 19 119 25 9 32 94 88 32 16 6 16 16
internal_count=1547 1398 149 82 1279 37 45 750 373 529 18 119 410 10 35 67 35 377 19 119 25 9 32 94 88 32 16 6 16 16
is_linear=0
shrinkage=0.05


Tree=9
num_leaves=30
num_cat=0
split_feature=3 0 4 2 4 1 4 8 4 4 0 4 3 0 1 4 4 0 1 1 1 1 6 2 1 7 6 0 1
split_gain=4.60011e+06 2.50261e+06 1.41149e+06 1.1662e+06 1.10485e+06 873275 801684 612244 630374 497424 432283 430065 402930 164271 80886.8 60252.9 52752.3 24585.4 19819.1 38059.7 19739.4 7114.47 3660.81 2673.77 647.091 436.469 478.595 144.314 22.0074
threshold=0.91595406397529755 29576.650000000005 44395.000000000007 7921.5150000000003 44810.000000000007 36487.450000000012 44735.000000000007 2.5000000000000004 42195.000000000007 33577.500000000007 35559.80000000001 33235.000000000007 0.94904381695332218 30334.450000000001 36353.295000000006 39715.000000000007 37010.000000000007 34215.400000000001 22407.195000000003 25420.565000000006 31572.730000000007 23259.84 23.500000000000004 2164.4150000000004 21962.810000000001 4.5000000000000009 19.500000000000004 32219.450000000004 25559.595000000005
decision_type=2 2 2 2 2 2 2 2 2 2 2 2 2 2 2 2 2 2 2 2 2 2 2 2 2 2 2 2 2
left_child=1 18 15 9 6 14 10 8 -5 11 -4 -3 -7 -11 -6 25 -9 -17 22 21 -8 -20 24 -19 -1 26 -2 -27 -21
right_child=2 3 4 7 5 12 20 16 -10 13 -12 -13 -14 -15 -16 17 -18 23 19 28 -22 -23 -24 -25 -26 27 -28 -29 -30
leaf_value=-8.3337115201083094 4.84642825126648 2.6497094532539105 8.1536983617146799 -7.6715859572092704 1.913087194937247 1.2261149883270264 24.697812325613828 0.66470165347631005 -2.1539605185637871 -6.855759484427316 26.653004455566407 10.729526905391529 21.713163646062217 0.85123130404398673 8.8364494705200212 -3.1181999683380131 -0.68677590708434588 1.2882037313360915 -5.42259515126546 -8.4715229034423825 28.094279896129265 -2.7002974510192868 -6.8303808927536016 2.298280558586121 -8.8061790466308594 4.0188826243082678 4.2228430938720685 4.3432725906372074 -8.3327551269531259
leaf_weight=77 7.9999999999999991 58 15.000000000000002 66 27 2.9999999999999991 7.0000000000000027 113 240 6.9999999999999991 3.9999999999999991 23 11.999999999999998 563 4.9999999999999991 2.9999999999999991 200 19.000000000000004 6.0000000000000018 3.9999999999999991 10.999999999999998 4 3.9999999999999991 9.9999999999999982 7.9999999999999991 6.0000000000000009 5.0000000000000009 7.9999999999999991 9.9999999999999982
leaf_count=77 8 58 15 66 27 3 7 113 240 7 4 23 12 563 5 3 200 19 6 4 11 4 4 10 8 6 5 8 10
internal_value=0.048453 -0.834289 8.58574 -0.199846 12.7489 7.6611 19.2119 -1.75367 -3.34404 1.2776 12.0483 4.94398 17.6158 0.756584 2.99486 2.65846 -0.198862 1.19075 -7.96475 -6.6896 26.7734 -4.33368 -8.30862 1.63651 -8.37818 4.39797 4.60659 4.20425 -8.3724
internal_weight=1526 1383 143 1270 84 47 37 619 306 651 19 81 15 570 32 59 313 32 113 24 18 10 89 29 85 27 13 14 14
internal_count=1526 1383 143 1270 84 47 37 619 306 651 19 81 15 570 32 59 313 32 113 24 18 10 89 29 85 27 13 14 14
is_linear=0
shrinkage=0.05


Tree=10
num_leaves=29
num_cat=0
split_feature=3 0 3 7 1 3 8 1 6 8 2 7 3 0 3 1 2 1 0 1 0 5 0 0 6 0 2 1
split_gain=4.41008e+06 2.34406e+06 1.04631e+06 833096 1.99414e+06 748237 643349 502607 305667 303006 229259 322409 151151 132897 85514 61477.7 50154.3 16954 16710.4 16630.8 19178.9 7706.32 5324.98 733.502 157.862 110.974 12.2436 1.08325
threshold=0.91595406397529755 29576.650000000005 0.75254172216451587 5.5000000000000009 33356.565000000002 0.94904381695332218 2.5000000000000004 23101.870000000006 9.5000000000000018 3.5000000000000004 2637.2700000000004 1.5000000000000002 0.8584770689725062 30334.450000000001 0.92134515046908649 36487.450000000012 12023.325000000003 21249.540000000005 33243.600000000006 25459.000000000004 28295.350000000002 1.0000000180025095e-35 34724.700000000004 36734.400000000009 23.500000000000004 35672.350000000013 8393.5400000000027 25559.595000000005
decision_type=2 2 2 2 2 2 2 2 2 2 2 2 2 2 2 2 2 2 2 2 2 2 2 2 2 2 2 2
left_child=1 17 6 5 18 10 7 -3 21 13 14 -12 -11 -4 -2 -10 -8 24 -5 20 -19 -7 -20 25 26 -6 -1 -21
right_child=3 2 9 4 23 8 16 -9 15 12 11 -13 -14 -15 -16 -17 -18 19 22 27 -22 -23 -24 -25 -26 -27 -28 -29
leaf_value=-8.017313385009766 -5.0865052541097011 -5.2810355188824785 -6.8975976308186846 22.26316833496092 1.5392801920572916 25.221474711100271 0.35073167680125489 -1.194301026888031 3.2276195526123042 1.6833375581632275 14.167698108232935 3.0320087286142208 4.8126321479455747 0.58871954058193499 3.5180332778336165 13.350015894571937 -0.98700027763843545 -7.3116724967956479 25.34970906575521 -7.879730733235677 -3.9470249705844456 22.015995178222653 27.456241607666016 2.0577460289001466 -8.239410400390625 1.1881332397460938 -7.9144943237304695 -7.9139873504638674
leaf_weight=2.9999999999999991 2.9999999999999991 164 5.9999999999999991 4.0000000000000027 2.9999999999999991 2.9999999999999982 190 139 3 91 13.000000000000002 12.999999999999998 67 495 77 3 111 8.0000000000000053 11.999999999999998 2.9999999999999991 8.9999999999999982 5 3.9999999999999991 3.9999999999999991 3.9999999999999991 8.9999999999999982 83 9.9999999999999982
leaf_count=3 3 164 6 4 3 3 190 139 3 91 13 13 67 495 77 3 111 8 12 3 9 5 4 4 4 9 83 10
internal_value=-0.0121797 -0.911109 -0.276607 7.95717 14.6282 5.95585 -1.77983 -3.40626 16.8198 1.10115 4.52099 8.59985 3.01032 0.499063 3.19536 8.28882 -0.142585 -7.58924 25.1537 -6.55986 -5.53039 23.2181 25.8763 1.47138 -7.93236 1.27592 -7.91808 -7.90608
internal_weight=1539 1383 1263 156 36 120 604 303 14 659 106 26 158 501 80 6 301 120 20 30 17 8 16 16 90 12 86 13
internal_count=1539 1383 1263 156 36 120 604 303 14 659 106 26 158 501 80 6 301 120 20 30 17 8 16 16 90 12 86 13
is_linear=0
shrinkage=0.05


Tree=11
num_leaves=29
num_cat=0
split_feature=3 0 4 4 3 4 1 8 4 3 6 4 0 6 4 0 4 1 0 1 1 5 0 3 0 6 0 1
split_gain=4.13086e+06 2.09226e+06 1.30433e+06 1.03359e+06 1.00087e+06 810804 716047 567970 537467 462533 382524 326597 129692 107901 62939.5 62814.3 47020.4 17550.2 16788.9 11930.8 15761.8 15523.9 3987.74 557.666 544.353 145.573 39.6953 0.00339771
threshold=0.91595406397529755 29576.650000000005 44395.000000000007 44810.000000000007 0.75254172216451587 44735.000000000007 36487.450000000012 2.5000000000000004 42195.000000000007 0.94904381695332218 9.5000000000000018 36662.500000000007 30334.450000000001 11.500000000000002 39715.000000000007 38454.400000000009 37010.000000000007 31391.365000000002 33456.700000000004 21249.540000000005 25420.565000000006 3.5000000000000004 35523.450000000004 0.91904996458782184 33456.700000000004 23.500000000000004 28192.050000000003 18767.635000000006
decision_type=2 2 2 2 2 2 2 2 2 2 2 2 2 2 2 2 2 2 2 2 2 2 2 2 2 2 2 2
left_child=1 19 14 5 7 10 15 8 -3 -8 -4 13 -13 -6 23 -5 -9 -16 -7 25 21 -21 -19 -2 -25 27 -22 -1
right_child=2 4 3 6 11 18 9 16 -10 -11 -12 12 -14 -15 17 -17 -18 22 -20 20 26 -23 -24 24 -26 -27 -28 -29
leaf_value=-7.5187690734863288 4.6246342976887966 -7.0910301248792198 19.123621380329123 1.9673996771535567 4.8998814369950985 22.335012626647941 1.7628260612487794 0.53777269816472828 -2.1389077121516071 21.880393829345707 5.4179015295846122 -7.5443969917297373 0.54591728738519585 2.0308099711243108 -2.7978430112202961 8.0066709327697758 -0.7409704626540552 0.73854567646980296 25.246228144719051 -3.5344773973737413 -7.7191680908203129 -6.6739752769470222 1.8388025351933071 3.8071200023997913 4.4412166595458986 -7.8274398803710943 -7.5158228556315114 -7.5170555114746094
leaf_weight=81 3.0000000000000027 71 8.0000000000000018 31 56 8.0000000000000018 3.9999999999999991 123 240 9.9999999999999982 13.999999999999998 4.9999999999999991 534 79 2.9999999999999991 4.9999999999999991 173 20 12.999999999999998 7.0000000000000062 2.9999999999999991 8.9999999999999982 13.999999999999998 22.000000000000004 3.9999999999999991 3.9999999999999991 11.999999999999998 2.9999999999999991
leaf_count=81 3 71 8 31 56 8 4 123 240 10 14 5 534 79 3 5 173 20 13 7 3 9 14 22 4 4 12 3
internal_value=-0.0263879 -0.893752 7.61078 11.4258 -0.30462 17.1098 6.53756 -1.77734 -3.26946 16.1325 10.4018 1.0217 0.470868 3.22094 2.23509 2.80619 -0.209601 0.868125 24.1372 -7.23559 -6.39208 -5.30044 1.19159 3.97915 3.90467 -7.53274 -7.55649 -7.51871
internal_weight=1559 1400 159 93 1281 43 50 607 311 14 22 674 539 135 66 36 296 37 21 119 31 16 34 29 26 88 15 84
internal_count=1559 1400 159 93 1281 43 50 607 311 14 22 674 539 135 66 36 296 37 21 119 31 16 34 29 26 88 15 84
is_linear=0
shrinkage=0.05


end of trees

feature_importances:
total_load=78
net_load=73
thermal_on_capacity=55
thermal_space_load_ratio=40
renewable_power=28
period=24
weekday=19
month=15
hour=3

parameters:
[boosting: gbdt]
[objective: regression]
[metric: rmse]
[tree_learner: serial]
[device_type: cpu]
[data_sample_strategy: bagging]
[data: ]
[valid: ]
[num_iterations: 400]
[learning_rate: 0.05]
[num_leaves: 31]
[num_threads: 0]
[seed: 42]
[deterministic: 0]
[force_col_wise: 0]
[force_row_wise: 0]
[histogram_pool_size: -1]
[max_depth: 5]
[min_data_in_leaf: 3]
[min_sum_hessian_in_leaf: 0.001]
[bagging_fraction: 0.85]
[pos_bagging_fraction: 1]
[neg_bagging_fraction: 1]
[bagging_freq: 1]
[bagging_seed: 400]
[bagging_by_query: 0]
[feature_fraction: 0.85]
[feature_fraction_bynode: 1]
[feature_fraction_seed: 30056]
[extra_trees: 0]
[extra_seed: 12879]
[early_stopping_round: 0]
[early_stopping_min_delta: 0]
[first_metric_only: 0]
[max_delta_step: 0]
[lambda_l1: 0]
[lambda_l2: 0]
[linear_lambda: 0]
[min_gain_to_split: 0]
[drop_rate: 0.1]
[max_drop: 50]
[skip_drop: 0.5]
[xgboost_dart_mode: 0]
[uniform_drop: 0]
[drop_seed: 17869]
[top_rate: 0.2]
[other_rate: 0.1]
[min_data_per_group: 100]
[max_cat_threshold: 32]
[cat_l2: 10]
[cat_smooth: 10]
[max_cat_to_onehot: 4]
[top_k: 20]
[monotone_constraints: ]
[monotone_constraints_method: basic]
[monotone_penalty: 0]
[feature_contri: ]
[forcedsplits_filename: ]
[refit_decay_rate: 0.9]
[cegb_tradeoff: 1]
[cegb_penalty_split: 0]
[cegb_penalty_feature_lazy: ]
[cegb_penalty_feature_coupled: ]
[path_smooth: 0]
[interaction_constraints: ]
[verbosity: -1]
[saved_feature_importance_type: 0]
[use_quantized_grad: 0]
[num_grad_quant_bins: 4]
[quant_train_renew_leaf: 0]
[stochastic_rounding: 1]
[linear_tree: 0]
[max_bin: 255]
[max_bin_by_feature: ]
[min_data_in_bin: 3]
[bin_construct_sample_cnt: 200000]
[data_random_seed: 175]
[is_enable_sparse: 1]
[enable_bundle: 1]
[use_missing: 1]
[zero_as_missing: 0]
[feature_pre_filter: 1]
[pre_partition: 0]
[two_round: 0]
[header: 0]
[label_column: ]
[weight_column: ]
[group_column: ]
[ignore_column: ]
[categorical_feature: ]
[forcedbins_filename: ]
[precise_float_parser: 0]
[parser_config_file: ]
[objective_seed: 16083]
[num_class: 1]
[is_unbalance: 0]
[scale_pos_weight: 1]
[sigmoid: 1]
[boost_from_average: 1]
[reg_sqrt: 0]
[alpha: 0.9]
[fair_c: 1]
[poisson_max_delta_step: 0.7]
[tweedie_variance_power: 1.5]
[lambdarank_truncation_level: 30]
[lambdarank_norm: 1]
[label_gain: ]
[lambdarank_position_bias_regularization: 0]
[eval_at: ]
[multi_error_top_k: 1]
[auc_mu_weights: ]
[num_machines: 1]
[local_listen_port: 12400]
[time_out: 120]
[machine_list_filename: ]
[machines: ]
[gpu_platform_id: -1]
[gpu_device_id: -1]
[gpu_use_dp: 0]
[num_gpu: 1]

end of parameters

pandas_categorical:[]
