tree
version=v4
num_class=1
num_tree_per_iteration=1
label_index=0
max_feature_idx=10
objective=regression
feature_names=total_load net_load renewable_power thermal_space_load_ratio thermal_on_capacity hour period weekday month is_weekend is_holiday
feature_infos=[26780.099999999999:43286.099999999999] [9620.2999999999993:39323.919999999998] [1615.1700000000001:20288.959999999999] [0.33550603334030826:0.95508263646906033] [27170:49124] [0:5] [1:24] [0:6] [1:12] [0:1] none
tree_sizes=2630 2726 2590 2437 2742 2883 2518 2806 2790 2772 2705 2730

Tree=0
num_leaves=30
num_cat=0
split_feature=1 1 2 8 7 4 4 1 2 8 2 6 4 0 1 7 1 6 4 2 4 1 2 7 1 4 0 6 1
split_gain=1.73381e+07 8.24031e+06 5.44839e+06 5.21118e+06 3.33521e+06 2.97345e+06 4.79789e+06 2.9385e+06 1.74468e+06 1.58813e+06 847282 593746 559306 842711 353944 323047 287544 234980 193459 87010.3 83396.7 22493.2 21475.6 7093.04 3916.88 2862.72 2238.79 1773.76 4.16667
threshold=26380.575000000004 37219.560000000005 2843.4750000000004 2.5000000000000004 2.5000000000000004 44395.000000000007 44810.000000000007 22685.120000000006 3909.8850000000007 3.5000000000000004 4592.8550000000005 2.5000000000000004 42910.000000000007 34210.450000000004 29567.815000000006 1.0000000180025095e-35 23354.775000000005 11.500000000000002 37010.000000000007 14102.210000000001 39715.000000000007 23474.200000000004 6367.0150000000003 5.5000000000000009 24961.700000000001 47435.000000000007 31078.750000000004 1.5000000000000002 38093.295000000006
decision_type=2 2 2 2 2 2 2 2 2 2 2 2 2 2 2 2 2 2 2 2 2 2 2 2 2 2 2 2 2
left_child=3 2 5 7 8 20 -7 12 11 14 -9 -3 15 -14 -4 -1 -12 -11 19 22 -2 23 -5 -20 -23 -6 -21 -10 -27
right_child=1 4 9 18 25 6 -8 10 27 17 16 -13 13 -15 -16 -17 -18 -19 21 26 -22 24 -24 -25 -26 28 -28 -29 -30
leaf_value=255.55347626387726 269.46659738271177 309.16809735982349 262.64681791274074 266.4979053895853 265.5722642172251 295.80131164553791 270.73549038118006 249.75559735982358 321.63059735982358 271.96020067914304 256.99693719450471 287.63059735982358 260.39144864157811 252.03048444024321 264.85952531978438 250.22310715615225 261.18181462499075 267.97876428546584 261.4567134541802 260.95559757299787 265.84971527615517 262.02148515431821 264.36796124665676 260.38454493905687 262.71692690603095 263.63893097925921 262.07901429224751 320.02226402649023 263.72226431259253
leaf_weight=33 30 4.0000000000000062 286 12.999999999999998 2.9999999999999982 35 42 21 3.9999999999999991 63 53 15.999999999999998 47 84 491 205 182 90 82 17.000000000000004 34 40 132 19 41 3 5.9999999999999991 3 3
leaf_count=33 30 4 286 13 3 35 42 21 4 63 53 16 47 84 491 205 182 90 82 17 34 40 132 19 41 3 6 3 3
internal_value=262.859 267.141 266.351 257.997 290.671 275.509 282.129 255.262 299.457 264.962 259.378 291.938 252.406 255.03 264.045 250.962 260.238 269.618 262.882 264.106 267.545 261.753 264.559 261.255 262.373 264.311 261.249 320.941 263.681
internal_weight=2082 1107 1071 975 36 141 77 625 27 930 256 20 369 131 777 238 235 153 350 168 64 182 145 101 81 9 23 7 6
internal_count=2082 1107 1071 975 36 141 77 625 27 930 256 20 369 131 777 238 235 153 350 168 64 182 145 101 81 9 23 7 6
is_linear=0
shrinkage=1


Tree=1
num_leaves=30
num_cat=0
split_feature=1 3 8 1 7 1 1 3 7 8 2 2 3 1 1 7 8 6 2 7 3 0 1 2 7 0 1 3 1
split_gain=1.51886e+07 6.73351e+06 4.70806e+06 4.08438e+06 3.06566e+06 6.13934e+06 2.77101e+06 1.791e+06 1.05803e+06 1.04988e+06 766395 619022 503178 383759 260090 203484 164935 162417 149896 359854 114536 97328.6 25407.4 22699 12994.2 11989.3 6782.04 5918.12 4824.35
threshold=26380.575000000004 0.90011304971433836 2.5000000000000004 37219.560000000005 5.5000000000000009 33356.565000000002 22330.09 0.90052481701728071 2.5000000000000004 3.5000000000000004 1914.2050000000002 4463.7850000000008 0.52654738787186084 23814.570000000003 29567.815000000006 1.0000000180025095e-35 3.5000000000000004 1.5000000000000002 4723.4400000000014 1.5000000000000002 0.57093576493581322 32322.550000000003 22762.430000000004 6367.0150000000003 1.5000000000000002 38755.650000000009 20343.120000000003 0.5365283311830128 24848.980000000003
decision_type=2 2 2 2 2 2 2 2 2 2 2 2 2 2 2 2 2 2 2 2 2 2 2 2 2 2 2 2 2
left_child=2 9 6 4 10 -6 12 -5 -9 14 -3 -8 25 -13 21 -14 22 -16 19 -11 27 -2 26 -22 -20 -1 -4 -18 -24
right_child=1 3 16 7 5 -7 11 8 -10 18 -12 13 15 -15 17 -17 20 -19 24 -21 23 -23 28 -25 -26 -27 -28 -29 -30
leaf_value=-12.384953491210938 -9.2990076065063487 23.614142354329431 -3.0192272186279299 54.886721191406252 40.834642639160158 2.5583981947465375 -12.487779998779297 27.027220153808589 1.546886739730835 12.902479496002199 5.4859287544940285 -5.2798154104103165 -3.3954516251881923 -1.3621013866280611 6.301468330952857 -8.9891675256547483 -1.4799956885251133 1.446522802961735 1.6358472903569536 5.2854022150454316 3.47510484457016 -0.24183708098451448 -0.95258521152579267 1.4784507540769356 3.7599623998006191 -10.506077024671768 -1.6704034179937644 -0.30822378396987915 -0.20177593544125558
leaf_weight=150 2.9999999999999991 5.9999999999999991 10.999999999999998 4.9999999999999991 20 22 18 22.000000000000004 4.9999999999999991 20 206 103 18 159 18 168 33 401 12.000000000000002 69 15.999999999999998 263 46 129 18 8.9999999999999982 61 15.999999999999998 40
leaf_count=150 3 6 11 5 20 22 18 22 5 20 206 103 18 159 18 168 33 401 12 69 16 263 46 129 18 9 61 16 40
internal_value=-0.0820766 3.97575 -4.60923 10.5648 8.44395 20.7852 -7.21403 27.399 22.3086 1.63188 5.99899 -3.51848 -10.2133 -2.90227 0.878806 -8.44784 0.0157793 1.65509 5.96682 6.9971 0.992528 -0.343986 -1.18352 1.69877 2.91032 -12.2786 -1.87647 -1.09738 -0.603372
internal_weight=2067 1090 977 286 254 42 625 32 27 804 212 280 345 262 685 186 352 419 119 89 194 266 158 145 30 159 72 49 86
internal_count=2067 1090 977 286 254 42 625 32 27 804 212 280 345 262 685 186 352 419 119 89 194 266 158 145 30 159 72 49 86
is_linear=0
shrinkage=0.05


Tree=2
num_leaves=29
num_cat=0
split_feature=1 1 8 3 7 2 7 1 1 8 2 3 4 0 4 1 1 7 7 4 1 2 1 7 6 3 4 1
split_gain=1.34805e+07 6.35044e+06 4.25975e+06 4.0745e+06 2.64508e+06 2.70199e+06 2.55287e+06 5.26751e+06 2.39883e+06 1.13494e+06 682401 524770 466445 760737 436972 280206 240726 234605 205795 180682 61174.8 19809.5 16991.1 7210.51 5282.85 3522.64 2939.69 1837.13
threshold=26380.575000000004 37131.05000000001 2.5000000000000004 0.91777197600586891 2.5000000000000004 3816.7100000000005 5.5000000000000009 33356.565000000002 22629.165000000005 3.5000000000000004 4463.7850000000008 0.93530417662666243 42910.000000000007 34210.450000000004 44395.000000000007 29567.815000000006 23354.775000000005 1.0000000180025095e-35 1.5000000000000002 37010.000000000007 17734.115000000002 6511.0950000000012 23877.785000000003 5.5000000000000009 1.5000000000000002 0.5365283311830128 47435.000000000007 24921.325000000004
decision_type=2 2 2 2 2 2 2 2 2 2 2 2 2 2 2 2 2 2 2 2 2 2 2 2 2 2 2 2
left_child=2 3 8 9 5 11 14 -8 12 15 -10 -3 17 -14 -5 -2 -12 -1 -11 20 25 -22 23 -21 -7 -4 -6 -24
right_child=1 4 19 6 26 24 7 -9 10 18 16 -13 13 -15 -16 -17 -18 -19 -20 22 21 -23 27 -25 -26 -27 -28 -29
leaf_value=-6.9915285052675191 -0.28787610750507425 13.882044919331861 -1.5579361724853513 4.101470351941658 2.3370533370971684 53.745620727539077 38.677450270879838 2.3432003222013775 -11.863391113281251 9.2368260972640091 -5.3014603445404456 31.108328247070315 -1.8137353941798211 -10.136976529474129 10.230113946474516 1.7316877680404461 -1.5803398714365204 -11.550131376217573 4.7908123514673733 -1.2199190481085527 3.2395848554723403 1.4238017072973326 -0.71021571372236525 -2.3113448222478232 51.399780273437493 -0.30668973657819959 0.62250027656555174 -0.18481188329254711
leaf_weight=33 270 12.000000000000005 15.000000000000002 66 4.9999999999999982 3.9999999999999982 21 19 21 34 57 6.9999999999999991 44 73 52 472 183 195 111 95 17 129 28 18 6 8.9999999999999982 5 41
leaf_count=33 270 12 15 66 5 4 21 19 21 34 57 7 44 73 52 472 183 195 111 95 17 129 28 18 6 9 5 41
internal_value=0.0253341 3.84446 -4.2961 3.10514 23.6544 31.3008 10.5026 21.4187 -6.83716 1.78744 -3.22037 20.2286 -9.57333 -7.00687 6.80223 0.996806 -2.46411 -10.8903 5.83333 0.0785633 1.25067 1.63523 -1.01626 -1.39377 52.3381 -1.08872 1.47978 -0.398019
internal_weight=2042 1084 958 1045 39 29 158 40 606 887 261 19 345 117 118 742 240 228 145 352 170 146 182 113 10 24 10 69
internal_count=2042 1084 958 1045 39 29 158 40 606 887 261 19 345 117 118 742 240 228 145 352 170 146 182 113 10 24 10 69
is_linear=0
shrinkage=0.05


Tree=3
num_leaves=27
num_cat=0
split_feature=1 3 2 4 7 1 1 4 0 4 3 4 6 7 1 1 4 4 4 3 3 2 0 0 1 1
split_gain=1.23144e+07 4.80004e+06 3.71596e+06 3.38162e+06 1.96547e+06 5.60719e+06 2.41853e+06 1.27011e+06 1.15609e+06 737262 527283 455469 555589 293736 263232 167235 140512 134333 132904 73915 49224.9 20145 14881.8 5517.91 4190.7 149.075
threshold=26380.575000000004 0.90011304971433836 15495.880000000003 49119.500000000007 5.5000000000000009 33356.565000000002 37649.23000000001 37740.000000000007 31252.200000000004 34325.000000000007 0.62358445294988496 33235.000000000007 10.500000000000002 1.5000000000000002 31566.145000000008 22410.010000000006 36662.500000000007 49119.500000000007 37740.000000000007 0.57093576493581322 0.51207515096002199 6511.0950000000012 39002.100000000006 33263.000000000007 16280.920000000004 22719.550000000003
decision_type=2 2 2 2 2 2 2 2 2 2 2 2 2 2 2 2 2 2 2 2 2 2 2 2 2 2
left_child=2 9 7 4 6 -6 -3 19 13 11 -10 23 -13 -9 16 18 -11 -16 -4 24 -20 -21 -17 -2 -1 -24
right_child=1 3 15 -5 5 -7 -8 8 10 14 -12 12 -14 -15 17 22 -18 -19 20 21 -22 -23 25 -25 -26 -27
leaf_value=-1.5292848643134622 3.076504755020141 5.2186581579779805 -1.457915186882019 49.525477905273441 36.750718616303942 2.3021024492051865 26.581226798466275 -6.0735980633232334 -5.7363884040901256 3.8038237469536917 -1.7894194275852335 24.890739113943908 6.8714535106312145 -11.449253447850545 1.9163516404121879 -6.3845836003621441 0.15306309301007898 5.4542271169026693 -11.112560448678984 3.0897425707648782 -9.238413864633312 1.260275925388773 -1.82232707341512 4.9335711288452151 -0.50321962063511216 -2.3207830429077143
leaf_weight=17 20.000000000000004 247 3.9999999999999991 4.9999999999999991 21 27 13.999999999999998 54 111 28 356 7.0000000000000027 10.999999999999998 48 254 2.9999999999999982 449 30 147 17 46 131 3 4.9999999999999991 24 3
leaf_count=17 20 247 4 5 21 27 14 54 111 28 356 7 11 48 254 3 449 30 147 17 46 131 3 5 24 3
internal_value=-0.0784658 3.49224 -4.2196 8.7347 8.07465 17.3734 6.36454 -2.60127 -3.78086 1.44482 -2.72756 7.8144 13.879 -8.60332 1.0849 -10.1744 0.367364 2.29007 -10.4789 0.949982 -10.6659 1.47042 -3.50923 3.44792 -0.928661 -2.07156
internal_weight=2082 1118 964 314 309 48 261 758 569 804 467 43 18 102 761 206 477 284 197 189 193 148 9 25 41 6
internal_count=2082 1118 964 314 309 48 261 758 569 804 467 43 18 102 761 206 477 284 197 189 193 148 9 25 41 6
is_linear=0
shrinkage=0.05


Tree=4
num_leaves=31
num_cat=0
split_feature=1 3 1 8 7 1 3 1 3 8 7 2 7 0 1 1 2 7 6 2 8 3 0 0 1 2 7 3 3 1
split_gain=1.13324e+07 5.13618e+06 3.48555e+06 3.37392e+06 2.48844e+06 4.54827e+06 2.05213e+06 1.98318e+06 769247 765842 576992 544877 338657 319590 244941 199606 155840 303124 144923 137345 113834 82964.9 78738.8 27324.8 18970.2 13341.3 10901.2 5788.33 4975.87 2869.74
threshold=26380.575000000004 0.90011304971433836 37219.560000000005 2.5000000000000004 5.5000000000000009 33402.275000000001 0.90921327054498835 22330.09 0.93530417662666243 3.5000000000000004 1.5000000000000002 4463.7850000000008 2.5000000000000004 36987.05000000001 23127.670000000002 29639.310000000009 4723.4400000000014 1.5000000000000002 1.5000000000000002 4131.0200000000013 3.5000000000000004 0.59194255991559908 32873.200000000004 32322.550000000003 22762.430000000004 6367.0150000000003 1.5000000000000002 0.5365283311830128 0.61795496981949205 24691.820000000003
decision_type=2 2 2 2 2 2 2 2 2 2 2 2 2 2 2 2 2 2 2 2 2 2 2 2 2 2 2 2 2 2
left_child=3 9 4 7 10 -6 19 12 -8 15 -3 -9 13 -1 -13 23 17 -11 -17 -4 24 27 -14 -2 28 -23 -18 -22 -5 -26
right_child=1 2 6 20 5 -7 8 11 -10 16 -12 14 22 -15 -16 18 26 -19 -20 -21 21 25 -24 -25 29 -27 -28 -29 -30 -31
leaf_value=-4.8649213351758132 -4.9939832051595054 8.1316357066122347 47.933412679036472 -2.4714993476867679 34.782368396577382 2.2507108428261495 9.8601288989186262 -10.966541290283203 28.849195098876955 11.559054145812988 2.9458209396733182 -5.079126419872046 -10.8198182664476 -10.505841612815857 -1.5096953594622835 5.6224139344692237 1.086932834982872 4.5793469347272602 1.2618653516495422 35.972310543060296 -1.2468265846371651 2.9920259748186386 -8.9279060208059242 -0.19662503131798337 -0.74599011383558578 1.3616819288119797 2.9060804557800295 -0.14508488460590965 -1.357690866657945 -0.1496307909488678
leaf_weight=83 2.9999999999999991 89 5.9999999999999982 11.999999999999998 21 22 16.000000000000004 20 7.9999999999999991 20 135 64 111 36 193 20 13.999999999999998 70 403 4 32 13.999999999999998 109 280 38 121 20 19 61 43
leaf_count=83 3 89 6 12 21 22 16 20 8 20 135 64 111 36 193 20 14 70 403 4 32 14 109 280 38 121 20 19 61 43
internal_value=0.0585724 3.44599 9.04117 -3.94892 7.12115 18.1383 24.119 -6.15569 16.1898 1.41689 5.00626 -3.01721 -8.72018 -6.57142 -2.39858 0.780373 5.04092 6.13039 1.46804 43.149 0.0492292 0.881703 -9.88246 -0.24748 -0.956227 1.53075 2.15702 -0.836374 -1.54078 -0.429404
internal_weight=2087 1131 301 956 267 43 34 616 24 830 224 277 339 119 257 706 124 90 423 10 340 186 220 283 154 135 34 51 73 81
internal_count=2087 1131 301 956 267 43 34 616 24 830 224 277 339 119 257 706 124 90 423 10 340 186 220 283 154 135 34 51 73 81
is_linear=0
shrinkage=0.05


Tree=5
num_leaves=31
num_cat=0
split_feature=3 2 3 0 4 4 4 3 4 3 0 8 0 8 3 7 3 7 4 4 4 0 3 3 0 3 0 2 2 0
split_gain=9.20358e+06 3.62201e+06 3.10888e+06 3.29923e+06 3.11872e+06 1.70717e+06 2.94478e+06 1.29611e+06 1.0092e+06 849862 833540 785260 835374 622441 585027 560053 128686 165694 116363 90380.3 86447.4 60389.1 43122.1 41510.5 26339.9 26210 9322.89 3227.8 3178.27 861.898
threshold=0.80752897558641812 15495.880000000003 0.91777197600586891 41185.900000000001 48055.000000000007 44395.000000000007 44810.000000000007 0.94957769145519999 44735.000000000007 0.90921327054498835 29494.800000000007 2.5000000000000004 31252.200000000004 3.5000000000000004 0.65996147076533862 1.0000000180025095e-35 0.5365283311830128 3.5000000000000004 39715.000000000007 37740.000000000007 37010.000000000007 34090.05000000001 0.58010044106961234 0.88338880513267959 36901.55000000001 0.72133181397597979 38674.200000000004 4335.9800000000005 17436.395000000004 33446.950000000004
decision_type=2 2 2 2 2 2 2 2 2 2 2 2 2 2 2 2 2 2 2 2 2 2 2 2 2 2 2 2 2 2
left_child=1 11 3 10 27 18 8 -8 -7 -6 23 12 15 -12 -14 -1 19 24 29 -3 22 -20 -13 -2 -18 -22 -21 -5 -19 -4
right_child=2 16 5 4 9 6 7 -9 -10 -11 13 20 14 -15 -16 -17 17 28 21 26 25 -23 -24 -25 -26 -27 -28 -29 -30 -31
leaf_value=0.19580002890692816 -3.9371135711669876 -1.1766887029012045 5.3438588018002715 0.12738384703795111 45.6060055202908 15.524266488211495 4.6028701584253993 22.710489622751872 33.027529602050784 17.906966781616212 1.1517125887027779 -0.94811510554066425 -4.9163658327715742 4.6710431411399602 -1.0920138503930399 -9.7704209019587598 -5.6943177382151262 -2.1754211849636502 -4.7616470336914025 -10.063428229755827 -1.1195982702649558 1.8212652824543143 1.2478030605900747 -10.418214416503908 -9.398193868001302 0.0055483634475358701 -8.7912026405334469 1.8475042724609372 -0.29621662100156149 6.1390762329101562
leaf_weight=18 3.0000000000000027 2.9999999999999991 23.000000000000004 6.0000000000000018 8.9999999999999982 13.999999999999998 56 11.999999999999998 20 3.9999999999999991 572 27 140 161 350 65 6.0000000000000027 8.9999999999999982 4.0000000000000027 144 130 27 130 13.999999999999998 24 86 15.999999999999998 5 2.9999999999999991 3.9999999999999991
leaf_count=18 3 3 23 6 9 14 56 12 20 4 572 27 140 161 350 65 6 9 4 144 130 27 130 14 24 86 16 5 3 4
internal_value=-0.121349 -3.11383 3.56639 2.25483 20.5035 9.91106 13.8057 7.79833 25.8203 37.0832 1.67087 -1.80814 -2.97042 1.92472 -2.18469 -7.60907 -9.13909 -6.67119 3.06194 -9.77499 -0.0226684 0.971857 0.870161 -9.27449 -8.65742 -0.671623 -9.93621 0.909257 -1.70562 5.46167
internal_weight=2085 1151 934 774 24 160 102 68 34 13 750 946 573 733 490 83 205 42 58 163 373 31 157 17 30 216 160 11 12 27
internal_count=2085 1151 934 774 24 160 102 68 34 13 750 946 573 733 490 83 205 42 58 163 373 31 157 17 30 216 160 11 12 27
is_linear=0
shrinkage=0.05


Tree=6
num_leaves=28
num_cat=0
split_feature=1 3 2 4 4 1 4 0 1 0 4 4 0 4 4 1 3 4 1 7 2 0 1 6 0 1 1
split_gain=8.63401e+06 3.51914e+06 2.66565e+06 1.54418e+06 2.61466e+06 1.81572e+06 1.22371e+06 1.02323e+06 894336 1.22594e+06 859070 763921 539943 472190 219090 130792 103192 99995.9 43826.9 24712.1 13749.1 9499.25 19181.8 6231.81 3623.65 2043.67 1788.58
threshold=26380.575000000004 0.90749811166221861 15495.880000000003 44395.000000000007 44810.000000000007 37649.23000000001 44735.000000000007 29494.800000000007 37367.05000000001 41855.900000000009 39905.000000000007 34325.000000000007 31252.200000000004 33235.000000000007 49119.500000000007 22410.010000000006 0.61276755877946254 39715.000000000007 19708.980000000007 2.5000000000000004 15980.140000000001 28278.700000000004 25475.805 3.5000000000000004 31869.250000000004 22174.900000000005 22762.430000000004
decision_type=2 2 2 2 2 2 2 2 2 2 2 2 2 2 2 2 2 2 2 2 2 2 2 2 2 2 2
left_child=2 8 7 17 6 -6 -5 21 11 -10 16 13 -12 -2 -13 18 -9 24 20 -20 -4 25 -23 -19 -3 -1 -17
right_child=1 3 15 4 5 -7 -8 10 9 -11 12 14 -14 -15 -16 26 -18 23 19 -21 -22 22 -24 -25 -26 -27 -28
leaf_value=-10.263924026489256 3.1703798294067385 3.4546658198038735 -7.3046928065163756 13.597758560180665 4.8436228450426126 22.558436545203715 31.088507690429687 -1.2698460519967372 43.4642323811849 1.1815109491348266 -9.8512327688711672 0.79100528351447741 -2.5634257913496148 12.502956755264947 4.9517515702681116 -1.3965820074081421 1.1391141472181472 3.4560265350341797 -8.9655612839592838 -6.4674748361110694 -9.5773552534315325 -7.1173534075419091 -9.9444418589274104 1.6029603082306529 5.2653403908865792 -9.2851636886596687 -3.0116198221842438
leaf_weight=16.000000000000004 33 2.9999999999999991 6.9999999999999991 20 97 17 20 57 2.9999999999999991 4 27 767 433 23 33 3.9999999999999991 202 4.9999999999999991 18 22 135 12.000000000000002 11.999999999999998 49 35 7.9999999999999991 3
leaf_count=16 33 3 7 20 97 17 20 57 3 4 27 767 433 23 33 4 202 5 18 22 135 12 12 49 35 8 3
internal_value=0.00538034 3.00716 -3.47681 8.28263 11.3445 7.48531 22.3431 -2.1662 1.50338 19.3027 -1.69433 1.35783 -2.99119 7.0034 0.962636 -8.79556 0.608957 3.15735 -9.05352 -7.59161 -9.46532 -9.23428 -8.5309 1.77454 5.12239 -9.93767 -2.08874
internal_weight=2065 1109 956 246 154 114 40 767 863 7 719 856 460 56 800 189 259 92 182 40 142 48 24 54 38 24 7
internal_count=2065 1109 956 246 154 114 40 767 863 7 719 856 460 56 800 189 259 92 182 40 142 48 24 54 38 24 7
is_linear=0
shrinkage=0.05


Tree=7
num_leaves=31
num_cat=0
split_feature=1 1 8 2 7 1 3 2 8 6 2 3 0 3 7 6 1 8 2 3 1 2 2 2 1 6 1 1 3 1
split_gain=8.2849e+06 4.33781e+06 2.6684e+06 2.37022e+06 1.86317e+06 1.62585e+06 1.59341e+06 954667 824470 652005 462893 423104 315561 308025 223386 187968 174939 77708.5 65189.8 55944.4 13938 12491.9 8770.47 7478.89 4253.22 4041.36 3597.75 2724.12 324.545 220.797
threshold=26380.575000000004 37219.560000000005 2.5000000000000004 2890.2950000000005 2.5000000000000004 23127.670000000002 0.90921327054498835 1914.2050000000002 3.5000000000000004 15.500000000000002 4463.7850000000008 0.93530417662666243 35322.55000000001 0.5365283311830128 1.0000000180025095e-35 10.500000000000002 29567.815000000006 3.5000000000000004 7977.7900000000009 0.56362589598024015 22719.550000000003 6367.0150000000003 4131.0200000000013 19661.320000000003 20590.675000000007 1.5000000000000002 15333.745000000003 24921.325000000004 0.89945909065743301 26124.340000000004
decision_type=2 2 2 2 2 2 2 2 2 2 2 2 2 2 2 2 2 2 2 2 2 2 2 2 2 2 2 2 2 2
left_child=2 3 5 7 6 13 25 12 16 -9 29 -8 -2 23 -15 -10 -5 20 -12 26 24 -21 -6 -1 -4 -3 -19 -22 -24 -7
right_child=1 4 17 8 22 10 11 9 15 -11 18 -13 -14 14 -16 -17 -18 19 -20 21 27 -23 28 -25 -26 -27 -28 -29 -30 -31
leaf_value=-9.1508561341658883 27.694730922154022 43.127162170410131 -2.1642839951948689 -0.2277215025277548 -2.5080489476521817 -9.4118543352399531 11.539520517985023 10.182479239191329 6.7821516879705293 3.2554987177704322 0.59283864664476971 27.007403346470426 13.540013700061374 -1.2399177732921782 -6.6270986058919323 3.3001241521677005 1.3361707685014093 -1.6398882519115103 -1.6106354299713583 2.4274666183873226 -0.54234600526094434 1.0593951958265619 1.1707384675741193 -7.5783927679061893 -1.0838837461651496 41.075393676757812 -0.57789840225515698 0.019280878493660378 0.43527360757191969 -9.8330741882324233
leaf_weight=138 6.9999999999999991 4.0000000000000018 10.999999999999998 279 2.9999999999999982 14.000000000000002 12.000000000000002 70 65 66 43 6.9999999999999991 8.9999999999999982 21 230 96 498 10.999999999999998 153 19 50 137 3 7.9999999999999991 53 6 29 38 3 3.9999999999999991
leaf_count=138 7 4 11 279 3 14 12 70 65 66 43 7 9 21 230 96 498 11 153 19 50 137 3 8 53 6 29 38 3 4
internal_value=0.0621682 2.96691 -3.35446 2.38797 19.5732 -5.34493 25.7409 8.18 1.44939 6.82086 -1.83193 17.2382 19.7327 -7.23858 -6.17638 4.70591 0.774619 0.140298 -1.12722 0.798271 -0.708142 1.22602 -0.300679 -9.06469 -1.26958 41.8961 -0.869946 -0.299825 0.803006 -9.50546
internal_weight=2087 1128 959 1090 38 611 29 152 938 136 214 19 16 397 251 161 777 348 196 196 152 156 9 146 64 10 40 88 6 18
internal_count=2087 1128 959 1090 38 611 29 152 938 136 214 19 16 397 251 161 777 348 196 196 152 156 9 146 64 10 40 88 6 18
is_linear=0
shrinkage=0.05


Tree=8
num_leaves=31
num_cat=0
split_feature=1 2 8 4 1 4 1 4 4 1 8 4 2 4 0 1 1 7 7 4 4 3 1 2 4 7 0 3 0 1
split_gain=8.0592e+06 3.18469e+06 2.48857e+06 2.28753e+06 2.00644e+06 1.59432e+06 1.46304e+06 1.35825e+06 1.17438e+06 1.04371e+06 773631 510259 337494 258465 442332 238759 170089 161251 118021 87183.7 75285.6 36600 12537.8 10600 7004.09 5226.45 2486.64 1966.84 1379.68 204.29
threshold=26493.075000000004 2933.3350000000005 2.5000000000000004 44395.000000000007 37219.560000000005 44810.000000000007 22256.180000000004 49119.500000000007 44735.000000000007 37367.05000000001 3.5000000000000004 48055.000000000007 4592.8550000000005 42910.000000000007 34210.450000000004 23814.570000000003 29567.815000000006 1.5000000000000002 1.0000000180025095e-35 37010.000000000007 39715.000000000007 0.56362589598024015 23474.200000000004 6266.3400000000011 42910.000000000007 5.5000000000000009 31654.150000000005 0.72835931169469748 30334.450000000001 26124.340000000004
decision_type=2 2 2 2 2 2 2 2 2 2 2 2 2 2 2 2 2 2 2 2 2 2 2 2 2 2 2 2 2 2
left_child=2 3 6 20 10 8 13 11 -5 -7 16 -6 29 18 -15 -14 -3 -12 -1 21 26 28 25 -23 -22 -21 -2 -24 -4 -8
right_child=1 4 19 5 7 9 12 -9 -10 -11 17 -13 15 14 -16 -17 -18 -19 -20 22 24 23 27 -25 -26 -27 -28 -29 -30 -31
leaf_value=-5.5009536802768713 3.1191575368245443 -0.25983144085120113 -1.4641852569580074 12.854113061087473 0.15047615347430099 5.0672841413718901 -8.941850471496581 39.067785034179693 29.208226212211276 24.810605239868167 6.9508384149901721 16.452617454528806 -3.9193837835982039 -1.00517960661336 -7.6120812403528326 -0.92384740637548013 1.2991641524101585 3.5071621688636578 -8.7725066189190866 -0.86152276336477041 2.0597345408271344 2.3715982735157013 -0.46439910559427172 1.0077478852065711 0.7332334538300832 -1.7221763090653852 4.6289318593343101 0.019489279673213053 -0.66897823015848801 -9.3914751688639324
leaf_weight=32 2.9999999999999991 274 10.000000000000002 21 8.0000000000000036 41 16.000000000000004 4.9999999999999991 23 7.9999999999999991 49 12 111 38 76 166 484 111 199 89 17 15.999999999999998 42 130 24 22 30 42 11.999999999999998 2.9999999999999991
leaf_count=32 3 274 10 21 8 41 16 5 23 8 49 12 111 38 76 166 484 111 199 89 17 16 42 130 24 22 30 42 12 3
internal_value=-0.0259345 2.91015 -3.27201 9.2743 1.7831 14.4943 -5.14529 15.759 21.4029 8.29068 1.40249 9.93176 -2.5664 -7.3579 -5.40978 -2.12422 0.735622 4.56179 -8.3193 0.0359052 2.71403 0.870733 -0.683331 1.15721 1.28325 -1.0321 4.49168 -0.222455 -1.03044 -9.01284
internal_weight=2114 1110 1004 167 943 93 641 25 44 49 918 20 296 345 114 277 758 160 231 363 74 168 195 146 41 111 33 84 22 19
internal_count=2114 1110 1004 167 943 93 641 25 44 49 918 20 296 345 114 277 758 160 231 363 74 168 195 146 41 111 33 84 22 19
is_linear=0
shrinkage=0.05


Tree=9
num_leaves=31
num_cat=0
split_feature=1 1 8 3 7 1 3 4 4 8 2 4 0 3 1 1 3 4 2 4 3 1 2 2 0 7 0 2 1 1
split_gain=7.09475e+06 3.42429e+06 2.28518e+06 2.22134e+06 1.73428e+06 1.26106e+06 1.08488e+06 936774 2.5373e+06 507088 336109 283362 402182 248201 207383 145652 111015 72561.3 65239.3 58229.3 41319 11272.3 10893.2 8630.22 7470.36 4607.29 1606.88 1507.08 1056.01 182.996
threshold=26380.575000000004 37219.560000000005 2.5000000000000004 0.91503711201422244 2.5000000000000004 22256.180000000004 0.90921327054498835 44395.000000000007 44810.000000000007 3.5000000000000004 4463.7850000000008 42910.000000000007 34210.450000000004 0.94770931253282542 23354.775000000005 31499.369999999999 0.85283804799854168 36662.500000000007 8899.845000000003 39715.000000000007 0.56362589598024015 23931.965000000004 6934.4900000000007 3272.0000000000005 42492.400000000009 5.5000000000000009 30119.800000000007 4335.9800000000005 24921.325000000004 26124.340000000004
decision_type=2 2 2 2 2 2 2 2 2 2 2 2 2 2 2 2 2 2 2 2 2 2 2 2 2 2 2 2 2 2
left_child=2 3 5 9 6 11 24 19 -9 15 29 18 -13 -8 -12 -2 -11 20 -1 -5 26 25 -22 -6 -3 -19 -4 -25 -23 -7
right_child=1 4 17 7 23 10 13 8 -10 16 14 12 -14 -15 -16 -17 -18 21 -20 -21 22 28 -24 27 -26 -27 -28 -29 -30 -31
leaf_value=-5.9218636384233836 0.069950769635821627 37.114396362304667 -1.4864304976029825 4.3150364382513642 -2.3901704152425136 -8.495969480626723 12.990138276418046 20.373398306430914 4.4992512630744725 1.2828001745285527 -4.0646622313074321 -0.8354891119859158 -7.0033545096836436 25.445074717203777 -1.0462415907202669 1.4816946953535082 4.6738165199209787 -0.74854840550226043 -8.3585689792928015 1.3400335336986342 2.2523391675949096 -0.38513655946368264 0.99268797487020499 0.17978925108909605 40.013388061523429 -1.5653908616020566 -0.67887593997376305 1.6622940063476559 0.039970003316799806 -8.871846771240234
leaf_weight=32 447 5.0000000000000018 11.000000000000002 29 2.9999999999999982 17.000000000000004 12.000000000000002 39 71 31 83 39 82 5.9999999999999991 181 309 109 97 194 38 20 21 121 4 4 21 13.999999999999998 3 48 3.9999999999999991
leaf_count=32 447 5 11 29 3 17 12 39 71 31 83 39 82 6 181 309 109 97 194 38 20 21 121 4 4 21 14 3 48 4
internal_value=-0.0552826 2.68568 -3.14408 2.16998 17.6409 -4.94395 24.2288 7.28851 10.1274 1.15884 -2.47949 -6.96807 -5.01536 17.1418 -1.99521 0.646973 3.92295 0.0783437 -8.01355 2.62772 0.839199 -0.597068 1.17136 -0.146447 38.4028 -0.893919 -1.0342 0.815148 -0.0894103 -8.56757
internal_weight=2095 1110 985 1073 37 632 27 177 110 896 285 347 121 18 264 756 140 353 226 67 166 187 141 10 9 118 25 7 69 21
internal_count=2095 1110 985 1073 37 632 27 177 110 896 285 347 121 18 264 756 140 353 226 67 166 187 141 10 9 118 25 7 69 21
is_linear=0
shrinkage=0.05


Tree=10
num_leaves=30
num_cat=0
split_feature=1 1 8 2 1 7 3 7 1 6 8 3 2 3 7 5 1 1 8 3 2 1 0 3 2 3 0 1 6
split_gain=6.02376e+06 2.40854e+06 2.04485e+06 1.85602e+06 1.28454e+06 1.00546e+06 891862 775317 2.71091e+06 536304 531156 393476 339061 183181 170909 147495 127971 105975 66981.6 45352.3 18764.6 12544.6 5583.22 3993.24 3372.72 3272.9 2344.37 2033.1 1471.05
threshold=26690.860000000004 37219.560000000005 2.5000000000000004 2933.3350000000005 22685.120000000006 2.5000000000000004 0.90921327054498835 5.5000000000000009 33402.275000000001 9.5000000000000018 3.5000000000000004 0.94770931253282542 4463.7850000000008 0.51207515096002199 5.5000000000000009 1.5000000000000002 29791.335000000003 24231.715000000007 3.5000000000000004 0.56362589598024015 6266.3400000000011 22685.120000000006 39072.05000000001 0.61795496981949205 4131.0200000000013 0.88338880513267959 30023.200000000004 24691.820000000003 1.5000000000000002
decision_type=2 2 2 2 2 2 2 2 2 2 2 2 2 2 2 2 2 2 2 2 2 2 2 2 2 2 2 2 2
left_child=2 3 4 7 13 6 28 9 -9 -2 16 -8 25 22 -15 -12 -5 -14 21 26 -21 23 -1 -4 -7 -6 -20 -23 -3
right_child=1 5 18 10 12 24 11 8 -10 -11 15 -13 17 14 -16 -17 -18 -19 19 20 -22 27 -24 -25 -26 -27 -28 -29 -30
leaf_value=-7.8854234346201721 11.034360352877913 37.000728352864499 -1.8903776441301621 -0.18150104593925481 -9.8813479105631394 -1.6608159224192303 8.5937990808486902 26.769310880962173 0.3957993632555008 3.2157623876465693 6.408792463568755 24.050071280343193 -2.8513579354889096 -4.945176235697371 -8.6216834457297065 2.9507308222831936 1.1898512828337025 -0.69475904345512396 -1.4666544702317981 2.5196926116943361 0.91538053029689237 -0.51031624655360763 -5.705749766031901 -0.93903090816277734 0.55696512982249258 -8.0816799640655521 -0.54998929923580542 -0.06687212933044312 35.536051177978514
leaf_weight=142 29 3.0000000000000062 13.999999999999998 271 3.0000000000000027 2.9999999999999991 10.000000000000002 19 20 90 43 6.9999999999999991 87 188 38 109 457 165 8.9999999999999982 21 138 46 2.9999999999999991 52 4 15.999999999999998 31 59 4
leaf_count=142 29 3 14 271 3 3 10 19 20 90 43 7 87 188 38 109 457 165 9 21 138 46 3 52 4 16 31 59 4
internal_value=-0.0707044 2.54669 -2.83552 2.13654 -4.54177 16.28 21.1431 7.12625 13.2444 5.12114 1.24066 14.9581 -1.92492 -6.45327 -5.56335 3.929 0.679362 -1.4393 0.125058 0.748676 1.12727 -0.600672 -7.84033 -1.14083 -0.393512 -8.36584 -0.756239 -0.261143 36.1638
internal_weight=2081 1069 1012 1038 642 31 24 158 39 119 880 17 271 371 226 152 728 252 370 199 159 171 145 66 7 19 40 105 7
internal_count=2081 1069 1012 1038 642 31 24 158 39 119 880 17 271 371 226 152 728 252 370 199 159 171 145 66 7 19 40 105 7
is_linear=0
shrinkage=0.05


Tree=11
num_leaves=30
num_cat=0
split_feature=1 1 8 3 7 1 7 0 3 8 3 7 3 3 4 0 7 3 4 1 4 1 5 1 0 3 0 0 3
split_gain=5.45764e+06 2.5349e+06 1.80538e+06 1.60414e+06 1.43001e+06 1.36647e+06 984151 2.28909e+06 967227 451133 390363 381906 308289 246649 194280 530412 399799 107451 107434 61148.4 60729.8 31478.3 28736.1 13038.9 10110.7 7078.63 6803.12 3305.96 1524.19
threshold=27406.230000000007 37219.560000000005 2.5000000000000004 0.91503711201422244 2.5000000000000004 23034.955000000005 5.5000000000000009 35322.55000000001 0.90921327054498835 3.5000000000000004 0.87735548896602877 1.5000000000000002 0.94957769145519999 0.93530417662666243 41890.000000000007 34210.450000000004 1.0000000180025095e-35 0.84404581121266253 41890.000000000007 30938.575000000001 36662.500000000007 17734.115000000002 2.5000000000000004 24406.770000000004 29845.150000000005 0.92227015029590032 42492.400000000009 31730.750000000004 0.89834044372582655
decision_type=2 2 2 2 2 2 2 2 2 2 2 2 2 2 2 2 2 2 2 2 2 2 2 2 2 2 2 2 2
left_child=2 3 5 9 8 14 12 -8 26 19 18 -11 -5 -10 16 -16 -1 20 -7 -2 21 -4 -19 -22 -12 28 -3 -24 -6
right_child=1 4 17 6 25 10 7 -9 13 11 24 -13 -14 -15 15 -17 -18 22 -20 -21 23 -23 27 -25 -26 -27 -28 -29 -30
leaf_value=0.8775633096694947 0.22243003719888721 33.432800903320292 -0.78722263751206578 4.017228538935421 1.5513311068216966 1.1302586807924158 24.70708218529111 0.40810636911127302 9.9058244271711846 11.053761011362077 -7.7034617704503665 2.9100682020187381 16.66744827270508 21.444207382202151 -0.21782535538077355 -6.2976175813188018 -7.6014521438197082 8.6623589833577466 -1.4093427120851525 1.1705007371955745 -0.82921472869691293 1.0752642217236505 3.7650286568535698 -0.040857685810845833 -10.851873779296875 -2.1876210530598956 36.199299621582028 2.037444257736206 0.12575880169868467
leaf_weight=14.999999999999998 324 5.0000000000000018 27 131 2.9999999999999982 51 21 18 11.000000000000002 17 17.000000000000004 94 4.9999999999999991 7.9999999999999991 48 142 190 2.9999999999999991 227 358 122 142 8.9999999999999982 92 2.9999999999999991 3 4 3.9999999999999991 5
leaf_count=15 324 5 27 131 3 51 21 18 11 17 17 94 5 8 48 142 190 3 227 358 122 142 9 92 3 3 4 4 5
internal_value=0.0059382 2.66093 -2.44239 2.15739 15.1589 -3.98502 6.49022 13.4922 21.16 1.20122 -1.42883 4.1573 4.48231 14.7641 -5.91349 -4.76167 -6.98104 0.236921 -0.943445 0.720098 0.0692152 0.777707 4.25138 -0.490295 -8.17572 -0.116371 34.6624 3.23346 0.660348
internal_weight=2099 1007 1092 968 39 693 175 39 28 793 298 111 136 19 395 190 205 399 278 682 383 169 16 214 20 11 9 13 8
internal_count=2099 1007 1092 968 39 693 175 39 28 793 298 111 136 19 395 190 205 399 278 682 383 169 16 214 20 11 9 13 8
is_linear=0
shrinkage=0.05


end of trees

feature_importances:
net_load=88
thermal_space_load_ratio=55
thermal_on_capacity=49
renewable_power=42
total_load=37
weekday=37
month=24
period=13
hour=2

parameters:
[boosting: gbdt]
[objective: regression]
[metric: rmse]
[tree_learner: serial]
[device_type: cpu]
[data_sample_strategy: bagging]
[data: ]
[valid: ]
[num_iterations: 400]
[learning_rate: 0.05]
[num_leaves: 31]
[num_threads: 0]
[seed: 42]
[deterministic: 0]
[force_col_wise: 0]
[force_row_wise: 0]
[histogram_pool_size: -1]
[max_depth: 5]
[min_data_in_leaf: 3]
[min_sum_hessian_in_leaf: 0.001]
[bagging_fraction: 0.85]
[pos_bagging_fraction: 1]
[neg_bagging_fraction: 1]
[bagging_freq: 1]
[bagging_seed: 400]
[bagging_by_query: 0]
[feature_fraction: 0.85]
[feature_fraction_bynode: 1]
[feature_fraction_seed: 30056]
[extra_trees: 0]
[extra_seed: 12879]
[early_stopping_round: 0]
[early_stopping_min_delta: 0]
[first_metric_only: 0]
[max_delta_step: 0]
[lambda_l1: 0]
[lambda_l2: 0]
[linear_lambda: 0]
[min_gain_to_split: 0]
[drop_rate: 0.1]
[max_drop: 50]
[skip_drop: 0.5]
[xgboost_dart_mode: 0]
[uniform_drop: 0]
[drop_seed: 17869]
[top_rate: 0.2]
[other_rate: 0.1]
[min_data_per_group: 100]
[max_cat_threshold: 32]
[cat_l2: 10]
[cat_smooth: 10]
[max_cat_to_onehot: 4]
[top_k: 20]
[monotone_constraints: ]
[monotone_constraints_method: basic]
[monotone_penalty: 0]
[feature_contri: ]
[forcedsplits_filename: ]
[refit_decay_rate: 0.9]
[cegb_tradeoff: 1]
[cegb_penalty_split: 0]
[cegb_penalty_feature_lazy: ]
[cegb_penalty_feature_coupled: ]
[path_smooth: 0]
[interaction_constraints: ]
[verbosity: -1]
[saved_feature_importance_type: 0]
[use_quantized_grad: 0]
[num_grad_quant_bins: 4]
[quant_train_renew_leaf: 0]
[stochastic_rounding: 1]
[linear_tree: 0]
[max_bin: 255]
[max_bin_by_feature: ]
[min_data_in_bin: 3]
[bin_construct_sample_cnt: 200000]
[data_random_seed: 175]
[is_enable_sparse: 1]
[enable_bundle: 1]
[use_missing: 1]
[zero_as_missing: 0]
[feature_pre_filter: 1]
[pre_partition: 0]
[two_round: 0]
[header: 0]
[label_column: ]
[weight_column: ]
[group_column: ]
[ignore_column: ]
[categorical_feature: ]
[forcedbins_filename: ]
[precise_float_parser: 0]
[parser_config_file: ]
[objective_seed: 16083]
[num_class: 1]
[is_unbalance: 0]
[scale_pos_weight: 1]
[sigmoid: 1]
[boost_from_average: 1]
[reg_sqrt: 0]
[alpha: 0.9]
[fair_c: 1]
[poisson_max_delta_step: 0.7]
[tweedie_variance_power: 1.5]
[lambdarank_truncation_level: 30]
[lambdarank_norm: 1]
[label_gain: ]
[lambdarank_position_bias_regularization: 0]
[eval_at: ]
[multi_error_top_k: 1]
[auc_mu_weights: ]
[num_machines: 1]
[local_listen_port: 12400]
[time_out: 120]
[machine_list_filename: ]
[machines: ]
[gpu_platform_id: -1]
[gpu_device_id: -1]
[gpu_use_dp: 0]
[num_gpu: 1]

end of parameters

pandas_categorical:[]
