tree
version=v4
num_class=1
num_tree_per_iteration=1
label_index=0
max_feature_idx=10
objective=regression
feature_names=total_load net_load renewable_power thermal_space_load_ratio thermal_on_capacity hour period weekday month is_weekend is_holiday
feature_infos=[29193.099999999999:41329.300000000003] [11318.049999999999:40077.610000000001] [1223.46:18960.91] [0.37880501902718694:0.96996973557285182] [27170:45275] [20:23] [81:96] [0:6] [2:4] [0:1] none
tree_sizes=2040 2176 2297 2056 2186 2258 2138 2134 2371 2269 2235 2109 2187 2225 2219 2202 2248

Tree=0
num_leaves=22
num_cat=0
split_feature=2 2 1 4 4 4 2 0 6 7 6 2 2 4 4 0 0 7 0 6 0
split_gain=1.64718e+07 6.92738e+06 2.96471e+06 2.62332e+06 2.03308e+06 2.69795e+06 352224 170768 400267 97479.5 68169.1 48798.2 48460.3 70424.8 55839.7 44201 4368.46 1255.86 943.22 57.0338 0.988655
threshold=3829.4250000000006 1354.1600000000001 16896.300000000003 36662.500000000007 44735.000000000007 44810.000000000007 7112.9600000000009 36355.55000000001 90.500000000000014 4.5000000000000009 90.500000000000014 3403.2750000000005 11489.560000000001 43067.500000000007 39497.500000000007 38737.450000000004 36168.55000000001 3.5000000000000004 30498.650000000005 82.500000000000014 31762.450000000004
decision_type=2 2 2 2 2 2 2 2 2 2 2 2 2 2 2 2 2 2 2 2 2
left_child=1 15 17 7 11 -6 9 8 -3 10 -4 -5 14 -14 -8 -1 -11 18 -2 -19 -20
right_child=2 3 6 4 5 -7 12 -9 -10 16 -12 -13 13 -15 -16 -17 -18 19 20 -21 -22
leaf_value=387.74411682514915 319.86078349181582 381.94411682514919 338.34502977482987 340.693628048427 372.99292634895869 344.65635479887322 335.31345614473446 361.17328349181582 362.78918376037052 333.73933083329882 335.69808059921593 336.9024499478794 332.81917553969788 336.96987420150208 333.67650583060987 394.86078349181582 335.269116626467 320.06678324767523 320.76503306456971 319.86078349181582 320.79838328429628
leaf_weight=2.9999999999999991 3.9999999999999991 5.9999999999999982 71 29 13.999999999999998 21 81 3.9999999999999991 5 21.000000000000004 37 11.999999999999998 144 10.999999999999998 146 7.9999999999999991 5.9999999999999991 4.0000000000000027 3.9999999999999982 21 5
leaf_count=3 4 6 71 29 14 21 81 4 5 21 37 12 144 11 146 8 6 4 4 21 5
internal_value=336.974 355.442 333.58 350.911 347.14 355.991 334.571 370.02 373.237 336.766 337.438 339.584 333.795 333.114 334.261 392.92 334.079 320.101 320.5 319.894 320.784
internal_weight=657 102 555 91 76 35 517 15 11 135 108 41 382 155 227 11 27 38 13 25 9
internal_count=657 102 555 91 76 35 517 15 11 135 108 41 382 155 227 11 27 38 13 25 9
is_linear=0
shrinkage=1


Tree=1
num_leaves=23
num_cat=0
split_feature=3 3 1 3 1 6 7 3 2 0 0 1 8 6 0 7 8 7 0 6 0 2
split_gain=1.49811e+07 5.87372e+06 2.99617e+06 1.5015e+06 1.09404e+06 1.56057e+06 434415 426158 397828 153638 89622.7 81826.5 60912 43087.9 66621.4 27019.1 19286.4 1457.58 904.096 52.1995 11.255 0.649148
threshold=0.90304404330679866 0.96250598957035427 16896.300000000003 0.91132118305788612 32539.340000000007 90.500000000000014 5.5000000000000009 0.8300649029077789 1464.4850000000004 38272.000000000007 39719.700000000004 26641.459999999999 3.5000000000000004 82.500000000000014 39896.100000000006 5.5000000000000009 3.5000000000000004 3.5000000000000004 30498.650000000005 82.500000000000014 39496.100000000013 17086.255000000001
decision_type=2 2 2 2 2 2 2 2 2 2 2 2 2 2 2 2 2 2 2 2 2 2
left_child=2 3 17 6 5 -5 -2 11 -6 -3 -8 16 -13 14 -9 -15 -4 18 -1 -19 -11 -20
right_child=1 9 7 4 8 -7 10 13 -10 20 -12 12 -14 15 -16 -17 -18 19 21 -21 -22 -23
leaf_value=-15.993038940429688 12.888682937622065 42.230922444661459 -3.6304735298814443 49.027795410156251 24.050515492757164 11.493195131089953 34.005354003906255 8.1901661109924273 5.172276940345764 55.37556966145835 24.151861826578763 -2.1973561633938279 0.1423266930615201 0.94104523251593963 1.3988097264216497 -1.7220506711439656 -2.7335370544464359 -15.797338867187486 -15.099168777465824 -15.993038940429688 55.256958007812493 -15.124418640136717
leaf_weight=3.9999999999999991 4.0000000000000009 2.9999999999999991 116 3.9999999999999991 2.9999999999999991 8.9999999999999982 9.9999999999999982 5.0000000000000027 40 2.9999999999999982 3.0000000000000009 153 34 71 12.999999999999998 10.999999999999998 124 4.0000000000000027 3.9999999999999982 23 6 7
leaf_count=4 4 3 116 4 3 9 10 5 40 3 3 153 34 71 13 11 124 4 4 23 6 7
internal_value=0.0325776 19.612 -2.89229 14.283 10.332 23.0423 27.2979 -1.86801 6.48936 52.0301 31.7315 -2.55609 -1.77196 1.07007 3.2853 0.583801 -3.16706 -15.7445 -15.3493 -15.964 55.2965 -15.1152
internal_weight=654 85 569 73 56 13 17 527 43 12 13 427 187 100 18 82 240 42 15 27 9 11
internal_count=654 85 569 73 56 13 17 527 43 12 13 427 187 100 18 82 240 42 15 27 9 11
is_linear=0
shrinkage=0.05


Tree=2
num_leaves=25
num_cat=0
split_feature=3 2 1 3 4 2 3 3 6 2 1 4 6 4 1 0 2 0 7 0 6 0 0 0
split_gain=1.42642e+07 4.56547e+06 2.82188e+06 1.97189e+06 2.46767e+06 732878 465008 379744 276663 295050 64871.2 70192.9 50712.1 50035 47774.9 31851.8 31039.1 22490.4 994.001 890.536 47.9291 8.70716 0.454699 4.65661e-10
threshold=0.90304404330679866 1354.1600000000001 16896.300000000003 0.91654664299420185 36662.500000000007 1464.4850000000004 0.92816110161410581 0.8300649029077789 84.500000000000014 3687.8050000000003 26501.425000000007 30732.500000000004 81.500000000000014 43067.500000000007 34348.885000000002 38272.000000000007 6318.5800000000008 37800.150000000001 3.5000000000000004 30498.650000000005 82.500000000000014 39496.100000000013 31242.650000000005 32718.150000000005
decision_type=2 2 2 2 2 2 2 2 2 2 2 2 2 2 2 2 2 2 2 2 2 2 2 2
left_child=2 15 18 8 6 -6 -5 10 9 -3 13 -12 14 -4 -9 -2 -14 -10 19 -1 -20 -17 -21 -22
right_child=1 3 7 4 5 -7 -8 12 17 -11 11 -13 16 -15 -16 21 -18 -19 20 22 23 -23 -24 -25
leaf_value=-15.193386840820313 46.384579467773449 13.096664810180659 -3.2013850178829459 46.576403808593767 25.762401771545413 3.3870152908875499 23.704281921386716 8.8240289449691787 30.426969691685272 32.930977376302074 2.8330661773681642 -1.9495790731301286 0.58779934986432403 -0.4570993185043335 1.4928079605102538 52.606795247395816 5.774377632141114 34.598694356282543 -15.007472229003893 -14.377030944824222 -15.19338684082031 52.494110107421868 -14.353190358479816 -15.193386840820313
leaf_weight=4.9999999999999991 2.9999999999999982 5.0000000000000018 215 3.9999999999999982 3.9999999999999991 43 5 3.9999999999999982 6.9999999999999982 3 7.9999999999999991 187 75 18 5 3 2.9999999999999991 6 4.0000000000000027 2.9999999999999982 18.000000000000004 4 6 7.9999999999999991
leaf_count=5 3 5 215 4 4 43 5 4 7 3 8 187 75 18 5 3 3 6 4 3 18 4 6 8
internal_value=0.0786174 18.9118 -2.85249 14.7841 9.88426 5.2913 33.8697 -1.81411 27.8503 20.5345 -2.42624 -1.75337 1.19734 -2.98938 4.75113 50.6951 0.787283 32.3524 -15.0063 -14.6584 -15.1686 52.5424 -14.3611 -15.1934
internal_weight=646 87 559 77 56 47 9 515 21 8 428 195 87 233 9 10 78 13 44 14 30 7 9 26
internal_count=646 87 559 77 56 47 9 515 21 8 428 195 87 233 9 10 78 13 44 14 30 7 9 26
is_linear=0
shrinkage=0.05


Tree=3
num_leaves=22
num_cat=0
split_feature=3 2 1 4 3 4 2 3 0 0 1 4 3 4 0 2 7 0 6 0 2
split_gain=1.32693e+07 4.55649e+06 2.37448e+06 1.6558e+06 1.93211e+06 880598 773166 315444 150245 343332 61958.2 82971.5 57982.9 55355.1 29822.4 28478.6 849.252 800.137 64.176 9.22442 0.32184
threshold=0.90304404330679866 1354.1600000000001 16896.300000000003 36662.500000000007 0.91277888210118008 44735.000000000007 1464.4850000000004 0.83055968548002712 34126.450000000004 35673.950000000004 26822.110000000004 30732.500000000004 0.89900084757324283 43067.500000000007 38272.000000000007 6318.5800000000008 3.5000000000000004 30498.650000000005 82.500000000000014 39996.450000000004 17086.255000000001
decision_type=2 2 2 2 2 2 2 2 2 2 2 2 2 2 2 2 2 2 2 2 2
left_child=2 14 16 8 5 -5 -6 10 -3 -10 13 -12 15 -4 -2 -9 17 -1 -18 -16 -19
right_child=1 3 7 4 6 -7 -8 12 9 -11 11 -13 -14 -15 19 -17 18 20 -20 -21 -22
leaf_value=-14.433717346191408 44.065352376302087 22.519067687988283 -3.0085846690808316 -1.075674502054849 29.206862894694012 28.444243121147156 2.9114384060952725 0.52470200390175536 44.247583007812516 24.594374389648436 2.610789385708896 -1.8676218584438282 6.8634508609771734 -0.1320256657070584 49.980308024088529 5.4856588363647463 -14.188431803385399 -13.631467692057297 -14.433717346191408 49.869406127929679 -13.651525115966795
leaf_weight=4.9999999999999991 2.9999999999999991 4.9999999999999991 236 3.0000000000000027 2.9999999999999991 15.999999999999998 41 81 3.9999999999999982 5 10.999999999999998 173 3.9999999999999991 18 3 2.9999999999999991 3.0000000000000027 2.9999999999999982 24 5 6
leaf_count=5 3 5 236 3 3 16 41 81 4 5 11 173 4 18 3 3 3 3 24 5 6
internal_value=0.150526 18.2149 -2.65312 13.9146 10.4583 23.7832 4.70431 -1.74975 29.4684 33.3291 -2.29859 -1.59989 0.98195 -2.80473 48.3167 0.701879 -14.2426 -13.9266 -14.4065 49.911 -13.6448
internal_weight=655 88 567 77 63 19 44 526 14 9 438 184 88 254 11 84 41 14 27 8 9
internal_count=655 88 567 77 63 19 44 526 14 9 438 184 88 254 11 84 41 14 27 8 9
is_linear=0
shrinkage=0.05


Tree=4
num_leaves=24
num_cat=0
split_feature=3 3 1 3 1 7 2 3 7 6 1 3 0 8 7 8 7 7 0 6 6 0 0
split_gain=1.15276e+07 3.71711e+06 1.95514e+06 1.65155e+06 725170 1.20971e+06 767520 316751 172835 68884.1 68847.4 65528.5 64281.1 46902.1 29931.1 28111.8 23538.9 471.084 638.271 266.953 57.6403 0.0782036 0.0195196
threshold=0.90304404330679866 0.96532020591355583 16896.300000000003 0.91654664299420185 32582.990000000005 1.5000000000000002 1464.4850000000004 0.83262854749246695 5.5000000000000009 82.500000000000014 26501.425000000007 0.91132118305788612 39896.100000000006 3.5000000000000004 2.5000000000000004 3.5000000000000004 5.5000000000000009 3.5000000000000004 30839.350000000002 87.500000000000014 82.500000000000014 31414.100000000002 40708.850000000013
decision_type=2 2 2 2 2 2 2 2 2 2 2 2 2 2 2 2 2 2 2 2 2 2 2
left_child=2 3 17 8 5 -5 -6 10 11 14 15 -2 -10 -12 -9 -4 -11 18 -1 22 -19 -20 -3
right_child=1 19 7 4 6 -7 -8 9 12 16 13 -13 -14 -15 -16 -17 -18 20 21 -21 -22 -23 -24
leaf_value=-13.712031555175784 12.722526550292955 47.370233154296891 -3.3160972176528563 1.8290694872538253 23.976900177001955 31.528959274291989 3.0709270490540401 6.3113788306713117 29.421120746319112 0.85879373864995123 -1.9012263087314718 23.173082987467442 21.301432545979821 0.041813777622423678 1.379943447113037 -2.2596028202263887 -1.557407295703888 -13.479010518391911 -12.952833557128905 47.950745646158843 -13.712031555175782 -12.941416931152341 47.375936889648429
leaf_weight=4.9999999999999982 3.0000000000000027 2.9999999999999982 123 5.9999999999999973 4.9999999999999991 8 36 7.9999999999999982 12.999999999999998 63 170 3 2.9999999999999991 38 5 129 11.999999999999998 3.0000000000000027 3 3 23 3 3
leaf_count=5 3 3 123 6 5 8 36 8 13 63 170 3 3 38 5 129 12 3 3 3 23 3 3
internal_value=0.0679007 17.1605 -2.44485 13.6066 8.97534 18.8004 5.62044 -1.69376 25.1848 1.05461 -2.21954 17.9478 27.8987 -1.54625 4.41467 -2.77527 0.472202 -13.5691 -13.2948 47.5656 -13.6851 -12.9471 47.3731
internal_weight=671 86 585 77 55 14 41 548 22 88 460 6 16 208 13 252 75 37 11 9 26 6 6
internal_count=671 86 585 77 55 14 41 548 22 88 460 6 16 208 13 252 75 37 11 9 26 6 6
is_linear=0
shrinkage=0.05


Tree=5
num_leaves=25
num_cat=0
split_feature=3 2 2 4 3 4 2 3 3 0 2 4 4 6 0 2 0 7 0 0 6 0 2 0
split_gain=1.07617e+07 4.32722e+06 2.03933e+06 1.47354e+06 1.86695e+06 800110 498628 289865 186894 431313 55565.4 77971.5 52632.3 45728.4 39390.2 23801.9 20481.2 817.919 707.637 689.36 31.9791 5.5401 0.489529 0.00146866
threshold=0.90304404330679866 1354.1600000000001 16685.325000000001 36662.500000000007 0.91277888210118008 44735.000000000007 1464.4850000000004 0.83262854749246695 0.92816110161410581 35673.950000000004 11188.765000000001 43067.500000000007 30732.500000000004 81.500000000000014 40291.55000000001 6318.5800000000008 38272.000000000007 3.5000000000000004 32689.050000000003 30498.650000000005 82.500000000000014 39496.100000000013 17086.255000000001 40708.850000000013
decision_type=2 2 2 2 2 2 2 2 2 2 2 2 2 2 2 2 2 2 2 2 2 2 2 2
left_child=2 16 7 8 5 -5 -6 10 9 -3 12 -12 -1 14 -9 -15 -2 19 -10 -4 -19 -18 -21 -23
right_child=1 3 17 4 6 -7 -8 13 18 -11 11 -13 -14 15 -16 -17 21 20 -20 22 -22 23 -24 -25
leaf_value=1.2625121307373046 40.263675944010423 46.500425211588556 -13.026429748535158 -2.2146368622779824 23.214341990152995 25.79289312923656 2.175752515896507 8.1749644756317128 20.381598409016924 22.519518432617186 -3.0580018167254295 1.1226431166132291 -1.7807090505348264 0.54014365177931667 1.1580064773559569 5.0775597254435221 45.08957621256512 -12.87372703552245 19.295598856608066 -12.290490214029951 -13.026429748535158 45.005576578776029 -12.314630889892577 45.007141113281243
leaf_weight=14.999999999999998 2.9999999999999991 2.9999999999999982 4.9999999999999991 3.0000000000000027 2.9999999999999991 17 46 4 3 5 158 11.999999999999998 269 79 4 2.9999999999999991 2.9999999999999982 4.0000000000000027 3 2.9999999999999982 24 3 7 3
leaf_count=15 3 3 5 3 3 17 46 4 3 5 158 12 269 79 4 3 3 4 3 3 24 3 7 3
internal_value=0.164115 15.7768 -2.36263 11.7192 8.7183 21.5918 3.46383 -1.53406 26.5093 31.5124 -2.04794 -2.7629 -1.61998 1.05818 4.66649 0.706147 43.8415 -12.845 19.8386 -12.5471 -13.0046 45.0341 -12.3074 45.0064
internal_weight=682 95 587 83 69 20 49 544 14 8 454 170 284 90 8 82 12 43 6 15 28 9 10 6
internal_count=682 95 587 83 69 20 49 544 14 8 454 170 284 90 8 82 12 43 6 15 28 9 10 6
is_linear=0
shrinkage=0.05


Tree=6
num_leaves=23
num_cat=0
split_feature=3 2 1 4 3 4 3 3 0 3 2 4 6 4 4 7 6 7 0 6 0 2
split_gain=9.38576e+06 3.45473e+06 1.79321e+06 1.23493e+06 1.5685e+06 716148 238674 190682 158664 69700.7 50538.3 58977.8 39566.6 42392.8 30039.2 18843.2 17949.2 814.886 533.27 28.8616 4.71362 0.441799
threshold=0.90304404330679866 1354.1600000000001 16896.300000000003 36662.500000000007 0.91277888210118008 44735.000000000007 0.83262854749246695 0.92816110161410581 35673.950000000004 0.96176700032991147 8452.135000000002 32370.000000000004 82.500000000000014 37010.000000000007 43067.500000000007 5.5000000000000009 89.500000000000014 3.5000000000000004 30498.650000000005 82.500000000000014 39496.100000000013 17086.255000000001
decision_type=2 2 2 2 2 2 2 2 2 2 2 2 2 2 2 2 2 2 2 2 2 2
left_child=2 16 17 7 5 -5 10 8 -3 -6 11 -4 13 -8 -12 -14 20 18 -1 -19 -2 -20
right_child=1 3 6 4 9 -7 12 -9 -10 -11 14 -13 15 -15 -16 -17 -18 19 21 -21 -22 -23
leaf_value=-12.375109100341797 42.835097249348976 38.133736801147471 2.4275568008422854 -2.1039050539334592 2.9931567209522902 24.393368569542382 8.4765541712443042 18.830165710449219 22.922404988606765 10.88834031422933 -2.5185157580204698 -1.5217111874867038 0.70873160902410748 1.8826303060238179 -0.284055220335722 -1.5314922267740423 38.250491841634101 -12.23004035949706 -11.675965881347659 -12.375109100341797 42.755820312499992 -11.698899514334542
leaf_weight=3.9999999999999991 2.9999999999999982 3.9999999999999982 9.9999999999999982 3.0000000000000027 41 17 2.9999999999999991 5 3 2.9999999999999991 251 173 64 12.999999999999998 15.999999999999998 10.999999999999998 3 4.0000000000000027 2.9999999999999982 24 5 7
leaf_count=4 3 4 10 3 41 17 3 5 3 3 251 173 64 13 16 11 3 4 3 24 5 7
internal_value=0.0397745 15.3592 -2.24631 11.5686 8.80875 20.4188 -1.47367 26.2877 31.6146 3.53146 -1.94594 -1.3059 0.861717 3.11899 -2.38462 0.380165 41.5487 -12.1987 -11.8872 -12.3544 42.7855 -11.692
internal_weight=670 87 583 76 64 20 541 12 7 44 450 183 91 16 267 75 11 42 14 28 8 10
internal_count=670 87 583 76 64 20 541 12 7 44 450 183 91 16 267 75 11 42 14 28 8 10
is_linear=0
shrinkage=0.05


Tree=7
num_leaves=23
num_cat=0
split_feature=3 2 1 3 7 8 3 7 0 1 8 6 1 8 8 6 3 7 0 6 0 0
split_gain=7.60549e+06 3.3797e+06 1.58445e+06 1.13233e+06 443376 377369 222201 159333 88450.8 45989.6 40749.3 38767.7 59410.2 21859.7 19031 16199.4 7281.98 479.121 457.289 45.4772 15.2029 4.24615
threshold=0.90304404330679866 1354.1600000000001 16896.300000000003 0.91132118305788612 5.5000000000000009 2.5000000000000004 0.83262854749246695 5.5000000000000009 39253.150000000001 26822.110000000004 3.5000000000000004 81.500000000000014 34348.885000000002 2.5000000000000004 3.5000000000000004 89.500000000000014 0.95466028139310832 3.5000000000000004 30498.650000000005 82.500000000000014 31851.500000000004 39496.100000000013
decision_type=2 2 2 2 2 2 2 2 2 2 2 2 2 2 2 2 2 2 2 2 2 2
left_child=2 15 17 7 5 -5 9 -3 -9 14 -11 12 -8 -13 -4 21 -6 18 -1 -19 -20 -2
right_child=1 3 6 4 16 -7 11 8 -10 10 -12 13 -14 -15 -16 -17 -18 19 20 -21 -22 -23
leaf_value=-11.756353759765625 40.693343098958344 12.10876550674438 -2.741812525353124 2.6545830011367801 -0.95617277059290107 12.650536790387385 9.7629634857177745 25.499526006525215 15.813892237345369 -1.6120604297353163 0.33589362538222112 2.5392494519551594 0.45490564107894893 0.22952875801495143 -1.8823092282096399 36.337967427571606 1.0551813575956557 -11.549871571858711 -11.114022318522139 -11.756353759765625 -11.25187581380208 40.618099975585935
leaf_weight=4.9999999999999991 2.9999999999999982 4.0000000000000009 124 13.999999999999998 9.0000000000000018 29 2.9999999999999991 10.999999999999998 3.0000000000000009 144 33 11.999999999999998 4 70 134 3 8.9999999999999982 3.0000000000000027 5.9999999999999982 24 3 5
leaf_count=5 3 4 124 14 9 29 3 11 3 144 33 12 4 70 134 3 9 3 6 24 3 5
internal_value=0.00585228 13.5053 -2.1445 9.88978 6.63805 9.39604 -1.40385 20.9095 23.424 -1.86958 -1.24888 0.872433 4.44407 0.567537 -2.2954 39.4713 0.0495043 -11.6103 -11.373 -11.7334 -11.16 40.6463
internal_weight=655 90 565 79 61 43 524 18 14 435 177 89 7 82 258 11 18 41 14 27 9 8
internal_count=655 90 565 79 61 43 524 18 14 435 177 89 7 82 258 11 18 41 14 27 9 8
is_linear=0
shrinkage=0.05


Tree=8
num_leaves=26
num_cat=0
split_feature=3 2 1 4 3 4 2 3 0 3 4 7 4 7 8 0 2 0 7 0 0 0 2 0 0
split_gain=7.39807e+06 2.95006e+06 1.40983e+06 1.10634e+06 1.23486e+06 614390 398427 211736 294651 144380 34480.2 58270.1 36453.3 29728.6 20190.3 14620 1995.17 638.641 431.664 412.037 20.4138 49.2964 16.4671 3.83208 0.698544
threshold=0.90304404330679866 1354.1600000000001 16896.300000000003 36662.500000000007 0.91277888210118008 44735.000000000007 1464.4850000000004 0.92816110161410581 36015.150000000009 0.81430451464246245 39295.000000000007 1.0000000180025095e-35 42910.000000000007 4.5000000000000009 2.5000000000000004 38272.000000000007 4936.9600000000009 32689.050000000003 3.5000000000000004 30839.350000000002 32839.350000000013 32951.900000000009 17086.255000000001 39496.100000000013 32718.150000000005
decision_type=2 2 2 2 2 2 2 2 2 2 2 2 2 2 2 2 2 2 2 2 2 2 2 2 2
left_child=2 15 18 7 5 -5 -6 8 -3 10 11 -4 -12 14 -11 -2 -15 -9 19 -1 24 -22 -21 -17 -20
right_child=1 3 9 4 6 -7 -8 17 -10 13 12 -13 -14 16 -16 23 -18 -19 20 22 21 -23 -24 -25 -26
leaf_value=-11.168535614013672 34.521068827311204 41.636188761393242 1.1795187756419183 -2.4481512804826071 21.008266830444338 22.209313824772835 2.2142398649073662 17.788483174641922 19.475738016764318 2.3452861388524373 -2.8135350262312069 -1.689228470100985 -1.4520703410490965 -0.6467378151416775 0.16605006751193796 38.658675130208323 -1.7692831792329486 16.756785074869789 -11.168535614013669 -10.698079427083337 -10.920038604736328 -11.188162803649901 -10.554608408610026 38.587194824218749 -11.194705200195314
leaf_weight=4.9999999999999991 2.9999999999999991 2.9999999999999982 20 3.0000000000000027 2.9999999999999991 15.999999999999998 47 3 3 11.999999999999998 133 154 78 5.0000000000000027 93 3 19 3 17.000000000000007 2.9999999999999982 2.9999999999999991 4 6 5 2.9999999999999991
leaf_count=5 3 3 20 3 3 16 47 3 3 12 133 154 78 5 93 3 19 3 17 3 3 4 6 5 3
internal_value=0.0696174 13.2016 -2.10721 9.9021 7.4652 18.316 3.34188 23.9143 30.556 -1.39548 -1.88055 -1.35949 -2.31024 0.0522172 0.415106 37.4977 -1.53542 17.2726 -11.0299 -10.8046 -11.1467 -11.0733 -10.6024 38.614 -11.1725
internal_weight=647 92 555 81 69 19 50 12 6 514 385 174 211 129 105 11 24 6 41 14 27 7 9 8 20
internal_count=647 92 555 81 69 19 50 12 6 514 385 174 211 129 105 11 24 6 41 14 27 7 9 8 20
is_linear=0
shrinkage=0.05


Tree=9
num_leaves=25
num_cat=0
split_feature=3 3 1 4 3 4 3 2 3 0 0 4 1 1 6 1 2 0 7 0 6 3 0 0
split_gain=7.50854e+06 2.83981e+06 1.31579e+06 893919 1.29327e+06 575622 220942 208354 93610.1 202376 59414.9 37281.2 44935.4 36959.1 29558.2 49718.9 19867.9 584.662 493.658 452.486 21.559 0.71294 0.106225 0.00923756
threshold=0.90304404330679866 0.96250598957035427 16896.300000000003 36662.500000000007 0.91277888210118008 44735.000000000007 0.83262854749246695 1464.4850000000004 0.92816110161410581 36015.150000000009 37820.900000000009 39295.000000000007 25913.420000000002 28792.415000000005 81.500000000000014 34348.885000000002 6318.5800000000008 39041.200000000004 3.5000000000000004 30498.650000000005 82.500000000000014 0.46537295760688585 40327.850000000013 32867.100000000013
decision_type=2 2 2 2 2 2 2 2 2 2 2 2 2 2 2 2 2 2 2 2 2 2 2 2
left_child=2 3 18 8 5 -5 11 -6 9 -2 -3 12 -4 -13 15 -8 -16 -12 19 -1 -20 -21 -19 -22
right_child=1 10 6 4 7 -7 14 -9 -10 -11 17 13 -14 -15 16 -17 -18 22 20 21 23 -23 -24 -25
leaf_value=-10.610108947753908 33.512713241577153 28.880915323893234 -1.7340941426254088 -2.3257436116536434 15.775779342651369 21.330800819396973 9.0419355074564596 2.1571547876704824 16.192197036743163 17.60768890380859 37.487766520182305 -2.608603011003507 -0.076514239111518279 -1.3649218822012144 0.59826617571147711 0.8999507141113281 4.748901112874349 36.646372477213532 -10.484906196594229 -10.026819864908857 -10.609847259521484 -9.9969673156738263 36.658818817138666 -10.612479400634767
leaf_weight=4.9999999999999991 3.9999999999999982 2.9999999999999991 124 3.0000000000000027 2.9999999999999991 18 3 44 4 4 2.9999999999999982 153 61 98 74 5 2.9999999999999991 3 4.0000000000000027 5.9999999999999982 20.000000000000004 3 4 3.9999999999999991
leaf_count=5 4 3 124 3 3 18 3 44 4 4 3 153 61 98 74 5 3 3 4 6 20 3 4 4
internal_value=0.216359 13.378 -1.95776 9.85587 7.63558 17.9513 -1.27146 3.02643 22.4375 25.5602 35.0523 -1.72609 -1.18754 -2.12302 1.06052 3.9532 0.759979 36.9038 -10.4712 -10.2287 -10.5924 -10.0169 36.6535 -10.6103
internal_weight=656 93 563 80 68 21 521 47 12 8 13 436 185 251 85 8 77 10 42 14 28 9 7 24
internal_count=656 93 563 80 68 21 521 47 12 8 13 436 185 251 85 8 77 10 42 14 28 9 7 24
is_linear=0
shrinkage=0.05


Tree=10
num_leaves=24
num_cat=0
split_feature=3 2 1 3 1 7 2 7 3 8 0 7 2 3 2 7 0 7 0 6 0 0 0
split_gain=5.80251e+06 2.14965e+06 1.15755e+06 844713 435512 447876 350271 320906 172490 131746 42966.7 39342.3 31721.4 30041.5 18323.8 16374.8 11097.7 394.867 354.853 36.7674 14.1377 1.11875 0.00260056
threshold=0.90304404330679866 1354.1600000000001 16896.300000000003 0.91277888210118008 32582.990000000005 1.5000000000000002 1464.4850000000004 5.5000000000000009 0.83992183475699089 3.5000000000000004 39719.700000000004 2.5000000000000004 8055.8650000000007 0.89900084757324283 10620.255000000003 1.0000000180025095e-35 38272.000000000007 3.5000000000000004 30498.650000000005 82.500000000000014 31851.500000000004 39496.100000000013 32718.150000000005
decision_type=2 2 2 2 2 2 2 2 2 2 2 2 2 2 2 2 2 2 2 2 2 2 2
left_child=2 16 17 7 5 -5 -6 9 11 -3 -9 12 -4 15 -13 -10 -2 18 -1 -19 -20 -18 -21
right_child=1 3 8 4 6 -7 -8 10 13 -11 -12 14 -14 -15 -16 -17 21 19 20 22 -22 -23 -24
leaf_value=-10.079603576660157 31.207521565755219 0.15975977579752587 -0.37217215125345526 0.6497406363487247 17.671795463562013 21.140808486938472 2.1537037388421596 22.372719280536359 2.6982179509268871 14.977850850423174 15.734311739603678 -1.5966900200986152 -1.6053370216200429 4.7111992222070702 -2.4383180469512942 0.41822919618515741 34.865376790364579 -9.8931933085123589 -9.5247967311314188 -10.079616546630859 -9.6545293172200495 34.824984741210933 -10.07840576171875
leaf_weight=4.9999999999999991 2.9999999999999982 3.0000000000000027 90 3.9999999999999973 3.9999999999999991 8 40 12.999999999999998 8.9999999999999982 3 2.9999999999999991 134 124 4.9999999999999991 125 63 3 3.0000000000000027 6.9999999999999982 17.000000000000004 3 4 5.9999999999999991
leaf_count=5 3 3 90 4 4 8 40 13 9 3 3 134 124 5 125 63 3 3 7 17 3 4 6
internal_value=-0.0517132 11.9266 -1.83529 9.12849 5.86716 14.3105 3.56444 17.4301 -1.23112 7.56881 21.128 -1.58838 -1.08672 0.963486 -2.00288 0.703228 33.7519 -9.93997 -9.73568 -10.0578 -9.56372 34.8423 -10.0793
internal_weight=679 88 591 78 56 12 44 22 550 6 16 473 214 77 259 72 10 41 15 26 10 7 23
internal_count=679 88 591 78 56 12 44 22 550 6 16 473 214 77 259 72 10 41 15 26 10 7 23
is_linear=0
shrinkage=0.05


Tree=11
num_leaves=23
num_cat=0
split_feature=3 3 1 4 3 4 1 0 0 3 4 7 3 4 7 6 7 0 6 0 6 0
split_gain=5.34118e+06 1.90258e+06 1.07433e+06 759587 1.02148e+06 542380 145728 92952.7 182822 86844 59264.7 63580.9 33282.5 30278.9 17341.4 10102.7 284.214 284.537 16.7798 11.3832 3.42049 0.0332688
threshold=0.90304404330679866 0.96356198017692163 16896.300000000003 36662.500000000007 0.91277888210118008 44735.000000000007 31266.100000000006 34126.450000000004 35673.950000000004 0.96054347225663317 39295.000000000007 1.0000000180025095e-35 0.89900084757324283 42910.000000000007 1.0000000180025095e-35 89.500000000000014 3.5000000000000004 30498.650000000005 82.500000000000014 31851.500000000004 85.500000000000014 32867.100000000013
decision_type=2 2 2 2 2 2 2 2 2 2 2 2 2 2 2 2 2 2 2 2 2 2
left_child=2 3 16 7 5 -5 10 -2 -9 -6 11 -4 14 -12 -8 20 17 -1 -18 -19 -3 -20
right_child=1 15 6 4 9 -7 12 8 -10 -11 13 -13 -14 -15 -16 -17 18 19 21 -21 -22 -23
leaf_value=-9.5756233215332038 14.531007232666017 33.084873962402348 0.85298336831852795 -2.7365962187449124 1.8915895581245423 20.55244908650716 2.0156768913779941 30.780035781860349 15.662895584106444 9.609937858581544 -2.5660049812399226 -1.3553975611247802 4.5956390690803532 -1.4183963936202382 0.096684113628155488 29.647145589192704 -9.4660013198852457 -9.0486056518554676 -9.5753860473632795 -9.1718030293782515 33.15550130208333 -9.57994598388672
leaf_weight=4.9999999999999991 4.9999999999999991 3.9999999999999982 40 3.0000000000000009 41 15 13.999999999999998 4 4 3.9999999999999991 139 176 4.9999999999999991 98 74 3 4.0000000000000027 5 20.000000000000004 3 3 4.9999999999999991
leaf_count=5 5 4 40 3 41 15 14 4 4 4 139 176 5 98 74 3 4 5 20 3 3 5
internal_value=-0.0659018 11.5726 -1.76814 8.87498 6.60432 16.6709 -1.17538 19.879 23.2215 2.57766 -1.54549 -0.946438 0.627444 -2.09147 0.401978 32.0747 -9.474 -9.27973 -9.56108 -9.0948 33.1151 -9.5763
internal_weight=674 86 588 76 63 18 546 13 8 45 453 216 93 237 88 10 42 13 29 8 7 25
internal_count=674 86 588 76 63 18 546 13 8 45 453 216 93 237 88 10 42 13 29 8 7 25
is_linear=0
shrinkage=0.05


Tree=12
num_leaves=24
num_cat=0
split_feature=3 2 1 4 3 3 2 0 0 7 6 6 1 7 4 2 0 7 0 6 2 0 0
split_gain=4.59872e+06 2.01188e+06 988023 835243 735615 153144 97080.2 85348.8 153015 72399.2 39067.3 36819.6 34049.9 31875.3 13082.3 12425.9 4935.78 374.806 247.17 31.9298 11.3654 1.8199 0.02932
threshold=0.90304404330679866 1354.1600000000001 16896.300000000003 36662.500000000007 0.91277888210118008 0.83262854749246695 3493.9100000000003 34126.450000000004 35673.950000000004 5.5000000000000009 91.500000000000014 81.500000000000014 34348.885000000002 2.5000000000000004 42910.000000000007 12609.210000000001 38737.450000000004 3.5000000000000004 30498.650000000005 82.500000000000014 16882.245000000003 39996.450000000004 32867.100000000013
decision_type=2 2 2 2 2 2 2 2 2 2 2 2 2 2 2 2 2 2 2 2 2 2 2
left_child=2 16 17 7 6 10 -5 -3 -9 -6 13 12 -7 -4 -13 -12 -2 18 -1 -19 -20 -18 -21
right_child=1 3 5 4 9 11 -8 8 -10 -11 15 14 -14 -15 -16 -17 21 19 20 22 -22 -23 -24
leaf_value=-9.096842193603516 33.832584635416673 13.804456634521484 -0.56625450961571888 12.340853300690654 3.6933538489871554 8.3475777943929028 21.222161865234373 29.241034126281747 16.12076721191406 -0.63909973204135895 -1.8842311422582025 -0.019120601018269859 1.3008741736412046 -1.5944264166687359 1.2915565292040507 -2.9682998166765486 31.379114786783845 -8.925233459472647 -8.7132130940755239 -9.0966882978166836 -8.5968935285295753 31.430632019042964 -9.1009486389160159
leaf_weight=3.9999999999999991 2.9999999999999982 4.9999999999999991 133 7.9999999999999982 27 2.9999999999999991 5 3.9999999999999982 5 14.999999999999998 108 45 4 174 33 35 3 3.0000000000000027 2.9999999999999982 21.000000000000004 7 4 4.9999999999999991
leaf_count=4 3 5 133 8 27 3 5 4 5 15 108 45 4 174 33 35 3 3 3 21 7 4 5
internal_value=-0.138842 11.1762 -1.68536 8.13858 5.36312 -1.09929 15.7567 19.0422 21.952 2.14605 -1.46695 0.847143 4.32089 -1.149 0.535397 -2.14956 32.1358 -8.97712 -8.76466 -9.07969 -8.63179 31.4086 -9.09751
internal_weight=657 79 578 69 55 535 13 14 9 42 450 85 7 307 78 143 10 43 14 29 10 7 26
internal_count=657 79 578 69 55 535 13 14 9 42 450 85 7 307 78 143 10 43 14 29 10 7 26
is_linear=0
shrinkage=0.05


Tree=13
num_leaves=24
num_cat=0
split_feature=3 3 2 3 4 4 8 2 3 3 4 7 4 0 2 8 0 7 0 6 2 0 0
split_gain=4.55576e+06 1.76224e+06 909320 783818 725830 217192 326118 202811 112808 98125.1 32463.5 39927.7 27748.1 27744.2 18352 19515.9 575.624 391.769 317.153 12.8333 1.34306 0.118269 0.0400197
threshold=0.89900084757324283 0.96532020591355583 16685.325000000001 0.91654664299420185 36662.500000000007 44735.000000000007 3.5000000000000004 1464.4850000000004 0.83262854749246695 0.92816110161410581 39295.000000000007 1.0000000180025095e-35 43067.500000000007 39002.450000000004 6318.5800000000008 2.5000000000000004 39041.200000000004 3.5000000000000004 30498.650000000005 82.500000000000014 17086.255000000001 40327.850000000013 32867.100000000013
decision_type=2 2 2 2 2 2 2 2 2 2 2 2 2 2 2 2 2 2 2 2 2 2 2
left_child=2 3 8 5 9 6 -2 -6 10 -5 11 -1 -12 -7 15 -10 -3 18 -4 -19 -20 -18 -21
right_child=1 16 17 4 7 13 -8 -9 14 -11 12 -13 -14 -15 -16 -17 21 19 20 22 -22 -23 -24
leaf_value=0.72296231865882876 -2.1371434688568103 30.681032307942719 -8.6419998168945309 26.320649464925129 13.029797267913819 19.405100377400714 17.017048645019528 1.2705274655060335 2.0220447623729707 14.358245849609373 -2.1581196585112372 -1.2667812344677087 -1.0051425888731673 15.240954271952312 4.3673577626546232 0.032131582174612129 29.845719401041659 -8.5464395523071222 -8.1262959798177103 -8.6418050592595872 -8.166281999860491 29.858852386474606 -8.6472419738769535
leaf_weight=30 4.0000000000000018 2.9999999999999982 4.9999999999999991 2.9999999999999991 3.9999999999999991 12.000000000000002 5 44 14.999999999999998 4 177 158 74 5.9999999999999991 2.9999999999999991 69 3 4.0000000000000027 2.9999999999999982 22.000000000000004 7 4 3.9999999999999991
leaf_count=30 4 3 5 3 4 12 5 44 15 4 177 158 74 6 3 69 3 4 3 22 7 4 4
internal_value=-0.040047 10.2856 -1.70373 7.86904 4.44395 14.8461 8.50407 2.25047 -1.12011 19.485 -1.44608 -0.949269 -1.8182 18.0171 0.524711 0.387473 30.1016 -8.5255 -8.31686 -8.62981 -8.15429 29.8532 -8.64264
internal_weight=663 92 571 82 55 27 9 48 526 7 439 188 251 18 87 84 10 45 15 30 10 7 26
internal_count=663 92 571 82 55 27 9 48 526 7 439 188 251 18 87 84 10 45 15 30 10 7 26
is_linear=0
shrinkage=0.05


Tree=14
num_leaves=24
num_cat=0
split_feature=3 2 1 4 3 4 2 1 0 0 4 1 4 2 7 0 0 7 0 2 2 5 0
split_gain=3.66382e+06 1.48576e+06 709964 539741 477766 607405 309085 90555.4 40405.8 63228.4 38343.3 35423.4 28168.7 25848.1 36677.9 6699.98 2688.4 294.576 168.217 43.5116 4.8551 1.14181 0.631245
threshold=0.89900084757324283 1354.1600000000001 16896.300000000003 36662.500000000007 0.91277888210118008 44735.000000000007 1464.4850000000004 30580.595000000005 34126.450000000004 35673.950000000004 39295.000000000007 25620.525000000005 42910.000000000007 7112.9600000000009 1.0000000180025095e-35 38272.000000000007 38668.05000000001 3.5000000000000004 30498.650000000005 17086.255000000001 17086.255000000001 20.500000000000004 39496.100000000013
decision_type=2 2 2 2 2 2 2 2 2 2 2 2 2 2 2 2 2 2 2 2 2 2 2
left_child=2 15 17 8 5 -5 -6 10 -3 -10 11 -4 -12 14 -9 -2 -15 18 -1 -20 -19 -22 -17
right_child=1 3 7 4 6 -7 -8 13 9 -11 12 -13 -14 16 -16 22 -18 20 19 -21 21 -23 -24
leaf_value=-8.20989990234375 25.527482096354177 12.204833221435548 -1.4005851205911428 -2.2748884439468369 15.568030500411988 16.379673027992251 1.0069664983658075 3.5292496514320377 24.171284739176443 15.281094868977863 -2.293304542567995 -0.028132025639216109 -1.1355058365783026 -0.13278540174166362 0.28912952358739963 28.334355672200516 -1.1219961573337687 -8.2839571634928291 -7.9855628967285188 -7.7579679216657356 -8.2399932861328065 -8.2103025099810445 28.364696502685543
leaf_weight=3.9999999999999991 2.9999999999999982 3.9999999999999991 126 6.0000000000000027 3.9999999999999991 15.999999999999998 41 9.9999999999999982 2.9999999999999982 6 135 75 86 8.9999999999999982 69 3 29 3.0000000000000027 2.9999999999999982 7 4.0000000000000027 17 4
leaf_count=4 3 4 126 6 4 16 41 10 3 6 135 75 86 9 69 3 29 3 3 7 4 17 4
internal_value=-0.0491238 9.33386 -1.51267 7.06254 5.25348 11.2921 2.30128 -1.04698 16.3861 18.2445 -1.38823 -0.888476 -1.84276 0.183842 0.699271 27.5044 -0.887709 -8.11813 -7.93586 -7.82625 -8.22446 -8.21596 28.3517
internal_weight=667 90 577 80 67 22 45 539 13 9 422 201 221 117 79 10 38 38 14 10 24 21 7
internal_count=667 90 577 80 67 22 45 539 13 9 422 201 221 117 79 10 38 38 14 10 24 21 7
is_linear=0
shrinkage=0.05


Tree=15
num_leaves=24
num_cat=0
split_feature=3 2 1 4 3 7 2 3 0 1 4 7 7 3 4 6 2 7 0 6 2 0 0
split_gain=3.6953e+06 1.40898e+06 743725 570806 639228 355292 263264 162405 156636 96053.6 36053.3 44004.3 31309.8 47876.8 25251.3 6294.02 3980.38 317.618 263.02 12.0847 2.04712 0.690793 0.0184885
threshold=0.90304404330679866 1354.1600000000001 16896.300000000003 36662.500000000007 0.91654664299420185 5.5000000000000009 1464.4850000000004 0.92816110161410581 35673.950000000004 31537.015000000003 39295.000000000007 1.0000000180025095e-35 2.5000000000000004 0.8947695077692045 43067.500000000007 89.500000000000014 6968.2050000000008 3.5000000000000004 30498.650000000005 82.500000000000014 17086.255000000001 39996.450000000004 32951.900000000009
decision_type=2 2 2 2 2 2 2 2 2 2 2 2 2 2 2 2 2 2 2 2 2 2 2
left_child=2 15 17 7 5 -5 -6 8 -3 10 11 -4 13 -11 -12 21 -14 18 -1 -19 -20 -2 -21
right_child=1 3 9 4 6 -7 -8 -9 -10 12 14 -13 16 -15 -16 -17 -18 19 20 22 -22 -23 -24
leaf_value=-7.7994049072265632 26.917638142903655 31.29605204264324 0.81768900188239846 -2.2332511901855456 14.789628863334656 16.615934753417967 1.4162159922330275 11.016080322265623 15.138679504394526 1.0622362570064825 -1.9723347689090081 -1.0820912894313737 -0.047820271145213734 7.6056780020395927 -0.87290896654129035 24.251108551025382 -1.0539648839405604 -7.7060188293456964 -7.3207028706868513 -7.800123388117008 -7.3700693402971531 26.947987060546872 -7.7959391276041679
leaf_weight=4.9999999999999991 2.9999999999999982 2.9999999999999982 37 3.0000000000000009 3.9999999999999991 15 46 5 3 41 172 173 33 2.9999999999999991 75 3 13.999999999999998 4.0000000000000027 2.9999999999999982 22.000000000000004 7 5 2.9999999999999991
leaf_count=5 3 3 37 3 4 15 46 5 3 41 172 173 33 3 75 3 14 4 3 22 7 5 3
internal_value=-0.000750212 9.43861 -1.43579 7.10416 5.39476 13.4744 2.48609 17.6713 23.2174 -0.933617 -1.22901 -0.747368 0.549837 1.50838 -1.6385 26.2042 -0.347523 -7.6901 -7.50331 -7.78671 -7.35526 26.9366 -7.79962
internal_weight=682 90 592 79 68 18 50 11 6 548 457 210 91 44 247 11 47 44 15 29 10 8 25
internal_count=682 90 592 79 68 18 50 11 6 548 457 210 91 44 247 11 47 44 15 29 10 8 25
is_linear=0
shrinkage=0.05


Tree=16
num_leaves=25
num_cat=0
split_feature=3 3 3 4 4 4 2 6 7 0 0 3 7 2 5 0 0 0 7 0 2 2 0 2
split_gain=2.64805e+06 1.16961e+06 626369 495792 368327 626380 81365.3 45364 39183.9 37473.1 48205.9 31539 13865.9 8566.12 6033.35 1739.51 576.374 480.649 146.401 139.621 43.4136 12.6318 50.5252 5.35592
threshold=0.89900084757324283 0.96250598957035427 0.52280164337442458 36662.500000000007 44735.000000000007 44810.000000000007 5610.1850000000004 90.500000000000014 1.0000000180025095e-35 34126.450000000004 36355.55000000001 0.91654664299420185 5.5000000000000009 11489.560000000001 21.500000000000004 38737.450000000004 32689.050000000003 37344.100000000013 3.5000000000000004 30498.650000000005 17086.255000000001 18626.500000000004 32811.350000000006 17263.685000000001
decision_type=2 2 2 2 2 2 2 2 2 2 2 2 2 2 2 2 2 2 2 2 2 2 2 2
left_child=2 3 18 9 11 -6 12 8 -8 16 -11 -5 14 -9 -4 -3 -2 -14 19 -1 -21 23 -23 -20
right_child=1 15 6 4 5 -7 7 13 -10 10 -12 -13 17 -15 -16 -17 -18 -19 21 20 -22 22 -24 -25
leaf_value=-7.4094352722167969 11.736678059895834 27.093774414062494 1.7133815335035323 -2.3774568591799059 17.118247858683269 2.6685653114318848 0.40573050894979706 -1.517456086889162 -1.0386545289672264 19.620877914428718 12.256663131713864 1.3887380886960914 -1.6902803421020509 -2.2595579403227775 0.61489629745483398 25.570836486816404 10.756563822428383 -0.85305509865283957 -7.4836924235025863 -7.2352010091145864 -7.002248128255208 -7.4258207048688636 -7.1805676778157537 -7.4100739615304141
leaf_weight=4.9999999999999991 2.9999999999999991 3 25 6.9999999999999991 11.999999999999998 20 59 118 230 4.9999999999999982 4 27 2.9999999999999991 58 25 5 3 4 3.0000000000000062 2.9999999999999982 6 6.9999999999999982 3 13.999999999999998
leaf_count=5 3 3 25 7 12 20 59 118 230 5 4 27 3 58 25 5 3 4 3 3 6 7 3 14
internal_value=-0.111094 7.90326 -1.37802 6.10191 4.23703 8.0872 -0.910618 -1.12918 -0.74378 14.3074 16.3479 0.613345 0.872349 -1.76201 1.16414 26.1419 11.2466 -1.21187 -7.3288 -7.19759 -7.0799 -7.39684 -7.35224 -7.42307
internal_weight=652 89 563 81 66 32 522 465 289 15 9 34 57 176 50 8 6 7 41 14 9 27 10 17
internal_count=652 89 563 81 66 32 522 465 289 15 9 34 57 176 50 8 6 7 41 14 9 27 10 17
is_linear=0
shrinkage=0.05


end of trees

feature_importances:
total_load=92
thermal_space_load_ratio=67
renewable_power=58
thermal_on_capacity=48
weekday=44
period=34
net_load=32
month=12
hour=2

parameters:
[boosting: gbdt]
[objective: regression]
[metric: rmse]
[tree_learner: serial]
[device_type: cpu]
[data_sample_strategy: bagging]
[data: ]
[valid: ]
[num_iterations: 400]
[learning_rate: 0.05]
[num_leaves: 31]
[num_threads: 0]
[seed: 42]
[deterministic: 0]
[force_col_wise: 0]
[force_row_wise: 0]
[histogram_pool_size: -1]
[max_depth: 5]
[min_data_in_leaf: 3]
[min_sum_hessian_in_leaf: 0.001]
[bagging_fraction: 0.85]
[pos_bagging_fraction: 1]
[neg_bagging_fraction: 1]
[bagging_freq: 1]
[bagging_seed: 400]
[bagging_by_query: 0]
[feature_fraction: 0.85]
[feature_fraction_bynode: 1]
[feature_fraction_seed: 30056]
[extra_trees: 0]
[extra_seed: 12879]
[early_stopping_round: 0]
[early_stopping_min_delta: 0]
[first_metric_only: 0]
[max_delta_step: 0]
[lambda_l1: 0]
[lambda_l2: 0]
[linear_lambda: 0]
[min_gain_to_split: 0]
[drop_rate: 0.1]
[max_drop: 50]
[skip_drop: 0.5]
[xgboost_dart_mode: 0]
[uniform_drop: 0]
[drop_seed: 17869]
[top_rate: 0.2]
[other_rate: 0.1]
[min_data_per_group: 100]
[max_cat_threshold: 32]
[cat_l2: 10]
[cat_smooth: 10]
[max_cat_to_onehot: 4]
[top_k: 20]
[monotone_constraints: ]
[monotone_constraints_method: basic]
[monotone_penalty: 0]
[feature_contri: ]
[forcedsplits_filename: ]
[refit_decay_rate: 0.9]
[cegb_tradeoff: 1]
[cegb_penalty_split: 0]
[cegb_penalty_feature_lazy: ]
[cegb_penalty_feature_coupled: ]
[path_smooth: 0]
[interaction_constraints: ]
[verbosity: -1]
[saved_feature_importance_type: 0]
[use_quantized_grad: 0]
[num_grad_quant_bins: 4]
[quant_train_renew_leaf: 0]
[stochastic_rounding: 1]
[linear_tree: 0]
[max_bin: 255]
[max_bin_by_feature: ]
[min_data_in_bin: 3]
[bin_construct_sample_cnt: 200000]
[data_random_seed: 175]
[is_enable_sparse: 1]
[enable_bundle: 1]
[use_missing: 1]
[zero_as_missing: 0]
[feature_pre_filter: 1]
[pre_partition: 0]
[two_round: 0]
[header: 0]
[label_column: ]
[weight_column: ]
[group_column: ]
[ignore_column: ]
[categorical_feature: ]
[forcedbins_filename: ]
[precise_float_parser: 0]
[parser_config_file: ]
[objective_seed: 16083]
[num_class: 1]
[is_unbalance: 0]
[scale_pos_weight: 1]
[sigmoid: 1]
[boost_from_average: 1]
[reg_sqrt: 0]
[alpha: 0.9]
[fair_c: 1]
[poisson_max_delta_step: 0.7]
[tweedie_variance_power: 1.5]
[lambdarank_truncation_level: 30]
[lambdarank_norm: 1]
[label_gain: ]
[lambdarank_position_bias_regularization: 0]
[eval_at: ]
[multi_error_top_k: 1]
[auc_mu_weights: ]
[num_machines: 1]
[local_listen_port: 12400]
[time_out: 120]
[machine_list_filename: ]
[machines: ]
[gpu_platform_id: -1]
[gpu_device_id: -1]
[gpu_use_dp: 0]
[num_gpu: 1]

end of parameters

pandas_categorical:[]
