tree
version=v4
num_class=1
num_tree_per_iteration=1
label_index=0
max_feature_idx=10
objective=regression
feature_names=total_load net_load renewable_power thermal_space_load_ratio thermal_on_capacity hour period weekday month is_weekend is_holiday
feature_infos=[26780.099999999999:40742.400000000001] [9620.2999999999993:38683.110000000001] [1615.1700000000001:19128.880000000001] [0.33550603334030826:0.95508263646906033] [27170:48080] [0:5] [1:24] [0:6] [1:4] [0:1] none
tree_sizes=2744 2252 2452 2746 2349 2610 2536 2704 2546 2537 2492 2709 2728

Tree=0
num_leaves=31
num_cat=0
split_feature=1 2 8 4 4 0 0 4 4 7 6 1 7 7 2 1 2 4 4 4 2 0 2 1 1 0 7 2 1 1
split_gain=1.08174e+07 6.4599e+06 4.47654e+06 4.45593e+06 2.64985e+06 2.41828e+06 2.04558e+06 1.99407e+06 1.18496e+06 867482 852769 597021 430485 395527 364151 263869 243131 229760 157097 94443.9 79668.1 77718.6 29685 25028 22084.3 12661 11840.2 8334.88 3990.2 2881.56
threshold=26480.115000000002 2882.0000000000005 2.5000000000000004 44395.000000000007 44810.000000000007 39050.500000000007 31026.850000000002 44735.000000000007 36662.500000000007 1.5000000000000002 9.5000000000000018 23319.210000000003 5.5000000000000009 1.5000000000000002 7288.7150000000011 29594.830000000005 2957.8750000000005 37010.000000000007 41310.000000000007 39715.000000000007 14259.505000000003 32267.050000000003 6266.3400000000011 23417.120000000003 29594.830000000005 35399.600000000013 5.5000000000000009 7738.6500000000005 24871.720000000005 29103.300000000003
decision_type=2 2 2 2 2 2 2 2 2 2 2 2 2 2 2 2 2 2 2 2 2 2 2 2 2 2 2 2 2 2
left_child=2 3 6 19 7 -6 13 -5 9 10 -3 12 -8 14 -1 21 -17 20 -13 29 22 -10 -4 26 -11 -21 -19 -15 -25 -2
right_child=1 8 17 4 5 -7 11 -9 15 24 -12 18 -14 27 -16 16 -18 23 -20 25 -22 -23 -24 28 -26 -27 -28 -29 -30 -31
leaf_value=253.91564723792061 269.6295220760079 295.27237969116089 268.13215352779872 284.46202179626346 270.34695302384881 301.39827080444218 259.15780230344546 306.78952080444219 256.37952220316447 268.95710817547911 273.31285563186526 266.54179467959199 251.62993895884074 254.04618886983116 263.1881886371545 280.87952156738163 266.56356618628621 263.08717820915177 261.80128665943192 266.61452194885135 262.92654694274779 264.48343550286438 266.01935652529318 263.62145785661414 271.23721457932572 268.53618861551803 261.72702194885136 251.37952233032107 264.31607877941332 271.25014725402713
leaf_weight=36 2.9999999999999991 7.0000000000000027 19 20 29 7.9999999999999991 91 20 2.9999999999999991 58 11.999999999999998 22 24 2.9999999999999991 14.999999999999998 2.9999999999999991 260 80 85 20 20 214 133 39 12.999999999999998 14.999999999999998 20 126 44 32
leaf_count=36 3 7 19 20 29 8 91 20 3 58 12 22 24 3 15 3 260 80 85 20 20 214 133 39 13 15 20 126 44 32
internal_value=264.658 269.059 260.489 278.405 286.705 277.061 256.876 295.626 266.649 271.914 281.403 260.088 257.587 252.915 256.643 265.662 266.727 264.581 262.776 269.275 265.893 264.371 266.283 263.348 269.375 267.438 262.815 251.442 263.99 271.111
internal_weight=1474 717 757 147 77 37 402 40 570 90 19 222 115 180 51 480 263 355 107 70 172 217 152 183 71 35 100 129 83 35
internal_count=1474 717 757 147 77 37 402 40 570 90 19 222 115 180 51 480 263 355 107 70 172 217 152 183 71 35 100 129 83 35
is_linear=0
shrinkage=1


Tree=1
num_leaves=24
num_cat=0
split_feature=3 0 3 8 1 7 1 8 2 3 1 3 3 1 8 2 0 1 1 0 1 0 1
split_gain=1.01923e+07 5.70367e+06 2.55869e+06 1.52302e+06 1.46925e+06 1.66715e+06 5.79919e+06 793448 563098 769697 535021 376506 284710 208412 100503 64965.9 41876.2 30589.8 44929.4 59885.4 1465.18 581.177 2.2847
threshold=0.91777197600586891 29601.600000000002 0.75035012103688981 2.5000000000000004 36726.655000000006 5.5000000000000009 33374.995000000003 3.5000000000000004 2664.8250000000003 0.92450219179498949 23250.314999999999 0.85367514848331083 0.95075228228698749 29594.830000000005 3.5000000000000004 1999.3900000000001 34724.700000000004 21241.735000000004 25376.375000000004 28316.150000000005 33733.485000000008 39600.950000000004 18920.975000000002
decision_type=2 2 2 2 2 2 2 2 2 2 2 2 2 2 2 2 2 2 2 2 2 2 2
left_child=1 17 3 10 5 8 16 13 12 -10 -3 -9 -2 -4 -5 21 -7 22 19 -19 -8 -6 -1
right_child=4 2 7 14 15 6 20 11 9 -11 -12 -13 -14 -15 -16 -17 -18 18 -20 -21 -22 -23 -24
leaf_value=-12.568975830078125 5.2986357900831438 -7.4789755026131504 -0.30328062430756991 -1.3585202552270199 35.314276123046888 39.02718912760416 2.1249599750225356 2.3794608940184117 11.104859267340764 38.460231526692709 -2.6708390924665668 7.2457291325436364 20.984485880533853 1.7408878202999341 0.5395482589167061 25.810665384928377 44.143106079101564 -11.945719909667959 -12.695782470703126 -5.8278483390808109 2.9548745049370662 34.330087280273425 -12.61342035929362
leaf_weight=80 81 162 244 138 2.9999999999999982 12.000000000000002 13.000000000000002 80 18.000000000000004 2.9999999999999991 90 79 2.9999999999999991 255 141 3 5.9999999999999991 8.0000000000000053 14.999999999999998 7.9999999999999991 8.9999999999999982 3 2.9999999999999991
leaf_count=80 81 162 244 138 3 12 13 80 18 3 90 79 3 255 141 3 6 8 15 8 9 3 3
internal_value=0.0511477 -1.38654 -0.362215 -2.9442 12.2155 10.9987 19.6851 1.72142 7.68963 15.0128 -5.76178 4.79729 5.85884 0.741335 -0.399281 31.8183 40.7325 -12.07 -10.7298 -8.88678 2.46447 34.8222 -12.5706
internal_weight=1457 1303 1189 531 154 145 40 658 105 21 252 159 84 499 279 9 18 114 31 16 22 6 83
internal_count=1457 1303 1189 531 154 145 40 658 105 21 252 159 84 499 279 9 18 114 31 16 22 6 83
is_linear=0
shrinkage=0.05


Tree=2
num_leaves=26
num_cat=0
split_feature=3 0 4 4 4 3 1 8 4 0 4 7 7 0 1 4 4 2 0 1 1 0 0 0 1
split_gain=1.02923e+07 5.52868e+06 3.4291e+06 2.53102e+06 2.26572e+06 2.08848e+06 1.55347e+06 1.32012e+06 671792 665983 651195 538653 346503 181751 131335 124705 75672.1 53294 46305 11851.8 19300 20747 7795.23 657.179 2.06714
threshold=0.91777197600586891 29601.600000000002 44395.000000000007 44810.000000000007 44735.000000000007 0.75203333697763064 36726.655000000006 2.5000000000000004 42195.000000000007 35198.900000000009 35390.000000000007 1.5000000000000002 3.5000000000000004 30340.000000000004 29103.300000000003 37010.000000000007 39715.000000000007 2014.1600000000001 34724.700000000004 21241.735000000004 25376.375000000004 28316.150000000005 35399.600000000013 33461.350000000006 18920.975000000002
decision_type=2 2 2 2 2 2 2 2 2 2 2 2 2 2 2 2 2 2 2 2 2 2 2 2 2
left_child=1 19 14 4 9 7 12 8 -3 -4 11 -7 -5 -12 -2 -9 23 -8 -6 24 21 -21 -18 -16 -1
right_child=2 5 3 6 18 10 17 15 -10 -11 13 -13 -14 -15 16 -17 22 -19 -20 20 -22 -23 -24 -25 -26
leaf_value=-11.94052734375 -6.6392791748046882 -9.5915818994695492 11.12478031831629 13.582982864379884 36.826811487534457 14.387079456874304 33.299764404296873 0.85362469024128385 -3.7115934538452522 33.800271606445314 -7.7261505126953125 3.8442814858754475 2.5704498748779301 1.027366208604823 5.8660255929698106 -1.2118158734992317 1.6393226444721223 24.87013206481933 41.935952250162764 -11.042885165744353 -12.060993194580078 -7.2471444447835287 3.2000949382781982 6.498498611450195 -11.982749430338544
leaf_weight=86 2.9999999999999991 66 17.000000000000004 9.9999999999999982 17.000000000000004 13.999999999999998 5 126 184 3.9999999999999991 5.9999999999999991 90 25 508 23.000000000000004 174 15.999999999999998 3 5.9999999999999991 9.0000000000000018 14.999999999999998 5.9999999999999991 15.999999999999998 4.9999999999999991 2.9999999999999991
leaf_count=86 3 66 17 10 17 14 5 126 184 4 6 90 25 508 23 174 16 3 6 9 15 6 16 5 3
internal_value=0.0592717 -1.38535 12.4541 18.8873 27.318 -0.339321 10.2605 -2.5805 -5.26391 15.4439 1.65526 5.2635 5.71689 0.925185 3.57022 -0.344331 4.0807 30.1387 38.1596 -11.6522 -10.7928 -9.52459 2.41971 5.97897 -11.942
internal_weight=1437 1287 150 87 44 1168 43 550 250 21 618 104 35 514 63 300 60 8 23 119 30 15 32 28 89
internal_count=1437 1287 150 87 44 1168 43 550 250 21 618 104 35 514 63 300 60 8 23 119 30 15 32 28 89
is_linear=0
shrinkage=0.05


Tree=3
num_leaves=29
num_cat=0
split_feature=3 0 4 4 3 4 1 0 4 0 4 3 3 1 4 3 0 0 1 1 2 0 0 6 7 5 6 1
split_gain=8.79533e+06 4.80532e+06 2.83847e+06 2.33854e+06 2.02372e+06 1.79187e+06 1.26451e+06 780265 753847 707616 573700 485198 144973 134983 100191 78684 36202.9 34098.5 32595.1 61636.7 14058.1 6800.25 6464.09 4118.42 510.484 161.179 138.507 95.7457
threshold=0.91777197600586891 29601.600000000002 44395.000000000007 44810.000000000007 0.75203333697763064 44735.000000000007 36301.055000000008 35198.900000000009 37740.000000000007 32228.500000000004 36662.500000000007 0.94985063031711758 0.84430596207719999 29594.830000000005 39715.000000000007 0.57137568970002184 34080.900000000009 33569.450000000004 22193.015000000003 25376.375000000004 6138.6550000000016 35399.600000000013 37297.000000000007 23.500000000000004 4.5000000000000009 1.0000000180025095e-35 15.500000000000002 20672.785000000003
decision_type=2 2 2 2 2 2 2 2 2 2 2 2 2 2 2 2 2 2 2 2 2 2 2 2 2 2 2 2
left_child=1 18 14 5 8 7 22 -4 15 -10 12 -8 -6 -12 24 -3 -16 -7 23 20 -20 -18 -5 27 25 -2 -26 -1
right_child=2 4 3 6 10 17 11 -9 9 -11 13 -13 -14 -15 16 -17 21 -19 19 -21 -22 -23 -24 -25 26 -27 -28 -29
leaf_value=-11.343348334817327 6.173573684692383 -1.2066085124015808 10.062486410140989 2.1683583927154539 2.4100715760831481 33.778936428493914 9.7187258402506522 32.690981445312502 -8.1592277143452616 -2.7667738980390353 -0.123054923491174 28.074727715386288 5.7802756382868843 1.505574320453082 -3.3747696876525879 1.3314945991415728 1.5259473936898369 37.850260925292972 -5.3618625402450544 -11.457943725585938 -9.3753659566243481 2.9782212608738949 3.933752741132464 -9.8845130157470713 5.6929706096649149 5.825889053344727 5.4070372687445749 -11.535730634416852
leaf_weight=85 4.9999999999999991 45 16.000000000000004 20.000000000000004 54 9.0000000000000018 5.9999999999999991 4.9999999999999991 74 342 251 8.9999999999999982 78 258 2.9999999999999991 95 13.999999999999998 11.999999999999998 8.0000000000000018 13.999999999999998 2.9999999999999991 19 6.9999999999999991 4.9999999999999991 8.0000000000000018 9.9999999999999982 8.9999999999999982 6.9999999999999991
leaf_count=85 5 45 16 20 54 9 6 5 74 342 251 9 78 258 3 95 14 12 8 14 3 19 7 5 8 10 9 7
internal_value=-0.101524 -1.41399 11.2876 17.4352 -0.450516 25.7778 9.09258 15.4502 -2.65796 -3.72601 1.46421 20.7323 4.40156 0.702459 3.69351 0.515676 1.88403 36.1054 -10.8671 -9.25729 -6.45645 2.36211 2.62605 -11.282 5.72918 5.94178 5.54159 -11.358
internal_weight=1471 1319 152 84 1197 42 42 21 556 416 641 15 132 509 68 140 36 21 122 25 11 33 27 97 32 15 17 92
internal_count=1471 1319 152 84 1197 42 42 21 556 416 641 15 132 509 68 140 36 21 122 25 11 33 27 97 32 15 17 92
is_linear=0
shrinkage=0.05


Tree=4
num_leaves=25
num_cat=0
split_feature=3 0 3 8 1 7 1 2 7 1 8 3 3 1 8 2 0 1 1 2 1 0 6 1
split_gain=8.09992e+06 4.30715e+06 1.90386e+06 1.21766e+06 1.21192e+06 1.47393e+06 3.8343e+06 567933 582986 551144 522176 229216 217487 124998 63861.6 43375.8 31850.4 24614.4 35019.1 28834.9 1101.91 442.691 7.85707 1.57799
threshold=0.91777197600586891 29601.600000000002 0.75203333697763064 2.5000000000000004 36726.655000000006 5.5000000000000009 33374.995000000003 2664.8250000000003 1.5000000000000002 23067.700000000001 3.5000000000000004 0.85367514848331083 0.95075228228698749 29594.830000000005 3.5000000000000004 2014.1600000000001 34890.750000000007 21241.735000000004 25376.375000000004 5786.6200000000008 34007.265000000007 39600.950000000004 23.500000000000004 18920.975000000002
decision_type=2 2 2 2 2 2 2 2 2 2 2 2 2 2 2 2 2 2 2 2 2 2 2 2
left_child=1 17 3 9 5 7 16 12 -9 -3 13 -12 -2 -4 -5 21 -7 22 19 -19 -8 -6 23 -1
right_child=4 2 10 14 15 6 20 8 -10 -11 11 -13 -14 -15 -16 -17 -18 18 -20 -21 -22 -23 -24 -25
leaf_value=-10.776333618164063 4.119675997141246 -6.7186463857112928 -0.27298904423296982 -1.0070521741545433 30.479837036132825 33.666379220145082 1.8783813635508215 20.466311073303217 3.3112533092498779 -2.1350338897615111 2.0487596006769886 5.9717551740881518 17.852376079559328 1.3434958438117675 0.50869053206370995 22.834755198160803 38.725434112548832 -4.37393951416015 -10.88504638671875 -8.9533333865079019 2.7082566579182945 29.676350402832028 -10.849275207519533 -10.813238271077473
leaf_weight=84 74 172 226 148 2.9999999999999982 14.000000000000002 12.000000000000002 13.000000000000002 7.9999999999999991 106 76 73 2.9999999999999991 254 131 3 3.9999999999999991 5.0000000000000062 14.999999999999998 10.999999999999998 5.9999999999999991 4 3.9999999999999991 2.9999999999999991
leaf_count=84 74 172 226 148 3 14 12 13 8 106 76 73 3 254 131 3 4 5 15 11 6 4 4 3
internal_value=-0.18125 -1.42034 -0.500109 -2.62895 11.0739 9.82079 18.4728 6.6425 13.9311 -4.97094 1.38505 3.97076 4.65472 0.582401 -0.295359 27.8649 34.7906 -10.3662 -9.14942 -7.52227 2.15501 30.0207 -10.7808 -10.7776
internal_weight=1452 1308 1186 557 144 134 36 98 21 278 629 149 77 480 279 10 18 122 31 16 18 7 91 87
internal_count=1452 1308 1186 557 144 134 36 98 21 278 629 149 77 480 279 10 18 122 31 16 18 7 91 87
is_linear=0
shrinkage=0.05


Tree=5
num_leaves=28
num_cat=0
split_feature=3 0 4 4 3 4 0 8 4 7 0 4 3 0 2 4 0 0 2 2 2 0 6 7 6 6 2
split_gain=7.46402e+06 3.97964e+06 2.44348e+06 2.26079e+06 1.73566e+06 1.30195e+06 1.03743e+06 1.00489e+06 735180 700808 664937 553892 424885 166881 75875.5 73033.7 34971.3 32624.4 25234.6 36870.1 28386.6 6161.74 237.595 222.172 7.11857 1.2743 0.0195849
threshold=0.91777197600586891 29601.600000000002 44395.000000000007 44810.000000000007 0.75557410472512365 44735.000000000007 39600.950000000004 2.5000000000000004 35390.000000000007 1.5000000000000002 35198.900000000009 42195.000000000007 0.95075228228698749 30567.750000000004 12199.645000000002 39715.000000000007 33461.350000000006 34042.500000000007 7403.4850000000015 5196.3200000000006 5786.6200000000008 35523.450000000004 19.500000000000004 4.5000000000000009 22.500000000000004 23.500000000000004 9197.4850000000024
decision_type=2 2 2 2 2 2 2 2 2 2 2 2 2 2 2 2 2 2 2 2 2 2 2 2 2 2 2
left_child=1 18 15 5 7 10 12 11 9 -6 -4 -3 -5 -10 -9 22 -7 -17 19 -1 -21 -19 23 -2 26 -26 -20
right_child=2 4 3 6 8 16 -8 14 13 -11 -12 -13 -14 -15 -16 17 -18 21 24 20 -22 -23 -24 -25 25 -27 -28
leaf_value=-10.340794372558594 5.4669041156768765 -8.7183235178228298 9.7868962605794252 2.7757950352084251 13.493125406901042 30.423334418402767 29.515607910156252 0.3157083905954412 -8.3291473388671875 3.2930530548095707 29.481559244791669 -3.2818191776181211 16.414322417122978 0.84754507814890356 -1.3440036019054029 -3.3985414822896325 34.477898465670073 1.4609465046932824 -10.2333979288737 -4.2302425384521456 -8.5056665420532234 2.8433591161455429 4.7856286366780605 5.1267353057861325 -10.266900634765623 -10.306811523437498 -10.237516784667969
leaf_weight=15.999999999999998 8.0000000000000036 61 15.000000000000002 31 21 9.0000000000000018 4.9999999999999991 187 4.9999999999999991 85 5.9999999999999991 202 6.9999999999999991 541 109 2.9999999999999991 12.999999999999998 19 2.9999999999999991 6.0000000000000027 10.999999999999998 13.999999999999998 2.9999999999999991 12 4 4 76
leaf_count=16 8 61 15 31 21 9 5 187 5 85 6 202 7 541 109 3 13 19 3 6 11 14 3 12 4 4 76
internal_value=0.063496 -1.11007 10.836 16.2121 -0.249433 24.319 8.1053 -2.29375 1.50328 5.31382 15.4139 -4.54276 5.28816 0.763509 -0.295469 2.9997 32.8192 1.59359 -9.79536 -8.61808 -6.99669 2.04742 5.20056 5.2628 -10.2419 -10.2869 -10.2374
internal_weight=1476 1331 145 86 1211 43 43 559 652 106 21 263 38 546 296 59 22 36 120 33 17 33 23 20 87 8 79
internal_count=1476 1331 145 86 1211 43 43 559 652 106 21 263 38 546 296 59 22 36 120 33 17 33 23 20 87 8 79
is_linear=0
shrinkage=0.05


Tree=6
num_leaves=27
num_cat=0
split_feature=3 0 4 4 3 1 4 4 6 4 4 1 0 1 1 3 4 0 1 1 0 0 1 0 6 1
split_gain=5.53471e+06 3.47979e+06 1.79015e+06 1.58654e+06 1.50997e+06 1.38371e+06 1.09663e+06 663888 640980 586839 524548 379509 143047 135759 108780 69314.1 53683.5 24227.1 23159 31700 33512.5 6354.32 251.74 123.1 4.84219 1.40399
threshold=0.91777197600586891 29601.600000000002 44395.000000000007 44810.000000000007 0.75035012103688981 36726.655000000006 44735.000000000007 33577.500000000007 9.5000000000000018 33235.000000000007 37740.000000000007 23067.700000000001 30340.000000000004 36461.595000000008 29103.300000000003 0.55981093670574145 39715.000000000007 33326.350000000013 21241.735000000004 25376.375000000004 28316.150000000005 35523.450000000004 30112.345000000005 40030.200000000004 23.500000000000004 19516.660000000003
decision_type=2 2 2 2 2 2 2 2 2 2 2 2 2 2 2 2 2 2 2 2 2 2 2 2 2 2
left_child=1 18 14 6 10 13 8 9 -4 -6 15 -12 -9 -5 -2 -3 22 -8 24 20 -20 -18 -16 -7 25 -1
right_child=2 4 3 5 7 23 17 12 -10 -11 11 -13 -14 -15 16 -17 21 -19 19 -21 -22 -23 -24 -25 -26 -27
leaf_value=-9.7254915873209651 -6.4757348378499344 -1.2865073206878845 24.393753899468308 2.4315771430730821 3.0809690240713268 27.772661590576174 28.474392700195295 -6.9035835266113281 7.2908059256417417 12.528559476679021 -4.4207994551044605 -1.2554603077308277 0.85839161486785176 10.118681035723005 4.7546346028645825 1.1339670476764441 1.3658820390701294 32.309667053222654 -9.0248132228851272 -9.8237541198730476 -4.5771551132202148 2.7547625950404577 5.0552479083721451 28.19636128743489 -9.791471099853517 -9.7603482564290367
leaf_weight=78 2.9999999999999991 42 9.0000000000000018 32 65 3.9999999999999991 7.0000000000000027 5.9999999999999991 13.999999999999998 22 232 160 554 6.9999999999999991 15.000000000000002 100 20 9.9999999999999982 8.0000000000000018 14.999999999999998 8.9999999999999982 13.999999999999998 12.999999999999998 3 2.9999999999999991 2.9999999999999991
leaf_count=78 3 42 9 32 65 4 7 6 14 22 232 160 554 7 15 100 20 10 8 15 9 14 13 3 3 3
internal_value=0.0253718 -1.02938 9.08509 13.8181 -0.217711 7.48524 21.1008 1.40652 13.9833 5.47001 -2.18565 -3.12882 0.775228 3.81131 2.823 0.418052 3.27294 30.7304 -9.29304 -8.14841 -6.67017 1.93777 4.89421 27.9542 -9.72909 -9.72678
internal_weight=1448 1297 151 86 1181 46 40 647 23 87 534 392 560 39 65 142 62 17 116 32 17 34 28 7 84 81
internal_count=1448 1297 151 86 1181 46 40 647 23 87 534 392 560 39 65 142 62 17 116 32 17 34 28 7 84 81
is_linear=0
shrinkage=0.05


Tree=7
num_leaves=30
num_cat=0
split_feature=3 0 3 7 1 1 8 8 1 2 2 7 3 1 2 2 1 1 0 1 0 0 0 1 1 6 0 6 1
split_gain=6.17761e+06 3.16429e+06 1.36065e+06 1.12112e+06 3.02466e+06 1.22723e+06 912752 441952 401220 291986 229061 249438 162174 140098 57521.7 42529 26552.7 38583.9 25749.4 18737 8238.92 5239.89 1400.2 441.845 362.878 103.956 67.3247 5.95525 1.66993e-05
threshold=0.91777197600586891 29601.600000000002 0.74620822614599414 5.5000000000000009 33374.995000000003 36726.655000000006 2.5000000000000004 3.5000000000000004 23250.314999999999 4534.4800000000005 2664.8250000000003 1.5000000000000002 0.95075228228698749 29594.830000000005 12094.325000000003 2014.1600000000001 22193.015000000003 25376.375000000004 33461.350000000006 22436.52 35212.600000000013 33224.650000000009 39600.950000000004 33733.485000000008 21949.635000000002 5.5000000000000009 35899.500000000007 22.500000000000004 22086.915000000005
decision_type=2 2 2 2 2 2 2 2 2 2 2 2 2 2 2 2 2 2 2 2 2 2 2 2 2 2 2 2 2
left_child=1 16 6 5 18 10 8 13 -3 -9 12 -12 -2 -4 -8 22 24 19 21 -18 -20 -5 -7 26 27 -25 -6 -1 -26
right_child=3 2 7 4 23 15 14 9 -10 -11 11 -13 -14 -15 -16 -17 17 -19 20 -21 -22 -23 -24 25 28 -27 -28 -29 -30
leaf_value=-9.2391004538234274 3.7836180061488953 -5.9397148341908093 -0.32608502291379471 25.684004720052059 1.3780334200177871 26.746496582031256 0.33231769524051646 6.1021980696458087 -1.7521336098948677 1.7802972475484926 14.307958573561445 2.6009555544172014 15.633106708526611 1.3221088698528933 -1.1319137853880725 18.81448070208231 -7.9627625465393015 -9.3325668334960934 30.111291503906251 -3.6729561397007533 33.136908976236981 28.181596156529015 25.317526626586911 2.2021867752075197 -9.6452082316080734 1.8128255367279049 1.6351762771606442 -9.284371566772462 -9.6453750610351534
leaf_weight=79 77 154 252 3.0000000000000018 7.0000000000000018 2.9999999999999982 177 65 91 98 13.000000000000002 6.9999999999999991 2.9999999999999991 264 108 3 4.0000000000000018 11.999999999999998 8.9999999999999982 7 2.9999999999999991 7 4 2.9999999999999991 2.9999999999999991 4 4 7.9999999999999991 3
leaf_count=79 77 154 252 3 7 3 177 65 91 98 13 7 3 264 108 3 4 12 9 7 3 7 4 3 3 4 4 8 3
internal_value=0.0840555 -1.00468 -0.247818 9.70121 16.8695 7.09456 -2.14639 1.23413 -4.38433 3.50375 5.42448 10.2105 4.22797 0.517177 -0.222549 23.7953 -8.893 -7.37185 29.3062 -5.23289 30.8677 27.4323 25.9299 1.66916 -9.2692 1.97969 1.47154 -9.24326 -9.64529
internal_weight=1475 1325 1209 150 40 110 530 679 245 163 100 20 80 516 285 10 116 23 22 11 12 10 7 18 93 7 11 87 6
internal_count=1475 1325 1209 150 40 110 530 679 245 163 100 20 80 516 285 10 116 23 22 11 12 10 7 18 93 7 11 87 6
is_linear=0
shrinkage=0.05


Tree=8
num_leaves=28
num_cat=0
split_feature=3 0 4 4 3 4 8 1 4 4 4 0 2 7 1 4 0 2 0 1 1 2 0 1 1 0 5
split_gain=4.90694e+06 3.04912e+06 1.74925e+06 1.48318e+06 1.29296e+06 1.08001e+06 840826 721181 584321 536834 510077 439968 124521 99832.2 95205.4 60117.9 50919.6 48976.9 30453.9 22642.9 52046.3 9513.38 4293.76 809.537 273.685 113.192 2.01391
threshold=0.91777197600586891 29601.600000000002 44395.000000000007 44810.000000000007 0.75203333697763064 44735.000000000007 2.5000000000000004 36726.655000000006 33577.500000000007 33235.000000000007 42195.000000000007 35198.900000000009 3430.3200000000002 3.5000000000000004 29103.300000000003 37010.000000000007 33990.950000000004 1999.3900000000001 34724.700000000004 22402.765000000007 25376.375000000004 5589.9050000000007 35523.450000000004 22041.16 30803.845000000005 28159.650000000005 4.5000000000000009
decision_type=2 2 2 2 2 2 2 2 2 2 2 2 2 2 2 2 2 2 2 2 2 2 2 2 2 2 2
left_child=1 19 14 5 6 11 10 13 9 -6 -3 -4 -10 -5 -2 -8 24 -9 -7 23 21 -21 -18 26 -16 -25 -1
right_child=2 4 3 7 8 18 15 17 12 -11 -12 -13 -14 -15 16 -17 22 -19 -20 20 -22 -23 -24 25 -26 -27 -28
leaf_value=-8.7773375040690098 -6.3411287943522137 -7.8924113288292519 8.1784000635147081 7.412419207890828 2.8496669753392538 26.917117309570308 0.61711882317566691 24.989565277099612 2.6354090063539273 12.138204302106587 -2.7970599208305131 26.718229675292971 0.4191925533998781 1.7429432327097114 4.4415983720259229 -0.80453281259532405 1.1151584126732565 16.538251908620193 31.131944783528645 -2.4312250137329086 -8.8659385681152347 -5.5792037328084305 2.2909388224283855 -9.1631090799967456 4.9506875356038416 -9.5974517822265604 -8.7963977589326756
leaf_weight=75 2.9999999999999991 65 16.000000000000004 11.999999999999998 60 15.000000000000002 131 3.9999999999999991 73 21 201 3.9999999999999991 481 22 22.000000000000004 172 22 3 5.9999999999999991 4.0000000000000018 17 6 11.999999999999998 2.9999999999999991 2.9999999999999991 3 17
leaf_count=75 3 65 16 12 60 15 131 4 73 21 201 4 481 22 22 172 22 3 6 4 17 6 12 3 3 3 17
internal_value=-0.0815918 -1.03152 8.68549 13.4773 -0.259846 20.2018 -1.99078 6.75285 1.29118 5.25781 -4.04216 11.8864 0.711221 3.74393 2.34788 -0.189891 2.78969 21.3676 28.1214 -8.46433 -7.18226 -4.32001 1.53014 -8.81756 4.50269 -9.38028 -8.78086
internal_weight=1473 1329 144 82 1204 41 569 41 635 81 266 20 554 34 62 303 59 7 21 125 27 10 34 98 25 6 92
internal_count=1473 1329 144 82 1204 41 569 41 635 81 266 20 554 34 62 303 59 7 21 125 27 10 34 98 25 6 92
is_linear=0
shrinkage=0.05


Tree=9
num_leaves=27
num_cat=0
split_feature=3 0 4 4 4 2 1 8 1 4 7 0 0 7 1 4 4 1 0 1 1 2 0 5 6 1
split_gain=4.77887e+06 2.65156e+06 1.47379e+06 1.28985e+06 1.27264e+06 1.12883e+06 1.0593e+06 665316 588516 458358 433640 268685 164323 94023.1 89956.9 51282.8 47109.2 35459.8 25627.2 11657.7 17022.6 18959 3237.53 614.367 4.14728 0.065703
threshold=0.91777197600586891 29601.600000000002 44395.000000000007 44810.000000000007 44735.000000000007 6873.8300000000008 36726.655000000006 2.5000000000000004 23067.700000000001 35390.000000000007 1.5000000000000002 34739.650000000009 31315.800000000007 3.5000000000000004 29103.300000000003 37010.000000000007 39715.000000000007 37855.660000000011 34724.700000000004 21241.735000000004 25376.375000000004 5786.6200000000008 35198.900000000009 1.0000000180025095e-35 23.500000000000004 18920.975000000002
decision_type=2 2 2 2 2 2 2 2 2 2 2 2 2 2 2 2 2 2 2 2 2 2 2 2 2 2
left_child=1 19 14 4 11 9 13 8 -7 10 -3 -4 -11 -5 -2 -9 23 -8 -6 24 21 -21 -18 -16 25 -1
right_child=2 5 3 6 18 7 17 15 -10 12 -12 -13 -14 -15 16 -17 22 -19 -20 20 -22 -23 -24 -25 -26 -27
leaf_value=-8.3383083250464463 -6.0240723927815765 10.574487939088241 6.2089381408691402 6.8244083257821888 25.774461993049172 -5.5134858876864117 18.547681236267092 0.59549591866815654 -1.1735639008276302 -5.8850050396389442 2.784366617202759 20.793491744995119 0.9455966373088911 1.6487715703469736 4.7927095794677701 -0.60474235295440282 0.77974761616099952 24.502491760253903 29.575347900390625 -3.5252243804931589 -8.4226417541503906 -7.2384939974004574 1.8576133050416646 4.1834640979766844 -8.3978591918945309 -8.3307746887207035
leaf_weight=82 2.9999999999999991 23 15.000000000000002 12.999999999999998 17.000000000000004 150 4.9999999999999982 149 163 8.9999999999999982 80 3.9999999999999991 406 27 5.0000000000000027 221 11.000000000000002 5 5.9999999999999991 5.0000000000000062 14.999999999999998 10.999999999999998 19 24 2.9999999999999991 2.9999999999999991
leaf_count=82 3 23 15 13 17 150 5 149 163 9 80 4 406 27 5 221 11 5 6 5 15 11 19 24 3 3
internal_value=0.0452766 -0.927151 8.38037 12.3958 18.8554 -0.221751 6.9697 -1.55671 -3.2534 1.53844 4.52391 9.27937 0.797463 3.33085 2.42204 -0.121403 2.8515 21.5251 26.766 -8.04636 -7.21255 -6.0781 1.4624 4.28851 -8.34008 -8.33804
internal_weight=1474 1320 154 92 42 1201 50 683 313 518 103 19 415 40 62 370 59 10 23 119 31 16 30 29 88 85
internal_count=1474 1320 154 92 42 1201 50 683 313 518 103 19 415 40 62 370 59 10 23 119 31 16 30 29 88 85
is_linear=0
shrinkage=0.05


Tree=10
num_leaves=27
num_cat=0
split_feature=3 0 2 7 1 1 8 1 8 2 7 7 0 0 8 2 0 1 1 2 1 6 1 0 0 0
split_gain=4.13442e+06 2.44016e+06 1.0312e+06 649000 2.264e+06 550950 506735 518785 301135 192408 256273 167711 146723 84648.2 53579.6 39661.1 19297.9 19211.6 40925.8 8061.07 4940.19 4390.87 977.045 837.308 290.846 63.1468
threshold=0.91777197600586891 29601.600000000002 6090.5100000000011 5.5000000000000009 33374.995000000003 36726.655000000006 2.5000000000000004 23067.700000000001 3.5000000000000004 2664.8250000000003 1.5000000000000002 1.5000000000000002 38304.05000000001 30052.800000000007 3.5000000000000004 1999.3900000000001 34724.700000000004 22402.765000000007 25376.375000000004 5589.9050000000007 31580.405000000002 23.500000000000004 21949.635000000002 36720.500000000007 35212.600000000013 35899.500000000007
decision_type=2 2 2 2 2 2 2 2 2 2 2 2 2 2 2 2 2 2 2 2 2 2 2 2 2 2
left_child=1 17 8 5 16 9 7 -4 13 12 -11 -10 -2 -3 -8 -7 20 21 19 -19 -5 22 -1 25 -18 -6
right_child=3 2 6 4 23 15 14 -9 11 10 -12 -13 -14 -15 -16 -17 24 18 -20 -21 -22 -23 -24 -25 -26 -27
leaf_value=-7.9224204396092617 3.1586366461382975 -6.2607772350311279 -4.8586382580109131 23.766077532087046 1.0870604621039492 22.813268280029298 -0.62228151330990455 -0.96298683055494205 7.0997313130286432 13.670640666668229 2.2966125726699831 2.7752308115547089 9.3586992610584598 1.0577139921463312 0.543505824323405 15.208061472574867 27.748462931315107 -2.1334024429321277 -8.0015090942382816 -5.0311506271362303 25.721266174316401 -6.2801155328750617 -8.5001133918762211 1.9849916458129884 28.444698079427077 1.2964689572652182
leaf_weight=86 72 3.9999999999999991 156 7.0000000000000018 9.0000000000000018 3.9999999999999991 224 189 31 13.000000000000002 7.9999999999999991 81 10.999999999999998 323 176 3 2.9999999999999991 4.0000000000000018 14.999999999999998 6 6 3.9999999999999991 7.9999999999999991 3.9999999999999991 3 5.9999999999999991
leaf_count=86 72 4 156 7 9 4 224 189 31 13 8 81 11 323 176 3 3 4 15 6 6 4 8 4 3 6
internal_value=0.0155996 -0.884005 -0.187671 7.90676 13.5466 5.976 -1.32038 -2.7245 1.73459 5.0621 9.33768 3.97219 3.98033 0.968191 -0.109335 19.5539 25.751 -7.58693 -6.34973 -3.87205 24.6685 -7.90255 -7.97159 1.34223 28.0966 1.17082
internal_weight=1456 1307 1184 149 38 111 745 345 439 104 21 112 83 327 400 7 19 123 25 10 13 98 94 19 6 15
internal_count=1456 1307 1184 149 38 111 745 345 439 104 21 112 83 327 400 7 19 123 25 10 13 98 94 19 6 15
is_linear=0
shrinkage=0.05


Tree=11
num_leaves=29
num_cat=0
split_feature=3 0 4 4 3 1 4 8 0 7 4 7 1 3 4 1 4 1 0 1 1 5 0 7 6 6 6 6
split_gain=4.3327e+06 1.99694e+06 1.59683e+06 1.00528e+06 976923 785072 739747 641330 458706 423350 354472 344050 140119 102679 78918.3 90087.5 50661.5 33746.5 18323.1 16487 21947.9 19780.2 5402.84 831.156 239.078 124.701 28.728 1.35695
threshold=0.91777197600586891 29601.600000000002 44395.000000000007 44810.000000000007 0.73669778558357157 36726.655000000006 44735.000000000007 2.5000000000000004 35198.900000000009 3.5000000000000004 35390.000000000007 1.5000000000000002 36301.055000000008 0.88400441227726156 39715.000000000007 31317.235000000004 37010.000000000007 37855.660000000011 33461.350000000006 21241.735000000004 25376.375000000004 2.5000000000000004 35523.450000000004 4.5000000000000009 18.500000000000004 15.500000000000002 23.500000000000004 22.500000000000004
decision_type=2 2 2 2 2 2 2 2 2 2 2 2 2 2 2 2 2 2 2 2 2 2 2 2 2 2 2 2
left_child=1 19 14 6 7 12 8 9 -4 -3 11 -6 -5 -12 23 -16 -9 -7 -8 26 21 -21 -17 24 -2 -25 27 -1
right_child=2 4 3 5 10 17 18 16 -10 -11 13 -13 -14 -15 15 22 -18 -19 -20 20 -22 -23 -24 25 -26 -27 -28 -29
leaf_value=-7.525252207438152 4.4712871127658422 -1.742949809622951 6.9327189052806162 1.6522056011053232 9.9366893067079438 16.555686264038091 22.217970106336796 0.56691977734943588 23.013278961181641 -5.8421958018214477 0.044062240556046205 2.2842538467159978 8.1840007861455284 1.6882389239470166 -7.7493311564127616 0.76918360979660694 -0.82877323042000506 22.364860229492184 25.152837430513824 -2.9757525035313184 -7.6014335632324226 -6.3201818148295086 1.9889127031962077 3.9586776733398423 4.0067070960998512 3.6644024107191302 -7.663960266113282 -7.5595453898111984
leaf_weight=75 8.9999999999999982 128 17.000000000000004 26 17 4.9999999999999982 9.0000000000000018 112 5.9999999999999991 124 455 108 11.999999999999998 120 2.9999999999999991 23 155 5 12.999999999999998 7.0000000000000027 15.999999999999998 11.999999999999998 14.999999999999998 6.0000000000000009 4.0000000000000009 8.9999999999999982 3.9999999999999991 2.9999999999999991
leaf_count=75 9 128 17 26 17 5 9 112 6 124 455 108 12 120 3 23 155 5 13 7 16 12 15 6 4 9 4 3
internal_value=0.0304882 -0.905882 7.75265 12.0285 -0.307001 6.99517 17.3974 -1.95086 11.1276 -3.76004 0.9118 3.32499 3.71488 0.387195 1.98952 0.59212 -0.243314 19.4603 23.9522 -7.1455 -6.23701 -5.08802 1.25066 4.03572 4.32834 3.78211 -7.53327 -7.52657
internal_weight=1498 1336 162 93 1219 48 45 519 23 252 700 125 38 575 69 41 267 10 22 117 35 19 38 28 13 15 82 78
internal_count=1498 1336 162 93 1219 48 45 519 23 252 700 125 38 575 69 41 267 10 22 117 35 19 38 28 13 15 82 78
is_linear=0
shrinkage=0.05


Tree=12
num_leaves=29
num_cat=0
split_feature=3 0 4 4 3 4 4 4 4 0 5 4 3 4 2 4 1 0 1 1 2 0 0 6 0 1 0 1
split_gain=3.50322e+06 1.90055e+06 1.09603e+06 1.20837e+06 843316 494171 478839 390763 365354 355400 340881 334202 368055 190441 108278 47517.8 24780.4 22179.1 10755 19094.2 9083.3 4701.81 4306.98 2298.88 3292.32 457.822 363.773 86.1061
threshold=0.91777197600586891 29601.600000000002 44395.000000000007 44810.000000000007 0.74620822614599414 47530.000000000007 44735.000000000007 33577.500000000007 33235.000000000007 35198.900000000009 2.5000000000000004 46105.000000000007 0.63635846105353644 37740.000000000007 3430.3200000000002 39715.000000000007 31580.405000000002 34042.500000000007 22193.015000000003 25445.200000000001 5589.9050000000007 35523.450000000004 39050.500000000007 22.500000000000004 28159.650000000005 21949.635000000002 33461.350000000006 30112.345000000005
decision_type=2 2 2 2 2 2 2 2 2 2 2 2 2 2 2 2 2 2 2 2 2 2 2 2 2 2 2 2
left_child=1 18 15 6 11 22 9 8 -6 -4 -7 13 -13 -3 -9 26 -8 -17 23 20 -20 -19 -5 25 -25 -1 27 -2
right_child=2 4 3 5 7 10 16 14 -10 -11 -12 12 -14 -15 -16 17 -18 21 19 -21 -22 -23 -24 24 -26 -27 -28 -29
leaf_value=-7.1488800613968468 3.5543350378672258 0.39703151401789749 7.1510655183058507 1.3865101754665374 2.2728833905581771 18.74939545525444 20.725509452819818 2.2811475835348434 10.109798411726953 21.86261469523112 5.6283349817449402 -9.5354087206033551 -2.4132212525854513 -1.851667904298071 0.26042247350562747 -3.2328103065490725 24.318064371744793 0.76507844660017221 -2.0446114222208638 -7.2213623046875002 -5.2707462787628181 2.0428004264831543 -0.62291675029943394 -7.1773244857788088 -4.9861361344655348 -7.6015272776285814 4.1629931449890138 3.7529937744140627
leaf_weight=81 12.000000000000005 136 13.000000000000002 24.000000000000004 58 9.0000000000000018 8.0000000000000018 76 20 5.9999999999999991 10.999999999999998 26 60 306 519 2.9999999999999991 11.999999999999998 18.000000000000004 3.0000000000000027 12.999999999999998 7.9999999999999991 11.999999999999998 2.9999999999999991 3.9999999999999991 3 5.9999999999999991 3.9999999999999991 9.9999999999999982
leaf_count=81 12 136 13 24 58 9 8 76 20 6 11 26 60 306 519 3 12 18 3 13 8 12 3 4 3 6 4 10
internal_value=-0.00276457 -0.813716 7.3741 10.9747 -0.2188 5.57582 17.481 0.954754 4.28235 11.7968 11.5328 -1.71464 -4.56644 -1.15976 0.518532 2.12577 22.881 0.86626 -6.86876 -5.92406 -4.39089 1.27617 1.16324 -7.10996 -6.23824 -7.1801 3.72438 3.64463
internal_weight=1464 1319 145 86 1201 47 39 673 78 19 20 528 86 442 595 59 20 33 118 24 11 30 27 94 7 87 26 22
internal_count=1464 1319 145 86 1201 47 39 673 78 19 20 528 86 442 595 59 20 33 118 24 11 30 27 94 7 87 26 22
is_linear=0
shrinkage=0.05


end of trees

feature_importances:
net_load=82
total_load=73
thermal_on_capacity=61
thermal_space_load_ratio=35
renewable_power=33
weekday=23
period=18
month=17
hour=5

parameters:
[boosting: gbdt]
[objective: regression]
[metric: rmse]
[tree_learner: serial]
[device_type: cpu]
[data_sample_strategy: bagging]
[data: ]
[valid: ]
[num_iterations: 400]
[learning_rate: 0.05]
[num_leaves: 31]
[num_threads: 0]
[seed: 42]
[deterministic: 0]
[force_col_wise: 0]
[force_row_wise: 0]
[histogram_pool_size: -1]
[max_depth: 5]
[min_data_in_leaf: 3]
[min_sum_hessian_in_leaf: 0.001]
[bagging_fraction: 0.85]
[pos_bagging_fraction: 1]
[neg_bagging_fraction: 1]
[bagging_freq: 1]
[bagging_seed: 400]
[bagging_by_query: 0]
[feature_fraction: 0.85]
[feature_fraction_bynode: 1]
[feature_fraction_seed: 30056]
[extra_trees: 0]
[extra_seed: 12879]
[early_stopping_round: 0]
[early_stopping_min_delta: 0]
[first_metric_only: 0]
[max_delta_step: 0]
[lambda_l1: 0]
[lambda_l2: 0]
[linear_lambda: 0]
[min_gain_to_split: 0]
[drop_rate: 0.1]
[max_drop: 50]
[skip_drop: 0.5]
[xgboost_dart_mode: 0]
[uniform_drop: 0]
[drop_seed: 17869]
[top_rate: 0.2]
[other_rate: 0.1]
[min_data_per_group: 100]
[max_cat_threshold: 32]
[cat_l2: 10]
[cat_smooth: 10]
[max_cat_to_onehot: 4]
[top_k: 20]
[monotone_constraints: ]
[monotone_constraints_method: basic]
[monotone_penalty: 0]
[feature_contri: ]
[forcedsplits_filename: ]
[refit_decay_rate: 0.9]
[cegb_tradeoff: 1]
[cegb_penalty_split: 0]
[cegb_penalty_feature_lazy: ]
[cegb_penalty_feature_coupled: ]
[path_smooth: 0]
[interaction_constraints: ]
[verbosity: -1]
[saved_feature_importance_type: 0]
[use_quantized_grad: 0]
[num_grad_quant_bins: 4]
[quant_train_renew_leaf: 0]
[stochastic_rounding: 1]
[linear_tree: 0]
[max_bin: 255]
[max_bin_by_feature: ]
[min_data_in_bin: 3]
[bin_construct_sample_cnt: 200000]
[data_random_seed: 175]
[is_enable_sparse: 1]
[enable_bundle: 1]
[use_missing: 1]
[zero_as_missing: 0]
[feature_pre_filter: 1]
[pre_partition: 0]
[two_round: 0]
[header: 0]
[label_column: ]
[weight_column: ]
[group_column: ]
[ignore_column: ]
[categorical_feature: ]
[forcedbins_filename: ]
[precise_float_parser: 0]
[parser_config_file: ]
[objective_seed: 16083]
[num_class: 1]
[is_unbalance: 0]
[scale_pos_weight: 1]
[sigmoid: 1]
[boost_from_average: 1]
[reg_sqrt: 0]
[alpha: 0.9]
[fair_c: 1]
[poisson_max_delta_step: 0.7]
[tweedie_variance_power: 1.5]
[lambdarank_truncation_level: 30]
[lambdarank_norm: 1]
[label_gain: ]
[lambdarank_position_bias_regularization: 0]
[eval_at: ]
[multi_error_top_k: 1]
[auc_mu_weights: ]
[num_machines: 1]
[local_listen_port: 12400]
[time_out: 120]
[machine_list_filename: ]
[machines: ]
[gpu_platform_id: -1]
[gpu_device_id: -1]
[gpu_use_dp: 0]
[num_gpu: 1]

end of parameters

pandas_categorical:[]
