tree
version=v4
num_class=1
num_tree_per_iteration=1
label_index=0
max_feature_idx=10
objective=regression
feature_names=total_load net_load renewable_power thermal_space_load_ratio thermal_on_capacity hour period weekday month is_weekend is_holiday
feature_infos=[20617.400000000001:45519.099999999999] [-18846.150000000001:36256.82] [6746.5600000000004:40576.68] [-0.89198188220594088:0.82442812456084646] [27170:48330] [10:14] [41:60] [0:6] [1:4] [0:1] none
tree_sizes=2377 2534 2862 2722 2358 2741 2470 2537 2769 2707 2743 2636 2606 2690 2613 2798 2782 2650 2596 2369 2725 2783 2745 2797 2772 2688 2578 2600 2781 2761 2805 2349 2596 2794 2715 2609

Tree=0
num_leaves=26
num_cat=0
split_feature=1 2 7 6 2 4 1 4 1 4 0 0 1 1 7 0 0 4 5 2 4 0 2 8 5
split_gain=1.69859e+07 3.63708e+06 3.11916e+06 1.05564e+06 440901 256490 185272 179424 156225 197080 229929 109174 84994.3 48657.1 46999.6 40875.1 37760.8 82108.9 18695.8 11492.6 35202.9 5934.61 5583.4 2337.81 695.71
threshold=18196.860000000004 9138.7100000000009 5.5000000000000009 50.500000000000007 16162.535000000002 46105.000000000007 31327.205000000005 42277.500000000007 13721.570000000002 45602.500000000007 33284.000000000007 36837.200000000004 30128.780000000006 21194.585000000003 1.0000000180025095e-35 36615.450000000004 37095.750000000007 47845.000000000007 10.500000000000002 24115.810000000001 32370.000000000004 36274.850000000006 11591.335000000001 2.5000000000000004 13.500000000000002
decision_type=2 2 2 2 2 2 2 2 2 2 2 2 2 2 2 2 2 2 2 2 2 2 2 2 2
left_child=8 2 18 12 6 11 7 -3 16 10 24 -6 -4 -7 -12 -5 19 -18 -2 20 -1 -20 -8 -21 -10
right_child=1 4 3 15 5 13 22 -9 9 -11 14 -13 -14 -15 -16 -17 17 -19 21 23 -22 -23 -24 -25 -26
leaf_value=80.46501250159632 93.565513244190711 90.185983403384768 126.40242832394331 108.00384484819463 80.397262524484503 76.492545816619113 91.28159619859747 86.170427521709996 74.465512481251267 74.465512481251267 78.56691247514776 85.834912467518365 136.70984562130661 83.468012379526016 84.046651367597036 100.85584680131963 83.445637527027642 74.465512481251267 88.10301248125127 74.567331928265332 75.013401137101212 90.243541979183263 92.986888137379196 74.760420923304963 75.201112533131152
leaf_weight=2.9999999999999991 4.0000000000000027 34 6.0000000000000018 5.9999999999999982 11.999999999999998 15.000000000000002 12.000000000000002 153 8.9999999999999982 33 5.0000000000000027 40 3 2.9999999999999991 18 3 3.9999999999999982 7 4.0000000000000027 288 229 17 7.9999999999999991 344 4.9999999999999991
leaf_count=3 4 34 6 6 12 15 12 153 9 33 5 40 3 3 18 3 4 7 4 288 229 17 8 344 5
internal_value=78.3734 88.3299 101.859 117.73 86.2297 82.7994 87.3897 86.9005 75.0018 77.2747 79.7803 84.5801 129.838 77.6551 82.8554 105.621 74.82 77.731 90.4326 74.7829 75.0839 89.8358 91.9637 74.6724 74.7282
internal_weight=1265 320 43 18 277 70 207 187 945 70 37 52 9 18 23 9 875 11 25 864 232 21 20 632 14
internal_count=1265 320 43 18 277 70 207 187 945 70 37 52 9 18 23 9 875 11 25 864 232 21 20 632 14
is_linear=0
shrinkage=1


Tree=1
num_leaves=27
num_cat=0
split_feature=3 2 7 6 1 8 3 1 1 8 8 0 1 8 2 0 0 0 1 5 0 0 0 5 2 1
split_gain=1.56666e+07 2.91829e+06 2.54626e+06 1.00588e+06 274319 300244 194319 120918 104057 103883 77295.9 62553.3 46873.3 86663.9 64705.1 43618.4 34588.9 25656.6 20440.6 16449.4 8271.39 5595.35 4294.6 3811.2 3643.44 22.5094
threshold=0.5300522912467337 9138.7100000000009 5.5000000000000009 50.500000000000007 15975.090000000002 2.5000000000000004 0.56387304998520638 31327.205000000005 30128.780000000006 3.5000000000000004 1.5000000000000002 35961.150000000009 12385.105000000003 2.5000000000000004 18692.005000000001 35712.400000000009 35276.350000000013 37095.750000000007 28857.775000000001 10.500000000000002 37684.55000000001 36345.05000000001 26413.900000000005 10.500000000000002 19561.855000000003 18196.860000000004
decision_type=2 2 2 2 2 2 2 2 2 2 2 2 2 2 2 2 2 2 2 2 2 2 2 2 2 2
left_child=4 2 19 8 12 16 10 9 -4 -8 -3 -12 17 24 -15 -7 -6 22 -5 -2 -17 -21 -1 -9 -14 -18
right_child=1 6 3 18 5 15 7 23 -10 -11 11 -13 13 14 -16 20 25 -19 -20 21 -22 -23 -24 -25 -26 -27
leaf_value=-3.7341908533770338 14.421724128723131 -0.84263668060302743 45.413280029296857 27.523493739536832 1.2746957778930654 0.12944254875183095 7.7758242206573485 13.826597404479969 57.192175292968741 10.766723590426976 3.0195234592144309 7.3587353747823974 -2.8786679099587835 -3.2049748229980466 0.89080260241473175 7.4175443013509073 -3.7232757568359371 0.53959617614746092 22.590541330973302 9.2323493957519442 5.143864758809408 11.337022806803386 -3.4229113147919437 12.101054191589355 -3.7352970703788424 -3.8246273040771488
leaf_weight=133 4.0000000000000027 4.9999999999999991 5.0000000000000018 6.9999999999999982 4.0000000000000027 4.0000000000000027 150 4.0000000000000027 3 36 12.999999999999998 23 17 14.999999999999998 27 6.0000000000000027 14.000000000000002 3.9999999999999991 3 4.0000000000000027 11.999999999999998 14.999999999999998 664 15.999999999999998 46 8.9999999999999982
leaf_count=133 4 5 5 7 4 4 150 4 3 36 13 23 17 15 27 6 14 4 3 4 12 15 664 16 46 9
internal_value=-0.044927 10.1769 22.5305 36.6155 -3.12752 0.516341 8.12628 8.75194 49.8304 8.35471 4.98272 5.7918 -3.3246 -2.33128 -0.571975 4.85225 -3.01662 -3.45481 26.0436 11.5075 5.90176 10.8939 -3.47486 12.4462 -3.50414 -3.76294
internal_weight=1243 288 41 18 955 49 247 206 8 186 41 36 906 105 42 22 27 801 10 23 18 19 797 20 63 23
internal_count=1243 288 41 18 955 49 247 206 8 186 41 36 906 105 42 22 27 801 10 23 18 19 797 20 63 23
is_linear=0
shrinkage=0.05


Tree=2
num_leaves=31
num_cat=0
split_feature=3 2 7 6 3 1 4 1 4 1 2 8 4 8 4 0 7 6 6 3 4 0 0 6 4 0 0 0 1 2
split_gain=1.28301e+07 2.0752e+06 2.05353e+06 497952 323172 138152 204579 110645 104995 104038 92497 79235.3 112127 68478 32362.1 110563 28437.7 17343.6 12350.2 8157.61 59104.3 37582.2 8009.69 6794.9 4969.89 3144.61 2889.24 4084.86 1078.28 3.72752
threshold=0.51901427390906807 9138.7100000000009 5.5000000000000009 50.500000000000007 0.56387304998520638 12385.105000000003 44860.000000000007 31327.205000000005 42277.500000000007 15975.090000000002 8685.5200000000023 2.5000000000000004 43672.500000000007 3.5000000000000004 45602.500000000007 36912.700000000004 4.5000000000000009 44.500000000000007 41.500000000000007 0.29845284983275794 39295.000000000007 30383.250000000004 36274.850000000006 44.500000000000007 42977.500000000007 36221.600000000006 26413.900000000005 32493.350000000002 27915.250000000004 24115.810000000001
decision_type=2 2 2 2 2 2 2 2 2 2 2 2 2 2 2 2 2 2 2 2 2 2 2 2 2 2 2 2 2 2
left_child=5 2 17 10 11 19 9 8 -6 13 -4 16 -13 -7 15 -8 -3 -2 -16 26 21 -21 -22 -9 -11 -19 29 -28 -5 -1
right_child=1 4 3 28 7 6 14 23 -10 24 -12 12 -14 -15 18 -17 -18 25 -20 20 22 -23 -24 -25 -26 -27 27 -29 -30 -31
leaf_value=-3.5639606475830079 14.400637817382796 1.8219124412536623 52.944733683268254 27.823632812499994 10.278637554771024 -1.2135233773125542 -3.3150378395529345 13.096153695242741 7.3382430723960823 6.4863611221313509 40.528546142578115 1.2192396017221305 6.8712425231933594 5.7964183807373049 -0.28363914489746095 4.5797291437784828 -3.7285427093505863 8.8165654500325417 -3.5638280348344282 4.087600564956662 -3.4091382184028625 -1.4546241026658278 -0.78711929321289065 11.16393767136794 4.3681761635674361 10.589871317545573 -3.196552066235034 -3.4992943738962148 26.569644165039058 -3.5420392366919189
leaf_weight=24 3.0000000000000027 9.9999999999999982 2.9999999999999982 3 38 27.000000000000004 17.000000000000004 7.0000000000000027 151 3.9999999999999973 3 12.999999999999998 27 3.9999999999999991 2.9999999999999991 5.9999999999999991 2.9999999999999991 3.0000000000000027 66 4.0000000000000027 100 12.999999999999998 2.9999999999999991 12.999999999999998 9 14.999999999999998 403 154 4 101
leaf_count=24 3 10 3 3 38 27 17 7 151 4 3 13 27 4 3 6 3 3 66 4 100 13 3 13 9 15 403 154 4 101
internal_value=-0.148246 8.92751 20.5491 36.1669 7.41937 -3.01224 -1.53869 8.30367 7.92943 1.26544 46.7366 3.93221 5.03434 -0.309015 -2.87979 -1.25553 0.541038 10.8809 -3.42121 -3.26212 -2.88196 -0.150571 -3.33277 11.8402 5.01993 10.2943 -3.32901 -3.28025 27.1071 -3.54625
internal_weight=1234 296 34 13 262 938 136 209 189 44 6 53 40 31 92 23 13 21 69 802 120 17 103 20 13 18 682 557 7 125
internal_count=1234 296 34 13 262 938 136 209 189 44 6 53 40 31 92 23 13 21 69 802 120 17 103 20 13 18 682 557 7 125
is_linear=0
shrinkage=0.05


Tree=3
num_leaves=30
num_cat=0
split_feature=3 2 7 6 2 4 1 4 4 1 7 1 4 4 4 6 7 0 4 5 1 2 4 6 4 0 4 4 4
split_gain=1.28675e+07 2.4551e+06 1.92069e+06 735082 202803 162178 130668 192245 104703 83956.3 62753.9 59890.3 55251.4 40451.2 34642.8 26209.3 22624.1 18170.8 10119.7 7800.73 6554.72 5999.22 44562.1 9358.75 5435.63 2048.33 1921.27 7808.8 51.2358
threshold=0.51901427390906807 9138.7100000000009 5.5000000000000009 50.500000000000007 13638.950000000003 40095.000000000007 12701.890000000001 44860.000000000007 43672.500000000007 15975.090000000002 4.5000000000000009 30128.780000000006 43377.500000000007 42277.500000000007 36090.000000000007 42.500000000000007 1.5000000000000002 36615.450000000004 46105.000000000007 10.500000000000002 32175.065000000006 24115.810000000001 32370.000000000004 59.500000000000007 42977.500000000007 36274.850000000006 34325.000000000007 36372.500000000007 33235.000000000007
decision_type=2 2 2 2 2 2 2 2 2 2 2 2 2 2 2 2 2 2 2 2 2 2 2 2 2 2 2 2 2
left_child=6 2 19 11 10 14 21 9 -7 12 13 -4 -8 -3 -6 16 -9 -5 -17 -2 -12 22 -1 -24 -11 -21 28 -28 -23
right_child=1 4 3 17 5 8 7 15 -10 24 20 -13 -14 -15 -16 18 -18 -19 -20 25 -22 26 23 -25 -26 -27 27 -29 -30
leaf_value=2.3400665283203126 12.780606079101547 11.264544084337023 40.965902099609359 25.496071166992195 7.9451743678042765 3.0410293531417847 -1.2327289445059639 2.0147331237792967 6.1874252757200834 6.3467575073242219 10.144859822591144 49.901995849609364 4.615626335144043 7.7414283974226139 11.471023975719103 -1.9569655001163484 -3.4775792439778637 20.974775123596189 -3.3856658380681823 8.8295150756835845 11.694080838290128 -3.4057713152414344 -3.0828005044248092 -1.7857697677612305 4.131544992658827 10.26920896257673 -2.4114486809932827 -3.2065880537033085 -3.3253364856426533
leaf_weight=3.9999999999999991 3.0000000000000027 8.9999999999999982 5.0000000000000018 4.9999999999999982 19 40 21.000000000000004 5 78 3.9999999999999973 18.000000000000004 3 4.9999999999999991 86 11.000000000000002 15.999999999999998 3 4 55 3.0000000000000027 10.999999999999998 83 191 14.999999999999998 9 13.999999999999998 33 480 26
leaf_count=4 3 9 5 5 19 40 21 5 78 4 18 3 5 86 11 16 3 4 55 3 11 83 191 15 9 14 33 480 26
internal_value=-0.0142487 8.84887 20.9328 33.2891 7.2051 5.9554 -2.89709 -1.34 5.12085 1.53235 8.69666 44.3169 -0.108045 8.0752 9.23799 -2.758 -0.044884 23.4866 -3.06371 10.43 10.7325 -3.11793 -2.88686 -2.98836 4.81315 10.0151 -3.19595 -3.15544 -3.38659
internal_weight=1259 309 37 17 272 148 950 118 118 39 124 8 26 95 30 79 8 9 71 20 29 832 210 206 13 17 622 513 109
internal_count=1259 309 37 17 272 148 950 118 118 39 124 8 26 95 30 79 8 9 71 20 29 832 210 206 13 17 622 513 109
is_linear=0
shrinkage=0.05


Tree=4
num_leaves=26
num_cat=0
split_feature=3 2 7 6 3 1 8 1 8 8 1 8 0 0 0 5 0 5 0 6 2 8 0 0 2
split_gain=1.19003e+07 2.54293e+06 2.45342e+06 720313 242637 124540 95678.9 95059.4 133525 93999.7 88424 73794.2 114797 57318.1 24705.8 20669.7 16649.1 11833 8617.29 4884.97 4789.42 35093.8 4380.98 1931.41 511.176
threshold=0.51901427390906807 9138.7100000000009 5.5000000000000009 50.500000000000007 0.56387304998520638 30128.780000000006 2.5000000000000004 12385.105000000003 3.5000000000000004 3.5000000000000004 30128.780000000006 2.5000000000000004 36912.700000000004 36837.200000000004 36615.450000000004 13.500000000000002 37095.750000000007 10.500000000000002 39550.700000000004 47.500000000000007 21605.060000000005 3.5000000000000004 36221.600000000006 26413.900000000005 21077.550000000003
decision_type=2 2 2 2 2 2 2 2 2 2 2 2 2 2 2 2 2 2 2 2 2 2 2 2 2
left_child=7 2 17 10 6 9 15 16 11 -6 -4 18 -13 -8 -5 -3 20 -2 -9 -7 21 -1 -19 -22 -10
right_child=1 4 3 14 5 19 13 8 24 -11 -12 12 -14 -15 -16 -17 -18 22 -20 -21 23 -23 -24 -25 -26
leaf_value=-2.9934305415433999 12.341575622558583 0.8840690732002261 38.961004130045559 24.823227539062497 6.428176619908581 11.498067474365232 2.7935168075561525 -2.8726167224702381 6.1918006896972662 9.1913641905173282 48.558311462402337 -1.5440784113747734 4.4168191528320317 6.4177969296773272 19.083793131510411 -3.9825571695963533 -0.086028900146484386 7.8884277343749929 -0.14543088277180991 10.099096973125752 -3.2068156373911894 0.32899333106146922 9.7177940368652358 -2.9843827574815212 5.2687843322753896
leaf_weight=68 4.0000000000000027 7.9999999999999982 6.0000000000000018 5 146 12.000000000000002 20 84 2.9999999999999991 39 4 42 9.9999999999999982 24 3 3 4.9999999999999991 4.0000000000000027 2.9999999999999991 12.999999999999998 116 8.9999999999999982 18 615 3
leaf_count=68 4 8 6 5 146 12 20 84 3 39 4 42 10 24 3 3 5 4 3 13 116 9 18 615 3
internal_value=2.01756e-05 8.53227 19.6638 33.8537 6.68402 7.4583 3.72768 -2.75203 -1.57267 7.01069 42.7999 -1.88791 -0.397752 4.7704 22.6709 -0.443193 -2.96237 9.84001 -2.77858 10.7706 -2.98017 -2.6051 9.38518 -3.01968 5.73029
internal_weight=1267 309 44 18 265 210 55 958 145 185 10 139 52 44 8 11 813 26 87 25 808 77 22 731 6
internal_count=1267 309 44 18 265 210 55 958 145 185 10 139 52 44 8 11 813 26 87 25 808 77 22 731 6
is_linear=0
shrinkage=0.05


Tree=5
num_leaves=31
num_cat=0
split_feature=3 2 7 0 3 3 4 0 3 4 4 4 8 2 0 4 3 6 2 2 4 5 4 6 0 8 0 0 3 2
split_gain=1.05325e+07 2.14895e+06 2.03503e+06 473874 204444 100298 165778 106609 87224.1 70417.4 56560 137573 57888.5 40418 25162.3 116848 16411.9 15319.8 19605 13566.6 83907.2 11089.5 8385.61 4830.04 3626.37 2724.92 774.992 715.559 106.888 0.692097
threshold=0.51901427390906807 9138.7100000000009 5.5000000000000009 37153.100000000006 0.56387304998520638 0.42519036357863932 44860.000000000007 33284.000000000007 0.73364983533705985 42277.500000000007 43672.500000000007 43067.500000000007 1.5000000000000002 8075.4250000000011 36912.700000000004 45602.500000000007 0.7533289663410595 42.500000000000007 20554.600000000002 21201.335000000003 34905.000000000007 10.500000000000002 42412.500000000007 42.500000000000007 36221.600000000006 2.5000000000000004 37283.500000000007 32255.550000000003 0.33044768439364131 15524.85
decision_type=2 2 2 2 2 2 2 2 2 2 2 2 2 2 2 2 2 2 2 2 2 2 2 2 2 2 2 2 2 2
left_child=5 2 21 16 10 14 7 29 9 -6 11 -3 -12 -5 19 26 -4 18 -8 20 -1 -2 -9 -10 -23 -21 -16 -19 -17 -7
right_child=1 4 3 13 8 6 17 22 23 -11 12 -13 -14 -15 15 28 -18 27 -20 25 -22 24 -24 -25 -26 -27 -28 -29 -30 -31
leaf_value=6.0004300435384117 11.724497222900382 5.1658640670776359 27.081138102213515 45.37448018391926 8.7681283024379191 -3.3347902933756473 -3.197138595581055 5.8734986623128238 11.685483932495108 6.2963192851996865 0.36948533058166483 -3.6309957504272456 5.8384025421142587 38.033455200195306 3.8762160062789883 -3.3600739479064914 22.551803588867188 -2.3351694742838545 2.5190682729085281 -2.9636549187343273 -2.4925544234326011 7.4940063476562431 3.6137148123521068 9.7544020260081581 9.1771891117095947 -2.7724718418624477 4.939322916666665 -3.1427600324153904 -3.0728041480569281 -3.3008271535237621
leaf_weight=2.9999999999999991 4.0000000000000027 10 3.0000000000000018 3 35 3.0000000000000027 2.9999999999999991 6.0000000000000009 4.0000000000000027 163 6.0000000000000027 8 25 5 4.0000000000000027 4.0000000000000027 6 2.9999999999999991 3 337 95 4.0000000000000027 13 17 15.999999999999998 417 3 32 17 3
leaf_count=3 4 10 3 3 35 3 3 6 4 163 6 8 25 5 4 4 6 3 3 337 95 4 13 17 16 417 3 32 17 3
internal_value=0.0213373 8.0359 18.6964 31.9321 6.405 -2.59653 -0.7166 2.4925 7.05823 6.73326 3.48546 1.25615 4.7799 40.7863 -2.73752 -1.26268 24.0616 -2.67337 -0.339035 -2.78599 -2.23257 9.32121 4.32733 10.1222 8.84055 -2.85792 4.33183 -3.07354 -3.12752 -3.31781
internal_weight=1255 309 41 17 268 946 66 25 219 198 49 18 31 8 880 28 9 41 6 852 98 24 19 21 20 754 7 35 21 6
internal_count=1255 309 41 17 268 946 66 25 219 198 49 18 31 8 880 28 9 41 6 852 98 24 19 21 20 754 7 35 21 6
is_linear=0
shrinkage=0.05


Tree=6
num_leaves=27
num_cat=0
split_feature=3 7 0 6 3 4 2 4 4 0 6 1 1 4 4 7 4 0 4 0 0 1 5 6 0 0
split_gain=9.08786e+06 1.58978e+06 1.51381e+06 431654 354794 136209 91423.4 84523.4 281631 58165.2 46418.7 42557.9 39192.5 77051.6 39439.8 37857.1 32391 30536.5 17542.2 17219.6 13516 6184.2 5657.03 4273.71 4147.88 1560.28
threshold=0.5418399451924788 5.5000000000000009 38913.750000000007 50.500000000000007 0.47386947318753897 46105.000000000007 13327.085000000001 43067.500000000007 43672.500000000007 33416.05000000001 55.500000000000007 30128.780000000006 12385.105000000003 40095.000000000007 45602.500000000007 4.5000000000000009 42277.500000000007 39550.700000000004 42277.500000000007 42454.750000000007 37095.750000000007 28857.775000000001 11.500000000000002 58.500000000000007 36570.700000000004 39046.350000000006
decision_type=2 2 2 2 2 2 2 2 2 2 2 2 2 2 2 2 2 2 2 2 2 2 2 2 2 2
left_child=4 6 3 11 12 9 15 18 -9 -6 -11 -3 20 -14 -15 16 -2 25 -8 -4 23 -17 -21 -1 -5 -7
right_child=1 2 19 24 5 17 7 8 -10 10 -12 -13 13 14 -16 21 -18 -19 -20 22 -22 -23 -24 -25 -26 -27
leaf_value=-2.7126613783703357 10.065793418884278 35.177406005859382 5.5631042480468693 22.406040445963537 -3.3397923151652016 -3.1973497390747063 7.8473182924332168 -4.3932098388671879 5.6712831866066411 5.1155127048492437 1.0608892822265625 42.710257975260404 5.1678980827331547 -0.97309943481727879 -2.9322194430292869 8.6684188560203275 6.7230660128903086 2.6361473719278976 6.0012053749778058 10.906851069132481 -0.06908081054687501 10.336127798897881 8.998243262551048 -2.2950871624163729 19.946572113037107 -2.0441868305206299
leaf_weight=717 7.9999999999999991 4.9999999999999982 3.0000000000000027 3 2.9999999999999991 11.000000000000002 31 7.9999999999999991 53 24 9.9999999999999982 3 3.9999999999999991 54 49 27 77 2.9999999999999991 22 6.0000000000000027 4.9999999999999991 6.9999999999999991 10.999999999999998 67 4 3.9999999999999991
leaf_count=717 8 5 3 3 3 11 31 8 53 24 10 3 4 54 49 27 77 3 22 6 5 7 11 67 4 4
internal_value=-0.00760021 8.12486 18.061 30.0681 -2.2994 1.59859 6.63231 5.6204 4.35135 3.3341 3.92298 38.0022 -2.53867 -1.6407 -1.90511 7.6017 7.03768 -1.96884 7.08101 9.05555 -2.66045 9.01177 9.67187 -2.67698 21.0006 -2.88984
internal_weight=1219 268 35 15 951 55 233 114 61 37 34 8 896 107 103 119 85 18 53 20 789 34 17 784 7 15
internal_count=1219 268 35 15 951 55 233 114 61 37 34 8 896 107 103 119 85 18 53 20 789 34 17 784 7 15
is_linear=0
shrinkage=0.05


Tree=7
num_leaves=28
num_cat=0
split_feature=3 2 7 5 3 8 7 1 8 0 0 7 8 0 0 1 0 1 6 0 2 8 3 1 8 0 2
split_gain=8.11184e+06 1.2982e+06 1.1631e+06 552345 195120 91107.5 77420.6 76886.2 123155 91434.1 63977.4 58678.8 44991.4 39531.5 40179.2 39498.9 24502.1 14678.2 8050.19 6276.84 6046.36 19407.4 5774.43 5656.89 1899.91 1773.18 1599.44
threshold=0.51901427390906807 9138.7100000000009 5.5000000000000009 11.500000000000002 0.58370793923259201 1.5000000000000002 4.5000000000000009 12861.764999999999 2.5000000000000004 33851.400000000009 36399.850000000013 2.5000000000000004 3.5000000000000004 37095.750000000007 37576.55000000001 27751.910000000003 38832.100000000006 24599.690000000006 41.500000000000007 36871.250000000007 24115.810000000001 3.5000000000000004 0.50631716952207639 13596.725000000002 2.5000000000000004 36221.600000000006 8075.4250000000011
decision_type=2 2 2 2 2 2 2 2 2 2 2 2 2 2 2 2 2 2 2 2 2 2 2 2 2 2 2
left_child=7 2 19 -4 5 16 12 13 18 23 -7 -11 -6 20 -15 -5 -3 -8 -9 25 21 -1 -20 -10 -22 -2 -21
right_child=1 4 3 15 6 10 17 8 9 11 -12 -13 -14 14 -16 -17 -18 -19 22 26 24 -23 -24 -25 -26 -27 -28
leaf_value=-2.5335390200217565 6.6623194376627524 -4.8072330474853509 39.735844726562505 23.656811904907233 5.8171490009014422 2.8853461136689056 5.4080238342285156 -0.040210596720377606 -0.57920804023742622 -0.019481423695882162 5.7877447470640533 4.2148585531446674 8.1936930974324547 4.5349936485290527 -3.1197223027547194 17.428360366821288 0.90849123954772937 9.0522341918945326 -2.8253434113093787 10.028463592529299 -2.6923053508043577 -1.3539234724911777 -0.85892438888549805 -2.7294215275691105 -2.5160243810134562 8.0336849559437145 8.687058067321777
leaf_weight=168 3.0000000000000027 3 4.9999999999999991 3.9999999999999982 117 37 2.9999999999999991 2.9999999999999991 4.0000000000000027 14.999999999999998 39 18 24 3.9999999999999991 3 7 5 35 56 4.9999999999999982 287 44 3.9999999999999991 12.999999999999998 327 10.999999999999998 4
leaf_count=168 3 3 5 4 117 37 3 3 4 15 39 18 24 4 3 7 5 35 56 5 287 44 4 13 327 11 4
internal_value=-0.0435871 7.09093 15.6039 25.9566 5.82855 3.84048 6.76149 -2.3212 -1.09734 0.755518 4.37473 2.29016 6.22167 -2.48722 1.2544 19.6933 -1.23491 8.76453 -2.56787 8.40209 -2.51893 -2.28871 -2.69425 -2.22349 -2.59842 7.73982 9.43228
internal_weight=1248 302 39 16 263 84 179 946 113 50 76 33 141 833 7 11 8 38 63 23 826 212 60 17 614 14 9
internal_count=1248 302 39 16 263 84 179 946 113 50 76 33 141 833 7 11 8 38 63 23 826 212 60 17 614 14 9
is_linear=0
shrinkage=0.05


Tree=8
num_leaves=31
num_cat=0
split_feature=3 7 4 0 1 4 3 3 4 5 7 2 0 3 4 3 8 1 4 5 0 7 2 4 4 0 0 3 1 0
split_gain=7.76006e+06 1.62998e+06 1.54557e+06 465116 146867 174517 123770 56769 52131.7 48635.7 78277.7 48561.1 37015.5 22271.5 94391.1 35274.7 17323.2 15971.3 10872 9882.96 6745.3 5160.85 4264.15 2382.42 7839.22 1648.07 1150 369.612 186.437 80.4553
threshold=0.5300522912467337 5.5000000000000009 44810.000000000007 37153.100000000006 16877.015000000003 46105.000000000007 0.56387304998520638 0.72174921248362689 42277.500000000007 12.500000000000002 1.5000000000000002 7781.8900000000003 42454.750000000007 0.29845284983275794 39295.000000000007 0.35223993356654459 2.5000000000000004 27569.690000000006 46105.000000000007 10.500000000000002 39550.700000000004 5.5000000000000009 11808.770000000002 34325.000000000007 36372.500000000007 38913.750000000007 38832.100000000006 0.50631716952207639 17771.940000000002 31011.750000000004
decision_type=2 2 2 2 2 2 2 2 2 2 2 2 2 2 2 2 2 2 2 2 2 2 2 2 2 2 2 2 2 2
left_child=4 6 3 17 13 21 9 8 -8 18 -11 -5 25 23 15 -15 -16 -3 -2 -9 26 28 -14 29 -25 -4 -7 -23 -6 -1
right_child=1 2 12 11 5 20 7 19 -10 10 -12 -13 22 14 16 -17 -18 -19 -20 -21 -22 27 -24 24 -26 -27 -28 -29 -30 -31
leaf_value=-2.6852544444622382 5.6266356913248687 23.252073160807267 3.2762465159098273 41.014785766601555 4.9700000762939442 -2.8102345739092134 7.4925700243781597 9.3525560167100696 5.3098804027693616 4.1488452617938698 -1.7352701568603515 32.968160400390623 7.9647857242160374 -0.15456731502826393 -2.6365643943752257 4.2479003088814871 -1.7218849349267704 18.974170875549316 2.6928727388381959 7.4393508345992476 -0.019538243611653648 3.3232441493443079 9.7859283447265639 -1.7722275401270668 -2.4736981258292996 4.826547527313231 -1.9828740437825521 3.9257488250732417 5.4527487754821768 -2.5676826589247761
leaf_weight=101 15.000000000000002 3.0000000000000027 3.0000000000000027 3 4 14.000000000000005 34 8.9999999999999982 140 13 10 5 8.9999999999999982 13.000000000000002 111 6.9999999999999991 97 7.9999999999999991 3.9999999999999991 27 2.9999999999999991 7 4.9999999999999991 43 540 4 5.9999999999999991 4 4 17
leaf_count=101 15 3 3 3 4 14 34 9 140 13 10 5 9 13 111 7 97 8 4 27 3 7 5 43 540 4 6 4 4 17
internal_value=-0.0438324 7.10309 16.4796 26.8124 -2.19306 0.698989 5.61476 6.11031 5.73638 3.13698 1.59053 35.9856 7.13084 -2.32381 -1.89454 1.3863 -2.21001 20.1409 5.009 7.91765 -2.2304 4.24509 8.61519 -2.46343 -2.42196 4.16213 -2.56203 3.54234 5.21137 -2.66832
internal_weight=1263 292 40 19 971 42 252 210 174 42 23 8 21 929 228 20 208 11 19 36 23 19 14 701 583 7 20 11 8 118
internal_count=1263 292 40 19 971 42 252 210 174 42 23 8 21 929 228 20 208 11 19 36 23 19 14 701 583 7 20 11 8 118
is_linear=0
shrinkage=0.05


Tree=9
num_leaves=30
num_cat=0
split_feature=3 2 7 6 1 4 1 4 4 4 1 2 4 1 4 8 6 0 2 5 1 5 6 8 2 4 0 7 2
split_gain=6.64086e+06 1.00243e+06 929011 434429 282582 174997 85369.6 66518.9 100648 40366.8 36673.6 28449.6 52211.7 26639.1 103718 22107.5 21211.6 15273.5 8145.06 8113.45 7047.8 4394.49 4235.87 2531 10644.2 2257.46 1902.64 1489.62 1156.29
threshold=0.5418399451924788 9138.7100000000009 5.5000000000000009 50.500000000000007 15975.090000000002 46105.000000000007 30128.780000000006 42277.500000000007 43672.500000000007 36090.000000000007 30128.780000000006 17476.035000000003 43067.500000000007 11018.750000000002 36662.500000000007 2.5000000000000004 41.500000000000007 36615.450000000004 18163.820000000003 10.500000000000002 20271.280000000006 10.500000000000002 49.500000000000007 2.5000000000000004 21311.020000000004 48000.000000000007 36871.250000000007 2.5000000000000004 11591.335000000001
decision_type=2 2 2 2 2 2 2 2 2 2 2 2 2 2 2 2 2 2 2 2 2 2 2 2 2 2 2 2 2
left_child=4 2 19 10 13 11 7 9 -9 -3 -4 12 -6 23 22 -16 -7 -5 -13 -2 -18 28 -15 27 -25 -23 -21 -1 -8
right_child=1 6 3 17 5 16 21 8 -10 -11 -12 18 -14 14 15 -17 20 -19 -20 26 -22 25 -24 24 -26 -27 -28 -29 -30
leaf_value=-2.3203449732166228 9.6773494720458899 5.6841630935668945 30.636553955078128 19.479362106323251 4.3432025432586672 2.076754760742185 8.7455474853515565 3.017974565467056 5.6715263410048058 9.0816331751206345 38.454654947916659 5.2860784530639631 -1.3692674875259401 2.4440688451131178 -2.4876600241955416 -1.3230395584571655 -2.6608138208803922 15.334162673950193 3.4670314669609072 6.73734375 -0.084143002827962249 7.0353706359863253 4.8205853271484367 -0.53577747344970705 -2.2749709353727456 8.2855133643517132 7.8635875701904299 -2.5291748439904418 9.9477781295776353
leaf_weight=177 4.0000000000000027 18 2.9999999999999991 3.9999999999999982 7.9999999999999991 3.0000000000000027 4.0000000000000018 49 132 17 3 10.000000000000002 7.9999999999999991 3 81 82 23.000000000000004 5 15.999999999999998 9.9999999999999982 2.9999999999999991 5.0000000000000009 5 8.9999999999999982 391 13 5.9999999999999991 165 4
leaf_count=177 4 18 3 4 8 3 4 49 132 17 3 10 8 3 81 82 23 5 16 10 3 5 5 9 391 13 6 165 4
internal_value=-0.0301255 6.80871 14.7179 24.1241 -1.95529 1.08315 5.66482 5.339 4.95316 7.33436 34.5456 3.14583 1.48697 -2.19157 -1.62897 -1.90178 -1.90417 17.1765 4.16666 7.66322 -2.36351 8.37161 3.92939 -2.32123 -2.23584 7.93825 7.15969 -2.4211 9.34666
internal_weight=1261 277 35 15 984 71 242 216 181 35 6 42 16 913 171 163 29 9 26 20 26 26 8 742 400 18 16 342 8
internal_count=1261 277 35 15 984 71 242 216 181 35 6 42 16 913 171 163 29 9 26 20 26 26 8 742 400 18 16 342 8
is_linear=0
shrinkage=0.05


Tree=10
num_leaves=31
num_cat=0
split_feature=3 2 7 0 1 8 2 0 8 7 7 2 6 8 0 5 0 0 8 7 1 2 8 0 0 0 0 0 1 1
split_gain=6.19711e+06 1.20586e+06 1.30641e+06 314111 202871 119227 78301.3 67195.2 56830.1 48869 36837.4 34929.6 28383.2 27015.9 21869.8 34152.9 18676.4 18125 72406.7 14699.9 8998.76 6105.07 16262.3 5698.89 2377.12 1740.75 1575.73 1046.98 703.877 227.449
threshold=0.5418399451924788 9138.7100000000009 5.5000000000000009 37153.100000000006 14637.655000000001 2.5000000000000004 13266.310000000001 33416.05000000001 3.5000000000000004 2.5000000000000004 4.5000000000000009 7781.8900000000003 57.500000000000007 3.5000000000000004 35276.350000000013 13.500000000000002 39550.700000000004 36912.700000000004 2.5000000000000004 1.5000000000000002 27569.690000000006 24044.510000000006 3.5000000000000004 36871.250000000007 44841.950000000004 32747.250000000004 36221.600000000006 37202.950000000004 12607.35 14943.055000000002
decision_type=2 2 2 2 2 2 2 2 2 2 2 2 2 2 2 2 2 2 2 2 2 2 2 2 2 2 2 2 2 2
left_child=4 2 23 20 17 14 10 29 9 -8 13 -5 -9 -3 15 -6 -16 21 -19 -10 -4 22 -1 26 -12 -23 -2 -25 -20 -7
right_child=1 6 3 11 5 7 8 12 19 -11 24 -13 -14 -15 16 -17 -18 18 28 -21 -22 25 -24 27 -26 -27 -28 -29 -30 -31
leaf_value=-2.1291358040828334 5.7412021636962844 5.406991217792898 20.929548645019526 37.041311645507804 3.4525154876708992 -2.1748188654581706 2.6741843138800729 3.4178869443781239 5.3524020058768125 4.9147383289517101 7.6018647120549119 30.216881713867185 0.10779037475585938 8.6669566563197549 -2.4417019872954402 -2.7460379600524898 1.1759831428527832 -2.454304456710815 4.5279800415039064 7.6873258443979111 17.465685424804686 -2.1871534536450596 -1.0692836783149027 7.8004515075683587 8.9111646652221683 -2.3821928485339838 6.9000606190074585 8.9819674173990869 3.4448695182800289 -2.7507498741149896
leaf_weight=204 4.0000000000000027 69 3 3 4.9999999999999982 2.9999999999999991 45 34 14.000000000000002 53 26.000000000000004 5 7.9999999999999991 6.9999999999999991 33 4 3.9999999999999991 16.000000000000004 2.9999999999999991 12.999999999999998 5 472 44 5 3.9999999999999991 151 10.999999999999998 3 3 4
leaf_count=204 4 69 3 3 5 3 45 34 14 53 26 5 8 7 33 4 4 16 3 13 5 472 44 5 4 151 11 3 3 4
internal_value=-0.0468754 6.66619 14.7984 25.7703 -1.88142 0.315255 5.29321 2.03149 4.44551 3.88591 6.29287 32.776 2.78739 5.70725 -1.51291 0.697603 -2.0506 -2.11511 -0.697742 6.47662 18.7646 -2.15091 -1.9411 7.16581 7.77644 -2.23443 6.59103 8.24352 3.98642 -2.50392
internal_weight=1258 270 39 16 988 95 231 49 125 98 106 8 42 76 46 9 37 893 22 27 8 871 248 23 30 623 15 8 6 7
internal_count=1258 270 39 16 988 95 231 49 125 98 106 8 42 76 46 9 37 893 22 27 8 871 248 23 30 623 15 8 6 7
is_linear=0
shrinkage=0.05


Tree=11
num_leaves=29
num_cat=0
split_feature=3 3 4 6 0 3 4 1 4 7 0 1 3 0 4 0 0 4 0 0 5 1 8 6 0 0 7 0
split_gain=6.01818e+06 1.24066e+06 839765 676353 122955 111453 120473 56437.4 98926.5 48780 65985.1 46935.8 46406.5 40114.3 32466.2 18077.7 15577.9 13934.3 63391.7 9873.43 9349.78 8966.07 3161.76 5360.6 1981.91 1384.45 1295.38 229.567
threshold=0.51901427390906807 0.74582220185945214 44810.000000000007 50.500000000000007 36463.05000000001 0.58370793923259201 46922.500000000007 12385.105000000003 44860.000000000007 2.5000000000000004 32120.100000000002 28077.945000000007 0.79769226454630082 36399.850000000013 42277.500000000007 35834.450000000004 38832.100000000006 45602.500000000007 35592.05000000001 37095.750000000007 10.500000000000002 32588.005000000005 2.5000000000000004 59.500000000000007 43012.200000000004 45206.350000000013 2.5000000000000004 38832.100000000006
decision_type=2 2 2 2 2 2 2 2 2 2 2 2 2 2 2 2 2 2 2 2 2 2 2 2 2 2 2 2
left_child=7 5 3 12 -5 6 13 19 9 15 -11 14 -3 -2 -7 -9 -8 18 -10 22 25 -13 26 -24 -22 -4 -1 -19
right_child=1 2 20 4 -6 11 16 8 17 10 -12 21 -14 -15 -16 -17 -18 27 -20 -21 24 -23 23 -25 -26 -27 -28 -29
leaf_value=-2.1094177774116818 2.6098313331604004 27.756497410365501 9.4588328043619683 6.6742990112304685 16.45343950059679 6.6281991119384776 -4.825296306610106 0.092829627990722627 -2.2632142929803751 -2.6088287353515613 3.2535300532976787 6.5705593654087613 35.18924865722655 4.8971251743595774 4.6320816525545991 -3.2201389857700899 -0.41254317760467524 -2.2825269550085068 3.5642949740091958 0.12835624694824219 6.7303819417953479 8.3847028944227429 -2.0490216078747072 -1.2307600611732121 5.3299313863118494 8.0379203796386705 -2.2957918186478206 -2.6343098449707032
leaf_weight=177 36 7.0000000000000018 3.0000000000000027 4.9999999999999991 8.9999999999999982 25 4 10.000000000000002 21.000000000000004 6.0000000000000027 24 28 3 41 110 6.9999999999999991 4 64 5.9999999999999991 4.9999999999999991 16.000000000000004 8.9999999999999982 427 21 2.9999999999999991 4 197 4.9999999999999991
leaf_count=177 36 7 3 5 9 25 4 10 21 6 24 28 3 41 110 7 4 64 6 5 16 9 427 21 3 4 197 5
internal_value=0.00283958 6.10416 13.3104 20.0548 12.9609 4.70217 3.221 -1.9282 -1.01102 0.868491 2.08106 5.43414 29.9863 3.82774 5.00173 -1.27133 -2.61892 -1.9312 -0.968212 -2.08679 7.08477 7.01184 -2.10026 -2.01067 6.50926 8.64688 -2.20759 -2.30802
internal_weight=1277 307 50 24 14 257 85 970 143 47 30 172 10 77 135 17 8 96 27 827 26 37 822 448 19 7 374 69
internal_count=1277 307 50 24 14 257 85 970 143 47 30 172 10 77 135 17 8 96 27 827 26 37 822 448 19 7 374 69
is_linear=0
shrinkage=0.05


Tree=12
num_leaves=29
num_cat=0
split_feature=3 7 0 0 1 4 3 4 4 7 4 1 6 7 1 4 4 6 0 1 7 0 2 5 5 6 5 4
split_gain=5.04925e+06 903103 932129 291752 199978 128200 57241.9 47426.5 103486 34954.9 25857 24167.3 23310.8 79132 20951.2 51246.7 20714.2 19504.3 19446.9 10003.1 9145.49 7148.56 15213 5065.14 4399.26 3381.17 3242.93 1059.92
threshold=0.5418399451924788 5.5000000000000009 38583.750000000007 37684.55000000001 16877.015000000003 46105.000000000007 0.58370793923259201 43067.500000000007 43672.500000000007 4.5000000000000009 42910.000000000007 30128.780000000006 55.500000000000007 1.5000000000000002 12517.605000000001 39905.000000000007 45602.500000000007 41.500000000000007 42454.750000000007 27569.690000000006 5.5000000000000009 37095.750000000007 26517.870000000006 11.500000000000002 10.500000000000002 58.500000000000007 10.500000000000002 48055.000000000007
decision_type=2 2 2 2 2 2 2 2 2 2 2 2 2 2 2 2 2 2 2 2 2 2 2 2 2 2 2 2
left_child=4 6 3 19 14 12 7 26 -9 10 -8 -5 20 -14 21 -16 -17 -7 -4 -3 -6 25 -23 -20 -11 -1 -2 -19
right_child=1 2 18 11 5 17 9 8 -10 24 -12 -13 13 -15 15 16 -18 27 23 -21 -22 22 -24 -25 -26 -27 -28 -29
leaf_value=-2.013571137532796 6.4007212638854929 18.872014872233056 3.4653926467895482 27.221344757080079 4.6760871069771897 2.1056149800618464 6.118753152144583 -4.507581100463864 3.4612628676674584 7.94852883475167 4.6022898815296314 33.15801493326822 4.9376583099365243 -3.5792468261718748 4.3370513916015625 -0.71960578346252446 -2.1661732615256795 -1.97952606678009 8.3573110961914079 15.421157291957309 2.7495246020230377 2.2684574127197266 -2.7669164021809891 6.4380042856389821 6.5239516735076908 -1.6521370410919189 4.8267966164482967 -2.7587857564290363
leaf_weight=730 4.0000000000000027 3.0000000000000018 5.0000000000000027 3.9999999999999991 14 3.0000000000000027 38 5.0000000000000027 22 7.0000000000000027 108 3 5.9999999999999982 5 3.9999999999999991 50 49 16.000000000000004 4.9999999999999991 7 11 2.9999999999999991 3 10.999999999999998 24 71 18 5.9999999999999991
leaf_count=730 4 3 5 4 14 3 38 5 22 7 108 3 6 5 4 50 49 16 5 7 11 3 3 11 24 71 18 6
internal_value=-0.0301397 6.10123 13.233 21.9367 -1.69716 1.07429 4.90208 3.3897 1.98555 5.32076 4.99699 29.7656 2.98444 1.06634 -1.88294 -1.2114 -1.43558 -1.67633 6.18722 16.4564 3.8284 -1.96865 -0.249229 7.03779 6.84563 -1.98153 5.11296 -2.19205
internal_weight=1235 264 38 17 971 61 226 49 27 177 146 7 36 11 910 103 99 25 21 10 25 807 6 16 31 801 22 22
internal_count=1235 264 38 17 971 61 226 49 27 177 146 7 36 11 910 103 99 25 21 10 25 807 6 16 31 801 22 22
is_linear=0
shrinkage=0.05


Tree=13
num_leaves=30
num_cat=0
split_feature=3 7 4 6 3 3 8 5 7 2 4 4 4 3 4 0 0 8 0 3 4 3 3 5 2 4 4 7 7
split_gain=4.62102e+06 731244 816416 264370 77792 66352.3 68329.5 34527.9 67157.7 27837.6 27594.5 97780.3 33057.9 23070.1 52852.5 22230.1 18208.2 15570.4 15473.5 9251.59 6746.67 6504.77 5891.49 5025.23 2957.42 2418.48 7911.41 763.7 160.188
threshold=0.5300522912467337 5.5000000000000009 44810.000000000007 50.500000000000007 0.56387304998520638 0.47386947318753897 2.5000000000000004 12.500000000000002 1.5000000000000002 7781.8900000000003 42277.500000000007 43672.500000000007 36090.000000000007 0.29845284983275794 39497.500000000007 30383.250000000004 42454.750000000007 2.5000000000000004 38832.100000000006 0.50631716952207639 46105.000000000007 0.48927834151664379 0.48425787051922914 11.500000000000002 8969.5500000000011 34325.000000000007 36372.500000000007 4.5000000000000009 1.5000000000000002
decision_type=2 2 2 2 2 2 2 2 2 2 2 2 2 2 2 2 2 2 2 2 2 2 2 2 2 2 2 2 2
left_child=5 4 3 9 7 13 18 20 -9 -3 12 -12 -6 25 15 -15 -4 -16 22 21 -2 -8 -7 -18 -5 28 -27 -21 -1
right_child=1 2 16 24 10 6 19 8 -10 -11 11 -13 -14 14 17 -17 23 -19 -20 27 -22 -23 -24 -25 -26 26 -28 -29 -30
leaf_value=-2.0123894604769621 4.4744726419448844 31.77188415527344 3.3718652343749973 14.080955505371092 4.5589720964431768 -0.37648429870605404 2.8606826019287097 3.3305730672983018 -2.491945314407348 25.400347137451167 2.4446719732040014 5.2755802719933653 7.6825412326388891 4.6180406808853105 -1.9726675148193653 0.35555279071514428 7.8298588344028976 -1.1032327006844913 1.7825361887613935 4.2451013183593744 2.1786419153213501 0.31023788452148438 -2.5361368052164717 6.1161431919444693 16.066712951660151 -1.266701260735007 -1.9182449296586812 3.2360095342000315 -2.14136684717757
leaf_weight=33 16.000000000000004 2.9999999999999991 5.0000000000000027 5 15.999999999999998 4.0000000000000062 5.0000000000000018 13 8 4 39 140 18 4.0000000000000027 104 12.999999999999998 7.0000000000000027 102 2.9999999999999991 5 3.9999999999999991 5 14.999999999999998 10.999999999999998 3 51 539 3 89
leaf_count=33 16 3 5 5 16 4 5 13 8 4 39 140 18 4 104 13 7 102 3 5 4 5 15 11 3 51 539 3 89
internal_value=-0.0270266 5.49071 11.9597 21.0348 4.52292 -1.67952 0.314694 2.52849 1.11247 28.131 4.90682 4.65879 6.21263 -1.76483 -1.32104 1.35849 6.04113 -1.54217 -1.55456 2.59934 4.01531 1.58546 -2.08147 6.78259 14.8256 -1.90383 -1.86193 3.86669 -2.10648
internal_weight=1267 292 38 15 254 975 40 41 21 7 213 179 34 935 223 17 23 206 22 18 20 10 19 18 8 712 590 8 122
internal_count=1267 292 38 15 254 975 40 41 21 7 213 179 34 935 223 17 23 206 22 18 20 10 19 18 8 712 590 8 122
is_linear=0
shrinkage=0.05


Tree=14
num_leaves=29
num_cat=0
split_feature=3 2 7 5 1 4 2 4 4 0 4 4 3 5 1 4 8 7 1 0 7 0 1 5 8 2 7 7
split_gain=4.14286e+06 659026 660831 210743 149354 111003 69854.6 67854.7 213915 39381.7 38237.1 275080 31935.5 22959.4 20753.4 41621.5 25299.4 17675 13529.7 13521.8 9325.57 6385.96 5321.82 3387.26 3309.64 5495.62 1209.49 812.462
threshold=0.53840417263619134 9138.7100000000009 5.5000000000000009 11.500000000000002 15687.935000000003 46105.000000000007 13969.215000000002 43067.500000000007 43672.500000000007 33416.05000000001 43672.500000000007 43067.500000000007 0.76529164883482348 13.500000000000002 12385.105000000003 39905.000000000007 2.5000000000000004 4.5000000000000009 30128.780000000006 39550.700000000004 1.5000000000000002 36871.250000000007 20271.280000000006 10.500000000000002 2.5000000000000004 21077.550000000003 2.5000000000000004 4.5000000000000009
decision_type=2 2 2 2 2 2 2 2 2 2 2 2 2 2 2 2 2 2 2 2 2 2 2 2 2 2 2 2
left_child=4 2 21 18 14 9 10 20 -9 -6 11 -3 -5 -11 24 -16 -17 -12 -4 22 -8 27 -7 -23 26 -26 -1 -2
right_child=1 6 3 12 5 19 7 8 -10 13 17 -13 -14 -15 15 16 -18 -19 -20 -21 -22 23 -24 -25 25 -27 -28 -29
leaf_value=-1.8062442083748023 4.6775890350341776 5.6571382522583002 23.881243896484349 17.557491149902347 -3.0877708435058597 -2.156273170471191 4.2259363001043146 -4.7470918231540251 3.5193385028839113 3.4166082843657466 5.1169656366109848 -7.1487225341796874 12.146927658716836 0.037556870778401696 3.9744264602661135 -1.9209473609924317 -0.2862966444434189 6.5276604259715363 28.62987772623697 1.1903185844421387 5.6817688508467246 8.3246859232584658 0.072410011291503915 6.3165900094168528 -0.8801612615585328 -1.7288662535472981 -1.9855002798428192 5.5097184961492358
leaf_weight=196 4.0000000000000009 26.000000000000004 3.0000000000000027 4.9999999999999982 2.9999999999999991 25.000000000000004 22 8.9999999999999982 60 31 64 4.9999999999999991 6 5.9999999999999991 3.9999999999999991 56 41 34 3 3.9999999999999991 22 2.9999999999999982 2.9999999999999991 7 20 412 181 11
leaf_count=196 4 26 3 5 3 25 22 9 60 31 64 5 6 6 4 56 41 34 3 4 22 3 3 7 20 412 181 11
internal_value=0.011946 5.33058 11.1121 18.7178 -1.52623 0.665952 4.32717 3.41952 2.44111 2.42192 5.12223 3.59168 14.6063 2.86865 -1.69968 -1.0239 -1.23001 5.60639 26.2556 -1.52901 4.95385 5.9403 -1.91749 6.91902 -1.78405 -1.68957 -1.89231 5.28782
internal_weight=1266 284 42 17 982 72 242 113 69 40 129 31 11 37 910 101 97 98 6 32 44 25 28 10 809 432 377 15
internal_count=1266 284 42 17 982 72 242 113 69 40 129 31 11 37 910 101 97 98 6 32 44 25 28 10 809 432 377 15
is_linear=0
shrinkage=0.05


Tree=15
num_leaves=31
num_cat=0
split_feature=3 2 7 0 1 4 0 2 4 4 7 2 4 7 3 4 2 2 0 7 1 0 6 0 4 4 6 0 0 6
split_gain=3.96584e+06 860205 817193 203445 75834.1 81980.8 78001.6 69476.5 72610 241458 27426.5 24192.6 20898.7 10437.7 9404.73 44221.7 18790.8 9601.61 5510.09 5412.14 4391.94 3962.56 3057 2880.24 2363.56 6181.5 1163.95 786.768 299.136 100.988
threshold=0.5300522912467337 9138.7100000000009 5.5000000000000009 37153.100000000006 14637.655000000001 46105.000000000007 33284.000000000007 13266.310000000001 43067.500000000007 43672.500000000007 4.5000000000000009 7781.8900000000003 42910.000000000007 1.0000000180025095e-35 0.29845284983275794 36372.500000000007 20823.625000000004 24954.815000000002 36871.250000000007 1.5000000000000002 27751.910000000003 39550.700000000004 44.500000000000007 44841.950000000004 34325.000000000007 36372.500000000007 42.500000000000007 36221.600000000006 32419.000000000004 42.500000000000007
decision_type=2 2 2 2 2 2 2 2 2 2 2 2 2 2 2 2 2 2 2 2 2 2 2 2 2 2 2 2 2 2
left_child=4 2 18 20 14 6 28 10 19 -10 12 -5 -3 -8 24 16 -16 -17 27 -9 -4 26 -20 -12 29 -26 -7 -2 -6 -1
right_child=1 7 3 11 5 21 13 8 9 -11 23 -13 -14 -15 15 17 -18 -19 22 -21 -22 -23 -24 -25 25 -27 -28 -29 -30 -31
leaf_value=-1.7804295366460625 4.4437095642089801 6.3463359514872231 16.016408793131497 28.751794942220062 -2.9857828617095943 -2.5214409255981445 1.2150263377598349 4.1136450490643908 -4.5544513702392582 3.3714197527421153 5.9784980092729842 23.252636210123697 4.0637051597970437 3.4317508350719104 -1.9859147389729817 -1.6146308255876816 2.5259255409240726 0.059967761569552948 7.9084513346354193 5.0336852853948422 13.673349507649739 0.079246139526367193 6.0007605416434151 7.2812959289550783 -1.1200449095831979 -1.7307071109764447 -1.6932501929146904 5.2734213638305665 -2.3742932319641112 -1.9392576294976314
leaf_weight=10.999999999999998 4.0000000000000027 11.999999999999998 3.0000000000000018 2.9999999999999982 4 4.9999999999999991 7.0000000000000027 31 10.999999999999998 76 28 6 61 22 2.9999999999999991 175 9.9999999999999982 8.9999999999999982 2.9999999999999982 33 6 2.9999999999999991 7 4.9999999999999991 45 524 28 9.9999999999999982 4 111
leaf_count=11 4 12 3 3 4 5 7 31 11 76 28 6 61 22 3 175 10 9 3 33 6 3 7 5 45 524 28 10 4 111
internal_value=0.0536819 5.08264 11.7167 19.77 -1.511 0.0381223 1.6909 3.99848 3.30969 2.3693 4.97968 25.0857 4.43893 2.89668 -1.63835 -1.3336 1.48473 -1.53272 5.67666 4.58804 14.4544 -1.66057 6.57307 6.17589 -1.72523 -1.68241 -1.81873 5.03636 -2.68004 -1.92494
internal_weight=1260 299 42 18 961 73 37 257 151 87 106 9 73 29 888 197 13 184 24 64 9 36 10 33 691 569 33 14 8 122
internal_count=1260 299 42 18 961 73 37 257 151 87 106 9 73 29 888 197 13 184 24 64 9 36 10 33 691 569 33 14 8 122
is_linear=0
shrinkage=0.05


Tree=16
num_leaves=31
num_cat=0
split_feature=3 2 7 6 7 4 4 0 4 3 3 7 2 3 4 2 0 3 3 2 7 0 5 3 0 2 2 6 0 2
split_gain=3.36679e+06 762809 607395 283860 78748.7 145592 421027 54442.9 95037.1 45729.7 27518.9 24645.8 22750.6 15180.2 86042.8 12014.9 12008 9886.97 5166.93 4905.91 4787.04 4703.67 2758.94 2321.38 2312.38 6048.49 1110.2 334.061 306.721 64.291
threshold=0.5300522912467337 9138.7100000000009 5.5000000000000009 50.500000000000007 2.5000000000000004 43067.500000000007 43672.500000000007 36837.200000000004 47530.000000000007 0.63935954683931329 0.79769226454630082 1.5000000000000002 17010.330000000005 0.35223993356654459 39295.000000000007 8441.9900000000016 32120.100000000002 0.72812290707188088 0.47913242594996763 23746.335000000003 1.5000000000000002 36871.250000000007 10.500000000000002 0.3687618187343159 26413.900000000005 21077.550000000003 18429.970000000005 58.500000000000007 39334.30000000001 24115.810000000001
decision_type=2 2 2 2 2 2 2 2 2 2 2 2 2 2 2 2 2 2 2 2 2 2 2 2 2 2 2 2 2 2
left_child=7 2 21 10 5 11 -7 13 19 12 -4 -3 -6 24 23 -5 -16 -11 28 26 -20 27 -23 -15 29 -26 -9 -2 -10 -1
right_child=1 4 3 15 9 6 -8 8 18 17 -12 -13 -14 14 16 -17 -18 -19 20 -21 -22 22 -24 -25 25 -27 -28 -29 -30 -31
leaf_value=-1.8653442891438805 4.6330571492513002 4.1654094757572295 21.590521676199771 13.651335144042973 3.6056467464991977 -4.8640475177764895 3.5872360560510845 3.3233331044514935 -1.8126386279151552 4.8409747616998082 27.314205932617185 6.6929785319737025 -0.31606774330139165 5.4183573404947918 -1.969894664183907 9.7759444316228219 -0.93846624191493211 6.0476459344228113 0.53447566986083972 4.2952943420410161 -1.991929181416829 7.5130289713541689 5.7007225036621092 3.5784264564514157 -0.61255745291709907 -1.5970333827929826 2.2382109728726474 5.1822227478027347 -2.3531151453653973 -1.7822597797100361
leaf_weight=30 9.0000000000000018 31 7.0000000000000018 2.9999999999999982 49 20 56 3.0000000000000027 21.000000000000004 58 3 13.999999999999998 3.9999999999999991 2.9999999999999991 46 6 73 24 5 4.9999999999999991 3 2.9999999999999982 7 4 15.999999999999998 627 10.999999999999998 3.9999999999999991 2.9999999999999991 104
leaf_count=30 9 31 7 3 49 20 56 3 21 58 3 14 4 3 46 6 73 24 5 5 3 3 7 4 16 627 11 4 3 104
internal_value=0.00954523 4.64873 10.8942 17.5098 3.62409 2.6978 1.36321 -1.43959 0.149777 4.45431 23.3076 4.95176 3.30967 -1.52936 -1.02027 11.0677 -1.33717 5.19415 -1.51338 2.95088 -0.412926 5.42915 6.24441 4.36697 -1.61191 -1.57254 2.47074 4.80203 -1.8802 -1.80086
internal_weight=1252 298 42 19 256 121 76 954 51 135 10 45 53 903 126 9 119 82 32 19 8 23 10 7 777 643 14 13 24 134
internal_count=1252 298 42 19 256 121 76 954 51 135 10 45 53 903 126 9 119 82 32 19 8 23 10 7 777 643 14 13 24 134
is_linear=0
shrinkage=0.05


Tree=17
num_leaves=29
num_cat=0
split_feature=3 2 7 6 2 4 4 1 4 0 7 4 1 4 8 2 1 0 7 2 0 3 0 4 6 4 0 3
split_gain=3.12683e+06 518859 443063 217569 63771.4 67154.2 194765 61808.1 63474.6 32454.9 16124.8 15554.3 15461.1 30953 18580.7 13515.3 9411.48 6903.53 5881.61 4375.32 4341.24 7321.67 3659.7 2716.81 2489.94 1285.08 1260.7 717.017
threshold=0.5300522912467337 9138.7100000000009 5.5000000000000009 51.500000000000007 13266.310000000001 43067.500000000007 43672.500000000007 15975.090000000002 46105.000000000007 33416.05000000001 4.5000000000000009 42277.500000000007 12385.105000000003 39905.000000000007 2.5000000000000004 8441.9900000000016 30128.780000000006 37095.750000000007 1.5000000000000002 18163.820000000003 38832.100000000006 0.47913242594996763 36871.250000000007 42977.500000000007 44.500000000000007 44585.000000000007 44841.950000000004 0.50631716952207639
decision_type=2 2 2 2 2 2 2 2 2 2 2 2 2 2 2 2 2 2 2 2 2 2 2 2 2 2 2 2
left_child=7 2 22 16 10 18 -7 12 9 -9 11 -3 17 -14 -15 -5 -4 23 -6 -11 27 -22 25 -1 -24 -2 -12 -10
right_child=1 4 3 15 5 6 -8 8 20 19 26 -13 13 14 -16 -17 -18 -19 -20 -21 21 -23 24 -25 -26 -27 -28 -29
leaf_value=-1.4862837368587281 5.5332632700602149 6.6792348225911455 20.644226379394524 13.380268351236985 3.7485046448246124 -4.1220481699163267 3.0418586136638255 -2.7403624216715468 -1.6945570373535148 3.8356410980224589 5.4274210611979168 4.0309097054886491 3.4361655712127686 -1.6206413689306229 -0.24466613587879002 9.2700255076090485 24.186632283528638 0.32978599548339843 4.7148501515388492 2.3217601585388183 -2.2354593276977539 1.0321741104125974 7.1373774210612 -1.7107801582381044 5.4156864711216519 4.3383306291368271 6.2917587280273439 -2.541325378417969
leaf_weight=636 3.0000000000000027 5.9999999999999991 5.0000000000000018 2.9999999999999982 31 10.999999999999998 69 3.0000000000000027 15.000000000000005 7.0000000000000027 27 73 3.9999999999999991 59 42 6 3 4.9999999999999991 32 14.999999999999998 2.9999999999999991 4 2.9999999999999982 171 7 8.9999999999999982 4.9999999999999991 2.9999999999999991
leaf_count=636 3 6 5 3 31 11 69 3 15 7 27 73 4 59 42 6 3 5 32 15 3 4 3 171 7 9 5 3
internal_value=0.0158563 4.54083 9.91048 15.9731 3.71636 3.01835 2.05682 -1.35521 0.356696 2.13819 4.61559 4.23205 -1.44855 -0.877611 -1.04845 10.6401 21.9726 -1.52238 4.23935 2.80345 -1.4248 -0.36824 5.22576 -1.53385 5.93219 4.63706 5.56247 -1.83569
internal_weight=1260 293 39 17 254 143 80 967 50 25 111 79 917 105 101 9 8 812 63 22 25 7 22 807 10 12 32 18
internal_count=1260 293 39 17 254 143 80 967 50 25 111 79 917 105 101 9 8 812 63 22 25 7 22 807 10 12 32 18
is_linear=0
shrinkage=0.05


Tree=18
num_leaves=28
num_cat=0
split_feature=3 2 0 1 4 2 4 0 0 4 4 6 4 1 4 2 4 2 3 0 1 2 5 4 6 1 1
split_gain=2.84937e+06 599988 408757 88378.3 76442.1 73002.8 69593.6 109200 44594.5 64511.8 336612 14738 19949.3 12839.6 36623.9 12791.8 11945.2 10838.9 10440 9275.19 5618.09 4641.33 4465.09 2680.8 2426.87 1747.61 1264.02
threshold=0.5418399451924788 9138.7100000000009 37684.55000000001 16877.015000000003 46105.000000000007 8441.9900000000016 44810.000000000007 36463.05000000001 40031.05000000001 43067.500000000007 43672.500000000007 55.500000000000007 43067.500000000007 12385.105000000003 40095.000000000007 12439.225 45602.500000000007 7781.8900000000003 0.72812290707188088 37095.750000000007 20985.390000000003 18163.820000000003 10.500000000000002 42977.500000000007 42.500000000000007 19333.335000000003 26973.495000000003
decision_type=2 2 2 2 2 2 2 2 2 2 2 2 2 2 2 2 2 2 2 2 2 2 2 2 2 2 2
left_child=3 2 6 13 11 17 7 -2 9 15 -11 21 -13 19 -15 -3 -16 -4 26 23 25 -5 -8 -1 -20 -6 -10
right_child=1 8 5 4 20 -7 22 -9 18 10 -12 12 -14 14 16 -17 -18 -19 24 -21 -22 -23 -24 -25 -26 -27 -28
leaf_value=-1.4154964043937088 4.2101665496826142 6.0618064032660595 24.739163716634124 3.57889307462252 -1.8066472870962951 13.06135346094767 6.7805086771647147 12.595771512118255 3.7758686447143557 -5.2003624549278848 3.3727900410691896 4.0709346771240247 -0.80238167898995527 3.306157112121582 -0.57493628944669462 4.0403531010945635 -1.6439166555599289 20.488886515299473 6.8103612899780224 0.95211296081542973 0.30557816823323569 2.1017945713467068 4.6405135814960188 -1.6389245247699806 5.41387814113072 -3.1364637374877931 4.4339284543637874
leaf_weight=653 6.0000000000000027 8.9999999999999982 2.9999999999999982 13.000000000000002 14.000000000000005 3 2.9999999999999991 10.999999999999998 9.9999999999999982 12.999999999999998 96 2.9999999999999982 7 4.9999999999999991 56 60 49 3 4.0000000000000027 3.9999999999999991 2.9999999999999991 8.9999999999999982 12.999999999999998 169 13.999999999999998 2.9999999999999991 27
leaf_count=653 6 9 3 13 14 3 3 11 10 13 96 3 7 5 56 60 49 3 4 4 3 9 13 169 14 3 27
internal_value=-0.0177612 4.48372 9.98455 -1.2707 0.735619 19.4298 7.40857 9.63615 3.49215 3.10764 2.3503 2.25118 0.659613 -1.38217 -0.874705 4.30402 -1.07379 22.614 4.73655 -1.44974 -1.68929 2.97463 5.04176 -1.46143 5.72421 -2.04132 4.25607
internal_weight=1263 275 42 988 52 9 33 17 233 178 109 32 10 936 110 69 105 6 55 826 20 22 16 822 18 17 37
internal_count=1263 275 42 988 52 9 33 17 233 178 109 32 10 936 110 69 105 6 55 826 20 22 16 822 18 17 37
is_linear=0
shrinkage=0.05


Tree=19
num_leaves=26
num_cat=0
split_feature=3 2 0 2 0 4 4 0 4 1 4 0 0 0 6 1 0 0 3 5 4 4 6 3 0
split_gain=2.47163e+06 474884 352545 64944.2 58696.4 61357.8 52984.1 92215.8 40025.5 38984.6 66570.5 38289.3 20157.9 18739.6 11219.8 7849.88 7535.52 26772.8 4308.76 3072.72 2955.28 11409.1 2305.27 1552.76 536.775
threshold=0.51901427390906807 9138.7100000000009 37684.55000000001 8441.9900000000016 40031.05000000001 46922.500000000007 44810.000000000007 36463.05000000001 43672.500000000007 13084.870000000003 44860.000000000007 38692.450000000004 32120.100000000002 35834.450000000004 41.500000000000007 32588.005000000005 37095.750000000007 37576.55000000001 0.41745675134688681 10.500000000000002 42977.500000000007 42595.000000000007 42.500000000000007 0.65739802781535772 35276.350000000013
decision_type=2 2 2 2 2 2 2 2 2 2 2 2 2 2 2 2 2 2 2 2 2 2 2 2 2
left_child=9 2 6 -4 5 8 7 -2 -3 16 12 -7 -11 -14 -12 23 20 -18 -16 -8 21 -1 -17 -6 -22
right_child=1 4 3 -5 15 11 19 -9 -10 10 14 -13 13 -15 18 22 17 -19 -20 -21 24 -23 -24 -25 -26
leaf_value=-1.3902449599941376 4.1904490879603769 2.157663265689389 21.713781433105467 12.408285713195797 3.6617423216501872 -4.6856235504150394 5.921708679199214 11.672971267700197 3.5810813541765572 -1.9470799446105957 1.3534757137298585 1.1937267462412515 2.8185499994378342 0.35491130535419169 -0.91626005172729497 6.4698432922363232 3.8967350006103505 -2.0779695701599117 -1.7089522099494936 4.3503545216151647 -1.5991820825200502 -0.61141678118238263 5.09721289414626 4.3415452412196567 -1.3861153718587516
leaf_weight=603 7.0000000000000027 91 5 3 11.999999999999998 3.9999999999999991 4.0000000000000027 9.9999999999999982 108 3.9999999999999991 3.9999999999999991 8.9999999999999982 19 12.999999999999998 30 4.0000000000000027 3 5 40 13.999999999999998 147 51 12.999999999999998 28 37
leaf_count=603 7 91 5 3 12 4 4 10 108 4 4 9 19 13 30 4 3 5 40 14 147 51 13 28 37
internal_value=0.0114994 3.87564 8.75461 18.2242 3.09573 2.71276 6.59013 8.59193 2.93017 -1.2496 -0.364127 -0.615304 1.39939 1.8177 -1.22205 4.52013 -1.36473 0.162545 -1.36923 4.69954 -1.37932 -1.32951 5.42018 4.1376 -1.55634
internal_weight=1268 312 43 8 269 212 35 17 199 956 110 13 36 32 74 57 846 8 70 18 838 654 17 40 184
internal_count=1268 312 43 8 269 212 35 17 199 956 110 13 36 32 74 57 846 8 70 18 838 654 17 40 184
is_linear=0
shrinkage=0.05


Tree=20
num_leaves=30
num_cat=0
split_feature=3 2 7 6 2 4 4 2 3 4 0 7 6 4 4 2 7 6 0 4 0 6 4 4 5 4 3 3 6
split_gain=2.30223e+06 391637 354565 176209 58439.9 61454.9 165992 22533.8 22135.2 33217.4 47710.1 27851.4 16759.8 15888 178391 9992.1 9287.87 8524.76 5968.25 28855.2 3448.77 3238.36 2445.63 14429.9 1860.32 1272.35 470.282 189.102 48.9031
threshold=0.51901427390906807 9138.7100000000009 5.5000000000000009 50.500000000000007 13266.310000000001 43067.500000000007 43672.500000000007 8286.7050000000017 0.38853022919588392 44860.000000000007 32120.100000000002 2.5000000000000004 41.500000000000007 44065.000000000007 43067.500000000007 8441.9900000000016 3.5000000000000004 46.500000000000007 36912.700000000004 45602.500000000007 36871.250000000007 42.500000000000007 42977.500000000007 42595.000000000007 10.500000000000002 44585.000000000007 0.35898485867638524 0.44442481849027549 43.500000000000007
decision_type=2 2 2 2 2 2 2 2 2 2 2 2 2 2 2 2 2 2 2 2 2 2 2 2 2 2 2 2 2
left_child=8 2 20 7 13 16 -7 -4 18 10 27 -12 -11 14 -3 -5 -6 -15 22 -20 25 -14 23 -1 -22 -2 -24 -10 -21
right_child=1 4 3 15 5 6 -8 -9 9 12 11 -13 21 17 -16 -17 -18 -19 19 28 24 -23 26 -25 -26 -27 -28 -29 -30
leaf_value=-1.3471954288001822 4.83656946818033 4.9884786009788504 21.692956542968737 11.497817484537764 3.7701442265914658 -3.6509927016038164 2.4303176100661119 16.385679626464842 -1.5477542877197266 2.3951159795125325 -0.80871827602386448 2.6581546692621139 -0.049138259887695317 4.8249288616758408 -6.8169288635253906 8.048852239336286 1.2804714679718019 3.8151231096501941 3.3282419919967654 -1.7502568244934082 6.145397822062173 -1.5177075823799511 -1.4493752900465036 -0.47085345118653543 4.5704603576660148 3.7018915040152409 -1.6712916374206543 -1.8942577907017299 -1.5171543969048393
leaf_weight=595 3.0000000000000044 16.000000000000004 4.0000000000000018 2.9999999999999982 59 12.999999999999998 82 4 8.9999999999999982 2.9999999999999991 8.0000000000000018 21 3.9999999999999991 33 3.9999999999999991 7 3.9999999999999991 57 3.9999999999999991 2.9999999999999991 3 61 162 51 5 14 28 6.9999999999999991 8.9999999999999982
leaf_count=595 3 16 4 3 59 13 82 4 9 3 8 21 4 33 4 7 4 57 4 3 3 61 162 51 5 14 28 7 9
internal_value=-0.0131823 3.72794 8.15755 13.5083 3.01722 2.40116 1.59814 19.0393 -1.21887 -0.561323 0.492487 1.70178 -1.2587 3.90211 2.6274 9.08354 3.61207 4.18539 -1.30608 -0.349512 4.30499 -1.42733 -1.32439 -1.27801 5.16106 3.90213 -1.48208 -1.69935 -1.57543
internal_weight=1276 311 43 18 268 158 95 8 965 113 45 29 68 110 20 10 63 90 852 16 25 65 836 646 8 17 190 16 12
internal_count=1276 311 43 18 268 158 95 8 965 113 45 29 68 110 20 10 63 90 852 16 25 65 836 646 8 17 190 16 12
is_linear=0
shrinkage=0.05


Tree=21
num_leaves=30
num_cat=0
split_feature=3 3 4 6 1 4 0 4 4 4 3 4 1 2 7 1 4 4 0 1 5 1 7 7 6 1 3 6 1
split_gain=1.98563e+06 288850 273982 151356 58544.5 59083.8 32491.4 32115.1 88225.4 246844 45662.3 24228.9 11784 9066.24 12061.6 7814.3 17543 27762.5 13693.2 6905.99 6030.49 4951.98 4231.86 3943.62 2708.91 2279.44 969.348 835.595 740.342
threshold=0.53840417263619134 0.74582220185945214 44810.000000000007 50.500000000000007 15975.090000000002 46105.000000000007 36463.05000000001 42277.500000000007 43672.500000000007 43067.500000000007 0.61302705126697876 36090.000000000007 30018.135000000006 16799.025000000005 1.5000000000000002 12701.890000000001 44860.000000000007 43377.500000000007 37095.750000000007 20271.280000000006 10.500000000000002 33420.215000000004 1.5000000000000002 5.5000000000000009 58.500000000000007 20657.570000000003 0.60544694517316822 42.500000000000007 18965.035000000003
decision_type=2 2 2 2 2 2 2 2 2 2 2 2 2 2 2 2 2 2 2 2 2 2 2 2 2 2 2 2 2
left_child=4 7 3 12 15 13 -5 11 9 -9 -10 26 -3 14 -6 18 17 -17 24 28 27 -22 -18 -15 -1 -13 -2 -4 -7
right_child=1 2 20 6 5 19 -8 8 10 -11 -12 25 -14 23 -16 16 22 -19 -20 -21 21 -23 -24 -25 -26 -27 -28 -29 -30
leaf_value=-1.2729253037166726 2.6996776754205869 15.318054199218734 5.8570212364196745 3.929158401489258 3.2827768325805664 -1.4398354680914622 9.9376198662651927 3.3058948209208832 1.9269853965095853 -4.5073922093709307 3.8029985974051734 4.6129188537597621 19.463531875610347 3.0093013373288238 -0.43482377529144289 -0.33977144490117611 -0.5442835919997272 4.1734603404998785 1.3806894874572755 0.64485907554626465 4.0410346382542661 1.8551193873087568 -1.4792852038428899 1.7229628489567681 -0.95558314581175119 5.8566079275948661 3.4230222702026367 4.8350166320800767 -2.0769299507141112
leaf_weight=737 11.000000000000002 3.0000000000000027 4.0000000000000018 2.9999999999999991 2.9999999999999991 19.000000000000007 8.9999999999999982 31 46 14.999999999999998 110 5.0000000000000027 4 11 7.9999999999999991 23.000000000000004 17 3.9999999999999991 4.9999999999999991 3.9999999999999991 19.000000000000004 2.9999999999999991 42 13 74 13.999999999999998 7.9999999999999991 4 5.9999999999999991
leaf_count=737 11 3 4 3 3 19 9 31 46 15 110 5 4 11 8 23 17 4 5 4 19 3 42 13 74 14 8 4 6
internal_value=0.0113948 3.6475 7.14587 11.8439 -1.07643 0.384868 8.4355 2.93325 2.68239 0.758084 3.24982 4.26678 17.6869 1.76773 0.579067 -1.18011 -0.726787 0.328855 -1.22789 -1.2841 4.17044 3.74296 -1.20988 2.31253 -1.24397 5.52932 3.00424 5.34602 -1.59274
internal_weight=1255 289 49 19 966 64 12 240 202 46 156 38 7 35 11 902 86 27 816 29 30 22 59 24 811 19 19 8 25
internal_count=1255 289 49 19 966 64 12 240 202 46 156 38 7 35 11 902 86 27 816 29 30 22 59 24 811 19 19 8 25
is_linear=0
shrinkage=0.05


Tree=22
num_leaves=30
num_cat=0
split_feature=3 7 4 5 1 4 7 4 4 7 1 2 4 6 1 8 7 2 2 6 1 7 1 1 4 1 7 4 2
split_gain=1.75045e+06 325760 372987 111688 70723 48514.5 23502.1 70060 203064 21263.9 17725.6 17561 21860.4 11842.4 10126.1 19754.8 24027.1 8203.81 7446.6 6606.46 7058.33 3705.25 3451.13 2666.97 2407.65 22705.9 4160.04 1942.23 1315.78
threshold=0.5418399451924788 5.5000000000000009 44810.000000000007 11.500000000000002 15975.090000000002 46105.000000000007 2.5000000000000004 43067.500000000007 43672.500000000007 1.5000000000000002 24599.690000000006 16799.025000000005 43067.500000000007 41.500000000000007 12517.605000000001 2.5000000000000004 5.5000000000000009 7781.8900000000003 15395.080000000002 58.500000000000007 31327.205000000005 5.5000000000000009 27751.910000000003 34231.81500000001 37740.000000000007 11018.750000000002 3.5000000000000004 48055.000000000007 18163.820000000003
decision_type=2 2 2 2 2 2 2 2 2 2 2 2 2 2 2 2 2 2 2 2 2 2 2 2 2 2 2 2 2
left_child=4 6 3 17 14 11 7 9 -9 -2 18 12 -6 -7 24 28 -17 -3 -8 20 -4 -13 -5 -12 25 -1 -26 -15 -16
right_child=1 2 19 22 5 13 10 8 -10 -11 23 21 -14 27 15 16 -18 -19 -20 -21 -22 -23 -24 -25 26 -27 -28 -29 -30
leaf_value=-1.1219813231836286 3.0664933002356332 20.358692932128907 1.9669157385826095 11.34585825602214 2.3050852639334543 1.9292446136474588 2.7717944622039798 -4.6389086882273354 2.6181860845916129 5.3920086996895931 3.7478776627692625 2.9240113766988118 -1.5209689855575563 -1.1517978668212889 -1.9621462821960449 -0.31622785462273495 3.1013500849405928 16.899808120727538 0.20986057917277018 1.4786013126373292 4.419592354514382 1.7158547228032892 9.268862279256183 5.0758399963378906 -1.1299843090303827 2.2841810607910156 -1.3993308226267498 -2.1774873733520508 -1.178544412612915
leaf_weight=228 33 2.9999999999999991 4.0000000000000027 2.9999999999999982 6.9999999999999991 3.0000000000000027 52 11.999999999999998 49 13.999999999999998 69 15 7.9999999999999991 20.000000000000004 5.9999999999999991 36 5.9999999999999991 4 2.9999999999999991 3.9999999999999991 10.999999999999998 11 6 3.9999999999999991 356 4.9999999999999991 240 5.9999999999999991 50
leaf_count=228 33 3 4 3 7 3 52 12 49 14 69 15 8 20 6 36 6 4 3 4 11 11 6 4 356 5 240 6 50
internal_value=-0.0440785 3.51919 8.02068 13.6454 -1.01263 0.519847 2.8516 2.30839 1.19056 3.7592 3.30992 1.62689 0.264523 -1.04528 -1.12835 -0.647716 0.171998 18.3822 2.63205 3.28408 3.76555 2.41287 9.96119 3.82064 -1.18517 -1.04889 -1.23845 -1.3885 -1.2625
internal_weight=1268 271 35 16 997 70 236 108 61 47 128 41 15 29 927 98 42 7 55 19 15 26 9 73 829 233 596 26 56
internal_count=1268 271 35 16 997 70 236 108 61 47 128 41 15 29 927 98 42 7 55 19 15 26 9 73 829 233 596 26 56
is_linear=0
shrinkage=0.05


Tree=23
num_leaves=31
num_cat=0
split_feature=3 2 7 6 2 4 4 0 4 4 3 7 4 3 3 4 0 7 0 0 0 0 4 2 5 4 0 5 4 2
split_gain=1.87239e+06 382177 286071 159994 43481.9 26885.1 27301.1 20404.3 49598.4 13438.6 13260.5 10803.3 11062.7 8932.85 8180.6 22822.1 28910 5327.37 4605.85 3706.22 2470.64 3383.34 2203.26 1627.8 1229.28 1165.77 745.061 509.067 327.09 127.004
threshold=0.51901427390906807 9138.7100000000009 5.5000000000000009 50.500000000000007 13266.310000000001 40095.000000000007 43672.500000000007 37095.750000000007 47530.000000000007 36090.000000000007 0.79769226454630082 4.5000000000000009 42910.000000000007 0.78588970604454222 0.41115143307965124 44860.000000000007 32120.100000000002 5.5000000000000009 36871.250000000007 39550.700000000004 35834.450000000004 35639.55000000001 41855.000000000007 20702.580000000005 10.500000000000002 44585.000000000007 37283.500000000007 10.500000000000002 48205.000000000007 19923.025000000005
decision_type=2 2 2 2 2 2 2 2 2 2 2 2 2 2 2 2 2 2 2 2 2 2 2 2 2 2 2 2 2 2
left_child=7 2 18 10 11 9 -7 14 17 -6 -4 12 -3 -5 20 16 -16 26 25 28 21 -1 -22 -17 -13 -2 -9 -20 -10 -19
right_child=1 4 3 13 5 6 -8 8 19 -11 -12 24 -14 -15 15 23 -18 29 27 -21 22 -23 -24 -25 -26 -27 -28 -29 -30 -31
leaf_value=-1.1186838422439167 4.210888926188149 4.5805612723032629 15.367551967075887 8.6935731887817393 2.7106658572242375 0.82936328479221888 2.3906453705969315 2.7603403091430683 -1.2772029675935439 4.8081753730773933 19.340757751464839 4.9338659286499 2.9282240852942838 5.4942670186360658 -1.4962896029154455 -1.4082754973209266 2.135933291912079 1.267997622489929 5.3749163309733072 0.4711937586466472 -2.109724825078791 -0.085326349735260015 -1.2860598933312202 -0.44017459869384767 4.136917297363282 3.1089158376057942 3.8027163505554196 4.5132959365844725 -1.6770227432250977 1.666437792778015
leaf_weight=803 3.0000000000000009 11.999999999999998 7.0000000000000018 7.9999999999999982 21 42 84 2.9999999999999973 19.000000000000007 11.999999999999998 3 6.0000000000000027 65 3 9.0000000000000018 33 13.999999999999998 4 2.9999999999999991 2.9999999999999991 10.999999999999998 7.9999999999999991 31 4.9999999999999991 25 12 4 4 6.9999999999999991 4
leaf_count=803 3 12 7 8 21 42 84 3 19 12 3 6 65 3 9 33 14 4 3 3 11 8 31 5 25 12 4 4 7 4
internal_value=0.0557415 3.43336 7.808 11.9822 2.72883 2.20295 1.87022 -1.03722 0.0144817 3.4734 16.5595 3.50303 3.18573 7.82104 -1.08785 -0.528484 0.714629 2.34864 3.82353 -1.19284 -1.12786 -1.10849 -1.50178 -1.28089 4.29117 3.32931 3.35598 4.88256 -1.38485 1.46722
internal_weight=1268 310 43 21 267 159 126 958 44 33 10 108 77 11 914 61 23 15 22 29 853 811 42 38 31 15 7 7 26 8
internal_count=1268 310 43 21 267 159 126 958 44 33 10 108 77 11 914 61 23 15 22 29 853 811 42 38 31 15 7 7 26 8
is_linear=0
shrinkage=0.05


Tree=24
num_leaves=31
num_cat=0
split_feature=3 3 7 6 3 4 0 1 4 0 0 4 7 4 3 3 0 8 4 6 1 5 4 4 0 6 6 1 0 1
split_gain=1.6204e+06 315513 234147 174749 36126.6 55587.8 35014.4 24218.8 37528.4 22806.6 22584.2 18095.4 18035.3 17300.2 11249.9 10358.8 6302.38 37196.1 4828.92 22063 3648.64 3430.31 2632.26 9865.72 1334.93 1159.64 710.765 456.766 335.366 193.579
threshold=0.5300522912467337 0.74582220185945214 5.5000000000000009 50.500000000000007 0.58370793923259201 47530.000000000007 42454.750000000007 14637.655000000001 44860.000000000007 33284.000000000007 38692.450000000004 43067.500000000007 4.5000000000000009 43067.500000000007 0.42519036357863932 0.79769226454630082 36912.700000000004 2.5000000000000004 46105.000000000007 42.500000000000007 24599.690000000006 10.500000000000002 43767.500000000007 42595.000000000007 37095.750000000007 42.500000000000007 42.500000000000007 12385.105000000003 35276.350000000013 12607.35
decision_type=2 2 2 2 2 2 2 2 2 2 2 2 2 2 2 2 2 2 2 2 2 2 2 2 2 2 2 2 2 2
left_child=7 4 21 15 5 11 -5 16 9 -9 -7 -2 13 -6 -11 -4 22 27 19 -10 -14 26 23 -1 -23 -20 -3 -18 -24 -19
right_child=1 2 3 6 12 10 -8 8 18 14 -12 -13 20 -15 -16 -17 17 29 25 -21 -22 24 28 -25 -26 -27 -28 -29 -30 -31
leaf_value=-1.0848610983801283 2.986352977752686 5.1359987258911097 14.775317764282221 8.908473417494033 3.4384994506835938 -5.7728881835937491 3.6899105834960935 -2.8200242996215792 3.5829947153727226 -1.0956344604492176 -0.28542974472045896 1.3703934087985901 2.3101131439208986 2.2636226349688591 2.1597786613132643 18.373719787597651 -1.8817044019699065 3.4486569086710612 -1.8791063467661542 -1.5419912883213587 4.141799354553223 3.2251650810241692 -1.2735704555067906 -0.50354559823691136 4.1611380004882816 -1.1196977492301696 4.1934193611145014 -1.2707064188443697 -1.1137134530327537 2.8806497097015376
leaf_weight=605 30 4.0000000000000018 6.0000000000000018 8.9999999999999982 47 3 4.9999999999999991 3.0000000000000027 2.9999999999999982 3.0000000000000027 5 41 2.9999999999999991 94 23 3 4.0000000000000062 2.9999999999999991 5.9999999999999991 7 29 16.000000000000004 129 83 4.9999999999999991 31 4 12.999999999999998 44 3
leaf_count=605 30 4 6 9 47 3 5 3 3 3 5 41 3 94 23 3 4 3 6 7 29 16 129 83 5 31 4 13 44 3
internal_value=0.0443028 3.22562 6.77163 10.5391 2.4939 1.60799 7.0447 -0.963114 -0.106609 1.30786 -2.34323 2.05319 2.89845 2.65525 1.78415 15.9748 -1.03675 -0.219917 -0.979366 -0.00449549 3.97008 3.78366 -1.05857 -1.01473 3.44802 -1.24285 4.66471 -1.41447 -1.23291 3.16465
internal_weight=1264 304 52 23 252 79 14 960 76 29 8 71 173 141 26 9 884 23 47 10 32 29 861 688 21 37 8 17 173 6
internal_count=1264 304 52 23 252 79 14 960 76 29 8 71 173 141 26 9 884 23 47 10 32 29 861 688 21 37 8 17 173 6
is_linear=0
shrinkage=0.05


Tree=25
num_leaves=30
num_cat=0
split_feature=1 2 7 6 2 4 4 4 4 1 8 0 7 2 0 0 6 7 4 0 2 0 2 4 2 7 4 5 6
split_gain=1.28461e+06 179946 154509 66608 35065.9 42478.5 102236 17625.2 125989 15886.3 26201.2 22331.4 23002.3 11066.5 9511.02 21155.4 8761.75 3965.67 3806.97 17377.5 3590.8 3525.89 2721.37 2411.43 20402.3 1464.79 1141.51 752.391 185.136
threshold=18472.750000000004 9138.7100000000009 5.5000000000000009 50.500000000000007 13266.310000000001 43067.500000000007 43672.500000000007 44065.000000000007 43067.500000000007 12701.890000000001 2.5000000000000004 33416.05000000001 1.0000000180025095e-35 8685.5200000000023 37095.750000000007 37576.55000000001 46.500000000000007 1.5000000000000002 46105.000000000007 32169.150000000005 18429.970000000005 36871.250000000007 8286.7050000000017 36372.500000000007 21311.020000000004 4.5000000000000009 44585.000000000007 10.500000000000002 42.500000000000007
decision_type=2 2 2 2 2 2 2 2 2 2 2 2 2 2 2 2 2 2 2 2 2 2 2 2 2 2 2 2 2
left_child=9 2 21 22 7 17 -7 8 -3 14 18 20 -13 -5 23 -16 -9 -6 19 -11 -12 26 -4 24 -1 -25 -2 -23 -20
right_child=1 4 3 13 5 6 -8 16 -10 10 11 12 -14 -15 15 -17 -18 -19 28 -21 -22 27 -24 25 -26 -27 -28 -29 -30
leaf_value=2.6503137111663819 3.8390864054361957 3.7291905339558911 14.605322265625 9.1891436258951806 2.491305522260995 -3.5635694694519047 1.7437083599518759 3.9654214918613437 -6.2578787803649902 -1.9441655874252319 -1.3920978199351919 -0.72781550288200347 2.4944448471069336 5.3478840637207021 3.2630291938781735 -1.8793738365173338 2.9248576112227007 3.3047430007688465 -1.5578808148701988 1.3514312267303468 0.55942077636718757 4.8650802612304709 12.613169860839841 -1.0408970245909184 -0.95963003745118347 -1.2117963570600365 2.7486423651377359 3.8952922821044917 -1.1534843502044678
leaf_weight=3.9999999999999991 3.0000000000000009 15.000000000000002 2.9999999999999991 3 29 9.9999999999999982 98 32 3.9999999999999991 7.9999999999999991 10.999999999999998 8.0000000000000018 18 5 4 4 55 31 2.9999999999999991 7.9999999999999991 2.9999999999999991 2.9999999999999982 4 470 182 171 12 6 50
leaf_count=4 3 15 3 3 29 10 98 32 4 8 11 8 18 5 4 4 55 31 3 8 3 3 4 470 182 171 12 6 50
internal_value=-0.029395 2.7465 5.92419 9.90503 2.2942 1.8449 1.25229 3.00629 1.62665 -0.949791 -0.382083 0.636067 1.50298 6.78836 -1.0239 0.691828 3.30759 2.91158 -0.972315 -0.296367 -0.973915 3.43617 13.4669 -1.0405 -0.881997 -1.08649 2.96673 4.21855 -1.17637
internal_weight=1257 313 39 15 274 168 108 106 19 944 109 40 26 8 835 8 87 60 69 16 14 24 7 827 186 641 15 9 53
internal_count=1257 313 39 15 274 168 108 106 19 944 109 40 26 8 835 8 87 60 69 16 14 24 7 827 186 641 15 9 53
is_linear=0
shrinkage=0.05


Tree=26
num_leaves=29
num_cat=0
split_feature=3 7 4 0 3 4 1 8 0 0 7 0 4 4 1 1 6 3 4 6 0 0 6 4 4 6 1 1
split_gain=1.21249e+06 209304 273324 59162.5 28158.1 32522.8 21029.6 45487.8 22020.1 19488.2 14964.4 13937.6 11122.2 140426 9191.05 8316.94 6821.07 6009.31 4807.57 4528.27 3644.23 16424.6 3592.73 2137.61 11945.4 1390.86 1119.17 473.415
threshold=0.5300522912467337 5.5000000000000009 44810.000000000007 37153.100000000006 0.58370793923259201 47530.000000000007 12746.130000000003 2.5000000000000004 33416.05000000001 36837.200000000004 1.0000000180025095e-35 43142.900000000009 43672.500000000007 43067.500000000007 30128.780000000006 24599.690000000006 45.500000000000007 0.51901427390906807 42520.000000000007 43.500000000000007 37095.750000000007 37576.55000000001 58.500000000000007 42977.500000000007 42595.000000000007 47.500000000000007 27751.910000000003 12607.35
decision_type=2 2 2 2 2 2 2 2 2 2 2 2 2 2 2 2 2 2 2 2 2 2 2 2 2 2 2 2
left_child=6 4 3 26 5 9 20 17 19 -2 -10 22 13 -6 -5 -14 -7 18 -8 -9 23 -22 -4 24 -1 -13 -3 -25
right_child=1 2 11 14 12 16 7 8 10 -11 -12 25 15 -15 -16 -17 -18 -19 -20 -21 21 -23 -24 27 -26 -27 -28 -29
leaf_value=-0.98367639808341201 1.0652331352233888 9.2059898376464862 2.0477650741736086 13.339823532104489 3.0230800433592364 -0.35834367752075191 0.010702486038208009 0.83280239105224618 -0.077355957031250006 2.7344564739395594 2.0220743573945144 4.4388230005900065 2.2031166474024455 -5.131026903788249 17.000917561848954 3.1592933543184971 -3.3740951220194493 -3.2878410339355471 -1.1778891396104245 -1.3587057287042792 3.0370994567871086 -1.6425852775573728 -0.07141319910685219 -1.096589169446488 -0.20582422724476568 3.4317638874053955 8.0232110977172848 -1.5161103793552944
leaf_weight=574 36 3.9999999999999982 6.0000000000000018 4 44 5 9.9999999999999982 2.9999999999999991 11.999999999999998 34 29 5.9999999999999991 30 5.9999999999999991 3 94 3 2.9999999999999991 57 10.999999999999998 3 5 3 171 54 7.9999999999999991 4 6.9999999999999991
leaf_count=574 36 4 6 4 44 5 10 3 12 34 29 6 30 6 3 94 3 3 57 11 3 5 3 171 54 8 4 7
internal_value=0.0158934 2.84186 6.30101 11.5519 2.32025 1.53084 -0.856877 -0.253053 0.822991 1.876 1.40761 2.8765 2.67412 2.04459 14.9089 2.92796 -1.48925 -1.09852 -1.00049 -0.889097 -0.949602 0.112296 1.34137 -0.960142 -0.916791 3.86336 8.6146 -1.11309
internal_weight=1229 290 38 15 252 78 939 125 55 70 41 23 174 50 7 124 8 70 67 14 814 8 9 806 628 14 8 178
internal_count=1229 290 38 15 252 78 939 125 55 70 41 23 174 50 7 124 8 70 67 14 814 8 9 806 628 14 8 178
is_linear=0
shrinkage=0.05


Tree=27
num_leaves=28
num_cat=0
split_feature=1 2 7 6 1 4 1 4 5 7 4 2 7 2 4 1 8 7 6 0 1 0 4 5 2 0 1
split_gain=1.10668e+06 217840 183432 111982 43068.7 34318.9 30449.4 24899.3 56872 22352.6 14837.5 10130.1 9290.86 8014.2 7681.39 7183.83 20336.4 22900.2 5348.07 2985.76 2710.97 2268.29 2303.32 1004.03 526.599 358.842 74.3408
threshold=19692.670000000002 9138.7100000000009 5.5000000000000009 50.500000000000007 18196.860000000004 43067.500000000007 27751.910000000003 47530.000000000007 13.500000000000002 1.0000000180025095e-35 43067.500000000007 8441.9900000000016 5.5000000000000009 7781.8900000000003 44395.000000000007 13084.870000000003 2.5000000000000004 5.5000000000000009 42.500000000000007 33196.500000000007 28857.775000000001 37378.950000000004 36372.500000000007 10.500000000000002 16433.325000000004 36221.600000000006 18634.700000000001
decision_type=2 2 2 2 2 2 2 2 2 2 2 2 2 2 2 2 2 2 2 2 2 2 2 2 2 2 2
left_child=4 2 20 13 15 24 7 10 -9 -7 -3 -5 -11 -4 -8 21 19 -18 -16 -17 25 22 -1 -22 26 -2 -6
right_child=1 6 3 11 5 9 14 8 -10 12 -12 -13 -14 -15 18 16 17 -19 -20 -21 23 -23 -24 -25 -26 -27 -28
leaf_value=-0.78424245278928539 2.2094933986663796 2.7394029511345757 15.874722290039049 8.0259372711181651 2.4265491167704258 3.5826187769571898 0.77934913635253911 1.5625012079874672 -5.1474683284759521 -1.541440683252671 1.7227452134626493 4.7775297800699859 1.1368224143981933 12.709639104207355 4.5682447433471678 -1.875199646419949 -0.036403107643127444 3.637119116783142 3.1549601624651658 -0.88278573950131745 4.4638617197672543 0.12454717636108399 -0.98617448053017864 3.3705752508980886 2.9128430938720706 2.7786632537841798 2.177650229136149
leaf_weight=179 4.0000000000000027 54 3.0000000000000018 3.9999999999999982 6.0000000000000018 3.0000000000000027 2.9999999999999991 15.000000000000002 3.9999999999999991 17.000000000000004 107 6 3.9999999999999991 6 7.9999999999999991 8.9999999999999982 28 4.9999999999999991 41 48 2.9999999999999982 4.9999999999999991 669 7 4.9999999999999991 8.9999999999999982 6
leaf_count=179 4 54 3 4 6 3 3 15 4 17 107 6 4 6 8 9 28 5 41 48 3 5 669 7 5 9 6
internal_value=-0.0409241 2.76945 6.08292 9.71847 -0.823487 0.762928 2.1696 1.86172 0.149876 -0.454556 2.06374 6.07689 -1.0313 13.7647 3.23533 -0.892462 -0.467602 0.520191 3.3857 -1.03948 3.07963 -0.937289 -0.94355 3.69856 2.48173 2.60353 2.3021
internal_weight=1258 274 42 19 984 41 232 180 19 24 161 10 21 9 52 943 90 33 49 57 23 853 848 10 17 13 12
internal_count=1258 274 42 19 984 41 232 180 19 24 161 10 21 9 52 943 90 33 49 57 23 853 848 10 17 13 12
is_linear=0
shrinkage=0.05


Tree=28
num_leaves=30
num_cat=0
split_feature=3 3 4 6 0 4 4 4 0 3 0 0 7 7 7 2 4 0 0 6 0 0 3 3 6 2 4 2 3
split_gain=985626 175754 139918 118813 24981.4 40939.7 22553.4 79266.8 112532 32764.8 19737.4 17151.7 10313.2 9374.82 8454.47 6884.47 42572 14507.3 10221.1 5706.53 2907.73 2856.81 2382.48 2755.84 2308.14 1210.38 1178.58 890.078 114.922
threshold=0.5300522912467337 0.74582220185945214 44810.000000000007 50.500000000000007 36837.200000000004 47530.000000000007 42910.000000000007 43672.500000000007 35834.450000000004 0.61302705126697876 36463.05000000001 37974.80000000001 1.5000000000000002 2.5000000000000004 5.5000000000000009 21201.335000000003 39295.000000000007 29631.850000000002 33284.000000000007 58.500000000000007 38913.750000000007 39334.30000000001 0.36126085066595354 0.35569412662995065 42.500000000000007 19017.475000000002 46105.000000000007 22017.370000000006 0.50631716952207639
decision_type=2 2 2 2 2 2 2 2 2 2 2 2 2 2 2 2 2 2 2 2 2 2 2 2 2 2 2 2 2
left_child=4 6 3 11 15 14 12 8 -8 -9 -5 -3 20 -14 27 16 17 -1 -18 24 -2 25 23 -17 -4 -7 -24 -6 -16
right_child=1 2 19 10 5 21 7 9 -10 -11 -12 -13 13 -15 28 22 18 -19 -20 -21 -22 -23 26 -25 -26 -27 -28 -29 -30
leaf_value=-0.98905620574951181 2.1506997877551663 11.363879089355464 4.2746689796447681 2.9482958602905276 2.4205346584320062 -0.035778649648030562 2.1677248318990072 1.1350809070832877 -3.6961232248942064 2.7008984474908737 6.9528746128082277 16.146028137207026 4.2824022629681755 2.1082815851484025 0.9203662753105164 -0.89944105970916211 -1.0964950161510045 2.9335140921852805 -0.089519141742161357 0.86526260375976571 3.7809156417846683 0.42955884933471683 -1.8866353564792211 0.27838877677917478 2.958955354690552 -1.0925280026027135 -1.0215910502842493 3.3834287007649735 1.2486025929450983
leaf_weight=2.9999999999999991 31 5.0000000000000018 4.0000000000000062 4.9999999999999991 4 3.0000000000000027 18 49 14.999999999999998 105 7.9999999999999991 3 17.000000000000004 6.9999999999999991 7.9999999999999991 736 90 10.999999999999998 35 2.9999999999999991 2.9999999999999991 3.9999999999999991 8.9999999999999982 4.9999999999999991 20 28 6.9999999999999991 6 4.0000000000000009
leaf_count=3 31 5 4 5 4 3 18 49 15 105 8 3 17 7 8 736 90 11 35 3 3 4 9 5 20 28 7 6 4
internal_value=-0.000822089 2.53536 5.30199 8.36295 -0.78057 0.234389 1.99332 1.72615 -0.497661 2.20268 5.41265 13.1572 2.85471 3.64828 1.92455 -0.845138 -0.5217 2.09296 -0.814542 2.92124 2.29454 -0.827997 -0.904528 -0.891493 3.17824 -0.990262 -1.50818 2.99827 1.02978
internal_weight=1246 293 48 21 953 57 245 187 33 154 13 8 58 24 22 896 139 14 125 27 34 35 757 741 24 31 16 10 12
internal_count=1246 293 48 21 953 57 245 187 33 154 13 8 58 24 22 896 139 14 125 27 34 35 757 741 24 31 16 10 12
is_linear=0
shrinkage=0.05


Tree=29
num_leaves=31
num_cat=0
split_feature=3 3 4 0 0 4 4 0 0 0 4 1 7 6 1 4 0 2 1 1 7 4 4 4 2 2 1 6 0 6
split_gain=862102 171544 118119 72580.8 21940.7 55142.1 29348.5 20544.9 15937.6 13584 38837.4 5836.2 5191.04 5012.96 4517.63 19212.1 16234.6 4325.44 4015.39 3007.65 8871.74 2987.96 1815.77 2909.37 902.481 638.992 489.592 263.719 113.641 16.0489
threshold=0.5300522912467337 0.73973307376995001 44810.000000000007 36837.200000000004 39550.700000000004 47530.000000000007 43067.500000000007 38692.450000000004 36463.05000000001 36837.200000000004 45602.500000000007 30128.780000000006 5.5000000000000009 44.500000000000007 12701.890000000001 44860.000000000007 32120.100000000002 11282.180000000002 33037.600000000006 18965.035000000003 1.5000000000000002 44810.000000000007 30732.500000000004 37740.000000000007 16925.210000000003 26517.870000000006 13976.625000000002 41.500000000000007 38763.900000000009 58.500000000000007
decision_type=2 2 2 2 2 2 2 2 2 2 2 2 2 2 2 2 2 2 2 2 2 2 2 2 2 2 2 2 2 2
left_child=9 4 3 8 5 6 -2 -7 -3 14 12 -5 26 27 22 16 -16 -6 -15 25 -21 -19 29 -24 -17 -12 -11 -4 -14 -1
right_child=1 2 13 11 17 7 -8 -9 -10 10 19 -13 28 18 15 24 -18 21 -20 20 -22 -23 23 -25 -26 -27 -28 -29 -30 -31
leaf_value=-1.0629202351425633 2.4728322759851231 2.9516079425811745 4.3896595001220655 10.58460479736328 0.80636889139811196 -4.9468488693237322 1.1823995485757162 -0.13924638748168944 6.7447684393988716 3.0285816955566403 -1.0220202034917372 13.374156951904295 1.1159098815917967 2.7782428180470182 -1.710218484061105 -0.46882438659667969 0.98191943956272942 3.9214249038696289 0.79414145151774096 2.1056832949320476 -1.4912534475326535 2.6394813861846926 -0.62303044950453257 -0.86092741820610041 -1.1794294731957573 -1.7885569890340169 2.328873252868652 3.7695055484771722 0.72665171623229963 -1.1425421169825964
leaf_weight=66 77 4.0000000000000027 3.0000000000000027 5 2.9999999999999991 3.9999999999999982 103 5 8.9999999999999982 5 29 3 5 17.000000000000004 6.9999999999999991 4.9999999999999991 28 4.9999999999999991 2.9999999999999991 2.9999999999999991 4 50 164 594 42 2.9999999999999991 5 4 3 6.9999999999999991
leaf_count=66 77 4 3 5 3 4 103 5 9 5 29 3 5 17 7 5 28 5 3 3 4 50 164 594 42 3 5 4 3 7
internal_value=-0.0308739 2.33602 5.07113 7.88356 1.8045 1.54345 1.73442 -2.27596 5.57764 -0.750703 -0.00184985 11.6307 1.91927 2.88369 -0.797455 -0.44339 0.443492 2.65518 2.48063 -0.888518 0.0502909 2.75602 -0.832393 -0.809456 -1.10383 -1.09388 2.67873 4.03529 0.969938 -1.07056
internal_weight=1265 295 48 21 247 189 180 9 13 970 57 8 18 27 913 82 35 58 20 39 7 55 831 758 47 32 10 7 8 73
internal_count=1265 295 48 21 247 189 180 9 13 970 57 8 18 27 913 82 35 58 20 39 7 55 831 758 47 32 10 7 8 73
is_linear=0
shrinkage=0.05


Tree=30
num_leaves=31
num_cat=0
split_feature=3 7 0 0 1 4 4 4 3 4 0 0 4 4 1 4 0 4 3 4 0 0 8 3 4 4 6 5 0 6
split_gain=759538 141755 169423 47728.1 30010.7 24919.8 17523 187070 15654 30736.2 11574.5 11067.8 7863.15 18713.2 7736.83 7219.78 6953.67 5288.97 4243.11 43122.9 34595.1 3534.27 3282.55 3211.39 2930.39 5234.11 1752.25 1052.72 302.12 104.825
threshold=0.5418399451924788 5.5000000000000009 38728.150000000001 36837.200000000004 15975.090000000002 46105.000000000007 43672.500000000007 43067.500000000007 0.61302705126697876 47530.000000000007 39550.700000000004 37974.80000000001 42977.500000000007 43672.500000000007 20470.870000000006 44585.000000000007 43142.900000000009 36090.000000000007 0.29845284983275794 39295.000000000007 30383.250000000004 36615.450000000004 2.5000000000000004 0.52484115217086147 34325.000000000007 36372.500000000007 58.500000000000007 10.500000000000002 35756.200000000004 42.500000000000007
decision_type=2 2 2 2 2 2 2 2 2 2 2 2 2 2 2 2 2 2 2 2 2 2 2 2 2 2 2 2 2 2
left_child=4 6 3 21 18 12 7 17 9 -8 23 -5 28 -14 -9 -10 26 -2 24 20 -20 -3 -21 -7 29 -26 -4 -18 -6 -1
right_child=1 2 16 11 5 10 8 14 15 -11 -12 -13 13 -15 -16 -17 27 -19 19 22 -22 -23 -24 -25 25 -27 -28 -29 -30 -31
leaf_value=-0.8760322769934481 1.7087064425150555 7.2598476409912109 2.0208850483099612 10.080504608154294 2.8989339192708345 -0.82952374582705257 1.8857674998817622 -1.7277619361877443 3.2837774710221725 -2.3820260620117191 2.2167761484781905 13.800011444091794 -1.6892730216185243 1.446200029746346 -4.5923262856223372 2.2765486260896091 3.909144401550293 2.6631523964252879 6.6550006866454998 -0.95364591763398365 0.80395336747169499 4.9895730972290027 -0.54514245896467139 -2.3645092010498048 -0.26991792379641066 -0.80026029569922752 0.66986386775970441 2.9342720667521163 2.2844017982482909 -1.0378490559689633
leaf_weight=10.999999999999998 21 3.9999999999999991 6.0000000000000018 4 2.9999999999999982 23.000000000000007 27 2.9999999999999991 22 4.9999999999999991 2.9999999999999991 4 6.0000000000000027 23 10.999999999999998 93 3.9999999999999991 47 3.0000000000000027 107 15.999999999999998 3 91 3.9999999999999991 51 530 4 8.9999999999999982 6 111
leaf_count=11 21 4 6 4 3 23 27 3 22 5 3 4 6 23 11 93 4 47 3 107 16 3 91 4 51 530 4 9 6 111
internal_value=-0.0264685 2.3397 5.16789 9.30201 -0.665909 0.347697 1.87039 1.28478 2.19706 1.21892 -0.729558 11.9403 1.19816 0.797481 -3.97849 2.46924 2.47173 2.3684 -0.740827 -0.547557 1.7278 6.28687 -0.765899 -1.05693 -0.800486 -0.753707 1.48048 3.23423 2.48925 -1.02326
internal_weight=1255 267 38 15 988 68 229 82 147 32 30 8 38 29 14 115 23 68 920 217 19 7 198 27 703 581 10 13 9 122
internal_count=1255 267 38 15 988 68 229 82 147 32 30 8 38 29 14 115 23 68 920 217 19 7 198 27 703 581 10 13 9 122
is_linear=0
shrinkage=0.05


Tree=31
num_leaves=26
num_cat=0
split_feature=3 3 7 3 7 8 8 7 0 8 7 7 0 1 0 2 0 8 1 0 5 2 1 6 2
split_gain=744483 127358 66964 45115.9 19202.3 49983.5 13763.6 16425.9 10116.9 27106.1 8745.69 5518.57 3891.3 9678.5 12763.9 2740.46 2786.23 2363.16 2965.46 2355.46 928.213 765.792 371.09 341.687 165.276
threshold=0.5300522912467337 0.79188783912384364 5.5000000000000009 0.73364983533705985 5.5000000000000009 2.5000000000000004 3.5000000000000004 2.5000000000000004 36912.700000000004 2.5000000000000004 1.5000000000000002 5.5000000000000009 35834.450000000004 14637.655000000001 33284.000000000007 20966.150000000005 38832.100000000006 2.5000000000000004 12861.764999999999 34866.400000000009 10.500000000000002 18429.970000000005 13976.625000000002 47.500000000000007 19923.025000000005
decision_type=2 2 2 2 2 2 2 2 2 2 2 2 2 2 2 2 2 2 2 2 2 2 2 2 2
left_child=8 3 -3 6 20 -6 7 -2 12 15 -8 22 13 19 -15 16 -10 21 -19 -1 -5 -14 -11 -17 -13
right_child=1 2 -4 4 5 -7 10 -9 9 11 -12 24 17 14 -16 23 -18 18 -20 -21 -22 -23 -24 -25 -26
leaf_value=-0.74060333481752549 1.0566975031958685 3.2274254322052012 11.906972808837889 3.1594582557678197 2.57329443522862 7.3492702060275592 1.7056235373020172 1.9693955952968072 -1.0190697193145755 2.9044097900390637 3.2419638048518786 0.55618985891342154 -1.6947848955790203 -1.3680838108062741 1.0538481509860824 -1.1797777764937454 0.75138376235961912 -1.1531215674347348 -2.6718288803100587 -0.3867159175872803 2.3314413981004196 -0.86041404695221879 2.2009994943936659 -0.78351371884346011 1.0107164442539214
leaf_weight=789 90 3.9999999999999982 5 4.0000000000000027 14 9 15.999999999999998 109 3.9999999999999982 4.9999999999999973 22 4 2.9999999999999991 8.0000000000000018 17 17.000000000000004 5 8.9999999999999982 4.9999999999999991 50 22 33 3 7.9999999999999991 4
leaf_count=789 90 4 5 4 14 9 16 109 4 5 22 4 3 8 17 17 5 9 5 50 22 33 3 8 4
internal_value=-0.00495919 2.19296 8.0494 2.00867 3.38978 4.44215 1.72312 1.55662 -0.677559 0.0149796 2.59508 1.71204 -0.715445 -0.690626 0.27883 -0.783638 -0.0354845 -1.14431 -1.69552 -0.719514 2.45883 -0.929945 2.64063 -1.05297 0.783453
internal_weight=1259 295 9 286 49 23 237 199 964 50 38 16 914 864 25 34 9 50 14 839 26 36 8 25 8
internal_count=1259 295 9 286 49 23 237 199 964 50 38 16 914 864 25 34 9 50 14 839 26 36 8 25 8
is_linear=0
shrinkage=0.05


Tree=32
num_leaves=28
num_cat=0
split_feature=1 3 4 6 4 4 3 0 0 1 8 2 7 1 0 2 6 0 0 0 4 4 3 3 6 0 0
split_gain=616985 133170 75672.5 107521 19551 165770 27204.3 13264.8 13203.6 9823.79 18043.7 19718.5 13209.8 10839.2 9132.54 6669.17 4792.45 4387.88 13280.9 3363.34 25296 2882.68 1984.82 3293.94 1802.98 993.135 913.633
threshold=18196.860000000004 0.73364983533705985 44810.000000000007 50.500000000000007 43067.500000000007 43672.500000000007 0.61302705126697876 36345.05000000001 36463.05000000001 13084.870000000003 2.5000000000000004 18692.005000000001 5.5000000000000009 17649.665000000005 37974.80000000001 11683.090000000002 58.500000000000007 37095.750000000007 37576.55000000001 32981.350000000006 45602.500000000007 36090.000000000007 0.37302609144693827 0.35898485867638524 42.500000000000007 34238.200000000004 30168.550000000003
decision_type=2 2 2 2 2 2 2 2 2 2 2 2 2 2 2 2 2 2 2 2 2 2 2 2 2 2 2
left_child=9 4 3 14 15 7 -7 -6 -5 17 19 13 -13 -12 -3 -2 24 22 -19 26 -21 -17 23 -1 -4 -24 -11
right_child=1 2 16 8 5 6 -8 -9 -10 10 11 12 -14 -15 -16 21 -18 18 -20 20 -22 -23 25 -25 -26 -27 -28
leaf_value=-0.72187560986503585 4.4271401723225914 9.2498968124389602 3.8237110137939361 2.4318827390670767 -2.1960659027099605 0.91029263453351139 2.2018461032433714 -4.9276354312896729 5.223614014519586 -1.2538525581359865 -1.1514374958617344 1.1066599830985069 4.3191632270812992 2.1603990554809571 12.628605270385741 1.53037044888451 0.56271762847900397 2.5309994697570808 -1.3343564033508299 3.8925301869710291 -0.84006700515747079 2.2327343324820204 -0.98898461097624235 0.051903009414672852 2.5264900588989256 -1.9314119656880697 -2.3225157737731927
leaf_weight=782 2.9999999999999991 4.0000000000000018 3.0000000000000062 8.0000000000000018 10.000000000000002 72 94 7.9999999999999991 8.9999999999999982 5.9999999999999982 14.000000000000002 16.000000000000004 3.9999999999999991 2.9999999999999991 4 21 2.9999999999999991 3.9999999999999982 5 2.9999999999999991 48 48 41 13.999999999999998 25 2.9999999999999991 3
leaf_count=782 3 4 3 8 10 72 94 8 9 6 14 16 4 3 4 21 3 4 5 3 48 48 41 14 25 3 3
internal_value=-0.024194 1.90393 4.11256 6.15926 1.42079 1.14746 1.64165 -3.4101 3.90986 -0.660108 -0.183423 0.684981 1.74916 -0.566996 10.9393 2.11931 2.46199 -0.714571 0.38358 -0.718938 -0.561679 2.01897 -0.726337 -0.708266 2.66548 -1.05324 -1.61007
internal_weight=1258 312 56 25 256 184 166 18 17 946 97 37 20 17 8 72 31 849 9 60 51 69 840 796 28 44 9
internal_count=1258 312 56 25 256 184 166 18 17 946 97 37 20 17 8 72 31 849 9 60 51 69 840 796 28 44 9
is_linear=0
shrinkage=0.05


Tree=33
num_leaves=31
num_cat=0
split_feature=3 2 7 6 2 4 4 1 4 2 4 4 3 2 7 7 8 4 5 2 4 7 6 2 1 6 6 4 1 1
split_gain=663267 126886 116582 52905.2 16536.5 18394.5 74924 10413.9 14133.1 16840.3 6064.98 47656 6010.28 6004 5999.9 3602.1 3123.77 4298.68 5961.8 4386.53 3103.73 3048.51 1861.64 4405.55 1681.92 1080.72 1051.39 832.664 690.748 388.151
threshold=0.5300522912467337 9138.7100000000009 5.5000000000000009 50.500000000000007 12439.225 43067.500000000007 43672.500000000007 14637.655000000001 46105.000000000007 17687.685000000001 42910.000000000007 44065.000000000007 0.79769226454630082 8441.9900000000016 1.0000000180025095e-35 1.0000000180025095e-35 2.5000000000000004 45077.500000000007 11.500000000000002 21605.060000000005 42277.500000000007 4.5000000000000009 41.500000000000007 22017.370000000006 28857.775000000001 57.500000000000007 42.500000000000007 44585.000000000007 9322.0550000000021 28973.680000000004
decision_type=2 2 2 2 2 2 2 2 2 2 2 2 2 2 2 2 2 2 2 2 2 2 2 2 2 2 2 2 2 2
left_child=7 2 24 12 10 20 -7 16 9 21 25 -12 -4 -5 -11 -10 22 19 -19 -18 -6 -9 23 -1 27 -3 -17 -2 -24 -26
right_child=1 4 3 13 5 6 -8 8 15 14 11 -13 -14 -15 -16 26 17 18 -20 -21 -22 -23 28 -25 29 -27 -28 -29 -30 -31
leaf_value=1.5113728086153666 2.6528839747110986 3.0620381546020505 9.2113014221191385 6.5559794108072937 2.3220083931514197 -2.7763671318689984 1.4324049078346639 -0.027487270037333172 0.92270388603210451 -0.037209157148996967 -3.2537668704986573 2.3402584975278833 11.886203257242835 3.8164537747701006 1.7655508636683228 -1.7775986035664877 -0.12407419871200215 1.9155296615324915 -0.33859539255499843 -0.64992014636373652 1.6512549147886391 -1.5633793898991175 -0.7419676543313003 -0.67327456951141362 3.2393610636393242 4.2624401092529283 -0.79867081493139269 1.7131350343877618 -0.8975335328475289 2.5595930780683247
leaf_weight=2.9999999999999991 3.0000000000000009 5 7.0000000000000018 2.9999999999999982 35 11.999999999999998 89 5.9999999999999982 2.9999999999999991 6.0000000000000027 3.9999999999999991 79 3 6 20 2.9999999999999991 44 3.9999999999999991 10.999999999999998 402 34 7 318 9.9999999999999982 2.9999999999999982 3 32 11 92 7
leaf_count=3 3 5 7 3 35 12 89 6 3 6 4 79 3 6 20 3 44 4 11 402 34 7 318 10 3 3 32 11 92 7
internal_value=0.0324397 2.06805 4.58472 7.51076 1.65342 1.36224 0.932353 -0.611498 -0.0538048 0.614851 2.19739 2.07067 10.0138 4.72963 1.34953 -0.740057 -0.660076 -0.570043 0.262505 -0.598043 1.99149 -0.854506 -0.758197 -0.169125 2.26827 3.51219 -0.882579 1.91451 -0.776875 2.76352
internal_weight=1265 304 43 19 261 170 101 961 77 39 91 83 10 9 26 38 884 461 15 446 69 13 423 13 24 8 35 14 410 10
internal_count=1265 304 43 19 261 170 101 961 77 39 91 83 10 9 26 38 884 461 15 446 69 13 423 13 24 8 35 14 410 10
is_linear=0
shrinkage=0.05


Tree=34
num_leaves=30
num_cat=0
split_feature=3 2 4 6 2 4 4 4 4 4 5 2 1 4 2 1 7 4 8 4 5 7 1 7 4 6 1 5 2
split_gain=526761 105818 74417.9 55844.2 14474.5 20384.4 93129 8139.43 58318.9 7129.79 6148.25 5929.51 5916.73 14967.1 6111.66 3218.23 3205.67 2288.66 2159.37 9726.82 8126.66 5121.13 1374.01 1260.2 2812.87 989.678 960.125 883.385 491.867
threshold=0.5300522912467337 9138.7100000000009 44810.000000000007 50.500000000000007 12173.620000000001 43067.500000000007 43672.500000000007 44065.000000000007 43067.500000000007 44735.000000000007 10.500000000000002 8441.9900000000016 15975.090000000002 46105.000000000007 16799.025000000005 29284.870000000003 5.5000000000000009 36090.000000000007 2.5000000000000004 45077.500000000007 11.500000000000002 2.5000000000000004 28857.775000000001 2.5000000000000004 43767.500000000007 46.500000000000007 18196.860000000004 11.500000000000002 19420.150000000005
decision_type=2 2 2 2 2 2 2 2 2 2 2 2 2 2 2 2 2 2 2 2 2 2 2 2 2 2 2 2 2
left_child=12 2 3 15 7 17 -7 8 -3 -5 -9 22 18 14 -14 -2 -16 -6 23 21 -21 -20 -4 24 -1 26 -15 -27 -25
right_child=1 4 11 9 5 6 -8 10 -10 -11 -12 -13 13 25 16 -17 -18 -19 19 20 -22 -23 -24 28 -26 27 -28 -29 -30
leaf_value=-0.45790937079582367 7.890053812662754 3.4506870587666834 1.6891943740844715 2.2933654785156263 1.4007782645847486 -2.7670328080654145 1.3660151794552804 3.0275472192203297 -5.0873821258544911 4.8787434577941884 1.9268350028991699 0.17092075347900393 -0.91225295066833412 -0.75842340333121139 1.9226755844222172 9.8957417805989571 0.62195245146751399 1.9963652928670248 -0.8192416770505675 2.3124555587768536 -0.086790909742315625 -0.47339955027294112 2.7229616589016388 -1.0228597436632429 -0.82308870404958734 0.18935348192850751 -1.5865558079310826 -0.80137322213914663 -0.76860975605426451
leaf_weight=117 3.0000000000000018 5.9999999999999982 5.0000000000000027 3.9999999999999973 23 15.999999999999998 92 17 3 8 50 3.9999999999999991 4.0000000000000027 7.0000000000000018 9 6 10 54 168 5.0000000000000027 11.999999999999998 295 8.9999999999999982 21 96 2.9999999999999991 7 8.9999999999999982 202
leaf_count=117 3 6 5 4 23 16 92 17 3 8 50 4 4 7 9 6 10 54 168 5 12 295 9 21 96 3 7 9 202
internal_value=-0.0314004 1.79853 4.2278 6.24991 1.43553 1.19688 0.753712 2.01647 0.604664 4.01695 2.20612 1.86868 -0.600291 -0.064991 0.864113 9.22718 1.23808 1.81846 -0.628926 -0.55576 0.61887 -0.598889 2.35376 -0.709475 -0.622497 -0.886891 -1.17249 -0.553692 -0.792553
internal_weight=1265 300 39 21 261 185 108 76 9 12 67 18 965 49 23 9 19 77 916 480 17 463 14 436 213 26 14 12 223
internal_count=1265 300 39 21 261 185 108 76 9 12 67 18 965 49 23 9 19 77 916 480 17 463 14 436 213 26 14 12 223
is_linear=0
shrinkage=0.05


Tree=35
num_leaves=29
num_cat=0
split_feature=3 3 4 0 4 4 4 4 4 0 1 4 7 3 0 6 3 6 7 0 0 0 0 0 1 1 3 3
split_gain=491751 85576.8 54089.3 71258.5 17227 28544.3 92253.5 18784.8 12361.4 9700.7 7706.52 15051.9 11731.4 13637.8 9075.47 7688.33 5671.12 4864.32 5732.16 3182.33 10122.9 2579.23 2053.47 2515.63 1981.23 1925.85 1595.76 290.061
threshold=0.51901427390906807 0.73364983533705985 44810.000000000007 36837.200000000004 40095.000000000007 43672.500000000007 43067.500000000007 44585.000000000007 36090.000000000007 36463.05000000001 13084.870000000003 44860.000000000007 2.5000000000000004 0.41745675134688681 35834.450000000004 59.500000000000007 0.79769226454630082 42.500000000000007 1.5000000000000002 37095.750000000007 37576.55000000001 36871.250000000007 32708.850000000002 26947.750000000004 12119.845000000001 21129.100000000006 0.36126085066595354 0.60544694517316822
decision_type=2 2 2 2 2 2 2 2 2 2 2 2 2 2 2 2 2 2 2 2 2 2 2 2 2 2 2 2
left_child=10 4 3 9 8 6 -6 -7 27 -3 19 12 14 -14 -12 21 -5 18 -13 22 -21 -4 23 -1 -24 -10 -19 -2
right_child=1 2 15 16 5 7 -8 -9 25 -11 11 17 13 -15 -16 -17 -18 26 -20 20 -22 -23 24 -25 -26 -27 -28 -29
leaf_value=-0.76650660688226879 1.2663295666376746 2.0890858769416791 1.6712588416205514 8.0472891235351565 1.5103350614890074 2.3346498074738875 -2.9033229771782372 1.1193907375221404 2.5957026072910843 4.4820146136813692 0.57451383307576198 1.6360902404785156 3.935371112823483 0.7499077320098877 -2.6207800865173336 -0.23664852778116863 10.797105916341144 0.15418526649475098 -1.1284850597381588 2.1930502891540531 -1.1816074848175047 2.6533260712256799 -0.71152302156137759 -0.52803847028675388 -1.2237224419911703 3.6565963398326526 -0.77437615048500807 1.6713263647896903
leaf_weight=143 12.000000000000002 8.0000000000000053 8.9999999999999982 5 39 46 17 103 7.0000000000000027 8.9999999999999982 4.9999999999999982 5 4.0000000000000027 21 4 2.9999999999999991 3 4.9999999999999991 3 3.9999999999999982 5 26 187 488 21 10.999999999999998 62 6.9999999999999991
leaf_count=143 12 8 9 5 39 46 17 103 7 9 5 5 4 21 4 3 3 5 3 4 5 26 187 488 21 11 62 7
internal_value=-0.00889585 1.73942 3.3809 5.18714 1.31209 1.13287 0.170475 1.49457 2.30507 3.35593 -0.56609 -0.170334 0.702323 1.25958 -0.845617 2.19258 9.07847 -0.565939 0.599375 -0.61696 0.31824 2.40079 -0.626992 -0.582081 -0.763235 3.24403 -0.705081 1.41554
internal_weight=1262 305 63 25 242 205 56 149 37 17 957 109 34 25 9 38 8 75 8 848 9 35 839 631 208 18 67 19
internal_count=1262 305 63 25 242 205 56 149 37 17 957 109 34 25 9 38 8 75 8 848 9 35 839 631 208 18 67 19
is_linear=0
shrinkage=0.05


end of trees

feature_importances:
thermal_on_capacity=223
total_load=191
net_load=119
renewable_power=110
thermal_space_load_ratio=108
weekday=98
period=82
month=46
hour=42

parameters:
[boosting: gbdt]
[objective: regression]
[metric: rmse]
[tree_learner: serial]
[device_type: cpu]
[data_sample_strategy: bagging]
[data: ]
[valid: ]
[num_iterations: 400]
[learning_rate: 0.05]
[num_leaves: 31]
[num_threads: 0]
[seed: 42]
[deterministic: 0]
[force_col_wise: 0]
[force_row_wise: 0]
[histogram_pool_size: -1]
[max_depth: 5]
[min_data_in_leaf: 3]
[min_sum_hessian_in_leaf: 0.001]
[bagging_fraction: 0.85]
[pos_bagging_fraction: 1]
[neg_bagging_fraction: 1]
[bagging_freq: 1]
[bagging_seed: 400]
[bagging_by_query: 0]
[feature_fraction: 0.85]
[feature_fraction_bynode: 1]
[feature_fraction_seed: 30056]
[extra_trees: 0]
[extra_seed: 12879]
[early_stopping_round: 0]
[early_stopping_min_delta: 0]
[first_metric_only: 0]
[max_delta_step: 0]
[lambda_l1: 0]
[lambda_l2: 0]
[linear_lambda: 0]
[min_gain_to_split: 0]
[drop_rate: 0.1]
[max_drop: 50]
[skip_drop: 0.5]
[xgboost_dart_mode: 0]
[uniform_drop: 0]
[drop_seed: 17869]
[top_rate: 0.2]
[other_rate: 0.1]
[min_data_per_group: 100]
[max_cat_threshold: 32]
[cat_l2: 10]
[cat_smooth: 10]
[max_cat_to_onehot: 4]
[top_k: 20]
[monotone_constraints: ]
[monotone_constraints_method: basic]
[monotone_penalty: 0]
[feature_contri: ]
[forcedsplits_filename: ]
[refit_decay_rate: 0.9]
[cegb_tradeoff: 1]
[cegb_penalty_split: 0]
[cegb_penalty_feature_lazy: ]
[cegb_penalty_feature_coupled: ]
[path_smooth: 0]
[interaction_constraints: ]
[verbosity: -1]
[saved_feature_importance_type: 0]
[use_quantized_grad: 0]
[num_grad_quant_bins: 4]
[quant_train_renew_leaf: 0]
[stochastic_rounding: 1]
[linear_tree: 0]
[max_bin: 255]
[max_bin_by_feature: ]
[min_data_in_bin: 3]
[bin_construct_sample_cnt: 200000]
[data_random_seed: 175]
[is_enable_sparse: 1]
[enable_bundle: 1]
[use_missing: 1]
[zero_as_missing: 0]
[feature_pre_filter: 1]
[pre_partition: 0]
[two_round: 0]
[header: 0]
[label_column: ]
[weight_column: ]
[group_column: ]
[ignore_column: ]
[categorical_feature: ]
[forcedbins_filename: ]
[precise_float_parser: 0]
[parser_config_file: ]
[objective_seed: 16083]
[num_class: 1]
[is_unbalance: 0]
[scale_pos_weight: 1]
[sigmoid: 1]
[boost_from_average: 1]
[reg_sqrt: 0]
[alpha: 0.9]
[fair_c: 1]
[poisson_max_delta_step: 0.7]
[tweedie_variance_power: 1.5]
[lambdarank_truncation_level: 30]
[lambdarank_norm: 1]
[label_gain: ]
[lambdarank_position_bias_regularization: 0]
[eval_at: ]
[multi_error_top_k: 1]
[auc_mu_weights: ]
[num_machines: 1]
[local_listen_port: 12400]
[time_out: 120]
[machine_list_filename: ]
[machines: ]
[gpu_platform_id: -1]
[gpu_device_id: -1]
[gpu_use_dp: 0]
[num_gpu: 1]

end of parameters

pandas_categorical:[]
