tree
version=v4
num_class=1
num_tree_per_iteration=1
label_index=0
max_feature_idx=18
objective=regression
feature_names=total_load net_load renewable_power thermal_space_load_ratio thermal_on_capacity hour period weekday month is_weekend is_holiday price_lag_1d price_lag_2d price_lag_3d price_lag_7d price_ma_3d price_ma_7d price_std_7d net_load_lag_1d
feature_infos=[20617.400000000001:40567.599999999999] [-18846.150000000001:34526.279999999999] [4099.1199999999999:40576.68] [-0.89198188220594088:0.89387501488657717] [27170:45275] [8:16] [35:66] [0:6] [2:5] [0:1] none [0:1337] [0:1337] [0:1337] [0:1337] [0:724.30666666666673] [0:471.84571428571434] [0:421.24560394242252] [-18846.150000000001:34526.279999999999]
tree_sizes=2752 2772 2788 2804 2819 2820 2758 2757 2793 2708 2761 2834 2495

Tree=0
num_leaves=30
num_cat=0
split_feature=3 2 7 0 1 1 1 8 0 13 7 5 14 18 15 0 13 3 8 15 17 14 0 18 11 18 2 18 2
split_gain=2.93485e+07 7.54393e+06 6.56274e+06 1.81501e+06 1.70999e+06 640996 499530 436264 269638 252839 241885 235383 183180 136008 165544 120707 142711 99865.3 106807 156412 80333.1 77742.8 66558.7 46104.4 34301.5 18171 11995.5 11245.8 4035.46
threshold=0.50511739731108196 9108.1350000000002 5.5000000000000009 37141.400000000009 12299.490000000002 32240.190000000002 20909.850000000002 4.5000000000000009 32658.650000000005 291.50000000000006 5.5000000000000009 10.500000000000002 244.95000000000002 20637.960000000003 165.3066666666667 30783.200000000004 152.46000000000001 0.28588052666540797 4.5000000000000009 19.28166666666667 125.3294674850667 1325.1350000000002 33357.100000000006 25662.765000000007 6.4200000000000008 1207.3850000000004 19673.825000000001 5421.2550000000001 26162.375000000004
decision_type=2 2 2 2 2 2 2 2 2 8 2 2 10 10 2 2 10 2 2 2 2 8 2 8 10 10 2 10 2
left_child=4 2 5 23 17 12 15 9 25 10 -6 -5 -2 22 -15 -3 -17 24 21 -20 -11 -19 -8 -4 28 -9 -10 -26 -1
right_child=1 6 3 11 7 -7 13 8 26 20 -12 -13 -14 14 -16 16 -18 18 19 -21 -22 -23 -24 -25 27 -27 -28 -29 -30
leaf_value=82.50589932656986 98.507167486610172 83.429274334991362 121.29181531517143 145.79759636172093 84.614710781709078 123.16714897402562 101.89714897402563 82.75123265831111 93.759515688503171 92.551055374229335 88.697827072492288 133.57264867756916 107.10379164806302 86.418220576983217 94.444963110432937 93.421644146520393 90.525923143529454 83.105860418880368 91.575749514186754 82.935649284750056 87.797774341190234 86.945970673985514 96.046952941501516 114.29905815371313 83.205932457034748 86.642565952225908 91.310482631608224 82.697858473592362 82.256843905071278
leaf_weight=242 54 3.9999999999999991 3.0000000000000018 8.9999999999999982 187 2.9999999999999991 4.9999999999999991 5.9999999999999982 30 15.999999999999998 45 6.9999999999999991 6.9999999999999991 6.9999999999999991 78 102 73 225 10.000000000000002 10.999999999999998 20 13.999999999999998 176 10.999999999999998 173 6 5.9999999999999991 294 496
leaf_count=242 54 4 3 9 187 3 5 6 30 16 45 7 7 7 78 102 73 225 10 11 20 14 176 11 173 6 6 294 496
internal_value=86.5557 96.7782 109.649 128.945 83.462 100.603 94.0596 86.7979 91.1877 86.0117 85.4067 140.449 99.4937 95.4338 93.7839 92.0174 92.2137 82.7425 83.6312 87.05 89.9103 83.3308 96.2086 115.798 82.5507 84.6969 93.3513 82.8861 82.3385
internal_weight=2320 539 94 30 1781 64 445 316 48 268 232 16 61 266 85 179 175 1465 260 21 36 239 181 14 1205 12 36 467 738
internal_count=2320 539 94 30 1781 64 445 316 48 268 232 16 61 266 85 179 175 1465 260 21 36 239 181 14 1205 12 36 467 738
is_linear=0
shrinkage=1


Tree=1
num_leaves=31
num_cat=0
split_feature=1 2 7 1 0 4 1 1 0 16 5 18 13 18 12 12 2 1 4 13 14 0 1 1 7 6 12 11 18 2
split_gain=2.42498e+07 4.49738e+06 4.60507e+06 1.42455e+06 1.2697e+06 1.02029e+06 609137 487328 209133 178014 172096 166303 186497 151069 297317 147441 109136 107850 248061 101674 73315.1 73188.5 51677.6 49527.2 42527.2 38697.7 33669.4 28778.2 10161.2 4261.32
threshold=17175.330000000005 9108.1350000000002 5.5000000000000009 12299.490000000002 37141.400000000009 35012.500000000007 32240.190000000002 20909.850000000002 39339.150000000001 79.393571428571434 10.500000000000002 17611.730000000003 172.66000000000003 19318.77 14.435 818.74000000000012 18571.825000000001 8904.1250000000018 33822.500000000007 17.935000000000006 215.70500000000001 33357.100000000006 15332.080000000002 18107.865000000002 1.5000000000000002 53.500000000000007 1002.0000000000001 6.4200000000000008 3771.5400000000013 26162.375000000004
decision_type=2 2 2 2 2 2 2 2 2 2 2 10 10 10 10 8 2 2 2 10 10 2 2 2 2 2 8 10 10 2
left_child=3 2 6 17 25 20 8 11 -2 16 -6 23 -13 21 -15 -11 -7 27 19 -19 24 -9 -22 -3 -5 -4 -20 29 -29 -1
right_child=1 7 4 5 10 9 -8 13 -10 15 -12 12 -14 14 -16 -17 -18 18 26 -21 22 -23 -24 -25 -26 -27 -28 28 -30 -31
leaf_value=-3.81700487617685 12.576974888505609 4.3380369731358126 32.430121866861946 0.18509772618611653 56.739119466145837 1.2566923309774962 34.791641743977863 14.721808878580729 1.9195415496826174 -3.1054582150777184 44.179067993164061 6.1704629320086859 1.173321444489235 -1.343999481201172 7.8201918366667513 4.9260790506998697 -2.0887975579813909 3.2265485590154479 -3.4206190347671512 -1.8405152612262303 -1.0275649479457312 9.1087794646373776 6.0966777801513663 7.0892740417171174 6.2876642615108169 25.872879706488717 0.37495346069335939 -3.1305625401490125 -3.6422707551545268 -4.0748870791221155
leaf_weight=238 58 21 3.0000000000000027 2.9999999999999991 5.9999999999999982 68 2.9999999999999991 5.9999999999999991 4.9999999999999991 120 5 33 43 9.9999999999999982 77 5.9999999999999991 38 22 223 18 6.9999999999999982 181 4 74 59 8.9999999999999982 5.9999999999999991 141 311 490
leaf_count=238 58 21 3 3 6 68 3 6 5 120 5 33 43 10 77 6 38 22 223 18 7 181 4 74 59 9 6 141 311 490
internal_value=-0.0960909 9.23302 19.4934 -2.93631 38.7598 0.16952 12.7794 7.18094 11.7311 -1.45266 51.03 5.08645 3.34313 8.48808 6.76684 -2.723 0.0573658 -3.59006 -2.68659 0.94637 5.32495 9.28888 1.56307 6.48111 5.99238 27.5122 -3.32117 -3.79601 -3.48264 -3.99058
internal_weight=2288 534 89 1754 23 305 66 445 63 232 11 171 76 274 87 126 106 1449 269 40 73 187 11 95 62 12 229 1180 452 728
internal_count=2288 534 89 1754 23 305 66 445 63 232 11 171 76 274 87 126 106 1449 269 40 73 187 11 95 62 12 229 1180 452 728
is_linear=0
shrinkage=0.05


Tree=2
num_leaves=31
num_cat=0
split_feature=1 2 11 18 1 16 4 3 11 18 12 12 16 11 16 13 13 12 3 4 4 12 5 15 11 1 12 1 1 11
split_gain=2.34924e+07 5.95869e+06 4.70303e+06 1.72297e+06 1.42144e+06 1.07971e+06 840086 429766 178874 173430 411092 148055 178649 97434.2 98245.6 88450.6 191674 80811.2 74587.6 262057 56035.8 45947.7 44087.6 36087 27330.7 26648.4 22368.6 20281.4 12106.3 9933.5
threshold=16940.455000000005 9108.1350000000002 299.88500000000005 31713.755000000001 12299.490000000002 110.00928571428572 35012.500000000007 0.56406944582319696 1113.0900000000004 18622.960000000003 14.435 818.74000000000012 75.47571428571429 280.15000000000003 83.577142857142874 176.32500000000002 252.82500000000002 59.690000000000005 0.30401214491137613 33822.500000000007 36384.500000000007 244.35500000000005 15.500000000000002 13.010000000000002 6.4200000000000008 13750.510000000002 269.06000000000006 29753.440000000002 13119.170000000002 39.570000000000007
decision_type=2 2 10 8 2 2 2 2 10 10 10 8 2 10 2 10 10 10 2 2 2 10 2 2 10 2 8 2 2 10
left_child=4 2 13 5 18 -4 17 15 -5 20 -11 12 -8 27 -15 23 -17 25 24 21 -9 -20 -19 -3 -1 -6 -21 -2 -13 -26
right_child=1 7 3 8 6 -7 11 9 -10 10 -12 28 -14 14 -16 16 -18 22 19 26 -22 -23 -24 -25 29 -27 -28 -29 -30 -31
leaf_value=-3.7958169910825532 10.255921718052456 2.9661170395937835 27.84532581676136 2.1182904561360676 4.380449342727661 47.728665330674914 0.20154424394880022 9.715085880791964 19.384515380859369 -1.9535897391183035 7.3169328363930308 2.1715005238850917 -2.6600028208600799 23.79916687011719 13.1891188621521 -0.082935469491141181 5.4672635705130439 -1.1965306418282646 2.3953177840621378 -3.482526445674325 7.9895340907422812 -4.1272689819335939 5.3837663650512688 6.0897479451935865 -3.0987712719643765 6.6252822289100068 -1.7511151359194803 12.717239657315341 5.9678436279296871 -3.5512081187885403
leaf_weight=725 35 10.999999999999998 11.000000000000002 2.9999999999999991 20 18 98 67 3 13.999999999999998 82 2.9999999999999982 123 2.9999999999999991 7.9999999999999991 28 35 6.9999999999999982 27.000000000000004 167 158 2.9999999999999991 4 58 258 39 21 10.999999999999998 7 229
leaf_count=725 35 11 11 3 20 18 98 67 3 14 82 3 123 3 8 28 35 7 27 167 158 3 4 58 258 39 21 11 7 229
internal_value=0.0596286 9.11273 20.7139 35.1407 -2.79071 40.1867 0.332275 6.75664 10.7514 7.74422 5.96498 -1.12182 -1.39108 11.8554 16.0828 4.35504 3.00051 5.13078 -3.44807 -2.59662 8.50337 1.74306 1.1963 5.59178 -3.60122 5.86432 -3.28912 10.8445 4.82894 -3.31152
internal_weight=2276 545 92 35 1731 29 301 453 6 321 96 231 221 57 11 132 63 70 1430 218 225 30 11 69 1212 59 188 46 10 487
internal_count=2276 545 92 35 1731 29 301 453 6 321 96 231 221 57 11 132 63 70 1430 218 225 30 11 69 1212 59 188 46 10 487
is_linear=0
shrinkage=0.05


Tree=3
num_leaves=31
num_cat=0
split_feature=1 2 7 6 1 4 1 1 2 1 0 12 18 12 16 15 1 7 3 4 2 14 1 4 7 2 3 11 18 7
split_gain=2.06916e+07 4.38275e+06 4.34595e+06 1.28921e+06 1.16776e+06 722521 501713 342266 268300 185956 168472 157817 141511 376667 108517 160189 93801.9 91488.6 89222.1 234534 90009.7 75839.2 51906.8 41215.5 36591.8 32873 30999.5 24284.5 9635.03 2983.01
threshold=16940.455000000005 9108.1350000000002 5.5000000000000009 50.500000000000007 12299.490000000002 35012.500000000007 32240.190000000002 20909.850000000002 6423.5800000000008 15804.07 39339.150000000001 695.18500000000006 20997.509999999998 14.435 134.07642857142858 150.54333333333338 30128.780000000006 1.5000000000000002 0.28294786044278941 32625.000000000004 24111.210000000003 215.70500000000001 15332.080000000002 37162.000000000007 1.5000000000000002 25272.640000000003 0.5688825491911772 6.4200000000000008 3771.5400000000013 2.5000000000000004
decision_type=2 2 2 2 2 2 2 2 2 2 2 8 10 10 2 2 2 2 2 2 2 10 2 2 2 2 2 10 10 2
left_child=4 2 6 16 18 21 10 14 -5 11 -2 -7 23 -14 26 -16 -4 -11 27 20 -20 24 -23 -9 -6 -21 -3 29 -29 -1
right_child=1 7 3 8 5 9 -8 12 -10 17 -12 -13 13 -15 15 -17 -18 -19 19 25 -22 22 -24 -25 -26 -27 -28 28 -30 -31
leaf_value=-3.5036168961008642 11.151642876340633 5.1810140886168554 41.930606079101544 38.959312947591144 -0.080593585968017578 -2.2653791351751851 31.241286977132162 9.4305644341234895 22.370777834378757 -1.7505698712666833 2.343353335062663 4.1918526649475103 -3.3213327407836917 7.0175304979891395 -0.56432049751281743 4.6365812703182829 50.897302246093744 2.916656360626221 3.5292153403872533 -2.9836581377606644 -3.9353877258300787 -1.3864687919616703 5.5893904685974114 7.7981809095902879 5.587454771995545 2.2846096038818362 7.0638322710990913 -2.8105906145913262 -3.3036512613999811 -3.7090660812831162
leaf_weight=314 57 69 5.0000000000000018 2.9999999999999991 2.9999999999999991 176 2.9999999999999991 53 12.999999999999998 14.999999999999998 5.9999999999999991 9.9999999999999982 9.9999999999999982 74 20 57 7 35 21.000000000000004 228 4.9999999999999991 7.9999999999999982 4 143 56 2.9999999999999991 32 140 339 404
leaf_count=314 57 69 5 3 3 176 3 53 13 15 6 10 10 74 20 57 7 35 21 228 5 8 4 143 56 3 32 140 339 404
internal_value=-0.0144444 8.43231 18.2666 34.7726 -2.66215 0.139927 11.2641 6.41392 25.4811 -1.19052 10.3128 -1.91822 7.50373 5.78671 4.69961 3.2857 47.1612 1.51649 -3.25378 -2.4085 2.09371 4.56227 0.938818 8.23959 5.29925 -2.91524 5.77755 -3.43527 -3.15954 -3.61922
internal_weight=2313 552 94 28 1761 307 66 458 16 236 63 186 280 84 178 77 12 50 1454 257 26 71 12 196 59 231 101 1197 479 718
internal_count=2313 552 94 28 1761 307 66 458 16 236 63 186 280 84 178 77 12 50 1454 257 26 71 12 196 59 231 101 1197 479 718
is_linear=0
shrinkage=0.05


Tree=4
num_leaves=31
num_cat=0
split_feature=1 2 7 5 1 4 1 1 2 14 16 14 18 12 18 11 2 2 1 4 2 0 12 1 7 1 12 11 2 7
split_gain=2.00575e+07 4.94029e+06 4.85169e+06 1.38159e+06 1.24831e+06 730100 437760 275967 190307 180186 149893 182415 102825 259979 92466 122996 88326.9 71429.6 67422.6 176660 117133 54326.1 53531.4 41807.3 35827.9 33334.4 32660.1 28818.6 20788.7 3224.94
threshold=17175.330000000005 9108.1350000000002 5.5000000000000009 11.500000000000002 12299.490000000002 35012.500000000007 32240.190000000002 21068.225000000006 6423.5800000000008 244.95000000000002 75.47571428571429 430.00000000000006 19318.77 14.435 17611.730000000003 236.04000000000005 18571.825000000001 7758.7900000000009 9947.4800000000014 32625.000000000004 24111.210000000003 33617.250000000007 59.690000000000005 14124.785 1.5000000000000002 17581.525000000005 1002.0000000000001 6.4200000000000008 21242.230000000003 3.5000000000000004
decision_type=2 2 2 2 2 2 2 2 2 10 2 8 10 10 10 10 2 2 2 2 2 2 10 2 2 2 8 10 2 2
left_child=4 2 6 17 18 22 9 14 -5 -2 16 -12 21 -14 25 -16 -7 -4 27 20 -20 -9 24 -24 -6 -3 -21 29 -29 -1
right_child=1 7 3 8 5 10 -8 12 -10 -11 11 -13 13 -15 15 -17 -18 -19 19 26 -22 -23 23 -25 -26 -27 -28 28 -30 -31
leaf_value=-3.3372195706866634 9.2072393986216774 2.4782273973737445 49.120144314236114 37.011348470052042 -0.076563866933186855 1.6580750733613969 29.67922108968099 13.68676929473877 23.216155497233075 17.707538713727679 -2.512105360604767 3.9246620019276941 -2.229474555121528 6.7910979150046771 0.68728302143238207 4.860745474871468 -1.3605745706802761 41.666528320312501 3.8130777623918313 -2.9496198900862236 -3.8093741825648717 7.7953891732957636 -3.7465405146280917 3.7195873641967765 5.5203021596689696 6.0764001154899603 0.31813993453979494 -0.40847938060760502 -2.9782338517965732 -3.5425668040553369
leaf_weight=449 57 6.9999999999999991 8.9999999999999982 3.0000000000000027 2.9999999999999991 64 2.9999999999999991 3.9999999999999991 14.999999999999998 6.9999999999999991 133 11.999999999999998 8.9999999999999982 71 27 51 39 4.9999999999999991 18.000000000000004 173 6.9999999999999991 180 3 5 61 80 7.9999999999999991 7.9999999999999991 485 333
leaf_count=449 57 7 9 3 3 64 3 4 15 7 133 12 9 71 27 51 39 5 18 173 7 180 3 5 61 80 8 8 485 333
internal_value=0.023945 8.59361 18.6615 34.6778 -2.48843 0.343461 11.012 6.27024 25.5154 10.137 -0.943386 -1.97941 7.2728 5.77628 4.66615 3.41609 0.515091 46.4581 -3.10032 -2.26102 1.67879 7.92346 4.77593 0.919789 5.25795 5.78689 -2.80519 -3.23592 -2.93653 -3.42466
internal_weight=2329 528 99 32 1801 320 67 429 18 64 248 145 264 80 165 78 103 14 1481 206 25 184 72 8 64 87 181 1275 493 782
internal_count=2329 528 99 32 1801 320 67 429 18 64 248 145 264 80 165 78 103 14 1481 206 25 184 72 8 64 87 181 1275 493 782
is_linear=0
shrinkage=0.05


Tree=5
num_leaves=31
num_cat=0
split_feature=1 2 7 1 5 4 1 1 1 14 12 13 13 12 13 17 12 7 3 4 12 0 3 2 7 17 11 14 7 2
split_gain=1.75092e+07 3.7683e+06 3.6732e+06 1.1032e+06 1.06021e+06 566157 381398 264255 164132 154366 147451 124059 162411 115792 110957 106512 217072 72904.5 61796.3 164306 57166.4 52202 51094.2 49096 31700.8 31171.3 21146.8 18733.2 9757.72 3816.98
threshold=17581.525000000005 9108.1350000000002 5.5000000000000009 12299.490000000002 11.500000000000002 35012.500000000007 32240.190000000002 20909.850000000002 15804.07 244.95000000000002 695.18500000000006 172.66000000000003 252.82500000000002 59.690000000000005 239.60000000000002 117.45325313596727 1.0000000180025095e-35 1.5000000000000002 0.29755740279330234 32625.000000000004 695.18500000000006 33357.100000000006 0.31460646621014027 7758.7900000000009 1.5000000000000002 8.7093289833818925 12.770000000000001 232.02500000000003 1.5000000000000002 26162.375000000004
decision_type=2 2 2 2 2 2 2 2 2 10 8 10 10 10 10 2 10 2 2 2 8 2 2 2 2 2 10 10 2 2
left_child=3 2 6 18 23 13 9 11 10 -2 -7 25 -13 24 -6 21 -17 -10 26 22 -21 -9 -20 -4 -5 -3 29 -15 -28 -1
right_child=1 7 4 5 14 8 -8 15 17 -11 -12 12 -14 27 -16 16 -18 -19 19 20 -22 -23 -24 -25 -26 -27 28 -29 -30 -31
leaf_value=-3.0927428103428265 9.2373150179463064 8.6141045570373542 46.070286342075882 -0.072735691070556649 16.494916152954101 -1.918523406982422 28.195260620117189 12.407517623901368 -1.252159575412148 17.636331431070964 4.3211640739440922 0.37592509133475172 5.0966994913000816 2.1062784830729173 26.110763168334962 -1.2199487113952638 6.4657808421987362 2.4414754803975427 -3.8799439748128211 -2.798841376721859 0.90344689109108678 7.6441470660751678 3.1976480484008789 39.583202514648434 5.193968712488811 5.3349134643356528 -3.2830233744571085 -2.7327867825826004 -2.7182113838439088 -3.3300553523904028
leaf_weight=255 62 7.9999999999999991 7.0000000000000018 2.9999999999999991 3.9999999999999991 178 2.9999999999999991 5.9999999999999991 19 5.9999999999999991 9.9999999999999982 35 38 2.9999999999999982 11.999999999999998 9.9999999999999982 113 45 3.0000000000000027 200 10.999999999999998 139 17 5 60 77 95 6 392 505
leaf_count=255 62 8 7 3 4 178 3 6 19 6 10 35 38 3 12 10 113 45 3 200 11 139 17 5 60 77 95 6 392 505
internal_value=-0.0261922 8.00911 16.7963 -2.36722 32.1327 0.275098 10.7481 5.96702 -0.842104 9.9784 -1.58663 4.34515 2.83331 4.18531 23.7068 6.92319 5.84092 1.34493 -2.94646 -2.19528 -2.60583 7.84125 2.13601 43.3673 4.94317 5.64354 -3.08561 -1.11977 -2.82839 -3.25043
internal_weight=2327 525 99 1802 28 324 71 426 252 68 188 158 73 72 16 268 123 64 1478 231 211 145 20 12 63 85 1247 9 487 760
internal_count=2327 525 99 1802 28 324 71 426 252 68 188 158 73 72 16 268 123 64 1478 231 211 145 20 12 63 85 1247 9 487 760
is_linear=0
shrinkage=0.05


Tree=6
num_leaves=30
num_cat=0
split_feature=3 2 7 6 3 4 3 3 0 13 3 4 2 4 4 13 0 3 0 0 2 8 4 6 17 11 7 3 2
split_gain=1.48343e+07 3.16226e+06 3.46321e+06 898483 884429 413383 367111 287268 181016 164340 131901 281491 109194 95068.2 95226.3 93311.1 87599.1 78062.5 70508.4 61202.9 59051.5 50880 45815.4 41356.7 30195.7 16867.9 8816.88 5294.69 2248.47
threshold=0.49987044819430493 9108.1350000000002 5.5000000000000009 50.500000000000007 0.40860690509086717 35012.500000000007 0.85260171666637374 0.56406944582319696 39339.150000000001 57.70000000000001 0.28294786044278941 32625.000000000004 24111.210000000003 37329.500000000007 43672.500000000007 19.895000000000003 36931.200000000004 0.79093399285929766 31080.350000000002 37141.400000000009 8089.1000000000013 4.5000000000000009 35012.500000000007 37.500000000000007 108.13299282421161 12.770000000000001 1.5000000000000002 0.44693811251130972 26162.375000000004
decision_type=2 2 2 2 2 2 2 2 2 10 2 2 2 2 2 8 2 2 2 2 2 2 2 2 2 10 2 2 2
left_child=4 2 6 17 10 23 8 18 -2 15 25 12 -12 21 -15 -7 -13 -4 -3 -11 -5 -9 -20 24 -6 28 -27 -25 -1
right_child=1 7 3 20 5 9 -8 13 -10 19 11 16 -14 14 -16 -17 -18 -19 22 -21 -22 -23 -24 27 -26 26 -28 -29 -30
leaf_value=-2.9793755075538972 9.6983286469071004 -4.0202206929524742 36.090819091796853 24.919887288411463 5.1528079986572273 0.27104690819978716 26.785497919718427 7.7522563728126315 -0.24593177795410159 -2.6705419935397252 3.3985307052731515 -2.4656413371785213 -3.4955743517194477 4.5192710070265942 6.7022978365999979 5.1825681686401373 4.2083308410644538 44.054850006103521 6.2385409593582155 4.6291904449462891 17.562541389465331 4.4461166381835939 3.3813789158536682 4.8037460236322316 0.19962288141250611 -3.1444407343864444 -2.6069841182360087 5.9556960658023232 -3.1642782944293062
leaf_weight=249 54 2.9999999999999991 5.0000000000000027 5.9999999999999982 4.9999999999999991 80 2.9999999999999991 111 4.9999999999999991 67 32 295 6.9999999999999991 97 103 10.999999999999998 4.9999999999999991 7.9999999999999991 15.999999999999998 2.9999999999999991 5 12.999999999999998 114 21 7.9999999999999991 96 372 19 484
leaf_count=249 54 3 5 6 5 80 3 111 5 67 32 295 7 97 103 11 5 8 16 3 5 13 114 21 8 96 372 19 484
internal_value=-0.0516876 7.16998 15.9658 32.0927 -2.28736 0.724538 9.72317 5.51475 8.85559 -0.536315 -2.70589 -1.83492 2.16113 6.31792 5.64353 0.864747 -2.35441 40.9918 3.55814 -2.3577 21.5756 7.40564 3.73303 4.55468 2.10469 -2.95174 -2.71723 5.35092 -3.10147
internal_weight=2297 543 86 24 1754 214 62 457 59 161 1540 339 39 324 200 91 300 13 133 70 11 124 130 53 13 1201 468 40 733
internal_count=2297 543 86 24 1754 214 62 457 59 161 1540 339 39 324 200 91 300 13 133 70 11 124 130 53 13 1201 468 40 733
is_linear=0
shrinkage=0.05


Tree=7
num_leaves=31
num_cat=0
split_feature=1 3 11 3 7 11 1 1 4 11 4 14 4 16 14 3 4 11 3 5 4 7 11 17 15 18 3 7 11 5
split_gain=1.3941e+07 3.23981e+06 1.5293e+06 1.13742e+06 1.14067e+06 403733 399123 364624 315064 223834 139789 126101 117914 85511.5 74045.2 72035.1 172521 64340.4 56765 37570.4 27995.7 24838.3 17987.7 16512.1 11968.9 7787.62 4123.57 1794.69 1517.54 167.157
threshold=15804.07 0.82141521991862321 304.00000000000006 0.73154081817460648 5.5000000000000009 300.44500000000005 19843.355000000007 12870.255000000001 35012.500000000007 329.50000000000006 36520.000000000007 430.00000000000006 36384.500000000007 72.188571428571436 215.70500000000001 0.28294786044278941 33822.500000000007 300.44500000000005 0.30889307885745149 15.500000000000002 35987.500000000007 1.5000000000000002 6.4200000000000008 140.68196910848752 105.50333333333334 4290.0550000000012 0.85260171666637374 3.5000000000000004 220.35500000000005 14.500000000000002
decision_type=2 2 10 2 2 10 2 2 2 10 2 8 2 2 10 2 2 10 2 2 2 2 10 2 2 10 2 2 8 2
left_child=7 3 24 6 17 -6 10 15 14 26 -2 13 -8 -10 21 22 18 -5 -17 -11 -18 -9 27 -16 -3 -24 -4 -1 -13 -26
right_child=1 2 9 4 5 -7 12 8 11 19 -12 28 -14 -15 23 16 20 -19 -20 -21 -22 -23 25 -25 29 -27 -28 -29 -30 -31
leaf_value=-2.8819724867529906 4.9060324788093572 7.6036722819010354 43.729602050781267 8.5971690068479454 32.608031717936178 16.928020447951095 8.0722259035977455 -0.15581547419230146 -0.18033326820090967 25.211016337076817 2.0124611739317575 3.8027110417683923 5.5074979112167988 -2.6919223900679707 -3.4886728286743165 -2.0477693124250935 -1.1858693152666093 3.8281771659851076 2.1330145866640153 33.124131266276031 -2.6190581390132075 4.5847237055642269 -2.2521390583064105 1.4184789657592771 11.09627736409505 -2.6923083290124477 41.277351379394524 -3.0397565337503032 5.2251688385009754 11.590008926391599
leaf_weight=423 64 3.0000000000000018 2.9999999999999982 61 6.0000000000000027 12.999999999999998 55 2.9999999999999991 54 3 120 2.9999999999999991 242 91 3.9999999999999991 10.999999999999998 40 7.9999999999999991 31 3 230 35 148 3 3 313 4 314 5.0000000000000009 4
leaf_count=423 64 3 3 61 6 13 55 3 54 3 120 3 242 91 4 11 40 8 31 3 230 35 148 3 3 313 4 314 5 4
internal_value=-0.0634176 6.54864 24.9462 5.80498 11.0314 21.8796 4.84879 -2.35519 -0.337729 36.2541 3.01892 -1.4194 5.98245 -1.75657 3.33997 -2.61973 -1.94301 8.04424 1.03805 29.1676 -2.40673 4.21047 -2.79597 -1.38561 10.246 -2.551 42.3283 -2.9492 4.69175 11.3784
internal_weight=2300 592 23 569 88 19 481 1708 198 13 184 153 297 145 45 1510 312 69 42 6 270 38 1198 7 10 461 7 737 8 7
internal_count=2300 592 23 569 88 19 481 1708 198 13 184 153 297 145 45 1510 312 69 42 6 270 38 1198 7 10 461 7 737 8 7
is_linear=0
shrinkage=0.05


Tree=8
num_leaves=31
num_cat=0
split_feature=1 2 7 6 1 4 2 18 12 0 2 0 14 16 1 1 1 1 4 13 4 13 12 12 16 4 11 5 11 2
split_gain=1.3204e+07 3.04832e+06 3.06589e+06 973744 812563 500700 264374 226550 228842 264319 191223 160147 109256 124955 101686 82028.1 67163.9 56945.5 162026 103708 55463.3 48356 43140.7 39257.4 37364.2 23417 14155.9 10687.5 7282.66 2667.37
threshold=17175.330000000005 9108.1350000000002 5.5000000000000009 50.500000000000007 12299.490000000002 35865.000000000007 5796.1850000000004 17611.730000000003 181.03000000000003 35761.250000000007 6423.5800000000008 39339.150000000001 649.80000000000007 79.393571428571434 24591.790000000005 20020.020000000008 30128.780000000006 8904.1250000000018 33822.500000000007 17.935000000000006 37162.000000000007 1.0000000180025095e-35 22.530000000000005 280.75000000000006 273.0092857142858 35987.500000000007 6.4200000000000008 9.5000000000000018 39.570000000000007 26162.375000000004
decision_type=2 2 2 2 2 2 2 10 10 2 2 2 8 2 2 2 2 2 2 10 2 8 10 10 2 2 10 2 10 2
left_child=4 2 6 16 17 21 -2 15 9 -9 -5 -8 13 -7 -10 24 -4 26 19 -19 -17 22 -6 -23 -3 -20 29 -14 -28 -1
right_child=1 7 3 10 5 12 11 8 14 -11 -12 -13 27 -15 -16 20 -18 18 25 -21 -22 23 -24 -25 -26 -27 28 -29 -30 -31
leaf_value=-2.651940734400636 20.010310516357421 4.80890865619366 32.28684005737302 31.084927368164063 2.9721552471319836 0.21833232627195473 8.8056966386992368 4.5774168738003436 3.9501471617135659 -2.1168096669514975 17.080440088418815 -0.52042396545410152 1.5374070167541505 -2.2705256002564584 6.9937025023669737 7.7067214619029656 39.952893981933599 3.1265791177749636 -1.0534656030791145 -1.6260945406827059 5.9444348362908848 4.6890912613778744 -1.0870758692423503 0.42188835144042969 -0.17001600265502931 -2.5997600577427793 -2.2515904170108505 4.7027752757072454 -2.6560278253555296 -2.8511060427675154
leaf_weight=252 4.9999999999999991 65 4.0000000000000027 2.9999999999999991 24 85 58 29 83 30 12.999999999999998 4.9999999999999991 3.9999999999999991 124 41 66 9.9999999999999982 24 28 22 138 53 8.9999999999999982 5.9999999999999991 3.9999999999999991 195 251 7.9999999999999991 200 505
leaf_count=252 5 65 4 3 24 85 58 29 83 30 13 5 4 124 41 66 10 24 28 22 138 53 9 6 4 195 251 8 200 505
internal_value=0.0719383 6.81747 14.8179 28.1326 -2.01578 0.298358 8.94382 5.09807 3.73686 1.17357 19.7063 8.06553 -0.991924 -1.25831 4.95648 6.01053 37.7626 -2.50619 -1.84828 0.853561 6.51459 3.39784 1.86509 4.25514 4.52028 -2.40561 -2.65269 3.64765 -2.43094 -2.78481
internal_weight=2344 554 98 30 1790 313 68 456 183 59 16 63 221 209 124 273 14 1477 269 46 204 92 33 59 69 223 1208 12 451 757
internal_count=2344 554 98 30 1790 313 68 456 183 59 16 63 221 209 124 273 14 1477 269 46 204 92 33 59 69 223 1208 12 451 757
is_linear=0
shrinkage=0.05


Tree=9
num_leaves=30
num_cat=0
split_feature=3 2 7 13 1 4 1 3 11 18 12 11 6 1 2 13 12 6 3 4 15 8 7 14 1 11 16 7 7
split_gain=1.11687e+07 2.49348e+06 2.52296e+06 630916 576054 449198 262909 190326 103466 93411.3 265595 92266.6 88499.4 64756.6 57215.8 55453.7 50179 49752.8 48753.1 120964 59058.1 33831.5 25066 23725.2 21337.8 13868.8 11699.6 7418.85 1801.13
threshold=0.49987044819430493 9108.1350000000002 5.5000000000000009 240.33000000000001 12299.490000000002 35012.500000000007 32240.190000000002 0.55484185046347301 299.05000000000007 18622.960000000003 14.435 1228.5000000000002 44.500000000000007 28547.060000000001 14137.825000000003 73.970000000000013 280.75000000000006 53.500000000000007 0.28294786044278941 35987.500000000007 80.085000000000022 4.5000000000000009 1.5000000000000002 125.50500000000001 14478.195000000002 6.4200000000000008 34.157142857142865 1.5000000000000002 2.5000000000000004
decision_type=2 2 2 10 2 2 2 2 8 10 10 10 2 2 2 10 10 2 2 2 2 2 2 10 2 10 2 2 2
left_child=4 2 6 13 18 16 11 14 15 21 -11 -2 -5 -4 -3 -7 22 -16 25 20 -20 -9 -6 -10 -18 28 -21 -27 -1
right_child=1 7 3 12 5 8 -8 9 23 10 -12 -13 -14 -15 17 -17 24 -19 19 26 -22 -23 -24 -25 -26 27 -28 -29 -30
leaf_value=-2.5706959348825311 7.6491737459526696 -3.8112408955891932 20.683335222516735 37.935668563842782 -0.29663238525390628 -0.62407749961998515 23.214842478434246 6.038076008230016 3.775680072490986 -1.8420532464981081 5.1213242320010544 16.630833435058594 29.902562459309895 11.903175338109332 4.1749797613390029 -2.2991464713040521 -3.6251003265380861 2.1637095158217385 1.5409643411636353 -1.4174954550961654 -1.2820644232359799 3.0604156112670902 4.394565699355943 -1.157223637898763 2.3383776346842442 -2.7130232303700552 -2.5976674306960335 -2.2173056501010069 -2.7267438739607663
leaf_weight=325 61 2.9999999999999991 7.0000000000000018 7.9999999999999982 2.9999999999999991 118 2.9999999999999991 207 12.999999999999998 15.999999999999998 95 2.9999999999999991 6 3 62 85 2.9999999999999991 61 32 24 44 9.9999999999999982 56 2.9999999999999991 3 94 168 383 429
leaf_count=325 61 3 7 8 3 118 3 207 13 16 95 3 6 3 62 85 3 61 32 24 44 10 56 3 3 94 168 383 429
internal_value=-0.0870576 6.17701 13.7311 27.6414 -2.00176 0.0629901 8.74831 4.66286 -1.02035 5.29737 4.11759 8.07019 34.4929 18.0493 3.01112 -1.32546 3.71301 3.17752 -2.39295 -1.78182 -0.0934207 5.90086 4.15603 2.85076 -0.643361 -2.526 -2.45015 -2.31499 -2.65948
internal_weight=2328 545 91 24 1783 284 67 454 219 328 111 64 14 10 126 203 65 123 1499 268 76 217 59 16 6 1231 192 477 754
internal_count=2328 545 91 24 1783 284 67 454 219 328 111 64 14 10 126 203 65 123 1499 268 76 217 59 16 6 1231 192 477 754
is_linear=0
shrinkage=0.05


Tree=10
num_leaves=30
num_cat=0
split_feature=3 2 7 6 1 4 1 1 8 7 17 12 0 0 1 1 13 12 5 0 1 4 13 13 7 16 11 7 7
split_gain=1.02541e+07 2.12602e+06 1.93307e+06 779822 571872 339979 233539 176564 102574 124475 96825.5 182807 86127.2 63261.4 61522.5 51993.4 46653.2 45771.1 35993.6 33243.7 31944.8 116384 74070.3 28298.3 22377 22181.6 13825.7 7198.16 1750.92
threshold=0.50511739731108196 9108.1350000000002 5.5000000000000009 50.500000000000007 12299.490000000002 35012.500000000007 32240.190000000002 20909.850000000002 2.5000000000000004 5.5000000000000009 117.45325313596727 1.0000000180025095e-35 39339.150000000001 30487.750000000004 14863.965 30128.780000000006 152.46000000000001 59.690000000000005 15.500000000000002 33617.250000000007 9283.8150000000023 33822.500000000007 17.935000000000006 239.60000000000002 1.5000000000000002 1.0000000180025095e-35 6.4200000000000008 1.5000000000000002 3.5000000000000004
decision_type=2 2 2 2 2 2 2 2 2 2 2 10 2 2 2 2 10 10 2 2 2 2 10 10 2 2 10 2 2
left_child=4 2 6 15 20 17 12 13 14 -10 19 -12 -2 -3 -7 -4 -15 24 -19 -9 26 22 -22 -5 -6 -23 28 -28 -1
right_child=1 7 3 23 5 8 -8 10 9 -11 11 -13 -14 16 -16 -17 -18 18 -20 -21 21 25 -24 -25 -26 -27 27 -29 -30
leaf_value=-2.4585990787653671 8.2624048734966085 -3.8239466349283853 29.314747924804671 12.205045211315156 -0.28180081049601235 0.27914322339571435 22.054100354512535 10.304694976806642 -1.7500985992960183 1.1646290809550184 -1.7580902273004708 4.978928331968163 0.67247648239135749 4.1648256529052308 5.6569526672363288 35.814332580566408 2.5155180173201694 -2.2170976003011069 3.9060817241668695 6.1534350493374994 2.7607827958606541 1.4565680503845215 -1.6788789244259108 17.355739593505859 4.1616703159084514 -2.3026104449361995 -2.5835221665628842 -2.0835936429962238 -2.6114837975935501
leaf_weight=433 57 2.9999999999999991 5.0000000000000027 3.9999999999999991 2.9999999999999991 13.000000000000002 2.9999999999999991 4.9999999999999991 166 47 10.999999999999998 119 3.9999999999999991 106 8.9999999999999982 7.9999999999999991 72 5.9999999999999982 4 136 21 3.9999999999999991 17 7.9999999999999991 51 207 89 377 330
leaf_count=433 57 3 5 4 3 13 3 5 166 47 11 119 4 106 9 8 72 6 4 136 21 4 17 8 51 207 89 377 330
internal_value=-0.050682 5.97639 13.04 24.8302 -1.8856 0.108643 8.43452 4.58553 -0.771223 -1.10694 5.39315 4.40887 7.7647 3.37634 2.47916 33.3145 3.49769 3.3394 0.232174 6.30064 -2.28903 -1.7726 0.774618 15.6388 3.91481 -2.23135 -2.39366 -2.17907 -2.52472
internal_weight=2318 541 89 25 1777 299 64 452 235 213 271 130 61 181 22 13 178 64 10 141 1478 249 38 12 54 211 1229 466 763
internal_count=2318 541 89 25 1777 299 64 452 235 213 271 130 61 181 22 13 178 64 10 141 1478 249 38 12 54 211 1229 466 763
is_linear=0
shrinkage=0.05


Tree=11
num_leaves=31
num_cat=0
split_feature=1 2 7 6 1 1 2 12 8 0 0 12 17 12 8 7 7 0 1 1 0 1 18 6 11 11 7 17 6 7
split_gain=9.72409e+06 2.5734e+06 2.59442e+06 711702 306353 271257 151068 148583 175130 122622 173887 147985 113531 181965 97521.3 107504 94611.2 94336 81277.6 56440.9 28982.5 19250.9 60849.4 21790.3 18762.8 11016.9 6730.39 5405.48 7845.73 1985.91
threshold=15804.07 9108.1350000000002 5.5000000000000009 50.500000000000007 20020.020000000008 11352.785000000002 6423.5800000000008 695.18500000000006 4.5000000000000009 39035.700000000004 38227.850000000006 240.33000000000001 117.45325313596727 14.435 3.5000000000000004 1.5000000000000002 5.5000000000000009 32502.250000000004 17658.515000000003 30128.780000000006 33357.100000000006 9423.9500000000044 769.3600000000007 37.500000000000007 17.575000000000003 6.4200000000000008 1.5000000000000002 106.34745388414002 43.500000000000007 2.5000000000000004
decision_type=2 2 2 2 2 2 2 8 2 2 2 8 2 10 2 2 2 2 2 2 2 2 8 2 8 10 2 2 2 2
left_child=5 2 9 19 14 21 -5 8 16 10 -2 -11 20 -14 18 -16 -7 -10 -3 -4 -6 25 24 -24 -23 29 -27 -9 -29 -1
right_child=1 4 3 6 12 7 -8 27 17 11 -12 -13 13 -15 15 -17 -18 -19 -20 -21 -22 22 23 -25 -26 26 -28 28 -30 -31
leaf_value=-2.3049605645706404 7.2097371153397987 -0.44034243822097779 28.13364435831706 27.167766316731772 8.8272965431213386 -1.7813581618997789 14.720229493654692 4.6783362494574634 -2.6938598632812503 -7.3479980468750004 16.948695831298831 6.6988426971435535 -1.2308672078450522 4.5521521124121263 -3.4471823501586911 4.1046147090632745 0.67276217142740891 3.3581378384069964 2.4467602335354863 34.267749633789059 5.7396248428445116 2.8834401448567717 0.97044073740641279 -2.1125618057325481 -1.6824749628702791 -2.4641774912675221 -1.9963514559163948 0.8576475461324059 3.9892863591512042 -2.4683549545027996
leaf_weight=335 55 38 5.9999999999999991 2.9999999999999991 7.9999999999999991 216 12.999999999999998 9.0000000000000018 7.9999999999999991 2.9999999999999991 4.9999999999999991 5.0000000000000009 14.999999999999998 146 4.9999999999999991 82 48 33 68 9.9999999999999982 152 8.9999999999999964 5.9999999999999991 128 3.0000000000000009 96 386 2.9999999999999982 6 418
leaf_count=335 55 38 6 3 8 216 13 9 8 3 5 5 15 146 5 82 48 33 68 10 152 9 6 128 3 96 386 3 6 418
internal_value=0.0370529 5.43201 12.7707 24.5108 4.00424 -1.90691 17.0541 -0.602475 -0.862994 7.24602 8.02132 1.43128 4.95076 4.01336 2.43 3.6706 -1.33515 2.17726 1.41176 31.9675 5.89401 -2.212 -1.66905 -1.97452 1.74196 -2.27618 -2.08953 3.81187 2.94541 -2.39566
internal_weight=2318 614 100 32 514 1704 16 323 305 68 60 8 321 161 193 87 264 41 106 16 160 1381 146 134 12 1235 482 18 9 753
internal_count=2318 614 100 32 514 1704 16 323 305 68 60 8 321 161 193 87 264 41 106 16 160 1381 146 134 12 1235 482 18 9 753
is_linear=0
shrinkage=0.05


Tree=12
num_leaves=27
num_cat=0
split_feature=3 3 11 2 17 3 16 4 11 3 17 11 16 0 4 2 3 4 14 17 17 11 18 18 15 3
split_gain=8.58756e+06 2.30322e+06 827516 650051 636627 408420 321277 272289 218184 157811 125244 108641 108620 78349.3 77554.4 54644.6 42157.4 148135 37225.4 28542.8 25463.2 10023 8303.42 2716.55 1894.82 1697.36
threshold=0.50511739731108196 0.82141521991862321 304.00000000000006 9108.1350000000002 119.12182847187638 0.3923193355131408 134.07642857142858 35012.500000000007 310.50000000000006 0.55807770259605405 124.6044079862808 299.05000000000007 39.006428571428579 36931.200000000004 37162.000000000007 14827.195000000002 0.28294786044278941 32625.000000000004 18.675000000000004 108.13299282421161 133.94743227086931 6.4200000000000008 26115.525000000005 3439.8249999999994 162.96500000000003 0.33985197404429485
decision_type=2 2 10 2 2 2 2 2 10 2 2 8 2 2 2 2 2 2 10 2 2 10 10 10 2 2
left_child=5 3 24 4 8 13 -6 19 -2 15 22 12 -9 16 -11 -5 21 -18 -13 23 -21 -1 -4 -7 -3 -15
right_child=1 2 10 9 6 7 -8 11 -10 14 -12 18 -14 25 -16 -17 17 -19 -20 20 -22 -23 -24 -25 -26 -27
leaf_value=-2.2809960098691047 7.0998264976169754 7.5285682678222585 33.279395548502613 -0.26261759440104171 20.460128529866534 2.8863952636718753 7.4875362123761864 1.5428749382495881 -5.0748394608497627 6.1511418194837972 22.335766601562501 3.8565657138824458 -1.6640313167445708 4.5324354807535805 4.2866026665614205 2.9675147240023012 1.5610069928850447 -1.9146828577103403 -1.5362380504608155 0.37062669900747436 3.7266032981872557 -1.9872224244126551 30.057707722981764 4.2735576311747234 9.1180439758300764 2.8504920005798335
leaf_weight=719 46 3.0000000000000018 5.9999999999999982 14.999999999999998 15.000000000000002 3.9999999999999991 6.9999999999999991 32 3.9999999999999991 71 4.9999999999999991 16.000000000000004 151 2.9999999999999991 260 103 35 247 3.9999999999999991 13.000000000000002 9.9999999999999982 487 3 30 5 3
leaf_count=719 46 3 6 15 15 4 7 32 4 71 5 16 151 3 260 103 35 247 4 13 10 487 3 30 5 3
internal_value=0.00862772 5.50327 21.3502 4.83411 9.24455 -1.69239 16.3325 0.136538 6.12585 4.12687 28.6806 -0.72087 -1.10326 -2.01068 4.68655 2.5569 -2.03367 -1.4833 2.778 3.19011 1.82975 -2.16237 32.2055 4.11036 8.52199 3.69146
internal_weight=2297 543 22 521 72 1754 22 260 50 449 14 203 183 1494 331 118 1488 282 20 57 23 1206 9 34 8 6
internal_count=2297 543 22 521 72 1754 22 260 50 449 14 203 183 1494 331 118 1488 282 20 57 23 1206 9 34 8 6
is_linear=0
shrinkage=0.05


end of trees

feature_importances:
net_load=59
renewable_power=35
weekday=35
thermal_on_capacity=33
thermal_space_load_ratio=30
price_lag_1d=30
price_lag_2d=27
total_load=24
net_load_lag_1d=19
price_lag_3d=18
price_lag_7d=13
price_ma_7d=13
price_std_7d=12
period=11
hour=9
month=7
price_ma_3d=7

parameters:
[boosting: gbdt]
[objective: regression]
[metric: rmse]
[tree_learner: serial]
[device_type: cpu]
[data_sample_strategy: bagging]
[data: ]
[valid: ]
[num_iterations: 400]
[learning_rate: 0.05]
[num_leaves: 31]
[num_threads: 0]
[seed: 42]
[deterministic: 0]
[force_col_wise: 0]
[force_row_wise: 0]
[histogram_pool_size: -1]
[max_depth: 5]
[min_data_in_leaf: 3]
[min_sum_hessian_in_leaf: 0.001]
[bagging_fraction: 0.85]
[pos_bagging_fraction: 1]
[neg_bagging_fraction: 1]
[bagging_freq: 1]
[bagging_seed: 400]
[bagging_by_query: 0]
[feature_fraction: 0.85]
[feature_fraction_bynode: 1]
[feature_fraction_seed: 30056]
[extra_trees: 0]
[extra_seed: 12879]
[early_stopping_round: 0]
[early_stopping_min_delta: 0]
[first_metric_only: 0]
[max_delta_step: 0]
[lambda_l1: 0]
[lambda_l2: 0]
[linear_lambda: 0]
[min_gain_to_split: 0]
[drop_rate: 0.1]
[max_drop: 50]
[skip_drop: 0.5]
[xgboost_dart_mode: 0]
[uniform_drop: 0]
[drop_seed: 17869]
[top_rate: 0.2]
[other_rate: 0.1]
[min_data_per_group: 100]
[max_cat_threshold: 32]
[cat_l2: 10]
[cat_smooth: 10]
[max_cat_to_onehot: 4]
[top_k: 20]
[monotone_constraints: ]
[monotone_constraints_method: basic]
[monotone_penalty: 0]
[feature_contri: ]
[forcedsplits_filename: ]
[refit_decay_rate: 0.9]
[cegb_tradeoff: 1]
[cegb_penalty_split: 0]
[cegb_penalty_feature_lazy: ]
[cegb_penalty_feature_coupled: ]
[path_smooth: 0]
[interaction_constraints: ]
[verbosity: -1]
[saved_feature_importance_type: 0]
[use_quantized_grad: 0]
[num_grad_quant_bins: 4]
[quant_train_renew_leaf: 0]
[stochastic_rounding: 1]
[linear_tree: 0]
[max_bin: 255]
[max_bin_by_feature: ]
[min_data_in_bin: 3]
[bin_construct_sample_cnt: 200000]
[data_random_seed: 175]
[is_enable_sparse: 1]
[enable_bundle: 1]
[use_missing: 1]
[zero_as_missing: 0]
[feature_pre_filter: 1]
[pre_partition: 0]
[two_round: 0]
[header: 0]
[label_column: ]
[weight_column: ]
[group_column: ]
[ignore_column: ]
[categorical_feature: ]
[forcedbins_filename: ]
[precise_float_parser: 0]
[parser_config_file: ]
[objective_seed: 16083]
[num_class: 1]
[is_unbalance: 0]
[scale_pos_weight: 1]
[sigmoid: 1]
[boost_from_average: 1]
[reg_sqrt: 0]
[alpha: 0.9]
[fair_c: 1]
[poisson_max_delta_step: 0.7]
[tweedie_variance_power: 1.5]
[lambdarank_truncation_level: 30]
[lambdarank_norm: 1]
[label_gain: ]
[lambdarank_position_bias_regularization: 0]
[eval_at: ]
[multi_error_top_k: 1]
[auc_mu_weights: ]
[num_machines: 1]
[local_listen_port: 12400]
[time_out: 120]
[machine_list_filename: ]
[machines: ]
[gpu_platform_id: -1]
[gpu_device_id: -1]
[gpu_use_dp: 0]
[num_gpu: 1]

end of parameters

pandas_categorical:[]
