tree
version=v4
num_class=1
num_tree_per_iteration=1
label_index=0
max_feature_idx=10
objective=regression
feature_names=total_load net_load renewable_power thermal_space_load_ratio thermal_on_capacity hour period weekday month is_weekend is_holiday
feature_infos=[26780.099999999999:41212.699999999997] [9620.2999999999993:38683.110000000001] [1615.1700000000001:19504.720000000001] [0.33550603334030826:0.95508263646906033] [27170:49115] [0:5] [1:24] [0:6] [1:4] [0:1] none
tree_sizes=2674 2775 2752 2718 2831 2775 2555 2792 2793 2763 2695

Tree=0
num_leaves=31
num_cat=0
split_feature=1 2 8 4 1 4 4 0 4 7 6 4 2 4 1 1 2 4 6 4 1 0 2 1 1 0 7 2 1 1
split_gain=1.3111e+07 6.64853e+06 5.05026e+06 4.01511e+06 2.80428e+06 2.66485e+06 2.458e+06 1.69349e+06 1.28846e+06 750812 784459 676249 660428 602089 357747 335632 261004 216592 141108 97879.2 92342.1 83646.4 25105.5 23854.8 23109.3 11259 7399.87 6101.37 4172.69 2802.86
threshold=26383.930000000004 2882.0000000000005 2.5000000000000004 44395.000000000007 22290.705000000005 44810.000000000007 44735.000000000007 38362.100000000006 36662.500000000007 1.5000000000000002 11.500000000000002 42910.000000000007 4766.0200000000013 46075.000000000007 31088.780000000006 23405.370000000006 8918.340000000002 37010.000000000007 1.5000000000000002 39715.000000000007 17644.205000000005 32165.450000000001 6380.0950000000003 23495.985000000001 29154.120000000006 35393.700000000004 5.5000000000000009 14647.825000000003 24861.225000000006 29260.990000000002
decision_type=2 2 2 2 2 2 2 2 2 2 2 2 2 2 2 2 2 2 2 2 2 2 2 2 2 2 2 2 2 2
left_child=2 3 4 19 11 6 -5 -7 9 10 -3 16 -6 -13 21 -14 -1 20 -16 29 27 -10 -22 26 -11 -21 -19 -4 -25 -2
right_child=1 8 17 5 12 7 -8 -9 14 24 -12 13 15 -15 18 -17 -18 23 -20 25 22 -23 -24 28 -26 -27 -28 -29 -30 -31
leaf_value=246.73556640622101 259.98659962060844 281.78104448890815 254.62826620891983 273.24701628727513 241.70326654158825 258.28726622115369 296.98076577864879 280.00723028452563 246.70326641443168 259.26826618300669 262.25326650979912 252.12610342083056 249.12136092472812 243.65746150834642 261.77091321052728 253.18960159227777 242.04990861849689 253.395915035619 257.07118096726026 256.92826616011854 258.40048838234077 255.08420483408307 256.40714601810595 253.95044268388813 261.27926646910902 258.64150149911495 252.3257661815762 252.9822135762233 254.69960767405172 261.59469505307158
leaf_weight=35 3.0000000000000027 9.0000000000000018 8.0000000000000018 24 17 25 20 13.999999999999998 2.9999999999999991 50 11.999999999999998 43 74 41 17 161 197 84 264 22 18 391 129 34 20 17 20 19 41 28
leaf_count=35 3 9 8 24 17 25 20 14 3 50 12 43 74 41 17 161 197 84 264 22 18 391 129 34 20 17 20 19 41 28
internal_value=254.421 258.646 250.205 268.162 247.286 275.6 284.035 266.084 256.745 262.33 270.622 244.149 251.22 247.993 255.992 251.909 242.757 254.901 257.356 259.342 256.158 255.02 256.651 253.68 259.843 257.675 253.19 253.47 254.36 261.439
internal_weight=1840 919 921 153 568 83 44 39 766 91 21 316 252 84 675 235 232 353 281 70 174 394 147 179 70 39 104 27 75 31
internal_count=1840 919 921 153 568 83 44 39 766 91 21 316 252 84 675 235 232 353 281 70 174 394 147 179 70 39 104 27 75 31
is_linear=0
shrinkage=1


Tree=1
num_leaves=31
num_cat=0
split_feature=1 3 8 1 2 6 1 8 0 0 2 7 1 1 7 3 0 8 0 6 3 1 0 2 1 1 2 1 3 3
split_gain=1.20028e+07 6.25457e+06 4.75309e+06 2.36342e+06 1.83491e+06 1.06105e+06 1.09884e+06 1.0522e+06 814492 1.31422e+06 735572 394175 330781 310140 279940 932130 256364 160974 151419 129692 112938 112284 108345 28615.1 26997.2 26794 23407.3 8894.6 5946.96 4764.23
threshold=26383.930000000004 0.91797872753462773 2.5000000000000004 22290.705000000005 2001.8750000000002 9.5000000000000018 33866.865000000005 3.5000000000000004 35312.600000000013 38686.600000000013 4466.5700000000006 2.5000000000000004 29657.880000000005 23059.055000000004 1.5000000000000002 0.85934008924100536 37147.200000000004 3.5000000000000004 33963.900000000001 1.5000000000000002 0.5677499985516733 21995.690000000002 33235.100000000006 4723.4400000000014 29599.315000000006 22952.750000000004 6380.0950000000003 20461.320000000003 0.52760597406501963 0.72698484823487652
decision_type=2 2 2 2 2 2 2 2 2 2 2 2 2 2 2 2 2 2 2 2 2 2 2 2 2 2 2 2 2 2
left_child=2 7 3 11 8 6 -6 12 22 -10 -5 16 23 -12 15 -9 -1 25 -7 -14 28 -13 -3 -2 -16 27 -22 -4 -19 -27
right_child=1 4 17 10 5 18 -8 14 9 -11 13 21 19 -15 24 -17 -18 20 -20 -21 26 -23 -24 -25 -26 29 -28 -29 -30 -31
leaf_value=-5.900581327120463 2.1968796014785767 28.928287124633773 -2.5805740901402068 -12.085163116455078 23.392437538733851 10.058542491771558 6.3983503850301107 4.6432083461595619 8.3529531319936101 35.613925606863845 -5.6283732405153373 -11.549142641662272 6.2632324491228379 -1.4145030666674887 4.5683004379272463 21.833679485321046 -11.507281214850289 -1.1833618609110514 5.3222512520684138 2.226811061538756 3.8093872743494375 -6.7426630386939426 39.243818446568078 0.014154506615195118 6.8432534610523907 -0.50846705476442977 1.8398815624749483 -1.1763983286660293 0.010284808650612832 0.22751475399316745
leaf_weight=75 15.999999999999998 4.0000000000000018 13.999999999999998 22 26 27 14.999999999999998 23 12.000000000000002 6.9999999999999991 59 186 21 168 56 11.999999999999998 28 30 45 380 17 12.999999999999998 7 244 17 45 134 58 15.999999999999998 43
leaf_count=75 16 4 14 22 26 27 15 23 12 7 59 186 21 168 56 12 28 30 45 380 17 13 7 244 17 45 134 58 16 43
internal_value=0.0191621 4.07071 -4.05024 -6.96212 13.6728 10.7545 17.1751 2.28515 24.6651 18.3965 -3.35576 -9.93557 1.53755 -2.50974 6.86072 10.5371 -7.42473 0.444007 7.09836 2.43819 1.40085 -11.2352 35.4927 0.148476 5.09808 -0.734106 2.06161 -1.44943 -0.76818 -0.14884
internal_weight=1820 912 908 551 143 113 41 769 30 19 249 302 661 227 108 35 103 357 72 401 197 199 11 260 73 160 151 72 46 88
internal_count=1820 912 908 551 143 113 41 769 30 19 249 302 661 227 108 35 103 357 72 401 197 199 11 260 73 160 151 72 46 88
is_linear=0
shrinkage=0.05


Tree=2
num_leaves=30
num_cat=0
split_feature=3 1 4 8 4 4 1 4 0 0 4 7 3 4 6 7 1 1 4 4 2 2 1 0 7 0 0 0 0
split_gain=1.12643e+07 6.37986e+06 3.63554e+06 3.63324e+06 2.83921e+06 2.33613e+06 1.31313e+06 1.11141e+06 887976 796000 671240 630329 627992 589387 534584 529690 299531 128285 103011 86040.5 57056 50237.3 44160.4 26381.9 7710.97 6121.56 421.71 178.608 88.5675
threshold=0.91577787468084726 22952.750000000004 44395.000000000007 2.5000000000000004 44810.000000000007 44735.000000000007 37377.455000000009 35390.000000000007 30340.000000000004 35184.55000000001 42910.000000000007 1.5000000000000002 0.80792492630749602 46075.000000000007 9.5000000000000018 3.5000000000000004 20826.560000000001 25431.265000000003 37010.000000000007 39715.000000000007 2040.1950000000004 14091.820000000002 27547.450000000004 34039.700000000004 5.5000000000000009 35393.700000000004 33263.000000000007 32578.950000000004 34449.950000000004
decision_type=2 2 2 2 2 2 2 2 2 2 2 2 2 2 2 2 2 2 2 2 2 2 2 2 2 2 2 2 2
left_child=1 3 19 10 5 9 15 11 17 -4 16 14 -10 -12 -3 -6 -1 -9 21 26 -7 -5 -13 -21 -20 -25 27 -2 -28
right_child=2 7 4 18 6 20 -8 8 12 -11 13 22 -14 -15 -16 -17 -18 -19 24 23 -22 -23 -24 25 -26 -27 28 -29 -30
leaf_value=-11.389839155310828 6.0505137443542454 26.417327562967923 11.62311684103573 1.6952916512122522 15.261320223127093 36.73192504882811 34.691098022460942 -3.7865652322769154 -0.55099309657416917 34.31802673339844 -1.6569352212819188 3.0514065995508313 2.0113435068014396 -9.081639986771803 8.3743767958420978 3.1140354347229007 -7.7827569747483869 -11.54116153717041 -0.95930680382896127 -1.4171207427978516 41.755499502328725 -1.1135938292741776 5.2085111783898403 2.1056720597403391 -2.0658222949504856 3.4997137069702151 6.2548171997070314 5.730627123514811 6.6142068227132143
leaf_weight=151 16.000000000000007 6.0000000000000027 17.000000000000004 78 13.999999999999998 10.000000000000002 4.9999999999999991 8.0000000000000018 460 4.9999999999999991 55 49 498 52 12.999999999999998 25 93 15.999999999999998 74 3.9999999999999991 12.999999999999998 20 46 13.999999999999998 20 18 3.9999999999999991 5.9999999999999991 3
leaf_count=151 16 6 17 78 14 10 5 8 460 5 55 49 498 52 13 25 93 16 74 4 13 20 46 14 20 18 4 6 3
internal_value=0.104566 -1.11023 13.0334 -5.54214 19.5987 28.4294 10.5674 1.08551 0.543015 16.7811 -8.56706 5.75861 0.780994 -5.2652 14.0722 7.4746 -10.015 -8.9563 -0.0122098 4.04399 39.5713 1.12205 4.0959 2.41127 -1.19474 2.88982 6.07082 5.96327 6.40884
internal_weight=1793 1639 154 543 89 45 44 1096 982 22 351 114 958 107 19 39 244 24 192 65 23 98 95 36 94 32 29 22 7
internal_count=1793 1639 154 543 89 45 44 1096 982 22 351 114 958 107 19 39 244 24 192 65 23 98 95 36 94 32 29 22 7
is_linear=0
shrinkage=0.05


Tree=3
num_leaves=30
num_cat=0
split_feature=1 3 2 4 4 1 4 0 4 4 0 7 6 1 1 3 4 0 1 4 4 1 0 1 0 1 0 0 0
split_gain=9.40008e+06 4.73585e+06 3.11366e+06 2.46839e+06 2.6343e+06 1.51999e+06 1.36926e+06 1.27634e+06 1.09879e+06 999654 865081 553476 490223 255284 203599 149791 98090.8 64154.2 55147.8 52787.1 38705.3 17648.9 14224 24229 6172.89 3758.5 560.347 384.795 375.392
threshold=26383.930000000004 0.91577787468084726 15571.645000000002 44395.000000000007 44810.000000000007 37377.455000000009 44735.000000000007 29392.300000000003 39905.000000000007 36662.500000000007 31351.050000000007 1.5000000000000002 10.500000000000002 29657.880000000005 22067.330000000005 0.61009983335940821 37740.000000000007 40219.05000000001 20000.105 39715.000000000007 43067.500000000007 28729.970000000005 28316.150000000005 25548.615000000002 35184.55000000001 22190.105000000003 39000.900000000001 39882.750000000007 34449.950000000004
decision_type=2 2 2 2 2 2 2 2 2 2 2 2 2 2 2 2 2 2 2 2 2 2 2 2 2 2 2 2 2
left_child=2 9 7 19 6 -6 -5 22 15 11 -10 12 -2 20 16 -9 -4 -15 -18 28 -11 -13 25 -24 -21 -1 -16 -28 -3
right_child=1 3 14 4 5 -7 -8 8 10 13 -12 21 -14 17 26 -17 18 -19 -20 24 -22 -23 23 -25 -26 -27 27 -29 -30
leaf_value=-11.440730667114256 21.73656406402587 5.6888279458750839 -1.2342628637949626 18.278326656943872 6.3985226963841644 33.262980143229171 37.811052928251378 -1.3001741104206799 -11.170565509796143 0.73697216562353651 -2.6294320689167634 3.934945492034263 7.2418853759765627 1.9228868501907901 -3.0228448232014986 1.5821333386042982 -10.836851525685145 4.9777793513404003 -8.5407534541505754 1.9699347359793529 -0.43290457821661427 5.601438919703166 -7.7232968648274722 -11.05570755004883 3.3253574643816268 -10.205056228637696 -1.7855115890502926 -2.5863389174143467 6.2834962209065761
leaf_weight=16.000000000000004 10.000000000000002 23.000000000000004 2.9999999999999991 19 43 5.9999999999999991 17 59 32 130 403 47 13.999999999999998 380 2.9999999999999982 191 126 18 33 13.999999999999998 155 24 12.000000000000002 9.9999999999999982 21 9.9999999999999982 3 3 2.9999999999999991
leaf_count=16 10 23 3 19 43 6 17 59 32 130 403 47 14 380 3 191 126 18 33 14 155 24 12 10 21 10 3 3 3
internal_value=-0.0843152 3.46215 -3.70924 11.7253 17.2328 9.68805 27.5021 -2.29192 -1.73962 1.91148 -3.25775 6.71715 13.2813 1.24305 -9.78465 0.901909 -10.1913 2.06105 -10.3603 4.0509 0.100723 4.49827 -10.1737 -9.23803 2.78319 -10.9655 -2.4649 -2.18593 5.75744
internal_weight=1828 924 904 146 85 49 36 733 685 778 435 95 24 683 171 250 162 398 159 61 285 71 48 22 35 26 9 6 26
internal_count=1828 924 904 146 85 49 36 733 685 778 435 95 24 683 171 250 162 398 159 61 285 71 48 22 35 26 9 6 26
is_linear=0
shrinkage=0.05


Tree=4
num_leaves=31
num_cat=0
split_feature=1 3 8 1 7 1 3 8 2 6 3 7 1 7 3 1 8 6 3 1 2 0 1 1 2 1 1 1 3 1
split_gain=8.67966e+06 4.83336e+06 3.50156e+06 1.85839e+06 1.23739e+06 4.56673e+06 1.31004e+06 810112 448020 354277 310947 274146 239619 197778 662775 169284 123037 120547 81645.3 45974.4 45513.8 41708.4 22478.3 18058.3 17376.5 11254.4 6766.15 4728.62 2883.96 1835.64
threshold=26383.930000000004 0.91577787468084726 2.5000000000000004 22460.235000000004 5.5000000000000009 33382.665000000001 0.95010238926470825 3.5000000000000004 4466.5700000000006 5.5000000000000009 0.53667587877304201 1.0000000180025095e-35 29657.880000000005 1.5000000000000002 0.85934008924100536 23729.925000000007 3.5000000000000004 9.5000000000000018 0.5677499985516733 32058.395 2040.1950000000004 32165.450000000001 23495.985000000001 29599.315000000006 6380.0950000000003 19839.830000000005 20461.320000000003 15135.295 0.72698484823487652 34056.140000000007
decision_type=2 2 2 2 2 2 2 2 2 2 2 2 2 2 2 2 2 2 2 2 2 2 2 2 2 2 2 2 2 2
left_child=2 7 3 10 6 20 9 12 -5 -3 25 -12 21 14 -9 -10 22 -8 27 -14 -6 -2 26 -15 -20 -1 -4 -18 -24 -7
right_child=1 4 16 8 5 29 17 13 15 -11 11 -13 19 23 -16 -17 18 -19 24 -21 -22 -23 28 -25 -26 -27 -28 -29 -30 -31
leaf_value=-10.322170226804673 -5.0408294200897217 12.532756271362306 -2.2108302434285481 -10.427114957921646 33.318929714626726 1.8535084724426267 31.276141357421881 3.7032135226509788 -3.7743173322012264 5.7335733774231699 -0.77275644540786748 -7.6221944627839893 1.4499065875151511 3.9515482831884317 17.943018927940955 -0.97436144738361752 -1.5104628736322576 19.000831985473628 3.4078292846679688 2.5245510008774308 38.113383900035515 0.10351028874119879 -0.27529445706921468 5.9126068369547529 1.6671759696974271 -8.6534187533638711 -0.92968526549943498 -0.30875182729214434 0.34092576545338305 2.8988029479980471
leaf_weight=124 3.9999999999999991 25 11.999999999999998 17 9.0000000000000018 14.000000000000002 5.9999999999999982 22 86 82 15.999999999999998 168 209 54 12.999999999999998 145 10.999999999999998 3 15.999999999999998 190 10.999999999999998 263 34 14.999999999999998 138 10.999999999999998 73 32 43 5.9999999999999991
leaf_count=124 4 25 12 17 9 14 6 22 86 82 16 168 209 54 13 145 11 3 16 190 11 263 34 15 138 11 73 32 43 6
internal_value=0.0296909 3.45264 -3.39326 -5.8398 11.4781 19.0615 8.8632 1.8267 -2.59328 7.32217 -8.36373 -7.02659 1.18582 5.93079 8.99228 -2.01677 0.470761 27.1844 1.31015 1.96164 35.9559 0.0264415 -0.549983 4.37787 1.84802 -10.1862 -1.11055 -0.616166 0.0688285 2.1671
internal_weight=1852 926 926 567 156 40 116 770 248 107 319 184 666 104 35 231 359 9 197 399 20 267 162 69 154 135 85 43 77 20
internal_count=1852 926 926 567 156 40 116 770 248 107 319 184 666 104 35 231 359 9 197 399 20 267 162 69 154 135 85 43 77 20
is_linear=0
shrinkage=0.05


Tree=5
num_leaves=30
num_cat=0
split_feature=3 2 4 4 3 4 0 8 0 0 0 4 4 3 4 4 4 4 0 0 0 3 0 6 0 0 6 2 3
split_gain=7.63908e+06 4.85493e+06 2.70481e+06 2.03873e+06 1.83921e+06 1.46349e+06 1.23791e+06 952175 874068 794565 762639 636145 178917 126128 101509 89655.1 86640 78977.1 81376.4 59299.4 48242.5 31118.8 27726.4 6421.89 6206.86 2201.11 493.386 106.874 88.718
threshold=0.91797872753462773 15571.645000000002 44395.000000000007 44810.000000000007 0.80029501536638381 44735.000000000007 39415.400000000009 2.5000000000000004 29392.300000000003 31252.200000000004 35184.55000000001 36662.500000000007 47530.000000000007 0.53667587877304201 42275.000000000007 37010.000000000007 37740.000000000007 39715.000000000007 34000.200000000004 39882.750000000007 33548.950000000004 0.88532500784280532 36874.850000000013 22.500000000000004 38620.100000000013 39000.900000000001 10.500000000000002 2319.0750000000003 0.92529791383026072
decision_type=2 2 2 2 2 2 2 2 2 2 2 2 2 2 2 2 2 2 2 2 2 2 2 2 2 2 2 2 2
left_child=1 4 17 5 7 10 12 9 21 -1 -4 -10 -5 16 25 -9 -3 26 -19 -8 -7 -6 -16 -20 -18 -15 27 -2 -28
right_child=2 13 3 6 8 20 19 15 11 -11 -12 -13 -14 14 22 -17 24 18 23 -21 -22 -23 -24 -25 -26 -27 28 -29 -30
leaf_value=-7.5277749218591836 5.0268234252929647 -1.1170551458994546 9.3812585449218737 2.2688444455464682 -4.3020401000976518 30.862120056152335 21.434711074829096 1.2082704480390372 5.6631986162683994 -2.135065585819317 31.929564208984374 1.5011517920189323 9.4186078770955408 -2.6829867680867525 -4.439486694335935 -0.36000289316887835 -9.799700993299485 -6.3662202517191568 2.0142878405253093 30.326610717773434 35.797013502854568 -9.8804655456542978 -8.6023006439208984 4.440546735127767 -8.5062779510021223 -1.0242575267950691 5.422839450836177 4.6701290130615227 5.1558352334158766
leaf_weight=82 3.0000000000000018 2.9999999999999991 15.000000000000002 21 3.0000000000000027 8.0000000000000018 3 161 111 409 4.9999999999999991 531 14.999999999999998 2.9999999999999982 5.0000000000000027 210 128 2.9999999999999991 30 5 12.999999999999998 14.999999999999998 20 2.9999999999999991 9.9999999999999982 6 4.0000000000000027 7 13.999999999999998
leaf_count=82 3 3 15 21 3 8 3 161 111 409 5 531 15 3 5 210 128 3 30 5 13 15 20 3 10 6 4 7 14
internal_value=-0.024055 -0.977129 10.8308 16.6763 -0.0702857 24.6982 9.20141 -1.59117 1.91608 -3.03568 15.0183 2.22076 5.24791 -8.86408 -6.13053 0.320569 -9.52323 3.06713 1.5181 26.9921 33.9171 -8.95073 -7.76974 2.23486 -9.70597 -1.57717 5.05873 4.77714 5.21517
internal_weight=1846 1697 149 85 1522 41 44 862 660 491 20 642 36 175 34 371 141 64 36 8 21 18 25 33 138 9 28 10 18
internal_count=1846 1697 149 85 1522 41 44 862 660 491 20 642 36 175 34 371 141 64 36 8 21 18 25 33 138 9 28 10 18
is_linear=0
shrinkage=0.05


Tree=6
num_leaves=28
num_cat=0
split_feature=1 3 2 4 4 4 0 1 4 4 0 7 6 1 6 2 1 4 4 4 1 1 0 1 6 1 5
split_gain=7.00401e+06 3.03934e+06 2.40266e+06 1.82514e+06 2.01292e+06 1.28475e+06 1.04591e+06 1.02644e+06 894416 684342 660648 450805 425979 220193 122931 119310 92340 73615 68231.8 44341.6 29087.7 20274.9 11610.7 14798.8 5563.07 4196.62 236.962
threshold=26383.930000000004 0.91797872753462773 15571.645000000002 44395.000000000007 44810.000000000007 44735.000000000007 29392.300000000003 37377.455000000009 39905.000000000007 36662.500000000007 31351.050000000007 1.5000000000000002 10.500000000000002 31088.780000000006 1.5000000000000002 12167.290000000003 21675.350000000002 37740.000000000007 45602.500000000007 39715.000000000007 20000.105 29154.120000000006 28316.150000000005 25548.615000000002 20.500000000000004 22190.105000000003 1.5000000000000002
decision_type=2 2 2 2 2 2 2 2 2 2 2 2 2 2 2 2 2 2 2 2 2 2 2 2 2 2 2
left_child=2 9 6 19 5 -5 22 -6 15 11 -10 12 -2 18 -15 -8 17 -4 -11 26 -19 -13 25 -24 -21 -1 -3
right_child=1 3 16 4 7 -7 8 -9 10 13 -12 21 -14 14 -16 -17 -18 20 -20 24 -22 -23 23 -25 -26 -27 -28
leaf_value=-10.081941699981687 19.540624036788934 4.5981319851345468 -1.06120236714681 13.650892215304905 4.8105788493156432 32.291812615645561 1.4942454237076972 28.839198608398437 -9.8602750962780377 0.99279049760292448 -2.2793778199173316 3.3081082309995384 5.8142402208768402 6.4461386091568897 2.0504265069961547 -1.1197161626869014 -1.9206911659240724 -9.3094574156261629 -0.33254667860043202 1.7441959533691407 -7.6213766202330593 5.1298670087541858 -7.0042847224644236 -9.5226857757568357 3.0935072291981092 -8.8132819435813214 4.9095836840177842
leaf_weight=16.000000000000004 10.000000000000002 9.0000000000000018 2.9999999999999991 18 40 19 198 4.9999999999999991 31 252 394 56 12.999999999999998 17 247 56 4.9999999999999991 126 158 25 32 21 14.000000000000002 9.9999999999999982 10.999999999999998 10.999999999999998 19
leaf_count=16 10 9 3 18 40 19 198 5 31 252 394 56 13 17 247 56 5 126 158 25 32 21 14 10 11 11 19
internal_value=-0.0363227 3.02808 -3.18281 9.64506 14.5839 23.2233 -1.94812 7.48043 -1.42944 1.77991 -2.83234 5.63973 11.7822 1.20724 2.33348 0.917939 -8.61243 -8.82024 0.482051 3.31717 -8.96757 3.80495 -8.8538 -8.05362 2.15649 -9.56508 4.80947
internal_weight=1816 920 896 146 82 37 730 45 679 774 425 100 23 674 264 254 166 161 410 64 158 77 51 24 36 27 28
internal_count=1816 920 896 146 82 37 730 45 679 774 425 100 23 674 264 254 166 161 410 64 158 77 51 24 36 27 28
is_linear=0
shrinkage=0.05


Tree=7
num_leaves=31
num_cat=0
split_feature=1 3 8 2 5 0 1 8 1 1 7 5 0 3 0 0 0 7 7 2 1 8 0 3 3 0 1 7 3 0
split_gain=6.32354e+06 3.97047e+06 2.50569e+06 1.09101e+06 780257 601398 500331 456026 430604 339969 269329 236076 573248 196722 183806 128507 80989.3 125753 101366 72657.5 60940.6 37356.1 13651.7 7989.77 9639.29 7812.89 5872.6 770.84 36.4048 6.49009
threshold=23729.925000000007 0.91797872753462773 2.5000000000000004 1909.9650000000004 2.5000000000000004 29392.300000000003 37377.455000000009 3.5000000000000004 22290.705000000005 29599.315000000006 2.5000000000000004 4.5000000000000009 35312.600000000013 0.84917039388281157 29720.050000000007 38433.350000000013 33037.700000000004 1.0000000180025095e-35 2.5000000000000004 12063.805000000002 21995.690000000002 3.5000000000000004 31749.550000000007 0.60336968536675362 0.52760597406501963 38686.600000000013 20461.320000000003 2.5000000000000004 0.90967280450824328 28448.400000000005
decision_type=2 2 2 2 2 2 2 2 2 2 2 2 2 2 2 2 2 2 2 2 2 2 2 2 2 2 2 2 2 2
left_child=2 5 8 11 6 28 -5 9 10 -7 14 25 -13 -9 -1 -6 17 -10 -18 21 -12 27 -23 24 -21 -3 -25 -4 29 -2
right_child=1 3 19 4 15 7 -8 13 16 -11 20 12 -14 -15 -16 -17 18 -19 -20 23 -22 22 -24 26 -26 -27 -28 -29 -30 -31
leaf_value=-9.4336128061467956 -8.937551116943359 26.229957071940103 -0.94416580633683622 10.912961626052857 3.9604703403654558 -0.16771604440346055 27.39723815917969 1.9596412958100786 1.6262608289718614 1.8036388952068139 -8.694412635171668 28.851293182373041 2.0826483726501461 5.4510242082570732 -4.3059341189265252 14.552395629882813 -5.2789112918376926 -8.2855798125267039 -1.338310872747543 -0.96930764957710547 -5.1546767564920284 1.3260039287454943 3.0944004205557016 -1.9766529719034833 0.34351403800577951 29.355034383138015 -0.83427726957533099 -0.3754571550454085 -9.0802841186523438 -8.859548187255859
leaf_weight=22 3.9999999999999991 6 11.000000000000002 58 63 490 4.9999999999999991 86 4.0000000000000027 395 188 4 4 76 85 2.9999999999999991 25 15.999999999999998 47 27 12.999999999999998 68 12.999999999999998 14.999999999999998 29 3 45 12.999999999999998 2.9999999999999991 7.9999999999999991
leaf_count=22 4 6 11 58 63 490 5 86 4 395 188 4 4 76 85 3 25 16 47 27 13 68 13 15 29 3 45 13 3 8
internal_value=-0.0288865 2.07904 -4.12933 9.81017 8.24112 1.01619 12.2212 1.15861 -6.4901 0.712154 -7.3867 21.7165 15.467 3.59757 -5.36022 4.44192 -3.48845 -6.30321 -2.70657 0.143561 -8.46547 1.09646 1.60982 -0.71898 -0.289454 27.2716 -1.11987 -0.636115 -8.9245 -8.88555
internal_weight=1829 1208 621 146 129 1062 63 1047 400 885 308 17 8 162 107 66 92 20 72 221 201 105 81 116 56 9 60 24 15 12
internal_count=1829 1208 621 146 129 1062 63 1047 400 885 308 17 8 162 107 66 92 20 72 221 201 105 81 116 56 9 60 24 15 12
is_linear=0
shrinkage=0.05


Tree=8
num_leaves=31
num_cat=0
split_feature=1 2 8 4 4 4 1 0 4 7 4 4 2 5 7 1 3 1 4 4 3 1 4 1 2 7 2 1 4 1
split_gain=5.98196e+06 3.17747e+06 2.35914e+06 2.13963e+06 1.4695e+06 1.3089e+06 1.20336e+06 1.07662e+06 565684 420620 339091 407929 338410 331904 202857 169046 143672 92476.9 82440.1 44553.9 42485.3 16510.2 14415.5 13591.2 11334.2 6274.36 4661.93 2047.94 2045.6 1414.76
threshold=26383.930000000004 2882.0000000000005 2.5000000000000004 44395.000000000007 44810.000000000007 44735.000000000007 22290.705000000005 38362.100000000006 35390.000000000007 1.5000000000000002 42910.000000000007 46075.000000000007 4466.5700000000006 1.5000000000000002 1.0000000180025095e-35 23059.055000000004 0.81966998017060033 27283.475000000002 37010.000000000007 39715.000000000007 0.56098688587906531 23927.125000000004 43067.500000000007 29154.120000000006 6380.0950000000003 5.5000000000000009 2171.6850000000004 15135.295 42595.000000000007 25989.100000000002
decision_type=2 2 2 2 2 2 2 2 2 2 2 2 2 2 2 2 2 2 2 2 2 2 2 2 2 2 2 2 2 2
left_child=2 3 6 19 5 -5 10 -6 9 13 14 -12 29 -3 -1 -14 22 -18 20 -2 27 25 -10 -11 -22 -20 -21 -4 -23 -8
right_child=1 8 18 4 7 -7 12 -9 16 23 11 -13 15 -15 -16 -17 17 -19 21 26 24 28 -24 -25 -26 -27 -28 -29 -30 -31
leaf_value=-4.3748485452988568 4.2024086740281845 19.505615594238037 -1.3796851851723408 12.453523868063222 1.7773553040292527 29.512535788796164 -8.4573862348284035 18.145281505584716 0.69902536081416278 2.8096933098726495 -0.79405496882837878 -7.6420156857845463 -4.0289609924439462 6.7389208384922572 -8.5666414937423792 -0.99514613394009865 -4.6231413364410399 1.6236899923556931 -0.53352207160171339 1.2754905245520853 2.672759875129251 -0.075914605305745064 -0.2286863091255886 4.5576621882120767 1.299891734408358 -1.4477313046870026 2.3971822321414948 -0.4148623612794009 0.49102796050833497 -9.4371900939941415
leaf_weight=34 36 8.0000000000000018 11.000000000000002 23 27 22 14.000000000000002 15.999999999999998 56 43 43 44 62 13.999999999999998 191 177 5.9999999999999991 471 102 22 17 26 166 14.999999999999998 130 23 15.999999999999998 10.999999999999998 41 4.9999999999999991
leaf_count=34 36 8 11 23 27 22 14 16 56 43 43 44 62 14 191 177 6 471 102 22 17 26 166 15 130 23 16 11 41 5
internal_value=0.025496 2.83687 -2.81608 9.20816 14.4775 20.7935 -4.81911 7.86775 1.51191 5.49464 -6.90823 -4.25739 -2.29274 11.3814 -7.93322 -1.78216 1.05608 1.54511 0.346604 2.94192 1.15197 -0.362285 0.00533105 3.26175 1.45866 -0.701737 1.74778 -0.897274 0.27102 -8.71523
internal_weight=1872 941 931 162 88 45 570 43 779 80 312 87 258 22 225 239 699 477 361 74 169 192 222 58 147 125 38 22 67 19
internal_count=1872 941 931 162 88 45 570 43 779 80 312 87 258 22 225 239 699 477 361 74 169 192 222 58 147 125 38 22 67 19
is_linear=0
shrinkage=0.05


Tree=9
num_leaves=31
num_cat=0
split_feature=1 3 8 4 4 1 4 1 4 7 6 4 2 4 7 1 6 1 4 4 1 4 1 1 4 7 6 2 1 4
split_gain=5.52877e+06 3.03864e+06 2.14212e+06 1.77916e+06 1.5918e+06 1.12404e+06 969774 822633 532106 386010 445922 357890 357208 323070 147490 136350 115852 112813 83376.7 80635.5 35749 34920 14197.3 12875.5 11049.3 6439.61 5448.24 3269.95 1487.17 826.169
threshold=26383.930000000004 0.91577787468084726 2.5000000000000004 44395.000000000007 44810.000000000007 22335.600000000002 44735.000000000007 36620.080000000009 35390.000000000007 1.5000000000000002 9.5000000000000018 42910.000000000007 4466.5700000000006 46075.000000000007 1.0000000180025095e-35 31516.380000000005 1.5000000000000002 24187.770000000004 37010.000000000007 45602.500000000007 17644.205000000005 39715.000000000007 24355.255000000001 29154.120000000006 33577.500000000007 5.5000000000000009 22.500000000000004 14696.625000000002 25989.100000000002 42595.000000000007
decision_type=2 2 2 2 2 2 2 2 2 2 2 2 2 2 2 2 2 2 2 2 2 2 2 2 2 2 2 2 2 2
left_child=2 8 5 21 6 11 -5 -6 9 10 -2 14 28 -13 -1 19 -17 -14 20 -10 27 -3 25 -11 -22 -20 -23 -4 -7 -24
right_child=1 3 18 4 7 12 -8 -9 15 23 -12 13 17 -15 -16 16 -18 -19 22 -21 24 26 29 -25 -26 -27 -28 -29 -30 -31
leaf_value=-4.4255423743277786 20.495126652717584 4.0407211180656182 0.121849812567234 13.366472348299894 3.887755854387541 -8.0273313395182271 28.388153730119981 19.461624717712404 1.1083023366556592 2.7612021421774844 5.6971619197300507 -0.86859798378414588 -2.7403515808582308 -7.044370015859605 -8.0853784493383412 6.1967999666929252 1.7894950311477871 -0.5027984824291496 -0.46976354397692771 -0.27182927266414086 2.0066899018772579 1.4008616456279048 0.066686160940872999 4.4100812014411472 1.1282024950771541 -1.4281461579459054 3.0665644645690922 -1.1453441040856498 -8.9587357838948574 0.47421451488302813
leaf_weight=32 8.0000000000000018 31 8.0000000000000018 22 37 15.000000000000002 21 10.999999999999998 292 39 13.999999999999998 45 100 40 197 15.999999999999998 219 129 106 166 59 27 19 17 91 21 5.9999999999999991 13.999999999999998 5.9999999999999991 36
leaf_count=32 8 31 8 22 37 15 21 11 292 39 14 45 100 40 197 16 219 129 106 166 59 27 19 17 91 21 6 14 6 36
internal_value=0.109408 2.83537 -2.64031 9.22338 13.7158 -4.55382 20.7026 7.45677 1.55114 5.4664 11.0782 -6.54554 -2.05223 -3.77484 -7.57396 1.11046 2.08957 -1.4799 0.408344 0.60808 1.19768 2.8357 -0.337622 3.26175 1.47374 -0.628236 1.70372 -0.684546 -8.29345 0.333432
internal_weight=1844 926 918 155 91 564 43 48 771 78 22 314 250 85 229 693 235 229 354 458 172 64 182 56 150 127 33 22 21 55
internal_count=1844 926 918 155 91 564 43 48 771 78 22 314 250 85 229 693 235 229 354 458 172 64 182 56 150 127 33 22 21 55
is_linear=0
shrinkage=0.05


Tree=10
num_leaves=30
num_cat=0
split_feature=3 1 8 7 1 3 0 3 6 7 2 8 0 6 2 2 2 8 1 0 0 6 0 2 1 3 3 2 0
split_gain=4.95672e+06 3.18828e+06 1.79743e+06 777410 2.88786e+06 846958 412396 381825 343652 541344 306841 194242 135560 74273 66809.7 60515.1 42509.5 24251.7 20728 15508.6 6976.06 6823.36 5608.74 3694.2 1228.34 415.857 342.506 21.4695 5.59106
threshold=0.91797872753462773 23729.925000000007 2.5000000000000004 5.5000000000000009 33382.665000000001 0.95010238926470825 29392.300000000003 0.53667587877304201 6.5000000000000009 1.5000000000000002 7921.5150000000003 3.5000000000000004 31351.050000000007 9.5000000000000018 2791.4400000000005 2040.1950000000004 12063.805000000002 3.5000000000000004 27834.420000000002 34728.500000000007 39697.450000000004 3.5000000000000004 33235.100000000006 19186.310000000001 33733.485000000008 0.93016124768744601 0.93524621198261226 2536.9700000000007 28448.400000000005
decision_type=2 2 2 2 2 2 2 2 2 2 2 2 2 2 2 2 2 2 2 2 2 2 2 2 2 2 2 2 2
left_child=1 2 7 5 15 8 27 23 9 -2 11 -8 -9 20 -10 22 17 -4 -12 -17 -7 -18 -5 -1 26 -26 -6 -3 -29
right_child=3 6 16 4 24 13 10 12 14 -11 18 -13 -14 -15 -16 19 21 -19 -20 -21 -22 -23 -24 -25 25 -27 -28 28 -30
leaf_value=-7.7267786586095415 17.236117590390716 -7.7701807657877611 -0.46065689043866265 22.080556233723939 0.34159133732318858 26.006936645507821 1.1315169016637936 -6.3321473798890047 2.9799471361296521 2.8066665062537561 -0.50289215149796618 3.134300594002593 -3.7446282073071133 14.666616376241045 9.6239010334014896 27.580499703543531 0.48111191712892976 1.2838421886884852 0.53556089204246715 31.044707743326821 22.597131856282545 -0.74025926296648237 24.728370666503906 -7.0104801722935264 1.2130804697672528 1.8712477684020994 0.92158280100141254 -7.6664375305175803 -7.5923347473144522
leaf_weight=126 13.000000000000002 2.9999999999999991 27 3.0000000000000018 4.0000000000000018 2.9999999999999982 580 69 70 12.999999999999998 259 153 190 3 3.9999999999999991 6.9999999999999982 12.999999999999998 76 59 6 3 95 6 21 5.9999999999999982 4 7 3.9999999999999982 7
leaf_count=126 13 3 27 3 4 3 580 69 70 13 259 153 190 3 4 7 13 76 59 6 3 95 6 21 6 4 7 4 7
internal_value=-0.00222941 -0.783635 -3.64364 8.64464 14.3378 6.39872 0.87329 -5.58914 5.07648 10.0214 0.986848 1.54956 -4.43397 21.0902 3.33908 26.9974 0.0998298 0.826546 -0.310223 29.1794 24.302 -0.593242 23.8458 -7.62445 1.07528 1.47635 0.710677 -7.65162 -7.61928
internal_weight=1834 1682 617 152 43 109 1065 406 100 26 1051 733 259 9 74 22 211 103 318 13 6 108 9 147 21 10 11 14 11
internal_count=1834 1682 617 152 43 109 1065 406 100 26 1051 733 259 9 74 22 211 103 318 13 6 108 9 147 21 10 11 14 11
is_linear=0
shrinkage=0.05


end of trees

feature_importances:
net_load=78
thermal_on_capacity=62
total_load=52
thermal_space_load_ratio=34
renewable_power=33
weekday=24
period=19
month=17
hour=4

parameters:
[boosting: gbdt]
[objective: regression]
[metric: rmse]
[tree_learner: serial]
[device_type: cpu]
[data_sample_strategy: bagging]
[data: ]
[valid: ]
[num_iterations: 400]
[learning_rate: 0.05]
[num_leaves: 31]
[num_threads: 0]
[seed: 42]
[deterministic: 0]
[force_col_wise: 0]
[force_row_wise: 0]
[histogram_pool_size: -1]
[max_depth: 5]
[min_data_in_leaf: 3]
[min_sum_hessian_in_leaf: 0.001]
[bagging_fraction: 0.85]
[pos_bagging_fraction: 1]
[neg_bagging_fraction: 1]
[bagging_freq: 1]
[bagging_seed: 400]
[bagging_by_query: 0]
[feature_fraction: 0.85]
[feature_fraction_bynode: 1]
[feature_fraction_seed: 30056]
[extra_trees: 0]
[extra_seed: 12879]
[early_stopping_round: 0]
[early_stopping_min_delta: 0]
[first_metric_only: 0]
[max_delta_step: 0]
[lambda_l1: 0]
[lambda_l2: 0]
[linear_lambda: 0]
[min_gain_to_split: 0]
[drop_rate: 0.1]
[max_drop: 50]
[skip_drop: 0.5]
[xgboost_dart_mode: 0]
[uniform_drop: 0]
[drop_seed: 17869]
[top_rate: 0.2]
[other_rate: 0.1]
[min_data_per_group: 100]
[max_cat_threshold: 32]
[cat_l2: 10]
[cat_smooth: 10]
[max_cat_to_onehot: 4]
[top_k: 20]
[monotone_constraints: ]
[monotone_constraints_method: basic]
[monotone_penalty: 0]
[feature_contri: ]
[forcedsplits_filename: ]
[refit_decay_rate: 0.9]
[cegb_tradeoff: 1]
[cegb_penalty_split: 0]
[cegb_penalty_feature_lazy: ]
[cegb_penalty_feature_coupled: ]
[path_smooth: 0]
[interaction_constraints: ]
[verbosity: -1]
[saved_feature_importance_type: 0]
[use_quantized_grad: 0]
[num_grad_quant_bins: 4]
[quant_train_renew_leaf: 0]
[stochastic_rounding: 1]
[linear_tree: 0]
[max_bin: 255]
[max_bin_by_feature: ]
[min_data_in_bin: 3]
[bin_construct_sample_cnt: 200000]
[data_random_seed: 175]
[is_enable_sparse: 1]
[enable_bundle: 1]
[use_missing: 1]
[zero_as_missing: 0]
[feature_pre_filter: 1]
[pre_partition: 0]
[two_round: 0]
[header: 0]
[label_column: ]
[weight_column: ]
[group_column: ]
[ignore_column: ]
[categorical_feature: ]
[forcedbins_filename: ]
[precise_float_parser: 0]
[parser_config_file: ]
[objective_seed: 16083]
[num_class: 1]
[is_unbalance: 0]
[scale_pos_weight: 1]
[sigmoid: 1]
[boost_from_average: 1]
[reg_sqrt: 0]
[alpha: 0.9]
[fair_c: 1]
[poisson_max_delta_step: 0.7]
[tweedie_variance_power: 1.5]
[lambdarank_truncation_level: 30]
[lambdarank_norm: 1]
[label_gain: ]
[lambdarank_position_bias_regularization: 0]
[eval_at: ]
[multi_error_top_k: 1]
[auc_mu_weights: ]
[num_machines: 1]
[local_listen_port: 12400]
[time_out: 120]
[machine_list_filename: ]
[machines: ]
[gpu_platform_id: -1]
[gpu_device_id: -1]
[gpu_use_dp: 0]
[num_gpu: 1]

end of parameters

pandas_categorical:[]
