tree
version=v4
num_class=1
num_tree_per_iteration=1
label_index=0
max_feature_idx=10
objective=regression
feature_names=total_load net_load renewable_power thermal_space_load_ratio thermal_on_capacity hour period weekday month is_weekend is_holiday
feature_infos=[31578.099999999999:48277.599999999999] [13698.59:45874.959999999999] [1144.03:19856.66] [0.41943661109325003:0.97282505160491894] [27170:49115] [18:21] [73:86] [0:6] [1:4] [0:1] none
tree_sizes=2533 2487 2535 2836 2567 2662 2488 2303 2621 2446 2514

Tree=0
num_leaves=27
num_cat=0
split_feature=2 4 2 7 2 4 4 4 0 7 1 1 4 2 4 4 4 1 2 2 0 0 6 0 0 1
split_gain=6.29253e+07 1.91039e+07 7.8041e+06 7.56291e+06 5.05404e+06 5.02438e+06 9.69627e+06 2.78222e+06 2.21992e+06 1.21589e+06 3.0589e+06 1.1956e+06 1.0239e+06 623993 543308 413589 371402 256002 233216 126519 56660.4 19190.9 8730.65 5348.52 3556.81 3442.3
threshold=4169.0950000000012 48480.000000000007 1387.8900000000001 5.5000000000000009 7111.7450000000008 42910.000000000007 48055.000000000007 36662.500000000007 34651.950000000004 1.0000000180025095e-35 36659.405000000006 41481.74500000001 36372.500000000007 18453.175000000003 37740.000000000007 44395.000000000007 48702.000000000007 22948.605000000007 11257.920000000002 18964.620000000006 41472.500000000007 44178.500000000007 75.500000000000014 42969.000000000007 44953.55000000001 20227.880000000005
decision_type=2 2 2 2 2 2 2 2 2 2 2 2 2 2 2 2 2 2 2 2 2 2 2 2 2 2
left_child=1 2 3 20 9 7 -7 -4 14 10 15 12 -11 18 25 -2 21 -16 -10 -15 -1 23 -18 -3 -24 -6
right_child=4 16 5 -5 8 6 -8 -9 13 11 -12 -13 -14 19 17 -17 22 -19 -20 -21 -22 -23 24 -25 -26 -27
leaf_value=479.22357766393753 422.44665611289338 460.82458169225782 444.87982957128617 424.86357918981645 417.14186488666354 445.74537858437748 423.51692208532427 422.1520497567904 419.27372008492233 438.23357918981645 455.40798012975785 444.91041339798704 422.03707795896605 413.37796016980855 404.73941262487506 430.58792550329304 469.50168130163286 415.73441254858113 417.34813674805451 406.54482918981648 473.94870354894732 462.43658120397663 468.22812617024084 458.93628091100788 467.20865238840742 418.8595792508516
leaf_weight=14.000000000000002 39 6.0000000000000062 15.999999999999998 9.9999999999999982 6.9999999999999982 164 70 85 362 9.9999999999999982 9.9999999999999982 5.9999999999999991 403 21.000000000000004 45 26 9.9999999999999982 5.9999999999999991 278 9.9999999999999982 7.9999999999999991 9.9999999999999982 22 9.9999999999999982 13.999999999999998 5
leaf_count=7 22 3 8 5 7 82 35 54 289 5 5 3 231 21 45 13 5 6 262 10 4 5 11 5 7 5
internal_value=425.699 441.946 437.326 460.917 419.891 435.073 439.096 425.752 417.259 423.801 429.664 422.751 422.429 418.102 408.285 425.703 465.495 406.033 418.437 411.174 477.305 460.718 468.195 459.644 467.832 417.858
internal_weight=1667 439 367 32 1228 335 234 101 734 494 75 419 413 671 63 65 72 51 640 31 22 26 46 16 36 12
internal_count=1155 231 195 16 924 179 117 62 645 279 40 239 236 582 63 35 36 51 551 31 11 13 23 8 18 12
is_linear=0
shrinkage=1


Tree=1
num_leaves=27
num_cat=0
split_feature=3 7 0 2 3 3 3 8 0 3 7 3 6 3 2 8 3 8 8 0 7 8 0 3 7 6
split_gain=5.9444e+07 1.18989e+07 7.30487e+06 4.89398e+06 4.84808e+06 3.64757e+06 3.57231e+06 2.25349e+06 2.14397e+06 2.09267e+06 918726 1.74256e+06 907342 2.10437e+06 891878 696434 654663 466762 453272 434540 124367 66179.7 24383.7 10286 2101.55 1663.16
threshold=0.90149972329599348 1.0000000180025095e-35 41322.55000000001 1271.4150000000002 0.8332428640365438 0.94083072706873205 0.9105392959498384 1.5000000000000002 47043.250000000007 0.54608491825583494 1.0000000180025095e-35 0.86463598906069195 75.500000000000014 0.91270604387814402 1271.4150000000002 3.5000000000000004 0.6771568560652752 2.5000000000000004 3.5000000000000004 43867.000000000007 1.0000000180025095e-35 1.5000000000000002 41616.30000000001 0.92575066396177597 3.5000000000000004 73.500000000000014
decision_type=2 2 2 2 2 2 2 2 2 2 2 2 2 2 2 2 2 2 2 2 2 2 2 2 2 2
left_child=4 12 3 -3 9 7 -5 -4 10 18 11 -6 13 -2 -7 -12 17 -11 24 -15 -18 23 -23 -14 -1 -20
right_child=1 2 5 6 8 14 -8 -9 -10 16 15 -13 21 19 -16 -17 20 -19 25 -21 -22 22 -24 -25 -26 -27
leaf_value=-19.31454772949219 41.683731079101527 51.038821411132815 27.420503029293485 23.642961056608904 -1.1313304265340169 26.19161818981171 5.4195091633693036 10.708885229550877 28.504479980468751 -11.134298217997832 -3.4211876549317175 17.110950342814128 -2.5129173278808596 16.696314620971666 42.806595139276418 2.9254389953613282 -4.4281054285952921 -6.4280420436415575 -9.2227869033813494 -1.7287836074829102 -6.432262867831728 -7.6201026916503869 -3.9858460998535161 -0.74584609985351569 -20.083822468348913 -7.9447176252092619
leaf_weight=12.999999999999998 4.0000000000000027 7.9999999999999991 90 38 48 9.9999999999999982 92 26 5.9999999999999991 136 319 18 13.999999999999998 4.0000000000000027 42 50 95 86 3.9999999999999982 15.999999999999998 418 6.0000000000000027 20 20 28 7
leaf_count=13 2 4 45 19 26 5 46 13 3 136 187 9 7 3 21 25 68 76 4 8 356 6 10 10 28 7
internal_value=0.0240992 17.0301 21.6059 13.0822 -5.37682 28.6076 10.7464 23.6748 -1.17997 -7.72855 -1.58941 3.84384 0.361004 8.57749 39.6114 -2.56121 -7.04276 -9.31115 -17.4219 1.95624 -6.06112 -2.92559 -4.82452 -1.47346 -19.8399 -8.40947
internal_weight=1618 390 306 138 1228 168 130 116 441 787 435 66 84 24 52 369 735 222 52 20 513 60 26 34 41 11
internal_count=1137 199 153 69 938 84 65 58 250 688 247 35 46 13 26 212 636 212 52 11 424 33 16 17 41 11
is_linear=0
shrinkage=0.05


Tree=2
num_leaves=27
num_cat=0
split_feature=3 4 3 3 3 4 4 0 0 7 3 4 2 7 4 2 8 2 2 0 4 0 0 0 0 6
split_gain=4.56419e+07 1.70626e+07 5.51978e+06 5.34114e+06 3.66056e+06 3.53824e+06 5.30946e+06 1.79902e+06 1.24504e+06 1.02417e+06 1.54949e+06 1.10245e+06 682395 560971 415676 250745 225473 188841 136049 59139.3 35880.1 15314.8 6470.33 5696.29 5581.05 4722.79
threshold=0.89654825411010652 48480.000000000007 0.96837052427181913 0.97012089438483751 0.83860508035463044 48055.000000000007 44395.000000000007 34754.950000000004 46593.150000000001 1.0000000180025095e-35 0.86463598906069195 36372.500000000007 18453.175000000003 5.5000000000000009 37740.000000000007 3742.6050000000005 2.5000000000000004 5906.6550000000016 18964.620000000006 41472.500000000007 48097.000000000007 44508.100000000013 46593.150000000001 43261.250000000007 42969.000000000007 74.500000000000014
decision_type=2 2 2 2 2 2 2 2 2 2 2 2 2 2 2 2 2 2 2 2 2 2 2 2 2 2
left_child=4 2 5 19 7 6 -2 13 9 10 -6 -11 16 14 -1 22 -9 -10 -14 -4 -7 24 23 -3 -17 -15
right_child=1 15 3 -5 8 20 -8 12 17 11 -12 -13 18 25 -16 21 -18 -19 -20 -21 -22 -23 -24 -25 -26 -27
leaf_value=-5.5627826554434643 2.3392128868724988 38.414166259765629 48.762542215983061 -2.3652599096298208 -0.75666528429303859 -3.5328625996907554 16.619061604022981 -7.0056274229666258 20.753809611002609 11.997944895426434 17.528305101394654 -3.4270011285108009 -11.110349051157634 -8.3645067214965749 -18.571990219116213 32.188748168945295 -5.1964514647353663 8.2092051188151043 -17.82540539828214 42.682901000976564 -1.1809453911781311 33.75984741210938 37.679676513671879 39.67990020751953 30.032159423828119 -6.4164043971470424
leaf_weight=6.9999999999999991 115 15.999999999999998 12.000000000000002 8.0000000000000018 42 24 150 331 5.9999999999999982 11.999999999999998 15.999999999999998 334 24 4.0000000000000027 50 6.0000000000000018 359 6 10.999999999999998 5.9999999999999991 50 9.9999999999999982 9.9999999999999982 20 6 13.999999999999998
leaf_count=6 64 8 6 4 21 12 75 291 3 6 8 191 24 4 50 3 286 3 11 3 25 5 5 10 3 14
internal_value=-0.23034 13.7097 9.42564 31.6279 -5.19419 7.72281 10.4221 -7.17243 -1.38988 -1.86131 4.28746 -2.89203 -6.40982 -14.5444 -16.9744 36.7051 -6.06433 14.4815 -13.2208 46.736 -1.94373 32.3147 38.8048 39.1174 31.1105 -6.84932
internal_weight=1649 433 365 26 1216 339 265 800 416 404 58 346 725 75 57 68 690 12 35 18 74 22 46 36 12 18
internal_count=1141 223 189 13 918 176 139 686 232 226 29 197 612 74 56 34 577 6 35 9 37 11 23 18 6 18
is_linear=0
shrinkage=0.05


Tree=3
num_leaves=31
num_cat=0
split_feature=3 4 3 3 4 4 3 2 7 1 0 0 2 4 4 2 4 0 7 0 6 5 0 6 0 1 7 0 0 0
split_gain=4.98821e+07 1.43728e+07 6.05679e+06 4.0387e+06 3.86388e+06 5.41144e+06 3.78303e+06 1.91524e+06 1.1914e+06 1.35205e+06 1.19775e+06 1.13737e+06 492544 449440 267382 233041 140218 123034 81235 32804 32483.4 32074.3 19842 5743.11 6544.65 2554.11 1094.86 547.081 459.433 63.5776
threshold=0.89792757291179381 48480.000000000007 0.96837052427181913 0.97012089438483751 48055.000000000007 42910.000000000007 0.6771568560652752 5850.4250000000002 2.5000000000000004 36659.405000000006 47043.250000000007 34754.950000000004 18964.620000000006 37740.000000000007 48702.000000000007 8323.0000000000018 30732.500000000004 41154.30000000001 1.5000000000000002 43220.000000000007 74.500000000000014 19.500000000000004 44178.500000000007 75.500000000000014 46593.150000000001 20227.880000000005 3.5000000000000004 45152.000000000007 43193.650000000009 47043.250000000007
decision_type=2 2 2 2 2 2 2 2 2 2 2 2 2 2 2 2 2 2 2 2 2 2 2 2 2 2 2 2 2 2
left_child=6 2 4 21 5 -2 11 8 9 -8 -10 13 17 25 22 18 -17 -13 -9 -6 -14 -4 28 29 -25 -1 -15 -24 -3 -16
right_child=1 14 3 -5 19 -7 7 15 10 -11 -12 12 20 26 23 16 -18 -19 -20 -21 -22 -23 27 24 -26 -27 -28 -29 -30 -31
leaf_value=-7.4438594818115256 0.026375741827977847 29.562723795572904 42.168589782714804 -2.1511635462443035 -3.866577402750651 16.14022621905411 2.5456155492038266 -2.9467627938588463 -3.046965971153774 22.019530639648437 19.66612014770508 -6.3269933645752658 -12.461114501953126 -17.751013240107785 37.600592041015631 -0.92584682192121237 -6.0347817634813721 -8.9166745844575548 -4.5357002961831014 -1.3636487811803819 -18.278059387207033 46.255812072753912 31.66511535644532 36.745095634460448 34.945585123697917 -5.8600337028503411 -18.20560255784255 32.340319824218746 28.983929443359376 37.830768839518228
leaf_weight=6.9999999999999982 73 6.0000000000000027 8.0000000000000053 5.9999999999999991 18 182 82 120 178 9.9999999999999982 5.9999999999999991 87 2.9999999999999991 27 5.9999999999999982 13.999999999999998 330 97 244 48 11.999999999999998 11.999999999999998 5.9999999999999982 32 5.9999999999999991 4 26 6 7.9999999999999991 6
leaf_count=7 42 3 4 3 9 91 41 73 104 5 3 78 3 27 3 7 287 97 165 24 12 6 3 16 3 4 26 3 4 3
internal_value=0.0927209 14.9298 10.6164 33.8274 8.73643 11.5272 -4.94021 -3.51645 0.0165672 4.66235 -2.30632 -10.2671 -8.40244 -16.0652 34.6235 -4.89373 -5.82686 -7.69221 -4.01187 -2.04627 -17.1147 44.6209 30.5108 36.7621 36.461 -6.86792 -17.974 32.0027 29.232 37.7157
internal_weight=1670 423 347 26 321 255 1247 984 276 92 184 263 199 64 76 708 344 184 364 66 15 20 26 50 38 11 53 12 14 12
internal_count=1156 217 179 13 166 133 939 685 153 46 107 254 190 64 38 532 294 175 238 33 15 10 13 25 19 11 53 6 7 6
is_linear=0
shrinkage=0.05


Tree=4
num_leaves=28
num_cat=0
split_feature=3 7 8 2 3 2 3 1 0 7 0 3 6 8 3 7 2 8 8 7 0 7 2 2 8 1 0
split_gain=4.2021e+07 9.28497e+06 6.33351e+06 3.36329e+06 3.235e+06 5.0469e+06 4.37552e+06 1.79348e+06 1.55519e+06 1.03002e+06 2.99569e+06 807301 995816 1.89999e+06 758230 1.26751e+06 572098 452590 211800 199757 153633 130043 121524 27647.9 20406.7 3345.29 1055.87
threshold=0.89996303050768589 1.0000000180025095e-35 1.5000000000000002 8145.4800000000005 0.96837052427181913 3561.4500000000003 0.97012089438483751 41738.860000000008 34754.950000000004 3.5000000000000004 44508.100000000013 0.91780914521171908 75.500000000000014 1.5000000000000002 0.86463598906069195 1.0000000180025095e-35 18453.175000000003 3.5000000000000004 2.5000000000000004 5.5000000000000009 42153.350000000013 1.0000000180025095e-35 18964.620000000006 11732.090000000002 1.5000000000000002 20227.880000000005 33927.250000000007
decision_type=2 2 2 2 2 2 2 2 2 2 2 2 2 2 2 2 2 2 2 2 2 2 2 2 2 2 2
left_child=3 11 9 7 5 -4 -6 14 17 10 -3 12 13 -2 21 -16 18 23 -10 -11 26 -1 -18 -5 -22 -19 -13
right_child=1 2 4 8 6 -7 -8 -9 16 19 -12 20 -14 -15 15 -17 22 25 -20 -21 24 -23 -24 -25 -26 -27 -28
leaf_value=-2.1189370075438885 -1.7866772969563796 11.52374143600464 3.547458538466266 -12.09299036661784 42.302235243055556 21.931205429349628 -2.1394386529922476 25.058259073893229 -6.993442917981028 35.184468430739187 32.28725071957237 -8.0262052917480471 -3.2550370788574221 38.004369099934891 13.461605072021484 -1.1376401220049177 -10.260549595045006 -7.0645237513950905 -4.9607024601491698 28.986496206430289 -0.85704818403437033 -4.2519086364131651 -16.169013214111327 -17.037741587113363 -2.8692483796013728 -5.4556063334147131 -7.0999794960021978
leaf_weight=94 6.0000000000000018 32 112 2.9999999999999991 18 56 8.0000000000000018 5.9999999999999991 279 26 38 4.9999999999999991 9.9999999999999982 6 15.999999999999998 210 23 6.9999999999999982 237 26 42 298 13.999999999999998 49 18 6 7.9999999999999991
leaf_count=55 3 16 56 3 9 28 4 3 261 13 19 5 5 3 8 116 23 7 197 13 21 201 14 49 9 6 8
internal_value=-0.149944 13.7082 17.8288 -4.73587 12.2154 9.67537 28.6279 -2.1465 -7.35037 26.7551 22.7954 0.00192024 8.39799 18.1088 -2.41063 -0.104065 -6.49044 -14.6664 -6.0598 32.0855 -2.5284 -3.74043 -12.4962 -16.7525 -1.46071 -6.32195 -7.45622
internal_weight=1653 411 316 1242 194 168 26 624 618 122 70 95 22 12 618 226 553 65 516 52 73 392 37 52 60 13 13
internal_count=1155 212 158 943 97 84 13 383 560 61 35 54 11 6 380 124 495 65 458 26 43 256 37 52 30 13 13
is_linear=0
shrinkage=0.05


Tree=5
num_leaves=29
num_cat=0
split_feature=3 4 4 4 4 3 0 4 0 3 7 4 2 2 4 4 8 6 4 4 0 2 3 6 0 0 0 0
split_gain=3.96434e+07 1.1333e+07 5.09999e+06 7.37295e+06 3.45784e+06 2.97024e+06 1.77844e+06 1.49978e+06 808288 799200 511064 451573 432933 299806 239677 141162 140618 29901.9 25154.8 17739.9 11251.8 5628.61 3136.63 2951.55 7875.89 1093.94 366.364 158.587
threshold=0.89654825411010652 48480.000000000007 48055.000000000007 42910.000000000007 44255.000000000007 0.68006339585634434 46593.150000000001 36662.500000000007 34754.950000000004 0.83860508035463044 1.0000000180025095e-35 37740.000000000007 18964.620000000006 5906.6550000000016 48702.000000000007 39497.500000000007 2.5000000000000004 74.500000000000014 48097.000000000007 48222.000000000007 44178.500000000007 2484.5950000000007 0.59519451076477214 75.500000000000014 46593.150000000001 33143.200000000004 43193.650000000009 47043.250000000007
decision_type=2 2 2 2 2 2 2 2 2 2 2 2 2 2 2 2 2 2 2 2 2 2 2 2 2 2 2 2
left_child=5 2 3 7 -5 8 9 -2 11 15 -11 22 16 -8 20 -7 -10 -14 21 -20 26 -4 -1 27 -25 -13 -3 -16
right_child=1 14 18 4 -6 6 13 -9 12 10 -12 25 17 -15 23 -17 -18 -19 19 -21 -22 -23 -24 24 -26 -27 -28 -29
leaf_value=-6.6951517581939717 19.890039443969727 26.602262878417953 -1.9104056119918817 43.712280400594075 16.037720338921797 -3.6552310880723891 23.805345153808599 -2.99708569540697 -8.0749944092797445 2.5972396680286955 -2.5317188271082163 -15.963151359558106 -11.029608408610027 7.9990791638692222 33.961337280273447 -5.3815131389285966 -5.416695815608616 -16.567531174879807 -0.16861264961106437 -1.9484526770455497 28.657540130615235 -3.5347247123718262 -5.1828261057535805 33.568371378580729 31.583945719401044 -16.431274296687203 26.085406494140628 34.324869791666664
leaf_weight=7.9999999999999982 7.9999999999999991 6.0000000000000027 8.0000000000000018 11.999999999999998 190 182 5.9999999999999982 68 122 56 366 24 2.9999999999999991 6 5.9999999999999982 339 84 12.999999999999998 28 28 7.9999999999999991 15.999999999999998 6 30 5.9999999999999991 26 7.9999999999999991 6
leaf_count=8 4 3 4 6 95 126 3 40 122 28 206 24 3 3 3 298 75 13 14 14 4 8 6 15 3 26 4 3
internal_value=-0.0382159 13.0835 9.4858 12.6872 17.6818 -4.56368 -3.22505 -0.587915 -9.03359 -3.46845 -1.8511 -13.9842 -7.60639 15.9022 31.4833 -4.77847 -6.99103 -15.5292 -1.63896 -1.05853 27.1617 -2.99329 -6.04701 33.464 33.2376 -16.2066 26.3069 34.1431
internal_weight=1669 428 358 278 202 1241 955 76 286 943 422 64 222 12 70 521 206 16 80 56 22 24 14 48 36 50 14 12
internal_count=1161 220 185 145 101 941 664 44 277 658 234 64 213 6 35 424 197 16 40 28 11 12 14 24 18 50 7 6
is_linear=0
shrinkage=0.05


Tree=6
num_leaves=27
num_cat=0
split_feature=3 4 4 4 4 3 4 1 2 7 0 4 2 4 2 0 6 4 4 2 0 0 0 1 0 0
split_gain=4.02808e+07 9.32056e+06 3.90618e+06 5.27459e+06 3.0839e+06 2.6381e+06 1.85897e+06 1.59558e+06 869190 901565 775145 372374 335726 190498 134778 76962.4 27062.2 17265.5 11879.8 10434.3 6785.1 3828.36 5574.7 2266.99 1052.23 182.414
threshold=0.89792757291179381 48480.000000000007 48055.000000000007 42910.000000000007 44255.000000000007 0.6771568560652752 36662.500000000007 41738.860000000008 5868.2300000000005 2.5000000000000004 34754.950000000004 37740.000000000007 18964.620000000006 48702.000000000007 7352.7650000000003 41322.55000000001 74.500000000000014 48097.000000000007 48222.000000000007 4141.3550000000005 43692.900000000009 46593.150000000001 46084.450000000004 20227.880000000005 33143.200000000004 43193.650000000009
decision_type=2 2 2 2 2 2 2 2 2 2 2 2 2 2 2 2 2 2 2 2 2 2 2 2 2 2
left_child=5 2 3 6 -5 10 -2 8 9 -7 11 23 15 19 -10 -12 -14 20 -19 -3 -4 22 -15 -1 -13 -21
right_child=1 13 17 4 -6 7 -8 -9 14 -11 12 24 16 21 -16 -17 -18 18 -20 25 -22 -23 -24 -25 -26 -27
leaf_value=-6.2981512705485043 20.74151336669922 27.264077148437494 -3.6448094177246091 41.526666386922201 15.383064574383676 3.0229233200351402 -2.6009297899131116 22.615078735351563 -3.327499561198056 -2.9829037381284067 -5.6419657359890483 -15.128822762625559 -10.478127797444662 31.595725504557294 -4.7896939395113689 -7.6299003827689909 -15.8355825250799 -0.035153104364871977 -1.7188848408785735 25.27214914957683 -1.5179809570312501 30.742331542968749 33.241909790039067 -4.9236848831176756 -15.590289510091146 24.882262166341143
leaf_weight=5.9999999999999982 9.9999999999999982 10.000000000000002 9.9999999999999982 11.999999999999998 188 96 58 5.9999999999999991 256 179 94 21 2.9999999999999991 36 410 101 10.999999999999998 20 22 5.9999999999999982 5.9999999999999991 9.9999999999999982 5.9999999999999991 6 30 6
leaf_count=6 5 5 5 6 94 48 35 3 160 105 85 21 3 18 344 101 11 10 11 3 3 5 3 6 30 3
internal_value=0.183887 13.9518 10.3154 12.8616 16.9517 -4.33388 0.831782 -3.08729 -3.25117 -0.886324 -8.67403 -13.5356 -7.20857 29.9715 -4.22765 -6.67161 -14.6876 -1.44956 -0.917108 26.0712 -2.84725 31.6216 31.8309 -5.61092 -15.4003 25.0772
internal_weight=1619 400 326 268 200 1219 68 947 941 275 272 63 209 74 666 195 14 58 42 22 16 52 42 12 51 12
internal_count=1129 206 169 140 100 923 40 660 657 153 263 63 200 37 504 186 14 29 21 11 8 26 21 12 51 6
is_linear=0
shrinkage=0.05


Tree=7
num_leaves=25
num_cat=0
split_feature=3 7 1 7 2 3 3 2 1 3 3 3 7 0 0 8 2 6 7 0 8 2 1 7
split_gain=3.20813e+07 5.36311e+06 5.98496e+06 5.92682e+06 4.61157e+06 3.0592e+06 2.59624e+06 1.86046e+06 1.4213e+06 1.24184e+06 1.55778e+06 974375 1.12819e+06 767712 690657 350972 264124 253038 172919 103204 79201.4 30527 2626.93 1056.78
threshold=0.89654825411010652 1.0000000180025095e-35 37320.92500000001 5.5000000000000009 3561.4500000000003 0.94083072706873205 0.68006339585634434 4089.2750000000005 41738.860000000008 0.9105392959498384 0.90390120488915582 0.86008510349471201 1.0000000180025095e-35 37657.350000000006 34754.950000000004 3.5000000000000004 18816.630000000001 73.500000000000014 1.0000000180025095e-35 41616.30000000001 2.5000000000000004 18964.620000000006 20227.880000000005 3.5000000000000004
decision_type=2 2 2 2 2 2 2 2 2 2 2 2 2 2 2 2 2 2 2 2 2 2 2 2
left_child=6 7 9 5 -5 -4 14 17 11 10 -3 18 -13 -11 15 23 20 -2 -8 -19 -16 -18 -17 -1
right_child=1 2 3 4 -6 -7 8 -9 -10 13 -12 12 -14 -15 16 22 21 19 -20 -21 -22 -23 -24 -25
leaf_value=-14.468064880371095 6.6156968222724064 2.8287197704972895 18.822625029881795 -5.1933191193474668 19.194099099295482 32.995015970865886 -2.2753906118697014 23.96628646850586 21.484324645996097 16.973759047190349 20.049625714619957 11.891339694129096 -1.1375187614449749 -1.9151050072449907 -7.1814787168760565 -6.0454866886138925 -9.9032023838588117 -6.7332111705433242 -4.2503411673313769 -1.47802660119149 -5.069717442022788 -14.057994365692139 -4.5845346069335937 -14.921903328273608
leaf_weight=29 8.9999999999999982 29 90 36 42 66 138 7.9999999999999991 5.9999999999999991 5.9999999999999991 24 18 216 52 111 7.9999999999999982 7.0000000000000027 10.999999999999998 563 62 74 11.999999999999998 5 23
leaf_count=29 5 15 45 18 21 33 90 4 3 3 12 9 122 26 111 8 7 11 430 31 67 12 5 23
internal_value=0.174993 11.8206 14.6562 19.1919 7.93837 24.8186 -4.01164 0.950762 -2.77333 5.09442 10.6269 -2.92899 -0.135299 0.0389154 -8.34344 -12.8318 -6.91334 -1.29465 -3.86155 -2.2699 -6.33677 -12.5273 -5.48358 -14.6688
internal_weight=1645 435 345 234 78 156 1210 90 941 111 53 935 234 58 269 65 204 82 701 73 185 19 13 52
internal_count=1140 224 173 117 39 78 916 51 654 56 27 651 131 29 262 65 197 47 520 42 178 19 13 52
is_linear=0
shrinkage=0.05


Tree=8
num_leaves=28
num_cat=0
split_feature=3 4 3 3 2 7 4 3 3 0 7 1 4 4 3 8 4 4 0 0 2 2 2 0 7 2 0
split_gain=2.96818e+07 9.76209e+06 5.27949e+06 3.10649e+06 2.31717e+06 2.02556e+06 2.12758e+06 1.05108e+06 692109 666664 605908 1.36268e+06 830778 288245 282949 205608 155174 137342 30220.8 10256.2 6594.85 6425.65 3913.41 3231.79 2116.2 625.117 493.741
threshold=0.89792757291179381 48480.000000000007 0.96837052427181913 0.97012089438483751 7111.7450000000008 1.0000000180025095e-35 44735.000000000007 0.56028340769093621 0.91270604387814402 47043.250000000007 1.0000000180025095e-35 36403.035000000011 36372.500000000007 37740.000000000007 0.68006339585634434 2.5000000000000004 48702.000000000007 39497.500000000007 41724.250000000007 44178.500000000007 2600.7400000000002 2484.5950000000007 2893.3100000000004 43193.650000000009 3.5000000000000004 16623.375000000004 45152.000000000007
decision_type=2 2 2 2 2 2 2 2 2 2 2 2 2 2 2 2 2 2 2 2 2 2 2 2 2 2 2
left_child=4 2 5 18 9 8 -7 13 -2 10 11 -1 -12 25 15 -9 19 -16 -4 23 21 -18 -22 -3 -15 -6 -21
right_child=1 16 3 -5 7 6 -8 14 -10 -11 12 -13 -14 24 17 -17 20 -19 -20 26 22 -23 -24 -25 -26 -27 -28
leaf_value=-0.27974885520288501 11.879204559326173 24.082638549804674 35.939100864955343 -3.2480066935221354 -5.4622315883636485 2.7168895633324333 12.685288998484612 -7.6887158829825273 -2.1028632201157609 15.324925994873048 10.838172912597656 18.203541183471682 -2.5022059546919433 -13.397955830891929 -3.0808377409634526 -4.5596781773226605 28.683506774902341 -4.9407708709470697 39.791445922851565 24.876749165852871 30.151904907226555 26.817881266276046 28.918259345160592 22.547545242309571 -14.173321394486861 -6.1373718897501623 25.518193562825516
leaf_weight=59 9.9999999999999982 6.0000000000000027 14.000000000000005 5.9999999999999991 7.9999999999999982 92 128 140 77 5.9999999999999991 11.999999999999998 11.999999999999998 425 11.999999999999998 146 84 20.000000000000004 310 7.9999999999999991 5.9999999999999982 10.000000000000002 5.9999999999999991 18 7.9999999999999991 33 6 6
leaf_count=32 5 3 7 3 8 46 64 140 45 3 6 6 248 12 99 75 10 278 4 3 5 3 9 4 33 6 3
internal_value=0.0161991 11.6058 7.85831 28.6425 -3.82233 5.96268 8.51669 -5.61555 -0.495729 -1.24415 -1.43985 2.84419 -2.13588 -12.0172 -5.06011 -6.51533 27.2984 -4.34527 37.34 24.1248 28.8264 28.253 29.3588 23.2054 -13.9666 -5.75158 25.1975
internal_weight=1668 415 335 28 1253 307 220 739 87 514 508 71 437 59 680 224 80 456 22 26 54 26 28 14 45 14 12
internal_count=1160 214 174 14 946 160 110 651 50 295 292 38 254 59 592 215 40 377 11 13 27 13 14 7 45 14 6
is_linear=0
shrinkage=0.05


Tree=9
num_leaves=26
num_cat=0
split_feature=3 4 3 3 3 2 4 7 1 0 7 1 4 2 4 7 4 2 1 0 0 2 0 2 1
split_gain=2.42266e+07 8.18017e+06 4.23244e+06 3.5063e+06 2.54269e+06 2.14522e+06 1.90841e+06 1.68471e+06 1.04396e+06 966463 502516 1.11458e+06 968398 475345 219519 183315 145544 99763.2 48649.3 27274.3 9849.96 3671.73 3631.01 2150.83 1906.09
threshold=0.89654825411010652 48480.000000000007 0.96837052427181913 0.97012089438483751 0.91380609046475048 7111.7450000000008 42910.000000000007 4.5000000000000009 41738.860000000008 34754.950000000004 1.0000000180025095e-35 36659.405000000006 36372.500000000007 18453.175000000003 37740.000000000007 2.5000000000000004 48702.000000000007 18964.620000000006 22948.605000000007 41724.250000000007 44839.80000000001 3268.7550000000006 42969.000000000007 2778.1450000000004 20227.880000000005
decision_type=2 2 2 2 2 2 2 2 2 2 2 2 2 2 2 2 2 2 2 2 2 2 2 2 2
left_child=5 2 4 19 6 8 -2 -6 10 14 11 -1 -12 15 24 -11 20 -15 -16 -4 22 23 -3 -18 -7
right_child=1 16 3 -5 7 9 -8 -9 -10 13 12 -13 -14 17 18 -17 21 -19 -20 -21 -22 -23 -24 -25 -26
leaf_value=0.31776504193322136 2.2501179666230171 22.861091613769503 34.142145865304123 -3.1814396381378161 5.5545038504908426 -5.631696001688641 16.904095167272231 -3.7400995082325412 19.643862915039065 -3.544130035462203 10.97517296927316 20.205829620361328 -2.3929344901695031 -8.1250750321608329 -13.316624060736764 -5.2690097624063492 27.521191875751203 -13.245602671305338 -7.5626224517822269 37.801873779296876 24.264227803548181 28.425563049316409 21.305241088867191 26.752499825613842 -4.3098601531982421
leaf_weight=59 33 6.0000000000000062 14.000000000000002 8.0000000000000018 151 5.9999999999999982 68 72 5.9999999999999991 297 13.999999999999998 7.9999999999999991 419 26 45 320 26 14.999999999999998 3.9999999999999991 7.9999999999999991 5.9999999999999991 7.9999999999999991 9.9999999999999982 13.999999999999998 5
leaf_count=33 17 3 7 4 81 6 34 36 3 231 7 4 245 26 45 303 13 15 4 4 3 4 5 7 5
internal_value=-0.0138164 10.2864 7.1981 25.1651 5.53449 -3.58186 12.1162 2.55356 -1.0884 -5.33909 -1.33718 2.69246 -1.96071 -4.78515 -11.414 -4.43872 25.9042 -9.99844 -12.8469 35.473 22.5366 27.4477 21.8887 27.2521 -5.03086
internal_weight=1648 424 354 30 324 1224 101 223 506 718 500 67 433 658 60 617 70 41 49 22 22 48 16 40 11
internal_count=1145 218 183 15 168 927 51 117 292 635 289 37 252 575 60 534 35 41 49 11 11 24 8 20 11
is_linear=0
shrinkage=0.05


Tree=10
num_leaves=27
num_cat=0
split_feature=3 7 1 2 3 7 2 3 0 0 0 7 3 3 5 2 8 6 7 0 1 2 1 8 1 0
split_gain=2.28835e+07 5.90467e+06 3.73195e+06 2.10554e+06 2.83565e+06 1.97337e+06 1.8671e+06 1.15035e+06 1.02118e+06 689196 654401 406697 829612 328902 469446 306029 211554 200104 149719 117671 82293.1 55554.1 39832.6 11947.6 1844.85 1236.41
threshold=0.89792757291179381 1.0000000180025095e-35 40076.99500000001 1271.4150000000002 0.91380609046475048 5.5000000000000009 7352.7650000000003 0.92047294394469048 34754.950000000004 46593.150000000001 42648.000000000007 2.5000000000000004 0.8681412136126736 0.91743519666278239 18.500000000000004 18453.175000000003 3.5000000000000004 73.500000000000014 2.5000000000000004 42153.350000000013 36725.770000000011 18964.620000000006 22948.605000000007 1.5000000000000002 18573.335000000003 33927.250000000007
decision_type=2 2 2 2 2 2 2 2 2 2 2 2 2 2 2 2 2 2 2 2 2 2 2 2 2 2
left_child=6 13 3 -3 -5 10 9 -7 16 11 -4 12 -1 14 -2 18 22 -11 -10 25 -13 -17 -8 -21 -18 -15
right_child=1 2 5 4 -6 7 8 -9 15 17 -12 20 -14 19 -16 21 24 -19 -20 23 -22 -23 -24 -25 -26 -27
leaf_value=-1.5481380841358989 12.201935577392575 34.895999145507815 34.237509373256138 15.452023449151412 3.9056513559250607 22.518332926432294 -12.632238989609938 -5.174594078063965 -3.4501338738162506 4.1634078979492193 22.395682765415739 -3.2801373894702004 6.022725567469994 -7.3144047546386721 -4.0480955123901365 -7.6090144793192556 -5.735269927978516 17.076698811848956 -5.0431321350303859 -1.1313674983524142 -1.7021165235262168 -11.775626881917319 -7.4543626785278327 -2.6710253821478953 -4.2813466548919683 -6.3337674458821622
leaf_weight=147 10.000000000000002 7.9999999999999991 13.999999999999998 92 126 5.9999999999999991 52 9.9999999999999982 294 5.9999999999999982 70 181 48 4.9999999999999991 7.9999999999999991 24 2.9999999999999991 6 296 42 152 11.999999999999998 3.9999999999999991 18 7.9999999999999991 8.9999999999999982
leaf_count=80 5 4 7 46 63 3 52 5 232 3 35 124 24 5 4 24 3 3 280 21 81 12 4 9 8 9
internal_value=-0.00541262 10.1046 13.2615 9.70295 8.77843 21.3039 -3.43281 5.21025 -5.15033 -1.22865 24.3693 -1.49794 0.315459 -1.08193 4.9797 -4.52241 -11.0172 10.6201 -4.24933 -2.55638 -2.55984 -8.99789 -12.2624 -1.59326 -4.67787 -6.684
internal_weight=1651 418 326 226 218 100 1233 16 693 540 84 528 195 92 18 626 67 12 590 74 333 36 56 60 11 14
internal_count=1146 216 163 113 109 50 930 8 615 315 42 309 104 53 9 548 67 6 512 44 205 36 56 30 11 14
is_linear=0
shrinkage=0.05


end of trees

feature_importances:
total_load=60
thermal_space_load_ratio=50
thermal_on_capacity=50
renewable_power=45
weekday=33
net_load=22
month=17
period=12
hour=2

parameters:
[boosting: gbdt]
[objective: regression]
[metric: rmse]
[tree_learner: serial]
[device_type: cpu]
[data_sample_strategy: bagging]
[data: ]
[valid: ]
[num_iterations: 400]
[learning_rate: 0.05]
[num_leaves: 31]
[num_threads: 0]
[seed: 42]
[deterministic: 0]
[force_col_wise: 0]
[force_row_wise: 0]
[histogram_pool_size: -1]
[max_depth: 5]
[min_data_in_leaf: 3]
[min_sum_hessian_in_leaf: 0.001]
[bagging_fraction: 0.85]
[pos_bagging_fraction: 1]
[neg_bagging_fraction: 1]
[bagging_freq: 1]
[bagging_seed: 400]
[bagging_by_query: 0]
[feature_fraction: 0.85]
[feature_fraction_bynode: 1]
[feature_fraction_seed: 30056]
[extra_trees: 0]
[extra_seed: 12879]
[early_stopping_round: 0]
[early_stopping_min_delta: 0]
[first_metric_only: 0]
[max_delta_step: 0]
[lambda_l1: 0]
[lambda_l2: 0]
[linear_lambda: 0]
[min_gain_to_split: 0]
[drop_rate: 0.1]
[max_drop: 50]
[skip_drop: 0.5]
[xgboost_dart_mode: 0]
[uniform_drop: 0]
[drop_seed: 17869]
[top_rate: 0.2]
[other_rate: 0.1]
[min_data_per_group: 100]
[max_cat_threshold: 32]
[cat_l2: 10]
[cat_smooth: 10]
[max_cat_to_onehot: 4]
[top_k: 20]
[monotone_constraints: ]
[monotone_constraints_method: basic]
[monotone_penalty: 0]
[feature_contri: ]
[forcedsplits_filename: ]
[refit_decay_rate: 0.9]
[cegb_tradeoff: 1]
[cegb_penalty_split: 0]
[cegb_penalty_feature_lazy: ]
[cegb_penalty_feature_coupled: ]
[path_smooth: 0]
[interaction_constraints: ]
[verbosity: -1]
[saved_feature_importance_type: 0]
[use_quantized_grad: 0]
[num_grad_quant_bins: 4]
[quant_train_renew_leaf: 0]
[stochastic_rounding: 1]
[linear_tree: 0]
[max_bin: 255]
[max_bin_by_feature: ]
[min_data_in_bin: 3]
[bin_construct_sample_cnt: 200000]
[data_random_seed: 175]
[is_enable_sparse: 1]
[enable_bundle: 1]
[use_missing: 1]
[zero_as_missing: 0]
[feature_pre_filter: 1]
[pre_partition: 0]
[two_round: 0]
[header: 0]
[label_column: ]
[weight_column: ]
[group_column: ]
[ignore_column: ]
[categorical_feature: ]
[forcedbins_filename: ]
[precise_float_parser: 0]
[parser_config_file: ]
[objective_seed: 16083]
[num_class: 1]
[is_unbalance: 0]
[scale_pos_weight: 1]
[sigmoid: 1]
[boost_from_average: 1]
[reg_sqrt: 0]
[alpha: 0.9]
[fair_c: 1]
[poisson_max_delta_step: 0.7]
[tweedie_variance_power: 1.5]
[lambdarank_truncation_level: 30]
[lambdarank_norm: 1]
[label_gain: ]
[lambdarank_position_bias_regularization: 0]
[eval_at: ]
[multi_error_top_k: 1]
[auc_mu_weights: ]
[num_machines: 1]
[local_listen_port: 12400]
[time_out: 120]
[machine_list_filename: ]
[machines: ]
[gpu_platform_id: -1]
[gpu_device_id: -1]
[gpu_use_dp: 0]
[num_gpu: 1]

end of parameters

pandas_categorical:[]
