tree
version=v4
num_class=1
num_tree_per_iteration=1
label_index=0
max_feature_idx=10
objective=regression
feature_names=total_load net_load renewable_power thermal_space_load_ratio thermal_on_capacity hour period weekday month is_weekend is_holiday
feature_infos=[29193.099999999999:44895.800000000003] [11318.049999999999:41240.809999999998] [1223.46:18960.91] [0.37880501902718694:0.96996973557285182] [27170:48330] [20:23] [81:96] [0:6] [1:4] [0:1] none
tree_sizes=2316 2409 2152 2310 2305 2274 2180 2365 2499 2494 2425 2211 2370 2369 2366 2445 2338 2313 2321 2342

Tree=0
num_leaves=25
num_cat=0
split_feature=2 2 4 1 4 4 2 8 4 0 0 6 7 6 2 4 4 7 5 6 5 0 0 1
split_gain=1.75493e+07 8.93652e+06 3.19969e+06 2.78588e+06 1.98735e+06 3.28376e+06 1.10027e+06 744589 950195 625100 175916 464903 172577 142957 132294 60290 41508.9 1026.63 1214.99 80.0845 3.87879 0.611333 4.65661e-10 1.16415e-10
threshold=3879.3800000000006 1416.2350000000004 36662.500000000007 16896.300000000003 44735.000000000007 44810.000000000007 8463.4600000000009 2.5000000000000004 39295.000000000007 37437.350000000006 36390.100000000013 90.500000000000014 1.0000000180025095e-35 90.500000000000014 3994.6600000000003 32370.000000000004 43067.500000000007 3.5000000000000004 22.500000000000004 82.500000000000014 21.500000000000004 31722.500000000004 32219.050000000007 11870.915000000003
decision_type=2 2 2 2 2 2 2 2 2 2 2 2 2 2 2 2 2 2 2 2 2 2 2 2
left_child=1 9 10 17 12 -6 13 8 -8 -1 11 -3 -4 14 -5 -15 -9 18 21 -19 -11 -2 -21 -20
right_child=3 2 4 6 5 -7 7 16 -10 20 -12 -13 -14 15 -16 -17 -18 19 23 22 -22 -23 -24 -25
leaf_value=346.50658176085136 298.18014773985522 361.77324893614434 309.91170957961918 319.94199817320487 350.42709508999047 322.57898507299905 298.42956918106967 310.86820216828897 308.33088145236951 372.27324893614434 338.58574817320488 340.21164859434742 316.54299809595722 316.97324817320487 313.39943163495218 311.37900371563967 313.30024803859874 297.54791426003754 297.27324741026541 297.27324741026541 372.20658226947762 298.2063727154412 297.27324741026541 297.27324741026541
leaf_weight=2.9999999999999991 4.9999999999999982 4.9999999999999982 12.999999999999998 7.9999999999999991 12.999999999999998 57 28 229 180 7.9999999999999982 3.9999999999999991 5 40 4.9999999999999991 226 131 19 3.0000000000000027 2.9999999999999991 12.000000000000002 3 4 10.999999999999998 3
leaf_count=3 5 5 13 8 13 57 28 229 180 8 4 5 40 5 226 131 19 3 3 12 3 4 11 3
internal_value=312.956 328.687 324.798 310.217 322.221 327.751 310.848 309.204 306.998 366.738 347.448 350.992 314.916 312.874 313.623 311.585 311.055 297.495 297.824 297.305 372.255 298.192 297.273 297.273
internal_weight=1018 151 137 867 123 70 826 456 208 14 14 10 53 370 234 136 248 41 15 26 11 9 23 6
internal_count=1018 151 137 867 123 70 826 456 208 14 14 10 53 370 234 136 248 41 15 26 11 9 23 6
is_linear=0
shrinkage=1


Tree=1
num_leaves=26
num_cat=0
split_feature=3 2 1 2 7 8 7 2 1 8 1 0 0 1 8 0 8 8 7 6 6 5 0 1 0
split_gain=1.91705e+07 6.54317e+06 2.73843e+06 2.23834e+06 1.30238e+06 1.12367e+06 2.13505e+06 951455 909926 518070 589368 363444 138003 137637 127707 97899.2 76472.8 31555.2 1088.03 1171.67 72.9498 3.36942 0.863716 0.137075 4.65661e-10
threshold=0.90286326795855432 1416.2350000000004 16896.300000000003 3133.7350000000001 5.5000000000000009 3.5000000000000004 1.5000000000000002 8463.4600000000009 38014.455000000009 2.5000000000000004 21186.495000000003 37437.350000000006 35095.500000000007 31287.910000000003 3.5000000000000004 39708.500000000007 3.5000000000000004 3.5000000000000004 3.5000000000000004 91.500000000000014 82.500000000000014 21.500000000000004 31722.500000000004 11870.915000000003 32726.050000000003
decision_type=2 2 2 2 2 2 2 2 2 2 2 2 2 2 2 2 2 2 2 2 2 2 2 2 2
left_child=2 11 18 5 8 12 -7 13 -5 10 -9 -2 -3 14 -4 -6 -15 -11 19 22 -20 -13 -1 -21 -22
right_child=1 3 7 4 15 6 -8 9 -10 17 -12 21 -14 16 -16 -17 -18 -19 20 23 24 -23 -24 -25 -26
leaf_value=-14.002107238769534 36.524670410156254 -2.4622521082560223 -1.5976519667537961 8.7365934484534797 35.196500941685258 5.1216833496093743 35.926049804687494 -14.507509422302247 24.867042036617505 -2.5624182684367964 -4.5153314123655619 56.386340332031267 4.5707827510372283 0.6448361154283796 1.3488841278755919 25.243379211425783 4.9428178787231447 -1.3549282183465752 -14.602728780110661 -14.863662719726562 -14.863662719726561 56.323006184895817 -13.972718200683591 -14.878777567545569 -14.863662719726562
leaf_weight=4.9999999999999982 2.9999999999999991 8.9999999999999982 169 18 14.000000000000002 15 9 15.999999999999998 17 89 190 6.9999999999999982 31 175 47 2.9999999999999991 10.999999999999998 138 3.0000000000000027 2.9999999999999991 17.000000000000004 3 5 3 7.9999999999999991
leaf_count=5 3 9 169 18 14 15 9 16 17 89 190 7 31 175 47 3 11 138 3 3 17 3 5 3 8
internal_value=0.151253 18.1505 -2.49028 14.3808 22.0861 8.12021 16.6733 -1.84965 16.5714 -3.47591 -5.29142 51.7883 2.98835 -0.0979809 -0.956508 33.4401 0.899018 -1.82835 -14.6478 -14.3188 -14.8357 56.3673 -13.9874 -14.8712 -14.8637
internal_weight=1008 129 879 116 52 64 24 835 35 433 206 13 40 402 216 17 186 227 44 16 28 10 10 6 25
internal_count=1008 129 879 116 52 64 24 835 35 433 206 13 40 402 216 17 186 227 44 16 28 10 10 6 25
is_linear=0
shrinkage=0.05


Tree=2
num_leaves=24
num_cat=0
split_feature=3 3 4 1 2 4 2 2 8 4 0 0 4 1 1 4 6 7 6 6 0 0 1
split_gain=1.58679e+07 6.14402e+06 2.27316e+06 2.13207e+06 1.69855e+06 1.57906e+06 872821 817289 568315 794622 185993 421730 117357 148694 100523 40052.3 35220.2 593.36 890.202 49.8604 0.555769 0.0035211 0.000342296
threshold=0.90286326795855432 0.96356198017692163 36662.500000000007 16896.300000000003 3133.7350000000001 47845.000000000007 8463.4600000000009 1416.2350000000004 2.5000000000000004 39295.000000000007 34056.450000000004 35655.400000000009 38452.500000000007 31287.910000000003 32457.065000000006 43067.500000000007 89.500000000000014 3.5000000000000004 92.500000000000014 84.500000000000014 31722.500000000004 39993.000000000007 11870.915000000003
decision_type=2 2 2 2 2 2 2 2 2 2 2 2 2 2 2 2 2 2 2 2 2 2 2
left_child=3 2 10 17 7 -6 12 -4 9 -8 -2 -12 14 -14 -5 -10 21 18 20 -19 -1 -3 -20
right_child=1 16 4 6 5 -7 8 -9 15 -11 11 -13 13 -15 -16 -17 -18 19 22 -21 -22 -23 -24
leaf_value=-13.306401570638025 24.111515502929691 53.569189453125013 30.081770833333334 1.476408591369788 23.662740468978882 5.5686198818056205 -13.484585365882289 3.2944500820977347 -1.8753516644379342 -4.1166747262818477 48.240033721923844 26.458239135742186 -1.5268718229948417 0.58001588591969166 10.87978235880534 0.64657907328184916 47.21516113281249 -13.927869033813465 -14.120478820800779 -14.120478820800782 -13.277932357788083 53.567022705078116 -14.119723510742185
leaf_weight=2.9999999999999982 4.9999999999999991 2.9999999999999982 2.9999999999999991 54 33 19 26 56 213 175 3.9999999999999982 5 169 166 2.9999999999999991 17 3 4.0000000000000027 3 21 4 5 3
leaf_count=3 5 3 3 54 33 19 26 56 213 175 4 5 169 166 3 17 3 4 3 21 4 5 3
internal_value=0.138961 16.0103 12.8577 -2.36802 10.4631 17.0514 -1.83338 4.65652 -3.38625 -5.32844 31.8435 36.139 -0.126003 -0.482862 1.97132 -1.68895 51.8353 -13.9472 -13.6732 -14.0897 -13.2901 53.5678 -14.1201
internal_weight=997 136 125 861 111 52 823 59 431 201 14 9 392 335 57 230 11 38 13 25 7 8 6
internal_count=997 136 125 861 111 52 823 59 431 201 14 9 392 335 57 230 11 38 13 25 7 8 6
is_linear=0
shrinkage=0.05


Tree=3
num_leaves=26
num_cat=0
split_feature=3 3 1 4 2 4 2 2 4 4 0 0 3 4 6 0 1 0 7 6 6 2 0 5 0
split_gain=1.29302e+07 5.21557e+06 2.12929e+06 2.04059e+06 1.58062e+06 1.64886e+06 754100 739560 321468 765334 211782 385329 117308 83639.5 50137.7 31669.1 25748.3 707.637 592.123 960.546 39.7824 0.575456 0.390515 0.096796 3.47849e-06
threshold=0.90286326795855432 0.96356198017692163 16896.300000000003 36662.500000000007 3188.8500000000004 47845.000000000007 8463.4600000000009 1416.2350000000004 37740.000000000007 39295.000000000007 34056.450000000004 35655.400000000009 0.8863372572060032 38452.500000000007 81.500000000000014 38737.850000000006 25009.710000000003 32689.050000000003 3.5000000000000004 91.500000000000014 82.500000000000014 17662.100000000002 31202.600000000002 20.500000000000004 40327.850000000013
decision_type=2 2 2 2 2 2 2 2 2 2 2 2 2 2 2 2 2 2 2 2 2 2 2 2 2
left_child=2 3 18 10 7 -6 12 -5 16 -10 17 -12 13 -4 -14 -3 -8 -2 19 22 -20 -21 -1 -22 -17
right_child=1 15 6 4 5 -7 8 -9 9 -11 11 -13 14 -15 -16 24 -18 -19 20 21 23 -23 -24 -25 -26
leaf_value=-12.638582102457686 22.970873006184899 44.748501586914074 1.3176055066428096 28.577681477864584 23.644668082533215 4.0328549313194619 -1.5293127303029976 3.1680835127830509 -12.425088485717774 -3.2972034024219989 45.828033447265618 23.881259155273433 6.6909451213479052 -0.84028222856878421 1.4573937179589713 50.888597615559888 0.042389597211565294 21.884873453776038 -13.244865417480458 -13.413916778564451 -13.424085998535141 -13.442885843912757 -12.615763549804687 -13.414454650878907 50.888668823242178
leaf_weight=2.9999999999999982 2.9999999999999991 2.9999999999999982 53 2.9999999999999991 29 17 102 63 25 282 4 4 4.9999999999999991 294 54 3 35 3 4.0000000000000027 4 3.0000000000000027 3 5 20 4
leaf_count=3 3 3 53 3 29 17 102 63 25 282 4 4 5 294 54 3 35 3 4 4 3 3 5 20 4
internal_value=-0.0710835 14.29 -2.26067 11.5316 9.28193 16.3968 -1.71765 4.32307 -3.14177 -4.04052 29.5289 34.8546 -0.160236 -0.510691 1.90092 49.0466 -1.12778 22.4279 -13.2505 -12.9986 -13.3904 -13.4263 -12.6243 -13.4157 50.8886
internal_weight=1028 136 892 126 112 46 850 66 444 307 14 8 406 347 59 10 137 6 42 15 27 7 8 23 7
internal_count=1028 136 892 126 112 46 850 66 444 307 14 8 406 347 59 10 137 6 42 15 27 7 8 23 7
is_linear=0
shrinkage=0.05


Tree=4
num_leaves=25
num_cat=0
split_feature=3 3 1 7 3 0 2 7 8 1 6 2 8 8 6 0 0 7 5 0 6 0 5 0
split_gain=1.14594e+07 5.34023e+06 1.91859e+06 1.49118e+06 1.31803e+06 934954 717688 616074 505867 501715 109293 63092 27042.3 23554.1 15955.6 4342.37 3048.13 804.422 721.684 176.648 36.4556 0.651302 0.112503 7.49156e-06
threshold=0.90286326795855432 0.96356198017692163 16896.300000000003 1.0000000180025095e-35 0.91197519496591262 43079.450000000004 9419.2550000000028 5.5000000000000009 2.5000000000000004 21618.745000000003 90.500000000000014 7125.1800000000012 1.5000000000000002 3.5000000000000004 91.500000000000014 41940.750000000007 40327.850000000013 3.5000000000000004 22.500000000000004 38737.850000000006 82.500000000000014 31954.800000000003 20.500000000000004 39993.000000000007
decision_type=2 2 2 2 2 2 2 2 2 2 2 2 2 2 2 2 2 2 2 2 2 2 2 2
left_child=2 3 17 12 7 -6 10 -5 9 -8 11 -4 16 -12 -10 -14 -2 18 21 -3 -19 -1 -22 -21
right_child=1 19 6 4 5 -7 8 -9 14 -11 13 -13 15 -15 -16 -17 -18 20 -20 23 22 -23 -24 -25
leaf_value=-12.003197479248049 -0.080615073442459065 48.80277099609377 0.85344910139654895 13.940564120899547 8.3722480752638404 30.752329101562498 -11.773709594726563 29.519260139465331 -1.289146143446366 -4.172837353186174 -1.6035879034500617 -0.68188104747157352 -2.7143495559692385 -0.072179549336433418 -2.2902760306271639 -0.83600522041320779 1.7597137351830801 -12.582622337341299 -12.74289276123047 48.344131469726548 -12.752881622314442 -11.974664560953773 -12.743732452392578 48.344235992431635
leaf_weight=5.9999999999999982 3.0000000000000009 2.9999999999999982 162 11 70 4.9999999999999991 25 15 144 165 154 114 7.9999999999999991 30 55 5.0000000000000009 8.9999999999999982 4.0000000000000027 4.9999999999999991 3 4.0000000000000027 3 21 4
leaf_count=6 3 3 162 11 70 5 25 15 144 165 154 114 8 30 55 5 9 4 5 3 4 3 21 4
internal_value=-0.207395 13.3123 -2.26869 10.5211 13.2273 9.86425 -1.74683 22.9283 -3.32767 -5.17295 -0.409986 0.219291 -0.41197 -1.3539 -1.56584 -1.99191 1.29963 -12.5725 -12.2613 48.4818 -12.7228 -11.9937 -12.7452 48.3442
internal_weight=1028 136 892 126 101 75 849 26 389 190 460 276 25 184 199 13 12 43 14 10 29 9 25 7
internal_count=1028 136 892 126 101 75 849 26 389 190 460 276 25 184 199 13 12 43 14 10 29 9 25 7
is_linear=0
shrinkage=0.05


Tree=5
num_leaves=25
num_cat=0
split_feature=3 2 4 2 3 4 2 8 4 0 0 0 6 4 7 7 4 7 6 0 6 0 5 0
split_gain=1.14415e+07 4.57156e+06 2.02854e+06 1.76475e+06 1.71835e+06 1.05033e+06 635039 425581 575950 416708 148371 268797 100586 63154.4 57438.2 44085 31325.3 706.481 714.692 159.425 32.7376 0.161044 0.100721 6.53975e-06
threshold=0.90286326795855432 1416.2350000000004 36662.500000000007 3133.7350000000001 0.53456476313037216 48055.000000000007 8463.4600000000009 2.5000000000000004 39295.000000000007 37437.350000000006 35655.400000000009 34056.450000000004 89.500000000000014 32370.000000000004 1.0000000180025095e-35 2.5000000000000004 43067.500000000007 3.5000000000000004 91.500000000000014 38737.850000000006 82.500000000000014 31833.600000000002 20.500000000000004 40327.850000000013
decision_type=2 2 2 2 2 2 2 2 2 2 2 2 2 2 2 2 2 2 2 2 2 2 2 2
left_child=4 9 10 14 17 -5 12 8 -8 -2 11 -3 15 -14 -4 -6 -9 18 21 -11 -19 -1 -22 -21
right_child=1 2 3 5 6 -7 7 16 -10 19 -12 -13 13 -15 -16 -17 -18 20 -20 23 22 -23 -24 -25
leaf_value=-11.390618286132815 26.962668991088869 23.319149780273445 -0.034536316990852356 18.580634318328489 1.3637735542290066 -0.28213660584555733 -11.497375400249775 -1.6098460572687063 -3.5390482984030442 46.362632242838558 23.355600585937495 43.118020248413075 3.633860015869141 -1.2110415785378494 3.4101319506054839 -0.052671009111404425 0.50621731908697831 -11.953491592407218 -12.130203857421876 45.92692565917968 -12.115237426757801 -11.377158164978026 -12.106546020507814 45.927023315429679
leaf_weight=4.9999999999999982 3.9999999999999991 2.9999999999999982 17 41 98 8.9999999999999982 26 220 181 2.9999999999999982 5 4 6.9999999999999991 172 42 125 19 4.0000000000000027 4.9999999999999991 3 4.0000000000000027 4 20 4
leaf_count=5 4 3 17 41 98 9 26 220 181 3 5 4 7 172 42 125 19 4 5 3 4 4 20 4
internal_value=-0.0115338 13.5521 10.4224 8.27436 -2.06895 15.1853 -1.58 -2.87903 -4.53864 40.602 29.934 34.6328 -0.138797 -1.02158 2.4176 0.569802 -1.44162 -11.9409 -11.6509 46.0577 -12.0859 -11.3846 -12.108 45.927
internal_weight=1025 135 121 109 890 50 848 446 207 14 12 7 402 179 59 223 239 42 14 10 28 9 24 7
internal_count=1025 135 121 109 890 50 848 446 207 14 12 7 402 179 59 223 239 42 14 10 28 9 24 7
is_linear=0
shrinkage=0.05


Tree=6
num_leaves=24
num_cat=0
split_feature=3 2 1 4 3 7 2 0 4 4 0 0 4 1 2 1 7 6 0 6 0 6 0
split_gain=8.67964e+06 4.30376e+06 1.4188e+06 1.32812e+06 1.02109e+06 1.57741e+06 527055 379017 226892 524533 111671 164184 89927.1 92053.1 85589.1 26506.7 644.094 657.181 40.0509 28.2787 0.463899 0.0215314 2.46987e-06
threshold=0.90286326795855432 1305.7150000000004 16896.300000000003 36662.500000000007 0.91197519496591262 5.5000000000000009 8463.4600000000009 41343.100000000013 37740.000000000007 39295.000000000007 34056.450000000004 35655.400000000009 36372.500000000007 31874.680000000004 5112.6400000000003 25636.720000000005 3.5000000000000004 91.500000000000014 39082.200000000004 82.500000000000014 31833.600000000002 85.500000000000014 40327.850000000013
decision_type=2 2 2 2 2 2 2 2 2 2 2 2 2 2 2 2 2 2 2 2 2 2 2
left_child=2 18 16 10 5 -5 12 -6 15 -10 -3 -12 14 -14 -4 -8 17 20 -2 -18 -1 -21 -20
right_child=1 3 6 4 7 -7 8 -9 9 -11 11 -13 13 -15 -16 -17 19 -19 22 21 -22 -23 -24
leaf_value=-10.830282465616865 43.849004109700537 19.355651473999032 10.5887969970703 1.1755215009860691 2.9472665353599243 26.812522532145181 -1.2901871836074046 10.912012746930124 -10.85767094005238 -2.8287999256010412 38.670451863606758 23.196751403808591 -0.99338201831356732 0.60501956791532319 1.6510596480369568 0.48971030093156376 -11.355817031860342 -11.523547668457033 43.630613199869778 -11.505347061157217 -10.808300018310545 -11.501218414306642 43.630673217773428
leaf_weight=5.9999999999999982 2.9999999999999982 3.9999999999999982 3.0000000000000027 10 59 15 107 20 22 270 3 4 217 154 25 26 4.0000000000000027 4.9999999999999991 3 4.0000000000000027 4 14.999999999999998 4
leaf_count=6 3 4 3 10 59 15 107 20 22 270 3 4 217 154 25 26 4 5 3 4 4 15 4
internal_value=-0.0788767 12.234 -1.86439 9.4982 7.75069 16.5577 -1.42877 4.96366 -2.65403 -3.43371 26.0201 29.8283 -0.123679 -0.329895 2.60867 -0.942237 -11.3104 -11.0555 43.6962 -11.4766 -10.8215 -11.5021 43.6306
internal_weight=987 125 862 115 104 25 824 79 425 292 11 7 399 371 28 133 38 15 10 23 10 19 7
internal_count=987 125 862 115 104 25 824 79 425 292 11 7 399 371 28 133 38 15 10 23 10 19 7
is_linear=0
shrinkage=0.05


Tree=7
num_leaves=26
num_cat=0
split_feature=3 3 1 7 3 8 3 0 8 1 8 1 1 8 8 6 0 0 7 6 6 0 6 0 5
split_gain=9.51265e+06 3.72393e+06 1.40876e+06 1.20701e+06 1.22166e+06 810282 521972 362724 338336 397339 89334.2 110647 55978.6 26369.9 18366.9 14864.3 4903.2 3345.73 555.194 745.4 26.033 5.07261 1.15947 0.396902 0.0832238
threshold=0.90286326795855432 0.96356198017692163 16896.300000000003 1.0000000180025095e-35 0.92304337200562381 2.5000000000000004 0.77068779004413923 33659.250000000007 2.5000000000000004 21618.745000000003 3.5000000000000004 31287.910000000003 31982.250000000004 1.5000000000000002 3.5000000000000004 89.500000000000014 43458.30000000001 41940.750000000007 3.5000000000000004 91.500000000000014 82.500000000000014 39493.950000000004 94.500000000000014 31833.600000000002 20.500000000000004
decision_type=2 2 2 2 2 2 2 2 2 2 2 2 2 2 2 2 2 2 2 2 2 2 2 2 2
left_child=2 3 18 13 5 -5 8 -6 9 -4 11 -8 -12 16 -10 21 -2 -15 19 23 -20 -3 -21 -1 -22
right_child=1 15 6 4 7 -7 10 -9 14 -11 12 -13 -14 17 -16 -17 -18 -19 20 22 24 -23 -24 -25 -26
leaf_value=-10.287628936767575 1.9971481740474701 41.531363932291683 -10.738022956848145 11.727250971112934 19.226763305664065 24.11170665740967 -1.2781236801855267 4.9806252508645974 -1.8030911045375273 -3.3113506468290783 1.4402415801870063 0.52662848106570015 7.6017521142959597 -2.7659222194126674 -0.94198925060277083 37.352980550130198 -0.14685459136962883 -0.9531940340995787 -10.788026237487784 -10.963964335123698 -10.934207916259757 41.449123535156247 -10.922843933105467 -10.267885208129881 -10.926144504547119
leaf_weight=7.0000000000000018 7.9999999999999991 2.9999999999999982 20 28 4.9999999999999991 25 160 42 107 181 47 181 3.9999999999999991 7 147 3 4.0000000000000009 4 4.0000000000000027 2.9999999999999991 4.0000000000000027 5 4 4 15.999999999999998
leaf_count=7 8 3 20 28 5 25 160 42 107 181 47 181 4 7 147 3 4 4 4 3 4 5 4 4 16
internal_value=0.063162 12.482 -1.80875 9.98936 12.3648 17.569 -1.36553 6.49617 -2.51762 -4.05032 -0.0282696 -0.320176 1.9235 -0.338455 -1.30474 40.3544 1.28248 -2.10675 -10.747 -10.5371 -10.9045 41.48 -10.9405 -10.2804 -10.9278
internal_weight=1023 134 889 123 100 53 847 47 455 201 392 341 51 23 254 11 12 11 42 18 24 8 7 11 20
internal_count=1023 134 889 123 100 53 847 47 455 201 392 341 51 23 254 11 12 11 42 18 24 8 7 11 20
is_linear=0
shrinkage=0.05


Tree=8
num_leaves=27
num_cat=0
split_feature=3 2 1 2 4 4 4 2 2 8 4 0 3 5 2 1 4 4 0 7 5 0 0 0 0 0
split_gain=8.1819e+06 3.6129e+06 1.2952e+06 1.20928e+06 1.43602e+06 879445 1.02643e+06 487064 458294 323674 431422 254652 178938 89048.9 93889.5 48156.7 44118 37025.6 1255.48 457.631 380.845 56.7438 15.6423 57.0354 0.547173 0.0287473
threshold=0.90286326795855432 1416.2350000000004 16896.300000000003 3133.7350000000001 36662.500000000007 47845.000000000007 44735.000000000007 8463.4600000000009 3286.4200000000005 2.5000000000000004 39295.000000000007 37437.350000000006 0.92841109214827733 21.500000000000004 3908.7400000000002 31243.230000000003 32370.000000000004 43067.500000000007 38737.850000000006 3.5000000000000004 22.500000000000004 31027.050000000003 32852.55000000001 33024.05000000001 32726.050000000003 40327.850000000013
decision_type=2 2 2 2 2 2 2 2 2 2 2 2 2 2 2 2 2 2 2 2 2 2 2 2 2 2
left_child=2 11 19 4 12 6 -5 13 -7 10 -9 -2 -3 14 -4 -6 -15 -11 -13 20 21 -1 24 -24 -21 -20
right_child=1 3 7 5 15 8 -8 9 -10 17 -12 18 -14 16 -16 -17 -18 -19 25 22 -22 -23 23 -25 -26 -27
leaf_value=-10.023730468750003 24.813486099243164 35.850194803873698 8.2975683212280273 5.4602304155176338 -2.7210266749064131 14.265694034099575 23.57984617551168 -9.7918820699055988 -1.4624577207998797 -1.4005324473445859 -3.0283665642302524 40.596455891927093 18.580840555826818 3.1193363189697267 0.55484802889662821 2.0097794615305387 -0.91896712525188917 0.84519208133220669 39.370209757486975 -10.379850769042966 -10.376242065429688 -9.7638226100376659 -10.132657623291017 -10.421061325073239 -10.400404357910157 39.376684570312491
leaf_weight=2.9999999999999982 3.9999999999999991 2.9999999999999991 3.9999999999999991 10.999999999999998 5.9999999999999991 8.0000000000000018 27 27 10.999999999999998 223 186 2.9999999999999982 3 6.9999999999999991 185 52 200 20 3 17.000000000000007 4.9999999999999991 7 2.9999999999999991 4 3.9999999999999991 4
leaf_count=3 4 3 4 11 6 8 27 27 11 223 186 3 3 7 185 52 200 20 3 17 5 7 3 4 4 4
internal_value=-0.0453788 11.4288 -1.77613 8.64655 3.9293 13.9431 18.3347 -1.34882 5.15992 -2.46288 -3.88571 35.4758 27.2155 -0.0659619 0.718715 1.52039 -0.782406 -1.2157 39.7407 -10.2428 -10.0199 -9.84179 -10.3622 -10.2975 -10.3838 39.3739
internal_weight=1030 135 895 121 64 57 38 852 19 456 213 14 6 396 189 58 207 243 10 43 15 10 28 7 21 7
internal_count=1030 135 895 121 64 57 38 852 19 456 213 14 6 396 189 58 207 243 10 43 15 10 28 7 21 7
is_linear=0
shrinkage=0.05


Tree=9
num_leaves=27
num_cat=0
split_feature=3 2 1 7 3 4 4 2 8 4 0 6 2 4 4 4 0 0 5 7 6 6 0 0 0 2
split_gain=7.50341e+06 3.53579e+06 1.23825e+06 955886 940989 900119 661024 405413 252667 291684 234909 78887.2 88266.5 51887.2 25907.8 19287.1 3575.93 2077.85 1176.47 526.152 567.565 42.4991 1.32996 0.230428 0.19261 0.0301479
threshold=0.90286326795855432 1416.2350000000004 16896.300000000003 1.0000000180025095e-35 0.91545210242581787 47845.000000000007 36662.500000000007 8158.6200000000017 2.5000000000000004 39295.000000000007 37437.350000000006 89.500000000000014 3908.7400000000002 43067.500000000007 35390.000000000007 48205.000000000007 40327.850000000013 41940.750000000007 21.500000000000004 3.5000000000000004 91.500000000000014 82.500000000000014 29736.200000000001 31833.600000000002 32852.55000000001 1237.6400000000001
decision_type=2 2 2 2 2 2 2 2 2 2 2 2 2 2 2 2 2 2 2 2 2 2 2 2 2 2
left_child=2 10 19 15 5 -5 -6 11 9 -9 -2 12 -4 -10 -13 17 -17 -3 25 20 23 -21 -22 -1 -23 -12
right_child=1 3 7 4 6 -7 -8 8 13 -11 18 14 -14 -15 -16 16 -18 -19 -20 21 22 24 -24 -25 -26 -27
leaf_value=-9.2813435145786798 23.572810745239259 -2.5020148958478656 8.0403844356536869 21.203898879197926 20.519252586364747 -4.2740139007568363 5.1543556315558305 -9.0726753870646171 -1.3548968882631449 -2.8527583177403915 37.407962646484386 3.1871332168579105 0.54049923923939436 1.1839867743578825 -0.88746367599107812 -0.41006721854209882 1.3866707934273614 -1.1674678587913512 38.566634114583323 -9.6640561421712121 -9.8568799336751312 -9.8610246276855449 -9.9039606730143213 -9.2662998199462887 -9.871996459960938 37.401622517903633
leaf_weight=7.0000000000000018 3.9999999999999991 7 3.9999999999999991 26.000000000000004 7.9999999999999991 3.9999999999999991 56 21 236 184 4.9999999999999982 3.9999999999999991 204 22 158 4.0000000000000009 8.9999999999999982 5 3 3.0000000000000027 2.9999999999999991 20.000000000000004 3 4 4.9999999999999991 3
leaf_count=7 4 7 4 26 8 4 56 21 236 184 5 4 204 22 158 4 9 5 3 3 3 20 3 4 5 3
internal_value=0.0520243 11.0726 -1.62993 8.189 10.5 17.8068 7.07497 -1.1935 -2.17957 -3.48992 33.9491 0.0404126 0.684728 -1.1384 -0.786856 -0.500467 0.833828 -1.94595 37.7222 -9.70866 -9.48924 -9.84188 -9.88042 -9.27587 -9.86322 37.4056
internal_weight=1012 134 878 119 94 30 64 833 463 205 15 370 208 258 162 25 13 12 11 45 17 28 6 11 25 8
internal_count=1012 134 878 119 94 30 64 833 463 205 15 370 208 258 162 25 13 12 11 45 17 28 6 11 25 8
is_linear=0
shrinkage=0.05


Tree=10
num_leaves=26
num_cat=0
split_feature=3 2 7 1 0 3 3 8 3 1 8 1 0 2 8 3 0 0 0 7 6 6 0 0 0
split_gain=7.30464e+06 2.61925e+06 1.18244e+06 990966 952390 730367 371722 310915 266461 200092 99277.9 122638 98996.4 51764.2 21779.8 11604.4 4799.2 2100.49 974.641 405.106 441.509 38.0365 0.193067 0.0219217 0.0205391
threshold=0.90503083712587162 1416.2350000000004 1.0000000180025095e-35 16896.300000000003 41343.100000000013 0.91197519496591262 0.73176568364352534 2.5000000000000004 0.92597115029419141 21618.745000000003 3.5000000000000004 31874.680000000004 37437.350000000006 4336.8800000000001 1.5000000000000002 0.58686662143237256 43283.900000000001 41940.750000000007 38737.850000000006 3.5000000000000004 91.500000000000014 82.500000000000014 32852.55000000001 40327.850000000013 31359.700000000001
decision_type=2 2 2 2 2 2 2 2 2 2 2 2 2 2 2 2 2 2 2 2 2 2 2 2 2
left_child=3 12 14 19 5 -4 7 9 -6 -5 11 -8 -2 -12 16 -9 -3 -16 -14 20 24 -21 -23 -20 -1
right_child=1 2 4 6 8 -7 10 15 -10 -11 13 -13 18 -15 17 -17 -18 -19 23 21 -22 22 -24 -25 -26
leaf_value=-8.8016899108886744 25.414558919270835 1.6239447540707059 17.530044913291931 -8.9571164281744711 26.316623687744141 6.497011121908824 -1.2257275914315178 -1.9417243488960798 9.6563977559407554 -3.4611469856528352 7.9399458249409989 0.52362347425892952 36.638301595052091 1.2150622113097098 -2.3318977567884658 -0.94815382539760318 -0.30807785987853997 -0.95484609529375997 35.531512451171864 -9.1805086771647026 -9.3910679626464848 -9.367698830052424 -9.3797847747802745 35.537556966145821 -8.8067568461100247
leaf_weight=2.9999999999999982 2.9999999999999991 8.9999999999999982 20 19 11.999999999999998 60 268 36 2.9999999999999991 129 2.9999999999999991 160 2.9999999999999982 62 8.9999999999999982 160 5.0000000000000009 4.0000000000000009 3 3.0000000000000027 4.9999999999999991 19.000000000000004 3.9999999999999991 3 6
leaf_count=3 3 9 20 19 12 60 268 36 3 129 3 160 3 62 9 160 5 4 3 3 5 19 4 3 6
internal_value=0.118433 10.9912 8.79884 -1.54286 11.4231 9.25527 -1.17544 -2.43686 22.9846 -4.16671 -0.295257 -0.571765 33.2805 1.52544 -0.434494 -1.13065 0.933937 -1.90819 35.9025 -9.2312 -9.01435 -9.34796 -9.3698 35.5345 -8.80507
internal_weight=1011 134 122 877 95 80 837 344 15 148 493 428 12 65 27 196 14 13 9 40 14 26 23 6 9
internal_count=1011 134 122 877 95 80 837 344 15 148 493 428 12 65 27 196 14 13 9 40 14 26 23 6 9
is_linear=0
shrinkage=0.05


Tree=11
num_leaves=24
num_cat=0
split_feature=3 3 4 1 4 4 3 8 4 3 3 4 3 0 4 7 5 7 5 6 5 0 0
split_gain=5.58923e+06 2.60431e+06 919693 892732 633949 1.18528e+06 402936 277750 287716 99065.4 90972.6 85465.2 78050.7 177720 55937 46585.1 10521.6 387.07 351.99 17.0231 0.20704 0.174836 0.0254603
threshold=0.90286326795855432 0.96356198017692163 36662.500000000007 16896.300000000003 44735.000000000007 44810.000000000007 0.73030922728616821 2.5000000000000004 39295.000000000007 0.8863372572060032 0.91838171206478492 30732.500000000004 0.92841109214827733 35655.400000000009 43067.500000000007 2.5000000000000004 21.500000000000004 3.5000000000000004 22.500000000000004 82.500000000000014 20.500000000000004 32852.55000000001 39993.000000000007
decision_type=2 2 2 2 2 2 2 2 2 2 2 2 2 2 2 2 2 2 2 2 2 2 2
left_child=3 2 12 17 10 -6 7 8 -5 11 -4 -8 13 -2 -9 -11 22 18 20 -19 -1 -21 -3
right_child=1 16 4 6 5 -7 9 14 -10 15 -12 -13 -14 -15 -16 -17 -18 19 -20 21 -22 -23 -24
leaf_value=-8.3626470565795916 33.025723775227874 33.754937744140641 -3.8993108510971073 -8.4643948554992683 23.877066040039065 6.022952307288846 3.3681723185947967 -1.4039540771312184 -2.9641837345831323 3.2854912840403045 2.0811107758552798 -0.60095327022283729 14.850676345825192 17.632198486328122 1.6810202933847904 0.45555864698959125 30.286396280924471 -8.7892066955566346 -8.8943562316894536 -8.8992389678955064 -8.3779087829589827 -8.9107955932617191 33.760764160156242
leaf_weight=3.9999999999999982 2.9999999999999982 2.9999999999999982 7.9999999999999991 29 10.999999999999998 60 13.999999999999998 180 132 26 31 434 4 5 15.999999999999998 33 3 4.0000000000000027 4.9999999999999991 18.000000000000004 5 3.9999999999999991 5
leaf_count=4 3 3 8 29 11 60 14 180 132 26 31 434 4 5 16 33 3 4 5 18 5 4 5
internal_value=-0.0594435 9.51063 7.40972 -1.46743 5.97586 8.78908 -1.12935 -2.41612 -3.9549 -0.22328 0.854358 -0.476918 20.5534 23.4048 -1.15212 1.70265 32.8116 -8.76996 -8.55799 -8.88409 -8.37113 -8.90134 33.7586
internal_weight=1037 133 122 904 110 71 864 357 161 507 39 448 12 8 196 59 11 40 14 26 9 22 8
internal_count=1037 133 122 904 110 71 864 357 161 507 39 448 12 8 196 59 11 40 14 26 9 22 8
is_linear=0
shrinkage=0.05


Tree=12
num_leaves=26
num_cat=0
split_feature=3 2 4 2 1 4 3 3 0 0 4 4 2 6 7 7 4 0 0 7 6 6 0 0 2
split_gain=6.10429e+06 2.2973e+06 1.08734e+06 1.09312e+06 892836 816771 300802 188408 324219 162327 155774 299749 54441.1 52949.2 41040.4 26210.4 25623.7 1253.72 378.513 353 367.606 15.7866 0.136443 0.0483809 0.0237059
threshold=0.90286326795855432 1416.2350000000004 36662.500000000007 3188.8500000000004 16896.300000000003 47845.000000000007 0.77068779004413923 0.92841109214827733 35655.400000000009 37437.350000000006 37740.000000000007 39052.500000000007 2925.5950000000007 90.500000000000014 2.5000000000000004 1.0000000180025095e-35 35390.000000000007 38737.850000000006 32689.050000000003 3.5000000000000004 91.500000000000014 82.500000000000014 32852.55000000001 31472.650000000005 1237.6400000000001
decision_type=2 2 2 2 2 2 2 2 2 2 2 2 2 2 2 2 2 2 2 2 2 2 2 2 2
left_child=4 9 7 12 19 -5 10 8 -3 -2 15 -12 -4 14 -8 -6 -15 -11 -9 20 23 -21 -23 -1 -19
right_child=1 2 3 5 6 -7 13 18 -10 17 11 -13 -14 16 -16 -17 -18 24 -20 21 -22 22 -24 -25 -26
leaf_value=-7.9420056660970078 20.519001579284669 39.38892008463543 0.92344782631447986 15.850952692713058 4.0292549133300781 1.9057303301493329 1.1198713833635503 15.286249287923173 17.6445198059082 33.292067464192719 -7.7291555514702424 -2.103334285529717 4.2252423370585728 2.6716809463500977 -0.15527082587013374 -0.69374262660953168 -0.97692358312197036 32.072900390624994 14.49198557535807 -8.3497463226318285 -8.4819012451171876 -8.4546774727957565 -8.4638679504394538 -7.9497823079427086 32.067020670572909
leaf_weight=2.9999999999999982 3.9999999999999991 2.9999999999999982 47 35 2.9999999999999991 14.999999999999998 110 3 4 2.9999999999999982 26 265 17 4.9999999999999991 148 141 128 4 3 4.0000000000000027 4.9999999999999991 21.000000000000004 4.9999999999999991 6 3
leaf_count=3 4 3 47 35 3 15 110 3 4 3 26 265 17 5 148 141 128 4 3 4 5 21 5 6 3
internal_value=0.158626 9.8094 7.69039 6.12807 -1.40546 11.6674 -1.03578 21.3907 26.9635 29.0318 -1.94039 -2.60598 1.80049 -0.0293658 0.388394 -0.595347 -0.839758 32.4369 14.8891 -8.34547 -8.13816 -8.44222 -8.45644 -7.94719 32.0704
internal_weight=1011 141 127 114 870 50 826 13 7 14 435 291 64 391 258 144 133 10 6 44 14 30 26 9 7
internal_count=1011 141 127 114 870 50 826 13 7 14 435 291 64 391 258 144 133 10 6 44 14 30 26 9 7
is_linear=0
shrinkage=0.05


Tree=13
num_leaves=26
num_cat=0
split_feature=3 2 3 4 3 4 4 3 8 0 4 3 0 4 3 4 3 0 7 6 6 6 0 0 0
split_gain=4.83074e+06 1.98191e+06 811307 979768 771283 707113 416881 291636 240832 226810 215602 155059 142419 63984.6 63584.9 58826.7 2278.77 950.645 328.885 382.717 30.1397 1.76319 0.198167 0.145989 0.000404349
threshold=0.90503083712587162 1416.2350000000004 0.91545210242581787 36662.500000000007 0.53456476313037216 47845.000000000007 44735.000000000007 0.73176568364352534 2.5000000000000004 41343.100000000013 39295.000000000007 0.92841109214827733 37437.350000000006 30732.500000000004 0.83051483064699583 43067.500000000007 0.8103345441425055 39082.200000000004 3.5000000000000004 91.500000000000014 82.500000000000014 94.500000000000014 31833.600000000002 32852.55000000001 40713.150000000009
decision_type=2 2 2 2 2 2 2 2 2 2 2 2 2 2 2 2 2 2 2 2 2 2 2 2 2
left_child=4 12 5 11 18 6 -3 8 10 -5 -6 -4 -2 16 -15 -10 -9 -14 19 22 -20 -21 -1 -22 -19
right_child=1 2 3 9 7 -7 -8 13 15 -11 -12 -13 17 14 -16 -17 -18 24 20 21 23 -23 -24 -25 -26
leaf_value=-7.5609764099121071 19.493051910400393 5.2197992960611952 27.363514328002935 1.1213657066470286 -7.6886130050376611 -3.6271443891525266 20.164004116966613 3.708149773733957 -1.237064963164074 7.257063946723938 -2.7651018831228455 14.155872955322264 31.558777872721365 -0.81657939446932193 0.36002562288591206 1.9302775770425797 2.4323403222220286 30.46827290852864 -7.86488011678059 -8.0794415791829426 -8.0315529271175983 -8.0252321879068997 -7.5470254898071278 -8.0420625686645515 30.469093831380203
leaf_weight=7.0000000000000018 3.9999999999999991 6.0000000000000027 3.9999999999999982 61 27 4.9999999999999991 21 6.9999999999999982 175 20 126 5 2.9999999999999982 295 188 15.999999999999998 7 3 3.0000000000000027 2.9999999999999991 19.000000000000004 3 4 3.9999999999999991 3
leaf_count=7 4 6 4 61 27 5 21 7 175 20 126 5 3 295 188 16 7 3 3 3 19 3 4 4 3
internal_value=-0.0252655 8.78419 6.8066 4.37531 -1.3706 13.6446 16.8431 -1.03665 -2.15581 2.63635 -3.63396 20.0259 27.3431 -0.262017 -0.358605 -0.971738 3.07025 30.832 -7.90212 -7.73112 -8.01394 -8.05234 -7.5559 -8.03338 30.4687
internal_weight=1019 135 122 90 884 32 27 841 344 81 153 9 13 497 483 191 14 9 43 17 26 6 11 23 6
internal_count=1019 135 122 90 884 32 27 841 344 81 153 9 13 497 483 191 14 9 43 17 26 6 11 23 6
is_linear=0
shrinkage=0.05


Tree=14
num_leaves=26
num_cat=0
split_feature=3 2 4 1 3 4 0 2 8 4 3 0 0 4 1 1 4 7 0 0 2 0 0 0 0
split_gain=4.12042e+06 1.95424e+06 956757 720982 619295 426234 344964 265690 177035 207594 108914 122890 92399.6 73926.5 139671 66821.7 33459.5 421.462 183.817 26.6837 10.5457 52.1387 5.49118 0.171816 0.00019003
threshold=0.90503083712587162 1416.2350000000004 36662.500000000007 16896.300000000003 0.91197519496591262 44735.000000000007 41343.100000000013 8158.6200000000017 2.5000000000000004 39295.000000000007 0.92841109214827733 35655.400000000009 37820.900000000009 38452.500000000007 32952.240000000013 32293.725000000002 43067.500000000007 3.5000000000000004 30475.750000000004 39082.200000000004 18626.500000000004 32811.350000000006 33352.150000000009 31833.600000000002 40327.850000000013
decision_type=2 2 2 2 2 2 2 2 2 2 2 2 2 2 2 2 2 2 2 2 2 2 2 2 2
left_child=3 12 10 17 5 -4 -6 13 9 -9 11 -3 -2 14 -5 -15 -10 18 -1 -14 22 -22 -19 -20 -21
right_child=1 2 4 7 6 -7 -8 8 16 -11 -12 -13 19 15 -16 -17 -18 20 23 24 21 -23 -24 -25 -26
leaf_value=-7.6239466349283864 18.993864949544271 30.169056892395027 -4.9384785970052025 1.1151465733440555 1.0015798552382378 15.418204034699336 8.2892657838084478 -7.4405819459394982 -1.0454058629539278 -2.3058438086175026 13.044921366373694 16.781962585449214 29.123603312174488 -0.83240288038855614 12.229055722554525 0.60530031162097053 1.0414692765190487 -7.6313918590545633 -7.1830524444580099 28.945071411132801 -7.6433322482638886 -7.4026418050130207 -7.705107371012371 -7.1696743011474595 28.945597839355464
leaf_weight=2.9999999999999991 2.9999999999999991 3.9999999999999982 3.0000000000000027 49 62 18 22 22 225 187 3 3 2.9999999999999982 206 2.9999999999999991 133 21 16.000000000000007 5.9999999999999982 3 8.9999999999999982 2.9999999999999991 2.9999999999999991 4 4
leaf_count=3 3 4 3 49 62 18 22 22 225 187 3 3 3 206 3 133 21 16 6 3 9 3 3 4 4
internal_value=-0.0731191 8.31485 6.23766 -1.27948 4.83023 12.5101 2.91026 -0.954931 -1.77633 -2.84634 21.0157 24.4317 26.69 0.000918919 1.75633 -0.268348 -0.867258 -7.51964 -7.28068 28.9988 -7.61986 -7.58316 -7.64303 -7.1777 28.9454
internal_weight=1018 128 115 890 105 21 84 846 455 209 10 7 13 391 52 339 246 44 13 10 31 12 19 10 7
internal_count=1018 128 115 890 105 21 84 846 455 209 10 7 13 391 52 339 246 44 13 10 31 12 19 10 7
is_linear=0
shrinkage=0.05


Tree=15
num_leaves=27
num_cat=0
split_feature=3 2 7 0 4 1 3 8 4 1 0 4 4 4 3 3 2 0 8 7 6 6 0 0 0 0
split_gain=4.12699e+06 1.77259e+06 822070 621790 739043 609746 242303 189561 173998 94500 89112.3 84148.5 82474.7 56303.3 49374.7 13976.7 8631.77 1365.86 339.521 178.907 291.734 26.7618 2.74091 0.478523 0.19188 0.0551844
threshold=0.90286326795855432 1416.2350000000004 1.0000000180025095e-35 42638.850000000013 36662.500000000007 16896.300000000003 0.73176568364352534 2.5000000000000004 39295.000000000007 32859.785000000011 37437.350000000006 45602.500000000007 38452.500000000007 43067.500000000007 0.92425769667666857 0.92841109214827733 2633.7500000000005 38737.850000000006 1.5000000000000002 3.5000000000000004 91.500000000000014 82.500000000000014 29736.200000000001 39993.000000000007 32811.350000000006 31954.800000000003
decision_type=2 2 2 2 2 2 2 2 2 2 2 2 2 2 2 2 2 2 2 2 2 2 2 2 2 2
left_child=5 10 15 4 -4 19 7 8 -7 12 -2 -11 -8 -9 -5 18 -17 -12 -3 20 25 -21 -22 -19 -23 -1
right_child=1 2 3 14 -6 6 9 13 -10 11 17 -13 -14 -15 -16 16 -18 23 -20 21 22 24 -24 -25 -26 -27
leaf_value=-6.8185415649414072 18.044171651204429 -1.7697573423385595 18.606268819173177 22.51439819335938 5.2660226345062258 -6.8947828429716616 0.98644549112389057 -1.1389073333753055 -2.4622402295833683 2.7526181558767959 28.762174479166674 -0.034604557762470317 -0.92777426107007954 2.1490907673324862 14.847627218564348 -1.1543253132275175 1.430117352803548 27.471923828124996 -2.3016727209091186 -7.0924512227376217 -7.242749277750649 -7.2482655843098946 -7.3103375752766908 27.49834060668945 -7.2585903167724615 -6.8099637349446596
leaf_weight=4.9999999999999982 2.9999999999999991 4.0000000000000044 11.999999999999998 6.9999999999999982 77 27 69 186 123 45 2.9999999999999982 68 305 13.999999999999998 3 6.9999999999999982 6 3 12 3.0000000000000027 3 18.000000000000004 3 4 5.9999999999999991 3
leaf_count=5 3 4 12 7 77 27 69 186 123 45 3 68 305 14 3 7 6 3 12 3 3 18 3 4 6 3
internal_value=0.0705562 8.01087 6.22425 8.39296 7.06471 -1.2046 -0.91297 -1.91647 -3.2601 -0.191769 25.6022 1.07535 -0.574616 -0.908747 20.2144 -1.17926 0.0384944 27.8696 -2.16869 -7.15804 -7.01299 -7.23325 -7.27654 27.487 -7.25085 -6.81532
internal_weight=1019 141 128 99 89 878 837 350 150 487 13 113 374 200 10 29 13 10 16 41 14 27 6 7 24 8
internal_count=1019 141 128 99 89 878 837 350 150 487 13 113 374 200 10 29 13 10 16 41 14 27 6 7 24 8
is_linear=0
shrinkage=0.05


Tree=16
num_leaves=26
num_cat=0
split_feature=3 2 4 2 4 3 2 8 4 3 0 7 6 6 0 4 4 7 6 0 0 0 0 0 0
split_gain=3.79703e+06 1.63976e+06 744622 671670 636196 544209 256039 178380 187108 125636 136506 69705.5 62455 43397.3 39916.8 28459.2 23429.3 165.26 257.762 13.6024 10.0919 36.1938 2.57844 0.144048 9.93859e-05
threshold=0.90286326795855432 1416.2350000000004 36662.500000000007 3133.7350000000001 44735.000000000007 0.53456476313037216 8158.6200000000017 2.5000000000000004 39295.000000000007 0.92841109214827733 35655.400000000009 2.5000000000000004 85.500000000000014 81.500000000000014 37820.900000000009 38452.500000000007 43067.500000000007 3.5000000000000004 91.500000000000014 39082.200000000004 33352.150000000009 32852.55000000001 29736.200000000001 31722.500000000004 40327.850000000013
decision_type=2 2 2 2 2 2 2 2 2 2 2 2 2 2 2 2 2 2 2 2 2 2 2 2 2
left_child=5 14 9 13 -5 17 11 8 -8 10 -3 12 -7 -4 -2 -13 -9 18 23 -16 21 -19 -20 -1 -21
right_child=1 2 3 4 -6 6 7 16 -10 -11 -12 15 -14 -15 19 -17 -18 20 22 24 -22 -23 -24 -25 -26
leaf_value=-6.4837068176269543 19.585786946614586 27.730290412902839 5.9602066516876224 -4.329744970798493 10.947265658171283 2.487145898558877 -6.5800177914755684 -0.94482939932737264 -2.1862971647497682 11.095520172119139 14.667630386352537 1.8821550786495209 0.24313106973256385 0.56275926593829084 26.250817871093759 -0.62013794257540578 0.79952302206130266 -6.892652130126951 -6.8792663574218738 26.123782348632808 -6.9624608357747393 -6.7278937339782718 -6.9448209126790346 -6.4698481241861963 26.1234016418457
leaf_weight=4.9999999999999982 2.9999999999999991 3.9999999999999982 3.9999999999999991 7.9999999999999991 46 44 28 231 180 5 4 11.999999999999998 105 54 2.9999999999999982 214 21 20.000000000000007 3 3 2.9999999999999991 3.9999999999999991 3 3 4
leaf_count=5 3 4 4 8 46 44 28 231 180 5 4 12 105 54 3 214 21 20 3 3 3 4 3 3 4
internal_value=0.0347709 7.74355 5.98588 4.67113 8.684 -1.17963 -0.903473 -1.694 -2.77776 17.313 21.199 0.0662387 0.905793 0.934997 24.6442 -0.487273 -0.799467 -6.80372 -6.66431 26.1617 -6.876 -6.86519 -6.91204 -6.47851 26.1236
internal_weight=1014 138 125 112 54 876 835 460 208 13 8 375 149 58 13 226 252 41 14 10 27 24 6 8 7
internal_count=1014 138 125 112 54 876 835 460 208 13 8 375 149 58 13 226 252 41 14 10 27 24 6 8 7
is_linear=0
shrinkage=0.05


Tree=17
num_leaves=25
num_cat=0
split_feature=3 3 7 0 4 2 1 2 8 4 6 2 6 4 3 0 0 8 7 6 6 0 0 2
split_gain=3.72153e+06 1.30219e+06 682705 634849 666687 657229 521417 206960 125444 153450 56172.8 59010.4 20075.8 18338.9 15252.1 5411.77 4342.63 378.704 241.63 189.218 13.2976 0.387914 0.0609237 0.0466291
threshold=0.90503083712587162 0.96356198017692163 1.0000000180025095e-35 41343.100000000013 36662.500000000007 3188.8500000000004 16896.300000000003 8158.6200000000017 2.5000000000000004 39295.000000000007 92.500000000000014 3994.6600000000003 91.500000000000014 35390.000000000007 0.92841109214827733 40327.850000000013 38283.500000000007 1.5000000000000002 3.5000000000000004 92.500000000000014 82.500000000000014 32811.350000000006 31722.500000000004 1237.6400000000001
decision_type=2 2 2 2 2 2 2 2 2 2 2 2 2 2 2 2 2 2 2 2 2 2 2 2
left_child=6 2 14 4 -4 -5 18 10 9 -9 11 -8 -10 -12 17 -16 -3 -2 19 22 -20 -22 -1 -18
right_child=1 16 3 5 -6 -7 7 8 12 -11 13 -13 -14 -15 15 -17 23 -19 20 -21 21 -23 -24 -25
leaf_value=-6.1503204345703146 -1.882030797004699 22.584016927083336 16.678129284198469 -1.3020490169525134 4.3882635646486934 21.679043579101563 3.4416450885931655 -6.1353692779541014 -0.46617233187512119 -1.9577089842153037 2.3386775970458986 0.21801955130583839 -1.4263176763112226 -1.1152557719118741 -1.4289950688680018 1.1719116628170012 24.81765258789062 -2.4501500129699707 -6.6556882222493421 -6.5390365600585927 -6.5415226890927265 -6.555938339233399 -6.1413075764973941 24.809767659505201
leaf_weight=4.9999999999999982 4.0000000000000009 2.9999999999999991 12.999999999999998 4.0000000000000027 73 13.999999999999998 14.999999999999998 25 162 182 3.9999999999999991 265 82 98 2.9999999999999982 6 5 11 3.0000000000000027 5 21.000000000000004 5.9999999999999991 3 3
leaf_count=5 4 3 13 4 73 14 15 25 162 182 4 265 82 98 3 6 5 11 3 5 21 6 3 3
internal_value=0.0972813 7.69778 6.27908 8.03324 6.24603 16.5721 -1.10873 -0.83158 -1.55691 -2.46226 0.0247631 0.390714 -0.788844 -0.979807 -1.3223 0.304943 24.2063 -2.29865 -6.4778 -6.29775 -6.55582 -6.54473 -6.14694 24.8147
internal_weight=1015 139 128 104 86 18 876 833 451 207 382 280 244 102 24 9 11 15 43 13 30 27 8 8
internal_count=1015 139 128 104 86 18 876 833 451 207 382 280 244 102 24 9 11 15 43 13 30 27 8 8
is_linear=0
shrinkage=0.05


Tree=18
num_leaves=26
num_cat=0
split_feature=3 2 4 3 9 1 0 3 8 4 3 0 1 4 4 4 0 0 2 0 1 5 2 0 0
split_gain=2.50854e+06 1.31481e+06 477951 472558 745023 436928 249820 184994 119769 130884 109685 85529.1 67260.9 76957.5 75768 28272.6 8485.72 1552.89 155.705 196.608 60.5898 1.98848 0.475142 0.0683748 0.0347293
threshold=0.90286326795855432 1416.2350000000004 36662.500000000007 0.91197519496591262 1.0000000180025095e-35 16896.300000000003 40173.80000000001 0.72887080833039264 2.5000000000000004 39295.000000000007 0.92537382551658209 37437.350000000006 31287.910000000003 44860.000000000007 39497.500000000007 43067.500000000007 33054.400000000009 38737.850000000006 17607.195000000003 32650.700000000004 14192.155000000002 20.500000000000004 1237.6400000000001 31202.600000000002 32951.900000000009
decision_type=2 2 2 2 2 2 2 2 2 2 2 2 2 2 2 2 2 2 2 2 2 2 2 2 2
left_child=5 11 10 4 -4 18 -5 8 9 -7 -3 -2 14 -14 -9 -10 -12 -13 19 23 21 -20 -19 -1 -21
right_child=1 2 3 6 -6 7 -8 12 15 -11 16 17 13 -15 -16 -17 -18 22 20 24 -22 -23 -24 -25 -26
leaf_value=-5.8542344411214211 15.240348625183106 20.068433532714849 -0.2410672534595836 0.023161154368828082 16.890597178141274 -5.8923009060047296 5.4723641341495695 0.66883406043950344 -1.0021575684730823 -2.0422206896888322 11.921572621663408 24.956311543782562 1.8122202838182842 -0.24547165682358024 -1.1029654055698965 1.4176091340871959 8.1608718872070281 23.577145385742185 -6.2662146250406749 -6.2137714385986333 -5.988850402832032 -6.222411567286442 23.549004618326819 -5.8449895222981763 -6.2213794708251937
leaf_weight=2.9999999999999982 3.9999999999999991 4.9999999999999982 11 58 15 27 33 83 169 121 3 2.9999999999999982 76 113 221 12.999999999999998 3 3 3.0000000000000062 2.9999999999999991 2.9999999999999991 19 3 6 3
leaf_count=3 4 5 11 58 15 27 33 83 169 121 3 3 76 113 221 13 3 3 3 3 3 19 3 6 3
internal_value=-0.0098411 6.17331 4.63459 3.69777 9.64259 -1.02007 1.99925 -0.772039 -1.68829 -2.7446 14.599 21.3238 -0.158726 0.58196 -0.619218 -0.829317 10.0412 24.0275 -6.12323 -5.99587 -6.19964 -6.22838 23.5631 -5.84807 -6.21758
internal_weight=1004 141 128 117 26 863 91 823 330 148 11 13 493 189 304 182 6 9 40 15 25 22 6 9 6
internal_count=1004 141 128 117 26 863 91 823 330 148 11 13 493 189 304 182 6 9 40 15 25 22 6 9 6
is_linear=0
shrinkage=0.05


Tree=19
num_leaves=26
num_cat=0
split_feature=3 2 4 1 2 4 1 8 3 0 3 4 0 4 4 4 6 1 5 1 0 0 0 2 5
split_gain=2.65332e+06 1.21019e+06 566214 409733 409460 464228 160786 121898 104045 129918 100631 87673.5 78820.4 50153.3 51366.1 43095.7 30995.2 17287.4 1468.3 835.254 237.531 225.127 187.172 135.895 0.498509
threshold=0.90286326795855432 1416.2350000000004 36662.500000000007 18766.640000000003 3133.7350000000001 44735.000000000007 31287.910000000003 2.5000000000000004 0.92841109214827733 36015.150000000009 0.67940466323897686 37740.000000000007 37437.350000000006 44860.000000000007 44395.000000000007 33577.500000000007 81.500000000000014 35089.040000000001 21.500000000000004 16896.300000000003 32689.050000000003 32689.050000000003 31027.050000000003 17607.195000000003 20.500000000000004
decision_type=2 2 2 2 2 2 2 2 2 2 2 2 2 2 2 2 2 2 2 2 2 2 2 2 2
left_child=3 12 8 11 16 -6 7 10 9 -3 -5 21 -2 14 -8 -9 -4 -15 24 23 -10 22 -1 -13 -14
right_child=1 2 4 6 5 -7 13 15 20 -11 -12 19 18 17 -16 -17 -18 -19 -20 -21 -22 -23 -24 -25 -26
leaf_value=-1.4360055605570476 14.478330993652344 24.804136657714849 4.5479330825805659 -3.374638420858501 -4.2053498864173893 8.8660588645935068 0.98204217518077186 0.47047416660934688 10.246822611490884 11.039572906494138 -1.2561001830703611 -5.736022387052838 22.397941589355476 -0.62587790199938942 4.5302447954813641 -0.80421284914958435 0.42631224600168371 0.61345626401404552 23.708496602376297 -6.424935913085938 9.6176287333170549 -1.3681771469116211 -1.8991127729415895 -5.9185698769309312 22.370978800455724
leaf_weight=2.9999999999999991 3.9999999999999991 3.9999999999999982 4.9999999999999991 81 7.9999999999999991 45 68 88 3 3 182 19 3.9999999999999982 68 11.999999999999998 269 52 48 3 6.9999999999999991 3 4.9999999999999991 7.9999999999999991 22 3
leaf_count=3 4 4 5 81 8 45 68 88 3 3 182 19 4 68 12 269 52 48 3 7 3 5 8 22 3
internal_value=0.00839833 6.48109 4.89566 -0.999283 3.72943 6.89302 -0.697132 -1.09175 14.7637 18.905 -1.90858 -4.85171 20.4103 0.551163 1.51427 -0.490004 0.787858 -0.11305 22.783 -5.92016 9.93223 -1.64636 -1.77281 -5.83397 22.3864
internal_weight=1017 137 123 880 110 53 816 620 13 7 263 64 14 196 80 357 57 116 10 48 6 16 11 41 7
internal_count=1017 137 123 880 110 53 816 620 13 7 263 64 14 196 80 357 57 116 10 48 6 16 11 41 7
is_linear=0
shrinkage=0.05


end of trees

feature_importances:
total_load=119
thermal_on_capacity=83
thermal_space_load_ratio=62
renewable_power=56
period=46
net_load=43
weekday=35
month=31
hour=17
is_weekend=1

parameters:
[boosting: gbdt]
[objective: regression]
[metric: rmse]
[tree_learner: serial]
[device_type: cpu]
[data_sample_strategy: bagging]
[data: ]
[valid: ]
[num_iterations: 400]
[learning_rate: 0.05]
[num_leaves: 31]
[num_threads: 0]
[seed: 42]
[deterministic: 0]
[force_col_wise: 0]
[force_row_wise: 0]
[histogram_pool_size: -1]
[max_depth: 5]
[min_data_in_leaf: 3]
[min_sum_hessian_in_leaf: 0.001]
[bagging_fraction: 0.85]
[pos_bagging_fraction: 1]
[neg_bagging_fraction: 1]
[bagging_freq: 1]
[bagging_seed: 400]
[bagging_by_query: 0]
[feature_fraction: 0.85]
[feature_fraction_bynode: 1]
[feature_fraction_seed: 30056]
[extra_trees: 0]
[extra_seed: 12879]
[early_stopping_round: 0]
[early_stopping_min_delta: 0]
[first_metric_only: 0]
[max_delta_step: 0]
[lambda_l1: 0]
[lambda_l2: 0]
[linear_lambda: 0]
[min_gain_to_split: 0]
[drop_rate: 0.1]
[max_drop: 50]
[skip_drop: 0.5]
[xgboost_dart_mode: 0]
[uniform_drop: 0]
[drop_seed: 17869]
[top_rate: 0.2]
[other_rate: 0.1]
[min_data_per_group: 100]
[max_cat_threshold: 32]
[cat_l2: 10]
[cat_smooth: 10]
[max_cat_to_onehot: 4]
[top_k: 20]
[monotone_constraints: ]
[monotone_constraints_method: basic]
[monotone_penalty: 0]
[feature_contri: ]
[forcedsplits_filename: ]
[refit_decay_rate: 0.9]
[cegb_tradeoff: 1]
[cegb_penalty_split: 0]
[cegb_penalty_feature_lazy: ]
[cegb_penalty_feature_coupled: ]
[path_smooth: 0]
[interaction_constraints: ]
[verbosity: -1]
[saved_feature_importance_type: 0]
[use_quantized_grad: 0]
[num_grad_quant_bins: 4]
[quant_train_renew_leaf: 0]
[stochastic_rounding: 1]
[linear_tree: 0]
[max_bin: 255]
[max_bin_by_feature: ]
[min_data_in_bin: 3]
[bin_construct_sample_cnt: 200000]
[data_random_seed: 175]
[is_enable_sparse: 1]
[enable_bundle: 1]
[use_missing: 1]
[zero_as_missing: 0]
[feature_pre_filter: 1]
[pre_partition: 0]
[two_round: 0]
[header: 0]
[label_column: ]
[weight_column: ]
[group_column: ]
[ignore_column: ]
[categorical_feature: ]
[forcedbins_filename: ]
[precise_float_parser: 0]
[parser_config_file: ]
[objective_seed: 16083]
[num_class: 1]
[is_unbalance: 0]
[scale_pos_weight: 1]
[sigmoid: 1]
[boost_from_average: 1]
[reg_sqrt: 0]
[alpha: 0.9]
[fair_c: 1]
[poisson_max_delta_step: 0.7]
[tweedie_variance_power: 1.5]
[lambdarank_truncation_level: 30]
[lambdarank_norm: 1]
[label_gain: ]
[lambdarank_position_bias_regularization: 0]
[eval_at: ]
[multi_error_top_k: 1]
[auc_mu_weights: ]
[num_machines: 1]
[local_listen_port: 12400]
[time_out: 120]
[machine_list_filename: ]
[machines: ]
[gpu_platform_id: -1]
[gpu_device_id: -1]
[gpu_use_dp: 0]
[num_gpu: 1]

end of parameters

pandas_categorical:[]
