tree
version=v4
num_class=1
num_tree_per_iteration=1
label_index=0
max_feature_idx=10
objective=regression
feature_names=total_load net_load renewable_power thermal_space_load_ratio thermal_on_capacity hour period weekday month is_weekend is_holiday
feature_infos=[29193.099999999999:41329.300000000003] [11318.049999999999:40077.610000000001] [1223.46:18960.91] [0.37880501902718694:0.96996973557285182] [27170:45275] [20:23] [81:96] [0:6] [2:4] [0:1] none
tree_sizes=1528 2165 2121 2113 2240 2144 2168 2364 2116

Tree=0
num_leaves=16
num_cat=0
split_feature=2 2 1 4 4 4 0 1 8 2 7 0 6 2 7
split_gain=1.30907e+07 5.6149e+06 2.90212e+06 1.78676e+06 2.03221e+06 2.48018e+06 1.0355e+06 633647 773990 220000 173377 58700.6 177376 17030.8 1803.27
threshold=1464.4850000000004 3826.1150000000002 17051.530000000002 36662.500000000007 44735.000000000007 44810.000000000007 37446.250000000007 24262.670000000002 2.5000000000000004 7125.1800000000012 1.0000000180025095e-35 36355.55000000001 90.500000000000014 15218.300000000001 3.5000000000000004
decision_type=2 2 2 2 2 2 2 2 2 2 2 2 2 2 2
left_child=6 3 13 11 10 -6 -1 8 -4 -9 -5 12 -2 -3 -15
right_child=1 2 7 4 5 -7 -8 9 -10 -11 -12 -13 -14 14 -16
leaf_value=351.19095083264182 365.09928492891459 310.93261673636903 311.9708420220108 319.520495628285 358.98678492891457 328.48975031641788 381.76595159558127 323.61237574461092 320.17427966448452 321.14062894585157 326.60851261047191 347.54928391166197 349.01595083264181 307.53311684318055 306.79646860856593
leaf_weight=3.9999999999999991 2.9999999999999982 2.9999999999999991 37 10.999999999999998 12.000000000000002 14.999999999999998 8.9999999999999982 141 129 249 40 3 4 11.999999999999998 27
leaf_count=4 3 3 37 11 12 15 9 141 129 249 40 3 4 12 27
internal_value=322.653 321.711 319.976 333.503 330.952 342.044 372.358 320.933 318.346 322.034 325.08 353.401 355.909 307.302 307.023
internal_weight=699 686 598 88 78 27 13 556 166 390 51 10 7 42 39
internal_count=699 686 598 88 78 27 13 556 166 390 51 10 7 42 39
is_linear=0
shrinkage=1


Tree=1
num_leaves=23
num_cat=0
split_feature=3 2 3 8 3 0 5 1 8 1 3 0 6 8 0 8 1 0 7 6 0 6
split_gain=1.47074e+07 6.22608e+06 2.61483e+06 1.88265e+06 2.03988e+06 727918 632923 624098 460290 727140 246123 118301 112680 60749.5 38097.6 20923.7 15905.7 5505.37 874.948 1432.55 195.075 56.0894
threshold=0.90426630972778832 1354.1600000000001 0.5457079115844945 2.5000000000000004 0.92412070868503149 35810.05000000001 20.500000000000004 26771.205000000005 2.5000000000000004 21618.745000000003 0.83262854749246695 35088.200000000004 82.500000000000014 3.5000000000000004 38272.000000000007 3.5000000000000004 16631.595000000005 37136.600000000013 3.5000000000000004 91.500000000000014 33728.100000000013 83.500000000000014
decision_type=2 2 2 2 2 2 2 2 2 2 2 2 2 2 2 2 2 2 2 2 2 2
left_child=2 14 16 11 6 -6 -5 8 9 -4 13 20 -12 -9 -2 -10 18 -13 19 -1 -3 -20
right_child=1 3 7 4 5 -7 -8 10 15 -11 12 17 -14 -15 -16 -17 -18 -19 21 -21 -22 -23
leaf_value=-14.456055755615234 49.304617309570318 -3.1860247421264631 -15.122267303466797 20.576856740315748 22.563680992126464 6.5074004729588824 37.825854257436902 -1.719826303422451 -3.0187389370761344 -3.903923867413631 5.8217018556594855 3.1795743560791019 1.0945662077469163 0.59067645686013359 55.911700439453128 -1.9839395709801466 -11.328332519531251 5.2115743637084968 -15.133823776245103 -15.433314005533854 -2.6760248184204096 -15.33982391357422
leaf_weight=9.9999999999999982 2.9999999999999991 5.0000000000000018 20 9.0000000000000018 9.9999999999999982 24 12.999999999999998 152 79 52 14.999999999999998 4.9999999999999991 79 35 7.9999999999999991 128 2.9999999999999991 9.9999999999999982 4.0000000000000027 5.9999999999999991 3 19
leaf_count=10 3 5 20 9 10 24 13 152 79 52 15 5 79 35 8 128 3 10 4 6 3 19
internal_value=0.0145232 18.8667 -2.80391 13.9595 18.9061 11.2298 30.7694 -1.90146 -3.57661 -7.02013 -0.238234 1.91545 1.8489 -1.28738 54.1098 -2.37886 -14.8366 4.53424 -15.1065 -14.8225 -2.99477 -15.304
internal_weight=692 90 602 79 56 34 22 560 279 72 281 23 94 187 11 207 42 15 39 16 8 23
internal_count=692 90 602 79 56 34 22 560 279 72 281 23 94 187 11 207 42 15 39 16 8 23
is_linear=0
shrinkage=0.05


Tree=2
num_leaves=23
num_cat=0
split_feature=3 2 3 4 3 4 2 1 8 4 0 0 3 4 6 4 1 7 6 0 6 0
split_gain=1.13051e+07 5.46288e+06 2.51704e+06 2.34185e+06 1.42153e+06 1.18109e+06 815122 662814 733478 342420 264214 388438 246801 86925.3 70806.9 22095.9 14682 885.469 1050.62 707.637 52.5231 1.51039
threshold=0.90256535388852899 1354.1600000000001 0.5457079115844945 36662.500000000007 0.91277888210118008 44735.000000000007 1464.4850000000004 23650.110000000004 2.5000000000000004 39295.000000000007 34126.450000000004 35673.950000000004 0.83262854749246695 30732.500000000004 83.500000000000014 43067.500000000007 16631.595000000005 3.5000000000000004 91.500000000000014 32689.050000000003 83.500000000000014 39496.100000000013
decision_type=2 2 2 2 2 2 2 2 2 2 2 2 2 2 2 2 2 2 2 2 2 2
left_child=2 21 16 10 5 -5 -6 8 9 -4 19 -12 13 -9 -14 -10 17 18 -1 -3 -19 -2
right_child=1 3 7 4 6 -7 -8 12 15 -11 11 -13 14 -15 -16 -17 -18 20 -20 -21 -22 -23
leaf_value=-13.735019768608943 53.159570312500016 24.404351806640634 -13.332443105763403 -0.31162326335906998 26.540081977844238 31.835738677978512 3.1006271236083087 3.3614417605929905 -2.6353582907696165 -3.5667432051438555 48.360296630859366 24.559629821777335 4.1706538460756608 -1.6253301785138754 0.75350186546643583 0.77222297191619882 -10.761915651957196 -14.377132797241201 -14.638984680175781 23.318352254231765 -14.57283172607422 53.116119384765618
leaf_weight=8.9999999999999982 2.9999999999999982 2.9999999999999982 29 3.9999999999999973 3.9999999999999991 10 51 8.9999999999999982 98 12.999999999999998 4 3 19 301 75 4.9999999999999991 2.9999999999999991 4.0000000000000027 4.9999999999999991 3 24 6
leaf_count=9 3 3 29 4 4 10 51 9 98 13 4 3 19 301 75 5 3 4 5 3 24 6
internal_value=-0.258561 16.1524 -2.7727 12.0938 8.42613 22.6508 4.80531 -1.84085 -4.74078 -10.3097 31.5606 38.16 -0.80004 -1.48055 1.4442 -2.46994 -14.1412 -14.3825 -14.0579 23.8614 -14.5449 53.1306
internal_weight=685 91 594 82 69 14 55 549 145 42 13 7 404 310 94 103 45 42 14 6 28 9
internal_count=685 91 594 82 69 14 55 549 145 42 13 7 404 310 94 103 45 42 14 6 28 9
is_linear=0
shrinkage=0.05


Tree=3
num_leaves=23
num_cat=0
split_feature=3 2 3 4 3 4 2 2 1 0 0 4 4 7 4 2 2 1 7 0 0 0
split_gain=1.20597e+07 4.57913e+06 2.17928e+06 1.97781e+06 2.15788e+06 904931 725295 533909 229925 190484 343506 189835 826992 96863.7 91944.3 33110.1 13339.4 6277.21 1529.68 312.051 30.4257 0.00143887
threshold=0.90426630972778832 1354.1600000000001 0.5457079115844945 36662.500000000007 0.91277888210118008 44735.000000000007 1464.4850000000004 11153.255000000003 31821.900000000005 34126.450000000004 35673.950000000004 37740.000000000007 39295.000000000007 2.5000000000000004 39497.500000000007 1264.3250000000003 15218.300000000001 18850.575000000004 3.5000000000000004 30839.350000000002 33007.900000000001 39996.450000000004
decision_type=2 2 2 2 2 2 2 2 2 2 2 2 2 2 2 2 2 2 2 2 2 2
left_child=2 15 16 9 5 -5 -6 8 14 -3 -11 17 -13 -10 -4 21 -1 -9 19 -18 -20 -2
right_child=1 3 7 4 6 -7 -8 11 13 10 -12 12 -14 -15 -16 -17 18 -19 20 -21 -22 -23
leaf_value=-10.159721247355144 50.458863321940122 23.140920715332033 -0.1642802556216717 -0.4128390153249103 25.213079071044923 29.669224853515626 3.1028373635794022 -2.9899002075195313 4.0597823098782575 45.942282104492179 25.220737457275387 -13.435001373291016 -2.8525415118038655 0.33613286554813387 -1.9376707642931832 44.18140869140624 -13.61822764078776 -1.8891763389110565 -13.812368265787761 -13.036802062988281 -13.981259155273438 50.46031188964843
leaf_weight=2.9999999999999991 2.9999999999999982 4.9999999999999991 125 3.0000000000000009 3.9999999999999991 15 51 15.999999999999998 31 4 4 24 80 40 176 3 2.9999999999999991 68 24.000000000000004 9.9999999999999982 2.9999999999999991 4
leaf_count=3 3 5 125 3 4 15 51 16 31 4 4 24 80 40 176 3 3 68 24 10 3 4
internal_value=0.0925048 16.5522 -2.52795 12.8285 9.62872 24.6555 4.71085 -1.69502 -0.597491 30.7967 35.5815 -3.86673 -5.29465 1.96195 -1.20121 48.5762 -13.3754 -2.09884 -13.6166 -13.171 -13.8311 50.4597
internal_weight=699 96 603 86 73 18 55 560 372 13 8 188 104 71 301 10 43 84 40 13 27 7
internal_count=699 96 603 86 73 18 55 560 372 13 8 188 104 71 301 10 43 84 40 13 27 7
is_linear=0
shrinkage=0.05


Tree=4
num_leaves=24
num_cat=0
split_feature=3 2 3 8 3 0 7 1 8 1 3 0 1 8 0 8 2 0 7 6 0 0 0
split_gain=1.11416e+07 4.62571e+06 2.16612e+06 1.17198e+06 1.4671e+06 612410 490441 431522 258556 456588 141970 77942 52983.5 51751.9 31046.9 19508.3 12411.1 1213 887.644 1149.71 183.971 90.4336 0.00141864
threshold=0.90256535388852899 1354.1600000000001 0.5457079115844945 2.5000000000000004 0.92412070868503149 39303.80000000001 5.5000000000000009 26771.205000000005 2.5000000000000004 21162.015000000003 0.83456659741773753 35088.200000000004 33376.645000000004 3.5000000000000004 38737.450000000004 3.5000000000000004 14939.355000000001 37136.600000000013 3.5000000000000004 91.500000000000014 33924.400000000009 33347.350000000013 39996.450000000004
decision_type=2 2 2 2 2 2 2 2 2 2 2 2 2 2 2 2 2 2 2 2 2 2 2
left_child=2 14 16 11 5 -5 -6 8 9 -4 13 20 -12 -9 -2 -10 -1 -13 19 -18 -3 -20 -16
right_child=1 3 7 4 6 -7 -8 10 15 -11 12 17 -14 -15 22 -17 18 -19 21 -21 -22 -23 -24
leaf_value=-9.6517354329427079 41.972338867187503 -3.2036985874176001 -13.023837471008301 28.779888705203405 13.241852344166148 13.493201828002931 1.5170025348663332 -1.3847404715381091 -2.7075173459139217 -3.4271798625046559 0.5991823691224295 2.8379224300384522 3.2132199985640391 0.67039730208680826 47.935920206705717 -1.7277742202955348 -12.388846380060366 3.8843779246012371 -13.121397558848063 -13.249279530843101 -2.685730107625325 -13.412570190429689 47.937295532226557
leaf_weight=2.9999999999999991 2.9999999999999991 4.0000000000000027 15.999999999999998 19.000000000000004 22 9.9999999999999982 14.999999999999998 158 83 55 63 3.9999999999999991 28 38 3 131 11.000000000000002 8.9999999999999982 24.000000000000004 5.9999999999999991 3 2.9999999999999991 5
leaf_count=3 3 4 16 19 22 10 15 158 83 55 63 4 28 38 3 131 11 9 24 6 3 3 5
internal_value=0.0241099 15.7802 -2.44493 11.8752 15.0883 23.5086 8.48853 -1.59709 -2.97522 -5.58981 -0.228555 1.27196 1.4035 -0.986295 46.3101 -2.10777 -12.7634 3.56239 -12.9756 -12.6925 -2.98171 -13.1538 47.9368
internal_weight=716 97 619 86 66 29 37 572 285 71 287 20 91 196 11 214 47 13 44 17 7 27 8
internal_count=716 97 619 86 66 29 37 572 285 71 287 20 91 196 11 214 47 13 44 17 7 27 8
is_linear=0
shrinkage=0.05


Tree=5
num_leaves=23
num_cat=0
split_feature=3 2 3 4 3 4 2 2 8 4 0 0 3 4 4 0 0 2 7 6 0 0
split_gain=9.55707e+06 3.82786e+06 1.96997e+06 1.67249e+06 1.35543e+06 1.5271e+06 406056 349944 343305 455414 151025 393834 132763 92428.6 59544.7 52746.8 27807.1 11561.3 534.482 907.179 80.5137 28.1775
threshold=0.89900084757324283 1354.1600000000001 0.5457079115844945 36662.500000000007 0.91625507702428666 44735.000000000007 10946.710000000001 1464.4850000000004 2.5000000000000004 39295.000000000007 34126.450000000004 36015.150000000009 0.83262854749246695 43067.500000000007 30732.500000000004 31559.450000000001 38272.000000000007 14939.355000000001 3.5000000000000004 91.500000000000014 33347.350000000013 39996.450000000004
decision_type=2 2 2 2 2 2 2 2 2 2 2 2 2 2 2 2 2 2 2 2 2 2
left_child=2 16 17 10 5 -5 12 -6 9 -8 -3 -12 14 -10 -4 -14 -2 -1 19 -19 -20 -18
right_child=1 3 6 4 7 -7 8 -9 13 -11 11 -13 15 -15 -16 -17 21 18 20 -21 -22 -23
leaf_value=-9.1691482226053882 39.87372131347658 20.062642211914063 2.2120600113501916 -0.79878893409456508 20.148665364583337 27.483925120035806 -11.870568180084229 2.5351984201593605 -2.4845164040282923 -2.6298910236358646 42.594624328613293 21.545568542480467 -3.9125957489013672 1.7835918068885803 -1.2544834758618939 1.3651908778323887 45.743141682942699 -11.773498249053958 -12.468902559633607 -12.586815516153969 -12.74194056193034 45.540429687499994
leaf_weight=2.9999999999999991 2.9999999999999982 4.9999999999999991 12.999999999999998 7.0000000000000009 2.9999999999999991 15 24 47 135 30 3.9999999999999982 5 4.9999999999999991 13.999999999999998 263 89 3 7.9999999999999982 27.000000000000004 6 2.9999999999999991 4
leaf_count=3 3 5 13 7 3 15 24 47 135 30 4 5 5 14 263 89 3 8 27 6 3 4
internal_value=-0.0584723 14.6219 -2.33156 11.2173 8.14261 18.4849 -1.52437 3.59201 -3.32133 -6.73686 27.03 30.9007 -0.538469 -2.08349 -1.0912 1.08446 43.9012 -12.1724 -12.3772 -12.1221 -12.4962 45.6273
internal_weight=716 96 620 86 72 22 573 50 203 54 14 9 370 149 276 94 10 47 44 14 30 7
internal_count=716 96 620 86 72 22 573 50 203 54 14 9 370 149 276 94 10 47 44 14 30 7
is_linear=0
shrinkage=0.05


Tree=6
num_leaves=24
num_cat=0
split_feature=3 2 3 4 3 4 2 1 3 0 4 4 1 2 4 1 3 0 0 6 7 0 0
split_gain=9.04368e+06 3.81208e+06 1.67063e+06 1.54604e+06 1.61487e+06 879607 610173 386708 218738 216139 144120 406423 118738 185400 104589 13176 8807.04 761.722 638.642 381.56 955.166 116.222 0.0374208
threshold=0.90426630972778832 1354.1600000000001 0.5457079115844945 36662.500000000007 0.91277888210118008 44735.000000000007 1464.4850000000004 26771.205000000005 0.92838353939486906 35673.950000000004 37740.000000000007 39052.500000000007 32753.945000000003 3826.1150000000002 39295.000000000007 16631.595000000005 0.58549550652502969 38737.450000000004 32689.050000000003 91.500000000000014 3.5000000000000004 31332.250000000004 40327.850000000013
decision_type=2 2 2 2 2 2 2 2 2 2 2 2 2 2 2 2 2 2 2 2 2 2 2
left_child=2 17 15 8 5 -5 -6 10 9 -3 16 -12 14 -14 -9 19 -4 -2 -10 20 -1 -21 -19
right_child=1 3 7 4 6 -7 -8 12 18 -11 11 -13 13 -15 -16 -17 -18 22 -20 21 -22 -23 -24
leaf_value=-11.181260871887204 44.212510172526059 40.464893722534192 -2.3366750240325929 -1.2065710186958303 22.282898139953616 24.853139610851514 1.9730696045622533 1.0776882353850774 20.361862691243488 22.710950724283848 -8.6929827531178798 -2.4101581483952002 14.259447606404624 1.3829392418992228 -1.2054164642499665 -8.3167110602060959 -1.2679987828950494 43.256022135416657 19.330163065592444 -11.885997009277345 -11.832543423301296 -12.237089284261067 43.263409423828115
leaf_weight=8.0000000000000018 2.9999999999999982 3.9999999999999982 24 4.0000000000000027 3.9999999999999991 17 49 70 3 3 33 117 2.9999999999999991 41 177 2.9999999999999991 98 3 3 10.999999999999998 19 2.9999999999999991 4
leaf_count=8 3 4 24 4 4 17 49 70 3 3 33 117 3 41 177 3 98 3 3 11 19 3 4
internal_value=0.133094 14.3095 -2.13232 10.9489 8.15526 19.8894 3.50589 -1.39901 26.8514 32.8561 -2.75442 -3.79238 -0.132102 2.26088 -0.558383 -11.5154 -1.47823 43.5459 19.846 -11.7494 -11.6396 -11.9612 43.2602
internal_weight=704 97 607 87 74 21 53 563 13 7 272 150 291 44 247 44 122 10 6 41 27 14 7
internal_count=704 97 607 87 74 21 53 563 13 7 272 150 291 44 247 44 122 10 6 41 27 14 7
is_linear=0
shrinkage=0.05


Tree=7
num_leaves=25
num_cat=0
split_feature=3 2 3 8 3 0 5 1 8 3 0 0 5 8 0 2 7 0 7 6 0 2 0 0
split_gain=8.70394e+06 3.56382e+06 1.54421e+06 1.20193e+06 1.29944e+06 432531 422346 330739 485357 163628 91266.1 80139.3 47623.1 34706.9 27111.8 9438.77 9328.68 3761.85 691.307 847.137 154.999 98.5847 25.2969 0.00571155
threshold=0.90426630972778832 1354.1600000000001 0.5457079115844945 2.5000000000000004 0.92497368512858591 34620.150000000009 20.500000000000004 22782.970000000005 2.5000000000000004 0.8300649029077789 35088.200000000004 35232.650000000009 21.500000000000004 3.5000000000000004 38272.000000000007 14939.355000000001 1.5000000000000002 37136.600000000013 3.5000000000000004 91.500000000000014 33347.350000000013 2481.7100000000005 39496.100000000013 40708.850000000013
decision_type=2 2 2 2 2 2 2 2 2 2 2 2 2 2 2 2 2 2 2 2 2 2 2 2
left_child=2 14 15 10 6 -6 -5 8 11 13 21 -4 -11 -9 -2 -1 -10 -12 19 -17 -20 -3 -16 -24
right_child=1 3 7 4 5 -7 -8 9 16 12 17 -13 -14 -15 22 18 -18 -19 20 -21 -22 -23 23 -25
leaf_value=-8.229515983661015 35.669411722819014 -2.7768569310506162 -10.406420341491698 15.424626076221461 16.467316436767572 3.3661915553467616 28.009532979329432 -1.5851545159150715 -3.1359525953020371 2.1070889760466183 2.3431129074096684 -2.7840202331542971 -0.12454683121707705 -0.43826104069749516 41.276518758138032 -10.62166623202237 -1.7355785695812369 4.0536344740125871 -11.248294299581776 -11.360249201456707 -11.630411275227864 -3.1278994878133135 41.09715270996093 41.100238037109364
leaf_weight=2.9999999999999991 2.9999999999999991 3.0000000000000018 25.000000000000004 12.000000000000002 9.0000000000000018 21 14.999999999999998 247 13.999999999999998 51 4.9999999999999991 3.9999999999999991 45 90 2.9999999999999982 11.000000000000002 79 8.9999999999999982 23.000000000000004 5.9999999999999991 2.9999999999999991 6 3 3
leaf_count=3 3 3 25 12 9 21 15 247 14 51 5 4 45 90 3 11 79 9 23 6 3 6 3 3
internal_value=0.0547531 14.3768 -2.13764 10.5654 14.4585 7.29653 22.4162 -1.40798 -3.70746 -0.760092 0.917405 -9.35505 1.06101 -1.27886 39.7858 -10.9411 -1.94639 3.44273 -11.1303 -10.8823 -11.2924 -3.01089 41.158 41.0987
internal_weight=693 92 601 80 57 30 27 555 122 433 23 29 96 337 12 46 93 14 43 17 26 9 9 6
internal_count=693 92 601 80 57 30 27 555 122 433 23 29 96 337 12 46 93 14 43 17 26 9 9 6
is_linear=0
shrinkage=0.05


Tree=8
num_leaves=23
num_cat=0
split_feature=3 2 3 4 4 4 2 8 4 3 0 1 4 1 3 4 2 7 0 0 0 0
split_gain=6.13713e+06 2.60128e+06 1.30486e+06 1.01348e+06 1.27562e+06 1.23257e+06 283526 274400 339008 107534 182808 78584.1 80201.5 61793.5 55135 33815.7 8405.49 729.067 576.374 478.812 141.872 0.21761
threshold=0.90256535388852899 1264.3250000000003 0.5457079115844945 36662.500000000007 44735.000000000007 44810.000000000007 8055.8650000000007 2.5000000000000004 39295.000000000007 0.92838353939486906 35673.950000000004 30731.510000000006 35390.000000000007 32425.355000000007 0.89900084757324283 43067.500000000007 15218.300000000001 3.5000000000000004 32689.050000000003 30475.750000000004 33347.350000000013 39996.450000000004
decision_type=2 2 2 2 2 2 2 2 2 2 2 2 2 2 2 2 2 2 2 2 2 2
left_child=2 21 16 9 13 -6 11 8 -8 10 -3 12 -4 -5 -13 -9 -1 19 -11 -18 -19 -2
right_child=1 3 6 4 5 -7 7 15 -10 18 -12 14 -14 -15 -16 -17 17 20 -20 -21 -22 -23
leaf_value=-7.8180399576822923 39.028329467773432 36.22424774169923 3.210673395792643 -1.6958264355148591 25.553494371686664 6.5754025751894183 -10.735719261169434 -1.8054221545366689 -2.2125345366341729 18.520404561360674 18.769158935546869 0.79918375558086807 -1.0322280767656142 2.4243950186870418 6.787994620203972 0.33957804200705144 -10.7380126953125 -10.682354632290926 17.540290323893228 -10.090741195678712 -11.048890431722006 39.045363159179686
leaf_weight=2.9999999999999991 3 2.9999999999999982 11.999999999999998 13.999999999999998 13.999999999999998 22 20 226 28 3 3 98 155 26 3.9999999999999991 20 3.9999999999999991 22.000000000000004 3 9.9999999999999982 2.9999999999999991 5
leaf_count=3 3 3 12 14 14 22 20 226 28 3 3 98 155 26 4 20 4 22 3 10 3 5
internal_value=-0.00312689 11.7414 -1.86672 9.2598 7.12764 13.9558 -1.23249 -2.30578 -5.76386 22.7635 27.4967 -0.059462 -0.727349 0.982318 1.03404 -1.63103 -10.3684 -10.5646 18.0303 -10.2757 -10.7263 39.039
internal_weight=701 96 605 88 76 36 563 294 48 12 6 269 167 40 102 246 42 39 6 14 25 8
internal_count=701 96 605 88 76 36 563 294 48 12 6 269 167 40 102 246 42 39 6 14 25 8
is_linear=0
shrinkage=0.05


end of trees

feature_importances:
total_load=47
thermal_space_load_ratio=32
thermal_on_capacity=29
renewable_power=27
net_load=18
month=15
weekday=13
period=11
hour=3

parameters:
[boosting: gbdt]
[objective: regression]
[metric: rmse]
[tree_learner: serial]
[device_type: cpu]
[data_sample_strategy: bagging]
[data: ]
[valid: ]
[num_iterations: 400]
[learning_rate: 0.05]
[num_leaves: 31]
[num_threads: 0]
[seed: 42]
[deterministic: 0]
[force_col_wise: 0]
[force_row_wise: 0]
[histogram_pool_size: -1]
[max_depth: 5]
[min_data_in_leaf: 3]
[min_sum_hessian_in_leaf: 0.001]
[bagging_fraction: 0.85]
[pos_bagging_fraction: 1]
[neg_bagging_fraction: 1]
[bagging_freq: 1]
[bagging_seed: 400]
[bagging_by_query: 0]
[feature_fraction: 0.85]
[feature_fraction_bynode: 1]
[feature_fraction_seed: 30056]
[extra_trees: 0]
[extra_seed: 12879]
[early_stopping_round: 0]
[early_stopping_min_delta: 0]
[first_metric_only: 0]
[max_delta_step: 0]
[lambda_l1: 0]
[lambda_l2: 0]
[linear_lambda: 0]
[min_gain_to_split: 0]
[drop_rate: 0.1]
[max_drop: 50]
[skip_drop: 0.5]
[xgboost_dart_mode: 0]
[uniform_drop: 0]
[drop_seed: 17869]
[top_rate: 0.2]
[other_rate: 0.1]
[min_data_per_group: 100]
[max_cat_threshold: 32]
[cat_l2: 10]
[cat_smooth: 10]
[max_cat_to_onehot: 4]
[top_k: 20]
[monotone_constraints: ]
[monotone_constraints_method: basic]
[monotone_penalty: 0]
[feature_contri: ]
[forcedsplits_filename: ]
[refit_decay_rate: 0.9]
[cegb_tradeoff: 1]
[cegb_penalty_split: 0]
[cegb_penalty_feature_lazy: ]
[cegb_penalty_feature_coupled: ]
[path_smooth: 0]
[interaction_constraints: ]
[verbosity: -1]
[saved_feature_importance_type: 0]
[use_quantized_grad: 0]
[num_grad_quant_bins: 4]
[quant_train_renew_leaf: 0]
[stochastic_rounding: 1]
[linear_tree: 0]
[max_bin: 255]
[max_bin_by_feature: ]
[min_data_in_bin: 3]
[bin_construct_sample_cnt: 200000]
[data_random_seed: 175]
[is_enable_sparse: 1]
[enable_bundle: 1]
[use_missing: 1]
[zero_as_missing: 0]
[feature_pre_filter: 1]
[pre_partition: 0]
[two_round: 0]
[header: 0]
[label_column: ]
[weight_column: ]
[group_column: ]
[ignore_column: ]
[categorical_feature: ]
[forcedbins_filename: ]
[precise_float_parser: 0]
[parser_config_file: ]
[objective_seed: 16083]
[num_class: 1]
[is_unbalance: 0]
[scale_pos_weight: 1]
[sigmoid: 1]
[boost_from_average: 1]
[reg_sqrt: 0]
[alpha: 0.9]
[fair_c: 1]
[poisson_max_delta_step: 0.7]
[tweedie_variance_power: 1.5]
[lambdarank_truncation_level: 30]
[lambdarank_norm: 1]
[label_gain: ]
[lambdarank_position_bias_regularization: 0]
[eval_at: ]
[multi_error_top_k: 1]
[auc_mu_weights: ]
[num_machines: 1]
[local_listen_port: 12400]
[time_out: 120]
[machine_list_filename: ]
[machines: ]
[gpu_platform_id: -1]
[gpu_device_id: -1]
[gpu_use_dp: 0]
[num_gpu: 1]

end of parameters

pandas_categorical:[]
