tree
version=v4
num_class=1
num_tree_per_iteration=1
label_index=0
max_feature_idx=10
objective=regression
feature_names=total_load net_load renewable_power thermal_space_load_ratio thermal_on_capacity hour period weekday month is_weekend is_holiday
feature_infos=[22195.900000000001:42408.400000000001] [-11825.210000000003:41070.110000000001] [1144.03:36022.5] [-0.52127464982271476:0.97282505160491894] [27170:45275] [15:19] [61:80] [0:6] [2:4] [0:1] none
tree_sizes=2561 2537 2686 2646 2617 2372 2668 2819 2759 2687 2686 2800 2571 2785 2424 2648 2792 2567 2554 2605 2889 2645 2818 2744 2752 2540

Tree=0
num_leaves=29
num_cat=0
split_feature=2 4 1 0 4 7 4 1 4 1 4 4 1 4 4 7 2 4 6 0 1 4 1 2 1 4 0 8
split_gain=2.6989e+07 1.06662e+07 9.00575e+06 1.90111e+06 1.4509e+06 1.17451e+06 3.2982e+06 1.54223e+06 973943 873793 780645 614138 544321 713676 264392 255848 197562 472084 185809 120714 97348 72425.9 31973.2 25587.4 21655.4 22420.4 5618 1985.03
threshold=5848.0400000000009 44735.000000000007 18699.325000000004 41396.900000000009 44012.500000000007 5.5000000000000009 44810.000000000007 34007.355000000003 45077.500000000007 24211.150000000005 44012.500000000007 36372.500000000007 12223.345000000003 36662.500000000007 37740.000000000007 3.5000000000000004 8050.7150000000011 36372.500000000007 73.500000000000014 39325.650000000009 17562.390000000003 36372.500000000007 14066.210000000001 11065.505000000003 11291.910000000003 34325.000000000007 40956.30000000001 2.5000000000000004
decision_type=2 2 2 2 2 2 2 2 2 2 2 2 2 2 2 2 2 2 2 2 2 2 2 2 2 2 2 2
left_child=1 3 12 10 -5 7 19 -3 -9 14 11 -1 24 22 23 -12 17 -11 -16 -7 -15 -18 -14 -4 27 -26 -8 -2
right_child=2 5 9 4 -6 6 26 8 -10 16 15 -13 13 20 18 -17 21 -19 -20 -21 -22 -23 -24 -25 25 -27 -28 -29
leaf_value=293.68611597837889 265.29591324696906 290.89251584511879 283.50918256741647 340.2591797143408 296.27584943276531 317.2858494327653 283.57584905129556 337.2580254232787 316.17584943276529 294.31334928971415 301.46779448756132 282.31544566893569 273.63389457727993 267.27634924994243 275.19422420692331 291.23387557588956 281.47273445269695 281.75893039521844 266.07134910724449 326.80084912758952 271.34146040315647 279.41059390380212 276.79979747737781 278.75764337658711 269.62363491925908 266.00384938005311 286.22584924203045 265.72109178857437
leaf_weight=14.999999999999998 47 3.0000000000000027 2.9999999999999991 3 5 5.0000000000000009 3 14 9 7.9999999999999991 9.0000000000000018 57 10.999999999999998 81 80 19 61 117 5.9999999999999991 9.9999999999999982 18 141 29 51 7.0000000000000027 10.999999999999998 6 66
leaf_count=15 47 3 3 3 5 5 3 14 9 8 9 57 11 81 80 19 61 117 6 10 18 141 29 51 7 11 6 66
internal_value=279.403 298.155 275.382 289.316 312.77 317.248 309.272 324.61 329.008 279.585 287.439 284.684 268.113 270.293 276.28 294.523 281 282.562 274.558 323.629 268.015 280.033 275.929 279.022 265.801 267.412 285.343 265.544
internal_weight=895 158 737 108 8 50 24 26 23 467 100 72 270 139 140 28 327 125 86 15 99 202 40 54 131 18 9 113
internal_count=895 158 737 108 8 50 24 26 23 467 100 72 270 139 140 28 327 125 86 15 99 202 40 54 131 18 9 113
is_linear=0
shrinkage=1


Tree=1
num_leaves=29
num_cat=0
split_feature=2 1 0 2 1 6 1 2 1 7 1 1 8 8 0 8 0 1 6 3 6 6 2 2 1 8 0 1
split_gain=2.54171e+07 8.31448e+06 4.39091e+06 1.90228e+06 1.70495e+06 1.56069e+06 990154 859157 721549 755692 668758 596129 694083 552885 302529 230812 138153 135538 123107 87522.4 75518.3 72839.5 55963.8 18911 14295.4 12834.4 1842.81 1.87637
threshold=5848.0400000000009 19045.935000000005 41356.400000000001 1263.7750000000003 33372.835000000006 69.500000000000014 36386.585000000006 4698.1400000000012 38099.400000000001 3.5000000000000004 26711.520000000008 12421.950000000001 3.5000000000000004 2.5000000000000004 38360.000000000007 3.5000000000000004 37315.250000000007 22726.180000000004 70.500000000000014 0.43886293130822102 65.500000000000014 70.500000000000014 6617.5600000000004 4440.8900000000003 11291.910000000003 3.5000000000000004 27315.500000000004 40330.43
decision_type=2 2 2 2 2 2 2 2 2 2 2 2 2 2 2 2 2 2 2 2 2 2 2 2 2 2 2 2
left_child=2 11 4 -4 13 7 -7 -6 9 -5 15 24 21 23 -15 17 18 -3 -12 -14 -17 -13 -18 -1 26 -26 -2 -10
right_child=1 10 3 8 5 6 -8 -9 27 -11 16 12 19 14 -16 20 22 -19 -20 -21 -22 -23 -24 -25 25 -27 -28 -29
leaf_value=-0.14410562356313067 -13.264794921875001 -4.7080817313029852 12.108486099243157 57.970375569661407 52.377061157226571 10.678549274645356 21.585172072700832 21.287649059295649 58.087078857421858 27.235790761311847 7.2646091559658892 -9.9412681984178946 -6.6529347139246333 17.91771610866893 4.6209893907819479 5.9421185493469242 3.8249445648193361 -1.4500718472289369 2.4024964372316999 -2.3188115960842857 0.097202821693250119 -13.065828411395735 1.2843309556893958 3.1772538503011067 -12.722848447163898 -10.358369723233309 -12.829247526281021 58.13709716796874
leaf_weight=15.000000000000002 34 58 5.0000000000000027 3.0000000000000018 4.9999999999999982 38 46 4 3 6 23 66 17 11.000000000000002 6.9999999999999991 5.9999999999999991 25 71 30 37 70 26 163 5.9999999999999991 12 11 85 5
leaf_count=15 34 58 5 3 5 38 46 4 3 6 23 66 17 11 7 6 25 71 30 37 70 26 163 6 12 11 85 5
internal_value=0.0705231 -3.80419 18.5383 39.2189 15.0915 18.7714 16.6512 38.5595 47.1925 37.4807 0.472116 -10.4265 -8.18309 6.31651 12.7468 -1.62716 2.2578 -2.91491 4.51247 -3.68326 0.558644 -10.8243 1.62218 0.804854 -12.7331 -11.592 -12.9537 58.1183
internal_weight=888 734 154 22 132 93 84 9 17 9 446 288 146 39 18 205 241 129 53 54 76 92 188 21 142 23 119 8
internal_count=888 734 154 22 132 93 84 9 17 9 446 288 146 39 18 205 241 129 53 54 76 92 188 21 142 23 119 8
is_linear=0
shrinkage=0.05


Tree=2
num_leaves=30
num_cat=0
split_feature=2 4 1 0 4 7 4 4 1 3 4 1 4 1 7 2 8 6 0 6 6 4 3 4 6 1 4 0 0
split_gain=2.30696e+07 8.91642e+06 7.49e+06 1.76177e+06 1.67629e+06 1.03682e+06 2.5428e+06 701251 670008 593759 561756 492426 662641 368372 241256 163116 153028 203999 95615 94265.2 68117.1 66403.8 61743.2 56758.6 34534.1 16297.9 18514.8 3236.72 2963.14
threshold=5848.0400000000009 44735.000000000007 19045.935000000005 41396.900000000009 44012.500000000007 5.5000000000000009 44810.000000000007 44012.500000000007 38979.740000000005 0.67176217011619277 36372.500000000007 12223.345000000003 36662.500000000007 34007.355000000003 3.5000000000000004 6318.6750000000002 2.5000000000000004 71.500000000000014 39325.650000000009 64.500000000000014 68.500000000000014 36372.500000000007 0.44323185258867542 42262.500000000007 77.500000000000014 11291.910000000003 34325.000000000007 30561.850000000002 40990.30000000001
decision_type=2 2 2 2 2 2 2 2 2 2 2 2 2 2 2 2 2 2 2 2 2 2 2 2 2 2 2 2 2
left_child=1 3 11 7 -5 8 18 10 13 16 -1 25 22 -3 -9 19 17 -4 -7 -11 -18 -17 -13 -14 -10 27 -27 -2 -8
right_child=2 5 9 4 -6 6 28 14 24 15 -12 12 23 -15 -16 21 20 -19 -20 -21 -22 -23 -24 -25 -26 26 -28 -29 -30
leaf_value=13.960747146606446 -12.460419169834683 20.573975245157829 -2.2816405112544689 55.074560546874991 9.2994180679321286 34.871529541015612 3.8360743840535472 20.516501083374017 55.535260009765636 13.64681200968721 2.7425523890148509 -5.4148876878950336 -11.258012303113938 39.880905805315294 11.004870748519899 2.6628840097423758 -3.0987818898672757 -12.589386940002441 43.495172797309031 4.2670014743804936 -0.59197569420794027 0.85364982706481873 -1.7107385583718617 -8.6231988014713412 48.965054321289045 -8.6154774802071667 -11.904904244162822 -11.947855876575817 5.8237495422363281
leaf_weight=13.999999999999998 70 3.0000000000000062 12.000000000000002 4 4 5.0000000000000009 3 10.000000000000002 5.9999999999999982 3.0000000000000027 55 18 60 13.999999999999998 20 66 47 7.9999999999999991 8.9999999999999982 25 64 219 30 31 3 7.0000000000000027 10.999999999999998 55 5
leaf_count=14 70 3 12 4 4 5 3 10 6 3 55 18 60 14 20 66 47 8 9 25 64 219 30 31 3 7 11 55 5
internal_value=0.138626 17.6494 -3.59989 9.61728 32.187 35.5542 27.5655 7.79347 42.3139 0.447503 5.01871 -9.97239 -7.85317 36.4738 14.1754 1.6304 -2.37881 -6.40474 40.4153 5.27198 -1.65342 1.27263 -3.09979 -10.3604 53.3452 -12.0323 -10.6257 -12.2349 5.07837
internal_weight=881 155 726 107 8 48 22 99 26 444 69 282 139 17 30 313 131 20 14 28 111 285 48 91 9 143 18 125 8
internal_count=881 155 726 107 8 48 22 99 26 444 69 282 139 17 30 313 131 20 14 28 111 285 48 91 9 143 18 125 8
is_linear=0
shrinkage=0.05


Tree=3
num_leaves=30
num_cat=0
split_feature=3 1 4 4 7 4 4 1 1 4 4 1 4 2 4 5 2 2 1 0 1 4 3 1 4 4 0 0 6
split_gain=2.13746e+07 7.84532e+06 6.6448e+06 1.68609e+06 2.07786e+06 3.07362e+06 1.23177e+06 1.63114e+06 807194 760823 596753 404588 542758 344404 272972 223539 212597 164707 123630 86594.6 72726.1 72163.9 41230.3 36065.5 35263.1 14508.7 3564.66 806.243 727.684
threshold=0.86929463939195706 19045.935000000005 42910.000000000007 44735.000000000007 5.5000000000000009 44810.000000000007 44012.500000000007 36386.585000000006 26788.960000000003 45077.500000000007 36662.500000000007 13347.120000000001 36662.500000000007 6668.6450000000013 37740.000000000007 17.500000000000004 3561.7250000000008 9262.0250000000033 22726.180000000004 38256.500000000007 17636.370000000003 39497.500000000007 0.43126492745627776 11291.910000000003 37010.000000000007 40910.000000000007 30617.750000000004 37816.500000000007 71.500000000000014
decision_type=2 2 2 2 2 2 2 2 2 2 2 2 2 2 2 2 2 2 2 2 2 2 2 2 2 2 2 2 2
left_child=1 11 10 6 9 -6 7 -4 14 -5 27 23 22 15 17 -10 -8 -3 -16 28 -14 -15 -13 26 -25 -21 -1 -2 -12
right_child=2 8 3 4 5 -7 16 -9 13 -11 19 12 20 21 18 -17 -18 -19 -20 25 -22 -23 -24 24 -26 -27 -28 -29 -30
leaf_value=-11.842912060701394 17.296410115559897 12.566351572672527 7.1548610687255847 49.533628845214849 40.288181813557941 4.5016430695851639 4.8090612030029263 53.790238037109361 9.0753334900428513 31.36171908908419 -0.94569463729858294 -5.4455203836614441 -10.591986101865769 3.1477679869958335 -4.3437530001324998 3.445993132061429 16.103239700317385 0.60232011722666878 -1.343912252358028 6.3048393249511685 -6.9128715459038235 1.0151301477761832 -1.8824400774894223 -8.0938163042068485 -11.2796840065404 3.5014738464355468 -11.2892537365789 18.380739974975583 -0.10105536689653116
leaf_weight=79 2.9999999999999991 2.9999999999999991 3 15.999999999999998 12 12 5.0000000000000027 5 29 9.0000000000000018 3.0000000000000027 10.999999999999998 64 56 62 45 25 70 77 6.0000000000000027 17 136 31 15.999999999999998 19 20 46 4 17
leaf_count=79 3 3 3 16 12 12 5 5 29 9 3 11 64 56 62 45 25 70 77 6 17 136 31 16 19 20 46 4 17
internal_value=0.31666 -2.98649 18.2716 26.7737 32.9035 22.3949 18.8695 36.302 0.91978 42.9917 4.31539 -9.58436 -7.42815 2.75409 -1.38176 5.65209 14.2209 1.09399 -2.68197 2.24573 -9.81983 1.63715 -2.81563 -11.2419 -9.82329 4.1484 -11.6392 17.916 -0.227751
internal_weight=901 761 140 87 49 24 38 8 478 25 53 283 123 266 212 74 30 73 139 46 81 192 42 160 35 26 125 7 20
internal_count=901 761 140 87 49 24 38 8 478 25 53 283 123 266 212 74 30 73 139 46 81 192 42 160 35 26 125 7 20
is_linear=0
shrinkage=0.05


Tree=4
num_leaves=29
num_cat=0
split_feature=2 1 0 1 6 2 2 1 7 8 1 8 1 3 1 8 3 6 5 1 8 3 0 1 0 2 7 3
split_gain=1.85447e+07 6.42401e+06 3.36079e+06 1.66471e+06 1.57485e+06 1.49619e+06 739739 574149 536595 434083 362764 399561 362725 611722 200294 180715 167062 234468 157298 81708.2 60959.4 34304.1 14632.7 14555.6 17625.9 7018.08 3500.22 25.9061
threshold=5848.0400000000009 18699.325000000004 41356.400000000001 33654.68 73.500000000000014 1263.7750000000003 3725.7150000000006 22811.605000000007 1.5000000000000002 2.5000000000000004 12421.950000000001 3.5000000000000004 38099.400000000001 0.91153352296278001 31674.050000000007 3.5000000000000004 0.76246611824186494 67.500000000000014 17.500000000000004 17636.370000000003 3.5000000000000004 0.43886293130822102 36691.950000000004 11291.910000000003 31858.100000000002 11924.425000000001 3.5000000000000004 0.96667942604169388
decision_type=2 2 2 2 2 2 2 2 2 2 2 2 2 2 2 2 2 2 2 2 2 2 2 2 2 2 2 2
left_child=2 10 3 9 6 -4 -5 15 -6 22 23 19 13 -7 -11 18 20 -18 -3 -12 -9 -13 -1 26 -25 -17 -2 -14
right_child=1 7 5 4 8 12 -8 16 -10 14 11 21 27 -15 -16 25 17 -19 -20 -21 -22 -23 -24 24 -26 -27 -28 -29
leaf_value=-0.4113851818599199 -10.807681109688499 -3.6702203647843725 10.105059204101556 34.386793723473183 18.699388016594781 44.018021647135427 19.210443923586894 -0.3073198412112364 8.3434092917093423 17.643129984537751 -9.8166399529347057 -5.1352999631096345 49.865182495117189 16.36566263834635 7.0944611416922676 2.0425518651803336 7.9054420338736637 1.8355474976510029 -11.604812731061664 -5.8941719204187395 1.5220095836255751 -2.2680672563888407 2.6286324077844618 -8.1160141563415493 -10.864457389286587 -0.4694432512709969 -11.330865318544451 50.059552764892572
leaf_weight=19.000000000000004 66 58 5.0000000000000027 12.999999999999998 18 5.9999999999999982 21 127 41 6.0000000000000027 78 17 2.9999999999999991 3 18 2.9999999999999991 18 137 6.9999999999999991 15.999999999999998 71 27 4.9999999999999991 10.000000000000002 13.999999999999998 38 62 4
leaf_count=19 66 58 5 13 18 6 21 127 41 6 78 17 3 3 18 3 18 137 7 16 71 27 5 10 14 38 62 4
internal_value=-0.0209395 -3.33864 15.3183 12.539 16.4421 33.9792 25.0132 0.342012 11.5029 4.97679 -9.16423 -7.30828 41.4399 34.8006 9.73163 -2.88507 1.31105 2.54044 -4.52471 -9.14899 0.348652 -3.37586 0.221952 -10.8492 -9.71927 -0.285639 -11.0611 49.9763
internal_weight=911 749 162 141 93 21 34 459 59 48 290 138 16 9 24 106 353 155 65 94 198 44 24 152 24 41 128 7
internal_count=911 749 162 141 93 21 34 459 59 48 290 138 16 9 24 106 353 155 65 94 198 44 24 152 24 41 128 7
is_linear=0
shrinkage=0.05


Tree=5
num_leaves=26
num_cat=0
split_feature=2 3 4 0 4 2 4 3 4 0 4 3 4 0 8 4 2 4 4 4 2 0 4 4 4
split_gain=1.61545e+07 5.43991e+06 5.17971e+06 1.53127e+06 1.01134e+06 769535 608515 588791 533559 523958 480334 386404 357811 338473 212809 164187 141704 256165 89130.7 83523.7 223114 63360.4 55075 25772.9 1942.9
threshold=5848.0400000000009 0.54979938235441972 44735.000000000007 41396.900000000009 44012.500000000007 1263.7750000000003 42910.000000000007 0.67970036494601394 36372.500000000007 41680.400000000001 44810.000000000007 0.45024162250196903 36662.500000000007 38934.100000000006 2.5000000000000004 39052.500000000007 7295.0500000000011 36372.500000000007 41325.000000000007 36662.500000000007 19985.695000000003 32492.000000000004 36372.500000000007 42752.500000000007 32370.000000000004
decision_type=2 2 2 2 2 2 2 2 2 2 2 2 2 2 2 2 2 2 2 2 2 2 2 2 2
left_child=2 11 3 6 -5 -4 8 14 -1 10 -7 19 24 -8 15 -3 17 -9 -14 20 -2 -16 -18 -21 -13
right_child=1 7 5 4 -6 9 13 16 -10 -11 -12 12 18 -15 21 -17 22 -19 -20 23 -22 -23 -24 -25 -26
leaf_value=11.940608763694764 -3.1900698035955433 -10.390999698638916 9.5998059082031251 47.357333374023426 11.802047634124754 35.97185450962612 4.1457350254058838 13.284472910563151 1.4503006156682969 47.558378601074224 24.404341041564944 -0.99932447331292262 -9.5743218602360916 14.914131701434101 -8.3943593978881843 -3.0594531739041919 2.1963162052134675 2.5773841993308366 -5.9069105116526295 -10.717011166462857 -9.8352136262257908 -1.0398956458258437 0.40391323579599459 -7.0486800003051755 -1.7947282005758849
leaf_weight=15.999999999999998 15.999999999999998 11.999999999999998 4.9999999999999991 4 4 13.999999999999998 9.9999999999999982 5.9999999999999991 50 3.9999999999999991 25 14.000000000000002 37 27 2.9999999999999991 21 60 81 30 113 60 123 150 4.9999999999999991 17
leaf_count=16 16 12 5 4 4 14 10 6 50 4 25 14 37 27 3 21 60 81 30 113 60 123 150 5 17
internal_value=-0.031179 -3.10771 14.4421 8.50758 29.5797 28.1656 6.87091 0.304408 3.99341 30.3244 28.5568 -8.43623 -5.87712 12.0038 -2.15114 -5.72547 1.61899 3.3158 -7.9322 -9.72897 -8.43624 -1.215 0.916028 -10.5616 -1.43551
internal_weight=907 748 159 111 8 48 103 456 66 43 39 292 98 37 159 33 297 87 67 194 76 126 210 118 31
internal_count=907 748 159 111 8 48 103 456 66 43 39 292 98 37 159 33 297 87 67 194 76 126 210 118 31
is_linear=0
shrinkage=0.05


Tree=6
num_leaves=30
num_cat=0
split_feature=2 1 4 4 4 3 3 4 1 4 2 3 4 0 7 7 6 4 0 5 1 3 0 4 4 3 1 4 0
split_gain=1.36718e+07 5.19498e+06 4.4395e+06 1.22917e+06 842430 1.57542e+06 812899 505616 393637 390028 371752 367949 335457 291857 268685 226745 222651 208370 326732 185595 104273 96425.1 73208 51450 46671.5 35891.6 29056.1 37258.4 3017.13
threshold=5848.0400000000009 20002.860000000004 44735.000000000007 42910.000000000007 43672.500000000007 0.90047498870759213 0.96667942604169388 36372.500000000007 13347.120000000001 36662.500000000007 4698.1400000000012 0.76246611824186494 44810.000000000007 38360.000000000007 5.5000000000000009 1.5000000000000002 77.500000000000014 36372.500000000007 37315.250000000007 15.500000000000002 17636.370000000003 0.65899448354509205 37547.900000000009 38752.500000000007 36372.500000000007 0.43126492745627776 11291.910000000003 36662.500000000007 30617.750000000004
decision_type=2 2 2 2 2 2 2 2 2 2 2 2 2 2 2 2 2 2 2 2 2 2 2 2 2 2 2 2 2
left_child=2 8 3 7 5 -5 10 13 26 25 14 21 -12 -1 -4 -6 -8 18 -13 -19 -11 23 -9 -3 -23 -10 28 -28 -2
right_child=1 11 6 4 15 -7 16 22 9 20 12 17 -14 -15 -16 -17 -18 19 -20 -21 -22 24 -24 -25 -26 -27 27 -29 -30
leaf_value=18.351135444641116 -10.186967602291624 -0.21085047633261295 36.399796199798587 7.202630920410158 17.123744812011719 46.894228515624995 3.7692703247070307 -0.6977271333984707 -4.5757447459480982 -9.0597321756680813 30.118371582031251 18.707829284667969 6.4731752157211293 2.9519785690307612 27.085134439071016 8.3100604728416165 20.451998686790461 7.986821599801381 2.7665388107299806 1.4723864735626595 -5.5939273841240826 1.5260676586857209 3.0516817649205525 -2.5668957217326089 -0.27904109703457874 -1.2778280659155412 -6.3546354838779999 -9.5763024978637699 -9.6871387547137697
leaf_weight=7.9999999999999982 74 37 15.999999999999998 4.9999999999999982 9.9999999999999982 5 4 23 10.999999999999998 60 2.9999999999999991 4.9999999999999991 3 5 15.000000000000002 27 4 11.999999999999998 8.9999999999999982 123 34 52 30 62 115 33 13.999999999999998 25 51
leaf_count=8 74 37 16 5 10 5 4 23 11 60 3 5 3 5 15 27 4 12 9 123 34 52 30 62 115 33 14 25 51
internal_value=-0.0323799 -2.96629 13.2816 7.99261 14.1722 27.0484 26.563 3.592 -7.9554 -5.98753 29.6878 0.664338 18.2958 12.4284 31.8927 10.6921 12.1106 2.65358 8.45986 2.05145 -7.80614 -0.449937 1.42458 -1.68635 0.283029 -2.10231 -9.61129 -8.41981 -9.98304
internal_weight=875 717 158 113 47 10 45 66 302 138 37 415 6 13 31 37 8 149 14 135 94 266 53 99 167 44 164 39 125
internal_count=875 717 158 113 47 10 45 66 302 138 37 415 6 13 31 37 8 149 14 135 94 266 53 99 167 44 164 39 125
is_linear=0
shrinkage=0.05


Tree=7
num_leaves=31
num_cat=0
split_feature=2 1 1 6 0 3 2 8 7 1 1 1 8 0 0 8 2 5 7 0 1 6 3 8 0 1 0 1 1 2
split_gain=1.2566e+07 4.64301e+06 2.06584e+06 1.05454e+06 1.41193e+06 788489 726151 448493 405828 378346 371976 314550 281684 210966 220765 180719 137197 123877 305259 125672 79389.3 75558 41368.1 70988.3 14536.3 11800.4 8067.57 6572.57 5533.04 903.259
threshold=5848.0400000000009 19613.135000000006 33773.81500000001 71.500000000000014 41396.900000000009 0.9099220361137893 1263.7750000000003 2.5000000000000004 1.5000000000000002 15038.975 26788.960000000003 35289.430000000015 3.5000000000000004 38360.000000000007 38052.700000000004 3.5000000000000004 9262.0250000000033 15.500000000000002 5.5000000000000009 35481.350000000006 22726.180000000004 71.500000000000014 0.36532224479767317 3.5000000000000004 36691.950000000004 16768.290000000005 35481.350000000006 32971.295000000006 29956.915000000005 5338.4450000000006
decision_type=2 2 2 2 2 2 2 2 2 2 2 2 2 2 2 2 2 2 2 2 2 2 2 2 2 2 2 2 2 2
left_child=2 9 7 5 8 11 -6 24 -5 22 15 -4 21 14 -9 20 -17 18 -12 -19 -3 -11 26 -24 28 -14 -2 -26 -1 -15
right_child=1 10 3 4 6 -7 -8 13 -10 12 17 -13 25 29 -16 16 -18 19 -20 -21 -22 -23 23 -25 27 -27 -28 -29 -30 -31
leaf_value=-2.1105683088302576 -9.5129753562831141 -3.7575054376733075 27.985217581854915 17.036007750661749 3.3099733988443973 47.057769775390625 29.991668095308196 9.7173697180218142 8.4026223173985883 -6.1542696550488474 0.91839900546603737 13.205585439999901 -2.6826747349330358 1.9522054831186937 24.367729695638022 11.283060709635418 0.38683198883842967 7.714020449109376 16.326969289779665 1.3261458335780516 -1.2140423873608763 -10.083459711074831 -9.1147986900806437 -5.5248455496061419 4.0080228169759122 -0.80863382191885091 -6.8901288668314624 0.69829748868942243 -0.043727450204246184 3.014784208933512
leaf_weight=4.0000000000000062 129 51 9.0000000000000018 19 3.0000000000000027 3.9999999999999991 17 18.000000000000007 48 52 8.9999999999999982 5.9999999999999991 13.999999999999998 2.9999999999999982 2.9999999999999991 2.9999999999999991 78 7.9999999999999991 4.9999999999999991 205 77 15.999999999999998 40 21 2.9999999999999991 21 2.9999999999999991 3 17 6
leaf_count=4 129 51 9 19 3 4 17 18 48 52 9 6 14 3 3 3 78 8 5 205 77 16 40 21 3 21 3 3 17 6
internal_value=-0.0211723 -2.8169 12.5339 16.6616 14.331 27.3332 25.9894 4.8578 10.8509 -7.64984 0.464176 22.0734 -5.20288 9.06537 11.8103 -1.05786 0.790396 1.86552 6.42146 1.56607 -2.22745 -7.07878 -8.95574 -7.87891 0.182716 -1.55825 -9.45337 2.35316 -0.437411 2.66059
internal_weight=895 732 163 106 87 19 20 57 67 296 436 15 103 30 21 209 81 227 14 213 128 68 193 61 27 35 132 6 21 9
internal_count=895 732 163 106 87 19 20 57 67 296 436 15 103 30 21 209 81 227 14 213 128 68 193 61 27 35 132 6 21 9
is_linear=0
shrinkage=0.05


Tree=8
num_leaves=31
num_cat=0
split_feature=3 1 4 7 4 4 7 3 4 1 4 1 4 5 4 4 2 4 0 4 2 0 4 0 3 3 7 4 0 1
split_gain=1.16417e+07 4.6133e+06 4.45321e+06 1.40896e+06 2.24554e+06 807207 556034 1.25128e+06 547357 459689 309354 263103 330938 234825 169110 167670 121674 115133 95199.6 81064.4 71330.4 61595.1 57166.7 38565.4 19521.5 11482.7 9258.08 20706.9 7594.26 1471.28
threshold=0.86628733700074412 18699.325000000004 44735.000000000007 5.5000000000000009 44810.000000000007 42910.000000000007 3.5000000000000004 0.90164717565782104 45077.500000000007 26788.960000000003 36662.500000000007 12421.950000000001 36662.500000000007 17.500000000000004 37740.000000000007 39052.500000000007 7295.0500000000011 36372.500000000007 39430.700000000004 39052.500000000007 9525.8950000000023 39325.650000000009 39497.500000000007 37547.900000000009 0.43126492745627776 0.96667942604169388 3.5000000000000004 34325.000000000007 40336.30000000001 11550.630000000001
decision_type=2 2 2 2 2 2 2 2 2 2 2 2 2 2 2 2 2 2 2 2 2 2 2 2 2 2 2 2 2 2
left_child=1 11 5 8 21 10 7 -7 18 14 -2 26 24 -8 20 -16 17 -11 -4 -14 -3 -5 -18 -12 -13 -6 27 -1 -10 -28
right_child=2 9 3 4 25 6 13 -9 28 16 23 12 19 -15 15 -17 22 -19 -20 -21 -22 -23 -24 -25 -26 -27 29 -29 -30 -31
leaf_value=-7.0900128747287559 14.611789245605468 7.1686489462852485 32.637894185384098 27.136713155110666 -0.47145254135131831 11.495365683237713 13.731882858276364 43.786727905273438 22.420754496256507 7.4252558026994979 -0.37640332684797401 -3.6245862492493224 -9.1909869170188898 3.3799546718597409 -6.0934073075004243 -1.4331408190230528 2.4287132610877356 2.5779324727399011 42.596116892496752 -6.2651220759441113 0.32476086759869061 35.537765502929688 0.33620812039749298 2.6426582851580211 -1.3238205768443922 2.7728923479715983 -9.2451895313878207 -8.9731749761672255 25.602841796874998 -10.009900338309151
leaf_weight=19 4.9999999999999991 3.9999999999999991 3.0000000000000009 3.0000000000000009 5 11.999999999999998 9 3.9999999999999991 3 13.999999999999998 17 13.999999999999998 40 14 23 120 48 98 11.999999999999998 58 79 7.9999999999999991 102 28 27 6 62 63 5 6.9999999999999991
leaf_count=19 5 4 3 3 5 12 9 4 3 14 17 14 40 14 23 120 48 98 12 58 79 8 102 28 27 6 62 63 5 7
internal_value=-0.111995 -2.45646 13.4999 26.3186 17.2724 7.01856 12.4102 19.5682 34.9715 0.511614 2.81309 -7.45102 -5.88132 7.43071 -1.14068 -2.18269 1.93688 3.18385 40.6045 -7.45935 0.654587 33.2466 1.00581 1.50212 -2.10945 1.29819 -8.89597 -8.53683 24.4096 -9.32277
internal_weight=912 778 134 45 22 89 39 16 23 488 50 290 139 23 226 143 262 112 15 98 83 11 150 45 41 11 151 82 8 69
internal_count=912 778 134 45 22 89 39 16 23 488 50 290 139 23 226 143 262 112 15 98 83 11 150 45 41 11 151 82 8 69
is_linear=0
shrinkage=0.05


Tree=9
num_leaves=30
num_cat=0
split_feature=2 4 1 0 4 7 4 1 4 1 4 0 1 4 1 4 4 2 6 0 4 4 6 2 1 6 6 0 0
split_gain=1.07349e+07 4.6684e+06 3.87939e+06 1.04945e+06 794747 642010 2.11172e+06 439292 404540 388447 298267 236469 225005 316043 219393 140376 134483 113109 242910 72443.2 60829.9 54916.3 52475.1 28900.6 11111.7 16789.6 10340.6 2485.53 1599.72
threshold=5848.0400000000009 44735.000000000007 18699.325000000004 41396.900000000009 44012.500000000007 5.5000000000000009 44810.000000000007 38979.740000000005 42910.000000000007 26711.520000000008 36372.500000000007 38934.100000000006 12421.950000000001 36662.500000000007 34007.355000000003 37740.000000000007 39052.500000000007 6668.6450000000013 70.500000000000014 39325.650000000009 39052.500000000007 39497.500000000007 65.500000000000014 18656.605000000003 11291.910000000003 65.500000000000014 75.500000000000014 30561.850000000002 42001.850000000013
decision_type=2 2 2 2 2 2 2 2 2 2 2 2 2 2 2 2 2 2 2 2 2 2 2 2 2 2 2 2 2
left_child=1 3 12 8 -5 7 19 14 10 15 -1 -10 24 23 -3 22 -17 18 -11 -7 -15 -19 -4 -14 27 -26 -8 -2 -9
right_child=2 5 9 4 -6 6 26 28 11 17 -12 -13 13 20 -16 16 -18 21 -20 -21 -22 -23 -24 -25 25 -27 -28 -29 -30
leaf_value=9.2045397622244689 -8.7677774328934515 14.321558411916065 4.9885683536529548 39.359477233886736 9.458128004074096 25.726736831665029 -1.5244332075119016 42.399987792968751 2.5130835914611818 10.096546796957654 1.0302226065573368 11.470232588904246 -0.98804039478301997 -8.7117337393760685 29.322180293156549 -5.8462938649313791 -1.4891020723808128 2.4700495155131232 1.7894051468733587 33.68838409423828 -6.1587972513266971 0.66238908461950441 0.12167203455335565 -3.5750793783288253 -6.3452948800155085 -9.3443652561732709 1.8863039207458492 -8.3165560123967186 40.872596740722649
leaf_weight=13.999999999999998 76 3.0000000000000062 5.9999999999999991 3.9999999999999982 5 4.0000000000000009 4 2.9999999999999991 9.9999999999999982 11.999999999999998 55 28 25 40 12.999999999999998 21 113 61 33 9.9999999999999982 56 135 72 19 14.000000000000002 6.9999999999999991 5 51 4
leaf_count=14 76 3 6 4 5 4 4 3 10 12 55 28 25 40 13 21 113 61 33 10 56 135 72 19 14 7 5 51 4
internal_value=0.0351557 11.6946 -2.51387 6.34958 22.7476 25.1732 19.2663 31.0801 4.97031 0.370763 2.68878 9.11309 -7.05114 -5.61421 26.5096 -1.19033 -2.17195 1.744 4.00464 31.4136 -7.22252 1.22498 0.496049 -2.10517 -8.41041 -7.34499 0.370421 -8.58658 41.5272
internal_weight=903 162 741 116 9 46 23 23 107 453 69 38 288 140 16 212 134 241 45 14 96 196 78 44 148 21 9 127 7
internal_count=903 162 741 116 9 46 23 23 107 453 69 38 288 140 16 212 134 241 45 14 96 196 78 44 148 21 9 127 7
is_linear=0
shrinkage=0.05


Tree=10
num_leaves=30
num_cat=0
split_feature=3 1 1 7 6 3 3 1 1 6 1 2 1 8 8 2 0 0 1 6 0 6 6 3 2 6 6 3 0
split_gain=9.16449e+06 3.84703e+06 1.69321e+06 1.36772e+06 1.03653e+06 756734 745062 495647 480297 399599 399318 395524 200341 186904 134128 114979 94463 79004.6 67435.4 61911.3 60357.7 51942.9 47095.1 37193.8 29462.5 7524.08 5749.32 1445.76 1443.74
threshold=0.86391879330921839 19045.935000000005 37379.255000000012 5.5000000000000009 69.500000000000014 0.88185650324919773 0.92455390841753837 38979.740000000005 33654.68 73.500000000000014 26711.520000000008 3679.5350000000003 15435.360000000001 3.5000000000000004 3.5000000000000004 6318.6750000000002 39181.80000000001 37816.500000000007 22726.180000000004 65.500000000000014 35777.600000000006 62.500000000000007 71.500000000000014 0.3925783812162067 4440.8900000000003 65.500000000000014 73.500000000000014 0.87674333061830223 42001.850000000013
decision_type=2 2 2 2 2 2 2 2 2 2 2 2 2 2 2 2 2 2 2 2 2 2 2 2 2 2 2 2 2
left_child=1 12 4 7 5 27 -5 11 24 -10 14 -4 20 22 18 17 -7 -12 -3 -16 23 -17 -14 -1 -6 -15 -8 -2 -9
right_child=2 10 3 6 8 16 26 28 9 -11 15 -13 13 25 19 21 -18 -19 -20 -21 -22 -23 -24 -25 -26 -27 -28 -29 -30
leaf_value=-8.1599900278104407 10.466391118367518 -3.2662287580966947 19.411924688632663 29.970470174153647 -0.33192807451674811 28.528513081868482 -0.27126218477884939 40.279987589518235 14.088665938118229 5.5553835504195277 6.4743566668033594 37.391502380371094 -5.4589691113203003 -3.3854604363441441 5.0585131798471723 7.0064412593841556 41.075954182942695 2.359802526554891 -1.0105622801224929 0.13596983159802956 -2.1863199710845946 1.2539068593027223 -8.6803855419158946 -6.6255586262102488 3.9817553710937506 -1.0431738479683796 2.3449232918875555 8.914104366302487 38.828968811035146
leaf_weight=147 2.9999999999999982 60 13.000000000000005 2.9999999999999991 19.000000000000004 3 2.9999999999999982 2.9999999999999991 23 34 20 3.9999999999999991 39 4.0000000000000027 6.9999999999999991 3.9999999999999991 3 28 74 73 4.9999999999999991 207 15.999999999999998 54 4.9999999999999991 24 7 3 4
leaf_count=147 3 60 13 3 19 3 3 3 23 34 20 4 39 4 7 4 3 28 74 73 5 207 16 54 5 24 7 3 4
internal_value=-0.138789 -2.23211 12.1313 21.1781 8.53204 22.2462 8.11631 28.2532 6.5003 8.99864 0.544876 23.6424 -6.77714 -4.70318 -1.05336 1.86543 34.8022 4.0742 -2.02056 0.566692 -7.61277 1.36296 -6.39611 -7.74775 0.566756 -1.37779 1.56007 9.69025 39.4508
internal_weight=892 762 130 37 93 12 13 24 81 57 473 17 289 83 214 259 6 48 134 80 206 211 55 201 24 28 10 6 7
internal_count=892 762 130 37 93 12 13 24 81 57 473 17 289 83 214 259 6 48 134 80 206 211 55 201 24 28 10 6 7
is_linear=0
shrinkage=0.05


Tree=11
num_leaves=31
num_cat=0
split_feature=3 4 1 7 4 4 1 7 3 4 7 4 4 3 0 3 4 3 0 4 0 3 3 1 4 0 0 0 0 0
split_gain=8.4609e+06 3.67529e+06 3.5547e+06 975172 1.84798e+06 580390 496430 412638 990613 352225 301717 151066 190934 147641 268932 132633 122638 275616 65596.7 63183.1 62945.4 43701.6 24246.1 24237.3 23181 14291.6 10850.4 10511.2 490.985 26.0638
threshold=0.86628733700074412 44735.000000000007 17636.370000000003 5.5000000000000009 44810.000000000007 42910.000000000007 26788.960000000003 3.5000000000000004 0.90164717565782104 36662.500000000007 4.5000000000000009 37740.000000000007 39052.500000000007 0.8333163246371138 37835.05000000001 0.9134547091477826 36662.500000000007 0.3925783812162067 39430.700000000004 39497.500000000007 35777.600000000006 0.73158084062331441 0.56079739491435732 35670.155000000006 42262.500000000007 34528.05000000001 39967.100000000006 40956.30000000001 37816.500000000007 40590.400000000001
decision_type=2 2 2 2 2 2 2 2 2 2 2 2 2 2 2 2 2 2 2 2 2 2 2 2 2 2 2 2 2 2
left_child=2 5 16 10 26 9 11 8 -7 28 29 21 -13 19 -15 -9 17 20 -12 -8 -1 -4 24 -11 -18 -19 -5 -6 -2 -3
right_child=1 3 6 4 27 7 13 15 -10 23 18 12 -14 14 -16 -17 22 25 -20 -21 -22 -23 -24 -25 -26 -27 -28 -29 -30 -31
leaf_value=-7.6305772968980143 12.614333089192709 21.697571818033843 0.1584813206787071 26.839008076985664 -2.136150169372558 9.3433731425892219 2.504776148227128 8.8730139030350568 38.399742126464844 0.01437080067396164 28.455387369791652 -5.9126723779099333 -1.3413325623999681 9.8350555117925023 2.2189626696063023 0.76188563278743204 -7.9633283050980159 -1.0346076301906419 36.721578598022461 0.62602988177066232 -0.21207292427619301 6.2897781054178878 -3.7153933197259903 2.2634187905684762 -6.4758944916002683 -3.1631836970647176 30.311188252766925 1.4012710162571498 13.460512351989744 21.905993652343746
leaf_weight=61 2.9999999999999991 3.0000000000000009 93 3.0000000000000009 3 10.999999999999998 66 18.000000000000004 3.9999999999999991 25 3.0000000000000009 28 124 14.999999999999998 51 6.9999999999999991 127 23 11.999999999999998 139 2.9999999999999991 2.9999999999999991 3.9999999999999991 23 33 11.999999999999998 8.9999999999999982 7 4 3
leaf_count=61 3 3 93 3 3 11 66 18 4 25 3 28 124 15 51 7 127 23 12 139 3 3 4 23 33 12 9 7 4 3
internal_value=0.0283374 11.4426 -1.98595 23.571 16.2145 5.95291 0.413785 10.5356 17.0917 2.62005 31.2779 -1.20271 -2.18342 1.89309 3.94989 6.6019 -6.72154 -5.33187 35.0683 1.23089 -7.28283 0.350084 -7.56042 1.09204 -7.65655 -1.76441 29.4431 0.340045 13.0979 21.8018
internal_weight=920 138 782 43 22 95 519 40 15 55 21 248 152 271 66 25 263 99 15 205 64 96 164 48 160 35 12 10 7 6
internal_count=920 138 782 43 22 95 519 40 15 55 21 248 152 271 66 25 263 99 15 205 64 96 164 48 160 35 12 10 7 6
is_linear=0
shrinkage=0.05


Tree=12
num_leaves=28
num_cat=0
split_feature=3 1 4 7 4 0 3 4 7 2 4 4 6 7 1 4 1 4 4 0 4 0 0 6 4 0 2
split_gain=7.57603e+06 3.11118e+06 2.98966e+06 1.08766e+06 1.53126e+06 936116 448501 447467 414748 252319 194471 457966 192010 190077 167961 143898 107470 149597 104945 51697.9 42382.6 33588.3 27804.1 24201.3 15654 9780.51 3004.59
threshold=0.86628733700074412 17636.370000000003 44735.000000000007 5.5000000000000009 44810.000000000007 41396.900000000009 0.76246611824186494 44012.500000000007 4.5000000000000009 4200.6000000000013 36372.500000000007 36090.000000000007 66.500000000000014 4.5000000000000009 22726.180000000004 36662.500000000007 14663.940000000001 36662.500000000007 37740.000000000007 35777.600000000006 30732.500000000004 39325.650000000009 29460.450000000004 77.500000000000014 36662.500000000007 41680.400000000001 19499.070000000003
decision_type=2 2 2 2 2 2 2 2 2 2 2 2 2 2 2 2 2 2 2 2 2 2 2 2 2 2 2
left_child=1 16 5 8 21 9 14 -7 -4 15 11 -8 -12 -11 18 -2 19 26 -3 24 -16 -5 -19 -10 -1 -6 -18
right_child=2 6 3 4 25 7 10 -9 23 13 12 -13 -14 -15 20 -17 17 22 -20 -21 -22 -23 -24 -25 -26 -27 -28
leaf_value=-6.4934836952502906 12.863630676269532 -0.38556441546611064 18.05479888916015 22.353106689453114 -0.019025571005684985 33.965146636962885 1.8655967458089187 10.314899599552152 35.6872257232666 6.7112972422079595 6.2479684006600156 17.353874097551621 1.1255876804741336 20.127608776092529 4.3808655738830566 1.5893365740180017 -0.94570339707767248 -2.6543747419118882 -3.276505499536341 -1.9593767228722574 0.10870759992459633 28.462142605251735 -6.5803297426389609 30.666303507486958 -7.4642481065833053 3.0803070068359371 -2.3400290107727053
leaf_weight=65 2.9999999999999991 53 5.0000000000000009 3.0000000000000009 7 4 15.000000000000002 4 11.999999999999998 22.000000000000004 21 6.9999999999999991 142 2.9999999999999991 5.9999999999999991 50 17.000000000000004 4.9999999999999991 77 4.9999999999999991 179 8.9999999999999982 46 3.0000000000000009 115 4 4.9999999999999991
leaf_count=65 3 53 5 3 7 4 15 4 12 22 21 7 142 3 6 50 17 5 77 5 179 9 46 3 115 4 5
internal_value=0.0322992 -1.87399 11.2336 21.9983 14.5829 5.85127 0.42704 22.14 30.526 4.18063 2.38109 6.79368 1.78553 8.32125 -0.720578 2.2275 -6.33336 -4.70882 -2.09789 -6.97439 0.247264 26.9349 -6.19543 34.683 -7.11369 1.108 -1.2626
internal_weight=887 758 129 43 23 86 500 8 20 78 185 22 163 25 315 53 258 73 130 185 185 12 51 15 180 11 22
internal_count=887 758 129 43 23 86 500 8 20 78 185 22 163 25 315 53 258 73 130 185 185 12 51 15 180 11 22
is_linear=0
shrinkage=0.05


Tree=13
num_leaves=31
num_cat=0
split_feature=2 4 3 0 4 7 4 4 3 3 4 4 4 7 4 4 0 5 0 0 4 3 7 4 2 0 0 4 0 4
split_gain=6.37283e+06 3.00276e+06 2.63005e+06 413346 542646 397496 1.37972e+06 306476 226252 218014 225246 195121 319159 187506 115198 272518 87308.8 83934.9 82423 70156.7 60849.2 55037.8 52751.9 36375.1 122046 33452.7 16128.3 15339.7 6685.36 1568.16
threshold=5492.9000000000005 44735.000000000007 0.56555321474410936 41396.900000000009 44012.500000000007 5.5000000000000009 44810.000000000007 45077.500000000007 0.76246611824186494 0.45024162250196903 37740.000000000007 44012.500000000007 36662.500000000007 3.5000000000000004 36372.500000000007 36090.000000000007 30617.750000000004 15.500000000000002 39606.05000000001 41535.600000000006 39052.500000000007 0.65899448354509205 1.5000000000000002 36662.500000000007 19985.695000000003 39325.650000000009 40336.30000000001 42752.500000000007 41289.150000000001 36662.500000000007
decision_type=2 2 2 2 2 2 2 2 2 2 2 2 2 2 2 2 2 2 2 2 2 2 2 2 2 2 2 2 2 2
left_child=1 3 9 11 -5 7 25 18 16 23 29 12 -1 -13 15 -10 22 -16 -3 -6 -12 -18 -4 24 -2 -7 -9 -25 -8 -11
right_child=2 5 8 4 19 6 28 26 14 10 20 13 -14 -15 17 -17 21 -19 -20 -21 -22 -23 -24 27 -26 -27 -28 -29 -30 -31
leaf_value=9.8627386411031086 -1.6699417181809744 23.41992410024006 -0.52395171225070969 32.493488566080735 11.855811317761736 21.536688741048167 -0.5187485122680664 15.398129272460933 1.751617622375488 -0.91864153680048499 -7.5961618506390112 13.293628438313803 0.89113892954692508 4.7809328182883881 5.0461268297831223 15.64526336669922 -1.1460476123567787 1.1050514125292572 32.989728969997827 1.0424970308939614 -4.47869558699277 0.330634559214943 -7.9367727041244498 -7.2308018521145661 -6.6961028323538843 27.556687622070314 19.888164520263672 -4.0791643619537359 2.2237014293670652 0.26877841949462894
leaf_weight=11.999999999999998 14.999999999999998 3.0000000000000009 3.9999999999999982 2.9999999999999982 3 3.0000000000000009 5 3 12.000000000000002 38 23 8.9999999999999982 57 23 14.999999999999998 4.9999999999999991 100 136 8.9999999999999982 3 49 171 6 111 62 9.9999999999999982 6 3.9999999999999991 4 2.9999999999999991
leaf_count=12 15 3 4 3 3 3 5 3 12 38 23 9 57 23 15 5 100 136 9 3 49 171 6 111 62 10 6 4 4 3
internal_value=-0.0616043 9.24246 -1.94956 4.86298 15.1306 20.4458 15.749 25.3662 0.48428 -5.5325 -3.79 3.94804 2.45142 7.17513 1.93586 5.83798 -0.383568 1.49655 30.5973 6.44915 -5.47455 -0.214267 -4.97164 -6.55804 -5.71698 26.1675 18.3915 -7.12118 0.700118 -0.831757
internal_weight=907 153 754 110 9 43 22 21 449 305 113 101 69 32 168 17 281 151 12 6 72 271 10 192 77 13 9 115 9 41
internal_count=907 153 754 110 9 43 22 21 449 305 113 101 69 32 168 17 281 151 12 6 72 271 10 192 77 13 9 115 9 41
is_linear=0
shrinkage=0.05


Tree=14
num_leaves=28
num_cat=0
split_feature=1 1 4 7 4 0 2 4 4 4 4 5 8 3 4 1 4 8 7 0 0 2 0 0 7 0 0
split_gain=7.42288e+06 3.01308e+06 1.34289e+06 574086 1.19919e+06 530315 438255 418396 272983 383780 376250 186011 279863 183780 233719 102384 69001.5 60064.4 45719.8 28115.9 21436.6 19165.9 15777 10919.2 6359.4 5917.58 3896.14
threshold=35670.155000000006 20002.860000000004 44735.000000000007 5.5000000000000009 44810.000000000007 41499.100000000013 7295.0500000000011 45077.500000000007 36372.500000000007 44735.000000000007 36090.000000000007 18.500000000000004 2.5000000000000004 0.3925783812162067 36662.500000000007 22726.180000000004 41855.000000000007 2.5000000000000004 2.5000000000000004 41448.650000000001 41205.80000000001 20495.430000000004 40792.000000000007 35717.600000000006 3.5000000000000004 41680.400000000001 40336.30000000001
decision_type=2 2 2 2 2 2 2 2 2 2 2 2 2 2 2 2 2 2 2 2 2 2 2 2 2 2 2
left_child=1 13 5 7 22 11 8 19 10 -10 -3 12 -2 23 21 17 -16 -8 -17 -4 -13 -15 -5 24 -1 -6 -9
right_child=2 6 3 4 25 -7 15 26 9 -11 -12 20 -14 14 16 18 -18 -19 -20 -21 -22 -23 -24 -25 -26 -27 -28
leaf_value=-6.2780803435888046 19.710494470596309 1.4698024559020995 34.021224539620533 29.897913614908845 0.21962495644887287 23.37995513916016 -3.8982694194075607 16.757207234700516 0.96581929534952227 7.3649169599016506 14.870326232910154 1.6926043891906735 5.9298264980316162 -0.61468597948551185 -6.2467324883597239 1.0433856314333778 -3.6434786874055862 -0.74687505568274204 -0.25137085285186767 29.356853993733722 5.8121484398841865 -3.9027728837728506 25.457048543294267 -3.9411304831504825 -6.934546944754465 2.939362716674804 18.910868835449218
leaf_weight=78 5.0000000000000009 10 7 3 6 4.9999999999999991 21 3 107 30 11 15.000000000000002 14 39 70 150 40 54 125 6 3.9999999999999991 4.9999999999999991 6 3.9999999999999991 70 3 7
leaf_count=78 5 10 7 3 6 5 21 3 107 30 11 15 14 39 70 150 40 54 125 6 4 5 6 4 70 3 7
internal_value=0.0943207 -1.36599 14.2454 20.7197 14.0318 8.07227 0.994987 25.9538 3.18077 2.36708 8.48912 6.0581 9.55632 -5.28552 -4.06816 0.00826165 -5.30009 -1.62927 0.45486 31.8684 2.55988 -0.988332 26.9373 -6.5189 -6.58857 1.1262 18.2648
internal_weight=898 814 84 41 18 43 508 23 158 137 21 38 19 306 154 350 110 75 275 13 19 44 9 152 148 9 10
internal_count=898 814 84 41 18 43 508 23 158 137 21 38 19 306 154 350 110 75 275 13 19 44 9 152 148 9 10
is_linear=0
shrinkage=0.05


Tree=15
num_leaves=30
num_cat=0
split_feature=2 4 1 4 7 0 0 4 1 0 1 4 1 4 7 8 4 2 4 0 0 0 2 2 4 4 0 1 3
split_gain=5.40901e+06 2.35307e+06 1.96971e+06 451652 1.06877e+06 620206 423192 387827 207386 286163 148984 186384 132827 84214.1 61674.8 61518 122800 39423 102142 41386.2 15539.9 21850.7 14964.4 14720.1 67177.8 12601.9 11238.6 9622.63 4593.96
threshold=6227.4300000000012 44735.000000000007 20002.860000000004 44810.000000000007 5.5000000000000009 38715.80000000001 41499.100000000013 44012.500000000007 33654.68 40352.900000000001 13347.120000000001 36662.500000000007 22726.180000000004 36662.500000000007 3.5000000000000004 2.5000000000000004 39052.500000000007 8050.7150000000011 36372.500000000007 40956.30000000001 39967.100000000006 38052.700000000004 18656.605000000003 19873.480000000003 37740.000000000007 39497.500000000007 41289.150000000001 37226.155000000006 0.35351490478924757
decision_type=2 2 2 2 2 2 2 2 2 2 2 2 2 2 2 2 2 2 2 2 2 2 2 2 2 2 2 2 2
left_child=1 6 10 20 5 -5 8 -8 13 -10 23 22 15 -1 -13 16 -4 18 -14 -19 21 -3 -12 24 -2 -17 -6 -22 -25
right_child=2 3 12 4 26 -7 7 -9 9 -11 11 14 17 -15 -16 25 -18 19 -20 -21 27 -23 -24 28 -26 -27 -28 -29 -30
leaf_value=3.9934522946675624 -0.37186535224318507 25.825085957845051 -7.6354553092609736 -1.2528086980183906 -0.73015949726104745 23.126777648925781 29.699814860026045 5.9178653120994555 9.4401692729729874 2.7656462528875898 -0.59935996522163526 -3.9894438499653782 8.414289054870606 -0.17626460453344359 -6.4808706775955534 -0.1437342525437294 0.020193264484405518 0.076268184362588642 1.0783032016948828 2.793102238972982 27.908000946044918 19.790371195475256 -2.4676984435495211 -6.2431618428621141 -6.1840891969615015 -1.6212724089622499 2.927617708841959 24.439818954467768 -7.2318940676175636
leaf_weight=18 5.9999999999999991 2.9999999999999991 11.000000000000002 3.0000000000000027 6.9999999999999982 20 2.9999999999999991 4 26 42 29 54 4.9999999999999991 37 46 31 9.9999999999999982 214 93 14.999999999999998 4 3 17 122 29 27 3 4 12.999999999999998
leaf_count=18 6 3 11 3 7 20 3 4 26 42 29 54 5 37 46 31 10 214 93 15 4 3 17 122 29 27 3 4 13
internal_value=-0.214861 7.61819 -2.13515 17.2061 14.0136 19.9468 4.15179 16.1101 3.47123 5.31767 -5.09536 -3.92385 0.168851 1.18837 -5.1355 -1.67112 -3.98991 0.613369 1.45259 0.254227 24.7313 22.8077 -1.28983 -6.10147 -5.18771 -0.831554 0.367174 26.1739 -6.33837
internal_weight=899 177 722 47 33 23 130 7 123 68 316 146 406 55 100 79 21 327 98 229 14 6 46 170 35 58 10 8 135
internal_count=899 177 722 47 33 23 130 7 123 68 316 146 406 55 100 79 21 327 98 229 14 6 46 170 35 58 10 8 135
is_linear=0
shrinkage=0.05


Tree=16
num_leaves=31
num_cat=0
split_feature=2 4 3 4 7 3 7 4 3 4 4 0 3 3 4 4 3 2 6 2 6 4 4 2 0 0 0 0 2 6
split_gain=5.87592e+06 2.50125e+06 1.73175e+06 482482 390082 717683 277897 1.1936e+06 493567 371677 215869 211643 161590 157936 128840 126019 107644 69963.2 63337.4 55845.8 93163 52582.6 33950 79477.1 21958.8 20364.8 11296.1 9154.95 7475.93 5256.73
threshold=5848.0400000000009 44735.000000000007 0.55759802675893144 42910.000000000007 3.5000000000000004 0.90047498870759213 5.5000000000000009 44810.000000000007 0.86929463939195706 45077.500000000007 36372.500000000007 38360.000000000007 0.45828094036584066 0.65899448354509205 37740.000000000007 41325.000000000007 0.90164717565782104 12770.910000000002 71.500000000000014 6668.6450000000013 70.500000000000014 36372.500000000007 36662.500000000007 21353.325000000004 37547.900000000009 39325.650000000009 40956.30000000001 35188.950000000004 16705.245000000003 65.500000000000014
decision_type=2 2 2 2 2 2 2 2 2 2 2 2 2 2 2 2 2 2 2 2 2 2 2 2 2 2 2 2 2 2
left_child=1 3 12 10 5 -5 8 25 -3 -10 11 -1 22 17 29 -16 -6 18 -4 20 -15 -21 23 -2 -12 -8 -9 -19 -24 -14
right_child=2 6 13 4 16 -7 7 26 9 -11 24 -13 14 19 15 -17 -18 27 -20 21 -22 -23 28 -25 -26 -27 -28 -29 -30 -31
leaf_value=12.71093444824219 -2.3109423475420994 2.0465463638305641 -2.1153883193668563 8.9023451455434142 6.4620447072717866 32.738567352294922 20.166516418457025 -2.0960154215494788 28.816220528738839 16.195193328857421 -0.83511014255610394 0.80609347139086029 -2.0271305169378007 6.1382871955633167 -6.5916005976059866 -2.1837685953224861 -0.84512908203261239 -1.5919585375034293 -7.4188581481575966 1.7911675269573424 0.97231085044331855 0.1110185618853677 -3.6442367553710939 -5.8305643796920776 1.2042181677213222 24.074665679931641 1.5711038725716726 -0.41309765464272996 -6.1712291892369588 -0.50546615799268091
leaf_weight=7.9999999999999982 23 3.0000000000000027 19.000000000000004 15.000000000000002 18.000000000000004 3.9999999999999991 5.0000000000000009 3 14 10 22 7 6.9999999999999991 11.999999999999998 34 31 6.9999999999999991 23 7.9999999999999991 59 32 221 2.9999999999999991 53 33 9.9999999999999982 7 58 120 30
leaf_count=8 23 3 19 15 18 4 5 3 14 10 22 7 7 12 34 31 7 23 8 59 32 221 3 53 33 10 7 58 120 30
internal_value=0.0683507 8.56262 -1.85532 4.41743 8.52024 13.9205 17.6501 13.8516 21.1674 23.5575 1.83853 7.15534 -4.76683 0.173309 -3.14868 -4.4894 4.41604 -1.48257 -3.68679 0.72527 2.38121 0.46505 -5.59624 -4.76542 0.388487 22.7719 0.470968 -0.747836 -6.1096 -0.793349
internal_weight=899 166 733 114 44 19 52 25 27 24 70 15 301 432 102 65 25 108 27 324 44 280 199 76 55 15 10 81 123 37
internal_count=899 166 733 114 44 19 52 25 27 24 70 15 301 432 102 65 25 108 27 324 44 280 199 76 55 15 10 81 123 37
is_linear=0
shrinkage=0.05


Tree=17
num_leaves=28
num_cat=0
split_feature=1 1 4 2 4 4 7 4 4 6 1 1 4 2 1 8 4 4 7 2 8 1 4 0 0 1 0
split_gain=5.19651e+06 2.16776e+06 1.27297e+06 310700 268605 578057 311665 793341 311256 226535 285748 164080 217069 156453 71009.6 76495.1 60010.4 46713 31749.6 13584.5 4003.4 5018.07 2420.06 2778.78 1308.48 460.21 27.4307
threshold=35670.155000000006 20439.715000000004 42910.000000000007 6668.6450000000013 44735.000000000007 44012.500000000007 5.5000000000000009 44810.000000000007 45077.500000000007 71.500000000000014 33372.835000000006 11887.595000000001 36662.500000000007 3561.7250000000008 22726.180000000004 2.5000000000000004 36372.500000000007 42262.500000000007 2.5000000000000004 19873.480000000003 3.5000000000000004 36780.115000000013 29480.000000000004 28727.050000000003 40474.05000000001 37457.610000000008 30965.250000000004
decision_type=2 2 2 2 2 2 2 2 2 2 2 2 2 2 2 2 2 2 2 2 2 2 2 2 2 2 2
left_child=1 11 20 9 5 -4 8 -8 -6 10 -3 22 19 -7 15 -5 -11 -14 -16 -13 21 24 26 -24 -2 -23 -1
right_child=2 3 4 14 6 13 7 -9 -10 16 -12 12 17 -15 18 -17 -18 -19 -20 -21 -22 25 23 -25 -26 -27 -28
leaf_value=-6.0860549926757805 -0.69108753204345552 3.3328210377693175 26.311003417968735 -4.3616349011659628 27.654518381754556 -0.45994683325290647 22.312904357910149 0.36589813232421875 15.353899214002817 4.6733217557271329 12.207716693327978 -0.80697952726456745 -5.4092612171784431 10.06719629764557 0.94490790212571274 -0.32447451964359392 0.80529844565469721 -3.4002900382746826 -0.063120270959318506 -2.8998028702206082 2.8831043243408203 1.6216901779174808 -5.8941920359929405 -5.3856521168693172 0.69028700590133651 2.3618715922037756 -6.1869186401367191
leaf_weight=13.000000000000002 3.0000000000000062 30 5.0000000000000027 15.999999999999998 12 5.0000000000000027 10.000000000000002 6.9999999999999991 9 11.999999999999998 12.999999999999998 56 78 11.999999999999998 168 44 61 46 146 8.9999999999999982 3.9999999999999991 6.9999999999999982 48 61 4 3 13.999999999999998
leaf_count=13 3 30 5 16 12 5 10 7 9 12 13 56 78 12 168 44 61 46 146 9 4 7 48 61 4 3 14
internal_value=-0.0234413 -1.22387 12.0549 0.876233 15.7632 11.3664 18.3087 13.2759 22.3828 3.13697 6.01593 -4.39017 -3.43717 6.97098 0.175043 -1.40105 1.44114 -4.664 0.476207 -1.09676 1.45989 1.12502 -5.71457 -5.6096 0.0982693 1.84374 -6.13835
internal_weight=896 815 81 490 60 22 38 17 21 116 43 325 189 17 374 60 73 124 314 65 21 17 136 109 7 10 27
internal_count=896 815 81 490 60 22 38 17 21 116 43 325 189 17 374 60 73 124 314 65 21 17 136 109 7 10 27
is_linear=0
shrinkage=0.05


Tree=18
num_leaves=28
num_cat=0
split_feature=3 1 4 4 2 4 2 0 4 1 4 1 0 4 4 4 4 2 0 9 0 2 4 1 2 0 0
split_gain=4.85643e+06 1.68079e+06 1.47694e+06 388007 299437 396903 269326 274149 195264 156052 174304 153848 94067.2 177838 54227.6 53495.4 57439.8 45424.8 41819.4 19004.7 12552.2 10229.5 5627.13 1563.02 1482.48 567.029 492.841
threshold=0.86628733700074412 20439.715000000004 42910.000000000007 44735.000000000007 3561.7250000000008 44585.000000000007 1263.7750000000003 41356.400000000001 36662.500000000007 14663.940000000001 36662.500000000007 27336.270000000004 37508.450000000004 36372.500000000007 41855.000000000007 37740.000000000007 39052.500000000007 9045.5800000000017 35777.600000000006 1.0000000180025095e-35 38794.100000000006 19985.695000000003 42412.500000000007 17067.065000000006 4101.6400000000003 37816.500000000007 41396.900000000009
decision_type=2 2 2 2 2 2 2 2 2 2 2 2 2 2 2 2 2 2 2 2 2 2 2 2 2 2 2
left_child=1 9 8 4 26 -6 -5 -8 25 18 23 15 13 -13 -12 17 -17 -3 21 -14 24 -1 -22 -11 -10 -2 -4
right_child=2 11 3 6 5 -7 7 -9 20 10 14 12 19 -15 -16 16 -18 -19 -20 -21 22 -23 -24 -25 -26 -27 -28
leaf_value=-4.6878304562478696 8.9558776855468754 6.655721720059713 -0.93688462786376481 4.460625038146973 14.494500238245184 2.0304204357994919 14.606727567400251 23.993912506103516 -0.68674915246665469 -0.96713517996318199 -5.1978727503826754 9.74716214074029 1.1971080083733621 1.9497738142808279 -2.7191220665971443 -3.3764819464900278 -0.5798870675500718 0.37629060524826252 -0.63854073524475108 -0.044810727387666706 2.1328535342216486 -5.5119935428179225 0.55522132859780238 -0.37699455092802192 0.52446406682332358 9.8652273178100565 -0.089106877644856752
leaf_weight=53 2.9999999999999991 2.9999999999999991 3.9999999999999991 4.9999999999999991 22 9.0000000000000018 35 9.9999999999999982 16.000000000000004 17 57 8.9999999999999982 134 39 36 22 111 72 4.9999999999999991 40 10.000000000000002 130 12.999999999999998 33 2.9999999999999991 4 3
leaf_count=53 3 3 4 5 22 9 35 10 16 17 57 9 134 39 36 22 111 72 5 40 10 130 13 33 3 4 3
internal_value=0.0352066 -1.52492 8.70128 12.5752 8.76679 10.8759 15.4696 16.6928 1.74409 -4.20319 -2.95839 0.536734 1.45219 3.41178 -4.23836 -0.440336 -1.04248 0.627468 -5.15004 0.911609 0.455519 -5.2733 1.24115 -0.577642 -0.495505 9.47551 -0.573551
internal_weight=898 761 137 88 38 31 50 45 49 331 143 430 222 48 93 208 133 75 188 174 42 183 23 50 19 7 7
internal_count=898 761 137 88 38 31 50 45 49 331 143 430 222 48 93 208 133 75 188 174 42 183 23 50 19 7 7
is_linear=0
shrinkage=0.05


Tree=19
num_leaves=29
num_cat=0
split_feature=3 1 4 4 4 3 2 3 0 2 2 4 6 4 4 1 4 0 4 4 4 1 0 1 1 2 4 0
split_gain=4.21204e+06 1.57422e+06 1.56061e+06 410399 304987 611202 219301 172622 170424 306274 138750 129224 103810 210856 89206.8 179329 74362.3 53364 50750.5 39152.2 36258 58031.9 29389.3 22616.3 14630.3 12776.2 9499.63 6075.78
threshold=0.86391879330921839 19045.935000000005 44735.000000000007 42910.000000000007 44012.500000000007 0.90047498870759213 1263.7750000000003 0.76246611824186494 41356.400000000001 1517.9200000000003 3561.7250000000008 36662.500000000007 67.500000000000014 44735.000000000007 36662.500000000007 11887.595000000001 36372.500000000007 40893.500000000007 37740.000000000007 43067.500000000007 42262.500000000007 17636.370000000003 36663.80000000001 39938.810000000005 35670.155000000006 21205.595000000005 27195.000000000004 37913.100000000013
decision_type=2 2 2 2 2 2 2 2 2 2 2 2 2 2 2 2 2 2 2 2 2 2 2 2 2 2 2 2
left_child=1 14 3 11 5 -5 -4 17 9 -8 -6 27 13 -9 15 25 -14 18 -3 -19 22 -22 -16 -10 -13 -1 -17 -2
right_child=2 7 6 4 10 -7 8 12 23 -11 -12 24 16 -15 20 26 -18 19 -20 -21 21 -23 -24 -25 -26 -27 -28 -29
leaf_value=-2.623636817932129 8.943628120422364 0.35907881317867174 4.5220811367034912 1.7531656146049504 -0.99933200776576947 27.975336303710936 -0.025426896413167317 0.68622601717710485 19.908264160156246 16.70561451450471 7.5785218103365466 -0.51772884188786805 4.0580776496937405 9.8001910838213835 -5.3654755224784223 -3.7085330963134768 0.71869542602011394 0.17755700349807743 -1.0192485293362823 5.2979045322963163 -4.3655984009013462 0.96797540734211607 -0.36534153620402021 25.399627990722653 1.3313333940505983 -5.2698291265047521 -0.8100801732923304 5.9669672648111964
leaf_weight=4.9999999999999991 3.9999999999999991 108 3.9999999999999991 3.9999999999999982 6.0000000000000027 5 2.9999999999999991 15.000000000000002 3 31 22 23 19 10.999999999999998 144 2.9999999999999991 136 7.9999999999999982 175 7 34 5.9999999999999991 2.9999999999999991 5 20 52 49 3
leaf_count=5 4 108 4 4 6 5 3 15 3 31 22 23 19 11 144 3 136 8 175 7 34 6 3 5 20 52 49 3
internal_value=0.0398323 -1.37091 8.26033 4.32201 8.31408 16.321 15.7089 0.400541 16.7743 15.2293 5.74041 1.36789 1.61846 4.54213 -4.23755 -3.10063 1.12804 -0.339202 -0.493244 2.56705 -4.90025 -3.56556 -5.26343 23.3404 0.3423 -5.03771 -0.977299 7.66792
internal_weight=908 775 133 87 37 9 46 479 42 34 28 50 181 26 296 109 155 298 283 15 187 40 147 8 43 57 52 7
internal_count=908 775 133 87 37 9 46 479 42 34 28 50 181 26 296 109 155 298 283 15 187 40 147 8 43 57 52 7
is_linear=0
shrinkage=0.05


Tree=20
num_leaves=31
num_cat=0
split_feature=3 4 3 7 4 4 4 7 3 4 3 6 7 0 2 0 4 4 4 2 4 2 4 4 2 5 0 0 0 6
split_gain=3.66473e+06 1.40343e+06 1.37349e+06 399181 883395 288831 255579 218947 430638 165687 154036 118834 355635 97051 90497 53318.5 51431.5 138574 45378.9 39870.5 109463 27508.8 50138.5 19348.2 18610.8 14956.5 14367.9 12059.7 11703.5 10420.5
threshold=0.86628733700074412 44735.000000000007 0.54979938235441972 5.5000000000000009 44810.000000000007 45077.500000000007 42910.000000000007 3.5000000000000004 0.90164717565782104 36662.500000000007 0.76246611824186494 67.500000000000014 5.5000000000000009 35054.400000000009 3561.7250000000008 39606.05000000001 37740.000000000007 39052.500000000007 39715.000000000007 19280.790000000005 36662.500000000007 19121.375000000004 32370.000000000004 43067.500000000007 2676.4450000000006 15.500000000000002 41165.700000000004 34127.400000000009 40280.350000000006 74.500000000000014
decision_type=2 2 2 2 2 2 2 2 2 2 2 2 2 2 2 2 2 2 2 2 2 2 2 2 2 2 2 2 2 2
left_child=2 6 13 5 26 15 9 8 -8 -2 16 12 -12 19 -9 -3 25 -18 -13 20 -1 23 -23 -15 -6 -4 -5 -21 -7 -11
right_child=1 3 10 4 24 28 7 14 -10 29 11 18 -14 21 -16 -17 17 -19 -20 27 -22 22 -24 -25 -26 -27 -28 -29 -30 -31
leaf_value=-0.69865481145679953 8.61833485194615 17.765914662679027 2.5296348810195926 20.201490783691408 0.84539433419704446 9.9357371012369775 7.3865168174107865 -0.40388109385967241 28.566246032714844 -0.74008859217166911 0.37316500330343844 2.1136416941600027 13.284543478488917 -0.13969117164611813 6.0450479128781494 25.285881736061793 -4.396364938735962 -0.40488803284967734 0.33528204733455502 -4.9281674211186584 -4.6125796430185444 0.33325329621632876 -5.2646523316701259 -3.6171369552612305 -3.7724903106689434 0.28032726132378138 16.205944824218744 -7.0574201311383931 13.668392072405133 0.89305004520075659
leaf_weight=23 6.9999999999999991 3.0000000000000009 7.9999999999999991 8.9999999999999982 7.9999999999999991 3 11.999999999999998 8.0000000000000018 2.9999999999999991 14.999999999999998 15.999999999999998 53 8.0000000000000018 20.000000000000004 17 10.999999999999998 25 167 111 133 80 6.0000000000000027 11.999999999999998 4.9999999999999991 3.0000000000000009 97 3.0000000000000009 6.9999999999999991 7 28
leaf_count=23 7 3 8 9 8 3 12 8 3 15 16 53 8 20 17 11 25 167 111 133 80 6 12 5 3 97 3 7 7 28
internal_value=-0.0106611 7.52489 -1.34966 14.5278 9.82074 19.0387 3.86782 6.84679 11.6225 1.48465 0.270907 1.39088 4.67696 -4.09783 3.98139 23.6745 -0.438036 -0.924612 0.909996 -4.48528 -3.7386 -1.90827 -3.39868 -0.83518 -0.414029 0.451703 19.2026 -5.03463 12.5486 0.323351
internal_weight=908 137 771 47 23 24 90 40 15 50 485 188 24 286 25 14 297 192 164 243 103 43 18 25 11 105 12 140 10 43
internal_count=908 137 771 47 23 24 90 40 15 50 485 188 24 286 25 14 297 192 164 243 103 43 18 25 11 105 12 140 10 43
is_linear=0
shrinkage=0.05


Tree=21
num_leaves=29
num_cat=0
split_feature=2 4 1 0 4 7 3 3 3 7 4 0 4 2 0 4 4 6 7 4 2 0 2 3 7 0 4 0
split_gain=3.07262e+06 1.37837e+06 1.03601e+06 385711 319409 581719 588967 308125 140645 140448 194726 49538.4 42343.7 117360 50239.7 40215.5 164850 35560.6 37628.2 18044.2 35847.3 16235.2 19870.1 15726.3 15035 14436.8 9442.01 3873.82
threshold=6318.6750000000002 44735.000000000007 17844.455000000005 41396.900000000009 44810.000000000007 5.5000000000000009 0.86929463939195706 0.91658050436171268 0.68783610611397006 2.5000000000000004 44395.000000000007 37913.100000000013 36662.500000000007 19985.695000000003 35777.600000000006 37740.000000000007 39052.500000000007 61.500000000000007 2.5000000000000004 42262.500000000007 18766.155000000002 38052.700000000004 4308.6100000000006 0.96667942604169388 1.0000000180025095e-35 41535.600000000006 27195.000000000004 32973.05000000001
decision_type=2 2 2 2 2 2 2 2 2 2 2 2 2 2 2 2 2 2 2 2 2 2 2 2 2 2 2 2
left_child=1 3 12 9 21 6 -6 25 15 10 -1 -11 13 26 -15 27 -17 -10 -19 24 -21 -3 -23 -7 -14 -5 -2 -4
right_child=2 4 8 7 5 23 -8 -9 17 11 -12 -13 19 14 -16 16 -18 18 -20 20 -22 22 -24 -25 -26 -27 -28 -29
leaf_value=2.7716460163239391 -3.4881735165913903 22.374186197916668 1.6689572475850583 17.158297729492194 0.24694407060742365 -2.0374379587173466 18.009777904692154 -0.014490890502929683 6.0859613736470548 -1.3204800921937694 10.274182081222534 1.7216887075453997 -3.099454466501872 -4.9682288493750235 0.84293482303619394 -6.3616463184356693 -0.94196253418432263 1.1960990874558912 -0.012147719931602479 -1.685113509496053 -5.0386529361500463 19.525923538208012 14.75436375935872 1.9282040977478023 -4.9542794721048393 22.063537597656246 -0.5462049437562625 -0.17071286275261832
leaf_weight=64 2.9999999999999991 2.9999999999999991 2.9999999999999991 2.9999999999999982 6.0000000000000027 4.9999999999999982 21 3 2.9999999999999991 23 9.9999999999999982 32 11.999999999999998 53 3.9999999999999991 15.999999999999998 114 133 125 14.999999999999998 17 7.9999999999999982 3 5 122 3 30 62
leaf_count=64 3 3 3 3 6 5 21 3 3 23 10 32 12 53 4 16 114 133 125 15 17 8 3 5 122 3 30 62
internal_value=-0.0100612 5.65717 -1.51443 3.06139 12.6811 10.247 14.0625 13.0691 -0.0853658 2.36318 3.7855 0.449509 -4.05994 -3.18661 -4.56043 -1.10127 -1.609 0.673642 0.610708 -4.53343 -3.46668 19.1138 18.2246 -0.0546169 -4.78818 19.6109 -0.813657 -0.085805
internal_weight=901 189 712 138 51 37 27 9 456 129 74 55 256 90 57 195 130 261 258 166 32 14 11 10 134 6 33 65
internal_count=901 189 712 138 51 37 27 9 456 129 74 55 256 90 57 195 130 261 258 166 32 14 11 10 134 6 33 65
is_linear=0
shrinkage=0.05


Tree=22
num_leaves=31
num_cat=0
split_feature=3 4 1 7 4 4 4 7 2 5 2 4 4 1 4 4 6 7 1 8 4 1 1 6 1 3 7 4 1 1
split_gain=2.79959e+06 1.38383e+06 1.10519e+06 367026 688305 250972 231899 156636 262635 130047 118316 121747 219209 92345.1 102401 84860.3 83357.1 41613.7 28836.9 42034 40274.6 21176.9 18338.4 13379.8 9640.19 6675.98 5931.96 11897.8 2847.91 1882.47
threshold=0.86628733700074412 44735.000000000007 20002.860000000004 5.5000000000000009 44810.000000000007 42910.000000000007 45077.500000000007 3.5000000000000004 4138.5000000000009 17.500000000000004 8500.3100000000031 36372.500000000007 36090.000000000007 12421.950000000001 36662.500000000007 36662.500000000007 66.500000000000014 3.5000000000000004 22726.180000000004 2.5000000000000004 30732.500000000004 35923.330000000009 35220.775000000009 73.500000000000014 35670.155000000006 0.39679684165961687 3.5000000000000004 34325.000000000007 11291.910000000003 37833.355000000003
decision_type=2 2 2 2 2 2 2 2 2 2 2 2 2 2 2 2 2 2 2 2 2 2 2 2 2 2 2 2 2 2
left_child=2 5 13 6 22 15 21 8 -7 -9 11 12 -4 26 25 -2 -13 -16 19 -12 -20 -3 -5 -6 -17 -15 27 -1 -28 -8
right_child=1 3 10 4 23 7 29 9 -10 -11 18 16 -14 14 17 24 -18 -19 20 -21 -22 -23 -24 -25 -26 -27 28 -29 -30 -31
leaf_value=-2.8938697983236876 7.7876274108886721 17.553403472900392 0.77598905295133569 14.016645558675123 -3.0143404960632321 21.089373397827149 10.585986582438142 8.1119057549370623 6.128206661614505 0.29312878858584623 -2.9502585172653202 4.0697638551518329 12.312497929164342 -2.5231569480895999 -2.5971247910491884 -0.39131063441080705 0.60415860273455846 -4.525299636522929 3.8794158390590123 -0.29205122447476306 0.023225446275754829 22.213865896371697 18.600609207153322 0.71892639795939117 1.0459627431631089 -0.60141438106273082 -4.5821146355300657 -4.4106094960813165 -5.5854541778564455 12.082994951520647
leaf_weight=17 3.9999999999999991 2.9999999999999991 10.000000000000002 3.0000000000000009 4 3.9999999999999991 3.0000000000000018 9.0000000000000018 10.999999999999998 12.999999999999998 20 20 6.9999999999999991 4.9999999999999991 62 28 131 51 6.9999999999999991 58 207 12.999999999999998 7.9999999999999991 6 20 47 61 54 7.9999999999999991 7
leaf_count=17 4 3 10 3 4 4 3 9 11 13 20 20 7 5 62 28 131 51 7 58 207 13 8 6 20 47 61 54 8 7
internal_value=0.0852834 6.69551 -1.08987 13.636 8.71957 3.03032 17.6069 6.17799 10.1179 3.49172 0.457624 1.51481 5.52632 -3.42379 -2.62239 0.790636 1.06318 -3.46736 -0.150618 -0.973643 0.149363 21.34 17.3504 -0.77438 0.207553 -0.786197 -4.3683 -4.04745 -4.69844 11.6339
internal_weight=901 136 765 47 21 89 26 37 15 22 460 168 17 305 165 52 151 113 292 78 214 16 11 10 48 52 140 71 69 10
internal_count=901 136 765 47 21 89 26 37 15 22 460 168 17 305 165 52 151 113 292 78 214 16 11 10 48 52 140 71 69 10
is_linear=0
shrinkage=0.05


Tree=23
num_leaves=30
num_cat=0
split_feature=2 4 3 2 4 7 7 0 4 0 6 3 0 4 4 2 6 3 3 0 4 2 0 2 0 2 2 6 2
split_gain=2.6567e+06 896165 749629 437631 242667 744883 171443 329203 178017 90989 225801 82370.1 71232.7 51856.3 59057.6 44295.3 57745.7 43571.2 45225.2 31274.6 26763.2 59059.4 26072.9 24484.4 13095.9 9317.97 8658.67 4522.95 759.144
threshold=6668.6450000000013 44735.000000000007 0.56785804986644639 6227.4300000000012 44810.000000000007 5.5000000000000009 2.5000000000000004 41396.900000000009 44395.000000000007 38934.100000000006 71.500000000000014 0.46521573509647945 32721.500000000004 37740.000000000007 41325.000000000007 10417.150000000003 65.500000000000014 0.64557418761230745 0.61097120158145191 40956.30000000001 36662.500000000007 19985.695000000003 40792.000000000007 6525.8150000000014 36229.500000000007 15290.490000000002 9159.7950000000019 65.500000000000014 6381.3150000000014
decision_type=2 2 2 2 2 2 2 2 2 2 2 2 2 2 2 2 2 2 2 2 2 2 2 2 2 2 2 2 2
left_child=1 6 11 4 22 -6 7 8 -1 24 -11 20 17 27 -15 16 -14 18 -4 -17 21 -2 -3 28 -8 -22 -19 -13 -5
right_child=2 3 12 23 5 -7 9 -9 -10 10 -12 13 15 14 -16 19 -18 26 -20 -21 25 -23 -24 -25 -26 -27 -28 -29 -30
leaf_value=2.7678295172750951 -0.77619879048317675 19.500159645080572 -0.77669366200764911 -0.29603503545125337 14.333286403758187 -0.55601591865221667 -2.2131608122338853 20.597103881835938 9.6237199588255464 13.927460002899171 1.3046564509130774 -1.9371039217710497 3.9678438094946054 -4.3542676666804727 -1.4496510444368635 -0.52311225915497006 0.51387665534019467 -2.345032685143607 -8.5420193481445299 2.2303818616000091 -1.5521697362264 -3.9071560203051963 14.897523956298826 5.5196385860443122 -0.15975216085260566 -4.3733568215370182 0.0629158616065979 -0.31279171592245503 0.65461915561131068
leaf_weight=68 20 7.9999999999999982 3.0000000000000018 2.9999999999999982 28 11.999999999999998 11.999999999999998 2.9999999999999991 10.999999999999998 3.9999999999999991 31 4.9999999999999991 12.999999999999998 35 35 165 175 6.9999999999999991 5 10.999999999999998 2.9999999999999991 61 5 2.9999999999999991 22 120 7.9999999999999991 30 7
leaf_count=68 20 8 3 3 28 12 12 3 11 4 31 5 13 35 35 165 175 7 5 11 3 61 5 3 22 120 8 30 7
internal_value=0.0882814 4.91866 -1.41774 9.77882 11.7953 9.8665 2.79435 4.33981 3.72245 0.957706 2.74726 -3.25413 0.0485245 -2.11625 -2.90196 0.219041 0.752715 -2.65009 -5.63002 -0.351019 -3.8398 -3.13408 17.7299 1.55793 -0.884485 -4.30455 -1.06079 -0.544836 0.369423
internal_weight=913 217 696 66 53 40 151 82 79 69 35 309 387 105 70 364 188 23 8 176 204 81 13 13 34 123 15 35 10
internal_count=913 217 696 66 53 40 151 82 79 69 35 309 387 105 70 364 188 23 8 176 204 81 13 13 34 123 15 35 10
is_linear=0
shrinkage=0.05


Tree=24
num_leaves=30
num_cat=0
split_feature=3 1 4 4 7 4 7 3 4 4 3 0 4 1 3 4 3 4 4 0 4 4 3 5 1 8 3 0 0
split_gain=2.19326e+06 911873 763152 207167 200344 507249 185016 436205 167678 130572 105363 122130 405151 81072.3 73233.9 40301.4 78597.4 39531.4 71597 33289.3 43038.8 22952.3 13184.1 12766.3 10233 5507.76 3566.78 1859.93 652.535
threshold=0.86628733700074412 20439.715000000004 42910.000000000007 44735.000000000007 5.5000000000000009 44810.000000000007 3.5000000000000004 0.90047498870759213 45077.500000000007 36662.500000000007 0.79381852789526242 37780.900000000009 44735.000000000007 17636.370000000003 0.9134547091477826 36662.500000000007 0.36532224479767317 37740.000000000007 41325.000000000007 40611.250000000007 36372.500000000007 43067.500000000007 0.56079739491435732 15.500000000000002 35923.330000000009 3.5000000000000004 0.9134547091477826 35323.55000000001 37816.500000000007
decision_type=2 2 2 2 2 2 2 2 2 2 2 2 2 2 2 2 2 2 2 2 2 2 2 2 2 2 2 2 2
left_child=1 13 9 6 8 -6 7 -4 -5 28 19 12 -12 15 -8 16 -1 27 -19 20 -3 -21 -17 -13 25 -11 -26 -15 -2
right_child=2 10 3 4 5 -7 14 -9 -10 24 11 23 -14 17 -16 22 -18 18 -20 21 -22 -23 -24 -25 26 -27 -28 -29 -30
leaf_value=-3.8055898562344641 6.9636305491129562 0.82717711773474489 4.7815940347584815 18.570161628723142 15.16697505604137 -0.39246090888977048 5.4066769584019969 22.592817687988283 9.8036174774169922 -0.72585255633229784 1.7302981305122378 -2.5185245196024582 15.963192812601726 0.28311011046171181 -0.51710736453533179 -3.9414350221848347 -0.87115646065809793 -4.5509271576291042 -0.31487975246027899 0.90209257235893814 -0.57685447265752232 4.8883229064941407 -1.0371106624603272 0.79479989346037527 0.37360264897346485 1.551969051361084 1.7090387392044069 -0.506030959635973 7.9391374588012686
leaf_weight=55 2.9999999999999991 74 10.999999999999998 12 11 10 15.000000000000002 4.9999999999999991 10 23.000000000000004 30 2.9999999999999991 5.9999999999999991 14.000000000000002 7.9999999999999991 169 39 21 19 13.000000000000002 208 4.9999999999999991 3.9999999999999991 94 10.000000000000002 2.9999999999999991 9.9999999999999982 15.999999999999998 4
leaf_count=55 3 74 11 12 11 10 15 5 10 23 30 3 6 14 8 169 39 21 19 13 208 5 4 94 10 3 10 16 4
internal_value=-0.0433485 -1.074 5.83519 8.8575 11.2509 7.75772 6.21859 10.3476 14.5854 1.15915 0.443967 1.61537 4.10245 -3.02439 3.34623 -3.42147 -2.58811 -1.50979 -2.5388 -0.0753527 -0.208421 2.00938 -3.87428 0.692326 0.191037 -0.463027 1.04132 -0.137765 7.52106
internal_weight=905 770 135 82 43 21 39 16 22 53 433 133 36 337 23 267 94 70 40 300 282 18 173 97 46 26 20 30 7
internal_count=905 770 135 82 43 21 39 16 22 53 433 133 36 337 23 267 94 70 40 300 282 18 173 97 46 26 20 30 7
is_linear=0
shrinkage=0.05


Tree=25
num_leaves=28
num_cat=0
split_feature=1 1 2 4 2 4 2 1 4 0 4 4 0 0 2 4 4 2 0 2 2 4 0 8 1 1 1
split_gain=2.19524e+06 750724 540952 451798 106215 291816 109449 105808 78024.8 194100 73439.6 98902 63577.7 56126.6 46289.5 43829.3 31111 78430.9 51952.9 10431.4 18536.6 10391.1 7833.06 4571.52 2145.18 4219.88 1187.92
threshold=33654.68 17636.370000000003 4820.2450000000017 42910.000000000007 3561.7250000000008 44810.000000000007 4027.9250000000006 27336.270000000004 39497.500000000007 35777.600000000006 37740.000000000007 39052.500000000007 38360.000000000007 40352.900000000001 9045.5800000000017 42910.000000000007 36662.500000000007 19985.695000000003 35777.600000000006 18158.000000000004 17054.220000000005 27195.000000000004 33425.950000000004 3.5000000000000004 35379.320000000007 35560.755000000012 35220.775000000009
decision_type=2 2 2 2 2 2 2 2 2 2 2 2 2 2 2 2 2 2 2 2 2 2 2 2 2 2 2
left_child=1 16 3 12 5 -5 -6 10 9 -9 14 -12 -2 -4 -3 -10 17 21 -19 20 -18 -1 -21 -14 26 -26 -15
right_child=2 7 13 4 6 -7 -8 8 15 -11 11 -13 23 24 -16 -17 19 18 -20 22 -22 -23 -24 -25 25 -27 -28
leaf_value=-3.216773382822669 7.1313198852539017 5.659651446342469 6.6775247097015384 -0.49125197306275353 14.236969423294068 10.595290787323663 8.9376987708242321 14.59476547241211 -0.63196285587803624 1.610748417487919 -3.8107958201318981 -0.71470533495110677 0.44969804727006696 0.31767457905022994 0.17331868862507471 1.0347734229737207 -3.6488437949286565 -4.0093625654254046 1.3061886787414552 -3.8092273179874869 -1.4371477405230204 -0.10898443437539614 -4.8863587152390258 2.3395397186279299 1.796248885563442 -0.1056026256084442 -0.74017931620279953
leaf_weight=3.0000000000000027 5.0000000000000027 3.9999999999999991 3.9999999999999991 8.0000000000000018 20 23 19 2.9999999999999991 82 71 32 133 16.000000000000004 23.000000000000004 99 76 45 57 4.9999999999999991 86 11.999999999999998 26 21 3.9999999999999991 6.9999999999999982 5 2.9999999999999991
leaf_count=3 5 4 4 8 20 23 19 3 82 71 32 133 16 23 99 76 45 57 5 86 12 26 21 4 7 5 3
internal_value=-0.0538153 -1.11043 5.76912 7.85818 9.91882 7.73425 11.6553 0.0155303 0.797281 2.13713 -0.661209 -1.31516 2.0884 1.04385 0.38638 0.169758 -3.31819 -2.57678 -3.58069 -3.72958 -3.18322 -0.43048 -4.02063 0.827666 0.450834 1.00381 0.195615
internal_weight=892 755 137 95 70 31 39 500 232 74 268 165 25 42 103 158 255 91 62 164 57 29 107 20 38 12 26
internal_count=892 755 137 95 70 31 39 500 232 74 268 165 25 42 103 158 255 91 62 164 57 29 107 20 38 12 26
is_linear=0
shrinkage=0.05


end of trees

feature_importances:
thermal_on_capacity=218
total_load=122
net_load=114
renewable_power=87
thermal_space_load_ratio=74
weekday=50
period=41
month=25
hour=10
is_weekend=1

parameters:
[boosting: gbdt]
[objective: regression]
[metric: rmse]
[tree_learner: serial]
[device_type: cpu]
[data_sample_strategy: bagging]
[data: ]
[valid: ]
[num_iterations: 400]
[learning_rate: 0.05]
[num_leaves: 31]
[num_threads: 0]
[seed: 42]
[deterministic: 0]
[force_col_wise: 0]
[force_row_wise: 0]
[histogram_pool_size: -1]
[max_depth: 5]
[min_data_in_leaf: 3]
[min_sum_hessian_in_leaf: 0.001]
[bagging_fraction: 0.85]
[pos_bagging_fraction: 1]
[neg_bagging_fraction: 1]
[bagging_freq: 1]
[bagging_seed: 400]
[bagging_by_query: 0]
[feature_fraction: 0.85]
[feature_fraction_bynode: 1]
[feature_fraction_seed: 30056]
[extra_trees: 0]
[extra_seed: 12879]
[early_stopping_round: 0]
[early_stopping_min_delta: 0]
[first_metric_only: 0]
[max_delta_step: 0]
[lambda_l1: 0]
[lambda_l2: 0]
[linear_lambda: 0]
[min_gain_to_split: 0]
[drop_rate: 0.1]
[max_drop: 50]
[skip_drop: 0.5]
[xgboost_dart_mode: 0]
[uniform_drop: 0]
[drop_seed: 17869]
[top_rate: 0.2]
[other_rate: 0.1]
[min_data_per_group: 100]
[max_cat_threshold: 32]
[cat_l2: 10]
[cat_smooth: 10]
[max_cat_to_onehot: 4]
[top_k: 20]
[monotone_constraints: ]
[monotone_constraints_method: basic]
[monotone_penalty: 0]
[feature_contri: ]
[forcedsplits_filename: ]
[refit_decay_rate: 0.9]
[cegb_tradeoff: 1]
[cegb_penalty_split: 0]
[cegb_penalty_feature_lazy: ]
[cegb_penalty_feature_coupled: ]
[path_smooth: 0]
[interaction_constraints: ]
[verbosity: -1]
[saved_feature_importance_type: 0]
[use_quantized_grad: 0]
[num_grad_quant_bins: 4]
[quant_train_renew_leaf: 0]
[stochastic_rounding: 1]
[linear_tree: 0]
[max_bin: 255]
[max_bin_by_feature: ]
[min_data_in_bin: 3]
[bin_construct_sample_cnt: 200000]
[data_random_seed: 175]
[is_enable_sparse: 1]
[enable_bundle: 1]
[use_missing: 1]
[zero_as_missing: 0]
[feature_pre_filter: 1]
[pre_partition: 0]
[two_round: 0]
[header: 0]
[label_column: ]
[weight_column: ]
[group_column: ]
[ignore_column: ]
[categorical_feature: ]
[forcedbins_filename: ]
[precise_float_parser: 0]
[parser_config_file: ]
[objective_seed: 16083]
[num_class: 1]
[is_unbalance: 0]
[scale_pos_weight: 1]
[sigmoid: 1]
[boost_from_average: 1]
[reg_sqrt: 0]
[alpha: 0.9]
[fair_c: 1]
[poisson_max_delta_step: 0.7]
[tweedie_variance_power: 1.5]
[lambdarank_truncation_level: 30]
[lambdarank_norm: 1]
[label_gain: ]
[lambdarank_position_bias_regularization: 0]
[eval_at: ]
[multi_error_top_k: 1]
[auc_mu_weights: ]
[num_machines: 1]
[local_listen_port: 12400]
[time_out: 120]
[machine_list_filename: ]
[machines: ]
[gpu_platform_id: -1]
[gpu_device_id: -1]
[gpu_use_dp: 0]
[num_gpu: 1]

end of parameters

pandas_categorical:[]
