tree
version=v4
num_class=1
num_tree_per_iteration=1
label_index=0
max_feature_idx=10
objective=regression
feature_names=total_load net_load renewable_power thermal_space_load_ratio thermal_on_capacity hour period weekday month is_weekend is_holiday
feature_infos=[22195.900000000001:43757.300000000003] [-11825.210000000003:41070.110000000001] [1144.03:36022.5] [-0.52127464982271476:0.97282505160491894] [27170:46830] [15:19] [61:80] [0:6] [2:4] [0:1] none
tree_sizes=2781 2549 2706 2716 2805 2677 2807 2778 2729 2742 2715 2708 2696 2845 2738 2686 2674 2536 2800 2658 2685 2516 2642

Tree=0
num_leaves=31
num_cat=0
split_feature=2 1 4 0 4 7 4 4 2 7 0 1 1 4 4 2 4 0 8 2 0 4 0 1 4 4 4 0 2 6
split_gain=3.3935e+07 1.1413e+07 7.41764e+06 2.89836e+06 2.60712e+06 1.76681e+06 4.20422e+06 1.60822e+06 1.5179e+06 835600 1.71138e+06 823856 667861 672841 622789 463477 351357 321963 317283 179158 139131 118729 109854 102294 169921 92368.7 83530.3 9261.12 8320.89 5509.16
threshold=5566.3350000000009 19694.049999999999 44735.000000000007 42943.80000000001 46555.000000000007 5.5000000000000009 44810.000000000007 42910.000000000007 4698.1400000000012 3.5000000000000004 41384.250000000007 24211.150000000005 14898.365000000002 36662.500000000007 36662.500000000007 6664.630000000001 36372.500000000007 38416.750000000007 2.5000000000000004 11342.550000000001 38926.750000000007 36372.500000000007 37531.950000000004 12266.150000000001 36662.500000000007 39497.500000000007 42277.500000000007 35688.950000000004 19561.435000000001 74.500000000000014
decision_type=2 2 2 2 2 2 2 2 2 2 2 2 2 2 2 2 2 2 2 2 2 2 2 2 2 2 2 2 2 2
left_child=2 12 7 5 29 8 -7 14 -4 10 -9 18 23 28 17 16 -13 -1 19 -3 -11 -17 -16 27 -25 -20 -15 -2 -14 -5
right_child=1 11 3 4 -6 6 -8 9 -10 20 -12 15 13 26 22 21 -18 -19 25 -21 -22 -23 -24 24 -26 -27 -28 -29 -30 -31
leaf_value=295.72329425855162 261.46872150713864 272.32861217322676 324.93716542377013 280.03218352891025 324.47268348313389 320.77289808710287 280.44135025915517 294.69335057196037 297.03718327459711 281.54789803260724 336.06218619919832 291.91285014725742 273.25986213576101 263.09413231240217 274.84012475306452 277.79019201011374 279.20287317980757 280.7705168622436 274.9939176477111 265.0931833844719 289.79389410341167 275.32065480201578 279.84153839961414 268.32968342877444 262.25421994829026 271.82456132826223 266.3785741982561 264.27118316269929 270.82193351365146 277.96218352891026
leaf_weight=8.9999999999999982 170 13.999999999999998 26 5.0000000000000027 3.9999999999999991 14 12 15.000000000000002 5.9999999999999991 7.0000000000000027 2.9999999999999991 5.9999999999999991 28 49 17 59 58 5.9999999999999991 47 22 19 278 31 15.999999999999998 41 45 32 2.9999999999999991 3.9999999999999991 8.9999999999999982
leaf_count=9 170 14 26 5 4 14 12 15 6 7 3 6 28 49 17 59 58 6 47 22 19 278 31 16 41 45 32 3 4 9
internal_value=274.881 270.773 294.456 306.4 288.873 311.84 302.158 285.972 319.706 293.307 301.588 275.379 263.669 266.817 280.849 276.494 280.394 289.742 271.886 267.907 287.574 275.753 278.07 262.123 263.96 273.444 264.392 261.517 272.955 278.701
internal_weight=1055 872 183 76 18 58 26 107 32 44 18 529 343 113 63 401 64 15 128 36 26 337 48 230 57 92 81 173 32 14
internal_count=1055 872 183 76 18 58 26 107 32 44 18 529 343 113 63 401 64 15 128 36 26 337 48 230 57 92 81 173 32 14
is_linear=0
shrinkage=1


Tree=1
num_leaves=28
num_cat=0
split_feature=2 1 0 2 7 6 3 7 3 7 1 8 2 8 8 6 8 2 7 5 6 8 1 0 0 8 0
split_gain=2.5475e+07 9.91842e+06 3.2386e+06 2.75433e+06 3.10862e+06 1.18174e+06 1.43596e+06 1.09021e+06 916425 640652 534601 806246 345144 333278 184087 169804 129978 85227.7 83116.7 76303 52331.8 31527 8819.04 12167.8 4429.39 3702.77 1768.17
threshold=5478.4950000000008 18825.540000000005 37611.100000000006 2525.1800000000007 5.5000000000000009 70.500000000000014 0.8945737634156411 1.0000000180025095e-35 0.68906785033007545 4.5000000000000009 12266.150000000001 3.5000000000000004 6664.630000000001 2.5000000000000004 3.5000000000000004 71.500000000000014 3.5000000000000004 18836.975000000002 1.0000000180025095e-35 16.500000000000004 71.500000000000014 2.5000000000000004 11291.910000000003 31747.500000000004 36660.450000000004 2.5000000000000004 41680.400000000001
decision_type=2 2 2 2 2 2 2 2 2 2 2 2 2 2 2 2 2 2 2 2 2 2 2 2 2 2 2
left_child=2 10 14 4 9 6 -5 -7 13 -4 22 18 15 20 21 -10 -14 -13 -12 -15 -3 24 25 -24 -1 -2 -6
right_child=1 8 3 5 26 7 -8 -9 12 -11 11 17 16 19 -16 -17 -18 -19 -20 -21 -22 -23 23 -25 -26 -27 -28
leaf_value=-0.023585192780745643 -13.020097743763642 -5.1476203734676043 34.723140258789051 22.096385933371149 7.611265945434571 26.646395492553712 55.392696380615234 13.128061443635787 8.5935014088948574 56.643193054199209 -7.5226996830531538 -2.081973127978189 0.72091819120490042 -2.5158790389391097 14.128531138102213 3.4053956073911298 3.253105261876033 -6.241523065065083 -11.670414150844922 -0.23428967804647982 -9.0865335024320171 4.6567464637756348 -9.1766861438751146 -12.241693047916188 2.0437733093897505 -12.500204171996186 5.8945990244547515
leaf_weight=19.000000000000011 68 24 5.0000000000000009 17.000000000000004 2.9999999999999991 18 3.9999999999999991 87 24 10 13.999999999999998 35 230 65 2.9999999999999991 46 65 19 88 84 12.999999999999998 4.9999999999999991 4.0000000000000027 17 2.9999999999999991 69 3
leaf_count=19 68 24 5 17 3 18 4 87 24 10 14 35 230 65 3 46 65 19 88 84 13 5 4 17 3 69 3
internal_value=0.0669002 -3.46959 17.3497 20.4051 37.1698 17.611 28.4385 15.4455 0.572187 49.3365 -10.562 -8.48572 2.02782 -2.2843 2.37842 5.18417 1.27886 -3.54552 -11.1011 -1.22961 -6.53156 1.07285 -12.612 -11.6579 0.258327 -12.7583 6.75293
internal_weight=1042 865 177 147 21 126 21 105 551 15 314 156 365 186 30 70 295 54 102 149 37 27 158 21 22 137 6
internal_count=1042 865 177 147 21 126 21 105 551 15 314 156 365 186 30 70 295 54 102 149 37 27 158 21 22 137 6
is_linear=0
shrinkage=0.05


Tree=2
num_leaves=29
num_cat=0
split_feature=3 1 4 3 3 7 3 4 1 4 7 7 0 4 4 4 4 1 6 1 6 0 3 1 4 8 8 1
split_gain=2.45489e+07 9.20438e+06 5.495e+06 1.91647e+06 1.92211e+06 3.0313e+06 904602 665235 451780 774816 441744 769006 472486 387223 532911 350650 285371 306974 217655 95172.3 68460.9 64021.8 32191.9 17595.9 29347.2 9677.9 3770.23 254.314
threshold=0.86438079074335972 18825.540000000005 42910.000000000007 0.90047498870759213 0.912471062243838 5.5000000000000009 0.76063285880817699 44065.000000000007 12421.950000000001 36662.500000000007 1.5000000000000002 4.5000000000000009 42469.200000000004 36372.500000000007 36090.000000000007 36662.500000000007 37740.000000000007 22811.605000000007 65.500000000000014 17636.370000000003 65.500000000000014 37531.950000000004 0.43090346252617029 11291.910000000003 37740.000000000007 3.5000000000000004 2.5000000000000004 32273.995000000006
decision_type=2 2 2 2 2 2 2 2 2 2 2 2 2 2 2 2 2 2 2 2 2 2 2 2 2 2 2 2
left_child=1 8 15 10 7 -6 16 -5 23 22 12 -12 -4 14 -8 -2 20 -18 -15 -11 -3 27 -10 26 -25 -23 -1 -17
right_child=2 6 3 4 5 -7 13 -9 9 19 11 -13 -14 18 -16 21 17 -19 -20 -21 -22 25 -24 24 -26 -27 -28 -29
leaf_value=-12.380493676662446 18.294926452636719 5.1085189533233653 19.365556370128289 57.944173583984337 34.01689865112305 4.9577766282217848 4.267603945732116 37.328373620245195 -4.704493268330892 -11.102842733777804 8.0273854800633 24.87374670982361 41.751304117838544 7.667238988478978 20.808240836007258 -0.15957697927951814 -4.8755373589694502 -0.8289653484731736 1.8901123127496313 -7.4862632461216139 0.76132901874370873 3.7444094571200282 -1.6677765311673285 -8.719861602783201 -12.120010935465494 6.0098494211832687 -11.856425968376366 0.30598176501014018
leaf_weight=64 3.9999999999999991 9.9999999999999982 10.999999999999998 5.0000000000000027 25 13.999999999999998 16.000000000000004 18 11.999999999999998 87 21.000000000000004 9.9999999999999982 2.9999999999999991 18 6.9999999999999991 3.9999999999999991 65 168 173 23 96 22.000000000000004 32 11.000000000000002 14.999999999999998 5.9999999999999991 74 10.999999999999998
leaf_count=64 4 10 11 5 25 14 16 18 12 87 21 10 3 18 7 4 65 168 173 23 96 22 32 11 15 6 74 11
internal_value=-0.016654 -3.27034 18.3857 24.6453 30.3462 23.5854 0.62737 41.8101 -10.0484 -8.1036 16.7908 13.4617 24.1625 3.17261 9.30171 4.13496 -0.979361 -1.95784 2.43455 -10.3466 1.17144 2.81776 -2.49597 -11.8747 -10.6815 4.22986 -12.0995 0.181833
internal_weight=1025 871 154 107 62 39 553 23 318 154 45 31 14 214 23 47 339 233 191 110 106 43 44 164 26 28 138 15
internal_count=1025 871 154 107 62 39 553 23 318 154 45 31 14 214 23 47 339 233 191 110 106 43 44 164 26 28 138 15
is_linear=0
shrinkage=0.05


Tree=3
num_leaves=30
num_cat=0
split_feature=2 1 4 4 4 0 4 7 4 2 1 3 4 4 1 4 7 4 4 2 4 4 3 2 7 1 4 0 0
split_gain=2.30389e+07 8.129e+06 5.81855e+06 2.66694e+06 2.34269e+06 1.70072e+06 1.83036e+06 1.0407e+06 2.92918e+06 952961 841609 767990 408072 595039 354184 628669 243149 177552 244790 161126 360560 111645 59841.6 48719.7 13026.8 12351.4 24701 6831.13 2902.95
threshold=5856.4050000000016 18825.540000000005 44735.000000000007 45602.500000000007 46555.000000000007 41384.250000000007 44065.000000000007 5.5000000000000009 44810.000000000007 3697.6850000000004 37530.255000000012 0.67941011222495773 44065.000000000007 36372.500000000007 12266.150000000001 36662.500000000007 3.5000000000000004 38752.500000000007 39052.500000000007 7253.8300000000008 36372.500000000007 39497.500000000007 0.47023314781679099 18483.220000000005 1.0000000180025095e-35 11291.910000000003 34325.000000000007 43051.80000000001 30617.750000000004
decision_type=2 2 2 2 2 2 2 2 2 2 2 2 2 2 2 2 2 2 2 2 2 2 2 2 2 2 2 2 2
left_child=2 14 5 7 27 12 -7 9 -9 -4 -6 17 13 -1 25 23 -14 24 -19 20 -13 -21 -17 -16 -3 28 -27 -5 -2
right_child=1 11 3 4 10 6 -8 8 -10 -11 -12 19 16 -15 15 22 -18 18 -20 21 -22 -23 -24 -25 -26 26 -28 -29 -30
leaf_value=13.306709783217485 -11.669059937575767 3.0963163375854492 44.602507091703863 1.1412247277796264 10.546099980672192 54.630780029296886 9.2528475952148437 40.255978611537387 4.8248808002471923 20.314073295593261 42.199142892020092 17.999168014526369 19.321216869354242 2.7829524500295522 -1.4355591211467982 -11.241327542525072 9.0776700065249489 -11.960493183135988 -2.9176727663211786 2.2522966543833416 2.6646424267764974 0.14015437152455834 -8.9413352343343924 -4.7769541168212895 -0.2904442465530252 -7.7613938195364787 -11.358419799804688 3.1492743174235027 -11.219180397909197
leaf_weight=17 87 2.9999999999999991 21.000000000000004 8.0000000000000018 3.0000000000000018 3.9999999999999982 5 14 10 4.9999999999999991 7 3.9999999999999991 8.0000000000000018 64 24 52 21 7.9999999999999991 116 99 92 170 62 20 53 7.0000000000000027 14.999999999999998 8.9999999999999982 61
leaf_count=17 87 3 21 8 3 4 5 14 10 5 7 4 8 64 24 52 21 8 116 99 92 170 62 20 53 7 15 9 61
internal_value=-0.0379864 -3.51601 15.4534 26.1631 13.5002 8.52362 29.4208 33.0011 25.493 39.9317 32.7032 0.226989 6.81385 4.99164 -9.73533 -8.03104 11.9035 -2.44577 -3.50108 1.54506 3.30358 0.917486 -9.99045 -2.95438 -0.109011 -11.3193 -10.2139 2.20431 -11.4836
internal_weight=1069 873 196 77 27 119 9 50 24 26 10 545 110 81 328 158 29 180 124 365 96 269 114 44 56 170 22 17 148
internal_count=1069 873 196 77 27 119 9 50 24 26 10 545 110 81 328 158 29 180 124 365 96 269 114 44 56 170 22 17 148
is_linear=0
shrinkage=0.05


Tree=4
num_leaves=31
num_cat=0
split_feature=2 1 1 2 6 0 3 8 1 7 8 7 8 0 0 2 5 0 8 0 5 1 3 6 6 2 0 3 0 3
split_gain=2.03131e+07 7.06753e+06 2.66745e+06 1.38596e+06 1.07365e+06 1.21263e+06 534940 525278 477913 455348 454488 431994 264270 211778 271487 179219 179339 111622 93538.3 66768.4 62937.7 61060 38654.7 35552.5 25776 24580.7 23364.5 23125.3 3073.8 1983.08
threshold=5856.4050000000016 19694.049999999999 33773.81500000001 4698.1400000000012 70.500000000000014 41365.950000000004 0.67941011222495773 2.5000000000000004 14898.365000000002 4.5000000000000009 3.5000000000000004 1.5000000000000002 2.5000000000000004 38338.05000000001 38052.700000000004 7404.4050000000016 15.500000000000002 40111.05000000001 3.5000000000000004 35767.450000000004 15.500000000000002 17636.370000000003 0.3952847525142153 67.500000000000014 65.500000000000014 4879.1050000000005 35881.400000000001 0.86708869072507022 36691.950000000004 0.85966518856125818
decision_type=2 2 2 2 2 2 2 2 2 2 2 2 2 2 2 2 2 2 2 2 2 2 2 2 2 2 2 2 2 2
left_child=2 8 7 4 9 -6 12 25 19 -4 21 27 20 14 -9 16 -8 -13 -17 22 -3 -10 -2 -14 -12 28 -21 -5 -1 -15
right_child=1 6 3 11 5 -7 15 13 10 -11 24 17 23 29 -16 18 -18 -19 -20 26 -22 -23 -24 -25 -26 -27 -28 -29 -30 -31
leaf_value=-0.11919176408222741 -10.879980949707974 0.001357349753379822 18.91835149129232 13.941006215413399 14.943577438592911 26.414347865473896 8.8271426483988762 10.490492432117462 -9.6903110844393581 41.760260581970215 -4.3443856663174101 13.226400248209622 -2.1678540904347492 4.3772913932800304 26.620442708333332 0.10290803436417968 2.3512485669583691 2.7653550148010257 2.2670074776482227 -2.0493611653645831 -6.6509415484964851 -7.0075304332532387 -9.2234769969516339 -0.32332168486383228 -1.2934847148259481 3.9483556747436523 -8.2896233876546201 19.317494201660153 1.5917812108993532 2.8836511039733885
leaf_weight=21.000000000000007 162 3.9999999999999991 2.9999999999999991 3.0000000000000018 64 36 11.999999999999998 20.000000000000004 48 7.9999999999999991 8.9999999999999982 3.0000000000000027 41 3.9999999999999982 2.9999999999999991 196 98 17 67 2.9999999999999991 32 38 45 72 30 4.9999999999999991 3 6 2.9999999999999991 5
leaf_count=21 162 4 3 3 64 36 12 20 48 8 9 3 41 4 3 196 98 17 67 3 32 38 45 72 30 5 3 6 3 5
internal_value=0.0486708 -3.29597 14.3591 18.1611 20.704 19.0731 0.351383 5.63299 -8.92886 35.5306 -6.4746 8.42821 -2.18111 10.05 12.5944 1.36302 3.05771 4.33451 0.654219 -10.3692 -5.9118 -8.5049 -10.5199 -0.992577 -1.99754 0.759107 -5.16949 17.5253 0.0946799 3.54749
internal_weight=1061 860 201 140 111 100 522 61 338 11 125 29 149 32 23 373 110 20 263 213 36 86 207 113 39 29 6 9 24 9
internal_count=1061 860 201 140 111 100 522 61 338 11 125 29 149 32 23 373 110 20 263 213 36 86 207 113 39 29 6 9 24 9
is_linear=0
shrinkage=0.05


Tree=5
num_leaves=30
num_cat=0
split_feature=2 3 4 2 7 4 4 3 3 4 7 4 8 2 4 0 7 4 4 2 4 4 0 6 6 3 2 2 0
split_gain=1.77598e+07 6.17892e+06 4.20256e+06 1.45609e+06 1.52478e+06 3.41064e+06 2.17874e+06 540347 435916 466562 375509 355962 323775 208272 227747 204689 175547 138949 105254 231618 85702.6 64429.6 48505.6 26714.7 11213.8 8637.2 7795.22 2766 1536.15
threshold=5566.3350000000009 0.56555321474410936 42910.000000000007 4698.1400000000012 5.5000000000000009 44810.000000000007 44810.000000000007 0.67941011222495773 0.46223377729250298 37740.000000000007 5.5000000000000009 36662.500000000007 2.5000000000000004 7253.8300000000008 36372.500000000007 38416.750000000007 1.5000000000000002 39052.500000000007 36662.500000000007 19907.430000000004 41515.000000000007 36372.500000000007 37566.600000000006 67.500000000000014 65.500000000000014 0.89930154586397637 16284.860000000002 4603.3750000000009 32175.150000000005
decision_type=2 2 2 2 2 2 2 2 2 2 2 2 2 2 2 2 2 2 2 2 2 2 2 2 2 2 2 2 2
left_child=2 8 11 4 6 -6 -4 12 18 24 16 15 17 14 -9 27 -5 -3 19 -2 -11 -15 28 -14 -10 -24 -20 -1 -13
right_child=1 7 3 10 5 -7 -8 13 9 20 -12 22 23 21 -16 -17 -18 -19 26 -21 -22 -23 25 -25 -26 -27 -28 -29 -30
leaf_value=16.03583488464356 -2.9652877358829275 -10.279588532447816 18.787779100479622 16.57843418121335 39.351340738932279 2.2874831336736681 38.215613075538919 12.561770661671957 -3.2933702150980633 -9.8606877168019622 23.758094668388367 -1.10019761721293 -1.6896575303304766 2.0056244841377651 2.5433205876212854 3.650930099487304 4.9983525329165985 -4.087960958480835 -7.8643093109130859 -9.541963945116315 -6.5174347953098577 0.094940519074981036 1.9853188037872309 -0.076561199281026018 -0.9378473956137896 3.8372031772837922 -10.438740003431166 18.044255065917962 0.12188280820846559
leaf_weight=3.9999999999999982 17 11.999999999999998 31 4.0000000000000062 9.0000000000000018 20 27 5.9999999999999991 5.9999999999999991 36 3.9999999999999991 3.0000000000000027 42 56 104 5 18 37 2.9999999999999991 63 41 208 10.000000000000002 66 32 17 148 3 18
leaf_count=4 17 12 31 4 9 20 27 6 6 36 4 3 42 56 104 5 18 37 3 63 41 208 10 66 32 17 148 3 18
internal_value=-0.2712 -3.15934 14.3698 20.0484 23.1512 13.7901 27.8318 0.228456 -8.35853 -5.84323 9.66602 3.67516 -2.2333 1.26187 3.08978 11.3776 7.10382 -5.60428 -9.61074 -8.14442 -8.08051 0.500237 1.74956 -0.703876 -1.30977 3.15132 -10.3876 16.8966 -0.0527001
internal_weight=1050 877 173 113 87 29 58 531 346 115 26 60 157 374 110 12 22 49 231 80 77 264 48 108 38 27 151 7 21
internal_count=1050 877 173 113 87 29 58 531 346 115 26 60 157 374 110 12 22 49 231 80 77 264 48 108 38 27 151 7 21
is_linear=0
shrinkage=0.05


Tree=6
num_leaves=30
num_cat=0
split_feature=3 1 4 2 7 4 4 1 7 6 1 4 0 4 2 4 4 4 6 1 0 0 2 4 0 1 0 3 6
split_gain=1.4718e+07 5.93052e+06 3.74451e+06 1.58074e+06 917653 2.55468e+06 1.54947e+06 575906 457989 575953 411710 545476 341912 337544 229789 378511 224854 130532 101992 95562.1 91770.3 43733.4 30821.5 89875.5 33853.2 19345.9 17919.6 9247.84 508.308
threshold=0.86438079074335972 19694.049999999999 42910.000000000007 4200.6000000000013 5.5000000000000009 44810.000000000007 44810.000000000007 25689.565000000006 1.5000000000000002 67.500000000000014 13282.235000000001 36662.500000000007 42469.200000000004 36662.500000000007 7253.8300000000008 36372.500000000007 37740.000000000007 39052.500000000007 65.500000000000014 17636.370000000003 34505.600000000013 37566.600000000006 19280.790000000005 37740.000000000007 35767.450000000004 13953.320000000003 38010.500000000007 0.89930154586397637 71.500000000000014
decision_type=2 2 2 2 2 2 2 2 2 2 2 2 2 2 2 2 2 2 2 2 2 2 2 2 2 2 2 2 2
left_child=1 10 13 4 6 -6 -4 16 12 -10 22 25 -5 26 15 -9 18 -18 -3 -13 -16 28 23 -1 -24 -12 -2 -23 -15
right_child=2 7 3 8 5 -7 -8 14 9 -11 11 19 -14 21 20 -17 17 -19 -20 -21 -22 27 24 -25 -26 -27 -28 -29 -30
leaf_value=-1.8322593498229969 15.877101898193359 8.4983066558837894 17.439377975463866 15.555279884338379 37.41338806152342 2.7591547525846045 38.279732305353342 11.600450559762809 29.341416422526009 6.1561591219305996 -3.9086260825395587 -8.8651998838037258 34.801185099283856 -0.53139429092407164 9.5477540016174327 2.5559593986613414 -7.1870748877525337 -2.3328019609150377 0.22900891469283535 -5.7631721519761614 0.74756571248110848 2.1245211044947303 -9.8258010467151546 -9.4581832549151255 -4.4629166920979824 -1.2258814283779689 10.765086364746091 3.9607153832912445 0.17784011512994768
leaf_weight=5.0000000000000027 3.9999999999999991 3.9999999999999991 14.999999999999998 9.9999999999999982 9.0000000000000018 12.999999999999998 22 12.999999999999998 3.0000000000000027 25 7.9999999999999991 80 2.9999999999999991 3.0000000000000027 2.9999999999999991 105 15.999999999999998 103 55 36 237 12.000000000000002 154 17 2.9999999999999991 42 3 15.999999999999998 15.999999999999998
leaf_count=5 4 4 15 10 9 13 22 13 3 25 8 80 3 3 3 105 16 103 55 36 237 12 154 17 3 42 3 16 16
internal_value=-0.208217 -2.70107 14.0529 19.7822 25.0226 16.9359 29.8309 0.59014 12.2411 8.64029 -7.81437 -6.02076 19.9966 3.44297 1.7458 3.55239 -1.73417 -2.98548 0.789639 -7.9025 0.857568 1.91738 -9.47772 -7.72502 -9.72333 -1.65512 13.6862 3.17377 0.0658557
internal_weight=1035 881 154 100 59 22 37 536 41 28 345 166 13 54 358 118 178 119 59 116 240 47 179 22 157 50 7 28 19
internal_count=1035 881 154 100 59 22 37 536 41 28 345 166 13 54 358 118 178 119 59 116 240 47 179 22 157 50 7 28 19
is_linear=0
shrinkage=0.05


Tree=7
num_leaves=31
num_cat=0
split_feature=2 1 3 0 7 1 1 1 8 8 5 7 1 2 1 2 6 2 1 8 2 8 8 0 0 0 7 8 0 1
split_gain=1.41457e+07 5.2423e+06 1.54965e+06 1.46137e+06 1.9158e+06 1.94563e+06 1.48074e+06 620522 259264 240657 288301 446869 226062 409563 217681 144514 210785 140426 133078 240877 90274.6 61731.9 52664.1 17904.1 13502.8 10479.5 2861.36 5258.29 492.166 163.431
threshold=5856.4050000000016 17636.370000000003 0.89770792659488652 39167.250000000007 5.5000000000000009 38099.400000000001 38025.580000000009 24211.150000000005 2.5000000000000004 2.5000000000000004 16.500000000000004 5.5000000000000009 34320.92500000001 4698.1400000000012 31662.355000000003 7101.4100000000008 70.500000000000014 15674.830000000002 11291.910000000003 3.5000000000000004 20297.150000000005 3.5000000000000004 3.5000000000000004 28727.050000000003 38782.750000000007 35435.200000000004 3.5000000000000004 2.5000000000000004 31747.500000000004 32419.975000000002
decision_type=2 2 2 2 2 2 2 2 2 2 2 2 2 2 2 2 2 2 2 2 2 2 2 2 2 2 2 2 2 2
left_child=2 18 9 24 5 -5 -6 8 17 12 11 -11 25 -14 -12 16 -9 -3 26 23 -21 -17 -10 -20 29 -1 27 -2 -28 -4
right_child=1 7 3 4 6 -7 -8 15 22 10 14 -13 13 -15 -16 21 -18 -19 19 20 -22 -23 -24 -25 -26 -27 28 -29 -30 -31
leaf_value=-1.4510308456420891 -9.5889604226136829 -4.1399117121083107 -0.04380767544110617 17.371471456001544 24.375000317891441 37.956205829821137 2.7085116648155712 7.1121403407644141 -2.2825667200452191 7.941054830551149 21.24336853027344 30.362651062011714 20.621316566467272 4.2269306629896164 7.351664417918693 0.19632989314253912 1.3776465723070048 -10.470732914317738 -5.4719451606273655 -2.9181623863451414 -7.4946663379669189 1.9534305844988145 -0.1515212604677991 -8.8914485230874476 3.9458957672119142 1.2424889289415801 -9.7064794616699217 -8.7625161327813803 -9.4180362519763765 0.36879407763481131
leaf_weight=5.0000000000000027 39 43 5.9999999999999982 29 11.999999999999998 19 23 22 59 4.9999999999999982 2.9999999999999991 4 5.0000000000000027 15.999999999999998 47 242 59 10.999999999999998 3.9999999999999991 33 15.999999999999998 63 57 89 2.9999999999999991 12.999999999999998 50 38 21 4
leaf_count=5 39 43 6 29 12 19 23 22 59 5 3 4 5 16 47 242 59 11 4 33 16 63 57 89 3 13 50 38 21 4
internal_value=-0.100798 -2.89322 12.0765 16.5915 19.033 25.5196 10.137 -0.0506767 -2.56766 7.65356 9.66804 17.9062 4.60602 8.13036 8.18517 1.05784 2.93516 -5.42952 -8.34306 -7.24958 -4.41253 0.559272 -1.23542 -8.74437 1.00385 0.494289 -9.39221 -9.1811 -9.62117 0.121233
internal_weight=1040 846 194 96 83 48 35 556 170 98 59 9 39 21 50 386 81 54 290 142 49 305 116 93 13 18 148 77 71 10
internal_count=1040 846 194 96 83 48 35 556 170 98 59 9 39 21 50 386 81 54 290 142 49 305 116 93 13 18 148 77 71 10
is_linear=0
shrinkage=0.05


Tree=8
num_leaves=30
num_cat=0
split_feature=2 1 4 4 7 0 4 3 1 0 4 3 1 4 4 2 8 2 4 1 4 4 3 3 4 8 2 0 1
split_gain=1.43168e+07 4.75891e+06 3.55033e+06 2.34686e+06 1.58314e+06 962214 1.17795e+06 958660 714978 659181 428252 377971 319141 496539 292697 222872 218475 141742 155097 118688 105370 72301.8 62438.8 23664.6 17155.2 10575.1 32393.9 4333.72 312.424
threshold=5856.4050000000016 19694.049999999999 44735.000000000007 45602.500000000007 3.5000000000000004 41384.250000000007 44065.000000000007 0.97000117379689221 37114.970000000008 41365.950000000004 42910.000000000007 0.68906785033007545 12421.950000000001 36662.500000000007 36372.500000000007 3622.5900000000006 2.5000000000000004 6664.630000000001 36372.500000000007 37843.42500000001 39052.500000000007 36372.500000000007 0.4737664649414946 0.43090346252617029 39497.500000000007 2.5000000000000004 19907.430000000004 43229.350000000006 11291.910000000003
decision_type=2 2 2 2 2 2 2 2 2 2 2 2 2 2 2 2 2 2 2 2 2 2 2 2 2 2 2 2 2
left_child=2 12 5 7 8 10 -7 9 -5 -4 14 16 25 23 -1 -12 20 18 -13 -8 -3 -19 -15 -14 -18 28 -27 -6 -2
right_child=1 11 3 4 27 6 19 -9 -10 -11 15 17 13 22 -16 -17 24 21 -20 -21 -22 -23 -24 -25 -26 26 -28 -29 -30
leaf_value=10.676824340820312 -9.166683573118398 -9.480907991197375 25.980946447508678 5.5773306965827949 -0.19441088318824762 47.894423421223976 16.554393513997393 3.6730949401855471 30.983361477322049 40.537029418945316 -0.58793652534484864 14.857617314656578 -3.3730627346038817 -8.8320241889953603 1.3902132229613406 10.677632384830051 0.12595941421558274 2.4264593648662172 3.0898900146995274 2.4897660573323561 -3.414948380334037 0.4914208369998842 -6.5569750879155961 -1.0276477056114297 -1.0628490643602022 -4.8586716055870056 -8.6600171986748204 1.3179512355062697 -9.4962790489196784
leaf_weight=9.9999999999999982 71 8.9999999999999982 35 3.9999999999999991 10.000000000000002 2.9999999999999982 3 3.9999999999999991 8.9999999999999982 9.9999999999999982 4.9999999999999991 2.9999999999999991 14.999999999999998 50 56 36 53 60 42 3 35 247 76 38 71 5.9999999999999991 85 8.9999999999999982 7.9999999999999991
leaf_count=10 71 9 35 4 10 3 3 4 9 10 5 3 15 50 56 36 53 60 42 3 35 247 76 38 71 6 85 9 8
internal_value=0.0501001 -2.70881 12.2201 20.2528 9.72116 6.61113 22.3129 27.1305 23.1661 29.2156 5.29042 0.32246 -7.22532 -5.75183 2.79728 9.30378 -1.6288 1.25374 3.87441 9.52208 -4.65571 0.869604 -7.45977 -1.69144 -0.554729 -8.77681 -8.40938 0.521971 -9.20006
internal_weight=1066 869 197 81 32 116 9 49 13 45 107 520 349 179 66 41 168 352 45 6 44 307 126 53 124 170 91 19 79
internal_count=1066 869 197 81 32 116 9 49 13 45 107 520 349 179 66 41 168 352 45 6 44 307 126 53 124 170 91 19 79
is_linear=0
shrinkage=0.05


Tree=9
num_leaves=31
num_cat=0
split_feature=2 1 4 2 7 4 4 1 4 2 4 6 7 0 2 4 8 0 4 4 4 0 0 0 4 4 3 1 2 2
split_gain=1.16491e+07 4.20141e+06 2.97233e+06 1.48176e+06 1.52972e+06 2.27961e+06 2.04459e+06 385598 315266 263329 472433 262596 327102 217383 161735 215396 140525 95965.6 68029.7 52239 48321.2 45128.9 18465.7 57327.1 11186.2 9339.63 3878.54 3497.24 1456.34 419.821
threshold=5856.4050000000016 19045.935000000005 42910.000000000007 4698.1400000000012 5.5000000000000009 44810.000000000007 44810.000000000007 24211.150000000005 36372.500000000007 19907.430000000004 37010.000000000007 66.500000000000014 1.5000000000000002 38416.750000000007 7564.1850000000004 36372.500000000007 2.5000000000000004 34383.30000000001 39497.500000000007 39052.500000000007 39497.500000000007 37566.600000000006 35767.450000000004 35927.150000000001 27195.000000000004 42412.500000000007 0.86228918605479687 11798.66 4291.5100000000011 5478.4950000000008
decision_type=2 2 2 2 2 2 2 2 2 2 2 2 2 2 2 2 2 2 2 2 2 2 2 2 2 2 2 2 2 2
left_child=2 9 8 4 6 -6 -4 16 13 10 24 -5 -13 28 15 -9 17 -3 -16 -12 -18 26 27 -24 -2 -23 -10 -11 -1 -15
right_child=1 7 3 11 5 -7 -8 14 21 22 19 12 -14 29 18 -17 20 -19 -20 -21 -22 25 23 -25 -26 -27 -28 -29 -30 -31
leaf_value=13.60266437530518 -4.4026783307393398 -2.6154548102244739 14.710001100342851 17.809585475921633 32.622042846679669 1.2570796796253749 33.652307237897602 11.051000635964531 -2.0220047950744604 -8.4617842013495306 -8.7610747870944792 12.904361562728878 1.9172729429744539 1.6089293162027998 1.4609845358492999 1.9952150194712406 0.09248601502560555 -7.574403703212738 -0.23290315480321966 -6.5422193949421246 -2.1000848435262149 3.3478698790073396 -0.6243849436442056 -9.3671644592285137 -1.2493843759430781 1.6647800571778242 -0.10553529465740377 -9.1686119461059583 14.882657165527341 2.4454111099243159
leaf_weight=3.9999999999999982 2.9999999999999991 25 29 4.9999999999999991 8.0000000000000018 21 28 6.9999999999999991 3.0000000000000027 140 42 10.000000000000002 21 2.9999999999999991 87 106 47 15.999999999999998 186 72 54 15.999999999999998 3 5 45 17 22 20 5 3
leaf_count=4 3 25 29 5 8 21 28 7 3 140 42 10 21 3 87 106 47 16 186 72 54 16 3 5 45 17 22 20 5 3
internal_value=-0.11312 -2.62024 10.9182 15.6933 19.2585 9.90948 24.015 0.145835 2.9379 -7.04596 -5.60763 7.17651 5.4615 9.39913 0.965377 2.55619 -2.08193 -4.55065 0.306907 -7.35969 -1.07978 1.26689 -8.43292 -6.08862 -1.44647 2.48082 -0.335512 -8.55014 14.3138 2.02717
internal_weight=1053 858 195 122 86 29 57 528 73 330 162 36 31 15 386 113 142 41 273 114 101 58 168 8 48 33 25 160 9 6
internal_count=1053 858 195 122 86 29 57 528 73 330 162 36 31 15 386 113 142 41 273 114 101 58 168 8 48 33 25 160 9 6
is_linear=0
shrinkage=0.05


Tree=10
num_leaves=30
num_cat=0
split_feature=2 1 1 3 3 6 5 3 7 3 8 1 8 0 8 0 8 0 3 7 7 1 8 3 3 0 7 1 3
split_gain=1.01005e+07 3.67059e+06 1.21064e+06 680575 754716 1.2308e+06 750459 640224 556748 347147 340645 329228 283559 226723 183033 141901 102420 152219 77286.4 63236.8 43677.1 37368.2 62311.8 21108.9 16271.7 9652.48 6158.13 4236.36 1230.29
threshold=5836.3600000000015 19694.049999999999 33773.81500000001 0.90047498870759213 0.91018657589553331 71.500000000000014 16.500000000000004 0.90736172913988977 1.0000000180025095e-35 0.67941011222495773 2.5000000000000004 14661.67 3.5000000000000004 38338.05000000001 2.5000000000000004 38052.700000000004 2.5000000000000004 35227.250000000007 0.62503850983852638 1.5000000000000002 3.5000000000000004 12266.150000000001 3.5000000000000004 0.55759802675893144 0.44205582830112838 37404.200000000004 3.5000000000000004 30004.735000000004 0.85966518856125818
decision_type=2 2 2 2 2 2 2 2 2 2 2 2 2 2 2 2 2 2 2 2 2 2 2 2 2 2 2 2 2
left_child=2 11 10 6 7 -6 -4 -5 -8 14 25 21 20 15 18 -12 19 -18 -3 -11 -13 26 -23 -16 -14 27 -2 -1 -15
right_child=1 9 3 4 5 -7 8 -9 -10 16 13 12 24 28 23 -17 17 -19 -20 -21 -22 22 -24 -25 -26 -27 -28 -29 -30
leaf_value=-1.3870705842971782 -7.6755574248818794 -8.7868183135986335 33.245141601562501 18.536665156682329 39.575643920898443 10.752248244285584 16.678937442486102 37.861879984537765 4.9018316577781329 1.7399897470431669 9.2088376465965691 -5.0287394155213176 -4.5130049705505373 2.3119755744934087 -2.7099684000015261 21.003691609700525 6.1169547875722259 1.335376152590052 -3.5039232438802723 -0.76084869932997368 -7.3253471580711578 -7.7058899034772601 -4.149239653035214 -0.48696565626515559 -0.68804891830996473 2.916173489888509 -8.2887451075300387 0.24011304333806038 1.2027908611297606
leaf_weight=5.0000000000000062 85 8.9999999999999982 2.9999999999999991 15.000000000000002 3.9999999999999991 50 12.999999999999998 5.9999999999999991 44 35 17.000000000000007 47 2.9999999999999991 4.9999999999999982 11.999999999999998 2.9999999999999991 18 221 30 91 37 35 19 97 38 2.9999999999999991 79 20 5
leaf_count=5 85 9 3 15 4 50 13 6 44 35 17 47 3 5 12 3 18 221 30 91 37 35 19 97 38 3 79 20 5
internal_value=-0.0884538 -2.41813 10.2442 12.8398 16.0151 12.8873 8.8707 24.0582 7.58784 0.259125 4.2026 -6.4223 -4.37659 7.9045 -1.78348 10.9781 1.08736 1.6955 -4.72305 -0.0661714 -6.04034 -7.5953 -6.45448 -0.7317 -0.967924 0.236265 -7.97093 -0.0853237 1.75738
internal_weight=1049 856 193 135 75 54 60 21 57 513 58 343 125 30 148 20 365 239 39 126 84 218 54 109 41 28 164 25 10
internal_count=1049 856 193 135 75 54 60 21 57 513 58 343 125 30 148 20 365 239 39 126 84 218 54 109 41 28 164 25 10
is_linear=0
shrinkage=0.05


Tree=11
num_leaves=30
num_cat=0
split_feature=3 1 4 3 7 4 0 3 7 7 0 4 0 4 1 4 8 3 3 7 1 3 0 0 8 3 4 4 3
split_gain=9.52327e+06 3.6964e+06 2.54413e+06 930105 1.2542e+06 2.24904e+06 1.41589e+06 494037 319630 360059 322596 280481 246446 680499 205351 305818 179704 139323 85203.9 52233.5 25832.4 22614.5 17928.7 14286.3 8988.31 5335.97 26770.7 960.914 241.531
threshold=0.86438079074335972 19045.935000000005 42910.000000000007 0.8945737634156411 5.5000000000000009 44810.000000000007 41365.950000000004 0.76638639793532815 4.5000000000000009 1.5000000000000002 39369.000000000007 36662.500000000007 37768.80000000001 44735.000000000007 12266.150000000001 36662.500000000007 2.5000000000000004 0.65899448354509205 0.65716187406009119 1.0000000180025095e-35 14105.765000000001 0.84733745858333787 38270.05000000001 38010.500000000007 3.5000000000000004 0.36039930606048309 34905.000000000007 29480.000000000004 0.88846726075507776
decision_type=2 2 2 2 2 2 2 2 2 2 2 2 2 2 2 2 2 2 2 2 2 2 2 2 2 2 2 2 2
left_child=1 14 11 8 6 -6 -5 16 9 -4 -10 23 13 -9 25 20 17 -3 -18 -17 -16 -14 28 -2 -24 27 -27 -1 -13
right_child=2 7 3 4 5 -7 -8 12 10 -11 -12 22 21 -15 15 19 18 -19 -20 -21 -22 -23 24 -25 -26 26 -28 -29 -30
leaf_value=-8.0178486938476574 12.73648468017578 -5.2066741365374938 13.785454264554108 16.46935757717916 30.982468838161878 0.88489127159118652 34.443480043278804 3.1887285447588156 23.916505018870041 2.5231690577790142 3.8355536142985018 -0.50014010270436549 0.95764276333379028 20.990386597315471 -3.546328544158202 -3.7387632354100546 -1.1257832154345055 -1.2918176824099399 0.76646857166917426 -6.9049305065713753 -0.91483460195136801 2.4583292099737353 1.3902720364332197 8.3720317840576151 3.5452569643656413 -2.5267567237218223 -7.8552764892578129 -7.6766013743513728 -0.015556089000569451
leaf_weight=25 5 33 11.000000000000002 28 9.0000000000000018 20 18 51 5.9999999999999982 20 3 3.0000000000000027 132 5.9999999999999991 12.999999999999998 14.999999999999998 104 73 139 99 33 31 25.000000000000004 3 5.9999999999999991 2.9999999999999991 10.999999999999998 118 18
leaf_count=25 5 33 11 28 9 20 18 51 6 20 3 3 132 6 13 15 104 73 139 99 33 31 25 3 6 3 11 118 18
internal_value=0.0717291 -2.03354 10.7304 15.085 18.3689 10.2255 23.5027 0.377011 8.92773 6.51946 17.2229 2.38411 2.23266 5.06259 -6.36036 -5.09976 -0.792737 -2.51059 -0.043384 -6.48833 -1.65852 1.24305 1.04323 11.0998 1.80737 -7.64505 -6.71345 -7.73626 -0.0847824
internal_weight=1061 886 175 115 75 29 46 569 40 31 9 60 220 57 317 160 349 106 243 114 46 163 52 8 31 157 14 143 21
internal_count=1061 886 175 115 75 29 46 569 40 31 9 60 220 57 317 160 349 106 243 114 46 163 52 8 31 157 14 143 21
is_linear=0
shrinkage=0.05


Tree=12
num_leaves=30
num_cat=0
split_feature=2 1 4 4 7 0 4 1 4 7 3 4 4 4 7 3 4 2 4 2 4 4 1 4 0 0 6 0 4
split_gain=8.20999e+06 2.8439e+06 1.95055e+06 1.51367e+06 977535 880731 794042 602097 513042 1.56863e+06 294123 242662 171973 276095 254314 162748 98916.7 84878.9 63857.4 125992 58449.8 230874 76993 57219.8 48106.2 15124.5 9836.41 4213.4 2653.26
threshold=6318.6750000000002 20408.820000000003 44735.000000000007 45602.500000000007 3.5000000000000004 41507.30000000001 44065.000000000007 37236.700000000004 44810.000000000007 5.5000000000000009 0.46223377729250298 37740.000000000007 42910.000000000007 36372.500000000007 1.5000000000000002 0.67941011222495773 42277.500000000007 15752.315000000002 36662.500000000007 20065.745000000006 36372.500000000007 36090.000000000007 27317.550000000007 43767.500000000007 35323.55000000001 39967.100000000006 65.500000000000014 43051.80000000001 42595.000000000007
decision_type=2 2 2 2 2 2 2 2 2 2 2 2 2 2 2 2 2 2 2 2 2 2 2 2 2 2 2 2 2
left_child=2 10 5 8 7 12 -7 -5 25 -10 18 26 13 -1 -14 17 -13 24 19 -2 21 -17 -22 -19 -3 -4 -12 -6 -20
right_child=1 15 3 4 27 6 -8 -9 9 -11 11 16 14 -15 -16 20 -18 23 28 -21 22 -23 -24 -25 -26 -27 -28 -29 -30
leaf_value=8.2964181154966354 -1.8289252573952954 -2.5328151345252992 26.042385355631513 0.15757973988850915 -0.71330457210540743 41.450030517578128 7.4209533214569081 26.93036891392299 23.22743389253263 0.82762202349576075 -2.6748196125030521 -6.7412581280446977 15.035215650285995 0.9643693038362724 4.642447884018357 1.0037753161517056 -3.3851755545327538 -1.4398802598317466 -7.5016059525807712 -6.6559975201433366 -1.1125407162308694 10.094555521011353 0.9194566241862101 -10.57473163604736 -0.35585829295044724 29.363270568847657 -0.49637148121469904 0.67635044865310201 -6.9686845253253811
leaf_weight=15.999999999999998 17 36 5.9999999999999991 2.9999999999999982 10.000000000000002 2.9999999999999991 4 7 27 10.999999999999998 5.9999999999999991 52 6.9999999999999991 65 37 55 38 2.9999999999999991 120 66 60 7.9999999999999991 209 4 86 7.9999999999999991 38 11.999999999999998 29
leaf_count=16 17 36 6 3 10 3 4 7 27 11 6 52 7 65 37 55 38 3 120 66 60 8 209 4 86 8 38 12 29
internal_value=-0.143758 -2.41087 8.53635 14.4925 5.93652 4.74604 22.0048 18.8985 19.7578 16.7433 -5.70154 -3.83652 3.77955 2.41268 6.29584 0.20168 -5.32425 -1.30546 -6.77876 -5.66732 0.787283 2.15816 0.466223 -6.6598 -0.998239 27.94 -0.793433 0.0446891 -7.39788
internal_weight=1043 827 216 84 32 132 7 10 52 38 366 134 125 81 44 461 90 129 232 83 332 63 269 7 122 14 44 22 149
internal_count=1043 827 216 84 32 132 7 10 52 38 366 134 125 81 44 461 90 129 232 83 332 63 269 7 122 14 44 22 149
is_linear=0
shrinkage=0.05


Tree=13
num_leaves=31
num_cat=0
split_feature=2 3 4 2 7 4 4 4 7 3 4 0 0 8 4 8 5 4 4 4 2 2 4 0 4 4 6 0 4 6
split_gain=8.43851e+06 2.78736e+06 2.08919e+06 1.12192e+06 650198 1.68346e+06 1.52734e+06 298948 294694 266145 248668 246491 186510 103510 104595 95184 99540.2 92821.2 89769 84280.6 261842 58468.8 54460.3 33689.2 28363.8 24088.5 23308.9 16878.4 4552.61 2831.78
threshold=5836.3600000000015 0.56135143871521587 42910.000000000007 4407.3950000000013 5.5000000000000009 44810.000000000007 44810.000000000007 44810.000000000007 4.5000000000000009 0.67941011222495773 36372.500000000007 38338.05000000001 35041.100000000006 2.5000000000000004 39052.500000000007 2.5000000000000004 15.500000000000002 43067.500000000007 46555.000000000007 37740.000000000007 19907.430000000004 19121.375000000004 38452.500000000007 37429.950000000004 42277.500000000007 43377.500000000007 67.500000000000014 37566.600000000006 37010.000000000007 70.500000000000014
decision_type=2 2 2 2 2 2 2 2 2 2 2 2 2 2 2 2 2 2 2 2 2 2 2 2 2 2 2 2 2 2
left_child=2 12 10 4 6 -6 -4 8 -5 13 11 23 19 14 -3 22 -17 21 -9 20 -2 -14 -11 -1 -21 -19 -15 29 -29 -12
right_child=1 9 3 7 5 -7 -8 18 -10 15 27 -13 17 26 -16 16 -18 25 -20 24 -22 -23 -24 -25 -26 -27 -28 28 -30 -31
leaf_value=17.868525695800788 -1.5129272573228394 -7.6083330848000275 11.043342167398205 6.9091185251871723 26.968096008300776 0.81654201522469527 28.432546888078964 1.1472770607564597 19.818131119864329 -4.1388177871704102 -1.6755279223124167 1.0322072761399406 -0.58561891245522668 -1.4582948279935262 -2.1445831284966581 5.0170986820208405 1.249008408345414 -10.573898569742839 8.3187586545944221 -7.2128015099502196 -6.9716848373413089 -4.125255282595754 0.12298463713221189 11.379189936319985 -5.8553261882492471 -5.5646926403045658 0.056646479522028281 2.7487356458391452 1.2995417197545371 -0.0015253543853759766
leaf_weight=2.9999999999999982 35 10.999999999999998 23 12.000000000000002 10.000000000000002 15.999999999999998 28 16.000000000000004 6.9999999999999991 7.9999999999999991 3.0000000000000027 6.9999999999999991 28 43 43 19 226 2.9999999999999991 5.9999999999999991 123 59 20 119 6 56 11.999999999999998 62 7.0000000000000027 24 15.999999999999998
leaf_count=3 35 11 23 12 10 16 28 16 7 8 3 7 28 43 43 19 226 3 6 123 59 20 119 6 56 12 62 7 24 16
internal_value=0.0423515 -2.02161 9.76763 13.7522 17.3098 10.8748 20.5904 7.07086 11.6651 0.233563 2.64372 8.06914 -5.58558 -1.47864 -3.25757 0.965391 1.54123 -3.13334 3.10314 -6.15148 -4.93917 -2.06047 -0.145475 13.5423 -6.78812 -6.56653 -0.563758 0.907583 1.62678 -0.265842
internal_weight=1051 867 184 118 77 26 51 41 19 531 66 16 336 159 54 372 245 63 22 273 94 48 127 9 179 15 105 50 31 19
internal_count=1051 867 184 118 77 26 51 41 19 531 66 16 336 159 54 372 245 63 22 273 94 48 127 9 179 15 105 50 31 19
is_linear=0
shrinkage=0.05


Tree=14
num_leaves=30
num_cat=0
split_feature=3 1 4 4 4 7 4 4 2 3 1 4 1 8 2 4 4 3 7 5 4 3 4 0 2 0 5 5 0
split_gain=7.41472e+06 2.72593e+06 1.99458e+06 1.13268e+06 1.24533e+06 664717 1.43543e+06 685680 395556 497235 388910 242708 184884 181641 131480 177893 82500.5 199392 69952.9 68936.4 43754.3 38144.5 29583.4 19843 13954.8 9623.85 8205.9 3508.86 2825.63
threshold=0.86438079074335972 17636.370000000003 44735.000000000007 45602.500000000007 46555.000000000007 5.5000000000000009 44810.000000000007 45077.500000000007 3622.5900000000006 0.90736172913988977 22811.605000000007 42910.000000000007 38185.215000000004 2.5000000000000004 7633.3300000000008 36372.500000000007 36662.500000000007 0.37348775106649673 2.5000000000000004 17.500000000000004 39497.500000000007 0.56135143871521587 44065.000000000007 35688.950000000004 17914.595000000005 39196.900000000001 16.500000000000004 18.500000000000004 41227.30000000001
decision_type=2 2 2 2 2 2 2 2 2 2 2 2 2 2 2 2 2 2 2 2 2 2 2 2 2 2 2 2 2
left_child=1 16 8 5 27 7 -7 -4 22 11 13 -10 -6 19 15 -12 17 23 -16 -3 -15 24 25 -1 -18 -2 -19 -5 -24
right_child=2 10 3 4 12 6 -8 -9 9 -11 14 -13 -14 20 18 -17 21 26 -20 -21 -22 -23 28 -25 -26 -27 -28 -29 -30
leaf_value=-6.3403852407894448 -0.034276615298138212 -3.6206241574138405 33.293761226109091 0.72399797240893027 11.618909962971996 25.213741084507532 1.0774715510281649 15.604505750868052 2.4996856466706459 23.942403745651248 7.8876691718896232 9.0260523404393886 26.45467551095145 0.047087312913408473 0.97674032942531941 1.535080498771535 -5.7737792986743859 -0.59851033935944231 -0.55057584386901792 -8.0644298553466793 -2.0343870666027071 -0.78402400016784668 -3.6544094085693342 -2.1782612164815265 -6.7254449966106016 2.0927010443475509 -2.2470753486339863 -0.68461017395768853 -1.7750386834144589
leaf_weight=63 13.000000000000002 32 14 12.000000000000002 3.0000000000000018 14 11 9 29 3.9999999999999991 11.999999999999998 28 7 51 153 135 53 18.000000000000004 147 11.999999999999998 50 2.9999999999999991 4.0000000000000018 2.9999999999999991 141 8.9999999999999982 12.999999999999998 6.9999999999999991 4
leaf_count=63 13 32 14 12 3 14 11 9 29 4 12 28 7 51 153 135 53 18 147 12 50 3 4 3 141 9 13 7 4
internal_value=-0.0295797 -1.85572 9.60115 15.5238 7.7219 20.2375 14.5938 26.3719 4.58968 6.90147 0.0987221 5.70562 22.0039 -2.15139 0.828623 2.05366 -5.79121 -4.59757 0.228355 -4.83257 -0.983346 -6.37893 -0.110969 -6.1512 -6.46545 0.835851 -1.28984 0.205037 -2.71472
internal_weight=1054 886 168 77 29 48 25 23 91 61 592 57 10 145 447 147 294 97 300 44 101 197 30 66 194 22 31 19 8
internal_count=1054 886 168 77 29 48 25 23 91 61 592 57 10 145 447 147 294 97 300 44 101 197 30 66 194 22 31 19 8
is_linear=0
shrinkage=0.05


Tree=15
num_leaves=29
num_cat=0
split_feature=2 1 4 7 4 7 0 2 3 1 4 0 4 4 8 3 4 4 3 6 2 2 7 6 3 2 0 0
split_gain=6.29467e+06 2.61761e+06 1.82308e+06 1.29597e+06 1.70943e+06 814959 551025 342503 302596 200420 156177 151216 131093 388792 113307 118101 106809 99747.4 185243 90879.9 78342 69209.1 58640.6 36402.7 25162.5 11829.4 5341.81 1841.75
threshold=4763.8150000000014 20408.820000000003 44735.000000000007 5.5000000000000009 44810.000000000007 4.5000000000000009 41580.150000000009 4200.6000000000013 0.76969871397857215 17540.610000000004 44065.000000000007 42943.80000000001 36372.500000000007 36090.000000000007 2.5000000000000004 0.62503850983852638 37740.000000000007 36662.500000000007 0.35222923576441029 66.500000000000014 8680.6950000000015 3622.5900000000006 3.5000000000000004 77.500000000000014 0.92455390841753837 18718.780000000002 39967.100000000006 34630.900000000009
decision_type=2 2 2 2 2 2 2 2 2 2 2 2 2 2 2 2 2 2 2 2 2 2 2 2 2 2 2 2
left_child=2 9 6 5 26 11 7 21 14 17 -9 -4 13 -10 15 -3 27 18 -2 -14 -16 -1 -18 -7 -6 -19 -5 -11
right_child=1 8 3 4 24 23 -8 10 12 16 -12 -13 19 -15 20 -17 22 25 -20 -21 -22 -23 -24 -25 -26 -27 -28 -29
leaf_value=-0.2871961725289347 -6.0289743352819372 -7.6281816974282268 13.725020533341629 22.636934916178387 -1.3987489908933635 33.910219643332731 25.440860716501874 3.917669985975536 1.0860562797387439 0.3070530951023101 13.655319359824063 26.178667704264328 4.4761214370528855 15.356760733468192 8.269349273045858 -1.297196903920943 -2.4101781465113166 -5.6010768281446923 -1.5396765765175224 1.2126891852434105 0.1293607974452759 3.4907563995231281 -6.0281078130006795 27.696609497070312 2.1652662662359385 -6.4023561039908987 25.073191663953992 -0.52400318548083313
leaf_weight=27 54 7.9999999999999991 12.999999999999998 2.9999999999999991 8.0000000000000018 11.000000000000002 2.9999999999999991 7.0000000000000027 15.000000000000002 10.000000000000002 9.9999999999999982 2.9999999999999991 24 6.9999999999999991 2.9999999999999991 93 24 74 40 192 201 22 21 2.9999999999999991 12.999999999999998 122 8.9999999999999982 20
leaf_count=27 54 8 13 3 8 11 3 7 15 10 10 3 24 7 3 93 24 74 40 192 201 22 21 3 13 122 9 20
internal_value=-0.104263 -1.58741 10.098 16.2475 9.40994 23.7688 4.48321 3.53059 0.613621 -4.86182 9.6457 16.0601 1.9498 5.62673 -0.429033 -1.79866 -2.55792 -5.45765 -4.11863 1.57529 0.249067 1.40903 -4.09855 32.5787 0.807546 -6.09983 24.4641 -0.246984
internal_weight=1040 908 132 63 33 30 69 66 543 365 17 16 238 22 305 101 75 290 94 216 204 49 45 14 21 196 12 30
internal_count=1040 908 132 63 33 30 69 66 543 365 17 16 238 22 305 101 75 290 94 216 204 49 45 14 21 196 12 30
is_linear=0
shrinkage=0.05


Tree=16
num_leaves=30
num_cat=0
split_feature=3 3 4 3 7 4 0 3 7 7 0 3 4 4 0 4 8 4 2 4 4 3 4 0 0 4 6 4 0
split_gain=5.70616e+06 2.30087e+06 1.3217e+06 420951 466768 1.32506e+06 1.01192e+06 274354 264696 309572 300464 156924 165642 153282 145926 550901 120963 139577 52913.7 46273.7 36360.8 91115 20508 14661 11566.6 7331.41 7094.32 4056.7 482.943
threshold=0.86438079074335972 0.56135143871521587 42910.000000000007 0.8945737634156411 5.5000000000000009 44810.000000000007 41365.950000000004 0.76969871397857215 4.5000000000000009 1.5000000000000002 39369.000000000007 0.46223377729250298 37740.000000000007 36662.500000000007 37768.80000000001 44735.000000000007 2.5000000000000004 39052.500000000007 9001.9100000000017 41855.000000000007 36662.500000000007 0.37348775106649673 39715.000000000007 38010.500000000007 38782.750000000007 42412.500000000007 67.500000000000014 42595.000000000007 37531.950000000004
decision_type=2 2 2 2 2 2 2 2 2 2 2 2 2 2 2 2 2 2 2 2 2 2 2 2 2 2 2 2 2
left_child=1 11 13 8 6 -6 -5 16 9 -4 -10 20 26 23 15 -9 17 -3 -18 -14 21 -1 -16 -2 28 -26 -13 -22 -15
right_child=2 7 3 4 5 -7 -8 14 10 -11 -12 12 19 24 22 -17 18 -19 -20 -21 27 -23 -24 -25 25 -27 -28 -29 -30
leaf_value=-5.7429913965322212 11.811594645182293 -5.1744870147705084 11.88623105829412 10.599348934338643 23.37956237792968 0.67930148045221972 25.779864775507079 2.0944243466312233 22.952702941894529 1.346277868669284 2.937251726786295 -1.5207971838804393 -6.0363836975658645 -0.21824857294559474 2.2628089323639871 16.987083489554269 3.8844101058112255 -0.94620012942324871 -0.02920745267384799 -3.4973287654550456 -6.1705551329113195 -1.9079128614493781 0.67660948397212284 6.8684252421061176 2.5762150526046743 0.82842978835105896 -0.070527138436834017 -5.4845830220442551 0.47306344707806902
leaf_weight=59 2.9999999999999991 25 11.000000000000002 26 10.000000000000002 18 19 55 5 19 3 12.999999999999998 34 16.000000000000004 24 6.9999999999999991 8.9999999999999982 89 214 38 126 21 135 3 10.000000000000002 14.999999999999998 24 26 2.9999999999999991
leaf_count=59 3 25 11 26 10 18 19 55 5 19 3 13 34 16 24 7 9 89 214 38 126 21 135 3 10 15 24 26 3
internal_value=-0.0756791 -1.62815 8.59306 11.6336 13.8551 8.78654 17.0089 0.349262 7.36587 5.21093 15.4469 -4.8639 -3.29907 1.84312 1.71834 3.77585 -0.54856 -1.87346 0.128741 -4.69633 -5.5991 -4.73628 0.916036 9.34001 0.820814 1.52754 -0.580081 -6.05322 -0.109094
internal_weight=1060 899 161 111 73 28 45 558 38 30 8 341 109 50 221 62 337 114 223 72 232 80 159 6 44 25 37 152 19
internal_count=1060 899 161 111 73 28 45 558 38 30 8 341 109 50 221 62 337 114 223 72 232 80 159 6 44 25 37 152 19
is_linear=0
shrinkage=0.05


Tree=17
num_leaves=28
num_cat=0
split_feature=3 1 4 7 8 0 4 3 4 1 4 3 4 0 4 4 1 4 2 4 4 1 4 4 7 1 6
split_gain=5.02619e+06 2.06888e+06 1.18149e+06 532804 1.55271e+06 586417 520143 238543 187962 173653 172567 147576 124207 256419 121514 121237 105986 80543.8 74768.7 65050.7 61392.3 23605.4 65232.8 11679.5 6823.78 5830.91 5632.07
threshold=0.87128993698350055 19694.049999999999 42910.000000000007 3.5000000000000004 2.5000000000000004 41384.250000000007 44735.000000000007 0.9089469965463649 46555.000000000007 27317.550000000007 36662.500000000007 0.46223377729250298 39497.500000000007 35881.400000000001 37740.000000000007 37740.000000000007 36953.445000000007 42910.000000000007 9275.3250000000025 41515.000000000007 39052.500000000007 12421.950000000001 36662.500000000007 39905.000000000007 3.5000000000000004 36224.700000000004 65.500000000000014
decision_type=2 2 2 2 2 2 2 2 2 2 2 2 2 2 2 2 2 2 2 2 2 2 2 2 2 2 2
left_child=1 11 10 5 16 7 -6 -4 -7 15 -2 21 13 -11 26 18 -5 -14 -3 -16 -17 24 -23 -12 -1 -25 -13
right_child=2 9 3 4 6 8 -8 -9 -10 12 23 14 17 -15 19 20 -18 -19 -20 -21 -22 22 -24 25 -26 -27 -28
leaf_value=-5.2968393269707184 10.402864532470703 7.5860114961862566 7.7974222151438388 7.5339548707008293 4.0897431876924299 35.989685058593771 17.607513205531767 18.488635063171387 21.53814561631944 12.881417306264243 2.8447690963745118 -1.8689265762056626 -0.41853908157064801 2.0853961104244898 -5.4958506329115053 -3.754097073121617 -1.2086060917864625 1.4433490701449605 0.58329053649931784 -2.636246803644541 -1.0126865802237588 -2.0412401105228226 -5.614034144083659 -0.21960464526453746 -5.9322823433648972 1.0746246081377779 -0.27740445534388225
leaf_weight=85 4.9999999999999991 3.9999999999999991 15.000000000000002 4.0000000000000027 8.9999999999999982 2.9999999999999973 34 7.9999999999999991 9 5.9999999999999991 4.9999999999999991 6.9999999999999991 105 66 43 24 26 130 81 37 137 19 39 23 84 13.999999999999998 27
leaf_count=85 5 4 15 4 9 3 34 8 9 6 5 7 105 66 43 24 26 130 81 37 137 19 39 23 84 14 27
internal_value=-0.0726897 -1.5138 8.23929 11.1191 8.68733 16.1909 14.7782 11.5161 25.151 0.374987 1.62196 -4.57686 1.16812 2.98506 -3.10908 -0.61482 -0.0429313 0.611442 0.91283 -4.17328 -1.42134 -5.31398 -4.44364 0.576612 -5.61268 0.270104 -0.605071
internal_weight=1049 894 155 108 73 35 43 23 12 553 47 341 307 72 114 246 30 235 85 80 161 227 58 42 169 37 34
internal_count=1049 894 155 108 73 35 43 23 12 553 47 341 307 72 114 246 30 235 85 80 161 227 58 42 169 37 34
is_linear=0
shrinkage=0.05


Tree=18
num_leaves=31
num_cat=0
split_feature=2 1 4 3 4 2 4 4 0 3 9 0 3 4 8 6 2 4 4 4 1 4 3 4 0 1 4 2 0 3
split_gain=4.30467e+06 1.51157e+06 1.27341e+06 655055 606662 438813 435650 147876 257305 140730 124694 399852 98496.4 125755 74670.9 67667.2 66131.7 55772.4 47683.5 163248 59775.5 32633.8 78808.9 25335.3 23769.4 13431.8 12395.8 5812.45 2700.05 2073.11
threshold=6318.6750000000002 19045.935000000005 42910.000000000007 0.88145586859662395 44065.000000000007 4101.6400000000003 44735.000000000007 36372.500000000007 38099.55000000001 0.65899448354509205 1.0000000180025095e-35 37810.100000000013 0.46223377729250298 37740.000000000007 2.5000000000000004 69.500000000000014 15752.315000000002 39052.500000000007 36372.500000000007 36090.000000000007 27317.550000000007 36662.500000000007 0.37348775106649673 38452.500000000007 37810.100000000013 36224.700000000004 39497.500000000007 16284.860000000002 37870.700000000004 0.54962443640018088
decision_type=2 2 2 2 2 2 2 2 2 2 2 2 2 2 2 2 2 2 2 2 2 2 2 2 2 2 2 2 2 2
left_child=2 12 7 10 5 -5 -6 8 24 14 15 -12 21 29 16 -4 -3 -15 19 -11 -20 22 -2 28 -1 -25 -16 -23 -9 -14
right_child=1 9 3 4 6 -7 -8 23 -10 18 11 -13 13 17 26 -17 -18 -19 20 -21 -22 27 -24 25 -26 -27 -28 -29 -30 -31
leaf_value=16.419169616699218 -4.991333610780778 -2.3988708241780601 -0.98968058973550799 37.029943847656249 5.2601482778787618 11.732981872558591 13.482510680325177 1.2514306449890129 0.273288568854332 0.80812029379606243 24.824713134765627 4.2313863580877138 -0.53766397845286584 -6.2625998787257986 -0.060714768973547363 4.2935694036483767 -8.1491628011067707 -3.247084798501886 -0.82302791280772114 8.9607423509870259 0.69742187094734109 -3.2159278233846034 -1.2332145843240951 -0.54328045710507367 10.531585121154784 1.1295309295256935 -1.1851533035437265 -5.4389639464584558 2.6343754450480148 0.68505101203918461
leaf_weight=2.9999999999999991 62 30 7.9999999999999991 3.9999999999999991 24 3 49 5.0000000000000027 8.9999999999999982 50 2.9999999999999991 10.999999999999998 26.000000000000004 23 43 25 5.9999999999999991 46 93 6.9999999999999991 212 2.9999999999999991 18 36 4 18 57 148 11.999999999999998 3.9999999999999991
leaf_count=3 62 30 8 4 24 3 49 5 9 50 3 11 26 23 43 25 6 46 93 7 212 3 18 36 4 18 57 148 12 4
internal_value=-0.13855 -1.77235 6.18286 9.37517 12.1276 26.1884 10.7793 1.52283 5.86522 -0.0332982 4.69024 8.64424 -4.39673 -3.07722 -1.4046 3.01278 -3.35725 -4.25226 0.481887 1.80932 0.233809 -4.96223 -4.14576 0.544269 13.0548 0.0143233 -0.701645 -5.3948 2.22763 -0.374635
internal_weight=1042 828 214 127 80 7 73 87 16 498 47 14 330 99 136 33 36 69 362 57 305 231 80 71 7 54 100 151 17 30
internal_count=1042 828 214 127 80 7 73 87 16 498 47 14 330 99 136 33 36 69 362 57 305 231 80 71 7 54 100 151 17 30
is_linear=0
shrinkage=0.05


Tree=19
num_leaves=29
num_cat=0
split_feature=3 1 4 4 4 0 4 3 0 1 2 4 4 6 3 2 1 4 4 4 4 0 4 4 2 0 4 0
split_gain=4.33681e+06 1.76649e+06 1.10375e+06 595777 842157 380417 696725 259503 297027 183010 181542 196707 306914 134126 102828 229933 96282.7 146872 60499.8 66739.7 55856.8 42060.3 35614.3 11183.7 54539.8 3300.07 1972.21 817.223
threshold=0.86438079074335972 19694.049999999999 44735.000000000007 45602.500000000007 46555.000000000007 41384.250000000007 44065.000000000007 0.97000117379689221 41365.950000000004 37236.700000000004 8076.7850000000008 36372.500000000007 36090.000000000007 66.500000000000014 0.91018657589553331 3725.7150000000006 14105.765000000001 36662.500000000007 36372.500000000007 39052.500000000007 36090.000000000007 28727.050000000003 44065.000000000007 36662.500000000007 19907.430000000004 43051.80000000001 42595.000000000007 35845.150000000009
decision_type=2 2 2 2 2 2 2 2 2 2 2 2 2 2 2 2 2 2 2 2 2 2 2 2 2 2 2 2
left_child=1 16 5 7 25 14 -7 8 -4 -6 11 12 -3 -13 15 -2 23 27 20 -20 -12 -19 -16 24 -1 -5 -25 -18
right_child=2 10 3 4 9 6 -8 -9 -10 -11 18 13 -14 -15 22 -17 17 21 19 -21 -22 -23 -24 26 -26 -27 -28 -29
leaf_value=-1.1778771252117373 17.413721783955893 0.43913167317708324 14.223138247898646 -1.6745795929804439 5.6695805867512954 33.109487915039061 1.2338423728942869 1.1077510515848796 24.407614559597441 19.929462687174478 0.50593146786559373 4.5896947329243032 13.898872184753415 0.55237143716464443 0.9390673142942515 3.1988726726987147 -0.68482666154359961 1.6408509254455568 -3.1210863866806031 -0.40907874623123486 5.9265408325195317 -4.3676232519149778 -4.1898738861083986 -5.2803420102154774 -5.0288798153400425 -0.27888790335920127 -4.7704163344010064 -0.13943066530757481
leaf_weight=10.999999999999998 2.9999999999999991 9 35 8.0000000000000018 3.0000000000000027 2.9999999999999991 4 2.9999999999999991 8.9999999999999982 8.9999999999999982 96 24 8 144 22.000000000000004 55 29 2.9999999999999991 25 245 4.9999999999999991 100 3.9999999999999991 108 56 8.9999999999999982 23 8.9999999999999982
leaf_count=11 3 9 35 8 3 3 4 3 9 9 96 24 8 144 22 55 29 3 25 245 5 100 4 108 56 9 23 9
internal_value=0.0140064 -1.36619 7.41085 11.8588 6.22301 3.69608 14.8948 15.3362 16.3063 16.3645 0.368324 1.64777 6.77313 1.12913 2.76285 3.93412 -4.21099 -3.21244 -0.269675 -0.660191 0.774278 -4.19262 0.149999 -4.92207 -4.39663 -0.935684 -5.19081 -0.555654
internal_weight=1062 895 167 76 29 91 7 47 44 12 556 185 17 168 84 58 339 141 371 270 101 103 26 198 67 17 131 38
internal_count=1062 895 167 76 29 91 7 47 44 12 556 185 17 168 84 58 339 141 371 270 101 103 26 198 67 17 131 38
is_linear=0
shrinkage=0.05


Tree=20
num_leaves=30
num_cat=0
split_feature=2 3 4 4 4 7 4 3 0 4 2 3 0 2 4 7 4 8 4 4 2 4 3 4 4 2 0 4 3
split_gain=3.92885e+06 1.31322e+06 1.28477e+06 702598 763310 418443 978180 430368 366543 584271 160970 143135 118666 116253 145714 82361.7 87481.7 60544.9 60452.2 57123.7 49067.9 117796 38638.1 36800.9 42603.5 26866.5 11116.7 9730.65 3464.9
threshold=5856.4050000000016 0.56135143871521587 44735.000000000007 45602.500000000007 46555.000000000007 5.5000000000000009 44810.000000000007 0.87128993698350055 41384.250000000007 44065.000000000007 5327.4300000000012 0.65899448354509205 35041.100000000006 4138.5000000000009 44065.000000000007 2.5000000000000004 36372.500000000007 2.5000000000000004 39905.000000000007 42277.500000000007 18368.075000000004 37740.000000000007 0.79634256639588041 43067.500000000007 43377.500000000007 24076.985000000004 34011.150000000009 39497.500000000007 0.89282041390578315
decision_type=2 2 2 2 2 2 2 2 2 2 2 2 2 2 2 2 2 2 2 2 2 2 2 2 2 2 2 2 2
left_child=2 12 8 5 28 7 -7 -4 13 -10 -6 17 20 18 -15 16 -13 19 -1 -3 21 -2 -17 25 -25 -14 -22 -19 -5
right_child=1 11 3 4 10 6 -8 -9 9 -11 -12 15 23 14 -16 22 -18 27 -20 -21 26 -23 -24 24 -26 -27 -28 -29 -30
leaf_value=5.007547505696615 -0.50125674467820391 -5.0763920889960401 1.3799098332722965 -0.13837794234806838 17.876661529541018 19.321531911996694 -0.93741802735762159 21.514920475171962 30.683230590820301 2.7721642684936523 4.6712119698524477 3.3618903258442878 -0.7192632711306215 1.8718795018643144 7.0988630026578905 -0.72823704939956468 0.75241716473014808 -0.00082279791434605926 -0.35778184048831463 -1.2783426674929532 -4.6713463160993349 -4.4135559797286987 0.72445054897736461 -9.4247278849283855 -2.4378444433212283 -5.017021656036377 -6.3094968969171701 -1.0932179543883243 -1.4612345430586073
leaf_weight=5.9999999999999991 26 18 3.0000000000000027 11.000000000000002 9.9999999999999982 13 11 23 3 5 2.9999999999999991 40 40 40 20 120 163 36 42 22 177 74 74 2.9999999999999991 7.9999999999999991 3.9999999999999991 10.999999999999998 47 8.9999999999999982
leaf_count=6 26 18 3 11 10 13 11 23 3 5 3 40 40 40 20 120 163 36 42 22 177 74 74 3 8 4 11 47 9
internal_value=-0.0228941 -1.48326 6.31025 11.0597 5.39718 14.797 10.0362 19.1917 2.91191 13.2388 14.8293 0.100829 -3.88479 2.14695 3.61421 0.562571 1.2666 -1.38951 0.312884 -2.98746 -4.29121 -3.39636 -0.174119 -1.75665 -4.34336 -1.10997 -4.7672 -0.619408 -0.733663
internal_weight=1062 863 199 83 33 50 24 26 116 8 13 520 343 108 60 397 203 123 48 40 288 100 194 55 11 44 188 83 20
internal_count=1062 863 199 83 33 50 24 26 116 8 13 520 343 108 60 397 203 123 48 40 288 100 194 55 11 44 188 83 20
is_linear=0
shrinkage=0.05


Tree=21
num_leaves=28
num_cat=0
split_feature=3 1 4 4 0 7 7 2 1 4 4 0 4 4 7 2 4 3 2 7 7 7 1 4 4 1 1
split_gain=3.38892e+06 1.3093e+06 922813 511419 396453 501959 403350 250690 205627 126188 117650 107243 102435 92074.7 69870 47642.5 41805.4 100242 19630.8 74897.3 18083.2 9528.45 9428.67 9364.31 9317.63 4070.46 444.543
threshold=0.86438079074335972 17636.370000000003 42910.000000000007 44065.000000000007 39653.850000000006 4.5000000000000009 3.5000000000000004 4101.6400000000003 26765.880000000001 39497.500000000007 37740.000000000007 35767.450000000004 36662.500000000007 39052.500000000007 5.5000000000000009 9473.2750000000015 36662.500000000007 0.37348775106649673 15246.440000000002 1.0000000180025095e-35 3.5000000000000004 2.5000000000000004 33773.81500000001 42277.500000000007 39905.000000000007 37043.705000000009 35923.330000000009
decision_type=2 2 2 2 2 2 2 2 2 2 2 2 2 2 2 2 2 2 2 2 2 2 2 2 2 2 2
left_child=1 16 12 7 5 -5 -6 -4 10 11 15 -10 22 -12 -11 -3 17 20 19 -18 -1 -19 -2 -20 26 -26 -14
right_child=2 8 3 4 6 -7 -8 -9 9 14 13 -13 24 -15 -16 -17 18 21 23 -21 -22 -23 -24 -25 25 -27 -28
leaf_value=-3.3581601077112659 5.3281207402547208 6.6144998550725482 33.545949300130211 2.8972858715057375 12.146169049651535 22.30009704589844 4.8241969436286922 13.105368359883622 7.442065696716309 0.0043797514427488101 -4.3158803956262002 1.9066586180244174 1.7935401280721028 -1.2414923316750088 2.703580481807391 0.2158478294625335 3.1077051162719727 -2.1172303517659499 -4.8894989192001219 -4.7925754308700563 -5.0257135442785312 -0.15818781971931459 9.2922653198242156 -4.1095112601827299 -0.12125784421668334 1.1322644613683224 2.6542987823486324
leaf_weight=29 2.9999999999999991 2.9999999999999991 2.9999999999999991 4.9999999999999991 27 9.9999999999999982 62 3 9.9999999999999982 214 29 70 2.9999999999999991 152 27 96 3.9999999999999991 9.0000000000000018 123 11.999999999999998 37 20 3 56 34 7.9999999999999991 3
leaf_count=29 3 3 3 5 27 10 62 3 10 214 29 70 3 152 27 96 4 9 123 12 37 20 3 56 34 8 3
internal_value=-0.101452 -1.31724 6.50383 9.13171 8.31283 15.8325 7.04547 23.3257 0.0141734 0.877946 -0.97608 2.59858 1.15074 -1.73407 0.30678 0.409746 -4.07648 -3.21639 -4.49549 -2.81751 -4.293 -0.766167 7.31019 -4.64548 0.38081 0.117508 2.22392
internal_weight=1055 891 164 110 104 15 89 6 601 321 280 80 54 181 241 99 290 95 195 16 66 29 6 179 48 42 6
internal_count=1055 891 164 110 104 15 89 6 601 321 280 80 54 181 241 99 290 95 195 16 66 29 6 179 48 42 6
is_linear=0
shrinkage=0.05


Tree=22
num_leaves=29
num_cat=0
split_feature=3 1 4 4 4 4 7 4 1 6 8 4 4 4 2 7 4 2 4 1 4 2 1 8 4 4 6 2
split_gain=3.91018e+06 1.21525e+06 1.00936e+06 422510 554729 250246 485461 380319 163069 150246 125247 123497 96920.2 83695.2 80037.7 59491 52254.8 93519.5 26462.2 21165.6 18096.5 15413.9 8923.47 7798.32 6062.12 3966.73 2301.26 653.081
threshold=0.86438079074335972 17636.370000000003 42910.000000000007 45602.500000000007 46555.000000000007 44735.000000000007 5.5000000000000009 44065.000000000007 27910.340000000004 70.500000000000014 2.5000000000000004 36662.500000000007 39497.500000000007 36090.000000000007 15752.315000000002 5.5000000000000009 36662.500000000007 21421.390000000003 39497.500000000007 11798.66 27195.000000000004 12931.225000000002 33627.785000000003 2.5000000000000004 42595.000000000007 42412.500000000007 74.500000000000014 2150.4250000000006
decision_type=2 2 2 2 2 2 2 2 2 2 2 2 2 2 2 2 2 2 2 2 2 2 2 2 2 2 2 2
left_child=1 16 11 5 26 7 -7 -4 10 -6 14 22 13 -10 -3 -14 17 20 -12 -19 -1 -18 -2 27 -23 -25 -5 -13
right_child=2 8 3 4 9 6 -8 -9 12 -11 18 23 15 -15 -16 -17 21 19 -20 -21 -22 24 -24 25 -26 -27 -28 -29
leaf_value=-4.1067954540252689 5.000018723805745 -1.7228782559011844 17.256755913628474 -0.00016876757144927972 3.9211959838867139 18.84244063695272 8.8867935829162601 5.4414565861225128 0.60179914572964543 17.042047500610352 0.51567704374212087 0.044041398167610143 0.20769257460433155 4.6107782904307051 -6.6586001820034459 3.0738833439350128 -1.2999084711074831 -4.4884331397290502 -0.57191468916576482 -1.35516144434611 -0.53970815073698764 -4.5653053532606398 8.4493606567382802 1.5917676694118057 -3.8297373627915103 0.41591367498040199 -1.1146890591491354 -0.59484489336609847
leaf_weight=3.9999999999999991 3 94 8.9999999999999982 8.0000000000000018 3.0000000000000027 24 25 28 23 7.9999999999999991 108 6.0000000000000027 191 30 8.9999999999999982 20 3.9999999999999991 53 116 5.9999999999999991 32 159 5 13.000000000000002 34 15.999999999999998 10.999999999999998 11.999999999999998
leaf_count=4 3 94 9 8 3 24 25 28 23 8 108 6 191 30 9 20 4 53 116 6 32 159 5 13 34 16 11 12
internal_value=0.0715297 -1.26866 6.99192 9.63704 4.5279 11.4193 13.763 8.31545 0.0351688 13.4636 -0.711092 1.4131 0.959514 2.87103 -2.15415 0.479369 -3.90757 -2.94438 -0.0475401 -4.1698 -0.936051 -4.37205 7.15586 0.435611 -4.43572 0.943021 -0.645417 -0.381883
internal_weight=1054 883 171 116 30 86 49 37 591 11 327 55 264 53 103 211 292 95 224 59 36 197 8 47 193 29 19 18
internal_count=1054 883 171 116 30 86 49 37 591 11 327 55 264 53 103 211 292 95 224 59 36 197 8 47 193 29 19 18
is_linear=0
shrinkage=0.05


end of trees

feature_importances:
thermal_on_capacity=204
total_load=89
net_load=78
renewable_power=78
thermal_space_load_ratio=78
weekday=58
month=40
period=28
hour=9
is_weekend=1

parameters:
[boosting: gbdt]
[objective: regression]
[metric: rmse]
[tree_learner: serial]
[device_type: cpu]
[data_sample_strategy: bagging]
[data: ]
[valid: ]
[num_iterations: 400]
[learning_rate: 0.05]
[num_leaves: 31]
[num_threads: 0]
[seed: 42]
[deterministic: 0]
[force_col_wise: 0]
[force_row_wise: 0]
[histogram_pool_size: -1]
[max_depth: 5]
[min_data_in_leaf: 3]
[min_sum_hessian_in_leaf: 0.001]
[bagging_fraction: 0.85]
[pos_bagging_fraction: 1]
[neg_bagging_fraction: 1]
[bagging_freq: 1]
[bagging_seed: 400]
[bagging_by_query: 0]
[feature_fraction: 0.85]
[feature_fraction_bynode: 1]
[feature_fraction_seed: 30056]
[extra_trees: 0]
[extra_seed: 12879]
[early_stopping_round: 0]
[early_stopping_min_delta: 0]
[first_metric_only: 0]
[max_delta_step: 0]
[lambda_l1: 0]
[lambda_l2: 0]
[linear_lambda: 0]
[min_gain_to_split: 0]
[drop_rate: 0.1]
[max_drop: 50]
[skip_drop: 0.5]
[xgboost_dart_mode: 0]
[uniform_drop: 0]
[drop_seed: 17869]
[top_rate: 0.2]
[other_rate: 0.1]
[min_data_per_group: 100]
[max_cat_threshold: 32]
[cat_l2: 10]
[cat_smooth: 10]
[max_cat_to_onehot: 4]
[top_k: 20]
[monotone_constraints: ]
[monotone_constraints_method: basic]
[monotone_penalty: 0]
[feature_contri: ]
[forcedsplits_filename: ]
[refit_decay_rate: 0.9]
[cegb_tradeoff: 1]
[cegb_penalty_split: 0]
[cegb_penalty_feature_lazy: ]
[cegb_penalty_feature_coupled: ]
[path_smooth: 0]
[interaction_constraints: ]
[verbosity: -1]
[saved_feature_importance_type: 0]
[use_quantized_grad: 0]
[num_grad_quant_bins: 4]
[quant_train_renew_leaf: 0]
[stochastic_rounding: 1]
[linear_tree: 0]
[max_bin: 255]
[max_bin_by_feature: ]
[min_data_in_bin: 3]
[bin_construct_sample_cnt: 200000]
[data_random_seed: 175]
[is_enable_sparse: 1]
[enable_bundle: 1]
[use_missing: 1]
[zero_as_missing: 0]
[feature_pre_filter: 1]
[pre_partition: 0]
[two_round: 0]
[header: 0]
[label_column: ]
[weight_column: ]
[group_column: ]
[ignore_column: ]
[categorical_feature: ]
[forcedbins_filename: ]
[precise_float_parser: 0]
[parser_config_file: ]
[objective_seed: 16083]
[num_class: 1]
[is_unbalance: 0]
[scale_pos_weight: 1]
[sigmoid: 1]
[boost_from_average: 1]
[reg_sqrt: 0]
[alpha: 0.9]
[fair_c: 1]
[poisson_max_delta_step: 0.7]
[tweedie_variance_power: 1.5]
[lambdarank_truncation_level: 30]
[lambdarank_norm: 1]
[label_gain: ]
[lambdarank_position_bias_regularization: 0]
[eval_at: ]
[multi_error_top_k: 1]
[auc_mu_weights: ]
[num_machines: 1]
[local_listen_port: 12400]
[time_out: 120]
[machine_list_filename: ]
[machines: ]
[gpu_platform_id: -1]
[gpu_device_id: -1]
[gpu_use_dp: 0]
[num_gpu: 1]

end of parameters

pandas_categorical:[]
