tree
version=v4
num_class=1
num_tree_per_iteration=1
label_index=0
max_feature_idx=10
objective=regression
feature_names=total_load net_load renewable_power thermal_space_load_ratio thermal_on_capacity hour period weekday month is_weekend is_holiday
feature_infos=[25280.099999999999:41514.300000000003] [544.02999999999884:39077.769999999997] [1819.72:28713.84] [0.020645672996645218:0.95544019374254663] [27170:45275] [16:17] [67:72] [0:6] [2:4] [0:1] none
tree_sizes=1765 2019 1986 2053 2041 2281 2063 2088 2101 1989 2180 1994

Tree=0
num_leaves=20
num_cat=0
split_feature=1 1 4 7 4 2 4 0 1 1 1 4 4 1 8 1 4 4 7
split_gain=7.26042e+06 2.61006e+06 1.0299e+06 782340 1.28267e+06 706373 673279 283274 223538 157046 151204 121811 94027.2 27398.6 51634 26718.6 16926.2 1709.96 627.318
threshold=34442.725000000006 17742.940000000006 44735.000000000007 5.5000000000000009 44810.000000000007 7574.5400000000009 36372.500000000007 37696.750000000007 14774.120000000003 33645.805 22597.315000000002 37740.000000000007 37740.000000000007 12994.865000000003 3.5000000000000004 28806.340000000004 39052.500000000007 30732.500000000004 3.5000000000000004
decision_type=2 2 2 2 2 2 2 2 2 2 2 2 2 2 2 2 2 2 2
left_child=1 8 -2 -4 -5 6 7 -3 13 -8 12 17 -7 18 -15 -12 -13 -10 -1
right_child=2 5 3 4 -6 10 9 -9 11 -11 15 16 -14 14 -16 -17 -18 -19 -20
leaf_value=273.65982089066256 297.72179227265696 311.56433420571665 342.12346475991586 334.76366663369515 291.51366688800829 286.2449168315826 288.90846687809466 292.7470003484982 285.81183349681874 297.66366695158661 286.69281803496546 273.54433400226611 281.68482086957169 273.68130982653139 280.80254207047801 288.64548505122264 278.14408372633636 284.34983355594653 273.21366739663461
leaf_weight=12.999999999999998 3.9999999999999973 5.9999999999999982 5 4 3 20 35 3 3.0000000000000018 5.9999999999999991 86 2.9999999999999982 26 6.9999999999999982 4 22 6 6 20
leaf_count=13 4 6 5 4 3 20 35 3 3 6 86 3 26 7 4 22 6 6 20
internal_value=286.982 285.014 319.694 327.018 316.228 287.745 292.908 305.292 276.03 290.19 286.068 280.724 283.667 274.11 276.271 287.091 276.611 284.837 273.389
internal_weight=282 266 16 12 7 204 50 9 62 41 154 18 46 44 11 108 9 9 33
internal_count=282 266 16 12 7 204 50 9 62 41 154 18 46 44 11 108 9 9 33
is_linear=0
shrinkage=1


Tree=1
num_leaves=22
num_cat=0
split_feature=1 1 2 7 7 0 8 8 0 7 1 6 8 1 8 1 7 1 7 0 1
split_gain=8.50116e+06 2.64879e+06 747132 740680 548261 684030 681724 433898 393529 374093 193793 137573 125503 123326 96052.7 41782.4 35592 16553.4 346.025 691.703 450.803
threshold=33924.430000000015 17098.800000000007 7574.5400000000009 4.5000000000000009 5.5000000000000009 40102.30000000001 2.5000000000000004 3.5000000000000004 36673.700000000004 1.5000000000000002 12994.865000000003 67.500000000000014 3.5000000000000004 24373.715000000004 3.5000000000000004 14774.120000000003 1.5000000000000002 29167.340000000007 3.5000000000000004 30917.100000000002 12350.805
decision_type=2 2 2 2 2 2 2 2 2 2 2 2 2 2 2 2 2 2 2 2 2
left_child=1 10 7 9 6 -6 -5 11 -9 -2 18 -3 16 14 -4 -14 -12 -15 19 -1 -20
right_child=3 2 13 4 5 -7 -8 8 -10 -11 12 -13 15 17 -16 -17 -18 -19 20 -21 -22
leaf_value=-13.682991027832031 27.509743499755842 11.679576814174652 -4.6756493743075884 28.702136230468764 43.66181640624999 13.461816558837889 57.893829345703118 22.772450256347661 3.7794206237792967 6.9949914741516102 -8.0519513320922798 1.8913469648361207 -8.0274842398507271 -0.67719702819983174 -1.024532945502189 -2.8769027709960939 -13.218573226928712 1.0736423479186166 -13.660682678222654 -12.972803306579591 -13.009016164143882
leaf_weight=5.9999999999999991 4.0000000000000018 3.9999999999999991 43 3.9999999999999973 3 5 4 5.9999999999999982 5 5 5.0000000000000027 35 6.9999999999999991 54 31 8.9999999999999982 9.9999999999999982 18 23.000000000000004 7.9999999999999991 2.9999999999999991
leaf_count=6 4 4 43 4 3 5 4 6 5 5 5 35 7 54 31 9 10 18 23 8 3
internal_value=-0.29298 -2.90353 0.0938303 27.5877 34.0424 24.7868 43.298 5.36895 14.1393 16.1127 -11.1779 2.89527 -8.21065 -1.71272 -3.14613 -5.13028 -11.4964 -0.239487 -13.4776 -13.2772 -13.5855
internal_weight=292 267 196 25 16 8 8 50 11 9 71 39 31 146 74 16 15 72 40 14 26
internal_count=292 267 196 25 16 8 8 50 11 9 71 39 31 146 74 16 15 72 40 14 26
is_linear=0
shrinkage=0.05


Tree=2
num_leaves=22
num_cat=0
split_feature=1 1 7 7 4 4 2 4 1 7 0 4 4 7 1 4 8 4 7 1 0
split_gain=9.09781e+06 2.4424e+06 1.14041e+06 802088 1.1043e+06 738307 531961 500957 398650 392914 229214 205306 161166 74919.3 58339.6 53332.1 32852.2 24788.4 20233.7 5128.72 4983.05
threshold=33880.495000000003 20473.675000000007 4.5000000000000009 5.5000000000000009 44810.000000000007 44810.000000000007 7574.5400000000009 36372.500000000007 14774.120000000003 1.5000000000000002 37696.750000000007 37740.000000000007 44012.500000000007 1.0000000180025095e-35 24851.41 42910.000000000007 2.5000000000000004 39497.500000000007 1.0000000180025095e-35 16911.955000000002 33074.250000000007
decision_type=2 2 2 2 2 2 2 2 2 2 2 2 2 2 2 2 2 2 2 2 2
left_child=1 8 9 5 -5 -4 7 10 18 -2 -3 19 -9 -13 16 -11 -8 -16 -1 -10 -20
right_child=2 6 3 4 -6 -7 14 12 11 15 -12 13 -14 -15 17 -17 -18 -19 20 -21 -22
leaf_value=-9.2199546051025401 26.532213592529281 21.63382720947266 27.267030715942379 41.242107391357415 4.0887258529663084 54.999133300781239 -3.9948402993819294 0.28765441542086395 -3.0029840469360338 1.84846289952596 4.707012303670246 -1.9018412431081115 7.2526701835485614 -10.472157579309801 1.9046004857335772 10.667534255981444 -1.3157011667745455 -0.4519329468770461 -12.883910751342775 -1.3686002870400749 -11.732963928809532
leaf_weight=4.9999999999999991 4.0000000000000018 5.9999999999999982 4 4 4 6 17 23 8.0000000000000018 3 3 3.0000000000000027 12.999999999999998 17 13.999999999999998 4 35 55 34 11.999999999999998 12.999999999999998
leaf_count=5 4 6 4 4 4 6 17 23 8 3 3 3 13 17 14 4 35 55 34 12 13
internal_value=0.162164 -2.82244 26.7148 34.4659 22.6654 43.9063 0.799223 5.44055 -9.35718 14.0313 15.9916 -5.60448 2.8028 -9.18661 -0.92689 6.88793 -2.19157 0.0262043 -12.2439 -2.02235 -12.5656
internal_weight=287 258 29 18 8 10 166 45 92 11 9 40 36 20 121 7 52 69 52 20 47
internal_count=287 258 29 18 8 10 166 45 92 11 9 40 36 20 121 7 52 69 52 20 47
is_linear=0
shrinkage=0.05


Tree=3
num_leaves=23
num_cat=0
split_feature=1 1 7 0 7 3 4 1 4 0 6 1 4 1 4 7 1 1 2 4 1 7
split_gain=8.18256e+06 1.89724e+06 1.22363e+06 727334 589058 468532 331418 232393 230646 203054 187414 153373 111423 104847 77168.1 37665.7 22966.2 19188 16216.6 738.401 444.04 242.812
threshold=33880.495000000003 17742.940000000006 4.5000000000000009 40102.30000000001 5.5000000000000009 0.79191653386128802 36372.500000000007 35637.680000000008 44810.000000000007 37669.950000000004 67.500000000000014 12994.865000000003 37010.000000000007 22240.735000000004 37740.000000000007 1.5000000000000002 24851.41 14774.120000000003 4234.8900000000012 38452.500000000007 10599.285 3.5000000000000004
decision_type=2 2 2 2 2 2 2 2 2 2 2 2 2 2 2 2 2 2 2 2 2 2
left_child=1 11 7 8 -5 13 9 -2 18 -7 -8 19 17 14 -3 -14 -15 -13 -4 21 -21 -1
right_child=2 5 3 4 -6 6 10 -9 -10 -11 -12 12 15 16 -16 -17 -18 -19 -20 20 -22 -23
leaf_value=-12.026344108581538 3.8565187454223615 -1.3930559382719154 34.149564107259089 40.237934875488271 12.212755737304686 21.58996925354004 14.441297912597657 21.459274800618484 52.249176025390618 4.3818233489990224 1.4474079950435743 -6.1972885290781621 -5.8404986619949293 -1.698406494172608 -5.9750054264068604 -11.388873379047102 -0.1826585391536355 -2.4567997813224793 39.348374430338538 -12.084751637776693 -11.224480692545569 -12.348013444380328
leaf_weight=8.0000000000000018 5.0000000000000018 17 3.0000000000000018 3 5 3.9999999999999991 2.9999999999999991 3 4 3 37 6.0000000000000027 4.0000000000000027 41 20 12.999999999999998 64 7.9999999999999991 3 2.9999999999999991 3 22
leaf_count=8 5 17 3 3 5 4 3 3 4 3 37 6 4 41 20 13 64 8 3 3 3 22
internal_value=0.00267646 -2.71162 26.728 33.9593 22.7222 -0.148802 4.17837 10.4576 42.9491 14.215 2.42195 -9.94105 -7.36308 -1.58103 -3.86979 -10.0834 -0.774522 -4.05987 36.749 -12.161 -11.6546 -12.2622
internal_weight=282 256 26 18 8 189 47 8 10 7 40 67 31 142 37 17 105 14 6 36 6 30
internal_count=282 256 26 18 8 189 47 8 10 7 40 67 31 142 37 17 105 14 6 36 6 30
is_linear=0
shrinkage=0.05


Tree=4
num_leaves=22
num_cat=0
split_feature=1 1 0 3 0 1 1 1 6 2 8 8 1 7 1 0 8 5 2 7 7
split_gain=7.63194e+06 1.61545e+06 686313 720931 503871 304485 276608 167005 116926 111620 153715 59614.4 51355.5 44035.9 23442.5 45361.6 22890.9 22137.9 17671.2 17236.7 427.797
threshold=33880.495000000003 17742.940000000006 40646.80000000001 0.91019169367119857 39422.850000000013 28806.340000000004 35637.680000000008 14661.175000000001 69.500000000000014 6583.0000000000009 2.5000000000000004 3.5000000000000004 22240.735000000004 3.5000000000000004 12994.865000000003 33074.250000000007 3.5000000000000004 16.500000000000004 18718.780000000002 1.5000000000000002 3.5000000000000004
decision_type=2 2 2 2 2 2 2 2 2 2 2 2 2 2 2 2 2 2 2 2 2
left_child=1 7 3 4 8 12 -6 14 -2 10 -7 17 13 -3 20 -16 -14 -9 -13 -11 -1
right_child=2 5 -4 -5 6 9 -8 11 -10 19 -12 18 16 -15 15 -17 -18 -19 -20 -21 -22
leaf_value=-11.35954449971517 40.44489593505849 -1.7928271287520017 3.6004051685333254 45.823240966796874 7.1995923280715957 1.3496954298019406 23.681966604505263 -5.4720331668853746 27.386662801106766 2.6444706741968793 9.9149758902463052 -1.7920144304633141 -1.1153816413879394 -5.4130365173021957 -11.904886779785159 -4.7612291216850275 0.85810152346061352 -10.274153995513915 -6.2918253580729129 0.48385333642363548 -11.730674882368609
leaf_weight=11.999999999999998 4.0000000000000098 28 2.9999999999999991 4.9999999999999991 3.9999999999999982 10.000000000000002 7 4 3 14.999999999999998 10.999999999999998 7.9999999999999991 80 11.999999999999998 4.9999999999999982 4 18 6 3.0000000000000009 24 22
leaf_count=12 4 28 3 5 4 10 7 4 3 15 11 8 80 12 5 4 18 6 3 24 22
internal_value=0.255648 -2.30841 26.0934 29.0273 24.3618 -0.0762579 17.6884 -9.21412 34.8485 2.89735 5.83627 -5.55927 -1.36913 -2.87889 -10.999 -8.72993 -0.752905 -8.35331 -3.01924 1.31486 -11.5997
internal_weight=288 262 26 23 18 198 11 64 7 60 21 21 138 40 43 9 98 10 11 39 34
internal_count=288 262 26 23 18 198 11 64 7 60 21 21 138 40 43 9 98 10 11 39 34
is_linear=0
shrinkage=0.05


Tree=5
num_leaves=25
num_cat=0
split_feature=3 4 3 7 4 0 2 4 3 4 3 0 0 0 4 4 2 2 0 2 3 7 0 0
split_gain=6.04078e+06 1.86876e+06 1.52596e+06 736272 861420 466365 307290 533172 243905 197228 188920 87341.8 84534.2 73768.3 42815.8 36138.7 28540.1 24572.8 24307.4 22903.2 754.903 409.861 424.406 6.13394
threshold=0.86537915874890925 44735.000000000007 0.5859132295644639 5.5000000000000009 44810.000000000007 38939.150000000001 7574.5400000000009 36372.500000000007 0.38466844509352066 37740.000000000007 0.89595341401843565 33347.400000000001 36397.600000000006 36128.400000000009 42910.000000000007 42910.000000000007 8973.4950000000008 11297.755000000003 40015.100000000006 18580.865000000002 0.88145586859662395 3.5000000000000004 30917.100000000002 33202.400000000001
decision_type=2 2 2 2 2 2 2 2 2 2 2 2 2 2 2 2 2 2 2 2 2 2 2 2
left_child=2 5 8 18 -5 14 7 13 21 19 -7 17 -11 -4 -2 -9 -13 -8 -3 -10 -16 22 -1 -23
right_child=1 3 6 4 -6 10 11 15 9 12 -12 16 -14 -15 20 -17 -18 -19 -20 -21 -22 23 -24 -25
leaf_value=-11.184767456054688 -0.52813184738159158 42.49579772949221 19.246454772949217 35.551856689453125 1.6614523132642107 28.88296813964844 -3.1929563403129584 -0.46562414029065302 -1.5483703129431778 -10.538756900363497 12.284544372558592 0.83430395987298756 -2.5029147148132327 9.3289080301920553 6.2975161234537751 2.8451448348583654 -1.0240275734358215 -7.6612244510650633 48.449645996093736 -4.7926533102989195 5.175833765665689 -11.13098220825195 -10.620582885742188 -11.193583374023438
leaf_weight=4.9999999999999991 5.0000000000000018 3.9999999999999973 5 5 3 2.9999999999999991 7.9999999999999982 17 17.000000000000004 18.000000000000004 4 27 3.9999999999999991 3 3 15.999999999999998 88 5 3 7.9999999999999991 3 18.000000000000004 9.9999999999999982 4.9999999999999991
leaf_count=5 5 4 5 5 3 3 8 17 17 18 4 27 4 3 3 16 88 5 3 8 3 18 10 5
internal_value=0.0459996 20.171 -2.56866 33.2051 22.843 9.30925 0.179809 3.94697 -8.03327 -5.62495 19.3982 -1.02686 -9.07769 15.5274 2.88904 1.1396 -0.587724 -4.91152 45.0474 -2.58654 5.73667 -11.012 -10.8086 -11.1446
internal_weight=287 33 254 15 8 18 169 41 85 47 7 128 22 8 11 33 115 13 7 25 6 38 15 23
internal_count=287 33 254 15 8 18 169 41 85 47 7 128 22 8 11 33 115 13 7 25 6 38 15 23
is_linear=0
shrinkage=0.05


Tree=6
num_leaves=23
num_cat=0
split_feature=1 1 7 0 7 2 4 4 1 4 4 7 0 1 7 4 4 3 0 4 1 7
split_gain=4.62255e+06 1.4471e+06 813899 575395 454807 282923 329446 223096 190180 112439 105625 61636.8 48260 42733.7 32784.5 32531.2 23300.8 18611.6 58198.5 17387.7 1438.49 263.65
threshold=33880.495000000003 18927.385000000002 4.5000000000000009 40102.30000000001 5.5000000000000009 7574.5400000000009 36372.500000000007 45077.500000000007 14661.175000000001 37010.000000000007 42910.000000000007 1.0000000180025095e-35 36128.400000000009 25094.825000000001 5.5000000000000009 42910.000000000007 37740.000000000007 0.40105946379549234 33074.250000000007 39497.500000000007 16911.955000000002 3.5000000000000004
decision_type=2 2 2 2 2 2 2 2 2 2 2 2 2 2 2 2 2 2 2 2 2 2
left_child=1 8 7 14 -5 6 12 15 17 20 -8 -11 -3 16 -4 -2 -7 21 -19 -15 -10 -1
right_child=2 5 3 4 -6 13 10 -9 9 11 -12 -13 -14 19 -16 -17 -18 18 -20 -21 -22 -23
leaf_value=-10.306233274019682 1.0739990393320717 17.301690864562989 43.976129150390598 35.187882232666006 10.562497694492338 -0.47789667840115729 -0.36143939278342507 21.306793212890621 -2.2675225394112712 -1.3095898628234863 4.8860328491996317 -9.2605139805720409 8.9124624888102186 1.907616865363988 36.584184773763006 7.9617635726928704 -2.4225974845331772 -10.354063606262208 -2.1879296461741125 -0.29212807656018713 -1.2860584527254106 -10.590243877064099
leaf_weight=12.999999999999998 3 3.9999999999999991 3.0000000000000009 3 5 24 22 3 7.0000000000000027 2.9999999999999991 17 12.999999999999998 3 10.999999999999998 3 4 43 7.9999999999999982 3 49 7.9999999999999991 22
leaf_count=13 3 4 3 3 5 24 22 3 7 3 17 13 3 11 3 4 43 8 3 49 8 22
internal_value=-0.166823 -2.17902 20.7936 28.5755 19.797 0.358863 3.71859 9.89894 -7.88103 -4.85408 1.92592 -7.76972 13.7063 -0.858045 40.2802 5.00986 -1.72599 -9.92093 -8.12694 0.111158 -1.74408 -10.4848
internal_weight=274 250 24 14 8 173 46 10 77 31 39 16 7 127 6 7 67 46 11 60 15 35
internal_count=274 250 24 14 8 173 46 10 77 31 39 16 7 127 6 7 67 46 11 60 15 35
is_linear=0
shrinkage=0.05


Tree=7
num_leaves=23
num_cat=0
split_feature=1 1 3 7 0 2 8 0 1 7 6 8 6 7 1 8 7 3 0 2 2 2
split_gain=4.50938e+06 1.35543e+06 662812 357571 520953 322520 275868 250085 201689 163693 115665 94963.4 61041.6 59842.2 54344.8 45117.1 33522.3 18608.5 51090.7 16775.1 12535.5 249.564
threshold=33880.495000000003 18927.385000000002 0.93350698434365709 4.5000000000000009 40102.30000000001 7574.5400000000009 3.5000000000000004 36673.700000000004 14661.175000000001 1.5000000000000002 67.500000000000014 3.5000000000000004 69.500000000000014 1.0000000180025095e-35 24851.41 2.5000000000000004 3.5000000000000004 0.40105946379549234 33074.250000000007 18718.780000000002 9059.9300000000021 21610.315000000006
decision_type=2 2 2 2 2 2 2 2 2 2 2 2 2 2 2 2 2 2 2 2 2 2
left_child=1 8 3 9 12 6 10 -8 17 -2 -3 13 -5 -10 15 -7 -11 21 -19 -13 -16 -1
right_child=2 5 -4 4 -6 14 7 -9 11 16 -12 19 -14 -15 20 -17 -18 18 -20 -21 -22 -23
leaf_value=-10.129623958042691 19.062052917480429 11.258419736226401 39.212842178344729 37.940459187825532 11.044553260803221 -3.973976120195891 17.709898503621424 2.5690610504150388 -1.2441103180249533 1.0202991008758542 1.0286149004527501 -1.4333228126168249 27.854030100504549 -9.210857105255128 0.90902648025325361 -1.077690887062446 8.4949554443359343 -9.8773934500558056 -2.0785331765810642 -5.507675361633301 -0.47036342613399029 -9.8639904022216811
leaf_weight=13.999999999999998 3.0000000000000053 2.9999999999999991 3.9999999999999991 2.9999999999999982 5 19 5.9999999999999982 5 2.9999999999999991 3 35 16.000000000000004 3 10.999999999999998 28 46 3 6.9999999999999982 3 2.9999999999999991 40 24
leaf_count=14 3 3 4 3 5 19 6 5 3 3 35 16 3 11 28 46 3 7 3 3 40 24
internal_value=-0.114306 -2.00759 20.6329 16.9169 22.9642 0.387035 3.85472 10.8277 -7.3881 9.52577 1.83623 -4.37903 32.8972 -7.5037 -0.890535 -1.9243 4.75763 -9.45683 -7.53774 -2.07664 0.0976207 -9.96186
internal_weight=287 263 24 20 11 182 49 11 81 9 38 33 6 14 133 65 6 48 10 19 68 38
internal_count=287 263 24 20 11 182 49 11 81 9 38 33 6 14 133 65 6 48 10 19 68 38
is_linear=0
shrinkage=0.05


Tree=8
num_leaves=24
num_cat=0
split_feature=1 1 4 7 4 4 2 4 4 2 4 1 1 0 4 4 4 7 1 0 4 1 7
split_gain=5.267e+06 1.29326e+06 658341 428585 871605 413508 373787 281881 210626 119994 100617 83958.2 79126.2 72284.9 62823.7 53921.3 35632.9 14556.8 11660.2 537.039 355.557 246.299 199.832
threshold=33880.495000000003 17098.800000000007 44735.000000000007 5.5000000000000009 44810.000000000007 45077.500000000007 7131.0550000000012 36372.500000000007 44012.500000000007 4234.8900000000012 42910.000000000007 23797.950000000008 12994.865000000003 36128.400000000009 37010.000000000007 37740.000000000007 39497.500000000007 1.5000000000000002 14774.120000000003 40015.100000000006 38452.500000000007 10599.285 3.5000000000000004
decision_type=2 2 2 2 2 2 2 2 2 2 2 2 2 2 2 2 2 2 2 2 2 2 2
left_child=1 12 8 5 -5 19 7 13 -2 -10 -9 15 20 -3 18 -8 -13 -16 -14 -4 22 -22 -1
right_child=2 6 3 4 -6 -7 11 10 9 -11 -12 16 14 -15 17 -17 -18 -19 -20 -21 21 -23 -24
leaf_value=-9.2727458000183063 1.9066678047180159 18.303241729736328 41.214578247070307 32.595914306640616 1.2820933490991591 18.952504475911454 -0.56808091468281219 -0.53441554216238163 9.8352026939392072 22.082335662841793 5.4755006885528568 2.0159914864297028 -4.7319781164328232 8.0360392888387029 -5.0163011093934387 -3.5609923266750929 -0.35927228156725566 -8.9455589641224247 -1.6147921880086262 42.16065673828124 -9.3890197753906239 -8.8341562271118157 -9.5645604913884945
leaf_weight=8.0000000000000018 4.0000000000000027 3.9999999999999991 3 5 4 3 27 13.000000000000002 4 4 14.999999999999998 20 6.0000000000000018 3 2.9999999999999991 34 75 10.999999999999998 6 3 4 4 22
leaf_count=8 4 4 3 5 4 3 27 13 4 4 15 20 6 3 3 34 75 11 6 3 4 4 22
internal_value=0.529232 -1.80218 20.3463 26.394 18.6787 34.1092 0.258998 4.92875 11.2747 15.9588 2.68518 -0.788702 -7.95353 13.903 -5.8281 -2.23626 0.140783 -8.10358 -3.17339 41.6876 -9.40776 -9.11159 -9.48674
internal_weight=285 255 30 18 9 9 191 35 12 8 28 156 64 7 26 61 95 14 12 6 38 8 30
internal_count=285 255 30 18 9 9 191 35 12 8 28 156 64 7 26 61 95 14 12 6 38 8 30
is_linear=0
shrinkage=0.05


Tree=9
num_leaves=22
num_cat=0
split_feature=1 1 7 7 4 4 2 8 7 1 4 4 7 3 4 4 1 2 1 0 4
split_gain=4.74431e+06 1.00815e+06 630073 420853 786623 310575 228726 298910 188488 185442 156897 118845 48246.7 44236.3 61053.9 26970.2 13052.7 10355.7 6133.28 484.679 315.918
threshold=33880.495000000003 20473.675000000007 4.5000000000000009 5.5000000000000009 44810.000000000007 44810.000000000007 6741.8650000000007 3.5000000000000004 1.5000000000000002 13790.915000000003 44395.000000000007 37740.000000000007 1.0000000180025095e-35 0.77884521988370625 36372.500000000007 44585.000000000007 24851.41 18718.780000000002 12994.865000000003 40015.100000000006 41515.000000000007
decision_type=2 2 2 2 2 2 2 2 2 2 2 2 2 2 2 2 2 2 2 2 2
left_child=1 9 8 5 -5 -4 7 10 -2 18 -3 17 -13 16 -15 -10 -8 -11 20 -7 -1
right_child=2 6 3 4 -6 19 13 -9 15 11 -12 12 -14 14 -16 -17 -18 -19 -20 -21 -22
leaf_value=-9.0136219278971357 17.370797119140615 0.13813412904739375 19.89996922810872 30.966119079589841 1.2179887175559996 39.153848266601557 -1.3136082717859798 15.614573097229005 0.87395076751708967 -1.1852506978171211 9.3569185932477321 -1.4063708811998357 -7.376024345918136 6.3894435119628916 0.37445231367040566 7.5784478505452455 -0.22266846739042265 -3.9610653877258302 -6.891551989316941 40.05262451171874 -8.4754852294921879
leaf_weight=30 5.0000000000000018 20.000000000000007 3 5 4 3 58 4.9999999999999991 3 21.000000000000004 5.9999999999999991 4.0000000000000027 22 4.9999999999999991 27 3 52 3.9999999999999991 3.9999999999999991 3 2.9999999999999991
leaf_count=30 5 20 3 5 4 3 58 5 3 21 6 4 22 5 27 3 52 4 4 3 3
internal_value=0.442985 -1.68876 19.6287 25.3901 17.7447 33.0355 0.527552 4.41861 10.201 -6.04584 2.26555 -4.09083 -6.45762 -0.321906 1.31429 4.2262 -0.797891 -1.62938 -8.74058 39.6032 -8.9647
internal_weight=290 261 29 18 9 9 173 31 11 88 26 51 26 142 32 6 110 25 37 6 33
internal_count=290 261 29 18 9 9 173 31 11 88 26 51 26 142 32 6 110 25 37 6 33
is_linear=0
shrinkage=0.05


Tree=10
num_leaves=24
num_cat=0
split_feature=1 1 7 0 1 7 3 1 2 8 0 8 0 7 0 7 7 8 0 2 3 2 1
split_gain=4.39908e+06 902438 516417 290574 356906 170110 154488 153957 152668 275678 183713 115826 113515 63652.7 30046 24340.6 24059.2 49676.4 17621.8 24674 11135.6 2327.33 615.706
threshold=33880.495000000003 20473.675000000007 4.5000000000000009 40102.30000000001 36780.115000000013 1.5000000000000002 0.90134357861115666 14774.120000000003 7574.5400000000009 3.5000000000000004 36673.700000000004 3.5000000000000004 39282.000000000007 3.5000000000000004 34739.200000000004 3.5000000000000004 4.5000000000000009 2.5000000000000004 33074.250000000007 21610.315000000006 0.69029358807806473 16751.730000000003 13790.915000000003
decision_type=2 2 2 2 2 2 2 2 2 2 2 2 2 2 2 2 2 2 2 2 2 2 2
left_child=1 7 5 6 -5 -2 12 18 9 14 -11 13 -4 -9 -3 -7 20 -18 22 -20 -10 -13 -1
right_child=2 8 3 4 -6 15 -8 11 16 10 -12 21 -14 -15 -16 -17 17 -19 19 -21 -22 -23 -24
leaf_value=-8.5667294093540729 16.502257080078117 -1.869096655315823 29.612154769897444 2.4194055716196692 24.233969154357908 0.83025322159131343 36.41585998535156 -4.5389003483454378 -0.97607217256141754 15.503551991780601 1.6699906587600706 -0.57693510320451502 16.7458381652832 -10.313144901820593 1.4248303008079528 7.199525197347004 -6.1012256264686551 -0.80936053465394409 -4.0989980697631836 -8.3406284332275398 0.073843471040683131 -1.6405802845954895 -9.2298961639404293
leaf_weight=28 5.0000000000000018 8.9999999999999982 4.0000000000000018 3 5 3 4 15.000000000000002 46 5.9999999999999982 4 9.0000000000000018 3 6.9999999999999991 30 3 6.0000000000000027 17 5.9999999999999991 7.9999999999999991 56 11.999999999999998 3.9999999999999991
leaf_count=28 5 9 4 3 5 3 4 15 46 6 4 9 3 7 30 3 6 17 6 8 56 12 4
internal_value=0.172731 -1.89646 18.3126 23.3041 16.0535 9.69097 28.5772 -5.99171 0.19824 2.56376 9.97013 -3.84081 24.098 -6.37616 0.664693 4.01489 -0.729045 -2.18985 -8.00233 -6.52279 -0.399648 -1.18473 -8.64963
internal_weight=293 263 30 19 8 11 11 89 174 49 10 43 7 22 39 6 125 23 46 14 102 21 32
internal_count=293 263 30 19 8 11 11 89 174 49 10 43 7 22 39 6 125 23 46 14 102 21 32
is_linear=0
shrinkage=0.05


Tree=11
num_leaves=22
num_cat=0
split_feature=1 1 4 7 4 4 3 4 0 1 4 6 7 4 0 1 8 7 4 0 3
split_gain=3.22875e+06 846075 545610 286608 675201 299903 191723 212414 166760 143663 117074 69682.5 53576.9 52060.8 36952.7 21565.7 29038.7 19199.3 17099.9 7485.37 2180.97
threshold=33880.495000000003 20473.675000000007 44735.000000000007 5.5000000000000009 44810.000000000007 45077.500000000007 0.79191653386128802 36372.500000000007 37669.950000000004 14774.120000000003 37740.000000000007 67.500000000000014 1.0000000180025095e-35 44012.500000000007 39851.900000000009 23797.950000000008 2.5000000000000004 1.0000000180025095e-35 39497.500000000007 34897.80000000001 0.51427372677497285
decision_type=2 2 2 2 2 2 2 2 2 2 2 2 2 2 2 2 2 2 2 2 2
left_child=1 9 13 5 -5 -4 15 8 -8 17 20 -9 -12 -2 -15 16 -3 -1 -17 -19 -11
right_child=2 6 3 4 -6 -7 7 11 -10 10 12 -13 -14 14 -16 18 -18 19 -20 -21 -22
leaf_value=-3.8894008954366051 2.0148785670598328 -3.4073039561510088 36.307978515624995 28.051612854003903 0.49075487256050104 16.311226399739578 16.022180328369142 7.7964446783065799 2.3252767086029049 -1.6559648773886935 0.038570960362752232 0.87497859347611673 -7.1269384765625006 6.3402185916900624 13.136605072021482 1.2547439620775336 -0.66371002476061547 -8.2496743556431351 -0.51820995024241068 -5.6472751458485924 -0.68126368820667271
leaf_weight=2.9999999999999991 3.0000000000000027 13.999999999999998 5 5 4 3 4.9999999999999982 3.9999999999999991 4 11.000000000000002 3.0000000000000027 40 20 4 4 17 31 35 68 2.9999999999999991 11.999999999999998
leaf_count=3 3 14 5 5 4 3 5 4 4 11 3 40 20 4 4 17 31 35 68 3 12
internal_value=0.147303 -1.52871 16.3088 21.9232 15.8023 28.8092 0.401159 2.93579 9.93467 -5.58807 -3.66987 1.5042 -6.19231 7.63199 9.73841 -0.632192 -1.51727 -7.74021 -0.163619 -8.04422 -1.14743
internal_weight=298 270 28 17 9 8 183 53 9 87 46 44 23 11 8 130 45 41 85 38 23
internal_count=298 270 28 17 9 8 183 53 9 87 46 44 23 11 8 130 45 41 85 38 23
is_linear=0
shrinkage=0.05


end of trees

feature_importances:
net_load=63
thermal_on_capacity=56
weekday=45
total_load=35
renewable_power=22
month=17
thermal_space_load_ratio=15
period=6
hour=1

parameters:
[boosting: gbdt]
[objective: regression]
[metric: rmse]
[tree_learner: serial]
[device_type: cpu]
[data_sample_strategy: bagging]
[data: ]
[valid: ]
[num_iterations: 400]
[learning_rate: 0.05]
[num_leaves: 31]
[num_threads: 0]
[seed: 42]
[deterministic: 0]
[force_col_wise: 0]
[force_row_wise: 0]
[histogram_pool_size: -1]
[max_depth: 5]
[min_data_in_leaf: 3]
[min_sum_hessian_in_leaf: 0.001]
[bagging_fraction: 0.85]
[pos_bagging_fraction: 1]
[neg_bagging_fraction: 1]
[bagging_freq: 1]
[bagging_seed: 400]
[bagging_by_query: 0]
[feature_fraction: 0.85]
[feature_fraction_bynode: 1]
[feature_fraction_seed: 30056]
[extra_trees: 0]
[extra_seed: 12879]
[early_stopping_round: 0]
[early_stopping_min_delta: 0]
[first_metric_only: 0]
[max_delta_step: 0]
[lambda_l1: 0]
[lambda_l2: 0]
[linear_lambda: 0]
[min_gain_to_split: 0]
[drop_rate: 0.1]
[max_drop: 50]
[skip_drop: 0.5]
[xgboost_dart_mode: 0]
[uniform_drop: 0]
[drop_seed: 17869]
[top_rate: 0.2]
[other_rate: 0.1]
[min_data_per_group: 100]
[max_cat_threshold: 32]
[cat_l2: 10]
[cat_smooth: 10]
[max_cat_to_onehot: 4]
[top_k: 20]
[monotone_constraints: ]
[monotone_constraints_method: basic]
[monotone_penalty: 0]
[feature_contri: ]
[forcedsplits_filename: ]
[refit_decay_rate: 0.9]
[cegb_tradeoff: 1]
[cegb_penalty_split: 0]
[cegb_penalty_feature_lazy: ]
[cegb_penalty_feature_coupled: ]
[path_smooth: 0]
[interaction_constraints: ]
[verbosity: -1]
[saved_feature_importance_type: 0]
[use_quantized_grad: 0]
[num_grad_quant_bins: 4]
[quant_train_renew_leaf: 0]
[stochastic_rounding: 1]
[linear_tree: 0]
[max_bin: 255]
[max_bin_by_feature: ]
[min_data_in_bin: 3]
[bin_construct_sample_cnt: 200000]
[data_random_seed: 175]
[is_enable_sparse: 1]
[enable_bundle: 1]
[use_missing: 1]
[zero_as_missing: 0]
[feature_pre_filter: 1]
[pre_partition: 0]
[two_round: 0]
[header: 0]
[label_column: ]
[weight_column: ]
[group_column: ]
[ignore_column: ]
[categorical_feature: ]
[forcedbins_filename: ]
[precise_float_parser: 0]
[parser_config_file: ]
[objective_seed: 16083]
[num_class: 1]
[is_unbalance: 0]
[scale_pos_weight: 1]
[sigmoid: 1]
[boost_from_average: 1]
[reg_sqrt: 0]
[alpha: 0.9]
[fair_c: 1]
[poisson_max_delta_step: 0.7]
[tweedie_variance_power: 1.5]
[lambdarank_truncation_level: 30]
[lambdarank_norm: 1]
[label_gain: ]
[lambdarank_position_bias_regularization: 0]
[eval_at: ]
[multi_error_top_k: 1]
[auc_mu_weights: ]
[num_machines: 1]
[local_listen_port: 12400]
[time_out: 120]
[machine_list_filename: ]
[machines: ]
[gpu_platform_id: -1]
[gpu_device_id: -1]
[gpu_use_dp: 0]
[num_gpu: 1]

end of parameters

pandas_categorical:[]
