tree
version=v4
num_class=1
num_tree_per_iteration=1
label_index=0
max_feature_idx=10
objective=regression
feature_names=total_load net_load renewable_power thermal_space_load_ratio thermal_on_capacity hour period weekday month is_weekend is_holiday
feature_infos=[22195.900000000001:42469.599999999999] [-11825.210000000003:41070.110000000001] [1144.03:36022.5] [-0.52127464982271476:0.97282505160491894] [27170:45275] [15:19] [61:80] [0:6] [2:4] [0:1] none
tree_sizes=2398 2763 2731 2746 2664 2519 2445 2717 2612 2285 2582 2658 2584 2533 2723 2725 2835 2736 2718 2558 2663

Tree=0
num_leaves=27
num_cat=0
split_feature=2 1 4 0 4 2 0 1 4 1 4 1 4 2 4 0 4 5 4 1 1 2 1 4 8 4
split_gain=2.8077e+07 1.02773e+07 8.8553e+06 2.3019e+06 1.88969e+06 1.2665e+06 1.02478e+06 1.5843e+06 999101 831686 587853 584994 856288 318596 394763 268527 216139 169362 156367 151941 57035.7 50470.8 48567.1 81080.7 4628.63 979.76
threshold=5848.0400000000009 18906.050000000003 44735.000000000007 41390.650000000009 44065.000000000007 1263.7750000000003 41352.250000000007 39281.425000000003 42910.000000000007 22767.215000000004 36372.500000000007 13347.120000000001 36662.500000000007 7564.1850000000004 36372.500000000007 38934.100000000006 37740.000000000007 17.500000000000004 39497.500000000007 39281.425000000003 17652.890000000003 20630.670000000002 11291.910000000003 36662.500000000007 2.5000000000000004 27195.000000000004
decision_type=2 2 2 2 2 2 2 2 2 2 2 2 2 2 2 2 2 2 2 2 2 2 2 2 2 2
left_child=2 11 3 8 -5 -4 7 -7 10 16 -1 22 21 14 -11 -10 25 -18 -15 -8 -14 -13 24 -24 -2 -3
right_child=1 9 5 4 -6 6 19 -9 15 13 -12 12 20 18 -16 -17 17 -19 -20 -21 -22 -23 23 -25 -26 -27
leaf_value=284.0628612381177 255.81232439879906 269.87859442928999 282.71269463757244 330.77009270886151 284.6625945399162 309.43094957108349 316.54926141003341 275.99509433010786 276.04926102856365 284.789737473353 272.87398340064192 267.53105403066326 257.61842773523165 271.7007487511388 272.54061751617689 287.66971538268547 265.20703900325913 256.41567783255942 269.29700757428793 330.7825927088615 260.76517780654535 262.17889451245037 261.35451750533275 256.62702773948081 256.40307297379769 269.05131513667322
leaf_weight=14.999999999999998 63 3.9999999999999991 4.9999999999999991 3.9999999999999982 5 31 3 3.9999999999999991 5.9999999999999991 6.9999999999999991 54 37 72 107 109 29 63 5.9999999999999991 184 5 18 4.9999999999999991 12.999999999999998 30 70 34
leaf_count=15 63 4 5 4 5 31 3 4 6 7 54 37 72 107 109 29 63 6 184 5 18 5 13 30 70 34
internal_value=269.445 265.705 288.539 280.896 305.155 306.531 309.3 305.61 278.797 270.033 275.306 258.483 260.999 271.064 273.28 285.678 266.11 264.443 270.181 325.445 258.248 266.894 256.596 258.056 256.123 269.138
internal_weight=983 822 161 113 9 48 43 35 104 514 69 308 132 407 116 35 107 69 291 8 90 42 176 43 133 38
internal_count=983 822 161 113 9 48 43 35 104 514 69 308 132 407 116 35 107 69 291 8 90 42 176 43 133 38
is_linear=0
shrinkage=1


Tree=1
num_leaves=31
num_cat=0
split_feature=2 1 1 6 0 0 7 6 1 0 1 2 0 1 8 8 8 8 2 3 6 3 2 6 8 7 5 1 1 8
split_gain=2.1883e+07 8.66843e+06 4.55579e+06 1.11503e+06 1.08515e+06 896511 788108 771610 1.39215e+06 724458 668998 583066 555317 507632 677126 379465 333402 288454 175409 161626 149567 134627 124468 276053 91056 62116.5 58872.7 20574.5 14247.5 18039.4
threshold=6280.3000000000011 18906.050000000003 36386.585000000006 74.500000000000014 41707.200000000004 40432.450000000004 1.5000000000000002 71.500000000000014 34343.060000000005 42045.850000000013 24851.41 1873.7950000000003 39651.600000000006 12289.175000000003 3.5000000000000004 2.5000000000000004 2.5000000000000004 3.5000000000000004 5492.9000000000005 0.93493506680859417 73.500000000000014 0.44098241019733792 7322.3650000000007 69.500000000000014 3.5000000000000004 1.0000000180025095e-35 15.500000000000002 32987.67500000001 11291.910000000003 3.5000000000000004
decision_type=2 2 2 2 2 2 2 2 2 2 2 2 2 2 2 2 2 2 2 2 2 2 2 2 2 2 2 2 2 2
left_child=2 13 7 5 6 19 -5 8 15 -6 17 -7 -10 28 25 -1 27 20 -18 -4 -3 -16 23 -12 -24 -15 -19 -9 -2 -30
right_child=1 10 3 4 9 11 -8 16 12 -11 22 -13 -14 14 21 -17 18 26 -20 -21 -22 -23 24 -25 -26 -27 -28 -29 29 -31
leaf_value=2.4159536188298998 -12.463219133084708 -3.2369843094579638 59.891141764322846 33.271032060895649 58.461285400390629 45.553640174865727 14.639257736206055 0.29744686605408782 45.797483062744156 23.713200378417966 10.16336048933176 23.51075569788615 21.746389834086099 -7.4151495420015783 -6.5754014405337244 14.203470277786256 10.735208320617676 7.4257864634195974 5.0682804627852009 43.478452555338528 -9.9873194588555236 -1.4258997901280721 0.66813553690286209 2.089031259218852 2.8870617694542058 -11.120608842783961 0.22952774171200066 4.3066633701324468 -12.28373559805063 -9.371684265136718
leaf_weight=11.000000000000002 137 93 3.0000000000000027 6.9999999999999991 2.9999999999999991 3.9999999999999991 30 16.000000000000004 3.9999999999999982 3 12.999999999999998 11.999999999999998 6 12.999999999999998 22 18 36 2.9999999999999991 22 3 8.9999999999999982 30 191 57 61 87 54 3.9999999999999991 13 9
leaf_count=11 137 93 3 7 3 4 30 16 4 3 13 12 6 13 22 18 36 3 22 3 9 30 191 57 61 87 54 4 13 9
internal_value=-0.20045 -3.79312 15.4336 26.0469 21.3628 35.2024 18.1642 9.53728 15.2796 41.0872 0.413034 29.0215 31.3668 -10.2985 -8.23241 9.73234 6.6661 -2.24059 8.58568 51.6848 -3.8326 -3.60454 1.72336 3.58855 1.20526 -10.6389 0.608278 1.09929 -12.2736 -11.0924
internal_weight=974 792 182 65 43 22 37 117 39 6 481 16 10 311 152 29 78 159 58 6 102 52 322 70 252 100 57 20 159 22
internal_count=974 792 182 65 43 22 37 117 39 6 481 16 10 311 152 29 78 159 58 6 102 52 322 70 252 100 57 20 159 22
is_linear=0
shrinkage=0.05


Tree=2
num_leaves=30
num_cat=0
split_feature=2 1 4 0 4 7 4 2 4 4 1 4 1 4 0 2 6 4 6 4 0 1 2 1 1 4 0 2 8
split_gain=2.40662e+07 8.24671e+06 7.98956e+06 1.94932e+06 1.68535e+06 1.25118e+06 3.73204e+06 1.41882e+06 840092 679154 654767 549280 495320 652924 368099 281926 357179 218087 159587 112162 97222.5 84223 79872.4 78067.9 14968.5 28088.7 9753.82 8282.45 3912.51
threshold=5848.0400000000009 18906.050000000003 44735.000000000007 41390.650000000009 44065.000000000007 5.5000000000000009 44810.000000000007 5076.0650000000014 45077.500000000007 42910.000000000007 22767.215000000004 36372.500000000007 12289.175000000003 36662.500000000007 38934.100000000006 7249.8400000000011 70.500000000000014 37740.000000000007 72.500000000000014 36372.500000000007 39345.950000000004 37833.355000000003 19884.485000000004 17562.390000000003 11291.910000000003 34325.000000000007 40975.000000000007 11989.200000000003 2.5000000000000004
decision_type=2 2 2 2 2 2 2 2 2 2 2 2 2 2 2 2 2 2 2 2 2 2 2 2 2 2 2 2 2
left_child=2 12 3 9 -5 7 20 8 -4 11 17 -1 24 22 -11 16 -12 27 -19 -17 -7 -6 -14 -15 28 -26 -8 -3 -2
right_child=1 10 5 4 21 6 26 -9 -10 14 15 -13 13 23 -16 19 -18 18 -20 -21 -22 -23 -24 -25 25 -27 -28 -29 -30
leaf_value=13.718804957071942 -12.138189661502839 2.6326869487762452 52.972707926432271 56.510589599609389 20.534907023111973 35.810854339599594 1.71172695159912 9.4349454879760746 32.909212112426751 6.3093379280783921 9.5269287158613629 2.8581280825229793 -1.5774027029673259 -10.640062104881585 17.354810142517092 2.788082353274028 2.3189192237222898 -3.6924527220558705 -11.692134639195034 0.45640016987177906 44.913604181463072 8.6870491027832006 -6.6286198234558107 -7.4712774258393511 -7.5267251332600864 -11.615667016165597 5.0548173427581791 -0.096221582120970678 -11.599119387881856
leaf_weight=14.999999999999998 64 2.9999999999999991 15.000000000000004 3.9999999999999982 3 4.0000000000000009 3.0000000000000009 2.9999999999999991 8 10.999999999999998 23 52 36 77 24 66 68 57 6.9999999999999991 236 10.999999999999998 3 9.9999999999999982 26 6.0000000000000027 13.999999999999998 7.9999999999999991 38 71
leaf_count=15 64 3 15 4 3 4 3 3 8 11 23 52 36 77 24 66 68 57 7 236 11 3 10 26 6 14 8 38 71
internal_value=0.371379 -3.1974 17.8236 10.3038 31.3708 34.0199 26.2641 41.7757 45.9941 8.23846 0.763969 5.28962 -9.68675 -7.62826 13.8834 1.70109 4.14072 -2.74355 -4.56742 0.965973 42.4862 14.611 -2.67549 -9.84017 -11.6656 -10.389 4.14307 0.103455 -11.8547
internal_weight=966 802 164 112 10 52 26 26 23 102 498 67 304 149 35 393 91 105 64 302 15 6 46 103 155 20 11 41 135
internal_count=966 802 164 112 10 52 26 26 23 102 498 67 304 149 35 393 91 105 64 302 15 6 46 103 155 20 11 41 135
is_linear=0
shrinkage=0.05


Tree=3
num_leaves=31
num_cat=0
split_feature=2 1 4 0 4 7 4 1 3 4 4 1 4 1 0 4 1 2 6 4 0 0 1 5 3 1 7 5 6 0
split_gain=1.98968e+07 7.85631e+06 6.83292e+06 1.82112e+06 1.52103e+06 1.45506e+06 2.88231e+06 683924 662632 566365 568444 406506 507572 391384 283726 248016 172005 164732 291599 95922 79652 76845.5 73226.5 56554.6 39448.7 33023.9 45733.5 22587.3 3905.91 3257.58
threshold=5848.0400000000009 18906.050000000003 44735.000000000007 41390.650000000009 44065.000000000007 5.5000000000000009 44810.000000000007 26684.325000000004 0.95436161206681702 42910.000000000007 36372.500000000007 13347.120000000001 36662.500000000007 34007.355000000003 38934.100000000006 37740.000000000007 22767.215000000004 6661.4250000000011 70.500000000000014 39497.500000000007 39345.950000000004 41535.600000000006 17562.390000000003 15.500000000000002 0.42864238990167675 11291.910000000003 3.5000000000000004 18.500000000000004 74.500000000000014 30617.750000000004
decision_type=2 2 2 2 2 2 2 2 2 2 2 2 2 2 2 2 2 2 2 2 2 2 2 2 2 2 2 2 2 2
left_child=2 11 3 9 -5 8 20 15 13 10 -1 25 24 -4 -11 23 -17 18 -9 -19 -7 -6 -14 -3 -13 29 -27 -10 -8 -2
right_child=1 7 5 4 21 6 28 17 27 14 -12 12 22 -15 -16 16 -18 19 -20 -21 -22 -23 -24 -25 -26 26 -28 -29 -30 -31
leaf_value=13.829915400913784 -11.448531581080239 5.4967048009236663 18.28756917317704 53.685060119628922 19.538960011800128 34.020311737060531 3.3153627204895018 11.659156360228856 54.184877929687495 5.9938709779219197 2.5451344570246612 -5.5648071561540879 -10.036872385442258 38.18839372907366 15.691180531183878 -4.5377175162087626 -1.0177031244875658 3.46284959991773 2.6896215164983595 1.1724927393846885 42.661708450317384 8.2218989054361966 -6.8244095623493202 0.43861953802406789 -1.3827522318938685 -8.1270023692737929 -11.707398986816408 48.697038777669263 5.2075616200764969 -10.963649807305172
leaf_weight=13.999999999999998 86 5.9999999999999991 3.0000000000000062 3.9999999999999982 3 4.0000000000000009 5 11.999999999999998 5 10.999999999999998 55 6.9999999999999991 68 13.999999999999998 24 67 72 60 37 192 7.9999999999999991 3 24 70 29 22 14.999999999999998 3 6 58
leaf_count=14 86 6 3 4 3 4 5 12 5 11 55 7 68 14 24 67 72 60 37 192 8 3 24 70 29 22 15 3 6 58
internal_value=0.0651855 -3.08063 16.0855 9.42232 29.8023 31.9107 22.8347 0.69515 40.2606 7.46271 4.8348 -9.38582 -7.22927 34.6765 12.6435 -1.45869 -2.7144 2.23361 4.88624 1.71782 39.7812 13.8804 -9.19884 0.837942 -2.19593 -10.9109 -9.57851 52.1269 4.34747 -11.2532
internal_weight=987 825 162 114 10 48 23 516 25 104 69 309 128 17 35 215 139 301 49 252 12 6 92 76 36 181 37 8 11 144
internal_count=987 825 162 114 10 48 23 516 25 104 69 309 128 17 35 215 139 301 49 252 12 6 92 76 36 181 37 8 11 144
is_linear=0
shrinkage=0.05


Tree=4
num_leaves=29
num_cat=0
split_feature=2 1 1 0 5 2 1 1 7 7 8 1 8 1 2 6 8 5 8 7 0 3 0 3 0 6 3 0
split_gain=1.93353e+07 7.37779e+06 2.90459e+06 1.55747e+06 1.58434e+06 1.18507e+06 1.05704e+06 601993 557125 512180 349665 343633 504934 220004 211786 196457 173412 112836 93715.4 66198.6 63082.2 56694 35949.6 20845.4 6075.42 1972.63 927.156 293.571
threshold=5492.9000000000005 18906.050000000003 33681.630000000005 41352.250000000007 17.500000000000004 1263.7750000000003 38099.400000000001 22767.215000000004 4.5000000000000009 1.5000000000000002 2.5000000000000004 13347.120000000001 3.5000000000000004 33064.875000000007 7564.1850000000004 70.500000000000014 3.5000000000000004 17.500000000000004 3.5000000000000004 1.0000000180025095e-35 37738.350000000006 0.44098241019733792 35760.450000000004 0.3614838827878884 36638.30000000001 71.500000000000014 0.53928487712857309 38595.450000000004
decision_type=2 2 2 2 2 2 2 2 2 2 2 2 2 2 2 2 2 2 2 2 2 2 2 2 2 2 2 2
left_child=2 11 10 4 8 -5 -7 16 -4 -6 24 22 19 20 15 -9 17 -3 -16 -13 -12 -14 23 -2 25 -1 -18 -15
right_child=1 7 3 5 9 6 -8 14 -10 -11 13 12 21 27 18 -17 26 -19 -20 -21 -22 -23 -24 -25 -26 -27 -28 -29
leaf_value=-1.0646599578857407 -10.717495375066191 -3.5442308590747418 16.791256189346306 10.163608894348137 19.841617182681436 27.464202187278048 51.350674819946292 6.8664504149864456 32.649377637439308 9.9482383410135924 12.148627217610681 -5.7389587839444482 -5.4542478050504419 2.9158481597900394 0.23948383536627038 2.1278459383028276 -0.91032872200012216 -10.715175247192384 2.2748350417459164 -9.7182223799787923 21.02853190104166 -1.6393880479037763 -4.9345326741536466 -9.3906231622438181 2.2097032864888511 0.10395767001005321 0.0027030100947932193 3.5701606750488275
leaf_weight=5.0000000000000062 148 64 8.0000000000000018 5.0000000000000027 19 11.000000000000002 7.9999999999999991 29 18 42 5.9999999999999982 11.999999999999998 13.999999999999998 2.9999999999999991 213 89 2.9999999999999991 5.9999999999999991 77 81 3 32 2.9999999999999991 37 2.9999999999999991 12.999999999999998 38 4
leaf_count=5 148 64 8 5 19 11 8 29 18 42 6 12 14 3 213 89 3 6 77 81 3 32 3 37 3 13 38 4
internal_value=-0.171181 -3.08792 16.5015 20.5456 17.4349 31.8221 37.5217 0.618358 27.77 13.0298 4.36927 -8.97037 -7.08535 9.93785 1.50656 3.29242 -2.6464 -4.15888 0.779905 -9.20477 15.1086 -2.80043 -10.3641 -10.4521 0.126536 -0.220658 -0.0641042 3.28974
internal_weight=994 846 148 111 87 24 19 519 26 61 37 327 139 16 408 118 111 70 290 93 9 46 188 185 21 18 41 7
internal_count=994 846 148 111 87 24 19 519 26 61 37 327 139 16 408 118 111 70 290 93 9 46 188 185 21 18 41 7
is_linear=0
shrinkage=0.05


Tree=5
num_leaves=28
num_cat=0
split_feature=2 3 4 0 4 7 4 3 4 4 4 3 3 4 8 7 2 4 4 4 0 4 2 6 0 3 3
split_gain=1.66814e+07 6.09773e+06 5.732e+06 1.66419e+06 1.17105e+06 905444 2.54978e+06 1.11586e+06 667073 557848 549426 516348 446513 641291 250718 247275 173268 249374 137879 97980.6 86011.5 84373.5 77446 35799.3 15254.4 12439.3 7590.13
threshold=5848.0400000000009 0.56593719957116251 44735.000000000007 41390.650000000009 44065.000000000007 5.5000000000000009 44810.000000000007 0.86929463939195706 45077.500000000007 42910.000000000007 36372.500000000007 0.67941011222495773 0.40099291739885384 36662.500000000007 2.5000000000000004 3.5000000000000004 7322.3650000000007 36372.500000000007 39052.500000000007 36372.500000000007 35770.150000000001 41515.000000000007 4308.6100000000006 67.500000000000014 40956.30000000001 0.3614838827878884 0.45989101646505376
decision_type=2 2 2 2 2 2 2 2 2 2 2 2 2 2 2 2 2 2 2 2 2 2 2 2 2 2 2
left_child=2 12 3 9 -5 7 22 -4 -9 10 -1 14 20 26 18 -11 17 -13 -3 -18 25 -15 -7 -16 -8 -2 -14
right_child=1 11 5 4 -6 6 24 8 -10 15 -12 16 13 21 23 -17 19 -19 -20 -21 -22 -23 -24 -25 -26 -27 -28
leaf_value=12.45383279323578 -10.160580182075501 -9.9024539550145469 7.3040492534637371 49.329014587402355 13.032587432861327 38.639727783203128 -0.17209644317626949 46.894194382887619 28.543614768981929 16.485738420486452 1.9683494278213436 13.319956270853679 -2.1631506272724699 -9.3716519668698322 -1.9593349572590419 8.2350293840680813 2.7504133523520782 2.8062551840981271 -3.3383635570605601 0.41636991836721937 -1.443989404042562 -6.7386632396229391 30.878557128906237 0.01882705961664518 4.0893648692539761 -8.9535435409545894 -0.76731417840346694
leaf_weight=15.999999999999998 146 11.999999999999998 3.0000000000000027 3.9999999999999982 5 8.9999999999999982 3 13 8 15.999999999999998 57 5.9999999999999991 13.999999999999998 64 35 21 59 94 24 189 2.9999999999999991 58 5.0000000000000009 66 7 25 32
leaf_count=16 146 12 3 4 5 9 3 13 8 16 57 6 14 64 35 21 59 94 24 189 3 58 5 66 7 25 32
internal_value=-0.0381298 -2.94884 14.376 8.4928 29.1643 28.9614 22.0942 35.8286 39.9035 6.8015 4.26654 0.656478 -8.06164 -6.22301 -1.94368 11.8029 1.6801 3.43708 -5.52639 0.971646 -9.83687 -8.1199 35.8679 -0.666675 2.81093 -9.98411 -1.19213
internal_weight=994 827 167 119 9 48 24 24 21 110 73 485 342 168 137 37 348 100 36 248 174 122 14 101 10 171 46
internal_count=994 827 167 119 9 48 24 24 21 110 73 485 342 168 137 37 348 100 36 248 174 122 14 101 10 171 46
is_linear=0
shrinkage=0.05


Tree=6
num_leaves=27
num_cat=0
split_feature=2 1 4 0 4 2 0 1 1 4 4 1 4 0 4 2 4 5 2 1 4 1 3 0 2 2
split_gain=1.56952e+07 5.48182e+06 4.98912e+06 1.28582e+06 1.22358e+06 1.01451e+06 975327 658780 466502 465117 345712 262628 463065 212320 163121 137463 305954 105601 88284.7 73485.1 66903.3 50946 40125.8 29567.8 17760.9 12501.9
threshold=5848.0400000000009 18906.050000000003 44735.000000000007 41390.650000000009 44065.000000000007 1263.7750000000003 41352.250000000007 38777.970000000008 24211.150000000005 42910.000000000007 36372.500000000007 13347.120000000001 36662.500000000007 38934.100000000006 37740.000000000007 8062.5500000000002 36372.500000000007 17.500000000000004 3561.7250000000008 37833.355000000003 39497.500000000007 17562.390000000003 0.42864238990167675 35760.450000000004 10946.005000000003 19429.485000000004
decision_type=2 2 2 2 2 2 2 2 2 2 2 2 2 2 2 2 2 2 2 2 2 2 2 2 2 2
left_child=2 11 3 9 -5 -4 7 -7 14 10 -1 23 22 -11 24 16 -10 -16 -8 -6 -17 -14 -13 25 -3 -2
right_child=1 8 5 4 19 6 18 -9 15 13 -12 12 21 -15 17 20 -18 -19 -20 -21 -22 -23 -24 -25 -26 -27
leaf_value=10.766973470052084 -8.5087630364629963 3.9670265356699623 3.5045089721679688 46.862564849853527 16.694992574055984 28.646325499912106 46.627290562220992 9.0430463409423822 12.061070442199707 4.8836992475721575 2.0918925346160422 -4.998965716362 -9.1774048996694173 13.888948281606041 -2.8315789257187443 1.7046724069265673 1.9700175089564749 -8.8466548681259152 36.375421142578112 5.628144582112629 -0.087120276916619041 -6.5270525636672971 -1.2199620809406042 -4.4904473304748533 -0.0063191543022791553 -9.6799428185371497
leaf_weight=14.999999999999998 27 2.9999999999999991 3.9999999999999991 3.9999999999999982 3 30 6.9999999999999982 4.9999999999999991 7.9999999999999991 8.9999999999999982 49 8.9999999999999982 66 24 83 81 123 7.9999999999999991 3 3 146 25 32 2.9999999999999991 45 146
leaf_count=15 27 3 4 4 3 30 7 5 8 9 49 9 66 24 83 81 123 8 3 3 146 25 32 3 45 146
internal_value=-0.0931911 -2.9061 14.4221 8.37117 25.442 27.6355 29.7805 25.8459 0.342016 6.61129 4.12511 -8.14738 -6.46147 11.433 -2.11639 1.29654 2.58627 -3.36038 43.5517 11.1616 0.552242 -8.44929 -2.0495 -9.41182 0.242015 -9.49716
internal_weight=961 805 156 107 10 49 45 35 497 97 64 308 132 33 139 358 131 91 10 6 227 91 41 176 48 173
internal_count=961 805 156 107 10 49 45 35 497 97 64 308 132 33 139 358 131 91 10 6 227 91 41 176 48 173
is_linear=0
shrinkage=0.05


Tree=7
num_leaves=30
num_cat=0
split_feature=2 1 1 7 8 3 0 7 3 7 1 0 1 8 8 3 8 7 8 5 3 5 8 7 0 2 0 6 2
split_gain=1.30527e+07 5.09988e+06 2.40447e+06 1.25494e+06 1.39924e+06 1.05753e+06 899379 920404 576807 563870 441879 325351 284704 368643 147467 145100 173947 142704 122078 99261.2 63180.2 51032.3 49184.7 46469.6 26101.9 13338.3 6976.26 6361.62 5991.68
threshold=5848.0400000000009 18906.050000000003 37226.155000000006 5.5000000000000009 2.5000000000000004 0.92455390841753837 37429.950000000004 4.5000000000000009 0.91658050436171268 4.5000000000000009 22767.215000000004 38595.450000000004 13347.120000000001 3.5000000000000004 3.5000000000000004 0.76111600421619197 3.5000000000000004 2.5000000000000004 2.5000000000000004 17.500000000000004 0.44098241019733792 16.500000000000004 3.5000000000000004 1.0000000180025095e-35 35760.450000000004 19985.695000000003 36686.05000000001 74.500000000000014 12249.495000000001
decision_type=2 2 2 2 2 2 2 2 2 2 2 2 2 2 2 2 2 2 2 2 2 2 2 2 2 2 2 2 2
left_child=2 12 6 4 8 -5 18 17 -4 -6 14 -9 24 23 19 22 -17 -8 26 -3 -15 -20 -12 -14 25 -2 -1 -7 -16
right_child=1 10 3 5 9 27 7 11 -10 -11 15 -13 13 20 28 16 -18 -19 21 -21 -22 -23 -24 -25 -26 -27 -28 -29 -30
leaf_value=-0.28501052379608144 -8.0916324949264524 -3.1168386744182621 30.422628243764219 36.979373168945315 26.979921129014755 1.525233934322993 9.8865775812996759 11.990206192731854 3.5710225423177082 43.855425193093033 -0.15988476677771868 23.2385597176022 -4.8480446251955902 -5.0454653227329258 2.2111258476972582 1.6603436779491141 6.0679124612074631 4.7189083400525549 3.4588352203369142 -9.4032133919852114 -1.1318477115847849 12.68129967053731 1.4884351751343772 -8.3405416989830172 -4.2659249464670816 -9.1784300101946492 2.002389055490494 4.2251150131225588 -0.11221499193359066
leaf_weight=20.000000000000007 35 61 3.0000000000000018 2.9999999999999991 9 2.9999999999999991 45 10.000000000000002 6 11 144 18 10.999999999999998 14.999999999999998 2.9999999999999991 161 26 19 2.9999999999999991 6.9999999999999991 33 3 66 71 2.9999999999999991 146 3.9999999999999991 7.9999999999999991 37
leaf_count=20 35 61 3 3 9 3 45 10 6 11 144 18 11 15 3 161 26 19 3 7 33 3 66 71 3 146 4 8 37
internal_value=-0.037653 -2.62243 12.7922 22.959 28.8939 10.6653 9.20886 11.6603 12.5216 36.2614 0.488765 19.2213 -7.6261 -5.83492 -2.34693 1.26019 2.27316 8.35243 1.69099 -3.76397 -2.35485 8.07007 0.358159 -7.87204 -8.89161 -8.96828 0.0962227 3.48878 0.0620356
internal_weight=984 819 165 43 29 14 122 92 9 20 505 28 314 130 108 397 187 64 30 68 48 6 210 82 184 181 24 11 40
internal_count=984 819 165 43 29 14 122 92 9 20 505 28 314 130 108 397 187 64 30 68 48 6 210 82 184 181 24 11 40
is_linear=0
shrinkage=0.05


Tree=8
num_leaves=29
num_cat=0
split_feature=2 1 4 0 7 4 0 4 7 4 4 1 1 4 2 4 2 5 4 4 0 3 0 2 4 7 4 1
split_gain=1.16871e+07 4.73774e+06 3.62984e+06 882842 804079 2.34673e+06 969279 684417 555735 399355 512450 364085 245110 456127 223526 124904 113425 121375 85253 77218.3 75598.9 56799 29183.3 20316.1 11119.1 6324.33 15679.6 541.41
threshold=5848.0400000000009 18906.050000000003 44735.000000000007 41515.55000000001 5.5000000000000009 44810.000000000007 39169.250000000007 44065.000000000007 4.5000000000000009 42910.000000000007 36372.500000000007 24211.150000000005 12289.175000000003 36662.500000000007 3561.7250000000008 37740.000000000007 6661.4250000000011 15.500000000000002 41515.000000000007 36372.500000000007 39345.950000000004 0.47023314781679099 40956.30000000001 10946.005000000003 27195.000000000004 3.5000000000000004 34325.000000000007 11550.630000000001
decision_type=2 2 2 2 2 2 2 2 2 2 2 2 2 2 2 2 2 2 2 2 2 2 2 2 2 2 2 2
left_child=2 12 3 9 6 20 -4 -5 -8 10 -1 15 25 24 -11 23 17 -13 -17 -18 -6 -15 -7 -3 -14 26 -2 -27
right_child=1 11 4 7 5 22 8 -9 -10 14 -12 16 13 21 -16 18 19 -19 -20 -21 -22 -23 -24 -25 -26 27 -28 -29
leaf_value=11.680114996433259 -7.0377863648864967 4.2763042291005453 4.9420808315277043 42.640320841471357 27.077836303710928 -2.3958471586306875 24.626645115443633 11.047477722167967 42.648305719549001 1.4699544101953508 1.3994174051284791 10.189341100056966 -4.3560764471689861 -8.9325706709514971 11.986539760231972 -4.8519529689442038 2.5655059909789513 2.5979243999303776 -1.6481272358447314 0.57838130593864301 34.7458970811632 -6.6270514783038594 3.2985221650865344 0.032395526322912663 -1.1971750025374768 -8.943115746485045 -8.6948410421177957 -9.5405460357666012
leaf_weight=15.999999999999998 18 2.9999999999999991 3.0000000000000027 2.9999999999999991 5.0000000000000009 3.0000000000000009 7.0000000000000009 4 11 5.9999999999999991 50 5.9999999999999991 2.9999999999999991 44 32 33 60 43 56 264 8.9999999999999982 68 8.9999999999999982 47 39 73 69 3.9999999999999991
leaf_count=16 18 3 3 3 5 3 7 4 11 6 50 6 3 44 32 33 60 43 56 264 9 68 9 47 39 73 69 4
internal_value=-0.13295 -2.50561 12.331 7.39957 23.9776 18.1001 31.2545 24.5873 35.6399 6.24271 3.89171 0.471507 -7.29894 -5.86643 10.326 -1.71265 1.28544 3.52749 -2.83606 0.946367 32.0073 -7.53279 1.87493 0.28703 -1.42281 -8.64411 -8.352 -8.97415
internal_weight=988 830 158 111 47 26 21 7 18 104 66 512 318 154 38 139 373 49 89 324 14 112 12 50 42 164 87 77
internal_count=988 830 158 111 47 26 21 7 18 104 66 512 318 154 38 139 373 49 89 324 14 112 12 50 42 164 87 77
is_linear=0
shrinkage=0.05


Tree=9
num_leaves=26
num_cat=0
split_feature=2 4 1 0 4 2 2 0 7 1 4 4 4 3 1 4 2 8 2 6 0 4 4 2 5
split_gain=1.04814e+07 5.10513e+06 4.02533e+06 717622 774935 617082 727544 445726 416687 373364 242381 436253 213316 178382 163094 125280 297176 124977 132880 96947.8 94171 90243.7 55592.3 28630.4 1942.49
threshold=6280.3000000000011 44735.000000000007 20347.000000000004 41535.600000000006 44065.000000000007 1263.7750000000003 5076.0650000000014 37823.150000000009 5.5000000000000009 17356.105 42910.000000000007 36372.500000000007 37740.000000000007 0.88185650324919773 26684.325000000004 36662.500000000007 19985.695000000003 2.5000000000000004 9021.8150000000005 62.500000000000007 34868.100000000006 41515.000000000007 39052.500000000007 15786.515000000001 16.500000000000004
decision_type=2 2 2 2 2 2 2 2 2 2 2 2 2 2 2 2 2 2 2 2 2 2 2 2 2
left_child=1 3 9 10 -5 -3 8 -8 -7 15 11 -1 24 -12 17 16 -2 22 -19 -16 -21 -14 -4 -17 -11
right_child=2 5 14 4 -6 6 7 -9 -10 12 13 -13 21 -15 19 23 -18 18 -20 20 -22 -23 -24 -25 -26
leaf_value=10.098431416561731 -1.7638676196336747 7.7087024688720707 -4.7535705060884359 40.508304850260423 4.5700535456339502 33.567260880903767 27.842756652832026 3.4644486570358271 22.532808651242938 -0.8615715609656438 4.7845475766969763 1.568325905061104 -7.9206185449253432 11.082173821059142 9.1448649406433109 -6.3582356418882107 -7.8101316747211271 9.2134143173694607 -0.036801060900854117 7.0174600941794258 1.135842437300147 -3.5694992734835704 -1.2755719076152203 -8.3157599262937278 0.01039173034104434
leaf_weight=19 30 4.9999999999999991 20 2.9999999999999991 3 22 3 5 13.999999999999998 9.0000000000000018 23 71 22 22 3.9999999999999991 21 63 3.9999999999999991 132 6.9999999999999991 245 26 27 169 22
leaf_count=19 30 5 20 3 3 22 3 5 14 9 23 71 22 22 4 21 63 4 132 7 245 26 27 169 22
internal_value=-0.107283 10.4507 -2.61168 5.61921 22.5392 24.3537 26.2452 12.6063 29.2761 -6.51499 4.86721 3.36913 -3.47577 7.86339 0.606987 -7.36339 -5.85972 -0.532874 0.235264 1.42181 1.29922 -5.56376 -2.75557 -8.0994 -0.242759
internal_weight=991 190 801 141 6 49 44 8 36 362 135 90 79 45 439 283 93 183 136 256 252 48 47 190 31
internal_count=991 190 801 141 6 49 44 8 36 362 135 90 79 45 439 283 93 183 136 256 252 48 47 190 31
is_linear=0
shrinkage=0.05


Tree=10
num_leaves=28
num_cat=0
split_feature=2 1 1 6 2 2 3 8 2 1 3 1 8 7 5 7 8 8 6 6 1 3 0 3 8 6 7
split_gain=8.73379e+06 3.84688e+06 1.42918e+06 863446 478374 561362 294883 283286 265644 251704 230941 193780 259797 189012 125469 219584 107016 101053 80547.1 52387.6 37492.4 35132.6 17955.2 16520 46482.1 4315.12 3142.25
threshold=5848.0400000000009 18906.050000000003 33681.630000000005 69.500000000000014 3961.7100000000005 3561.7250000000008 0.67941011222495773 2.5000000000000004 4308.6100000000006 31936.125000000004 0.86628733700074412 13347.120000000001 3.5000000000000004 1.0000000180025095e-35 15.500000000000002 5.5000000000000009 2.5000000000000004 3.5000000000000004 71.500000000000014 69.500000000000014 20160.540000000005 0.44098241019733792 37404.200000000004 0.39357655838957473 3.5000000000000004 70.500000000000014 3.5000000000000004
decision_type=2 2 2 2 2 2 2 2 2 2 2 2 2 2 2 2 2 2 2 2 2 2 2 2 2 2 2
left_child=2 11 7 8 5 -5 16 22 -4 -9 -11 23 19 -6 15 -8 18 -16 -3 -13 -18 -14 25 26 -25 -1 -2
right_child=1 6 3 4 13 -7 14 9 -10 10 -12 12 21 -15 17 -17 20 -19 -20 -21 -22 -23 -24 24 -26 -27 -28
leaf_value=-1.9427145957946743 -7.6533498137830254 -2.6065200595479259 42.063427734375004 12.457834335735868 15.493856239318848 23.226663948507873 2.027298535798725 17.512834205627428 22.381003093719478 1.0277171978583701 12.292281518663678 -5.8675403303787359 -4.0974889976637705 6.9519414649290203 0.48961416287235471 12.999355977773668 -2.476067940776165 2.5322798877255992 -8.8806817190987726 -8.4195324198404951 -0.35120457763810764 -1.0641068637371063 3.6626104990641277 -7.4029089124004033 -0.58512855370839434 -0.13585865034868844 -8.0998785095214849
leaf_weight=4.0000000000000062 83 19.000000000000004 2.9999999999999991 42 7.9999999999999991 17 19.000000000000004 5.0000000000000027 4 13.000000000000002 6.9999999999999991 61 13.999999999999998 34 249 5.9999999999999991 26 80 6.9999999999999991 30 103 30 2.9999999999999991 15.000000000000002 2.9999999999999991 19 75
leaf_count=4 83 19 3 42 8 17 19 5 4 13 7 61 14 34 249 6 26 80 7 30 103 30 3 15 3 19 75
internal_value=-0.147928 -2.22749 10.5769 13.8344 12.6574 15.5607 0.449451 3.67855 30.8163 7.47882 4.97031 -6.60872 -5.18366 8.57897 1.24579 4.66059 -1.36929 0.986311 -4.29572 -6.70886 -0.779472 -2.02927 0.0244484 -7.70181 -6.26661 -0.450094 -7.86531
internal_weight=979 820 159 108 101 59 509 51 7 25 20 311 135 42 354 25 155 329 26 91 129 44 26 176 18 23 158
internal_count=979 820 159 108 101 59 509 51 7 25 20 311 135 42 354 25 155 329 26 91 129 44 26 176 18 23 158
is_linear=0
shrinkage=0.05


Tree=11
num_leaves=29
num_cat=0
split_feature=3 4 1 7 4 0 4 1 3 4 4 3 4 4 4 8 4 4 3 4 7 0 0 0 0 3 0 5
split_gain=9.66522e+06 3.69134e+06 3.51242e+06 1.06117e+06 2.17499e+06 952630 596691 343411 297869 288273 353331 224269 172080 590205 158948 123708 118735 105536 238028 87058.2 83966.3 74986.7 44240.9 39810.1 33312.9 29701.9 11523 1657.38
threshold=0.86628733700074412 44735.000000000007 20347.000000000004 5.5000000000000009 44810.000000000007 41535.600000000006 45077.500000000007 17356.105 0.76111600421619197 44065.000000000007 36662.500000000007 0.90047498870759213 36372.500000000007 36090.000000000007 37740.000000000007 2.5000000000000004 44065.000000000007 36662.500000000007 0.37411409303619797 39052.500000000007 1.5000000000000002 39436.650000000009 33789.200000000004 39345.950000000004 40956.30000000001 0.4737664649414946 40280.350000000006 16.500000000000004
decision_type=2 2 2 2 2 2 2 2 2 2 2 2 2 2 2 2 2 2 2 2 2 2 2 2 2 2 2 2
left_child=2 5 7 6 23 9 21 17 15 10 -2 -11 13 -10 27 19 -14 18 -1 -4 -16 -3 -17 -5 -6 -19 -8 -9
right_child=1 3 8 4 24 -7 26 14 12 11 -12 -13 16 -15 20 22 -18 25 -20 -21 -22 -23 -24 -25 -26 -27 -28 -29
leaf_value=-6.9959718970929163 14.338499196370444 28.960763549804689 -4.8621511547189016 24.095895385742175 -4.3704535166422502 29.862364387512208 17.924219767252591 -0.69673380725085732 1.5535195743336394 12.882524418830869 1.4976411274373531 3.0164627207650079 1.0448333319801613 19.793964131673178 -1.898275350406766 4.3227614607129778 3.9042588580399755 -7.5668677472053689 -1.5847124701546085 -0.97853885829448706 -6.1669811519619548 37.730566406249999 0.27814582663804593 30.593801325017758 1.7134885138935514 -6.0078305761019388 21.627975027901783 0.074300995112761212
leaf_weight=59 5.9999999999999991 2.9999999999999991 19 3.0000000000000009 3.0000000000000009 3.9999999999999991 3.0000000000000018 9.9999999999999982 17.000000000000004 16.000000000000004 50 8.9999999999999982 149 5.9999999999999991 18 6.9999999999999991 48 141 31 60 32 12.999999999999998 198 10.999999999999998 8.9999999999999982 39 7 23
leaf_count=59 6 3 19 3 3 4 3 10 17 16 50 9 149 6 18 7 48 141 31 60 32 13 198 11 9 39 7 23
internal_value=0.130697 12.4621 -1.8406 22.9553 15.8127 6.04272 30.098 -5.66542 0.838288 4.86644 2.87345 9.33074 2.21936 6.3119 -2.85266 -0.231553 1.74155 -6.53008 -5.13209 -1.91257 -4.63025 36.0862 0.416255 29.2014 0.192503 -7.22908 20.5168 -0.159346
internal_weight=994 137 857 52 26 85 26 353 504 81 56 25 220 23 83 284 197 270 90 79 50 16 205 14 12 180 10 33
internal_count=994 137 857 52 26 85 26 353 504 81 56 25 220 23 83 284 197 270 90 79 50 16 205 14 12 180 10 33
is_linear=0
shrinkage=0.05


Tree=12
num_leaves=29
num_cat=0
split_feature=2 4 1 0 4 2 7 2 4 4 4 4 1 4 3 2 2 4 0 4 0 4 1 3 1 3 4 7
split_gain=8.15501e+06 3.37264e+06 2.87299e+06 1.25046e+06 563696 371197 601316 1.23682e+06 494090 412149 251105 277909 234931 240234 200526 171623 83077.2 72414.6 285124 64586 59129.3 66097.3 49286.5 23807.1 14417.5 11554 40272.5 4538.96
threshold=6280.3000000000011 44735.000000000007 19633.805000000004 41390.650000000009 44065.000000000007 4698.1400000000012 5.5000000000000009 3561.7250000000008 44810.000000000007 45077.500000000007 44065.000000000007 36372.500000000007 13347.120000000001 36662.500000000007 0.68906785033007545 3561.7250000000008 5193.9450000000006 36372.500000000007 34755.05000000001 42752.500000000007 35323.55000000001 37740.000000000007 27297.125000000004 0.56593719957116251 14010.400000000001 0.39357655838957473 37740.000000000007 3.5000000000000004
decision_type=2 2 2 2 2 2 2 2 2 2 2 2 2 2 2 2 2 2 2 2 2 2 2 2 2 2 2 2
left_child=1 3 12 10 -5 6 9 -8 -7 -3 11 -1 25 24 20 -12 -10 18 -16 -15 21 -4 -19 -22 -14 27 -27 -2
right_child=2 5 14 4 -6 8 7 -9 16 -11 15 -13 13 19 17 -17 -18 22 -20 -21 23 -23 -24 -25 -26 26 -28 -29
leaf_value=8.7015256449580196 -6.8357518385438354 34.746113459269203 -0.034253332018852237 37.698847198486327 11.15415802001953 24.938104858398443 1.7256519697606558 28.745403883192274 10.64857343037923 20.591605970594614 -0.36513780593872047 1.4429515493214131 -3.0497554272413256 -6.2292273660022097 11.428755760192871 9.817630449930828 -0.35843875706195827 -0.77383153393216764 1.2760196286089283 -3.3734343675466683 -2.3500330542524654 -4.0136759394407271 1.0447581429110497 -0.20811193198896946 -0.69703230989830844 -0.4766365051269526 -6.7601772644940539 -7.3604818916320802
leaf_weight=15.999999999999998 85 12 15.999999999999998 4 4 4.9999999999999982 8.0000000000000018 8.9999999999999982 3 9 5.0000000000000027 75 7.9999999999999991 83 7.9999999999999991 24 4 46 51 26 14.999999999999998 30 196 96 35 3.0000000000000027 17 80
leaf_count=16 85 12 16 4 4 5 8 9 3 9 5 75 8 83 8 24 4 46 51 26 15 30 196 96 35 3 17 80
internal_value=-0.0859347 9.58792 -2.2519 5.28637 24.4265 20.5999 23.0208 16.0302 12.9335 28.6799 4.01036 2.71918 -5.75596 -4.29954 0.32641 8.06198 4.35885 1.082 2.65266 -5.54803 -1.12221 -2.62953 0.699076 -0.497561 -1.13475 -6.9526 -5.81765 -7.09017
internal_weight=973 178 795 128 8 50 38 17 12 21 120 91 337 152 458 29 7 301 59 109 157 46 242 111 43 185 20 165
internal_count=973 178 795 128 8 50 38 17 12 21 120 91 337 152 458 29 7 301 59 109 157 46 242 111 43 185 20 165
is_linear=0
shrinkage=0.05


Tree=13
num_leaves=28
num_cat=0
split_feature=2 4 3 0 7 4 4 0 7 4 3 4 4 8 3 4 3 4 7 0 8 4 0 2 0 3 2
split_gain=7.92144e+06 3.19367e+06 2.6665e+06 1.0233e+06 676344 1.44368e+06 522522 355970 375419 340355 297988 234050 209111 179458 174197 224036 107678 103122 65744 50048.1 44918.2 44805.2 38035.5 23227.8 20752.4 17634.4 5430.8
threshold=5848.0400000000009 44735.000000000007 0.54512587033741378 41390.650000000009 5.5000000000000009 44810.000000000007 44065.000000000007 39169.250000000007 4.5000000000000009 42910.000000000007 0.65848662631806942 44585.000000000007 36372.500000000007 2.5000000000000004 0.42864238990167675 36662.500000000007 0.76969871397857215 36372.500000000007 1.0000000180025095e-35 39967.100000000006 2.5000000000000004 42752.500000000007 32471.850000000002 1873.7950000000003 35770.150000000001 0.39357655838957473 19610.415000000005
decision_type=2 2 2 2 2 2 2 2 2 2 2 2 2 2 2 2 2 2 2 2 2 2 2 2 2 2 2
left_child=1 3 14 9 7 19 -5 -3 -9 12 13 -11 -1 18 24 26 20 -18 -4 -6 -12 -17 -15 -7 25 -2 -16
right_child=2 4 10 6 5 23 -8 8 -10 11 16 -13 -14 22 15 21 17 -19 -20 -21 -22 -23 -24 -25 -26 -27 -28
leaf_value=7.4838849842548374 -6.8006793288710696 13.490050601959219 1.8717784245808897 35.8139045715332 20.972821426391594 1.3714759641637404 10.257063192129133 19.365402475992834 34.314094979422428 10.849131207112913 -0.81332821454320647 2.4567785295347377 0.98937075495719906 -6.3141944011052455 -0.58943947199732072 -6.2487576492627461 7.1110220697191027 1.6174186646938324 -5.9304082908012248 27.694598219129773 0.74355789853980514 -3.6531830652900363 -0.60205743181354865 -4.0169178009033191 -2.4200574000676474 -5.347841775168976 -2.5435458660125736
leaf_weight=15.999999999999998 161 4.0000000000000027 3.0000000000000027 4 4.0000000000000009 6 4 6.0000000000000009 14 27 70 11.999999999999998 55 2.9999999999999991 32 60 8.9999999999999982 168 27 8.9999999999999982 137 23 102 3 2.9999999999999991 24 3.9999999999999991
leaf_count=16 161 4 3 4 4 6 4 6 14 27 70 12 55 3 32 60 9 168 27 9 137 23 102 3 3 24 4
internal_value=0.0889083 10.1263 -1.904 5.76991 21.3015 14.9691 23.0355 27.1062 29.8295 4.51423 0.280928 8.26687 2.45292 -1.73969 -5.59773 -4.10071 0.991302 1.89675 -5.15019 25.6264 0.217075 -5.5295 -0.765261 -0.424655 -6.54531 -6.6122 -0.806562
internal_weight=990 164 826 118 46 22 8 24 20 110 519 39 71 135 307 119 384 177 30 13 207 83 105 9 188 185 36
internal_count=990 164 826 118 46 22 8 24 20 110 519 39 71 135 307 119 384 177 30 13 207 83 105 9 188 185 36
is_linear=0
shrinkage=0.05


Tree=14
num_leaves=30
num_cat=0
split_feature=3 1 4 0 4 7 4 4 1 2 3 7 4 4 4 4 4 4 4 0 4 4 2 0 2 4 1 0 3
split_gain=6.73075e+06 2.89348e+06 2.47696e+06 772323 625436 557186 1.37939e+06 442107 235375 228034 186378 174407 164603 161744 503979 104987 79070.9 68049.9 72472.7 62751.6 53680.6 53033.1 144728 47393.9 39840.4 14063.6 12629.8 9807.68 7416.23
threshold=0.86628733700074412 20347.000000000004 44735.000000000007 41390.650000000009 44065.000000000007 5.5000000000000009 44810.000000000007 45077.500000000007 16508.600000000002 4200.6000000000013 0.76638639793532815 4.5000000000000009 37740.000000000007 36372.500000000007 36090.000000000007 42277.500000000007 39905.000000000007 36372.500000000007 36090.000000000007 39570.05000000001 44065.000000000007 36662.500000000007 19985.695000000003 39723.150000000001 4308.6100000000006 42752.500000000007 39281.425000000003 40280.350000000006 0.48829254162894692
decision_type=2 2 2 2 2 2 2 2 2 2 2 2 2 2 2 2 2 2 2 2 2 2 2 2 2 2 2 2 2
left_child=1 8 3 9 -5 7 24 19 21 16 17 -11 28 14 -12 -14 -2 18 -3 -4 -15 22 -1 -19 -7 -23 -8 -9 -10
right_child=2 10 5 4 -6 6 26 27 12 11 13 -13 15 20 -16 -17 -18 23 -20 -21 -22 25 -24 -25 -26 -27 -28 -29 -30
leaf_value=-1.3805483303286814 6.8795386178152897 0.79092152426382167 25.009311930338527 34.02320938110352 7.4974681425094589 27.185450575086804 -2.3361543655395502 15.29379831949869 -2.3646627694368365 6.2171332671528763 0.96842915415763842 19.105180231730142 -6.2038803837238214 0.96441733332312829 17.053800746372769 -2.190937947375434 1.1670585230324004 -0.92962465743470646 7.0029542541503904 33.254366149902346 2.9380418825149537 -6.5754873434169188 -6.0633279074322104 0.9389018347096999 20.53209991455077 -5.1933870588030135 1.5414115709917884 18.646106719970703 -0.081126711389515549
leaf_weight=22 6.9999999999999991 77 3.0000000000000009 3.9999999999999982 5 8.9999999999999982 3 3.0000000000000009 3.9999999999999991 21.000000000000004 16.000000000000004 2.9999999999999991 39 147 6.9999999999999991 28 45 161 4.9999999999999991 9.9999999999999982 45 149 66 43 3.0000000000000009 21 7 7.9999999999999991 32
leaf_count=22 7 77 3 4 5 9 3 3 4 21 16 3 39 147 7 28 45 161 5 10 45 149 66 43 3 21 7 8 32
internal_value=-0.0648968 -1.66965 10.4946 5.43682 19.2867 19.8406 14.093 25.1092 -5.08231 3.79671 0.789365 7.82814 -3.06167 1.90164 5.86398 -4.52683 1.93605 -0.0467869 1.1697 31.3517 1.42699 -5.88899 -4.89263 -0.535769 25.5221 -6.40476 0.378142 17.7318 -0.334853
internal_weight=993 862 131 85 9 46 22 24 361 76 501 24 103 215 23 67 52 286 82 13 192 258 88 204 12 170 10 11 36
internal_count=993 862 131 85 9 46 22 24 361 76 501 24 103 215 23 67 52 286 82 13 192 258 88 204 12 170 10 11 36
is_linear=0
shrinkage=0.05


Tree=15
num_leaves=30
num_cat=0
split_feature=3 4 1 7 4 4 1 2 1 7 4 0 4 4 4 2 2 0 0 7 3 0 8 4 0 4 2 6 0
split_gain=5.75074e+06 2.56989e+06 2.4236e+06 550036 1.26099e+06 424866 333865 244650 337951 202158 165678 136490 278170 107883 89023.2 181158 84862.4 70497.7 60874.3 36970.7 36213.7 28921.4 23330.7 19005.8 14369.3 8966.58 8629.66 7864.57 4528.34
threshold=0.86628733700074412 44735.000000000007 17562.390000000003 5.5000000000000009 44810.000000000007 45077.500000000007 27079.335000000003 3561.7250000000008 37226.155000000006 1.0000000180025095e-35 37740.000000000007 37768.80000000001 44735.000000000007 41515.000000000007 36662.500000000007 19985.695000000003 9220.5150000000012 35770.150000000001 39436.650000000009 2.5000000000000004 0.5616493768192381 40956.30000000001 2.5000000000000004 42752.500000000007 39967.100000000006 27195.000000000004 2676.4450000000006 75.500000000000014 41205.80000000001
decision_type=2 2 2 2 2 2 2 2 2 2 2 2 2 2 2 2 2 2 2 2 2 2 2 2 2 2 2 2 2
left_child=2 7 14 5 24 18 10 22 9 -9 16 12 -8 -12 15 25 -4 -17 -3 -13 23 -6 28 -16 -5 -1 -7 -24 -2
right_child=1 3 6 4 21 26 11 8 -10 -11 13 19 -14 -15 20 17 -18 -19 -20 -21 -22 -23 27 -25 -26 -27 -28 -29 -30
leaf_value=-3.6940903981526696 -0.81396683821311333 23.905009969075508 7.8903582453727727 21.773901875813792 -4.5196044286092114 17.686006164550779 2.163940737797664 13.035172653198243 22.831923675537112 4.4974078474136503 -3.3609965334920329 1.5959115233110346 11.269768567085267 -0.82758148731155823 -6.2396252573272335 -6.0400403045838882 0.45582794811380539 0.80858877897262582 31.940158635919744 0.29823482286362418 -0.52154596646626794 1.4930327718456584 0.54043672879536964 -4.6059103488922117 25.831590080261233 -0.82714722891648607 14.480791727701821 3.6002713884626112 1.1098442018032075
leaf_weight=2.9999999999999991 13.000000000000005 3.0000000000000009 3.9999999999999991 3.0000000000000009 3 7 52 7.9999999999999991 2.9999999999999991 52 68 115 9.9999999999999982 110 162 62 95 3.9999999999999991 10.999999999999998 105 2.9999999999999991 6 2.9999999999999982 20 7.9999999999999991 30 3 7 3.9999999999999991
leaf_count=3 13 3 4 3 3 7 52 8 3 52 68 115 10 110 162 62 95 4 11 105 3 6 3 20 8 30 3 7 4
internal_value=-0.0320349 9.58954 -1.56144 19.4926 13.3687 24.5959 0.349464 4.74804 6.45464 5.63578 -0.883454 1.56052 3.63262 -1.7954 -5.3227 -4.11257 0.756213 -5.62497 30.2183 0.976566 -5.97028 -0.51118 0.765964 -6.0601 24.7249 -1.08778 16.7244 2.68232 -0.361305
internal_weight=977 134 843 44 20 24 559 90 63 60 277 282 62 178 284 99 99 66 14 220 185 9 27 182 11 33 10 10 17
internal_count=977 134 843 44 20 24 559 90 63 60 277 282 62 178 284 99 99 66 14 220 185 9 27 182 11 33 10 10 17
is_linear=0
shrinkage=0.05


Tree=16
num_leaves=31
num_cat=0
split_feature=3 3 4 7 4 4 7 3 4 4 3 3 8 2 2 4 4 7 7 4 2 4 0 2 0 0 4 2 0 0
split_gain=5.78604e+06 2.06384e+06 1.99005e+06 711406 1.16998e+06 461213 501759 857619 301012 259225 216122 142436 130106 118565 112536 91971 68412.4 65856.4 58480.5 55084 96047.1 48353.7 40603.4 29785.7 28811 18337.2 14644.7 10778.2 7489.65 1056.65
threshold=0.86628733700074412 0.54979938235441972 44735.000000000007 5.5000000000000009 44810.000000000007 42910.000000000007 3.5000000000000004 0.90047498870759213 45077.500000000007 36662.500000000007 0.65848662631806942 0.46708900399059 2.5000000000000004 3561.7250000000008 6044.3050000000012 36662.500000000007 44395.000000000007 2.5000000000000004 1.0000000180025095e-35 36662.500000000007 19985.695000000003 41515.000000000007 39436.650000000009 2676.4450000000006 38256.500000000007 39967.100000000006 39497.500000000007 15290.490000000002 40348.80000000001 33789.200000000004
decision_type=2 2 2 2 2 2 2 2 2 2 2 2 2 2 2 2 2 2 2 2 2 2 2 2 2 2 2 2 2 2
left_child=1 11 5 8 25 9 7 -7 22 -2 12 19 18 -8 16 29 -12 -16 -3 20 -1 -17 -4 -6 -11 -5 -14 -21 -10 -13
right_child=2 10 3 4 23 6 13 -9 28 24 14 15 26 -15 17 21 -18 -19 -20 27 -22 -23 -24 -25 -26 -27 -28 -29 -30 -31
leaf_value=-1.1311902577678363 11.802697626749676 2.1741719086964899 22.709758504231718 19.145184834798169 1.5484210491180421 9.2357085379687227 -0.1030583173036575 36.271332550048832 13.633208465576173 -0.67576827526092531 2.1901829115620681 -0.9048568407694495 0.071311140840136733 7.2126088645723136 1.2935204935383935 -5.5084922202428181 6.8794987654685968 -0.046626604497432715 -5.1985392258717464 -3.0026996612548831 -5.265402308106423 -2.7349337989633735 29.1630128126878 -4.2936242421468078 1.8703017398715021 23.659016587999133 -1.1705509976114867 -6.0301031320273477 16.938114547729491 -0.22764471489936114
leaf_weight=18 5.9999999999999991 3.0000000000000027 3.0000000000000062 3.0000000000000009 7.9999999999999991 10.999999999999998 8.0000000000000018 3.9999999999999991 2.9999999999999991 20 35 9.0000000000000018 43 18 173 30 9.9999999999999982 195 26 2.9999999999999991 64 33 12.999999999999998 3.0000000000000009 25 8.9999999999999982 53 147 4 15.999999999999998
leaf_count=18 6 3 3 3 8 11 8 4 3 20 35 9 43 18 173 30 10 195 26 3 64 33 13 3 25 9 53 147 4 16
internal_value=-0.0422042 -1.57057 9.46024 17.9516 11.7336 5.21455 9.16294 16.4452 24.1696 2.04036 0.32068 -4.75023 -1.5009 4.96163 0.872005 -3.03743 3.23225 0.583388 -4.43584 -5.39992 -4.35789 -4.05568 27.953 -0.044864 0.738715 22.5306 -0.6143 -5.96956 15.5217 -0.471441
internal_weight=996 858 138 46 23 92 41 15 23 51 538 320 125 26 413 88 45 368 29 232 82 63 16 11 45 12 96 150 7 25
internal_count=996 858 138 46 23 92 41 15 23 51 538 320 125 26 413 88 45 368 29 232 82 63 16 11 45 12 96 150 7 25
is_linear=0
shrinkage=0.05


Tree=17
num_leaves=30
num_cat=0
split_feature=2 4 1 0 4 7 4 0 4 4 0 4 1 4 3 4 8 4 6 2 0 0 7 2 0 0 3 0 1
split_gain=5.05986e+06 2.19866e+06 1.61841e+06 560262 526360 291908 1.18144e+06 575755 348991 189181 353862 172668 164725 125724 102868 84440.7 83602.6 79705.4 70643.1 69527.4 67622.3 55775.9 38002.7 27291 14700.1 11064.9 8268.11 7060.13 5038.81
threshold=6280.3000000000011 44735.000000000007 20347.000000000004 41390.650000000009 44065.000000000007 5.5000000000000009 44810.000000000007 38738.05000000001 45077.500000000007 36372.500000000007 38353.250000000007 44065.000000000007 15435.360000000001 37740.000000000007 0.67941011222495773 42277.500000000007 2.5000000000000004 42195.000000000007 66.500000000000014 9407.9900000000016 41535.600000000006 35770.150000000001 2.5000000000000004 19884.485000000004 41057.250000000007 40956.30000000001 0.48829254162894692 39345.950000000004 14212.01
decision_type=2 2 2 2 2 2 2 2 2 2 2 2 2 2 2 2 2 2 2 2 2 2 2 2 2 2 2 2 2
left_child=1 3 12 9 -5 7 27 -3 -9 10 -1 -11 21 26 16 -15 17 -4 19 -16 -6 23 -20 -2 -18 -8 -14 -7 -23
right_child=2 5 14 4 20 6 25 8 -10 11 -12 -13 13 15 18 -17 24 -19 22 -21 -22 28 -24 -25 -26 -27 -28 -29 -30
leaf_value=14.639570617675782 -4.399695612796366 -1.2988169352213528 -6.4367230733235665 29.366886138916023 11.259354003270465 20.138697306315098 -2.211032517751057 27.118934740339007 15.21783946644176 0.99889930313477271 -0.34957596404211866 5.470481586456299 -1.8166636460357244 -5.2420295643309753 5.490186551411945 -1.9261763583868743 -0.37930661656124443 -0.88348953920815676 1.1442045034757302 0.75187845649197704 0.64314473470052069 1.1439168612162272 -0.012596425779213181 -5.5810586761783911 2.7169856071472172 1.295291993353102 -0.095187256485223776 22.352939012315542 -1.7540159702301024
leaf_weight=8.9999999999999982 73 3.0000000000000027 12.000000000000002 3.9999999999999982 3 6.0000000000000009 3.0000000000000009 14 11 77 6.9999999999999991 30 8.9999999999999982 48 15.000000000000002 32 92 13.999999999999998 134 15.999999999999998 3 2.9999999999999991 151 148 3.9999999999999991 8.9999999999999982 31 8.9999999999999982 3
leaf_count=9 73 3 12 4 3 6 3 14 11 77 7 30 9 48 15 32 92 14 134 16 3 3 151 148 4 9 31 9 3
internal_value=0.0455475 7.41336 -1.71897 3.93619 15.3175 15.8218 12.1123 19.3987 21.8825 3.01088 8.08182 2.25261 -4.26963 -2.7713 0.30175 -3.91569 -0.931457 -3.44652 0.777861 3.04461 5.95125 -5.06169 0.531303 -5.19083 -0.250294 0.418711 -0.482519 21.4672 -0.30505
internal_weight=973 188 785 133 10 55 27 28 25 123 16 107 347 120 438 80 122 26 316 31 6 227 285 221 96 12 40 15 6
internal_count=973 188 785 133 10 55 27 28 25 123 16 107 347 120 438 80 122 26 316 31 6 227 285 221 96 12 40 15 6
is_linear=0
shrinkage=0.05


Tree=18
num_leaves=30
num_cat=0
split_feature=2 1 4 0 4 4 2 0 1 6 3 8 4 6 4 2 0 6 1 0 4 0 1 2 4 1 0 0 0
split_gain=4.41516e+06 1.59604e+06 1.52808e+06 467659 475040 283950 306640 240441 184420 323127 184397 149753 148313 79943.9 69397.3 144850 61029.2 49328.8 86570 44531.9 40962.2 32267 13209.3 11460.6 25601.1 5767.21 4479.35 17226.9 10674.5
threshold=6280.3000000000011 17562.390000000003 44735.000000000007 41390.650000000009 44065.000000000007 44810.000000000007 5193.9450000000006 40092.150000000009 33681.630000000005 70.500000000000014 0.68065908331195957 2.5000000000000004 36372.500000000007 71.500000000000014 36662.500000000007 19985.695000000003 41535.600000000006 63.500000000000007 29653.025000000005 35770.150000000001 39497.500000000007 32471.850000000002 12937.260000000002 17916.330000000005 42277.500000000007 11842.610000000002 39345.950000000004 38037.100000000013 40792.000000000007
decision_type=2 2 2 2 2 2 2 2 2 2 2 2 2 2 2 2 2 2 2 2 2 2 2 2 2 2 2 2 2
left_child=2 14 3 8 -5 26 7 -7 12 -10 11 13 -1 -3 15 22 -6 18 -12 -17 -19 -13 -2 24 -16 -25 27 -4 -28
right_child=1 10 5 4 16 6 -8 -9 9 -11 17 21 -14 -15 23 19 -18 20 -20 -21 -22 -23 -24 25 -26 -27 28 -29 -30
leaf_value=6.3075154846364807 1.7668545150756825 -2.3132123742124131 21.810919698079431 27.898542022705087 10.696386067072547 20.533426496717659 -1.0610721349716188 10.83229600949721 21.091348012288414 4.3016314918175338 0.85833842143416406 -5.6085630496342986 -0.19866348401058553 -6.9140181677682069 -5.2572812458872802 -5.213507011018951 0.61098753213882429 1.4280803578324839 8.9160988998413089 1.0338454246520996 0.19382105874481487 -0.37182535868853533 -1.0687092098204987 -5.2538611756994378 -2.7729896000453405 -5.952922235533249 23.330679321289068 16.452605183919268 19.677863057454427
leaf_weight=10.999999999999998 5.0000000000000027 29 2.9999999999999991 3.9999999999999982 3 9.0000000000000018 3.9999999999999991 22 2.9999999999999991 64 9.9999999999999982 2.9999999999999991 43 13.999999999999998 40 58 3 101 4.9999999999999991 2.9999999999999991 201 151 23 94 13.999999999999998 43 2.9999999999999982 3 6
leaf_count=11 5 29 3 4 3 9 4 22 3 64 10 3 43 14 40 58 3 101 5 3 201 151 23 94 14 43 3 3 6
internal_value=-0.0490468 -1.65551 6.99808 4.15981 14.5516 14.4343 11.9676 13.6488 3.30098 5.05341 -0.000958568 -1.20229 1.12667 -3.81115 -4.69278 -3.53964 5.65369 0.745609 3.54426 -4.90626 0.606603 -0.47384 -0.562359 -5.23011 -4.61321 -5.47327 20.19 19.1318 20.8955
internal_weight=975 794 181 131 10 50 35 31 121 67 514 197 54 43 280 89 6 317 15 61 302 154 28 191 54 137 15 6 9
internal_count=975 794 181 131 10 50 35 31 121 67 514 197 54 43 280 89 6 317 15 61 302 154 28 191 54 137 15 6 9
is_linear=0
shrinkage=0.05


Tree=19
num_leaves=29
num_cat=0
split_feature=3 1 4 4 4 3 4 2 0 2 6 3 4 0 8 4 8 4 4 2 2 0 5 6 4 6 0 0
split_gain=4.52979e+06 1.60171e+06 1.45732e+06 389406 432419 701323 238571 237045 185054 178490 134301 125791 144066 111607 338790 74228.4 56450.3 99557.5 39544.6 78456.9 27426.2 19447.2 17687.7 8426.54 7403.35 5544.99 1271.77 401.867
threshold=0.86628733700074412 20347.000000000004 42910.000000000007 44735.000000000007 44065.000000000007 0.90047498870759213 36662.500000000007 1263.7750000000003 41352.250000000007 6661.4250000000011 75.500000000000014 0.45989101646505376 37740.000000000007 37768.80000000001 2.5000000000000004 42277.500000000007 2.5000000000000004 39052.500000000007 36662.500000000007 19985.695000000003 9926.3150000000023 38794.100000000006 18.500000000000004 65.500000000000014 42595.000000000007 74.500000000000014 37531.950000000004 37922.700000000004
decision_type=2 2 2 2 2 2 2 2 2 2 2 2 2 2 2 2 2 2 2 2 2 2 2 2 2 2 2 2
left_child=1 11 6 4 5 -4 27 -5 -9 13 -6 18 23 14 -3 -14 17 -11 19 -1 -18 26 -15 -13 -20 -23 -8 -2
right_child=2 9 3 7 10 -7 21 8 -10 16 -12 12 15 22 -16 -17 20 -19 24 -21 -22 25 -24 -25 -26 -27 -28 -29
leaf_value=-0.69667249567368461 10.100987815856934 -0.82343298684466948 0.24215222199757888 4.1188846200704576 8.8666260385513311 30.821514892578122 -0.7676127827829784 15.216705225453234 23.693053054809571 -3.6255924647829185 2.1758029129977028 -2.2479474687576295 -4.9589035380970357 0.60608929748888374 11.099227157005897 -2.0624478185499036 1.1344540154804355 -0.065376112534216158 -5.255570014317831 -4.5446362980206807 0.15218402286290483 -0.19626272618770582 2.597341580767381 -0.06771033306916556 -4.237931855519613 1.8519610522609007 0.34434032514691354 10.866530863444007
leaf_weight=17 3.9999999999999991 11 3 3.9999999999999991 20 5 18.000000000000004 33 7.9999999999999991 24 11.999999999999998 4.9999999999999991 55 27 13 37 115 108 120 60 186 4.0000000000000027 19 39 21 19 2.9999999999999991 3
leaf_count=17 4 11 3 4 20 5 18 33 8 24 12 5 55 27 13 37 115 108 120 60 186 4 19 39 21 19 3 3
internal_value=0.0600117 -1.28527 8.53727 12.5464 8.9569 19.3543 1.85533 15.7371 16.8706 0.528111 6.35757 -3.86191 -2.66861 2.87066 5.63467 -3.79402 0.149408 -0.712688 -4.60636 -3.69509 0.52747 0.491323 1.42856 -0.315465 -5.10401 1.49575 -0.608762 10.4291
internal_weight=993 857 136 85 40 8 51 45 41 503 32 354 136 70 24 92 433 132 218 77 301 44 46 44 141 23 21 7
internal_count=993 857 136 85 40 8 51 45 41 503 32 354 136 70 24 92 433 132 218 77 301 44 46 44 141 23 21 7
is_linear=0
shrinkage=0.05


Tree=20
num_leaves=29
num_cat=0
split_feature=3 3 4 4 7 4 7 3 4 4 3 3 6 7 4 2 4 8 4 4 0 0 4 0 8 3 4 0
split_gain=3.78523e+06 1.44313e+06 1.23372e+06 276485 553374 873612 349473 550684 309578 160516 160362 126476 118954 380626 118820 105873 86806.6 81356 99442.9 62215.1 40145.9 22394.6 31792.4 20041.4 8110.97 6641.38 3431.62 1065.93
threshold=0.86628733700074412 0.56593719957116251 42910.000000000007 44735.000000000007 5.5000000000000009 44810.000000000007 3.5000000000000004 0.90164717565782104 45077.500000000007 36662.500000000007 0.75734276440409498 0.45989101646505376 66.500000000000014 5.5000000000000009 37740.000000000007 4200.6000000000013 39715.000000000007 2.5000000000000004 39052.500000000007 41515.000000000007 40975.000000000007 35760.450000000004 34325.000000000007 38794.100000000006 2.5000000000000004 0.89843304090766141 36662.500000000007 37531.950000000004
decision_type=2 2 2 2 2 2 2 2 2 2 2 2 2 2 2 2 2 2 2 2 2 2 2 2 2 2 2 2
left_child=1 11 9 6 8 -6 7 -4 -5 -2 17 21 13 -12 26 -8 -14 18 -3 -16 -19 24 -23 27 -1 -25 -13 -11
right_child=2 10 3 4 5 -7 15 -9 -10 23 12 14 16 -15 19 -17 -18 20 -20 -21 -22 22 -24 25 -26 -27 -28 -29
leaf_value=-4.9473631135709999 10.080993347167968 -4.5465079340067778 8.503600742600181 24.934898024338938 18.237590662638343 -1.2701154275373978 0.90324093591083165 30.167704772949222 12.871391974555118 -0.69514446319902634 0.55528718403407495 -0.20422136548793679 2.6083860166611212 15.607291944821677 -5.0536121871736315 8.0117062163352966 0.38200988865288715 -0.0057381961005504682 -0.67916784803656971 -2.2050868418158553 2.8625805799777693 0.65017969131469744 -4.9882926559448242 0.45893882960081084 -4.3236347010878271 2.2428474052747092 1.5620329538981119 0.3271233250697454
leaf_weight=91 4.9999999999999991 22 10.999999999999998 13 12 11 11.000000000000002 3.9999999999999991 9 17.000000000000004 14.000000000000002 33 62 5.9999999999999991 36 9.9999999999999982 149 198 68 41 12.999999999999998 4.9999999999999982 5 8.0000000000000018 122 14.999999999999998 2.9999999999999991 2.9999999999999991
leaf_count=91 5 22 11 13 12 11 11 4 9 17 14 33 62 6 36 10 149 198 68 41 13 5 5 8 122 15 3 3
internal_value=-0.0379394 -1.22563 7.95366 11.7178 14.3306 8.90782 8.45175 14.2807 19.9998 1.60173 0.394601 -3.791 1.38553 5.07089 -2.42825 4.28822 1.03621 -0.365878 -1.62452 -3.53686 0.170983 -4.48154 -2.16906 0.615771 -4.59011 1.62236 -0.0570335 -0.541804
internal_weight=997 868 129 81 45 23 36 15 22 48 532 336 231 20 113 21 211 301 90 77 211 223 10 43 213 23 36 20
internal_count=997 868 129 81 45 23 36 15 22 48 532 336 231 20 113 21 211 301 90 77 211 223 10 43 213 23 36 20
is_linear=0
shrinkage=0.05


end of trees

feature_importances:
thermal_on_capacity=166
total_load=94
net_load=76
renewable_power=76
thermal_space_load_ratio=59
weekday=43
month=36
period=26
hour=14

parameters:
[boosting: gbdt]
[objective: regression]
[metric: rmse]
[tree_learner: serial]
[device_type: cpu]
[data_sample_strategy: bagging]
[data: ]
[valid: ]
[num_iterations: 400]
[learning_rate: 0.05]
[num_leaves: 31]
[num_threads: 0]
[seed: 42]
[deterministic: 0]
[force_col_wise: 0]
[force_row_wise: 0]
[histogram_pool_size: -1]
[max_depth: 5]
[min_data_in_leaf: 3]
[min_sum_hessian_in_leaf: 0.001]
[bagging_fraction: 0.85]
[pos_bagging_fraction: 1]
[neg_bagging_fraction: 1]
[bagging_freq: 1]
[bagging_seed: 400]
[bagging_by_query: 0]
[feature_fraction: 0.85]
[feature_fraction_bynode: 1]
[feature_fraction_seed: 30056]
[extra_trees: 0]
[extra_seed: 12879]
[early_stopping_round: 0]
[early_stopping_min_delta: 0]
[first_metric_only: 0]
[max_delta_step: 0]
[lambda_l1: 0]
[lambda_l2: 0]
[linear_lambda: 0]
[min_gain_to_split: 0]
[drop_rate: 0.1]
[max_drop: 50]
[skip_drop: 0.5]
[xgboost_dart_mode: 0]
[uniform_drop: 0]
[drop_seed: 17869]
[top_rate: 0.2]
[other_rate: 0.1]
[min_data_per_group: 100]
[max_cat_threshold: 32]
[cat_l2: 10]
[cat_smooth: 10]
[max_cat_to_onehot: 4]
[top_k: 20]
[monotone_constraints: ]
[monotone_constraints_method: basic]
[monotone_penalty: 0]
[feature_contri: ]
[forcedsplits_filename: ]
[refit_decay_rate: 0.9]
[cegb_tradeoff: 1]
[cegb_penalty_split: 0]
[cegb_penalty_feature_lazy: ]
[cegb_penalty_feature_coupled: ]
[path_smooth: 0]
[interaction_constraints: ]
[verbosity: -1]
[saved_feature_importance_type: 0]
[use_quantized_grad: 0]
[num_grad_quant_bins: 4]
[quant_train_renew_leaf: 0]
[stochastic_rounding: 1]
[linear_tree: 0]
[max_bin: 255]
[max_bin_by_feature: ]
[min_data_in_bin: 3]
[bin_construct_sample_cnt: 200000]
[data_random_seed: 175]
[is_enable_sparse: 1]
[enable_bundle: 1]
[use_missing: 1]
[zero_as_missing: 0]
[feature_pre_filter: 1]
[pre_partition: 0]
[two_round: 0]
[header: 0]
[label_column: ]
[weight_column: ]
[group_column: ]
[ignore_column: ]
[categorical_feature: ]
[forcedbins_filename: ]
[precise_float_parser: 0]
[parser_config_file: ]
[objective_seed: 16083]
[num_class: 1]
[is_unbalance: 0]
[scale_pos_weight: 1]
[sigmoid: 1]
[boost_from_average: 1]
[reg_sqrt: 0]
[alpha: 0.9]
[fair_c: 1]
[poisson_max_delta_step: 0.7]
[tweedie_variance_power: 1.5]
[lambdarank_truncation_level: 30]
[lambdarank_norm: 1]
[label_gain: ]
[lambdarank_position_bias_regularization: 0]
[eval_at: ]
[multi_error_top_k: 1]
[auc_mu_weights: ]
[num_machines: 1]
[local_listen_port: 12400]
[time_out: 120]
[machine_list_filename: ]
[machines: ]
[gpu_platform_id: -1]
[gpu_device_id: -1]
[gpu_use_dp: 0]
[num_gpu: 1]

end of parameters

pandas_categorical:[]
