tree
version=v4
num_class=1
num_tree_per_iteration=1
label_index=0
max_feature_idx=10
objective=regression
feature_names=total_load net_load renewable_power thermal_space_load_ratio thermal_on_capacity hour period weekday month is_weekend is_holiday
feature_infos=[29193.099999999999:41329.300000000003] [11318.049999999999:40077.610000000001] [1223.46:18960.91] [0.37880501902718694:0.96996973557285182] [27170:45275] [20:23] [81:96] [0:6] [2:4] [0:1] none
tree_sizes=2014 2087 2105 1596 2169 2173

Tree=0
num_leaves=22
num_cat=0
split_feature=2 2 4 1 4 4 2 8 4 0 0 1 4 7 2 7 4 0 7 5 6
split_gain=1.59713e+07 6.80862e+06 2.87626e+06 2.63706e+06 2.47594e+06 2.88888e+06 651293 613681 882220 191520 549127 171094 131288 123380 74780.6 69924 47459.5 42543.4 1409.32 974.372 57.0341
threshold=3826.1150000000002 1354.1600000000001 36662.500000000007 17051.530000000002 44735.000000000007 44810.000000000007 8452.135000000002 2.5000000000000004 39295.000000000007 34081.200000000004 35663.30000000001 32878.215000000004 38452.500000000007 1.0000000180025095e-35 14939.355000000001 1.5000000000000002 43067.500000000007 38288.150000000001 3.5000000000000004 22.500000000000004 82.500000000000014
decision_type=2 2 2 2 2 2 2 2 2 2 2 2 2 2 2 2 2 2 2 2 2
left_child=1 17 9 14 13 -6 11 8 -8 -3 -11 12 -5 -4 -2 -13 -9 -1 19 -16 -20
right_child=3 2 4 6 5 -7 7 16 -10 10 -12 15 -14 -15 18 -17 -18 -19 20 -21 -22
leaf_value=365.75131789133445 306.31798544809715 339.65798567697897 310.90548563883203 315.02490369310925 350.614653259173 321.88498562829619 299.03998535008878 311.42668893455453 309.57968789367231 365.99298430368799 342.07631941721337 320.83562853194201 312.25574206372721 317.69365626028525 298.79133543894187 315.38609363591439 314.10237449914712 372.86798354074853 298.07398520395651 297.8679850666274 297.8679850666274
leaf_weight=2.9999999999999982 2.9999999999999991 4.9999999999999991 7.9999999999999991 55 14.999999999999998 21 26 209 84 3.9999999999999982 6 6.9999999999999991 193 41 9.9999999999999982 37 18 7 4.0000000000000027 3.9999999999999991 21
leaf_count=3 3 5 8 55 15 21 26 209 84 4 6 7 193 41 10 37 18 7 4 4 21
internal_value=313.736 331.396 327.462 310.841 323.9 333.856 311.651 310.154 307.088 347.648 351.643 313.38 312.87 316.585 298.711 316.253 311.639 370.733 298.126 298.528 297.901
internal_weight=781 110 100 671 85 36 629 337 110 15 10 292 248 49 42 44 227 10 39 14 25
internal_count=781 110 100 671 85 36 629 337 110 15 10 292 248 49 42 44 227 10 39 14 25
is_linear=0
shrinkage=1


Tree=1
num_leaves=22
num_cat=0
split_feature=3 2 1 3 8 3 2 7 8 1 1 8 0 0 3 0 6 2 7 0 6
split_gain=1.55569e+07 6.2244e+06 2.63973e+06 2.08369e+06 728069 1.30288e+06 604281 503831 429036 513330 188506 118608 104972 98521.6 86207.8 40506.7 19039.6 18773 1023.53 1009.43 51.8503
threshold=0.90343291285488192 1354.1600000000001 17051.530000000002 0.91126697665713341 2.5000000000000004 0.92566709393047741 8452.135000000002 5.5000000000000009 2.5000000000000004 21618.745000000003 32753.945000000003 3.5000000000000004 35297.350000000013 39719.700000000004 0.89820911484001764 38721.150000000009 91.500000000000014 16685.325000000001 3.5000000000000004 30475.750000000004 82.500000000000014
decision_type=2 2 2 2 2 2 2 2 2 2 2 2 2 2 2 2 2 2 2 2 2
left_child=2 15 17 7 12 -6 10 -3 9 -8 11 -4 -5 -9 -12 -2 -10 -1 19 -19 -20
right_child=1 3 6 4 5 -7 8 13 16 -11 14 -13 -14 -15 -16 -17 -18 18 20 -21 -22
leaf_value=-10.57678820292155 49.543821207682299 13.350711441040033 -1.0516463545249335 -2.5738457815987714 29.755632247924805 9.3546705289019485 -13.312941953870984 35.348435465494795 -1.4413456681679035 -4.0962082994745135 2.5159071365610148 1.5009666933220323 5.02070180452787 25.217951583862291 11.311699167887371 56.356597900390625 -2.4226314395268762 -14.902632446289061 -14.697698974609361 -14.016566636827259 -14.893399047851563
leaf_weight=2.9999999999999991 2.9999999999999991 4.0000000000000009 199 7.0000000000000027 9.9999999999999982 36 18 11.999999999999998 145 94 39 59 12.999999999999998 3.0000000000000009 2.9999999999999991 7.9999999999999991 75 4.9999999999999991 4.0000000000000027 8.9999999999999982 22
leaf_count=3 3 4 199 7 10 36 18 12 145 94 39 59 13 3 3 8 75 5 4 9 22
internal_value=0.274224 19.1073 -2.40426 14.5272 10.3269 13.7897 -1.58866 29.1178 -3.05834 -5.57747 0.037783 -0.467909 2.36261 33.3223 3.14418 54.4986 -1.77587 -14.3916 -14.6777 -14.333 -14.8633
internal_weight=771 96 675 85 66 46 632 19 332 112 300 258 20 15 42 11 220 43 40 14 26
internal_count=771 96 675 85 66 46 632 19 332 112 300 258 20 15 42 11 220 43 40 14 26
is_linear=0
shrinkage=0.05


Tree=2
num_leaves=23
num_cat=0
split_feature=3 2 3 4 3 2 8 4 6 1 3 0 2 0 4 7 4 2 7 6 0 6
split_gain=1.25982e+07 4.72714e+06 2.43986e+06 2.42007e+06 2.76902e+06 577948 499938 735644 468415 198361 188504 354450 182762 135846 101866 61701.7 56922.5 13637 857.604 1107.91 195.989 46.7947
threshold=0.90343291285488192 1464.4850000000004 0.5457079115844945 36662.500000000007 0.91126697665713341 8452.135000000002 2.5000000000000004 39295.000000000007 91.500000000000014 31507.250000000004 0.93050294332138583 35663.30000000001 2940.4700000000007 35630.05000000001 32370.000000000004 2.5000000000000004 43067.500000000007 14939.355000000001 3.5000000000000004 91.500000000000014 38721.150000000009 82.500000000000014
decision_type=2 2 2 2 2 2 2 2 2 2 2 2 2 2 2 2 2 2 2 2 2 2
left_child=2 8 17 10 13 9 7 -7 20 14 11 -3 -6 -5 -4 -11 -8 -1 19 -19 -2 -20
right_child=1 3 5 4 12 6 16 -9 -10 15 -12 -13 -14 -15 -16 -17 -18 18 21 -21 -22 -23
leaf_value=-10.45349095662435 54.049963378906263 48.592580413818375 3.8373427997935901 19.463627624511719 2.1306003943467751 -13.18018008012038 -1.9541269316468561 -3.54207964058382 32.774822616577147 3.4061738191615967 24.77436714172363 27.543524932861324 9.1868724505106609 31.466902914914222 -1.1101640361982088 0.67945090401463393 1.0518573746961708 -13.332587585449218 -13.962814331054677 -14.192011260986328 53.53876953124999 -14.148728942871095
leaf_weight=2.9999999999999991 2.9999999999999982 3.9999999999999982 10.999999999999998 2.9999999999999991 39 26 214 83 4 42 4 4 11.999999999999998 10.999999999999998 192 41 17 9.9999999999999982 4.0000000000000027 5.9999999999999991 5 22
leaf_count=3 3 4 11 3 39 26 214 83 4 42 4 4 12 11 192 41 17 10 4 6 5 22
internal_value=-0.120417 17.5556 -2.46492 13.0066 9.19789 -1.65655 -3.04994 -5.84108 46.7453 -8.36947e-05 33.6368 38.0681 3.7909 28.8948 -0.842073 2.05924 -1.73291 -13.7103 -13.9429 -13.6549 53.7305 -14.1201
internal_weight=760 89 671 77 65 626 340 109 12 286 12 8 51 14 203 83 231 45 42 16 8 26
internal_count=760 89 671 77 65 626 340 109 12 286 12 8 51 14 203 83 231 45 42 16 8 26
is_linear=0
shrinkage=0.05


Tree=3
num_leaves=17
num_cat=0
split_feature=2 3 3 3 4 0 2 7 4 1 2 0 2 0 7 0
split_gain=1.19741e+07 5.08428e+06 2.29319e+06 1.76419e+06 1.65189e+06 782271 547425 539794 248316 185867 154151 134165 12485.4 10602.8 693.028 205.826
threshold=1464.4850000000004 0.90343291285488192 0.5457079115844945 0.91126697665713341 36662.500000000007 37462.05000000001 8452.135000000002 5.5000000000000009 37740.000000000007 32753.945000000003 2940.4700000000007 34481.100000000006 14939.355000000001 37168.600000000013 3.5000000000000004 38721.150000000009
decision_type=2 2 2 2 2 2 2 2 2 2 2 2 2 2 2 2
left_child=5 2 12 7 11 -1 9 -3 -8 -4 -6 -5 -2 -9 -14 -7
right_child=1 3 6 4 10 15 8 13 -10 -11 -12 -13 14 -15 -16 -17
leaf_value=25.173583030700684 -9.9308163960774749 10.607955932617193 -0.47231402637197811 23.490866699218746 2.0843365698149712 51.347467041015626 -1.1919076122713428 30.058566284179683 -3.8845696618250751 2.9474175090485435 8.7019666671752933 36.865702311197907 -12.992795664469401 33.073221697126108 -13.413963372366769 50.861831665039062
leaf_weight=3.9999999999999991 2.9999999999999991 3.9999999999999973 257 5 33 2.9999999999999991 141 5 218 47 11.999999999999998 3 14.999999999999998 7 28 7.9999999999999991
leaf_count=4 3 4 257 5 33 3 141 5 218 47 12 3 15 7 28 8
internal_value=-0.139848 -0.992971 -2.25392 11.9637 7.57091 44.1088 -1.5049 26.5148 -2.82701 0.0563945 3.84904 28.5064 -13.0495 31.8171 -13.267 50.9943
internal_weight=793 778 709 69 53 15 663 16 359 304 45 8 46 12 43 11
internal_count=793 778 709 69 53 15 663 16 359 304 45 8 46 12 43 11
is_linear=0
shrinkage=0.05


Tree=4
num_leaves=24
num_cat=0
split_feature=3 2 3 3 8 7 2 2 8 1 5 2 1 8 7 0 6 0 2 7 6 6 6
split_gain=1.24878e+07 5.02136e+06 2.05428e+06 1.61379e+06 815462 1.84951e+06 678946 488358 449430 550144 172435 208982 141275 102142 72604.2 29359.4 19307.6 13777.1 11266.3 646.682 977.125 42.7808 7.51664
threshold=0.90343291285488192 1354.1600000000001 0.5457079115844945 0.91126697665713341 3.5000000000000004 1.5000000000000002 1464.4850000000004 8054.4850000000006 2.5000000000000004 21618.745000000003 20.500000000000004 3701.8800000000006 31821.900000000005 3.5000000000000004 2.5000000000000004 38288.150000000001 91.500000000000014 37800.150000000001 14939.355000000001 3.5000000000000004 91.500000000000014 82.500000000000014 86.500000000000014
decision_type=2 2 2 2 2 2 2 2 2 2 2 2 2 2 2 2 2 2 2 2 2 2 2
left_child=2 15 18 10 6 -6 -5 12 9 -9 11 -3 13 -4 -14 -2 -10 -12 -1 20 -20 -21 -17
right_child=1 3 7 4 5 -7 -8 8 16 -11 17 -13 14 -15 -16 22 -18 -19 19 21 -22 -23 -24
leaf_value=-9.4342755953470867 42.639522298177084 15.599990940093988 -1.1452898359225121 24.965597343444827 4.3841546739850719 31.78143809925426 3.4292363438495372 -12.149344236954398 -1.169679210466497 -3.5220786529672434 28.587928771972663 31.762521362304678 3.7377785837108441 1.5244410933602763 0.56948536932468419 48.31874084472657 -2.0855131974850578 32.524838256835935 -12.009023623996312 -12.593975639343251 -12.832770538330079 -12.770594787597657 48.415672810872387
leaf_weight=2.9999999999999991 2.9999999999999991 6.0000000000000018 162 3.9999999999999991 14 11 43 23 170 94 3.9999999999999982 3 33 46 40 5.9999999999999982 87 5 8.9999999999999982 4.0000000000000027 5.9999999999999991 24 3
leaf_count=3 3 6 162 4 14 11 43 23 170 94 4 3 33 46 40 6 87 5 9 4 6 24 3
internal_value=0.195395 16.5415 -2.18307 12.4906 9.14297 16.439 5.26212 -1.46577 -2.64919 -5.21804 25.8813 20.9875 0.109301 -0.554869 2.00173 46.9232 -1.47971 30.7751 -12.3968 -12.6034 -12.3385 -12.7454 48.3511
internal_weight=803 102 701 90 72 25 47 655 374 117 18 9 281 208 73 12 257 9 46 43 15 28 9
internal_count=803 102 701 90 72 25 47 655 374 117 18 9 281 208 73 12 257 9 46 43 15 28 9
is_linear=0
shrinkage=0.05


Tree=5
num_leaves=24
num_cat=0
split_feature=3 2 3 4 3 2 2 8 4 0 0 3 7 3 4 2 2 4 0 7 0 6 6
split_gain=1.03102e+07 3.72389e+06 1.75875e+06 1.71244e+06 1.51818e+06 602418 437218 392300 643503 174635 354617 173302 106796 96905.7 42356.1 24438.9 11045.4 7395.77 1319.52 670.852 704.68 38.3713 0.00715751
threshold=0.90343291285488192 1354.1600000000001 0.5457079115844945 36662.500000000007 0.91126697665713341 1464.4850000000004 8054.4850000000006 2.5000000000000004 39295.000000000007 34081.200000000004 35663.30000000001 0.90933224918196143 4.5000000000000009 0.83456659741773753 43067.500000000007 1264.3250000000003 15218.300000000001 40910.000000000007 32697.400000000005 3.5000000000000004 30475.750000000004 82.500000000000014 85.500000000000014
decision_type=2 2 2 2 2 2 2 2 2 2 2 2 2 2 2 2 2 2 2 2 2 2 2
left_child=2 15 16 9 11 -6 12 8 -8 18 -11 -5 13 -4 -9 22 -1 -14 -3 20 -18 -21 -2
right_child=1 3 6 4 5 -7 7 14 -10 10 -12 -13 17 -15 -16 -17 19 -19 -20 21 -22 -23 -24
leaf_value=-8.8186473687489819 45.902804565429705 21.530367024739586 -0.24811252121925356 17.903028202056888 23.717316436767579 3.5809343239435787 -11.820731852604794 -1.5936195040890511 -2.972503696777383 42.897780609130876 22.924192199707029 28.675703648158482 -2.3624043350219726 1.932516111310864 0.75009376435052788 40.507545979817699 -12.156622009277344 -1.2607398855380525 20.047397359212237 -11.964276695251456 -11.416294691297743 -12.132064819335938 45.899573771158842
leaf_weight=2.9999999999999991 3.9999999999999982 2.9999999999999991 125 7.9999999999999982 3.9999999999999991 52 26 235 98 3.9999999999999982 5 7 25 86 21 3 4.9999999999999991 39 3 4.0000000000000027 8.9999999999999982 23 3
leaf_count=3 4 3 125 8 4 52 26 235 98 4 5 7 25 86 21 3 5 39 3 4 9 23 3
internal_value=0.0396101 15.4043 -2.07056 12.0462 8.80327 5.01925 -1.42052 -2.51946 -4.82778 27.3964 31.8013 22.9303 0.0980122 0.640675 -1.40136 44.2833 -11.7473 -1.69108 20.7889 -11.9616 -11.6807 -12.1072 45.9014
internal_weight=795 96 699 86 71 56 655 380 124 15 9 15 275 211 256 10 44 64 6 41 14 27 7
internal_count=795 96 699 86 71 56 655 380 124 15 9 15 275 211 256 10 44 64 6 41 14 27 7
is_linear=0
shrinkage=0.05


end of trees

feature_importances:
renewable_power=25
total_load=20
thermal_space_load_ratio=19
thermal_on_capacity=16
weekday=14
period=12
net_load=9
month=9
hour=2

parameters:
[boosting: gbdt]
[objective: regression]
[metric: rmse]
[tree_learner: serial]
[device_type: cpu]
[data_sample_strategy: bagging]
[data: ]
[valid: ]
[num_iterations: 400]
[learning_rate: 0.05]
[num_leaves: 31]
[num_threads: 0]
[seed: 42]
[deterministic: 0]
[force_col_wise: 0]
[force_row_wise: 0]
[histogram_pool_size: -1]
[max_depth: 5]
[min_data_in_leaf: 3]
[min_sum_hessian_in_leaf: 0.001]
[bagging_fraction: 0.85]
[pos_bagging_fraction: 1]
[neg_bagging_fraction: 1]
[bagging_freq: 1]
[bagging_seed: 400]
[bagging_by_query: 0]
[feature_fraction: 0.85]
[feature_fraction_bynode: 1]
[feature_fraction_seed: 30056]
[extra_trees: 0]
[extra_seed: 12879]
[early_stopping_round: 0]
[early_stopping_min_delta: 0]
[first_metric_only: 0]
[max_delta_step: 0]
[lambda_l1: 0]
[lambda_l2: 0]
[linear_lambda: 0]
[min_gain_to_split: 0]
[drop_rate: 0.1]
[max_drop: 50]
[skip_drop: 0.5]
[xgboost_dart_mode: 0]
[uniform_drop: 0]
[drop_seed: 17869]
[top_rate: 0.2]
[other_rate: 0.1]
[min_data_per_group: 100]
[max_cat_threshold: 32]
[cat_l2: 10]
[cat_smooth: 10]
[max_cat_to_onehot: 4]
[top_k: 20]
[monotone_constraints: ]
[monotone_constraints_method: basic]
[monotone_penalty: 0]
[feature_contri: ]
[forcedsplits_filename: ]
[refit_decay_rate: 0.9]
[cegb_tradeoff: 1]
[cegb_penalty_split: 0]
[cegb_penalty_feature_lazy: ]
[cegb_penalty_feature_coupled: ]
[path_smooth: 0]
[interaction_constraints: ]
[verbosity: -1]
[saved_feature_importance_type: 0]
[use_quantized_grad: 0]
[num_grad_quant_bins: 4]
[quant_train_renew_leaf: 0]
[stochastic_rounding: 1]
[linear_tree: 0]
[max_bin: 255]
[max_bin_by_feature: ]
[min_data_in_bin: 3]
[bin_construct_sample_cnt: 200000]
[data_random_seed: 175]
[is_enable_sparse: 1]
[enable_bundle: 1]
[use_missing: 1]
[zero_as_missing: 0]
[feature_pre_filter: 1]
[pre_partition: 0]
[two_round: 0]
[header: 0]
[label_column: ]
[weight_column: ]
[group_column: ]
[ignore_column: ]
[categorical_feature: ]
[forcedbins_filename: ]
[precise_float_parser: 0]
[parser_config_file: ]
[objective_seed: 16083]
[num_class: 1]
[is_unbalance: 0]
[scale_pos_weight: 1]
[sigmoid: 1]
[boost_from_average: 1]
[reg_sqrt: 0]
[alpha: 0.9]
[fair_c: 1]
[poisson_max_delta_step: 0.7]
[tweedie_variance_power: 1.5]
[lambdarank_truncation_level: 30]
[lambdarank_norm: 1]
[label_gain: ]
[lambdarank_position_bias_regularization: 0]
[eval_at: ]
[multi_error_top_k: 1]
[auc_mu_weights: ]
[num_machines: 1]
[local_listen_port: 12400]
[time_out: 120]
[machine_list_filename: ]
[machines: ]
[gpu_platform_id: -1]
[gpu_device_id: -1]
[gpu_use_dp: 0]
[num_gpu: 1]

end of parameters

pandas_categorical:[]
