tree
version=v4
num_class=1
num_tree_per_iteration=1
label_index=0
max_feature_idx=18
objective=regression
feature_names=total_load net_load renewable_power thermal_space_load_ratio thermal_on_capacity hour period weekday month is_weekend is_holiday price_lag_1d price_lag_2d price_lag_3d price_lag_7d price_ma_3d price_ma_7d price_std_7d net_load_lag_1d
feature_infos=[22371.52:32943.720000000001] [12984.639999999999:41162.089999999997] [1666.29:21629.200000000001] [0.47924923565697081:1.2852111326921887] [29205:38255] [16:19] [65:80] [0:6] [4:5] [0:1] none [0:1500] [0:1500] [0:1500] [0:1500] [0:886.28999999999996] [25.475714285714286:810.89142857142849] [6.65016004105376:560.59193248507154] [12984.639999999999:41162.089999999997]
tree_sizes=2338 1811 1841 1842 1811 1890 2373 1784 1835 1896 1845 1860 2503 2255 2085 1841 1658 2218 1870 1946 1785 1825

Tree=0
num_leaves=26
num_cat=0
split_feature=1 1 13 1 11 1 11 1 0 18 7 2 1 18 18 1 3 0 0 0 0 1 0 18 0
split_gain=1.87915e+07 6.2671e+06 3.94143e+06 3.53209e+06 1.10241e+06 741133 618626 516810 458911 315824 207839 129796 129626 77880.6 61140.9 56133.4 52666.1 26132.6 15067.1 12706.5 12508.7 10212.5 5500.93 5074.77 3490.91
threshold=35850.530000000006 38536.490000000013 1300.0000000000002 18809.420000000002 300.00500000000005 36312.155000000006 415.83000000000004 29298.305000000004 26731.860000000004 33725.960000000014 2.5000000000000004 4635.7650000000003 16876.335000000003 26134.715 16705.430000000004 23548.990000000002 1.0937493118732495 31884.895 32187.825000000004 27280.660000000003 29094.135000000006 20725.505000000001 26146.980000000007 24644.780000000002 31213.240000000002
decision_type=2 2 2 2 2 2 2 2 2 2 2 2 2 2 2 2 2 2 2 2 2 2 2 2 2
left_child=3 2 6 8 -3 -4 9 15 12 -2 -6 16 22 -13 -14 21 -9 -8 -7 -10 -17 -5 -1 -21 -12
right_child=1 4 5 7 10 18 17 11 19 -11 24 13 14 -15 -16 20 -18 -19 -20 23 -22 -23 -24 -25 -26
leaf_value=330.48174081305586 359.00639605008638 367.18692975166516 371.66092852078953 341.56383480042251 391.76359428210139 399.59242749336437 372.10359603686214 349.92692904594617 338.00784599108579 349.75784557782686 402.60359489245297 349.51159553588968 340.0435958079803 346.51389193864208 333.96582503441056 343.69965499472175 357.33372108263848 365.93026369535005 404.60359489245292 340.33319564623713 344.73367350189483 342.84522065046508 332.43109580798028 341.96976225763308 404.60359489245297
leaf_weight=38 14.999999999999998 3.0000000000000027 2.9999999999999982 23 4.9999999999999991 3 3.9999999999999991 5.9999999999999982 4.0000000000000027 24 2.9999999999999991 26 5.0000000000000027 130 24 59 4 3 3 10.000000000000002 58 48 3.9999999999999991 8.9999999999999982 7.9999999999999991
leaf_count=38 15 3 3 23 5 3 4 6 4 24 3 26 5 130 24 59 4 3 3 10 58 48 4 9 8
internal_value=346.902 370.244 361.692 343.047 395.001 391.952 355.772 345.334 334.431 353.315 400.216 347.367 332.443 347.014 335.014 343.539 352.89 369.458 402.098 340.569 344.212 342.43 330.667 341.108 404.058
internal_weight=522 74 55 448 19 9 46 354 94 39 16 166 71 156 29 188 10 7 6 23 117 71 42 19 11
internal_count=522 74 55 448 19 9 46 354 94 39 16 166 71 156 29 188 10 7 6 23 117 71 42 19 11
is_linear=0
shrinkage=1


Tree=1
num_leaves=19
num_cat=0
split_feature=1 1 4 1 12 1 8 0 1 13 4 1 2 0 1 16 1 12
split_gain=1.72334e+07 4.456e+06 3.38594e+06 3.11352e+06 1.18501e+06 467606 434956 421258 376669 146980 140735 132793 127582 86050.9 83785.7 8550.82 4000.26 134.018
threshold=37949.665000000008 35850.530000000006 35692.500000000007 18809.420000000002 318.83500000000009 30768.880000000001 4.5000000000000009 27071.135000000006 38778.075000000004 336.33500000000009 35217.000000000007 16876.335000000003 4452.8550000000005 31843.890000000003 24472.415000000005 170.64000000000001 39257.420000000006 336.33500000000009
decision_type=2 2 2 2 2 2 2 2 2 2 2 2 2 2 2 2 2 2
left_child=1 3 10 7 -2 14 13 11 -6 -8 -3 -1 -7 -4 -5 -9 -10 -18
right_child=4 2 6 5 8 12 9 15 16 -11 -12 -13 -14 -15 -16 -17 17 -19
leaf_value=-15.473654174804688 22.865820312499984 54.936859130859375 2.7929978957543007 -4.0520050551865125 34.782605489095054 6.0613482388583098 20.432213846842448 -7.8779678344726491 52.836484781901042 10.079777002334595 39.62154998779296 -11.188837652495414 0.42490492623785275 10.670555114746094 -2.1004048258709394 -5.334471431531405 55.197821044921888 54.798389543805797
leaf_weight=40 5.0000000000000027 2.9999999999999991 26.000000000000004 91 2.9999999999999991 10.999999999999998 5.9999999999999991 4.0000000000000027 2.9999999999999991 7.9999999999999991 3 33 115 3.9999999999999991 139 19 2.9999999999999982 7
leaf_count=40 5 3 26 91 3 11 6 4 3 8 3 33 115 4 139 19 3 7
internal_value=-0.263134 -2.1195 12.0441 -3.68627 44.1128 -1.53132 7.23936 -11.6775 50.7525 14.5165 47.2792 -13.5367 0.916975 3.84334 -2.87256 -5.77682 54.4378 54.9182
internal_weight=523 502 50 452 21 356 44 96 16 14 6 73 126 30 230 23 13 10
internal_count=523 502 50 452 21 356 44 96 16 14 6 73 126 30 230 23 13 10
is_linear=0
shrinkage=0.05


Tree=2
num_leaves=19
num_cat=0
split_feature=1 1 4 1 11 14 1 16 16 4 18 1 1 12 1 2 1 15
split_gain=1.95413e+07 3.9912e+06 3.12532e+06 2.78531e+06 998748 802389 427216 398566 228289 175285 150658 131324 105501 84119.6 70640.9 36849.7 12175.5 3994.42
threshold=37949.665000000008 35704.980000000003 35692.500000000007 18809.420000000002 300.00500000000005 329.00000000000006 30593.935000000005 364.09571428571434 168.48500000000004 37657.000000000007 24993.555000000004 36724.280000000006 15838.345000000001 317.00000000000006 26534.910000000003 18596.205000000005 37394.655000000006 376.05666666666679
decision_type=2 2 2 2 2 2 2 2 2 2 2 2 2 2 2 2 2 2
left_child=1 3 11 8 -2 -6 14 16 15 -9 -8 -3 -10 -7 -5 -1 -4 -15
right_child=4 2 7 6 5 13 10 9 12 -11 -12 -13 -14 17 -16 -17 -18 -19
leaf_value=-14.000467648713485 19.59653358459471 37.567410278320317 1.5693295332101673 -3.5041374938178609 22.726636250813776 42.868529256184843 6.2236392021179201 8.6254366738455612 -12.728949668190696 18.31576657976423 0.32872355676622 52.361753336588528 -6.9780931735860889 50.623956298828126 -1.7292645617711302 -8.2811317443847656 3.6943317413330079 52.44842529296875
leaf_weight=46 4.0000000000000027 2.9999999999999991 13.000000000000002 131 3.0000000000000027 3.0000000000000027 11.999999999999998 14.000000000000002 10.999999999999998 6.9999999999999991 112 3 29 3.9999999999999991 98 2.9999999999999991 13.999999999999998 11.999999999999998
leaf_count=46 4 3 13 131 3 3 12 14 11 7 112 3 29 4 98 3 14 12
internal_value=0.325033 -1.88988 10.9421 -3.4576 42.5788 46.7574 -1.46462 6.68934 -11.3623 11.8555 0.899199 44.9646 -8.55958 50.5517 -2.74458 -13.6503 2.67118 51.9923
internal_weight=522 496 54 442 26 22 353 48 89 21 124 6 40 19 229 49 27 16
internal_count=522 496 54 442 26 22 353 48 89 21 124 6 40 19 229 49 27 16
is_linear=0
shrinkage=0.05


Tree=3
num_leaves=19
num_cat=0
split_feature=1 1 4 1 11 1 1 0 16 15 4 2 1 12 1 4 1 0
split_gain=1.64314e+07 3.75025e+06 3.04156e+06 2.44737e+06 850923 689256 423897 291583 250523 244682 128955 97181.6 93530.5 79592.8 71005.3 58024.5 11325.9 4009.65
threshold=37949.665000000008 35850.530000000006 35692.500000000007 18809.420000000002 293.83500000000009 38778.075000000004 30768.880000000001 26731.860000000004 364.09571428571434 695.55666666666684 37657.000000000007 4452.8550000000005 16876.335000000003 317.00000000000006 24173.315000000006 33565.000000000007 37394.655000000006 31213.240000000002
decision_type=2 2 2 2 2 2 2 2 2 2 2 2 2 2 2 2 2 2
left_child=1 3 9 7 -2 -6 14 12 16 -3 -10 -8 -1 -7 -5 -9 -4 -15
right_child=4 2 8 6 5 13 11 15 10 -11 -12 -13 -14 17 -16 -17 -18 -19
leaf_value=-13.791654205322267 18.616707229614242 31.016645812988283 1.3951275478709824 -3.7866274707288627 21.590305074055966 41.256586456298798 5.5696540138938211 -4.8064806938171385 7.9436082585652663 49.906539154052723 17.215593872070311 0.6277088781962028 -9.9580671897301301 47.633692423502609 -1.9573410750246372 -12.263476308186849 3.6640807411887431 49.695889559659093
leaf_weight=41 4.0000000000000027 2.9999999999999991 11.000000000000002 83 3.0000000000000027 4.0000000000000027 10.999999999999998 20.000000000000004 15.000000000000002 4 4.9999999999999991 104 26 2.9999999999999991 147 2.9999999999999991 10.999999999999998 10.999999999999998
leaf_count=41 4 3 11 83 3 4 11 20 15 4 5 104 26 3 147 3 11 11
internal_value=0.225188 -1.81653 11.2971 -3.2937 39.7528 43.7787 -1.37818 -10.6365 6.21151 41.8109 10.2616 1.10042 -12.304 47.4768 -2.61747 -5.77913 2.5296 49.254
internal_weight=509 484 49 435 25 21 345 90 42 7 20 115 67 18 230 23 22 14
internal_count=509 484 49 435 25 21 345 90 42 7 20 115 67 18 230 23 22 14
is_linear=0
shrinkage=0.05


Tree=4
num_leaves=19
num_cat=0
split_feature=1 1 4 1 14 1 11 16 0 1 4 1 14 18 12 1 4 14
split_gain=1.59536e+07 3.52617e+06 3.13398e+06 2.2532e+06 793485 355741 328796 282569 263346 127559 98259.7 94002.4 76375.2 70944.2 68901.9 47267.1 27222.6 4431.09
threshold=37949.665000000008 35850.530000000006 35692.500000000007 18809.420000000002 329.00000000000006 29714.875000000004 300.00500000000005 437.53571428571439 26731.860000000004 36724.280000000006 37657.000000000007 16876.335000000003 274.03500000000003 24993.555000000004 318.83500000000009 23311.180000000004 33565.000000000007 336.33500000000009
decision_type=2 2 2 2 2 2 2 2 2 2 2 2 2 2 2 2 2 2
left_child=1 3 9 8 -2 15 -6 12 11 -3 -9 -1 -4 -7 -8 -5 -10 -16
right_child=4 2 7 5 6 13 14 10 16 -11 -12 -13 -14 -15 17 -17 -18 -19
leaf_value=-13.308075275421144 18.779766845703108 33.823374938964847 10.852993774414063 -3.8022390827988133 27.7527654012044 3.6733340829610825 38.714619954427036 8.5131134986877459 -4.9075138473510735 47.462406921386709 17.448214111328124 -9.5307443686894011 2.485762348175049 0.14195239397231491 48.734073893229173 -2.1845964524712596 -9.4260234832763672 46.585651652018235
leaf_weight=40 4.0000000000000027 2.9999999999999991 2.9999999999999991 66 3.0000000000000027 15.999999999999998 3.0000000000000027 7.9999999999999982 20.000000000000004 4 5 28 30 128 2.9999999999999991 143 3.9999999999999991 11.999999999999998
leaf_count=40 4 3 3 66 3 16 3 8 20 4 5 28 30 128 3 143 4 12
internal_value=0.214357 -1.74225 10.449 -3.19425 39.1901 -1.37791 43.0777 5.70604 -10.1635 41.6171 11.9497 -11.7527 3.24642 0.534328 45.6319 -2.69543 -5.6606 47.0153
internal_weight=523 498 53 445 25 353 21 46 92 7 13 68 33 144 18 209 24 15
internal_count=523 498 53 445 25 353 21 46 92 7 13 68 33 144 18 209 24 15
is_linear=0
shrinkage=0.05


Tree=5
num_leaves=20
num_cat=0
split_feature=1 1 13 1 11 1 8 14 1 0 12 13 2 1 3 14 0 12 17
split_gain=1.40323e+07 3.36635e+06 2.63502e+06 1.97493e+06 855639 757533 268258 266266 257009 256577 105747 57937.9 53740.4 47222.2 37779.2 26952.6 13598 7315.06 4901.18
threshold=37949.665000000008 34603.31500000001 1300.0000000000002 18184.140000000003 293.83500000000009 36312.155000000006 4.5000000000000009 335.06000000000006 29173.310000000001 26782.370000000006 305.98000000000008 711.00000000000011 4164.7750000000005 22101.120000000006 0.6573572120618324 242.00500000000002 32187.825000000004 318.83500000000009 31.583822081663218
decision_type=2 2 2 2 2 2 2 2 2 2 2 2 2 2 2 2 2 2 2
left_child=1 3 6 9 -2 -4 10 -6 13 14 -3 -8 -10 -5 -1 -11 -7 -9 -19
right_child=4 2 5 8 7 16 11 17 12 15 -12 -13 -14 -15 -16 -17 -18 18 -20
leaf_value=-12.921733831590224 16.410396003723132 6.7403209759638862 15.109251880645756 -4.0330725806100025 28.009416707356735 40.81980895996093 12.284286447004838 41.925730387369747 3.9487771987915039 -8.9949756622314379 1.5494515252113343 4.4453282674153654 -0.26721071765696913 -2.320268541907931 -10.508313414629768 -4.4332910762113684 45.580417887369777 42.855021158854171 45.13498091264205
leaf_weight=31 4.0000000000000027 12.999999999999998 3.9999999999999982 56 3.0000000000000027 3 10.999999999999998 3.0000000000000027 7.9999999999999991 4.0000000000000027 40 2.9999999999999991 137 143 34 17 3 2.9999999999999991 10.999999999999998
leaf_count=31 4 13 4 56 3 3 11 3 8 4 40 3 137 143 34 17 3 3 11
internal_value=0.162579 -1.60585 8.02212 -3.32993 37.5207 31.9638 4.44874 41.7428 -1.63566 -10.107 2.82268 10.6045 -0.0346045 -2.80226 -11.6593 -5.30218 43.2001 44.1663 44.6464
internal_weight=531 507 77 430 24 10 67 20 344 86 53 14 145 199 65 21 6 17 14
internal_count=531 507 77 430 24 10 67 20 344 86 53 14 145 199 65 21 6 17 14
is_linear=0
shrinkage=0.05


Tree=6
num_leaves=25
num_cat=0
split_feature=2 7 3 0 0 0 2 7 3 3 8 3 0 11 4 3 8 3 0 13 7 4 0 2
split_gain=1.19531e+07 2.91301e+06 1.89019e+06 1.82559e+06 1.2096e+06 516466 452134 436795 426502 282824 267085 127479 113236 99617.1 87084.4 65910.5 63407.6 58218.5 81432.5 54956.2 30030.9 6259.13 5467.12 1922.69
threshold=4721.5350000000008 2.5000000000000004 0.77751498319464007 30521.165000000005 32290.275000000005 26086.565000000006 4575.8900000000012 1.5000000000000002 1.1201988432589249 1.1425510846891966 4.5000000000000009 1.1941792402431379 29094.135000000006 300.00500000000005 35692.500000000007 0.69567019509066086 4.5000000000000009 0.64283493391957813 27472.905000000002 601.00000000000011 1.0000000180025095e-35 37657.000000000007 27472.905000000002 4074.8350000000005
decision_type=2 2 2 2 2 2 2 2 2 2 2 2 2 2 2 2 2 2 2 2 2 2 2 2
left_child=1 4 5 -3 7 15 13 9 12 -1 14 -12 22 -5 -10 20 -17 18 -7 -14 -2 -19 -4 -9
right_child=2 3 8 6 -6 17 -8 23 10 -11 11 -13 19 -15 -16 16 -18 21 -20 -21 -22 -23 -24 -25
leaf_value=7.1209783458709701 -9.4455874633789065 7.1918779373168906 -3.1390544549012795 33.818712425231872 41.475826009114584 -9.741797568581319 20.060483090082805 2.5573925813039144 7.1767752075195324 18.739240334250709 6.216723673684255 16.337916946411134 -0.87117772781539982 42.640608024597171 0.08130749464035035 -6.6126611709594716 -12.124720954895018 -3.3252741314115983 -4.1533089160919188 2.1153821545488696 -12.573331983161696 -5.3951825141906742 -2.3857911185612752 1.2915960311889649
leaf_weight=10.000000000000002 9.9999999999999982 6.0000000000000027 39 4.0000000000000062 2.9999999999999991 11.000000000000002 2.9999999999999991 11.999999999999998 4.9999999999999991 10.999999999999998 14.000000000000002 3.9999999999999991 164 15.999999999999998 32 15 8 42 15.999999999999998 17 33 3.9999999999999991 63 3.9999999999999991
leaf_count=10 10 6 39 4 3 11 3 12 5 11 14 4 164 16 32 15 8 42 16 17 33 4 63 4
internal_value=0.236804 19.6881 -2.57691 31.7537 10.9406 -7.48502 38.1611 8.46477 -0.558486 13.2067 3.47039 8.46588 -1.34148 40.8762 1.04015 -10.6904 -8.5299 -4.58705 -6.4301 -0.590672 -11.8459 -3.50527 -2.6738 2.24094
internal_weight=546 69 477 29 40 139 23 37 338 21 55 18 283 20 37 66 23 73 27 181 43 46 102 16
internal_count=546 69 477 29 40 139 23 37 338 21 55 18 283 20 37 66 23 73 27 181 43 46 102 16
is_linear=0
shrinkage=0.05


Tree=7
num_leaves=19
num_cat=0
split_feature=1 1 4 1 6 18 1 15 12 1 12 14 16 1 1 14 1 1
split_gain=9.92225e+06 2.51833e+06 2.12979e+06 1.77543e+06 556407 276199 260429 224664 168906 158115 81609.3 73969.8 69416.6 64895.9 38018.1 7271.13 10907.1 2616.44
threshold=37949.665000000008 35850.530000000006 35692.500000000007 18318.420000000002 75.500000000000014 27221.195000000003 28949.895000000004 469.92166666666674 295.83500000000009 36724.280000000006 559.67000000000007 1350.6750000000002 164.28071428571431 33457.890000000007 20725.505000000001 336.33500000000009 39257.420000000006 16266.180000000002
decision_type=2 2 2 2 2 2 2 2 2 2 2 2 2 2 2 2 2 2
left_child=1 3 9 8 -2 -6 14 11 12 -3 -9 -4 -1 -8 -5 -7 -17 -10
right_child=4 2 7 6 5 15 13 10 17 -11 -12 -13 -14 -15 -16 16 -18 -19
leaf_value=-11.054412298936111 16.504667282104478 25.847348531087238 2.1095732816060386 -4.1170479965209967 23.463293965657527 42.363099161783857 -0.64139014521035653 17.323932456970212 -5.5195480346679693 41.032357788085932 7.2238540649414054 9.3480297088623043 -7.9295444841738103 1.4069887962834589 -2.2957500119752523 37.015020751953124 40.550234222412115 -3.8686505476633708
leaf_weight=52 4.0000000000000027 2.9999999999999991 30 35 3.0000000000000027 2.9999999999999991 116 4 2.9999999999999991 4 4 3.9999999999999991 27 58 158 2.9999999999999991 7.9999999999999991 11.999999999999998
leaf_count=52 4 3 30 35 3 3 116 4 3 4 4 4 27 58 158 3 8 12
internal_value=-0.399329 -1.78625 8.99065 -2.93174 33.2831 37.2309 -1.36137 4.73501 -9.06287 34.5245 12.2739 2.96116 -9.98642 0.0414028 -2.62604 40.1812 39.5861 -4.19883
internal_weight=531 510 49 461 21 17 367 42 94 7 8 34 79 174 193 14 11 15
internal_count=531 510 49 461 21 17 367 42 94 7 8 34 79 174 193 14 11 15
is_linear=0
shrinkage=0.05


Tree=8
num_leaves=19
num_cat=0
split_feature=1 1 1 4 11 14 1 16 0 18 1 12 1 16 4 0 16 17
split_gain=1.02735e+07 2.1758e+06 1.44265e+06 1.64776e+06 598399 461666 227289 225429 203253 139174 69384.9 52564.5 40398.9 30751.7 23923.4 10496.1 6961.8 5147.74
threshold=37949.665000000008 19043.735000000004 35704.980000000003 35692.500000000007 293.83500000000009 329.00000000000006 31444.280000000002 364.09571428571434 26731.860000000004 24993.555000000004 18318.420000000002 317.00000000000006 26885.205000000005 170.64000000000001 33565.000000000007 25023.340000000004 355.51714285714291 97.478718372958667
decision_type=2 2 2 2 2 2 2 2 2 2 2 2 2 2 2 2 2 2
left_child=1 8 6 -4 -2 -6 12 -5 10 -8 13 -7 -3 -1 17 -12 -13 -10
right_child=4 2 3 7 5 11 9 -9 14 -11 15 16 -14 -15 -16 -17 -18 -19
leaf_value=-10.597528058178021 13.421756744384755 -2.5164348904515657 35.196364135742186 1.786070297241211 16.363072713216127 31.507173665364547 7.1408637762069702 9.0113437752974672 -2.6239880681037882 0.282129645165132 -7.2692461013793963 37.605767822265626 -1.2495380238621636 -8.0331891123453776 -7.8409324169158943 -3.832954940795898 39.764915466308594 -4.2360111676729648
leaf_weight=53 4.0000000000000027 142 4.9999999999999991 25 3.0000000000000027 3.0000000000000027 7.9999999999999991 19 8.0000000000000053 98 3.9999999999999982 6.9999999999999991 113 14.999999999999998 3.9999999999999991 5 7.9999999999999991 12.999999999999998
leaf_count=53 4 142 5 25 3 3 8 19 8 98 4 7 113 15 4 5 8 13
internal_value=-0.15099 -1.67918 -0.0534313 7.99692 31.1463 34.5224 -1.14614 4.90607 -8.21404 0.79977 -9.48583 37.549 -1.95503 -10.0319 -4.29695 -5.3602 38.7573 -3.62191
internal_weight=537 512 410 49 25 21 361 44 102 106 77 18 255 68 25 9 15 21
internal_count=537 512 410 49 25 21 361 44 102 106 77 18 255 68 25 9 15 21
is_linear=0
shrinkage=0.05


Tree=9
num_leaves=21
num_cat=0
split_feature=1 1 13 1 11 11 0 0 15 1 13 18 2 1 1 3 4 16 1 2
split_gain=9.53224e+06 2.02532e+06 1.9298e+06 1.27689e+06 586318 273612 180374 163385 148955 135012 275313 73929.2 42140.8 35982.4 30221.4 29733.4 9231.54 5725.82 6738.39 4240.47
threshold=37949.665000000008 34603.31500000001 1300.0000000000002 18184.140000000003 293.83500000000009 480.33500000000009 26782.370000000006 29800.430000000004 693.2750000000002 38942.320000000007 329.83000000000004 30056.865000000002 4164.7750000000005 36041.67500000001 20725.505000000001 0.6573572120618324 33030.000000000007 391.21428571428572 39257.420000000006 3475.4600000000005
decision_type=2 2 2 2 2 2 2 2 2 2 2 2 2 2 2 2 2 2 2 2
left_child=1 3 5 6 -2 11 15 14 -4 10 -6 -3 -9 -7 -5 -1 -8 18 -11 -19
right_child=4 2 8 7 9 13 16 12 -10 17 -12 -13 -14 -15 -16 -17 -18 19 -20 -21
leaf_value=-10.810184605916341 12.750668907165517 6.666046852535672 22.795162963867188 -3.7423383497422744 16.587851969401022 8.9787811279296861 -3.219341571514422 3.6905755724225728 37.533730316162107 33.38562520345053 38.00875651041666 1.7507766589230185 -0.28677142997727778 15.685344123840331 -2.0416475462087664 -8.6191331028938301 -5.9661590576171877 38.282896423339842 36.383044433593746 35.79612731933593
leaf_weight=30 4.0000000000000027 8.9999999999999982 2.9999999999999991 31 3.0000000000000027 4 13.000000000000002 6.9999999999999991 4 2.9999999999999982 3 51 137 4 166 32 3.9999999999999991 4 5 3
leaf_count=30 4 9 3 31 3 4 13 7 4 3 3 51 137 4 166 32 4 4 5 3
internal_value=0.172369 -1.349 6.21948 -2.70051 30.2954 3.64618 -8.42828 -1.37355 31.2172 33.6372 27.2983 2.48807 -0.0934282 12.3321 -2.30927 -9.67932 -3.86565 36.1728 35.259 37.2171
internal_weight=520 495 75 420 25 68 79 341 7 21 6 60 144 8 197 62 17 15 8 7
internal_count=520 495 75 420 25 68 79 341 7 21 6 60 144 8 197 62 17 15 8 7
is_linear=0
shrinkage=0.05


Tree=10
num_leaves=20
num_cat=0
split_feature=1 1 4 1 12 11 1 0 17 18 2 1 1 4 2 12 16 0 1
split_gain=8.5463e+06 2.19958e+06 1.83245e+06 1.28535e+06 384697 248650 192211 189715 145818 99650 60798.5 44579.2 42444.3 22290.7 12470.6 7227.39 3456.45 1185.52 449.99
threshold=38536.490000000013 35850.530000000006 35692.500000000007 18809.420000000002 310.50000000000006 415.83000000000004 31444.280000000002 26731.860000000004 504.3363323255852 24993.555000000004 6070.0650000000014 18318.420000000002 25162.925000000007 33565.000000000007 4316.3050000000012 318.83500000000009 355.51714285714291 31919.255000000005 39640.095000000008
decision_type=2 2 2 2 2 2 2 2 2 2 2 2 2 2 2 2 2 2 2
left_child=1 3 8 7 -2 10 12 11 -3 -8 -4 -1 -5 -9 -7 -6 18 -18 -17
right_child=4 2 5 6 15 14 9 13 -10 -11 -12 -13 -14 -15 -16 16 17 -19 -20
leaf_value=-9.3520522041926313 17.384361076354967 35.599025878906239 2.2822322395869663 -2.5553640623319716 32.391202799479132 16.213847351074218 5.4894414424896247 -3.1174078369140621 21.655404917399082 0.25217837181807767 8.1764645767211928 -4.841656843821208 -1.2037665444154007 -7.2061734437942508 11.654870859781898 33.755356852213545 36.384587097167966 35.167252349853513 34.621372477213534
leaf_weight=63 4.0000000000000027 5 35 105 3.0000000000000027 2.9999999999999991 9.9999999999999982 20.000000000000004 3 99 4.9999999999999991 5.9999999999999991 130 3.9999999999999991 3 2.9999999999999991 4 4 3
leaf_count=63 4 5 35 105 3 3 10 20 3 99 5 6 130 4 3 3 4 4 3
internal_value=0.0996712 -1.23629 8.28385 -2.41269 31.3356 4.44275 -1.00274 -7.62798 30.3702 0.732661 3.01901 -8.95984 -1.80767 -3.79887 13.9344 34.6183 35.0955 35.7759 34.1884
internal_weight=512 491 54 437 21 46 344 93 8 109 40 69 235 24 6 17 14 8 6
internal_count=512 491 54 437 21 46 344 93 8 109 40 69 235 24 6 17 14 8 6
is_linear=0
shrinkage=0.05


Tree=11
num_leaves=19
num_cat=0
split_feature=1 1 1 17 7 11 11 14 1 0 12 2 0 8 7 14 17 17
split_gain=7.67301e+06 1.83217e+06 1.16122e+06 963762 569020 474292 375155 373469 219360 117838 96681.4 69523 34847 33254.6 14958.6 8071.27 5888.5 4990.57
threshold=37949.665000000008 36110.165000000008 17977.935000000005 225.85437681019042 3.5000000000000004 293.83500000000009 280.7000000000001 329.00000000000006 29964.995000000006 26106.495000000006 516.16500000000008 4452.8550000000005 28473.905000000002 4.5000000000000009 3.5000000000000004 336.33500000000009 411.04070309639695 159.15456803946026
decision_type=2 2 2 2 2 2 2 2 2 2 2 2 2 2 2 2 2 2
left_child=1 2 9 10 6 -2 -5 -7 12 14 17 -10 -4 -11 -1 -9 -17 -3
right_child=5 3 8 4 -6 7 -8 15 11 13 -12 -13 -14 -15 -16 16 -18 -19
leaf_value=-8.1845850962179689 11.432694244384756 1.4510045945644376 -2.6890841099680687 28.192981974283825 33.903511810302739 13.885326131184881 8.2457479693672884 34.921162414550757 4.1304379860560099 -4.0267313185192286 11.15282923380534 0.16490652977888076 -1.4341266879885217 -8.5639277648925791 -9.8648802537184501 31.838914628462359 34.337990315755206 3.6140248616536463
leaf_weight=27 4.0000000000000027 24.000000000000007 98 3.0000000000000027 3.9999999999999991 3.0000000000000027 10.999999999999998 4.0000000000000027 11.999999999999998 21.000000000000004 2.9999999999999991 140 127 4.9999999999999991 26 10.999999999999998 2.9999999999999991 2.9999999999999991
leaf_count=27 4 24 98 3 4 3 11 4 12 21 3 140 127 5 26 11 3 3
internal_value=0.174802 -1.16636 -2.14444 8.12544 17.272 27.2125 12.5202 30.2182 -0.989422 -7.65635 2.63749 0.477975 -1.98073 -4.89927 -9.00888 32.9404 32.3744 1.69134
internal_weight=529 504 456 48 18 25 14 21 377 79 30 152 225 26 53 18 14 27
internal_count=529 504 456 48 18 25 14 21 377 79 30 152 225 26 53 18 14 27
is_linear=0
shrinkage=0.05


Tree=12
num_leaves=27
num_cat=0
split_feature=2 2 18 0 12 18 3 3 8 6 0 4 15 3 3 4 18 14 11 3 0 2 2 16 2 3
split_gain=6.31907e+06 1.50825e+06 1.21099e+06 982434 756345 493868 222805 197363 179209 140151 88731.8 84214 53485.3 49424.1 47403.5 46719.1 38835.7 31544.8 24388.6 18967.1 13414.8 7693.97 7387.77 5098.49 1490.75 1361.76
threshold=4635.7650000000003 2331.6900000000001 32658.950000000001 26894.960000000003 309.83500000000009 37360.500000000007 1.0796036368475506 0.71287536399588947 4.5000000000000009 77.500000000000014 24107.370000000006 35692.500000000007 376.05666666666679 0.88211346081401021 1.1889132542915852 33797.500000000007 25235.920000000002 298.00000000000006 409.90000000000003 0.63156245665486332 26106.495000000006 4538.7700000000013 15312.490000000002 391.21428571428572 13370.595000000003 1.2716621149047016
decision_type=2 2 2 2 2 2 2 2 2 2 2 2 2 2 2 2 2 2 2 2 2 2 2 2 2 2
left_child=1 12 4 7 21 18 13 17 11 -7 24 -8 -1 19 -10 -15 -6 20 -4 -5 -2 -3 -12 25 -9 -14
right_child=3 2 5 6 16 9 8 10 14 -11 22 -13 23 15 -16 -17 -18 -19 -20 -21 -22 -23 -24 -25 -26 -27
leaf_value=23.836368306477866 -8.8268994746000882 5.7769297281900975 1.6443597459793091 -3.8051510334014895 24.784932454427086 11.612558237711591 5.8054438908894861 -9.6241497039794925 4.0071759730577465 24.848453267415358 -2.6333086150033136 -0.42742979489266875 29.903993733723969 0.6191606351515142 9.2185326417287197 -1.3444075949746987 31.455706787109378 -4.3620347595214843 4.7785574383205844 -1.942882399736567 -6.4774209567478724 9.3578908284505182 -4.6879576110839842 33.172922770182282 -8.1496976216634103 31.313211059570307
leaf_weight=2.9999999999999991 46 3.0000000000000027 20.000000000000004 15.999999999999998 2.9999999999999991 5.9999999999999982 5.9999999999999991 3.9999999999999991 16.000000000000004 3 35 56 2.9999999999999982 41 5.9999999999999991 116 7.9999999999999991 4.9999999999999991 8.9999999999999982 94 6.9999999999999991 3 4.9999999999999991 3 3 4
leaf_count=3 46 3 20 16 3 6 6 4 16 3 35 56 3 41 6 116 8 5 9 94 7 3 5 3 3 4
internal_value=0.156518 14.3752 10.7549 -1.96381 21.8473 5.7925 -0.694463 -6.20706 1.55146 16.0245 -3.79896 0.175752 29.6917 -1.40105 5.42846 -0.831629 29.6364 -8.15844 2.61704 -2.21376 -8.51659 7.56741 -2.89014 31.4484 -8.99224 30.7093
internal_weight=524 68 55 456 17 38 351 105 84 9 47 62 13 267 22 157 11 58 29 110 53 6 40 10 7 7
internal_count=524 68 55 456 17 38 351 105 84 9 47 62 13 267 22 157 11 58 29 110 53 6 40 10 7 7
is_linear=0
shrinkage=0.05


Tree=13
num_leaves=24
num_cat=0
split_feature=2 7 6 3 2 13 3 11 8 16 4 14 6 4 15 13 3 15 17 3 3 6 3
split_gain=4.97886e+06 1.24966e+06 942278 899858 526235 463851 214819 178993 176701 150612 112529 78612 61699.7 58263.7 55450.1 40610.8 30599.4 53045.1 25688.2 20743.1 12312.1 9307.65 6975.1
threshold=4721.5350000000008 2.5000000000000004 75.500000000000014 0.74838844860462517 2331.6900000000001 1483.0000000000002 1.1175506377543523 293.83500000000009 4.5000000000000009 168.48500000000004 38215.000000000007 329.00000000000006 71.500000000000014 35692.500000000007 30.575000000000035 601.00000000000011 0.66042478055833431 267.2433333333334 35.216532515133629 0.69567019509066086 0.77751498319464007 65.500000000000014 1.2423680512764912
decision_type=2 2 2 2 2 2 2 2 2 2 2 2 2 2 2 2 2 2 2 2 2 2 2
left_child=1 4 -3 9 -1 10 12 -4 13 14 -6 -10 20 -8 21 -14 17 -11 -18 -16 -5 -2 -9
right_child=3 2 7 6 5 -7 8 22 11 16 -12 -13 15 -15 19 -17 18 -19 -20 -21 -22 -23 -24
leaf_value=24.887063407897951 -5.6772463321685809 4.7792249361673962 16.510048675537089 -3.1774152861701119 3.0313191560006914 21.926535987854006 5.6233082580566407 31.209406534830734 5.0981715122858686 -7.244367953709193 13.17277094523112 14.147344462076823 -0.75837862753433682 -0.13671938069682155 -8.9260133189539754 1.8112093480194318 -4.7702732849121077 -3.030030143260956 -1.6394461619226559 -6.7526987103854914 -1.7620839250655402 -2.4413372421264645 29.008538818359376
leaf_weight=3.9999999999999991 3.9999999999999982 6.0000000000000027 3.0000000000000027 18 31 3.9999999999999991 4.9999999999999991 5.9999999999999991 11.999999999999998 14.000000000000002 2.9999999999999991 2.9999999999999991 161 36 31 17 10.000000000000002 15.999999999999998 19 17 105 5 8.9999999999999982
leaf_count=4 4 6 3 18 31 4 5 6 12 14 3 3 161 36 31 17 10 16 19 17 105 5 9
internal_value=-0.0270786 12.8376 21.9391 -1.82215 7.63675 5.82093 -0.579008 27.6591 2.26455 -5.64803 3.92615 6.90801 -1.10804 0.565723 -7.48102 -0.512969 -3.87718 -4.99672 -2.71904 -8.1563 -1.96921 -3.87952 29.8889
internal_weight=539 66 24 473 42 38 357 18 56 116 34 15 301 41 57 178 59 30 29 48 123 9 15
internal_count=539 66 24 473 42 38 357 18 56 116 34 15 301 41 57 178 59 30 29 48 123 9 15
is_linear=0
shrinkage=0.05


Tree=14
num_leaves=23
num_cat=0
split_feature=3 6 0 13 3 3 18 3 11 0 17 16 7 0 16 0 6 18 0 16 12 18
split_gain=3.98435e+06 1.57791e+06 1.05138e+06 779846 831392 267539 252001 219601 182754 63637.3 61660.5 50739.3 61455.4 43359.8 14981.2 7023.23 6801.59 5698.3 4245.37 3842.68 6404.49 319.629
threshold=1.2069286717289935 75.500000000000014 27472.905000000002 1300.0000000000002 1.1227363132403891 1.0796036368475506 37141.535000000011 0.70822441210532128 300.00500000000005 24107.370000000006 33.048487899478808 168.48500000000004 4.5000000000000009 30768.365000000002 339.47714285714295 26229.875000000004 78.500000000000014 17336.950000000001 30296.110000000004 397.73357142857145 366.83000000000004 27748.955000000005
decision_type=2 2 2 2 2 2 2 2 2 2 2 2 2 2 2 2 2 2 2 2 2 2
left_child=2 10 7 5 16 13 -7 11 -3 -9 18 17 -13 -4 -12 -11 -5 -1 -2 20 -10 -21
right_child=1 8 3 4 -6 6 -8 9 19 15 14 12 -14 -15 -16 -17 -18 -19 -20 21 -22 -23
leaf_value=-7.4751669363542037 0.3063217973709107 14.869692866007469 -1.4357274076185729 0.83936483412981056 28.287774658203119 1.2866303401942156 11.106453486851285 -8.4276423645019545 25.784683736165377 -3.2653687824805582 10.402226257324216 -2.1714650699496261 -7.4787288745244345 0.11598149639064984 5.4053635279337549 -2.1977013765379438 3.7551821231842037 -8.6412811279296875 2.6855000813802077 28.953165690104171 28.545914568219867 29.68303934733072
leaf_weight=22 4.9999999999999982 3.0000000000000027 190 3.9999999999999982 5 98 6.9999999999999991 4.9999999999999991 2.9999999999999982 24 3 10.000000000000002 11.999999999999998 59 3 43 4 20 3 2.9999999999999991 7 3
leaf_count=22 5 3 190 4 5 98 7 5 3 24 3 10 12 59 3 43 4 20 3 3 7 3
internal_value=-0.0211496 16.8092 -1.12533 0.266231 12.2936 -0.175453 1.94129 -4.88049 26.1944 -2.98623 4.07221 -7.01154 -5.06634 -1.06805 7.90379 -2.58015 2.29727 -8.03046 1.19851 28.3178 27.7175 29.3181
internal_weight=536 33 503 367 13 354 105 136 19 72 14 64 22 249 6 67 8 42 8 16 10 6
internal_count=536 33 503 367 13 354 105 136 19 72 14 64 22 249 6 67 8 42 8 16 10 6
is_linear=0
shrinkage=0.05


Tree=15
num_leaves=20
num_cat=0
split_feature=1 1 4 1 12 1 8 15 1 0 1 2 1 0 4 14 16 1 2
split_gain=4.7655e+06 1.30129e+06 1.11972e+06 788087 253556 163121 106197 94598.4 89779.7 84770 44715.5 39002.3 28660.7 26608.4 19770.9 13335.6 6912.89 4196.23 958.007
threshold=37949.665000000008 35850.530000000006 35692.500000000007 17828.385000000006 303.00000000000006 29173.310000000001 4.5000000000000009 693.2750000000002 38942.320000000007 26782.370000000006 36312.155000000006 10645.585000000001 20725.505000000001 31843.890000000003 33797.500000000007 242.00500000000002 391.21428571428572 39257.420000000006 3248.9200000000005
decision_type=2 2 2 2 2 2 2 2 2 2 2 2 2 2 2 2 2 2 2
left_child=1 3 7 9 -2 12 13 -3 -6 14 -8 -7 -5 -4 -1 -11 17 -10 -18
right_child=4 2 6 5 8 11 10 -9 16 15 -12 -13 -14 -15 -16 -17 18 -19 -20
leaf_value=-8.2551612571433743 9.2404071807861214 16.856067403157549 1.1914455556869505 -2.9369077980518341 19.13075759887694 0.14689714645638186 4.6569374362627673 28.086882324218745 24.495450337727874 -5.887022876739497 11.059216003417967 3.9635314992495942 -1.5033980197716683 5.5836041450500495 -6.4543705463409431 -2.6134704726082938 28.850744628906241 26.860820922851559 27.587147013346346
leaf_weight=27 3.0000000000000027 3 25.000000000000004 44 5.0000000000000027 153 5.9999999999999982 5 2.9999999999999982 4.0000000000000027 5 6.9999999999999991 168 3.9999999999999991 35 13.999999999999998 3 5 3
leaf_count=27 3 3 25 44 5 153 6 5 3 4 5 7 168 4 35 14 3 5 3
internal_value=-0.0261759 -1.02829 6.79918 -1.85952 22.7491 -0.89133 3.38396 23.8753 24.882 -6.36161 7.56706 0.313875 -1.80092 1.79726 -7.23859 -3.34093 26.936 25.9738 28.2189
internal_weight=522 500 48 452 22 372 40 8 19 80 11 160 212 29 62 18 14 8 6
internal_count=522 500 48 452 22 372 40 8 19 80 11 160 212 29 62 18 14 8 6
is_linear=0
shrinkage=0.05


Tree=16
num_leaves=18
num_cat=0
split_feature=1 13 1 2 11 1 11 0 1 13 15 0 1 3 3 0 11
split_gain=4.72757e+06 1.0312e+06 790407 642465 317836 219647 109043 96962.9 67901.4 122149 52219.8 46886.4 30205.1 28861.4 4836.67 2244.89 1890.7
threshold=37949.665000000008 1300.0000000000002 19195.580000000005 4851.1900000000014 293.83500000000009 33457.890000000007 531.33500000000015 26086.565000000006 39044.680000000008 329.83000000000004 695.55666666666684 29143.510000000006 17146.050000000003 0.6638321175246803 1.2423680512764912 31524.560000000001 413.92500000000007
decision_type=2 2 2 2 2 2 2 2 2 2 2 2 2 2 2 2 2
left_child=1 2 7 10 -2 11 -7 13 9 -6 -3 -4 -9 -1 -10 -5 -16
right_child=4 3 5 15 8 6 -8 12 14 -11 -12 -13 -14 -15 16 -17 -18
leaf_value=-7.7337513708299213 8.2854650497436459 18.137897491455085 -1.7631973624229431 1.7949125607808427 13.922720527648915 1.1656664633088643 7.6443079267229352 -5.0992259442806249 27.143391418457032 27.269405110677077 26.864512634277339 -0.51126303055288291 -2.2440664417364382 -5.5582864499092111 24.398674316406257 -0.1393805344899495 25.773702697753905
leaf_weight=31 4.0000000000000027 2.9999999999999982 142 3 4.0000000000000027 90 6.9999999999999991 15.999999999999998 3.9999999999999991 3 4 158 22 30 4.9999999999999982 3 5
leaf_count=31 4 3 142 3 4 90 7 16 4 3 4 158 22 30 5 3 5
internal_value=-0.0248514 -1.06748 -1.43183 12.8337 21.2031 -0.435097 1.6332 -5.42881 23.6635 19.6427 23.1245 -1.10385 -3.44624 -6.66385 25.674 0.827766 25.0862
internal_weight=534 509 496 13 25 397 97 99 21 7 7 300 38 61 14 6 10
internal_count=534 509 496 13 25 397 97 99 21 7 7 300 38 61 14 6 10
is_linear=0
shrinkage=0.05


Tree=17
num_leaves=24
num_cat=0
split_feature=2 2 18 3 13 3 11 18 17 16 13 16 13 12 3 2 13 15 18 3 2 4 12
split_gain=2.94145e+06 823769 996685 600733 191932 144399 141927 100655 86131.9 83726.8 56814.7 50232.2 48890.4 42820.3 28167.2 69265 24273.5 20784.2 34534.8 12591 10579.3 3474.83 2699.68
threshold=4811.7250000000013 2331.6900000000001 28046.535000000003 0.74838844860462517 372.17000000000007 1.1175506377543523 251.93500000000003 37529.350000000013 198.93488243079673 168.48500000000004 336.33500000000009 417.90142857142865 711.00000000000011 317.00000000000006 0.69567019509066086 14227.410000000002 559.67000000000007 285.58333333333354 16266.180000000002 0.86065012683963793 18372.505000000001 36890.000000000007 322.00000000000006
decision_type=2 2 2 2 2 2 2 2 2 2 2 2 2 2 2 2 2 2 2 2 2 2 2
left_child=1 21 6 9 7 11 -3 -4 10 14 -7 19 -10 -8 20 -16 -13 18 -11 -5 -2 -1 -19
right_child=3 2 4 5 -6 8 13 -9 12 17 -12 16 -14 -15 15 -17 -18 22 -20 -21 -22 -23 -24
leaf_value=23.92139953613281 -7.2722542916574788 10.317015202840169 2.3488335714549633 -1.9159424761651267 16.403580411275229 0.064016209791103992 18.7095781326294 9.3302909851074229 9.5477709960937514 -0.81645909036908826 4.7223467454314232 -0.35366239690068946 2.555606918334961 25.388239796956377 -7.7751222991943338 -2.1407210071881613 1.7618409261107446 -0.92658601164817744 -4.6935556776821619 -1.0913104379199501 -4.1627095540364589 26.073865763346348 -2.3094361384709674
leaf_weight=5 31 2.9999999999999991 37 71 2.9999999999999991 36 3.9999999999999982 5.9999999999999991 4.9999999999999982 6.9999999999999991 7.9999999999999991 67 5 6 10.000000000000002 11.999999999999998 17 5.0000000000000027 32 133 2.9999999999999991 3 11.999999999999998
leaf_count=5 31 3 37 71 3 36 4 6 5 7 8 67 5 6 10 12 17 5 32 133 3 3 12
internal_value=-0.107287 9.67234 7.63082 -1.55054 4.17607 -0.509708 19.8553 3.32299 1.86297 -4.72878 0.910985 -0.954584 6.05169 22.7168 -6.09586 -4.70181 0.0744752 -3.3617 -3.99767 -1.37831 -6.99788 24.7286 -1.90272
internal_weight=521 67 59 454 46 342 13 43 54 112 44 288 10 10 56 22 84 56 39 204 34 8 17
internal_count=521 67 59 454 46 342 13 43 54 112 44 288 10 10 56 22 84 56 39 204 34 8 17
is_linear=0
shrinkage=0.05


Tree=18
num_leaves=20
num_cat=0
split_feature=1 1 1 4 11 15 1 1 0 2 1 18 1 3 3 14 18 6 17
split_gain=3.24652e+06 812732 493958 508125 252957 115150 92295.9 79141.6 74461.5 70238.2 49938.7 28876.1 13566.2 6839.42 4012.87 2801.8 5545.55 1632.15 469.918
threshold=37949.665000000008 19195.580000000005 35850.530000000006 35692.500000000007 293.83500000000009 425.12500000000006 30768.880000000001 39044.680000000008 27472.905000000002 10099.945000000002 16876.335000000003 15949.1 24472.415000000005 0.65235458014628711 1.2423680512764912 311.16500000000002 24993.555000000004 78.500000000000014 104.3881445250836
decision_type=2 2 2 2 2 2 2 2 2 2 2 2 2 2 2 2 2 2 2
left_child=1 8 6 -4 -2 -5 12 -6 10 -8 13 -12 -3 -1 -9 18 -17 -16 -10
right_child=4 2 3 5 7 -7 9 14 15 -11 11 -13 -14 -15 17 16 -18 -19 -20
leaf_value=-7.135172984179329 7.2250760555267268 -1.7409746290623458 21.76486167907715 1.8170099145174028 15.77991699218749 7.9008094215393072 0.24964177425278994 24.499669647216798 -2.0534250123160223 7.9937447547912601 -0.30445739850401882 -4.7956459814134771 -0.955190889467329 -5.7008394328030683 21.99407623291016 -4.6014172871907553 -1.5612546920776362 23.349129486083982 -1.4504103620847064
leaf_weight=34 4.0000000000000027 87 3.9999999999999991 35 5.0000000000000027 9.9999999999999982 122 3.9999999999999991 7.0000000000000018 2.9999999999999991 3.9999999999999991 34 149 10.999999999999998 4.9999999999999982 2.9999999999999991 3 4 6
leaf_count=34 4 87 4 35 5 10 122 4 7 3 4 34 149 11 5 3 3 4 6
internal_value=-0.209104 -1.01724 -0.0236288 4.687 18.5984 3.16897 -0.663021 21.1258 -5.01117 0.4355 -5.65753 -4.32289 -1.24487 -6.78456 23.182 -2.1876 -3.08134 22.5963 -1.77511
internal_weight=534 512 410 49 22 45 361 18 102 125 83 38 236 45 13 19 6 9 13
internal_count=534 512 410 49 22 45 361 18 102 125 83 38 236 45 13 19 6 9 13
is_linear=0
shrinkage=0.05


Tree=19
num_leaves=21
num_cat=0
split_feature=1 1 15 1 8 15 11 3 13 0 0 0 6 11 18 0 17 1 6 13
split_gain=3.31246e+06 870659 544627 506854 175138 110149 93986.6 83366.3 75975.7 75499.9 69759.6 47056.9 35958.6 33433.1 18799.9 16889.8 14657.4 12531.5 3669.31 291.652
threshold=38536.490000000013 34603.31500000001 469.92166666666674 18184.140000000003 4.5000000000000009 693.2750000000002 415.83000000000004 1.2263793748600189 821.16500000000008 26106.495000000006 29143.510000000006 29149.400000000005 76.500000000000014 305.98000000000008 19710.875000000004 24652.905000000002 106.96219366430135 36041.67500000001 79.500000000000014 354.53000000000003
decision_type=2 2 2 2 2 2 2 2 2 2 2 2 2 2 2 2 2 2 2 2
left_child=1 3 6 9 5 -4 13 -2 -6 16 15 -12 -9 -3 -11 -5 -1 -8 19 -14
right_child=7 2 4 10 8 -7 17 12 -10 14 11 -13 18 -15 -16 -17 -18 -19 -20 -21
leaf_value=-6.807729004368638 13.400979089736929 4.4058018139430457 11.583302879333502 -4.8610195159912113 10.762240753173828 23.317291259765621 5.4968955516815186 16.537027994791668 0.69740330378214499 -1.4616427953044571 5.9680718739827476 -0.34328746466260207 22.368178176879891 0.70692316902180519 -4.0796835958957676 -1.5711327266089525 -5.2523797341755465 9.7718340555826799 23.869998931884766 21.795371093749996
leaf_weight=33 4.0000000000000027 6.9999999999999991 3.9999999999999973 3.9999999999999991 5 4 3.9999999999999991 2.9999999999999991 3 12.000000000000002 2.9999999999999991 190 3.9999999999999982 48 15.999999999999998 158 28 3 3.9999999999999991 5
leaf_count=33 4 7 4 4 5 4 4 3 3 12 3 190 4 48 16 158 28 3 4 5
internal_value=-0.112202 -0.877314 3.99464 -1.7332 12.2191 17.4503 1.87219 19.8572 6.98793 -5.10715 -0.887334 -0.245183 21.4713 1.17769 -2.95767 -1.65236 -6.0938 7.32901 22.61 22.05
internal_weight=542 522 78 444 16 8 62 20 8 89 355 193 16 55 28 162 61 7 13 9
internal_count=542 522 78 444 16 8 62 20 8 89 355 193 16 55 28 162 61 7 13 9
is_linear=0
shrinkage=0.05


Tree=20
num_leaves=19
num_cat=0
split_feature=1 1 4 1 1 14 4 0 2 1 4 1 1 15 12 0 3 1
split_gain=3.03485e+06 650368 451258 402252 244921 217547 108690 79083.9 71513.9 70417.8 35451.9 33334.8 32783.4 20445.9 15125.3 11113.4 7857.05 7113.59
threshold=37949.665000000008 34603.31500000001 35692.500000000007 18184.140000000003 36110.165000000008 329.00000000000006 38215.000000000007 26106.495000000006 3681.8400000000006 28819.685000000001 33797.500000000007 36312.155000000006 36041.67500000001 376.05666666666679 282.48000000000008 27472.905000000002 0.66042478055833431 39257.420000000006
decision_type=2 2 2 2 2 2 2 2 2 2 2 2 2 2 2 2 2 2
left_child=1 3 4 7 -3 -2 11 14 13 15 -11 -4 -8 -7 -1 -5 -9 -15
right_child=5 2 6 9 -6 8 12 16 -10 10 -12 -13 -14 17 -16 -17 -18 -19
leaf_value=-5.8884389487179849 6.7717407226562445 4.8043792724609391 0.040135500923945355 -1.9556169076149281 21.403669433593748 17.675138664245576 5.0023122310638435 -2.5929743814468384 12.427875264485678 1.5012948474846781 -0.38029293993245 2.4504373010247948 11.91673177083333 23.898408508300783 -2.2426279544830323 -1.1528111159888794 0.15105118900537493 21.122369995117189
leaf_weight=55 4.0000000000000027 3.9999999999999982 26 65 5 4.0000000000000062 3.9999999999999991 20.000000000000004 2.9999999999999991 32 115 32 3 2.9999999999999991 2.9999999999999991 128 2.9999999999999991 9.9999999999999982
leaf_count=55 4 4 26 65 5 4 4 20 3 32 115 32 3 3 3 128 3 10
internal_value=0.0521722 -0.789723 3.53315 -1.54956 14.0262 17.4163 2.08026 -4.71603 19.5452 -0.795198 0.0293044 1.36996 7.96563 20.8011 -5.69986 -1.42319 -2.23506 21.763
internal_weight=519 495 74 421 9 24 65 81 20 340 147 58 7 17 58 193 23 13
internal_count=519 495 74 421 9 24 65 81 20 340 147 58 7 17 58 193 23 13
is_linear=0
shrinkage=0.05


Tree=21
num_leaves=19
num_cat=0
split_feature=1 1 4 1 11 14 16 1 15 4 0 4 0 12 13 1 1 17
split_gain=2.64313e+06 756866 605748 458909 212835 168371 100120 77479.6 61966.3 57977.7 44610.9 28520.3 16801.8 16311.6 11352.2 7089.53 3968.74 2295.05
threshold=37949.665000000008 35850.530000000006 35692.500000000007 17828.385000000006 293.83500000000009 329.00000000000006 364.09571428571434 28949.895000000004 693.2750000000002 37657.000000000007 26782.370000000006 35397.500000000007 26229.875000000004 287.66500000000002 262.83500000000009 39227.465000000004 37394.655000000006 411.04070309639695
decision_type=2 2 2 2 2 2 2 2 2 2 2 2 2 2 2 2 2 2
left_child=1 3 8 10 -2 -6 16 12 -3 -8 13 -9 -5 -1 -12 -7 -4 -17
right_child=4 2 6 7 5 15 9 11 -10 -11 14 -13 -14 -15 -16 17 -18 -19
leaf_value=-5.6543218630552294 5.6771197319030717 11.989705530802405 0.040644157849825335 -2.647615294022994 7.3906921386718665 22.444390360514298 3.7345561766996966 1.0650599712470794 21.079356384277343 10.142954406738282 -1.321863647301992 -0.33304825399675941 -1.1847091222857382 -2.356689488887787 -4.0065852301461353 19.431647422096948 1.3016125837961834 20.991823323567711
leaf_weight=60 4.0000000000000027 3 13.000000000000002 22 3.0000000000000027 3.0000000000000027 12.000000000000002 53 5 4.9999999999999991 8.9999999999999982 117 182 3.9999999999999991 6.9999999999999991 10.999999999999998 11.999999999999998 2.9999999999999991
leaf_count=60 4 3 13 22 3 3 12 53 5 5 9 117 182 4 7 11 12 3
internal_value=-0.0057417 -0.777716 5.06086 -1.42073 16.2057 18.3114 2.65898 -0.685516 17.6707 5.61938 -4.85786 0.102833 -1.34247 -5.44822 -2.49643 20.2386 0.645909 19.766
internal_weight=528 504 50 454 24 20 42 374 8 17 80 170 204 64 16 17 25 14
internal_count=528 504 50 454 24 20 42 374 8 17 80 170 204 64 16 17 25 14
is_linear=0
shrinkage=0.05


end of trees

feature_importances:
net_load=116
total_load=50
thermal_space_load_ratio=35
thermal_on_capacity=32
renewable_power=29
price_lag_1d=24
net_load_lag_1d=22
price_lag_2d=20
price_ma_7d=20
price_lag_3d=19
price_lag_7d=17
price_ma_3d=15
price_std_7d=12
period=10
month=9
weekday=8

parameters:
[boosting: gbdt]
[objective: regression]
[metric: rmse]
[tree_learner: serial]
[device_type: cpu]
[data_sample_strategy: bagging]
[data: ]
[valid: ]
[num_iterations: 400]
[learning_rate: 0.05]
[num_leaves: 31]
[num_threads: 0]
[seed: 42]
[deterministic: 0]
[force_col_wise: 0]
[force_row_wise: 0]
[histogram_pool_size: -1]
[max_depth: 5]
[min_data_in_leaf: 3]
[min_sum_hessian_in_leaf: 0.001]
[bagging_fraction: 0.85]
[pos_bagging_fraction: 1]
[neg_bagging_fraction: 1]
[bagging_freq: 1]
[bagging_seed: 400]
[bagging_by_query: 0]
[feature_fraction: 0.85]
[feature_fraction_bynode: 1]
[feature_fraction_seed: 30056]
[extra_trees: 0]
[extra_seed: 12879]
[early_stopping_round: 0]
[early_stopping_min_delta: 0]
[first_metric_only: 0]
[max_delta_step: 0]
[lambda_l1: 0]
[lambda_l2: 0]
[linear_lambda: 0]
[min_gain_to_split: 0]
[drop_rate: 0.1]
[max_drop: 50]
[skip_drop: 0.5]
[xgboost_dart_mode: 0]
[uniform_drop: 0]
[drop_seed: 17869]
[top_rate: 0.2]
[other_rate: 0.1]
[min_data_per_group: 100]
[max_cat_threshold: 32]
[cat_l2: 10]
[cat_smooth: 10]
[max_cat_to_onehot: 4]
[top_k: 20]
[monotone_constraints: ]
[monotone_constraints_method: basic]
[monotone_penalty: 0]
[feature_contri: ]
[forcedsplits_filename: ]
[refit_decay_rate: 0.9]
[cegb_tradeoff: 1]
[cegb_penalty_split: 0]
[cegb_penalty_feature_lazy: ]
[cegb_penalty_feature_coupled: ]
[path_smooth: 0]
[interaction_constraints: ]
[verbosity: -1]
[saved_feature_importance_type: 0]
[use_quantized_grad: 0]
[num_grad_quant_bins: 4]
[quant_train_renew_leaf: 0]
[stochastic_rounding: 1]
[linear_tree: 0]
[max_bin: 255]
[max_bin_by_feature: ]
[min_data_in_bin: 3]
[bin_construct_sample_cnt: 200000]
[data_random_seed: 175]
[is_enable_sparse: 1]
[enable_bundle: 1]
[use_missing: 1]
[zero_as_missing: 0]
[feature_pre_filter: 1]
[pre_partition: 0]
[two_round: 0]
[header: 0]
[label_column: ]
[weight_column: ]
[group_column: ]
[ignore_column: ]
[categorical_feature: ]
[forcedbins_filename: ]
[precise_float_parser: 0]
[parser_config_file: ]
[objective_seed: 16083]
[num_class: 1]
[is_unbalance: 0]
[scale_pos_weight: 1]
[sigmoid: 1]
[boost_from_average: 1]
[reg_sqrt: 0]
[alpha: 0.9]
[fair_c: 1]
[poisson_max_delta_step: 0.7]
[tweedie_variance_power: 1.5]
[lambdarank_truncation_level: 30]
[lambdarank_norm: 1]
[label_gain: ]
[lambdarank_position_bias_regularization: 0]
[eval_at: ]
[multi_error_top_k: 1]
[auc_mu_weights: ]
[num_machines: 1]
[local_listen_port: 12400]
[time_out: 120]
[machine_list_filename: ]
[machines: ]
[gpu_platform_id: -1]
[gpu_device_id: -1]
[gpu_use_dp: 0]
[num_gpu: 1]

end of parameters

pandas_categorical:[]
