tree
version=v4
num_class=1
num_tree_per_iteration=1
label_index=0
max_feature_idx=10
objective=regression
feature_names=total_load net_load renewable_power thermal_space_load_ratio thermal_on_capacity hour period weekday month is_weekend is_holiday
feature_infos=[20617.400000000001:40567.599999999999] [-18846.150000000001:31679.639999999996] [6746.5600000000004:40576.68] [-0.89198188220594088:0.82442812456084646] [27170:45275] [10:14] [41:60] [0:6] [2:4] [0:1] none
tree_sizes=2124 2472 2388 2306 2745 2391 2197 1796 2155 2202 2166 1909 2302 2428 2296 2327 2408 2216 2544 2197 2358 2335 2172 2339 2138 2157 2323 1915 2427 2457 2280 2633 2603 2551 2589 2398 2508 2264 2386

Tree=0
num_leaves=24
num_cat=0
split_feature=1 2 7 6 4 4 4 0 1 4 1 1 4 0 5 0 6 0 0 0 0 0 0
split_gain=1.3278e+07 3.10238e+06 2.92801e+06 861207 184586 197468 603756 155647 106330 126526 100265 93747.7 58979.1 40298 17850.1 8495.93 8527.93 4597.57 3745.63 2762.81 1260.63 1053.63 77.4625
threshold=16455.875000000004 9065.1600000000017 5.5000000000000009 51.500000000000007 42262.500000000007 43672.500000000007 43067.500000000007 36920.350000000013 12458.100000000004 40095.000000000007 24591.790000000005 29942.049999999999 36090.000000000007 33839.05000000001 10.500000000000002 26601.000000000004 58.500000000000007 36133.200000000004 36894.950000000004 33232.500000000007 37288.850000000013 36602.80000000001 26394.050000000007
decision_type=2 2 2 2 2 2 2 2 2 2 2 2 2 2 2 2 2 2 2 2 2 2 2
left_child=7 2 14 11 12 6 -6 8 15 -10 -7 -4 17 -11 -2 22 -17 -3 -16 -14 -9 -5 -1
right_child=1 4 3 21 5 10 -8 20 9 13 -12 -13 19 -15 18 16 -18 -19 -20 -21 -22 -23 -24
leaf_value=77.03581362220477 96.135813622204751 88.834313683239913 128.36011354896257 109.92618837806414 89.113256831766208 88.797113600607716 78.018578382390459 84.958647128471043 87.269213585583671 77.758713647254609 92.845513558117858 139.54031394772559 95.635813622204751 80.614504123826563 92.041349401885284 77.430488404825297 78.146607119456192 90.699366318031252 93.635613426892263 93.963777968954219 86.408147148816099 108.77856417152117 77.236513619153015
leaf_weight=125 4.0000000000000027 4.0000000000000027 5 4 44 65 17 2.9999999999999991 4.9999999999999991 30 20 3 3.0000000000000027 21 14.000000000000002 432 46 19 4.9999999999999991 13.999999999999998 3 4 4.9999999999999991
leaf_count=125 4 4 5 4 44 65 17 3 5 30 20 3 3 21 14 432 46 19 5 14 3 4 5
internal_value=81.1956 91.7048 104.527 120.953 89.0164 88.1919 86.0213 77.6664 77.594 79.6788 89.7497 132.553 92.0256 78.9346 93.1 77.4019 77.4994 90.375 92.4609 94.2588 85.6834 109.352 77.0435
internal_weight=895 225 39 16 186 146 61 670 664 56 85 8 40 51 23 608 478 23 19 17 6 8 130
internal_count=895 225 39 16 186 146 61 670 664 56 85 8 40 51 23 608 478 23 19 17 6 8 130
is_linear=0
shrinkage=1


Tree=1
num_leaves=27
num_cat=0
split_feature=1 2 7 0 1 8 0 8 7 1 7 0 1 2 1 0 0 2 0 2 6 0 1 5 2 0
split_gain=1.158e+07 2.78256e+06 2.5606e+06 838677 172735 163937 114638 96377.3 92631.5 86264.4 65363.9 43058.9 32009.5 24741.5 19858.9 11681.1 9148.92 8969.27 7524.36 5466.42 3879.97 2058.31 1354.1 956.658 582.118 69.5971
threshold=16455.875000000004 9065.1600000000017 5.5000000000000009 37121.000000000007 12664.720000000003 3.5000000000000004 33232.500000000007 2.5000000000000004 2.5000000000000004 30128.780000000006 1.5000000000000002 36920.350000000013 21594.030000000002 16162.535000000002 22376.705000000005 37088.600000000006 36293.700000000004 18681.615000000002 26775.700000000004 23802.710000000003 49.500000000000007 38284.55000000001 27975.800000000003 13.500000000000002 8441.9900000000016 26394.050000000007
decision_type=2 2 2 2 2 2 2 2 2 2 2 2 2 2 2 2 2 2 2 2 2 2 2 2 2 2
left_child=4 2 15 22 16 7 17 12 11 -5 -9 -8 -3 14 -7 24 18 23 25 -20 -10 -15 -4 -6 -2 -1
right_child=1 5 3 9 6 13 8 10 20 -11 -12 -13 -14 21 -16 -17 -18 -19 19 -21 -22 -23 -24 -25 -26 -27
leaf_value=-3.8517906188964846 10.431893643465905 7.5100374412536626 28.426317342122406 46.477992248535145 -3.887935638427733 12.065621145148025 -1.5485610513126142 7.7236531113133289 6.3813914489746111 57.694152832031229 4.9841125071048742 4.2171988725662235 10.416403283013238 7.1039507548014349 9.4674898783365897 13.41031524658203 -0.74198544820149737 -0.67376887003580732 -3.1334010482788086 -3.5170472971950546 4.4116278457641593 8.6693171909877229 27.082642517089841 -3.1820607185363765 11.136254119873048 -3.7146686172485355
leaf_weight=124 11.000000000000002 20 2.9999999999999982 4 12.000000000000004 19.000000000000004 17.000000000000007 33 4.9999999999999982 3 64 3.9999999999999991 18 2.9999999999999982 11.999999999999998 4.9999999999999991 2.9999999999999991 2.9999999999999991 125 361 5 7 5 8 3.9999999999999991 9.9999999999999982
leaf_count=124 11 20 3 4 12 19 17 33 5 3 64 4 18 3 12 5 3 3 125 361 5 7 5 8 4 10
internal_value=-0.0737624 10.1538 23.0295 38.6458 -3.26137 7.59326 -0.548605 6.75229 1.43575 51.2849 5.91612 -0.450321 8.88674 10.3623 11.0599 11.3174 -3.49651 -3.22317 -3.50984 -3.41837 5.39651 8.19971 27.5865 -3.60559 10.6197 -3.84156
internal_weight=888 211 35 15 677 176 54 135 31 7 97 21 38 41 31 20 623 23 620 486 10 10 8 20 15 134
internal_count=888 211 35 15 677 176 54 135 31 7 97 21 38 41 31 20 623 23 620 486 10 10 8 20 15 134
is_linear=0
shrinkage=0.05


Tree=2
num_leaves=26
num_cat=0
split_feature=1 3 7 6 1 4 4 4 0 1 7 3 4 0 6 6 0 0 2 0 4 0 0 1 0
split_gain=1.08043e+07 2.98342e+06 2.63768e+06 739481 172434 158214 207546 524706 128868 95286.6 63000.8 54857.1 49527.9 31373.6 24746 9296.78 8781.07 7934.17 8163.82 5725.2 5527.98 3770.76 3742.83 2832.1 2613.5
threshold=16455.875000000004 0.75194895829411001 5.5000000000000009 51.500000000000007 12335.755000000001 42262.500000000007 43672.500000000007 43067.500000000007 33839.05000000001 30128.780000000006 1.0000000180025095e-35 0.61302705126697876 36090.000000000007 36100.80000000001 57.500000000000007 44.500000000000007 36158.500000000007 33232.500000000007 18784.755000000005 26394.050000000007 30732.500000000004 36133.200000000004 36602.80000000001 21188.725000000002 37121.000000000007
decision_type=2 2 2 2 2 2 2 2 2 2 2 2 2 2 2 2 2 2 2 2 2 2 2 2 2
left_child=4 5 15 9 16 12 7 -7 17 -4 13 -8 21 -10 -12 -3 19 18 -6 -1 -21 -2 -5 -14 -17
right_child=1 2 3 22 8 6 11 -9 10 -11 14 -13 23 -15 -16 24 -18 -19 -20 20 -22 -23 -24 -25 -26
leaf_value=-3.6592010498046879 6.9395660400390575 13.422333526611311 43.252272542317691 27.079091644287104 -3.4205278136513444 7.1932293540553047 6.6581787028211226 -3.1699678526984325 1.6956028747558585 54.165942382812489 5.3053924213756201 9.2319878449311137 11.098529815673828 -3.9056085205078119 1.3135314782460532 10.124418589274086 -0.64297669728597007 -0.68848466873168945 -0.64008051554361989 -3.6982915223534429 -3.2087516867596175 8.6286120364540508 24.916098022460933 12.472600021362306 11.562828445434571
leaf_weight=123 4.0000000000000027 3.0000000000000027 6.0000000000000018 4 22.000000000000007 38 47 18 5.0000000000000018 3 11.000000000000002 37 5.9999999999999991 5 5.9999999999999991 15.000000000000002 2.9999999999999991 3.9999999999999991 2.9999999999999991 67 414 19 4 9.9999999999999982 3.9999999999999991
leaf_count=123 4 3 6 4 22 38 47 18 5 3 11 37 6 5 6 15 3 4 3 67 414 19 4 10 4
internal_value=0.0785953 9.73485 22.2661 37.0584 -3.09646 7.00458 6.22001 3.8622 -0.441702 46.8902 2.04409 7.79188 9.821 -1.105 3.8965 10.8357 -3.34138 -2.75606 -3.08687 -3.35479 -3.27694 8.33486 25.9976 11.9573 10.4272
internal_weight=881 218 39 17 663 179 140 56 56 9 27 84 39 10 17 22 607 29 25 604 481 23 8 16 19
internal_count=881 218 39 17 663 179 140 56 56 9 27 84 39 10 17 22 607 29 25 604 481 23 8 16 19
is_linear=0
shrinkage=0.05


Tree=3
num_leaves=25
num_cat=0
split_feature=1 3 7 6 4 4 4 0 1 0 2 4 4 6 5 1 3 0 1 0 0 0 0 5
split_gain=9.65672e+06 2.1446e+06 1.97241e+06 617862 173675 171347 481523 142363 90697.8 96198.2 72732.5 58423.6 47145.9 19356.5 13444.8 7523.86 13508.1 6060.79 3930.53 2572.44 2317.27 1799.38 1443.72 271.997
threshold=16455.875000000004 0.75194895829411001 5.5000000000000009 51.500000000000007 42262.500000000007 43672.500000000007 43067.500000000007 36920.350000000013 14274.530000000001 33232.500000000007 8114.4800000000005 44810.000000000007 36090.000000000007 59.500000000000007 10.500000000000002 12729.730000000003 0.38982768322055278 26775.700000000004 21936.060000000001 37121.000000000007 33075.850000000006 37121.000000000007 36602.80000000001 13.500000000000002
decision_type=2 2 2 2 2 2 2 2 2 2 2 2 2 2 2 2 2 2 2 2 2 2 2 2
left_child=7 4 14 10 12 6 -6 8 15 23 -4 -7 18 -11 -3 17 -17 -1 -2 -16 -14 -9 -5 -10
right_child=1 2 3 22 5 11 -8 21 9 13 -12 -13 20 -15 19 16 -18 -19 -20 -21 -22 -23 -24 -25
leaf_value=-3.4674046815746893 7.0272059304373578 13.02603702545165 50.069814046223961 24.944729919433598 6.8762243515405901 7.9870152753942154 -3.010386149088542 3.20610466003418 -3.5225124359130846 4.7085050225257881 39.770874023437493 5.0718266860298495 12.680865987141914 -0.00099115371704101536 9.5670403003692623 -0.87566668510436996 -3.3638858795166016 -3.0907887567933074 8.4620750427246101 10.984686660766602 11.166557931900025 4.8260106086730943 23.670293807983395 -2.9534730275471999
leaf_weight=137 7.0000000000000027 4.0000000000000027 2.9999999999999991 4.9999999999999982 39 68 18 2.9999999999999991 7.0000000000000018 7.9999999999999982 4 23 3.0000000000000027 3 16.000000000000004 10.000000000000002 11.999999999999998 485 14.999999999999998 3.9999999999999991 15.999999999999998 4 4 3
leaf_count=137 7 4 3 5 39 68 18 3 7 8 4 23 3 3 16 10 12 485 15 4 16 4 4 3
internal_value=0.0602402 8.9275 19.4453 33.0436 6.7015 5.90375 3.75414 -2.96149 -3.03616 0.197479 44.1847 7.25021 9.5812 3.4241 10.3798 -3.1416 -2.23288 -3.17374 8.00553 9.85057 11.4057 4.13177 24.3783 -3.3518
internal_weight=901 229 40 16 189 148 57 672 665 21 7 91 41 11 24 644 22 622 22 20 19 7 9 10
internal_count=901 229 40 16 189 148 57 672 665 21 7 91 41 11 24 644 22 622 22 20 19 7 9 10
is_linear=0
shrinkage=0.05


Tree=4
num_leaves=30
num_cat=0
split_feature=1 2 7 6 8 1 1 0 7 7 7 3 3 0 2 1 2 7 5 3 8 1 6 0 8 0 0 5 0
split_gain=8.93882e+06 2.45213e+06 2.27977e+06 661826 142029 114984 90390.1 84197.3 77389.5 157966 58564.6 43545.4 34992.7 18752.8 17299.2 15364.5 13982.8 13268.6 12670.7 8977.35 34136.8 24485.2 9592.02 4292 8782.96 3362.3 1422.03 1215.24 1.14603
threshold=16455.875000000004 9728.1200000000008 5.5000000000000009 50.500000000000007 3.5000000000000004 12335.755000000001 30128.780000000006 33232.500000000007 2.5000000000000004 1.5000000000000002 1.0000000180025095e-35 0.60603093176174216 0.38853022919588392 35859.850000000006 16162.535000000002 27751.910000000003 18784.755000000005 1.5000000000000002 10.500000000000002 0.29646653853685639 3.5000000000000004 9683.970000000003 41.500000000000007 26601.000000000004 2.5000000000000004 36210.55000000001 38284.55000000001 13.500000000000002 26394.050000000007
decision_type=2 2 2 2 2 2 2 2 2 2 2 2 2 2 2 2 2 2 2 2 2 2 2 2 2 2 2 2 2
left_child=5 2 18 6 8 19 -4 16 9 -3 13 -10 -12 -9 17 -5 27 -6 -2 23 22 -22 -21 28 -25 -20 -16 -7 -1
right_child=1 4 3 15 14 7 -8 10 11 -11 12 -13 -14 -15 26 -17 -18 -19 25 20 21 -23 -24 24 -26 -27 -28 -29 -30
leaf_value=-3.3028709411621096 12.374735260009755 6.7320716261863716 38.238151245117166 26.46656290690105 8.0630825042724581 -3.3736227372113383 48.322239685058584 -0.095428721110026038 5.5266667938232423 1.8017328898111982 0.60561098618940856 8.0233267015026453 4.6923051452636724 -3.7041325251261394 6.0504149119059232 22.084140523274741 0.051287412643432617 10.313193672581724 7.7545664469400952 -0.84314079284667975 3.5992518742879192 -1.3783630643572127 -3.1040116937536943 -2.2526507314882784 -3.0520186761627626 9.5625782436794715 7.4273803710937489 -2.6789836120605468 -3.3300458908081056
leaf_weight=129 4.0000000000000027 32 5.0000000000000018 2.9999999999999982 10.000000000000002 17.000000000000007 4 8.9999999999999982 40 33 11.000000000000002 31 9.9999999999999982 5.9999999999999991 3 6 3.9999999999999991 19 3.0000000000000027 4.9999999999999991 3.0000000000000027 13.999999999999998 76 38 359 18 5 9.9999999999999982 3.9999999999999991
leaf_count=129 4 32 5 3 10 17 4 9 40 33 11 31 10 6 3 6 4 19 3 5 3 14 76 38 359 18 5 10 4
internal_value=-0.00538399 8.87878 19.5645 33.1325 6.22279 -2.76651 42.72 -0.79754 5.47554 4.22898 0.847253 6.61676 2.55166 -1.53891 8.96945 23.5449 -2.70762 9.53729 9.79556 -2.97657 -2.53694 -0.49996 -2.96445 -3.05786 -2.9755 9.30429 6.91102 -3.11635 -3.30369
internal_weight=911 216 43 18 173 695 9 67 136 65 36 71 21 15 37 9 31 29 25 628 98 17 81 530 397 21 8 27 133
internal_count=911 216 43 18 173 695 9 67 136 65 36 71 21 15 37 9 31 29 25 628 98 17 81 530 397 21 8 27 133
is_linear=0
shrinkage=0.05


Tree=5
num_leaves=27
num_cat=0
split_feature=3 3 7 6 0 4 4 4 2 3 4 0 4 3 6 5 4 2 3 4 0 0 3 2 5 6
split_gain=7.96259e+06 2.21832e+06 1.92148e+06 559062 227346 128560 168740 377186 79877.4 55717 125708 41679.6 34185.7 31025.4 14936.8 11356.3 7874.8 4490.84 4273.65 4242.43 2971.92 2489.27 2295.77 934.575 334.721 40.6705
threshold=0.50356472471488944 0.73432429150944811 5.5000000000000009 50.500000000000007 36920.350000000013 40095.000000000007 43672.500000000007 43067.500000000007 8114.4800000000005 0.35370146452070456 39905.000000000007 33232.500000000007 36090.000000000007 0.61302705126697876 53.500000000000007 10.500000000000002 42555.000000000007 20039.705000000005 -0.15448501807893619 42977.500000000007 36210.55000000001 33075.850000000006 0.60603093176174216 19926.840000000004 11.500000000000002 46.500000000000007
decision_type=2 2 2 2 2 2 2 2 2 2 2 2 2 2 2 2 2 2 2 2 2 2 2 2 2 2
left_child=4 5 15 8 9 12 7 -7 -4 16 17 -12 22 -8 -5 -3 18 -11 -1 -18 -17 -14 -2 -6 25 -25
right_child=1 2 3 14 23 6 13 -9 -10 10 11 -13 21 -15 -16 20 19 -19 -20 -21 -22 -23 -24 24 -26 -27
leaf_value=-3.1669108564203441 6.9654413461685172 11.755998992919913 47.181542968749966 25.143234761555984 3.1989384969075521 6.0218416113602489 6.0033772934314822 -2.9382623448091394 37.189207967122393 2.9195160547892245 -2.8496672797621345 -0.32807144496751872 11.531163279215482 8.0415654269131753 20.680524597167967 7.3668383280436123 -2.1235192347546015 5.3665128326416003 -2.8525697445409688 -2.870902769027218 9.1009946005684998 9.9534204101562498 8.1123007456461593 4.2901484489440929 3.763271903991698 4.5336873372395825
leaf_weight=154 16.000000000000004 4.0000000000000027 3.0000000000000018 3 2.9999999999999991 38 43 17 6 3 57 23 3.0000000000000027 33 5 3.0000000000000027 49 5 363 31 13.999999999999998 14.999999999999998 5.9999999999999991 3.9999999999999982 3 3
leaf_count=154 16 4 3 3 3 38 43 17 6 3 57 23 3 33 5 3 49 5 363 31 14 15 6 4 3 3
internal_value=-0.013795 8.54767 19.475 31.9713 -2.57733 6.11937 5.3618 3.25235 40.52 -2.70164 -1.52711 -2.12471 8.60039 6.88838 22.354 9.35897 -2.87477 4.44889 -2.9462 -2.41313 8.79497 10.2164 7.27822 3.97295 4.20515 4.39452
internal_weight=907 209 38 17 698 171 131 55 9 685 88 80 40 76 8 21 597 8 517 80 17 18 22 13 10 7
internal_count=907 209 38 17 698 171 131 55 9 685 88 80 40 76 8 21 597 8 517 80 17 18 22 13 10 7
is_linear=0
shrinkage=0.05


Tree=6
num_leaves=24
num_cat=0
split_feature=1 3 7 6 4 4 4 0 0 1 4 4 0 4 0 6 0 2 1 0 0 4 0
split_gain=7.05019e+06 2.18027e+06 1.75829e+06 540412 112575 145258 354870 92583.3 67405.1 64730 74549.6 40826.4 31482.6 30902 8700.5 7490.38 5551.36 7196.4 2606.06 2586.2 2335.92 1684.01 1073.46
threshold=16455.875000000004 0.73432429150944811 5.5000000000000009 50.500000000000007 42262.500000000007 43672.500000000007 43067.500000000007 36920.350000000013 37796.55000000001 12458.100000000004 40095.000000000007 44810.000000000007 33232.500000000007 36090.000000000007 36570.700000000004 47.500000000000007 28545.200000000001 21407.585000000003 21594.030000000002 36133.200000000004 36210.55000000001 42555.000000000007 37288.850000000013
decision_type=2 2 2 2 2 2 2 2 2 2 2 2 2 2 2 2 2 2 2 2 2 2 2
left_child=7 4 15 8 13 6 -6 9 -4 16 -11 -7 -12 19 -5 -3 21 -18 -15 -2 -17 -1 -9
right_child=1 2 3 14 5 11 -8 22 -10 10 12 -13 -14 18 -16 20 17 -19 -20 -21 -22 -23 -24
leaf_value=-2.9395264409894324 5.5877239227294879 10.974515787760405 32.75576273600258 23.74661458333334 5.9264503016616361 6.937998399896137 -2.8011792500813804 3.0062406698862714 41.934888712565105 4.9828419494628911 -2.671434195836385 4.4142517089843754 0.052880452808580905 9.2809815626877974 20.448792775472004 6.9984965006510338 -1.9308218930218672 -2.6619897904575516 10.740417289733887 7.009156346321106 8.5359379359654017 -2.089334805806478 4.3438102722167953
leaf_weight=199 4.0000000000000027 3.0000000000000027 3.0000000000000018 2.9999999999999982 33 59 18 2.9999999999999991 6 4.9999999999999991 24 22 19 13.000000000000002 6 3.0000000000000027 37 372 3.9999999999999991 15.999999999999998 13.999999999999998 5.9999999999999991 3
leaf_count=199 4 3 3 3 33 59 18 3 6 5 24 22 19 13 6 3 37 372 4 16 14 6 3
internal_value=-0.00959705 8.0529 18.8745 30.2116 5.61964 4.93642 2.84611 -2.50801 38.8752 -2.56405 -0.795739 6.25254 -1.46767 8.05708 21.5481 8.67111 -2.70228 -2.59585 9.62438 6.72487 8.26462 -2.91464 3.67503
internal_weight=875 207 38 18 169 132 51 668 9 662 48 81 43 37 9 20 614 409 17 20 17 205 6
internal_count=875 207 38 18 169 132 51 668 9 662 48 81 43 37 9 20 614 409 17 20 17 205 6
is_linear=0
shrinkage=0.05


Tree=7
num_leaves=20
num_cat=0
split_feature=1 1 0 3 7 8 0 6 7 1 8 2 2 7 0 6 6 0 7
split_gain=6.64288e+06 2.20201e+06 695339 602305 540789 111554 81499.9 79967 76833.9 35937.2 61073.8 28655.5 19024.5 16603.5 4971.29 6450.59 2366.65 1307 826.73
threshold=16455.875000000004 29191.774999999998 37796.55000000001 0.73432429150944811 5.5000000000000009 3.5000000000000004 36920.350000000013 51.500000000000007 2.5000000000000004 12458.100000000004 3.5000000000000004 7633.4050000000007 18542.565000000006 1.5000000000000002 28688.300000000007 58.500000000000007 47.500000000000007 37288.850000000013 3.5000000000000004
decision_type=2 2 2 2 2 2 2 2 2 2 2 2 2 2 2 2 2 2 2
left_child=6 3 -3 5 16 8 9 -6 -2 14 12 -4 -11 -7 18 -16 -5 -8 -1
right_child=1 2 11 4 7 13 17 -9 -10 10 -12 -13 -14 -15 15 -17 -18 -19 -20
leaf_value=-2.6685285130772023 3.5117457121610642 12.898956489562991 42.725723266601555 9.0910722351074167 29.498464965820286 6.7164501638973464 2.6506995677948 19.741476658412388 5.9087010247366774 -2.7300664027531942 4.7102018356323248 36.261255645751952 -0.79531999164157452 8.8418016815185556 -2.5368703882661587 -1.8825418705031987 7.8110539362980775 4.126619720458983 -2.863718092883075
leaf_weight=109 64 3.9999999999999982 3 5.0000000000000027 3.0000000000000018 17 2.9999999999999991 7 70 24 3.9999999999999991 4 27 20 365 42 12.999999999999998 3 108
leaf_count=109 64 4 3 5 3 17 3 7 70 24 4 4 27 20 365 42 13 3 108
internal_value=-0.0280657 7.75181 29.5289 6.54805 13.3459 5.43495 -2.41314 22.6686 4.76389 -2.4644 -1.23917 39.0317 -1.70579 7.86529 -2.5724 -2.46935 8.16661 3.38866 -2.76567
internal_weight=895 210 11 199 28 171 685 10 134 679 55 7 51 37 624 407 18 6 217
internal_count=895 210 11 199 28 171 685 10 134 679 55 7 51 37 624 407 18 6 217
is_linear=0
shrinkage=0.05


Tree=8
num_leaves=24
num_cat=0
split_feature=1 3 7 0 0 1 4 4 1 1 4 4 1 4 4 1 4 0 4 3 0 0 0
split_gain=5.76178e+06 1.33117e+06 1.51774e+06 323947 90403.6 85142.7 50236.9 74375.8 40804.3 40708.7 37379.2 89398 23423.6 22238.5 17415.1 14688.8 41863.4 5642.96 4499.03 2665.23 1905.78 1479.69 218.527
threshold=16455.875000000004 0.73432429150944811 5.5000000000000009 37121.000000000007 36920.350000000013 20071.630000000005 42262.500000000007 43672.500000000007 15555.924999999999 30128.780000000006 43067.500000000007 43672.500000000007 27751.910000000003 36090.000000000007 42977.500000000007 12458.100000000004 39905.000000000007 37088.600000000006 42412.500000000007 0.56479315149443976 36210.55000000001 37121.000000000007 37227.500000000007
decision_type=2 2 2 2 2 2 2 2 2 2 2 2 2 2 2 2 2 2 2 2 2 2 2
left_child=4 5 17 12 8 10 13 -8 15 -5 19 -12 -4 -7 -10 18 -17 20 -1 -2 -3 -6 -19
right_child=1 2 3 9 21 6 7 -9 14 -11 11 -13 -14 -15 -16 16 -18 22 -20 -21 -22 -23 -24
leaf_value=-2.5215108916963311 4.2197928502009452 6.2580187479654796 24.41514892578126 32.348685455322261 2.5181644598642987 6.3466177440824971 3.1974261437692952 6.19693727800923 4.3241612116495771 40.053676350911445 -2.8023187364850712 3.9114462796379543 18.826631774902342 8.8673021952311206 -0.71538093090057364 4.1984119415283203 -1.9255305290222169 8.8664464314778648 -2.194510593360528 5.253137906392416 7.6249174679026881 3.9871376991271967 9.4699462890624968
leaf_weight=503 13.000000000000002 3.0000000000000062 2.9999999999999982 4 2.9999999999999991 21 31 62 2.9999999999999991 3 7.0000000000000027 17 5 14.999999999999998 4 2.9999999999999991 40 2.9999999999999991 133 11.999999999999998 17 4 3
leaf_count=503 13 3 3 4 3 21 31 62 3 3 7 17 5 15 4 3 40 3 133 12 17 4 3
internal_value=-0.0616979 7.00791 15.1303 27.7956 -2.29582 5.13703 5.811 5.1971 -2.35351 35.6508 3.36272 1.95326 20.9223 7.3969 1.44442 -2.39266 -1.49828 7.82334 -2.45313 4.7158 7.41988 3.35758 9.1682
internal_weight=912 219 41 15 693 178 129 93 686 7 49 24 8 36 7 679 43 26 636 25 20 7 6
internal_count=912 219 41 15 693 178 129 93 686 7 49 24 8 36 7 679 43 26 636 25 20 7 6
is_linear=0
shrinkage=0.05


Tree=9
num_leaves=24
num_cat=0
split_feature=1 1 0 3 7 4 4 1 0 7 6 2 4 0 0 1 3 3 4 4 0 0 6
split_gain=5.54831e+06 1.59668e+06 767478 444653 456077 65449.7 80045.2 60501.3 57644.2 50622.3 50355 23485.4 22578.7 14817.9 13069.6 11124.3 10665.9 5552.75 56714 7375.29 2222.94 1926.27 532.546
threshold=16455.875000000004 29191.774999999998 37796.55000000001 0.73432429150944811 5.5000000000000009 42262.500000000007 43672.500000000007 12885.605000000003 33232.500000000007 2.5000000000000004 51.500000000000007 7633.4050000000007 36090.000000000007 36920.350000000013 36293.700000000004 13358.750000000002 0.80258768842269979 0.29646653853685639 39295.000000000007 42555.000000000007 34437.850000000013 36210.55000000001 58.500000000000007
decision_type=2 2 2 2 2 2 2 2 2 2 2 2 2 2 2 2 2 2 2 2 2 2 2
left_child=7 3 16 5 21 12 -7 14 15 13 -6 -4 -2 -10 17 -9 -3 19 -19 -1 -11 -5 -17
right_child=1 2 11 4 10 6 -8 8 9 20 -12 -13 -14 -15 -16 22 -18 18 -20 -21 -22 -23 -24
leaf_value=-2.4467880136223252 5.8283524627685548 12.981001536051437 38.586752319335929 5.945117823282871 25.719557698567684 2.9546374744839139 5.4398588015709395 0.65295155843098884 -1.3765482902526851 4.9821876525878919 17.977047293526784 32.734445953369139 8.2821233622233077 2.5877804120381676 0.55549292564392094 -2.7810375758579795 8.7647857666015607 0.42055460929870608 -2.5200795593497518 -1.8577585570514203 3.4007950067520136 7.325772762298584 -2.2180174191792807
leaf_weight=465 25 2.9999999999999982 3 3.0000000000000027 3.0000000000000018 54 81 3.0000000000000027 11.000000000000002 4.9999999999999982 7 4 14.999999999999998 2.9999999999999991 3.9999999999999991 14.000000000000002 3 20 91 60 4 15.999999999999998 5.9999999999999991
leaf_count=465 25 3 3 3 3 54 81 3 11 5 7 4 15 3 4 14 3 20 91 60 4 16 6
internal_value=0.0365851 7.00507 23.995 5.92238 11.6567 4.97211 4.44577 -2.16773 -0.416268 1.35371 20.2998 35.2426 6.74852 -0.527049 -2.29362 -2.18625 10.8729 -2.31154 -1.99024 -2.37947 4.27935 7.10777 -2.61213
internal_weight=903 217 13 204 29 175 135 686 46 23 10 7 40 14 640 23 6 636 111 525 9 19 20
internal_count=903 217 13 204 29 175 135 686 46 23 10 7 40 14 640 23 6 636 111 525 9 19 20
is_linear=0
shrinkage=0.05


Tree=10
num_leaves=24
num_cat=0
split_feature=1 3 7 6 8 0 2 2 1 0 0 0 7 3 0 3 8 2 5 1 0 0 0
split_gain=4.3629e+06 994987 1.08032e+06 248703 79870.8 75219.6 60558.9 52906 42126.6 33265 32992.2 31504.7 55144.8 12051.3 9157.7 6614.38 39447.2 5448.87 5242.2 4972.47 2309.61 1792.49 1417.68
threshold=16455.875000000004 0.73432429150944811 5.5000000000000009 50.500000000000007 3.5000000000000004 36920.350000000013 13693.315000000001 8313.010000000002 12664.720000000003 38763.900000000009 36716.450000000004 33232.500000000007 2.5000000000000004 0.41587273661428931 34437.850000000013 0.29646653853685639 3.5000000000000004 16162.535000000002 10.500000000000002 27751.910000000003 27059.650000000005 36210.55000000001 37121.000000000007
decision_type=2 2 2 2 2 2 2 2 2 2 2 2 2 2 2 2 2 2 2 2 2 2 2
left_child=5 4 18 7 6 8 9 -4 15 -2 -8 13 -13 -10 -6 20 -17 -16 -3 -5 -1 -20 -7
right_child=1 2 3 19 14 22 10 -9 11 -11 -12 12 -14 -15 17 16 -18 -19 21 -21 -22 -23 -24
leaf_value=-2.4426738623210364 6.1473724159034528 9.0137944539387913 36.219195556640635 19.410327657063799 8.5642565917968749 2.2967387795448304 2.0488331158955893 27.435425186157222 0.62131500244140581 3.1178776423136396 4.0257979673497815 -1.1568247454507008 4.0470239281654363 -2.3850899600982665 6.6235954578106222 -2.2841838474571707 0.3679458730361041 5.1313820362091072 5.6478619893391864 16.717462539672848 -2.2058483586558033 6.9679761674669054 3.7346026420593255
leaf_weight=140 37 3.0000000000000027 2.9999999999999982 3 4.9999999999999991 2.9999999999999991 36 4 4.0000000000000027 11.999999999999998 51 14.000000000000002 7.9999999999999991 20 26 80 17 7.9999999999999991 3.0000000000000027 4 389 18 4
leaf_count=140 37 3 3 3 5 3 36 4 4 12 51 14 8 20 26 80 17 8 3 4 389 18 4
internal_value=-0.0793731 6.16402 13.4976 24.5357 4.57158 -2.0379 3.99957 31.1999 -2.09161 5.40546 3.20774 -0.631215 0.735484 -1.88402 6.5663 -2.19893 -1.81938 6.27249 7.05869 17.8715 -2.26852 6.77939 3.11838
internal_weight=892 213 38 14 175 679 136 7 672 49 87 46 22 24 39 626 97 34 24 7 529 21 7
internal_count=892 213 38 14 175 679 136 7 672 49 87 46 22 24 39 626 97 34 24 7 529 21 7
is_linear=0
shrinkage=0.05


Tree=11
num_leaves=21
num_cat=0
split_feature=1 1 4 3 7 3 6 0 6 1 0 4 4 7 1 0 4 0 1 3
split_gain=4.63605e+06 1.26167e+06 644437 332181 355446 68122 64270.5 57489.4 39554.9 38613.6 47773.2 30718.6 28486 15701.5 8570.97 15582.9 4309.3 1459.5 824.233 382.415
threshold=16455.875000000004 29191.774999999998 44810.000000000007 0.73432429150944811 5.5000000000000009 0.56479315149443976 51.500000000000007 36920.350000000013 43.500000000000007 14274.530000000001 33232.500000000007 42910.000000000007 43672.500000000007 1.0000000180025095e-35 12458.100000000004 33839.05000000001 42555.000000000007 36210.55000000001 13123.705000000004 0.47246061078665819
decision_type=2 2 2 2 2 2 2 2 2 2 2 2 2 2 2 2 2 2 2 2
left_child=7 3 8 5 17 12 -6 9 -3 14 19 -7 -2 -12 16 -16 -1 -5 -9 -11
right_child=1 2 -4 4 6 11 -8 18 -10 10 13 -13 -14 -15 15 -17 -18 -19 -20 -21
leaf_value=-2.1716022101555081 1.5917902896278784 34.846453857421885 7.4251483154296869 5.3654688517252538 24.146560160318991 6.2979138996290125 15.399418095179966 3.4916491190592449 27.584235534667968 -2.0206288337707505 -0.12328009605407718 4.6482191974169593 3.9847686555650501 3.8036933217729842 -2.0920301090587272 0.14788204828898113 -1.8144290051087737 6.5672565221786501 2.3195901314417515 -2.6517776489257812
leaf_weight=543 19 2.9999999999999982 5 3.0000000000000027 3.0000000000000018 46 7 2.9999999999999991 5 4.0000000000000018 3.9999999999999982 73 36 7 22 11.999999999999998 100 15.999999999999998 3 6
leaf_count=543 19 3 5 3 3 46 7 3 5 4 4 73 36 7 22 12 100 16 3 6
internal_value=-0.00172346 6.40608 21.5066 5.43905 10.3934 4.61333 18.0236 -1.96776 30.3076 -2.00965 0.101883 5.28592 3.1581 2.3757 -2.07514 -1.30147 -2.11605 6.3775 2.90562 -2.39932
internal_weight=920 216 13 203 29 174 10 704 8 698 21 119 55 11 677 34 643 19 6 10
internal_count=920 216 13 203 29 174 10 704 8 698 21 119 55 11 677 34 643 19 6 10
is_linear=0
shrinkage=0.05


Tree=12
num_leaves=25
num_cat=0
split_feature=1 3 7 6 3 0 4 4 3 1 0 7 2 4 4 7 0 2 0 0 2 0 4 1
split_gain=4.03748e+06 1.10408e+06 1.0796e+06 311852 61645.8 61092.2 36869 39852.5 36815.7 35434.7 39499.4 44468.4 24572 35615 21141.1 11915.3 10381.3 8827.84 4408.69 3853.18 4428.59 1234.12 981.501 147.335
threshold=16455.875000000004 0.73432429150944811 5.5000000000000009 50.500000000000007 0.55571558598520088 36920.350000000013 42262.500000000007 43672.500000000007 0.79529521133664394 12664.720000000003 33839.05000000001 2.5000000000000004 16799.025000000005 43067.500000000007 36090.000000000007 3.5000000000000004 36570.700000000004 18784.755000000005 37088.600000000006 26775.700000000004 24062.890000000003 37121.000000000007 44585.000000000007 9683.970000000003
decision_type=2 2 2 2 2 2 2 2 2 2 2 2 2 2 2 2 2 2 2 2 2 2 2 2
left_child=5 4 18 8 12 9 14 -8 -4 19 17 -12 13 -2 -6 -14 -5 -11 22 23 -21 -7 -3 -1
right_child=1 2 3 16 6 21 7 -9 -10 10 11 -13 15 -15 -16 -17 -18 -19 -20 20 -22 -23 -24 -25
leaf_value=-2.2102159379133539 3.6429940359933037 6.7328785896301184 26.483841160365508 17.550716145833331 4.9873281055026588 2.0463878949483236 3.1293828296661381 5.2467883491516112 33.104132080078116 -2.2697402477264403 -0.94000536600748674 3.7093585491180421 4.4490306854248045 -1.2405854701995851 7.4106568230523013 2.4516606875828328 13.830269317626952 0.057722473144531251 7.7056294250488282 -1.6732369237871314 -2.0115230618194602 3.3879407405853268 5.8513902282714838 -2.5645147959391279
leaf_weight=134 6.9999999999999991 4.0000000000000044 7.0000000000000018 3 18 2.9999999999999991 40 50 3 22.000000000000004 12.000000000000002 8.9999999999999982 15.999999999999998 7.9999999999999991 18 14.000000000000002 5 4.9999999999999991 4.9999999999999991 134 348 4 15 2.9999999999999991
leaf_count=134 7 4 7 3 18 3 40 50 3 22 12 9 16 8 18 14 5 5 5 134 348 4 15 3
internal_value=0.0626369 6.06336 13.327 22.5835 4.27931 -1.83373 4.84665 4.30572 28.4699 -1.8825 -0.573781 1.05258 2.69076 1.03842 6.19899 3.51692 15.2254 -1.83873 6.3846 -1.98398 -1.91748 2.81299 6.03697 -2.21797
internal_weight=887 213 42 18 171 674 126 90 10 667 48 21 45 15 36 30 8 27 24 619 482 7 19 137
internal_count=887 213 42 18 171 674 126 90 10 667 48 21 45 15 36 30 8 27 24 619 482 7 19 137
is_linear=0
shrinkage=0.05


Tree=13
num_leaves=27
num_cat=0
split_feature=3 3 7 0 0 4 4 4 2 2 4 3 3 4 7 6 0 4 4 4 0 0 3 0 6 0
split_gain=3.42937e+06 948851 837641 262301 87668 70280.3 140208 298586 21265.6 19010.1 18638.5 18220 15598.7 79114.5 25949.4 7179.39 5719.95 5177.78 5358.06 2703.62 2079.8 1775.77 1307.67 1263.18 221.984 0.0249533
threshold=0.50356472471488944 0.73432429150944811 5.5000000000000009 37121.000000000007 36920.350000000013 40095.000000000007 43672.500000000007 43067.500000000007 7633.4050000000007 14516.895000000002 36090.000000000007 0.75501995413282008 0.32047167152894518 39295.000000000007 5.5000000000000009 47.500000000000007 32120.100000000002 42555.000000000007 42977.500000000007 33235.000000000007 37958.900000000009 33075.850000000006 0.60242202594626526 36210.55000000001 49.500000000000007 37288.850000000013
decision_type=2 2 2 2 2 2 2 2 2 2 2 2 2 2 2 2 2 2 2 2 2 2 2 2 2 2
left_child=4 5 15 11 12 10 7 -7 -5 -8 22 -4 17 14 -14 -3 -15 19 -19 -1 25 -12 -2 -17 -22 -6
right_child=1 2 3 8 20 6 9 -9 -10 -11 21 -13 13 16 -16 23 -18 18 -20 -21 24 -23 -24 -25 -26 -27
leaf_value=-2.232167474847091 4.3339421358975487 7.8829100036621043 18.907230631510398 31.448925781250001 3.1416614532470715 4.0536748552322388 5.571314590855649 -3.4286317157745358 25.880059814453119 4.0189545329024154 8.0530291239420482 14.249923270089283 3.3502204548228871 -2.1140141052112247 -1.8959291458129883 4.8046259562174427 -1.3732114126284918 -1.2056468205981785 -2.1072389162503757 -1.9350828392897981 2.1325159072875972 6.7274090528488166 5.2515806833902996 5.9285406239827481 1.5242616971333818 3.1481103897094718
leaf_weight=95 11.000000000000002 5.0000000000000027 3.0000000000000018 2.9999999999999991 2.9999999999999982 40 38 20 4 41 3.0000000000000027 7 10.999999999999998 57 2.9999999999999991 3.0000000000000027 48 45 26 395 3 15.999999999999998 5.9999999999999991 14.999999999999998 3 3
leaf_count=95 11 5 3 3 3 40 38 20 4 41 3 7 11 57 3 3 48 45 26 395 3 16 6 15 3 3
internal_value=-0.0360838 5.47971 12.4274 20.8434 -1.7498 3.89167 3.38174 1.55957 28.2667 4.76566 5.86057 15.6471 -1.82457 -1.30461 2.22605 6.20681 -1.77536 -1.93486 -1.53581 -1.99268 2.48664 6.93672 4.65781 5.74122 1.82839 3.14489
internal_weight=907 215 40 17 692 175 139 60 7 79 36 10 680 119 14 23 105 561 71 490 12 19 17 18 6 6
internal_count=907 215 40 17 692 175 139 60 7 79 36 10 680 119 14 23 105 561 71 490 12 19 17 18 6 6
is_linear=0
shrinkage=0.05


Tree=14
num_leaves=25
num_cat=0
split_feature=1 3 7 0 4 4 0 1 0 0 4 1 1 7 5 2 3 0 8 1 0 0 0 2
split_gain=3.1042e+06 744554 755542 204797 72787 300068 49521.3 31040.1 32516.5 41167.8 29258.3 27672.2 21085 10201.6 5808.52 5203.77 4776.58 3131.71 4571.21 2478.59 1113.37 1023.55 934.476 126.858
threshold=16455.875000000004 0.73432429150944811 5.5000000000000009 37121.000000000007 43067.500000000007 43672.500000000007 36920.350000000013 13123.705000000004 33232.500000000007 35859.850000000006 44810.000000000007 30128.780000000006 20902.200000000008 1.0000000180025095e-35 10.500000000000002 14964.280000000002 0.42451207917681705 26775.700000000004 2.5000000000000004 27751.910000000003 37121.000000000007 36894.950000000004 36012.80000000001 16162.535000000002
decision_type=2 2 2 2 2 2 2 2 2 2 2 2 2 2 2 2 2 2 2 2 2 2 2 2
left_child=6 4 14 19 12 22 7 17 16 -10 -7 -5 15 -14 -3 -2 -9 23 -19 -4 -8 -16 -6 -1
right_child=1 2 3 11 5 10 20 8 9 -11 -12 -13 13 -15 21 -17 -18 18 -20 -21 -22 -23 -24 -25
leaf_value=-2.3305883407592773 4.4803940963745124 7.6613569259643484 15.902794392903651 23.40986442565918 -2.7585049492972225 4.7544625368985267 1.7869854291280109 -0.12514982223510732 2.4944757393428252 -3.2571583271026614 2.5969804503700953 29.762449137369785 4.6296285629272464 6.1553267206464497 5.3811865806579577 3.2706170558929446 -2.0455137925989488 -1.3328771935134638 -1.7949331176635603 14.142612965901691 3.0612187862396234 6.1469580968221038 -3.5117383193969731 -2.0018039911313164
leaf_weight=2.9999999999999991 20 4.0000000000000027 2.9999999999999982 3.9999999999999991 7.0000000000000027 55 2.9999999999999991 4.0000000000000027 14.000000000000002 3.9999999999999991 22 3 18 28 16.000000000000004 15.999999999999998 17 61 437 6 4 5.9999999999999991 9.9999999999999982 133
leaf_count=3 20 4 3 4 7 55 3 4 14 4 22 3 18 28 16 16 17 61 437 6 4 6 10 133
internal_value=-0.00418498 5.1878 11.1695 19.7182 3.76035 2.81066 -1.66867 -1.71219 -0.343085 1.21633 4.13804 26.1324 4.84903 5.55831 5.9087 3.94272 -1.67973 -1.79641 -1.73834 14.7293 2.51512 5.59003 -3.20158 -2.00906
internal_weight=898 218 42 16 176 94 680 673 39 18 77 7 82 46 26 36 21 634 498 9 7 22 17 136
internal_count=898 218 42 16 176 94 680 673 39 18 77 7 82 46 26 36 21 634 498 9 7 22 17 136
is_linear=0
shrinkage=0.05


Tree=15
num_leaves=26
num_cat=0
split_feature=1 3 7 0 4 4 1 0 1 0 0 2 1 4 4 6 4 6 4 2 0 0 0 1 0
split_gain=2.84434e+06 767295 694518 162791 60291.7 286354 37575.1 38713.7 28857.9 21372.4 17230.8 16531.3 11447.4 10682.9 5108.24 9120.3 5739.41 4807.22 4720.39 1895.37 1638.38 1194.33 825.738 305.906 208.709
threshold=16455.875000000004 0.73432429150944811 5.5000000000000009 37121.000000000007 43067.500000000007 43672.500000000007 14274.530000000001 33232.500000000007 24591.790000000005 36920.350000000013 35859.850000000006 12642.795000000002 30128.780000000006 42262.500000000007 42555.000000000007 41.500000000000007 39497.500000000007 45.500000000000007 42412.500000000007 11485.355000000001 36210.55000000001 36570.700000000004 36012.80000000001 16216.095000000003 32271.600000000002
decision_type=2 2 2 2 2 2 2 2 2 2 2 2 2 2 2 2 2 2 2 2 2 2 2 2 2
left_child=6 4 17 21 11 22 9 23 -7 14 18 19 -5 -13 16 -16 -1 -3 -9 -2 -19 -4 -6 24 -8
right_child=1 2 3 12 5 8 7 10 -10 -11 -12 13 -14 -15 15 -17 -18 20 -20 -21 -22 -23 -24 -25 -26
leaf_value=-1.6465543540189582 7.4035730361938494 7.2782892227172784 15.146594746907548 22.979684143066404 -2.6266630172729482 3.4983847437233764 -1.4576362609863269 4.2674676513671885 5.7009099388122557 1.9732423782348634 -1.1393498738606771 4.9848300388881137 26.886492919921871 3.7208433985710148 0.94994761943817141 -1.4783734461356854 -1.9955878660168953 4.295335261027013 2.0948228263854975 5.9984589894612625 5.5753282928466801 13.884673767089843 -3.3558578144420275 -2.376358731587727 -2.0093309402465818
leaf_weight=369 3.9999999999999982 4.0000000000000027 3 5 6.0000000000000027 58 3.0000000000000018 4.9999999999999982 20 3.9999999999999991 2.9999999999999991 35 3 32 3.9999999999999991 116 173 3.0000000000000027 5 6 14.999999999999998 5 10.999999999999998 3 4
leaf_count=369 4 4 3 5 6 58 3 5 20 4 3 35 3 32 4 116 173 3 5 6 15 5 11 3 4
internal_value=-0.0492974 5.04496 11.475 19.4013 3.62437 2.78158 -1.60197 0.384961 4.06313 -1.67059 2.18411 4.66417 24.4447 4.38113 -1.69261 -1.39743 -1.75796 5.71041 3.18115 6.5605 5.362 14.3579 -3.09849 -1.95393 -1.77289
internal_weight=899 210 38 16 172 95 689 23 78 666 13 77 8 67 662 120 542 22 10 10 18 8 17 10 7
internal_count=899 210 38 16 172 95 689 23 78 666 13 77 8 67 662 120 542 22 10 10 18 8 17 10 7
is_linear=0
shrinkage=0.05


Tree=16
num_leaves=27
num_cat=0
split_feature=3 7 3 6 0 3 4 4 7 4 3 4 0 0 0 4 5 6 4 0 0 5 0 4 3 2
split_gain=2.48771e+06 739504 403503 131920 100412 44740.8 41830.9 51409.7 29115.4 55518.6 20935.7 78964.1 34667.5 10664.2 9169.56 4806.57 3680.51 3062.69 1787.99 1664.11 1588.72 1413.79 812.653 665.67 588.147 416.444
threshold=0.52944424865358208 5.5000000000000009 0.73432429150944811 50.500000000000007 36920.350000000013 0.56479315149443976 43672.500000000007 43067.500000000007 4.5000000000000009 43067.500000000007 0.29646653853685639 39295.000000000007 30375.700000000001 32120.100000000002 37796.55000000001 42412.500000000007 10.500000000000002 53.500000000000007 34325.000000000007 37511.950000000004 32750.650000000005 10.500000000000002 38995.150000000001 44395.000000000007 0.51843590761986491 19926.840000000004
decision_type=2 2 2 2 2 2 2 2 2 2 2 2 2 2 2 2 2 2 2 2 2 2 2 2 2 2
left_child=4 5 22 14 10 6 7 -2 9 -7 15 12 -12 -13 -4 18 -10 -5 -1 21 -17 -6 -3 -8 25 -21
right_child=1 2 3 17 19 8 23 -9 16 -11 11 13 -14 -15 -16 20 -18 -19 -20 24 -22 -23 -24 -25 -26 -27
leaf_value=-1.9126000139893606 2.9653686523437495 2.3550595601399711 19.726977539062485 14.392388916015628 1.7643692811330145 4.6019090458966687 3.9778223557905705 -2.5433545589447015 6.3422280311584478 2.2606575822830202 6.9372970581054609 -1.9057016342878343 1.0801359951496126 -0.98932028876410605 23.223558349609373 -1.2471460896569331 5.1211842996102801 12.435769780476887 -1.6852055951009826 1.1091352462768558 -1.7709102047814262 3.13733959197998 3.443691492080688 3.414168243408203 2.2977881749471027 1.7936058425903321
leaf_weight=119 9 3.0000000000000027 3.0000000000000018 2.9999999999999982 3.0000000000000018 69 11.000000000000002 8 7.9999999999999991 40 3.0000000000000027 64 15.999999999999998 63 5 74 27 6 316 3.9999999999999982 18 5 4 9.9999999999999982 2.9999999999999991 5
leaf_count=119 9 3 3 3 3 69 11 8 8 40 3 64 16 63 5 74 27 6 316 4 18 5 4 10 3 5
internal_value=0.00659361 4.83076 13.0804 17.2406 -1.42743 3.7429 2.21682 0.373028 4.14561 3.74273 -1.53119 -1.00136 2.00495 -1.45112 21.9123 -1.67797 5.40028 13.088 -1.74741 2.06389 -1.34962 2.62248 2.97713 3.70942 1.69149 1.4894
internal_weight=899 206 24 17 693 182 38 17 144 109 673 146 19 127 8 527 35 9 435 20 92 8 7 21 12 9
internal_count=899 206 24 17 693 182 38 17 144 109 673 146 19 127 8 527 35 9 435 20 92 8 7 21 12 9
is_linear=0
shrinkage=0.05


Tree=17
num_leaves=24
num_cat=0
split_feature=1 3 0 7 4 4 0 4 1 0 0 1 6 2 4 6 0 2 6 6 2 1 0
split_gain=2.26113e+06 603758 538387 170585 43218.9 266095 30754.3 21507.4 19729 22314.6 30997.9 15600.9 14460.5 9655.1 8496.74 7424.44 4792.83 18399.5 4664.62 3418.57 1797.45 1355.48 673.349
threshold=16455.875000000004 0.73432429150944811 37702.200000000004 5.5000000000000009 43067.500000000007 43672.500000000007 37088.600000000006 44810.000000000007 13123.705000000004 33839.05000000001 35859.850000000006 20497.985000000004 52.500000000000007 8114.4800000000005 36090.000000000007 42.500000000000007 34831.950000000004 22873.920000000002 44.500000000000007 59.500000000000007 14964.280000000002 20462.615000000002 37288.850000000013
decision_type=2 2 2 2 2 2 2 2 2 2 2 2 2 2 2 2 2 2 2 2 2 2 2
left_child=6 4 3 18 11 21 8 -7 16 15 -11 20 -5 -4 -13 -10 19 -18 -3 -1 -2 -6 -8
right_child=1 2 13 12 5 7 22 -9 9 10 -12 14 -14 -15 -16 -17 17 -19 -20 -21 -22 -23 -24
leaf_value=-1.593959295150519 3.5786250050862622 6.5972631454467718 25.882854715983076 15.639100138346354 -2.4262737274169912 4.2017416246475712 1.5975122133890789 2.2789407077588533 0.81909281412760326 2.0244353055953979 -2.9664608001708985 3.9407461166381839 11.568550491333008 21.871391296386715 5.3234126358032228 -1.8675798416137697 2.2228135585784914 -1.3740120977163315 4.7096050898234045 -1.0183326156051071 2.7753578919630786 -3.3163088538429957 2.6568742752075192
leaf_weight=577 15.000000000000002 4.0000000000000027 2.9999999999999991 2.9999999999999991 7.0000000000000027 62 2.9999999999999991 19 3.0000000000000027 14.000000000000002 3.9999999999999991 20 7.9999999999999991 3 25 18 3.9999999999999991 32 18 27 12.999999999999998 10.999999999999998 3
leaf_count=577 15 4 3 3 7 62 3 19 3 14 4 20 8 3 25 18 4 32 18 27 13 11 3
internal_value=-0.0427591 4.48291 10.0998 7.59478 3.20932 2.52873 -1.4368 3.75071 -1.46829 -0.376485 0.915347 4.13232 12.6787 23.8771 4.70889 -1.48377 -1.53482 -0.974365 5.05282 -1.56823 3.20568 -2.97018 2.12719
internal_weight=896 211 39 33 172 99 685 81 679 39 18 73 11 6 45 21 640 36 22 604 28 18 6
internal_count=896 211 39 33 172 99 685 81 679 39 18 73 11 6 45 21 640 36 22 604 28 18 6
is_linear=0
shrinkage=0.05


Tree=18
num_leaves=28
num_cat=0
split_feature=1 3 0 4 0 3 0 3 4 4 4 4 0 4 2 2 1 0 1 5 4 6 4 4 4 4 3
split_gain=2.10152e+06 525723 494395 71371.2 86191.8 44567.4 32719.5 45894 23674.9 42791.8 20384.7 58029.6 17997.4 10650 9856.14 9600.53 8200.06 6887.23 9730.86 3858.86 3321.27 8651.39 9549.4 6348.08 2290.72 7223.81 1333.95
threshold=16455.875000000004 0.73432429150944811 37702.200000000004 44810.000000000007 36464.200000000004 0.56479315149443976 33839.05000000001 0.38853022919588392 43672.500000000007 43067.500000000007 42910.000000000007 43672.500000000007 36920.350000000013 36662.500000000007 12642.795000000002 18188.220000000005 30128.780000000006 34437.850000000013 14274.530000000001 10.500000000000002 42555.000000000007 42.500000000000007 42910.000000000007 42977.500000000007 37740.000000000007 33577.500000000007 0.39692525413805918
decision_type=2 2 2 2 2 2 2 2 2 2 2 2 2 2 2 2 2 2 2 2 2 2 2 2 2 2 2
left_child=6 5 3 4 -3 8 20 12 9 -2 14 -12 13 -8 -7 -10 -4 -9 -19 -5 24 22 -22 -23 25 -1 -26
right_child=1 2 16 19 -6 10 7 17 15 -11 11 -13 -14 -15 -16 -17 -18 18 -20 -21 21 23 -24 -25 26 -27 -28
leaf_value=-1.7342518390995441 2.6112849235534665 4.5947804768880181 20.777821350097657 6.2674000740051214 12.044765333695846 6.0185073852539066 0.13417051488702947 3.9493990898132325 3.1776975925152122 -2.2948731899261472 1.1483381271362305 4.1411205208819846 1.8814465427398681 -1.6092877543249795 4.0999072609878171 1.5135511911832369 24.474681091308586 -0.88796501159667995 2.5156149898256572 4.5064719608851842 -1.3972202301025392 -0.93545302351315829 2.5922245184580479 -1.7223321082375269 -1.6188703607629849 -1.1498671548860568 -2.0887444734573366
leaf_weight=101 10 6.0000000000000027 2.9999999999999991 4.0000000000000027 10.999999999999998 7.9999999999999991 10.999999999999998 3.9999999999999991 26 8 25 46 4.9999999999999991 43 41 12.999999999999998 3 2.9999999999999982 7 13.999999999999998 2.9999999999999991 48 3 55 270 111 15.999999999999998
leaf_count=101 10 6 3 4 11 8 11 4 26 8 25 46 5 43 41 13 3 3 7 14 3 48 3 55 270 111 16
internal_value=-0.00830136 4.26364 9.36534 7.09204 9.41536 3.08189 -1.37784 -0.377716 1.9307 0.43077 3.6287 3.08732 -0.988411 -1.25414 4.41315 2.62298 22.6263 2.19593 1.49454 4.89779 -1.49811 -1.24812 0.597502 -1.35563 -1.55283 -1.42828 -1.64516
internal_weight=898 218 41 35 17 177 680 73 57 18 120 71 59 54 49 39 6 14 10 18 607 109 6 103 498 212 286
internal_count=898 218 41 35 17 177 680 73 57 18 120 71 59 54 49 39 6 14 10 18 607 109 6 103 498 212 286
is_linear=0
shrinkage=0.05


Tree=19
num_leaves=25
num_cat=0
split_feature=3 1 4 1 1 4 4 0 0 4 4 6 4 2 4 2 0 2 2 0 0 0 2 1
split_gain=2.02153e+06 494057 314426 139365 120459 53344.6 103317 39553.6 24981.1 18448.3 27160.5 17614.6 13629.1 12740.6 20555.6 8303.98 6605.07 17071.9 4585.12 1546.19 623.245 579.22 402.451 204.635
threshold=0.54879364860227586 29191.774999999998 44810.000000000007 14274.530000000001 27113.580000000002 44810.000000000007 44735.000000000007 33232.500000000007 36920.350000000013 42262.500000000007 43672.500000000007 43.500000000000007 36090.000000000007 16799.025000000005 43067.500000000007 18681.615000000002 34831.950000000004 23901.875000000004 21084.150000000005 36894.950000000004 31424.450000000004 37121.000000000007 7314.0400000000009 15167.530000000001
decision_type=2 2 2 2 2 2 2 2 2 2 2 2 2 2 2 2 2 2 2 2 2 2 2 2
left_child=3 4 11 8 9 6 -6 20 16 12 -11 -3 -2 14 -9 -15 18 -18 -1 -7 -5 -10 -4 -22
right_child=1 2 22 7 5 19 -8 13 21 10 -12 -13 -14 15 -16 -17 17 -19 -20 -21 23 -23 -24 -25
leaf_value=-1.0681749518712362 3.5288177490234376 23.364978027343756 4.7849464416503897 -2.3124504089355478 4.6112372928195517 3.9100129604339608 11.995587158203124 2.3607424054827013 1.3899910132090252 1.914973291669573 3.6676060533523565 18.518731994628904 5.5021475474039718 3.0738599061965943 -1.4710446493966238 1.5618860539935886 0.59281824747721357 -1.57535051262897 -1.4538565391035223 5.0308506011962884 -1.1389177322387691 2.3725215276082348 5.6039408365885404 -1.6852021217346189
leaf_weight=90 21 2.9999999999999982 3 2.9999999999999982 9 7.9999999999999982 10 6.9999999999999982 2.9999999999999991 35 60 5 14.999999999999998 15.999999999999998 7 21 14.999999999999998 23 536 5 3 3 3 4
leaf_count=90 21 3 3 3 9 8 10 7 3 35 60 5 15 16 7 21 15 23 536 5 3 3 3 4
internal_value=0.0386814 4.83313 13.8468 -1.12222 4.05895 6.80911 8.49774 1.16581 -1.33053 3.38716 3.0219 20.3361 4.35104 1.72959 0.444849 2.21571 -1.35955 -0.719494 -1.39841 4.3411 -1.70949 1.88126 5.19444 -1.45108
internal_weight=908 177 14 731 163 32 19 61 670 131 95 8 36 51 14 37 664 38 626 13 10 6 6 7
internal_count=908 177 14 731 163 32 19 61 670 131 95 8 36 51 14 37 664 38 626 13 10 6 6 7
is_linear=0
shrinkage=0.05


Tree=20
num_leaves=26
num_cat=0
split_feature=3 7 2 6 0 4 4 3 2 3 4 0 3 3 5 0 4 4 4 3 2 2 3 0 0
split_gain=1.75342e+06 593296 325496 152826 71504.5 32618.5 233151 13339.2 12582.3 11655.7 55352.7 15266.2 9482.52 8890.71 7417.62 4761.45 3588.3 3444.77 3385.13 2329.95 1927.31 1683.59 1301.11 827.753 371.048
threshold=0.52944424865358208 5.5000000000000009 15524.85 50.500000000000007 36854.100000000006 43672.500000000007 43067.500000000007 0.79529521133664394 12642.795000000002 0.35370146452070456 39905.000000000007 33232.500000000007 0.67046356868481483 0.35951980407090584 10.500000000000002 36570.700000000004 42555.000000000007 42977.500000000007 36372.500000000007 0.57520017998973338 18427.515000000003 23738.100000000002 0.59889032463513325 38913.750000000007 38525.05000000001
decision_type=2 2 2 2 2 2 2 2 2 2 2 2 2 2 2 2 2 2 2 2 2 2 2 2 2
left_child=4 5 3 7 9 6 8 -3 -2 16 13 -12 22 -11 -14 -5 18 -18 -1 -8 -6 24 -7 -4 -22
right_child=1 2 23 15 20 12 19 -9 -10 10 11 -13 14 -15 -16 -17 17 -19 -20 -21 21 -23 -24 -25 -26
leaf_value=-1.1980692166960643 5.2760535812377931 18.113342539469382 1.532932980855306 11.886578877766931 2.8900528589884407 3.0206919083228478 -2.154464421953473 22.196728515624997 3.3728524959448616 5.6119627634684246 -1.5080259500923805 -0.012329157193501791 5.4828201293945318 2.0111824035644528 3.9434967464870883 9.4469462712605772 -0.74758074283599862 -1.4305740880966189 -1.4678951348831406 -3.343839797973633 1.0708580917782251 2.4258556365966797 3.5937577128410343 2.6316324234008786 1.6080661964416505
leaf_weight=178 9.9999999999999982 6.0000000000000053 2.9999999999999991 2.9999999999999982 3.0000000000000027 26 7.0000000000000027 3 66 2.9999999999999991 59 24 9.9999999999999982 4 36 6 48 30 335 9.9999999999999982 9.0000000000000018 3.9999999999999991 15.999999999999998 4 4.9999999999999991
leaf_count=178 10 6 3 3 3 26 7 3 66 3 59 24 10 4 36 6 48 30 335 10 9 4 16 4 5
internal_value=0.0333468 4.08941 11.3095 14.8673 -1.15689 3.09216 2.43924 19.4745 3.62327 -1.24551 -0.715431 -1.07554 3.78218 3.55437 4.27813 10.2602 -1.32623 -1.01027 -1.37427 -2.8541 1.71674 1.52119 3.239 2.16076 1.26272
internal_weight=908 206 25 18 702 181 93 9 76 681 90 83 88 7 46 9 591 78 513 17 21 18 42 7 14
internal_count=908 206 25 18 702 181 93 9 76 681 90 83 88 7 46 9 591 78 513 17 21 18 42 7 14
is_linear=0
shrinkage=0.05


Tree=21
num_leaves=25
num_cat=0
split_feature=1 3 7 6 4 4 1 3 1 2 1 2 7 4 0 5 2 6 2 0 1 1 2 4
split_gain=1.59897e+06 420122 437036 97474.7 36608.8 190042 22890.9 22817.4 19544.7 15708.2 11003.7 10387 22013.5 8196.89 6173.77 3606.19 3585.6 3377.18 17173.6 2472.71 1887.82 1867.38 737.453 628.227
threshold=16455.875000000004 0.73432429150944811 5.5000000000000009 50.500000000000007 43067.500000000007 43672.500000000007 12458.100000000004 0.37508420925801716 24935.100000000002 8114.4800000000005 20902.200000000008 17703.220000000005 5.5000000000000009 36090.000000000007 36293.700000000004 10.500000000000002 14964.280000000002 58.500000000000007 21084.150000000005 35039.30000000001 20462.615000000002 27975.800000000003 15095.470000000001 44585.000000000007
decision_type=2 2 2 2 2 2 2 2 2 2 2 2 2 2 2 2 2 2 2 2 2 2 2 2
left_child=6 4 15 9 10 20 14 -8 -7 -4 16 22 -13 -12 17 -3 -2 19 -19 -1 -6 -5 -9 -17
right_child=1 2 3 21 5 8 7 11 -10 -11 13 12 -14 -15 -16 23 -18 18 -20 -21 -22 -23 -24 -25
leaf_value=-1.3379441111225434 3.2113996419039639 5.4280297279357868 21.121689351399748 11.243631744384766 -2.0769070307413724 2.6374480781270497 3.036185188293457 -2.1836514711380004 4.5824792623519901 16.690520477294921 3.1951997121175131 -0.50337473664964949 3.4619647666811946 4.5123145915843823 0.99579054514567056 4.3439094543456997 2.2276799499988558 0.77016338904698689 -1.3491087578712628 -0.81920939286549899 -3.1794681028886274 9.5933986663818356 -1.3908644762906164 3.6433363199234012
leaf_weight=537 22 4.0000000000000027 2.9999999999999982 2.9999999999999991 6.0000000000000027 67 4.9999999999999991 3.9999999999999991 15.999999999999998 6 21 28 3.9999999999999991 27 2.9999999999999991 4.0000000000000027 15.999999999999998 11.999999999999998 47 24 10.999999999999998 4 10.999999999999998 15.999999999999998
leaf_count=537 22 4 3 3 6 67 5 4 16 6 21 28 4 27 3 4 16 12 47 24 11 4 11 16
internal_value=0.0359563 3.67616 8.32485 14.7258 2.67644 2.02593 -1.18284 -0.174997 3.01239 18.1676 3.43285 -0.516612 -0.0077073 3.93608 -1.26696 4.05755 2.7972 -1.27791 -0.91807 -1.31575 -2.79033 10.3006 -1.60227 3.78345
internal_weight=901 226 40 16 186 100 675 52 83 9 86 47 32 48 623 24 38 620 59 561 17 7 15 20
internal_count=901 226 40 16 186 100 675 52 83 9 86 47 32 48 623 24 38 620 59 561 17 7 15 20
is_linear=0
shrinkage=0.05


Tree=22
num_leaves=24
num_cat=0
split_feature=1 1 4 3 7 4 4 1 2 6 6 3 2 4 5 1 3 6 2 7 5 1 1
split_gain=1.4534e+06 433304 214809 120597 144030 30163.3 179682 28257.3 25252.2 25225.9 12490.2 12392.4 8024.92 7271.24 11375.8 6500.57 9384.39 3535.59 1514.53 1048.49 1032.01 545.895 328.239
threshold=16455.875000000004 29191.774999999998 44810.000000000007 0.73432429150944811 5.5000000000000009 43067.500000000007 43672.500000000007 14274.530000000001 17703.220000000005 51.500000000000007 59.500000000000007 0.79529521133664394 12642.795000000002 45077.500000000007 11.500000000000002 12729.730000000003 0.41587273661428931 59.500000000000007 24270.680000000004 3.5000000000000004 11.500000000000002 12664.720000000003 15167.530000000001
decision_type=2 2 2 2 2 2 2 2 2 2 2 2 2 2 2 2 2 2 2 2 2 2 2
left_child=7 3 11 5 20 12 -7 13 22 -6 19 -3 -2 15 21 17 -17 -1 -16 -10 -5 -15 -9
right_child=1 2 -4 4 9 6 -8 8 10 -11 -12 -13 -14 14 18 16 -18 -19 -20 -21 -22 -23 -24
leaf_value=-1.2527165245365453 4.6539917839898006 15.965925598144535 4.279197921752929 4.2185565630594866 14.183973884582512 -2.5914330376519099 2.9192815723189387 -0.9370273590087882 2.9298079299926765 8.8567707824707025 -0.40988559325536084 20.030807495117184 3.0652252239339495 2.0828130722045901 -2.1220608711242686 0.53271764608529881 -1.332885333469936 -0.66765259283560296 -0.7461403528849283 4.1121744791666659 3.4426670964558919 1.128965377807617 -1.5985802841186523
leaf_weight=592 8.9999999999999982 4.9999999999999982 5 6.0000000000000027 4.0000000000000018 18 83 3.0000000000000018 4.9999999999999982 5 3 3 68 2.9999999999999991 2.9999999999999982 13.000000000000002 13.999999999999998 27 6 3 14.999999999999998 3 5
leaf_count=592 9 5 5 6 4 18 83 3 5 5 3 3 68 3 3 13 14 27 6 3 15 3 5
internal_value=0.0306763 3.55324 12.4091 2.99974 5.93237 2.50548 1.93717 -1.11416 0.786943 11.2244 2.34145 17.4903 3.25093 -1.1688 -0.0805126 -1.19407 -0.434632 -1.2272 -1.20478 3.3732 3.66435 1.60589 -1.3505
internal_weight=901 221 13 208 30 178 101 680 19 9 11 8 77 661 15 646 27 619 9 8 21 6 8
internal_count=901 221 13 208 30 178 101 680 19 9 11 8 77 661 15 646 27 619 9 8 21 6 8
is_linear=0
shrinkage=0.05


Tree=23
num_leaves=27
num_cat=0
split_feature=3 7 3 6 0 2 4 4 3 4 3 0 2 4 0 7 0 4 4 4 8 0 0 6 2 3
split_gain=1.2949e+06 382464 238532 98989.2 54048 24950.2 35351.3 101270 10800 53471.3 9061.51 8955.8 8894.59 6264.23 6089.66 49599.7 4587.08 4326.76 3740.69 3686.76 3474.05 3253.53 617.357 357.491 208.744 204.488
threshold=0.52944424865358208 5.5000000000000009 0.73432429150944811 50.500000000000007 36854.100000000006 12642.795000000002 43067.500000000007 43672.500000000007 0.35370146452070456 39905.000000000007 0.35951980407090584 32120.100000000002 7633.4050000000007 42262.500000000007 38913.750000000007 1.5000000000000002 36602.80000000001 44585.000000000007 42412.500000000007 39497.500000000007 2.5000000000000004 37511.950000000004 38995.150000000001 46.500000000000007 19926.840000000004 0.40315461533917557
decision_type=2 2 2 2 2 2 2 2 2 2 2 2 2 2 2 2 2 2 2 2 2 2 2 2 2 2
left_child=4 5 22 12 8 14 13 -8 18 10 -10 -11 -4 -7 17 -16 -5 -2 19 -1 -20 25 -3 -23 -25 -6
right_child=1 2 3 16 21 6 7 -9 9 11 -12 -13 -14 -15 15 -17 -18 -19 20 -21 -22 23 -24 24 -26 -27
leaf_value=-1.1253821728953413 4.1463841364933893 1.3357091267903631 19.029267883300776 10.208557128906248 2.0156173706054679 3.467706314722697 -2.3313386372157505 2.7436890168623496 5.3431092580159527 -1.4016415695349376 1.9775641759236653 -0.34990608709199089 15.58551300048828 2.5062447965145114 4.8877429326375337 -2.9862392425537103 7.814011573791503 3.2999182701110841 -0.22694834260379568 -1.4475360171269562 -1.0018202339251017 1.4438665072123209 2.2845567703247069 0.59824051380157484 1.0828406095504759 2.4952517032623285
leaf_weight=359 26 3.0000000000000027 3 4 5.0000000000000018 36 13.999999999999998 33 2.9999999999999982 48 6 35 5 32 5.9999999999999982 3 4 36 17 118 97 2.9999999999999991 4 4.9999999999999982 4 4
leaf_count=359 26 3 3 4 5 36 14 33 3 48 6 35 5 32 6 3 4 36 17 118 97 3 4 5 4 4
internal_value=0.0376652 3.4936 9.57613 12.9441 -0.988315 2.74146 2.28644 1.23198 -1.06513 -0.561204 3.09941 -0.958139 16.8769 3.01525 3.47846 2.26308 9.01128 3.65489 -1.14358 -1.20508 -0.886269 1.51016 1.87791 0.97118 0.813618 2.22879
internal_weight=913 209 23 16 704 186 115 47 683 92 9 83 8 68 71 9 8 62 591 477 114 21 7 12 9 9
internal_count=913 209 23 16 704 186 115 47 683 92 9 83 8 68 71 9 8 62 591 477 114 21 7 12 9 9
is_linear=0
shrinkage=0.05


Tree=24
num_leaves=23
num_cat=0
split_feature=1 1 4 3 7 6 1 4 4 0 7 0 3 3 5 6 0 0 0 0 0 3
split_gain=1.22733e+06 374662 150428 94884.5 96615.2 25782.1 25168.2 22249 125156 16158.1 23639.7 11555.6 9783.48 8227.51 7441.17 5279.32 2323.13 8166.58 2533.63 2076.89 883.661 110.272
threshold=16455.875000000004 29191.774999999998 44810.000000000007 0.73432429150944811 5.5000000000000009 51.500000000000007 13123.705000000004 43067.500000000007 43672.500000000007 33232.500000000007 2.5000000000000004 37088.600000000006 0.79529521133664394 0.5818203538765564 13.500000000000002 42.500000000000007 34831.950000000004 35590.05000000001 33075.850000000006 34437.850000000013 36894.950000000004 0.44609644923333708
decision_type=2 2 2 2 2 2 2 2 2 2 2 2 2 2 2 2 2 2 2 2 2 2
left_child=6 3 12 7 20 -6 11 13 -9 15 14 16 -3 -2 -11 -8 18 -18 -1 -12 -5 -17
right_child=1 2 -4 4 5 -7 9 8 -10 10 19 -13 -14 -15 -16 21 17 -19 -20 -21 -22 -23
leaf_value=-1.1047858684293685 2.3487784539499592 14.466069030761723 3.9450163841247554 3.208648080092209 12.762711524963372 7.3770925903320306 0.88278760910034182 -2.3443975766499836 2.6051026216773101 0.63515853881835915 3.7398325347900396 2.0003601710001631 18.077804565429684 3.3895854794249249 -1.7705792617797851 -1.6625963211059571 -0.1640220860640208 -1.6512285168965659 -1.4908541202545167 2.2112691350281235 3.9908025360107424 -1.3470783975389269
leaf_weight=558 31 4.9999999999999982 4 13.000000000000002 4.0000000000000018 5 2.9999999999999991 14.999999999999998 86 9.0000000000000018 4.9999999999999982 2.9999999999999991 3 49 4.9999999999999991 3.9999999999999991 24 14.999999999999998 46 4 4.9999999999999991 8.9999999999999982
leaf_count=558 31 5 4 13 4 5 3 15 86 9 5 3 3 49 5 4 24 15 46 4 5 9
internal_value=0.0223753 3.27146 11.862 2.77585 5.54084 9.7707 -1.02113 2.3634 1.87003 0.21236 1.06121 -1.09559 15.8205 2.98627 -0.224034 -1.00786 -1.11004 -0.736025 -1.13419 3.06047 3.42591 -1.44416
internal_weight=905 220 12 208 27 9 685 181 101 39 23 646 8 80 14 16 643 39 604 9 18 13
internal_count=905 220 12 208 27 9 685 181 101 39 23 646 8 80 14 16 643 39 604 9 18 13
is_linear=0
shrinkage=0.05


Tree=25
num_leaves=23
num_cat=0
split_feature=1 2 7 6 4 4 4 0 4 4 1 4 0 0 6 2 1 5 1 4 0 0
split_gain=930616 173431 161498 49716.5 20168.4 22305.1 84018.6 16969.1 13379.6 10770.1 7416.84 14267.4 9538.39 3364.51 2590.53 10341.4 1886.13 1780.76 1690.81 1528.94 715.54 637.633
threshold=16455.875000000004 9728.1200000000008 5.5000000000000009 50.500000000000007 42262.500000000007 43672.500000000007 43067.500000000007 36920.350000000013 44810.000000000007 36090.000000000007 12458.100000000004 39905.000000000007 35859.850000000006 36570.700000000004 59.500000000000007 21084.150000000005 23263.120000000006 10.500000000000002 21594.030000000002 30732.500000000004 37121.000000000007 37168.500000000007
decision_type=2 2 2 2 2 2 2 2 2 2 2 2 2 2 2 2 2 2 2 2 2 2
left_child=7 2 17 -4 9 6 -6 10 -7 16 14 -12 -13 -5 19 -16 -3 -2 -11 -1 -9 -19
right_child=1 4 3 13 5 8 -8 20 -10 18 11 12 -14 -15 15 -17 -18 21 -20 -21 -22 -23
leaf_value=-1.2723201867305871 4.4448663075764925 2.1526416217579558 13.989810638427736 9.2844078063964872 2.2847804327268859 2.7514520692825322 -2.2627741949898854 0.91722497940063485 1.2850648482640585 3.8043694569514339 2.9392300287882489 -0.4093707594465702 -2.9527654170989992 7.2830667223249153 1.1123871803283687 -1.0940889358520509 3.0477929857042101 3.0300972408718527 4.9799169540405277 -1.0169049621085098 1.9387413740158079 3.8174480438232425
leaf_weight=66 3.0000000000000027 17.000000000000004 4.9999999999999991 2.9999999999999982 37 60 13.999999999999998 2.9999999999999991 21 13.000000000000002 2.9999999999999991 47 3.9999999999999991 7 7.0000000000000027 22 8.9999999999999982 18.000000000000004 3.9999999999999991 522 4 2.9999999999999991
leaf_count=66 3 17 5 3 37 60 14 3 21 13 3 47 4 7 7 22 9 18 4 522 4 3
internal_value=-0.0407651 2.83386 5.84904 9.91892 2.1619 1.85554 1.03643 -0.948094 2.37128 3.10236 -0.973643 -0.411737 -0.608853 7.88347 -1.02282 -0.561491 2.4625 3.30536 4.08097 -1.04557 1.50095 3.14258
internal_weight=892 214 39 15 175 132 51 678 81 43 671 54 51 10 617 29 26 24 17 588 7 21
internal_count=892 214 39 15 175 132 51 678 81 43 671 54 51 10 617 29 26 24 17 588 7 21
is_linear=0
shrinkage=0.05


Tree=26
num_leaves=25
num_cat=0
split_feature=1 3 7 6 4 4 1 0 0 4 3 0 0 3 1 4 1 4 5 4 1 3 0 3
split_gain=911254 259446 221441 73408.2 31363.1 115109 13574 14691.6 11884.5 10921.9 7557.14 6071.8 5766.16 4186.75 3934.92 3053.97 2672.44 14743.5 2614.88 2152.31 1957.76 614.05 612.476 595.808
threshold=16455.875000000004 0.73432429150944811 5.5000000000000009 50.500000000000007 43067.500000000007 43672.500000000007 14274.530000000001 33232.500000000007 35859.850000000006 44810.000000000007 0.56777320889813321 37088.600000000006 37796.55000000001 0.64295966388273251 27751.910000000003 42412.500000000007 12458.100000000004 39905.000000000007 10.500000000000002 42412.500000000007 20462.615000000002 0.49668527562486647 37168.500000000007 0.56479315149443976
decision_type=2 2 2 2 2 2 2 2 2 2 2 2 2 2 2 2 2 2 2 2 2 2 2 2
left_child=6 4 18 12 10 20 11 21 15 -7 23 16 -4 -12 -5 -9 19 -18 -3 -1 -6 -8 -20 -2
right_child=1 2 3 14 5 9 7 8 -10 -11 13 -13 -14 -15 -16 -17 17 -19 22 -21 -22 -23 -24 -25
leaf_value=-1.0555218047139057 1.6236420767647877 4.3683267116546594 11.940939585367829 8.8231819152832056 -1.4773271833147315 2.6276219910266354 -0.96813917160034135 3.3969759464263927 -1.2666554768880209 1.2231733190385921 2.7411485653657182 0.97178766727447519 14.625654474894205 3.8148432644930752 6.6053792317708329 1.5434069657325742 2.7922684987386068 -0.86877179579301311 2.8516779506907741 -0.82481866888701916 -2.5294994513193769 -1.8729783693949376 3.6265756607055666 2.2594865798950194
leaf_weight=481 14.000000000000002 4.0000000000000027 3.0000000000000018 2.9999999999999982 7.0000000000000027 51 5.0000000000000018 3.9999999999999982 2.9999999999999991 19 52 3.9999999999999991 6 10.999999999999998 6 5 2.9999999999999991 33 17.000000000000004 128 11.999999999999998 3 2.9999999999999991 4.9999999999999991
leaf_count=481 14 4 3 3 7 51 5 4 3 19 52 4 6 11 6 5 3 33 17 128 12 3 3 5
internal_value=-0.0238636 2.82439 6.34548 10.5377 1.95956 1.30959 -0.930707 0.352267 1.45875 2.24641 2.66502 -0.970244 13.7307 2.92862 7.34465 2.36722 -0.982288 -0.563685 3.20131 -1.00703 -2.14186 -1.30745 2.96791 1.79097
internal_weight=882 213 42 18 171 89 669 20 12 70 82 649 9 63 9 9 645 36 24 609 19 8 20 19
internal_count=882 213 42 18 171 89 669 20 12 70 82 649 9 63 9 9 645 36 24 609 19 8 20 19
is_linear=0
shrinkage=0.05


Tree=27
num_leaves=21
num_cat=0
split_feature=1 1 4 2 7 4 4 0 4 6 1 0 7 5 2 4 1 0 0 4
split_gain=838265 294330 112064 56185.3 62268.6 24311.2 30460 14381.6 8428.52 8087.89 7727.4 15672.9 8594.09 6349.31 2793.65 31813.3 2410.29 1019.53 642.192 497.204
threshold=16455.875000000004 29191.774999999998 44810.000000000007 9728.1200000000008 5.5000000000000009 42262.500000000007 43672.500000000007 36920.350000000013 36090.000000000007 43.500000000000007 14274.530000000001 33232.500000000007 1.0000000180025095e-35 12.500000000000002 21257.370000000003 39295.000000000007 13554.765000000001 36894.950000000004 37121.000000000007 44860.000000000007
decision_type=2 2 2 2 2 2 2 2 2 2 2 2 2 2 2 2 2 2 2 2
left_child=7 3 9 4 17 8 -7 10 -5 -3 14 19 -13 -6 15 -1 -16 -2 -9 -12
right_child=1 2 -4 5 13 6 -8 18 -10 -11 11 12 -14 -15 16 -17 -18 -19 -20 -21
leaf_value=1.7526604513327282 2.6341705924586241 15.74314092000326 3.4408340930938714 2.2843693256378175 9.556278483072921 0.70597972705446443 2.1818770737133244 0.85345036188761392 3.7549409163625622 12.459262390136717 -1.7793294588724764 -0.73440672556559272 2.464196916988918 6.7390738169352211 -0.9373446847835597 -1.0104037631916094 -2.3584614435831708 3.4366144943237305 1.8211954593658444 -1.024535846710205
leaf_weight=11.999999999999998 19.000000000000004 2.9999999999999982 4 20 2.9999999999999982 58 88 2.9999999999999991 19 5 3.0000000000000009 2.9999999999999982 7 6 548 79 2.9999999999999991 4.9999999999999991 4 8
leaf_count=12 19 3 4 20 3 58 88 3 19 5 3 3 7 6 548 79 3 5 4 8
internal_value=0.0460386 2.65047 10.2741 2.23082 4.13138 1.8918 1.59556 -0.84802 3.0008 13.6907 -0.871823 0.0719944 1.50462 7.67814 -0.902695 -0.646044 -0.945082 2.80135 1.40645 -1.23039
internal_weight=900 230 12 218 33 185 146 670 39 8 663 21 10 9 642 91 551 24 7 11
internal_count=900 230 12 218 33 185 146 670 39 8 663 21 10 9 642 91 551 24 7 11
is_linear=0
shrinkage=0.05


Tree=28
num_leaves=27
num_cat=0
split_feature=3 7 3 5 0 2 4 4 3 0 7 6 4 2 7 4 3 4 0 4 0 0 3 3 0 3
split_gain=723914 148048 135270 41323.4 28932.3 16543.1 12807.5 13941.7 11726.4 24171.2 17627.3 7182.8 6771.29 4723.87 4021.09 7085.07 2775.09 4101.76 2759.31 1506.52 1345.34 712.339 365.231 265.082 176.002 29.7263
threshold=0.52944424865358208 5.5000000000000009 0.73432429150944811 11.500000000000002 36854.100000000006 14026.785000000002 42262.500000000007 43672.500000000007 0.38853022919588392 33232.500000000007 1.0000000180025095e-35 51.500000000000007 36090.000000000007 18784.755000000005 4.5000000000000009 42910.000000000007 -0.14917433055692472 39497.500000000007 37511.950000000004 42555.000000000007 36894.950000000004 38913.750000000007 0.51843590761986491 0.48436494096697452 37376.80000000001 0.40315461533917557
decision_type=2 2 2 2 2 2 2 2 2 2 2 2 2 2 2 2 2 2 2 2 2 2 2 2 2 2
left_child=4 5 21 -4 8 14 12 -8 16 13 -11 -5 -7 -10 15 -2 19 -18 24 -1 -16 -3 23 -20 25 -6
right_child=1 2 3 11 18 6 7 -9 9 10 -12 -13 -14 -15 20 -17 17 -19 22 -21 -22 -23 -24 -25 -26 -27
leaf_value=-1.0791159015373897 3.2551904005162857 0.74690351486205997 13.801419830322267 9.8352083841959672 1.828500620524087 1.9569886768565459 0.47517278875623437 2.0143698600030713 -1.1329709935188295 -0.7317709922790524 2.3803509748899021 6.9110073634556359 3.5490656072443176 0.40388746261596681 2.8626209259033204 2.0320414640964608 -0.64830873520333376 -0.946945371816862 0.79807817141215032 -0.47276020483537162 3.5157002607981362 1.7214727783203125 1.0734198888142901 0.20356759345158931 1.4707482337951658 2.0510852177937822
leaf_weight=149 17 3.0000000000000018 3.9999999999999991 2.9999999999999982 3.0000000000000018 17 28 31 30 7.0000000000000027 12.999999999999998 7 11.000000000000002 5.9999999999999991 23 39 233 227 2.9999999999999982 10.999999999999998 11.999999999999998 5 3 5 3 3
leaf_count=149 17 3 4 3 3 17 28 31 30 7 13 7 11 6 23 39 233 227 3 11 12 5 3 5 3 3
internal_value=0.0218196 2.67306 6.54257 9.50631 -0.740031 2.19481 1.70183 1.2839 -0.79548 -0.102565 1.29111 7.78827 2.58245 -0.876828 2.66612 2.40335 -0.858066 -0.795679 1.13417 -1.03743 3.08653 1.35601 0.602939 0.426509 1.78344 1.93979
internal_weight=896 200 22 14 696 178 87 59 676 56 20 10 28 36 91 56 620 460 20 160 35 8 11 8 9 6
internal_count=896 200 22 14 696 178 87 59 676 56 20 10 28 36 91 56 620 460 20 160 35 8 11 8 9 6
is_linear=0
shrinkage=0.05


Tree=29
num_leaves=27
num_cat=0
split_feature=3 7 1 1 1 0 4 4 6 6 0 0 0 1 2 6 1 0 1 0 1 0 1 1 0 0
split_gain=672004 199968 102998 52307.2 43988.3 15083.1 14736.7 100311 11279.2 9769.89 8789.75 6469.87 9456.51 4986.62 4503.39 3539.44 2911.57 2594.79 4728.58 658.689 583.17 462.849 330.725 326.983 266.945 226.678
threshold=0.54879364860227586 5.5000000000000009 28888.165000000005 14274.530000000001 27113.580000000002 33232.500000000007 43672.500000000007 43067.500000000007 52.500000000000007 44.500000000000007 36920.350000000013 35819.30000000001 36854.100000000006 23182.450000000001 12642.795000000002 44.500000000000007 15555.924999999999 36100.80000000001 12458.100000000004 34771.900000000001 12546.375 31424.450000000004 12664.720000000003 20782.735000000004 39550.700000000004 32415.050000000003
decision_type=2 2 2 2 2 2 2 2 2 2 2 2 2 2 2 2 2 2 2 2 2 2 2 2 2 2
left_child=3 6 4 10 24 21 7 14 -6 -4 17 16 -13 19 -2 -15 -7 18 -1 -8 -19 -5 -12 -9 -3 -23
right_child=1 2 9 5 8 11 13 23 -10 -11 22 12 -14 15 -16 -17 -18 20 -20 -21 -22 25 -24 -25 -26 -27
leaf_value=-0.85031644120355032 3.606334849766323 1.1253295580546034 14.265912119547526 -1.6337143898010258 8.8990650177001971 2.8676278305053713 1.444369354248046 -1.9352865219116211 5.5707323346819191 10.491292953491209 1.4617873827616374 -0.32767466545104984 1.2603230206370355 3.6667833154851746 2.2661882050832114 2.6567151534848099 1.3899015617370605 -1.2624474843343101 -0.1860181484903608 2.1070352808634438 -2.1846495151519774 -0.56286830902099594 0.71935281753540026 -2.5304601669311526 1.7923440297444657 -1.1378221511840818
leaf_weight=619 6.9999999999999991 3.0000000000000062 2.9999999999999991 2.9999999999999982 3.9999999999999982 4.9999999999999991 5.0000000000000027 2.9999999999999991 7 4 2.9999999999999991 14.999999999999998 25 10.999999999999998 60 41 9.9999999999999982 2.9999999999999991 28 14.999999999999998 4 3 3 9.9999999999999982 3 4
leaf_count=619 7 3 3 3 4 5 5 3 7 4 3 15 25 11 60 41 10 3 28 15 4 3 3 10 3 4
internal_value=-0.00837739 2.76307 7.00447 -0.681169 4.90261 0.67214 2.09337 1.62631 6.78104 12.109 -0.81445 0.996911 0.664824 2.61232 2.4062 2.87038 1.88248 -0.831927 -0.821568 1.94137 -1.78942 -1.1141 1.09057 -2.39311 1.45884 -0.891413
internal_weight=901 176 24 725 17 65 152 80 11 7 660 55 40 72 67 52 15 654 647 20 7 10 6 13 6 7
internal_count=901 176 24 725 17 65 152 80 11 7 660 55 40 72 67 52 15 654 647 20 7 10 6 13 6 7
is_linear=0
shrinkage=0.05


Tree=30
num_leaves=25
num_cat=0
split_feature=1 3 7 6 4 4 0 4 1 1 0 0 3 7 4 4 1 5 1 1 0 4 1 1
split_gain=578280 150934 149953 44825.3 24207.1 94285 13322.7 11155.3 9071.05 6349.63 10124.7 19029.7 5119.87 3903.04 2487.22 8348.26 5045.15 2318.8 2245.17 1821.08 1211.48 623.206 437.346 119.126
threshold=16455.875000000004 0.73432429150944811 5.5000000000000009 50.500000000000007 43067.500000000007 43672.500000000007 36920.350000000013 44810.000000000007 30128.780000000006 13721.570000000002 33232.500000000007 35859.850000000006 0.62430760799652951 1.5000000000000002 33577.500000000007 36372.500000000007 12101.945000000002 10.500000000000002 27751.910000000003 20462.615000000002 33075.850000000006 44585.000000000007 14153.405000000002 12664.720000000003
decision_type=2 2 2 2 2 2 2 2 2 2 2 2 2 2 2 2 2 2 2 2 2 2 2 2
left_child=6 4 17 8 12 19 9 -7 -4 14 22 -12 13 -2 16 -16 -1 -3 -5 -6 -14 -19 -11 -8
right_child=1 2 3 18 5 7 23 -9 -10 10 11 -13 20 -15 15 -17 -18 21 -20 -21 -22 -23 -24 -25
leaf_value=-1.0616954706749826 1.5553020248413088 3.6370440959930388 10.07486831665039 7.1673940022786446 -1.4095491647720331 2.1990886801380221 1.3886980692545574 0.9009327323540397 13.552616882324216 -0.4794613043467198 1.8915396560322155 -2.6010077794392905 3.9111545562744094 2.3732832554408483 -0.22499621396555619 -0.81845556908729533 1.0175549825032553 2.8850648880004859 5.4372033691406241 -2.3834476629892989 2.8104798126220705 2.1914141542771284 -1.1677867960929871 1.8342795372009271
leaf_weight=106 25 4.0000000000000027 5 3 8.0000000000000018 59 2.9999999999999991 23 3 3.0000000000000027 10.999999999999998 2.9999999999999991 3.0000000000000027 35 68 461 2.9999999999999991 4.0000000000000027 5 11.999999999999998 14.999999999999998 17 9.9999999999999982 3
leaf_count=106 25 4 5 3 8 59 3 23 3 3 11 3 3 35 68 461 3 4 5 12 15 17 10 3
internal_value=-0.00341626 2.21489 4.95275 8.73252 1.59127 1.08421 -0.734036 1.83497 11.379 -0.755199 -0.0041607 0.928851 2.25433 2.03246 -0.786982 -0.74217 -1.00447 2.5337 6.08602 -1.99389 2.99393 2.32354 -1.00894 1.61149
internal_weight=892 221 41 16 180 102 671 82 8 665 27 14 78 60 638 529 109 25 8 20 18 21 13 6
internal_count=892 221 41 16 180 102 671 82 8 665 27 14 78 60 638 529 109 25 8 20 18 21 13 6
is_linear=0
shrinkage=0.05


Tree=31
num_leaves=29
num_cat=0
split_feature=3 7 1 1 0 1 8 2 5 2 8 0 7 0 0 6 3 3 7 8 0 8 2 8 0 0 6 1
split_gain=614873 196917 116775 40752.8 20275.9 18003.1 14893 10456.5 9703.79 9566.02 10950.7 6700.32 41156 6444.33 4717.88 3968.46 2741.91 18048.6 2496.39 2169.23 1423.77 1136.8 817.476 869.749 614.196 601.639 381.462 300.332
threshold=0.52944424865358208 5.5000000000000009 28888.165000000005 27113.580000000002 33839.05000000001 11260.985000000001 3.5000000000000004 20039.705000000005 12.500000000000002 13693.315000000001 3.5000000000000004 38763.900000000009 1.5000000000000002 37958.900000000009 35039.30000000001 46.500000000000007 0.35951980407090584 0.35370146452070456 1.5000000000000002 3.5000000000000004 26394.050000000007 3.5000000000000004 18188.220000000005 2.5000000000000004 32183.800000000003 38913.750000000007 49.500000000000007 10476.520000000002
decision_type=2 2 2 2 2 2 2 2 2 2 2 2 2 2 2 2 2 2 2 2 2 2 2 2 2 2 2 2
left_child=4 9 3 25 16 21 7 -7 -5 11 15 19 -13 -4 -8 -11 17 20 -12 -2 -1 26 23 -18 -24 -3 -6 -23
right_child=1 2 13 8 5 6 14 -9 -10 10 18 12 -14 -15 -16 -17 22 -19 -20 -21 -22 27 24 -25 -26 -27 -28 -29
leaf_value=-0.91960862159729018 2.3217712660967296 0.60599535306294616 9.6148452758789098 8.0230550765991229 -0.9751714600457082 1.1822778960069023 1.3758279323577878 -0.37351625230577262 4.8437290191650391 1.8228589534759523 1.8064409869057787 3.4238394498825082 -2.3588274765014647 12.307402954101562 3.8042741775512692 0.91591695279491203 -1.12553795337677 2.5958400487899782 2.72068709731102 3.1181536674499513 -0.73036047580974151 -1.1424090385437007 -1.2149501137111498 -0.55443734869360906 -1.8862420797348023 1.5426864147186277 -0.54455246329307561 -1.7236783504486082
leaf_weight=130 59 3.0000000000000062 3.9999999999999982 3.9999999999999982 9.0000000000000018 18 4 27 6 15.999999999999998 14.000000000000002 7.9999999999999982 5 5 4 49 20 3.9999999999999991 15.999999999999998 9.9999999999999982 422 5.0000000000000018 23.000000000000004 10.000000000000002 3.9999999999999991 4 11.999999999999998 4
leaf_count=130 59 3 4 4 9 18 4 27 6 16 14 8 5 5 4 49 20 4 16 10 422 5 23 10 4 4 12 4
internal_value=0.0209632 2.44221 6.50537 4.06725 -0.685235 0.0481752 0.602198 0.248801 6.11546 1.84536 1.50386 2.24101 1.19974 11.1107 2.59005 1.13916 -0.784538 -0.75068 2.29404 2.43719 -0.77493 -0.930598 -1.11481 -0.935171 -1.3144 1.14125 -0.729103 -1.40075
internal_weight=899 203 26 17 696 83 53 45 10 177 95 82 13 9 8 65 613 556 30 69 552 30 57 30 27 7 21 9
internal_count=899 203 26 17 696 83 53 45 10 177 95 82 13 9 8 65 613 556 30 69 552 30 57 30 27 7 21 9
is_linear=0
shrinkage=0.05


Tree=32
num_leaves=28
num_cat=0
split_feature=3 7 1 1 0 1 6 4 4 4 4 0 7 1 0 4 2 2 0 8 1 3 4 2 1 4 0
split_gain=503010 143802 102321 35989.3 30373.5 11426.9 8070.12 6470.4 21326.3 56024.4 6350.14 5599.26 19625.1 4271.83 4266.41 3044.11 3024.38 2379.81 2039.18 5070.96 1495.23 1021.71 903.353 517.753 487.069 171.959 38.5448
threshold=0.54879364860227586 5.5000000000000009 29191.774999999998 27113.580000000002 36854.100000000006 13123.705000000004 52.500000000000007 42262.500000000007 43672.500000000007 43067.500000000007 36090.000000000007 33232.500000000007 2.5000000000000004 13554.765000000001 34683.950000000004 44810.000000000007 7633.4050000000007 23738.100000000002 28688.300000000007 2.5000000000000004 21594.030000000002 0.60603093176174216 42555.000000000007 19017.475000000002 23003.115000000002 44395.000000000007 37376.80000000001
decision_type=2 2 2 2 2 2 2 2 2 2 2 2 2 2 2 2 2 2 2 2 2 2 2 2 2 2 2
left_child=4 7 3 24 5 18 -5 10 9 -9 21 13 -13 -7 -10 25 -4 23 22 -20 -12 -2 -1 -17 -3 -6 -27
right_child=1 2 16 6 15 11 -8 8 14 -11 20 12 -14 -15 -16 17 -18 -19 19 -21 -22 -23 -24 -25 -26 26 -28
leaf_value=-0.85353277124464511 1.4715566039085386 0.68614217440287106 12.304491933186849 7.6219022750854508 1.7778371429443354 0.83307037353515556 4.6087835693359365 1.8646159023046494 1.3038161754608155 -2.1414622227350875 2.7747184072222026 -0.4897929278287021 1.9605473408332239 -0.9937756925821305 2.3351689401220104 0.61401638984680129 10.204360961914061 1.4478937721252443 -0.031640693449204969 -0.69599848089768268 3.7820028686523437 2.2010360002517699 -0.31242106854915619 -0.082685698568820964 1.5289401054382321 1.5138009786605833 1.2942991971969602
leaf_weight=215 12.000000000000002 3.0000000000000062 2.9999999999999991 3.9999999999999982 5.0000000000000009 4.0000000000000027 5 32 11.999999999999998 11.999999999999998 14.000000000000002 22 12.999999999999998 15.999999999999998 61 4.0000000000000027 4 4.9999999999999991 31 391 4.9999999999999991 7.9999999999999991 7.9999999999999991 7.9999999999999991 4 4 4
leaf_count=215 12 3 3 4 5 4 5 32 12 12 14 22 13 16 61 4 4 5 31 391 5 8 8 8 4 4 4
internal_value=-0.00363594 2.37163 6.06246 3.85661 -0.586063 -0.652831 5.94795 1.82746 1.64155 0.772049 2.38521 0.0389735 0.420333 -0.628406 2.16563 0.971855 11.1044 0.531415 -0.711822 -0.647195 3.03979 1.76335 -0.834121 0.149548 1.16774 1.54781 1.40405
internal_weight=909 179 23 16 730 700 9 156 117 44 39 55 35 20 73 30 7 17 645 422 19 20 223 12 7 13 8
internal_count=909 179 23 16 730 700 9 156 117 44 39 55 35 20 73 30 7 17 645 422 19 20 223 12 7 13 8
is_linear=0
shrinkage=0.05


Tree=33
num_leaves=28
num_cat=0
split_feature=3 7 1 6 1 2 4 4 2 7 1 1 7 7 4 4 5 1 6 1 1 3 2 2 1 5 1
split_gain=466409 119440 89958.4 36900.4 15922.2 9007.23 12610.5 40986.1 5867.74 6057.29 14030.5 10608.1 4343.9 4923.46 2621.74 2420.18 2419.18 2369.27 2090.59 8728.19 1750.71 1724.25 716.644 753.871 364.867 43.2787 14.0203
threshold=0.52398649822763954 5.5000000000000009 27113.580000000002 50.500000000000007 12664.720000000003 12642.795000000002 43067.500000000007 43672.500000000007 17572.260000000006 5.5000000000000009 15555.924999999999 15167.530000000001 1.5000000000000002 2.5000000000000004 42262.500000000007 45077.500000000007 11.500000000000002 27751.910000000003 59.500000000000007 9293.4450000000015 29191.774999999998 0.35951980407090584 16737.870000000006 16990.185000000001 21790.535000000003 10.500000000000002 10386.605
decision_type=2 2 2 2 2 2 2 2 2 2 2 2 2 2 2 2 2 2 2 2 2 2 2 2 2 2 2
left_child=4 5 24 20 15 12 14 -8 22 11 -11 -10 -2 -14 -7 18 -17 -5 21 -20 -4 -1 25 -24 -3 -6 -18
right_child=1 2 3 17 8 6 7 -9 9 10 -12 -13 13 -15 -16 16 26 -19 19 -21 -22 -23 23 -25 -26 -27 -28
leaf_value=-0.67986793976310378 3.5594812774658204 0.53658848404884307 8.5242029825846277 6.1299840291341168 -0.88770165443420357 2.1575410408132218 -1.7473534742991133 1.6045433659302561 -0.42580384148491757 3.8079964637756349 0.24900694025887385 1.4805727148056032 0.66764173507690439 2.18183666491041 1.5319285493908508 1.2655442555745444 -0.31814205169677745 4.4090568224589024 -0.78794931281696656 1.1406254053115845 10.003524780273438 -1.0368514405356515 0.29356326262156179 -0.6771779696146647 1.2119281291961668 -1.1202921390533447 -0.44373201131820672
leaf_weight=560 4.9999999999999991 4.0000000000000018 3.0000000000000018 2.9999999999999982 4.0000000000000018 34 11.999999999999998 38 27 3.9999999999999991 8.9999999999999982 9.9999999999999982 5.9999999999999991 51 33 2.9999999999999991 4.9999999999999982 6 22.000000000000004 7.9999999999999991 6 36 2.9999999999999982 6 4 4 4
leaf_count=560 5 4 3 3 4 34 12 38 27 4 9 10 6 51 33 3 5 6 22 8 6 36 3 6 4 4 4
internal_value=0.0199556 2.11914 5.28585 7.24656 -0.590445 1.65917 1.40098 0.800088 0.142802 0.415641 1.34408 0.0894331 2.1464 2.02245 1.8494 -0.667448 0.0359162 4.9827 -0.680931 -0.273663 9.51042 -0.701431 -0.659668 -0.353598 0.874258 -1.004 -0.37396
internal_weight=910 205 26 18 705 179 117 50 67 50 13 37 62 57 67 638 12 9 626 30 9 596 17 9 8 8 9
internal_count=910 205 26 18 705 179 117 50 67 50 13 37 62 57 67 638 12 9 626 30 9 596 17 9 8 8 9
is_linear=0
shrinkage=0.05


Tree=34
num_leaves=28
num_cat=0
split_feature=3 7 1 1 1 6 4 4 2 6 2 8 3 4 6 4 3 2 6 1 8 7 5 1 2 1 2
split_gain=441525 150545 79587.1 29999.1 28081.2 6845.33 5444.44 56295.1 5266.53 4825.55 4428.12 3945.59 4962.57 3081.85 5901.95 4245.94 21753.1 3170.42 3003.35 2839.05 2370.44 2250.16 1618.8 1101.83 1059.31 351.993 250.563
threshold=0.54879364860227586 5.5000000000000009 28888.165000000005 14274.530000000001 27113.580000000002 51.500000000000007 43672.500000000007 43067.500000000007 16799.025000000005 43.500000000000007 11485.355000000001 2.5000000000000004 0.51843590761986491 42412.500000000007 41.500000000000007 39497.500000000007 0.35370146452070456 23145.235000000004 42.500000000000007 28160.755000000005 2.5000000000000004 1.5000000000000002 12.500000000000002 12729.730000000003 8313.010000000002 23362.725000000002 15095.470000000001
decision_type=2 2 2 2 2 2 2 2 2 2 2 2 2 2 2 2 2 2 2 2 2 2 2 2 2 2 2
left_child=3 6 4 13 25 -6 7 10 21 -4 -2 -10 -13 15 -15 16 -1 -16 19 -8 -20 -5 -23 -17 -11 -3 -9
right_child=1 2 9 8 5 -7 18 26 11 24 -12 12 -14 14 17 23 -18 -19 20 -21 -22 22 -24 -25 -26 -27 -28
leaf_value=-0.65077828471040156 3.4878101825714114 0.60249433517455919 11.189090983072921 1.0209776719411203 7.2746548970540363 4.4740111589431768 2.2324499130249023 -2.1184123754501347 2.5667508761088058 8.0687277475992811 1.7752672743441456 0.20790069673372355 1.3344882011413575 1.4424021720886231 -0.76982370507258635 -0.90807975937019703 3.6247219085693363 -0.31365264984576602 2.4333095232645672 4.0085400899251304 1.6442159942958665 0.1328495979309082 -0.95360035598278048 -1.5518019676208497 9.3974525451660131 1.3684280713399248 -1.5825923919677729
leaf_weight=357 3.9999999999999991 3.0000000000000062 2.9999999999999982 3.0000000000000027 2.9999999999999991 7.9999999999999991 8.9999999999999982 7.9999999999999982 2.9999999999999991 3 67 23 17 3.9999999999999991 65 132 2.9999999999999991 92 11.999999999999998 2.9999999999999991 46 5.9999999999999991 7.9999999999999991 6.9999999999999991 3 3 3
leaf_count=357 4 3 3 3 3 8 9 8 3 3 67 23 17 4 65 132 3 92 12 3 46 6 8 7 3 3 3
internal_value=0.00416116 2.23396 5.74979 -0.547095 3.73699 5.23782 1.63257 1.35609 0.523325 9.55176 1.87175 0.817867 0.6867 -0.644406 -0.454192 -0.705777 -0.615149 -0.502513 1.95645 2.67647 1.80748 -0.221692 -0.487979 -0.940497 8.73309 0.985461 -1.97228
internal_weight=898 178 26 720 17 11 152 82 60 9 71 43 40 660 161 499 360 157 70 12 58 17 14 139 6 6 11
internal_count=898 178 26 720 17 11 152 82 60 9 71 43 40 660 161 499 360 157 70 12 58 17 14 139 6 6 11
is_linear=0
shrinkage=0.05


Tree=35
num_leaves=26
num_cat=0
split_feature=3 7 1 1 1 7 4 4 1 0 5 7 0 3 0 3 0 1 7 4 0 4 5 5 0
split_gain=383720 124839 76790.2 27531.1 14883.2 9639.43 16877.4 58537.6 8230.4 7577.62 5386.83 4421.68 4375.41 3254.39 2891.12 6843.41 2837.21 2976.06 2719.54 2639.84 1034.29 1859.43 1087.21 435.179 287.81
threshold=0.52944424865358208 5.5000000000000009 28888.165000000005 27113.580000000002 13123.705000000004 4.5000000000000009 43067.500000000007 43672.500000000007 13358.750000000002 33232.500000000007 12.500000000000002 2.5000000000000004 37958.900000000009 0.64295966388273251 34831.950000000004 0.35734207133423862 32750.650000000005 12546.375 1.0000000180025095e-35 33577.500000000007 36894.950000000004 44810.000000000007 10.500000000000002 13.500000000000002 38913.750000000007
decision_type=2 2 2 2 2 2 2 2 2 2 2 2 2 2 2 2 2 2 2 2 2 2 2 2 2
left_child=4 5 3 24 14 6 13 -8 -6 23 -5 -11 -4 -2 16 18 19 -18 -16 -1 21 -7 -22 -10 -3
right_child=1 2 12 10 8 20 7 -9 9 11 -12 -13 -14 -15 15 -17 17 -19 -20 -21 22 -23 -24 -25 -26
leaf_value=-0.83117210602630731 1.6616091930702941 0.46218086083730009 8.3307337443033855 6.9109219868977894 2.455204272270203 2.3954542160034173 -1.7301553037431505 1.562305799237004 -1.0301470994949342 -0.060793758841121905 4.3160158316294348 1.0795986843459746 10.856758880615232 2.5841524470936168 -1.1012026786804199 1.7787751197814943 -0.85263839465076652 -2.2619448900222778 -0.12558056831359862 -0.53689536288761075 2.9558515003749304 1.4954654693603517 2.1250138812594943 -0.45884687304496768 1.1547722816467283
leaf_weight=92 73 3.0000000000000027 2.9999999999999991 2.9999999999999982 3.9999999999999991 12.000000000000002 18 54 9.9999999999999982 17 6 17 4 10.999999999999998 9.9999999999999982 3.9999999999999991 59 3.9999999999999991 25 444 6.9999999999999991 10.999999999999998 8.9999999999999982 4.9999999999999991 3
leaf_count=92 73 3 3 3 4 12 18 54 10 17 6 17 4 11 10 4 59 4 25 444 7 11 9 5 3
internal_value=0.0453315 1.87952 5.44995 3.43198 -0.530672 1.4767 1.30093 0.739191 0.27443 0.0964077 5.18098 0.509402 9.77418 1.78242 -0.597554 -0.180422 -0.624713 -0.942118 -0.40433 -0.587406 2.17979 1.96502 2.48851 -0.839714 0.808477
internal_weight=908 217 22 15 691 195 156 72 53 49 9 34 7 84 638 39 599 63 35 536 39 23 16 15 6
internal_count=908 217 22 15 691 195 156 72 53 49 9 34 7 84 638 39 599 63 35 536 39 23 16 15 6
is_linear=0
shrinkage=0.05


Tree=36
num_leaves=28
num_cat=0
split_feature=3 7 3 6 0 2 4 0 0 7 4 4 0 2 0 3 0 7 2 0 4 0 7 2 3 2 5
split_gain=339407 103236 59767.7 33334.5 25531.5 10103.8 19904.1 13466.3 11431.2 4929.27 13535.1 35791.4 4801.72 3309.9 3216.82 6429.67 2935.99 1807.05 854.085 729.298 811.566 390.254 192.498 173.829 125.489 85.0495 37.6063
threshold=0.54879364860227586 5.5000000000000009 0.73432429150944811 50.500000000000007 36920.350000000013 21257.370000000003 39295.000000000007 30375.700000000001 32120.100000000002 4.5000000000000009 43067.500000000007 43672.500000000007 37958.900000000009 12989.950000000003 36100.80000000001 0.32047167152894518 36570.700000000004 5.5000000000000009 23659.075000000004 37227.500000000007 44810.000000000007 38995.150000000001 1.0000000180025095e-35 11801.615000000002 0.51843590761986491 24410.580000000005 12.500000000000002
decision_type=2 2 2 2 2 2 2 2 2 2 2 2 2 2 2 2 2 2 2 2 2 2 2 2 2 2 2
left_child=4 9 21 12 5 6 7 -1 -8 10 13 -12 -4 -2 15 -7 -5 22 -16 20 -11 -3 26 -21 -19 -24 -6
right_child=1 2 3 16 17 14 8 -9 -10 19 11 -13 -14 -15 18 -17 -18 24 -20 23 -22 -23 25 -25 -26 -27 -28
leaf_value=3.6750720214843726 2.5381895383199056 0.5281134049097691 7.2801740646362267 5.6856604258219425 0.98870073954264215 -0.61479882538057584 -0.74802211273962005 0.58660952250162768 0.31195965260267261 2.2197159767150878 -1.8068132747303356 1.4520080407460532 9.6043797302246077 1.6285326043764752 -1.9655870819091801 0.19060828594061047 3.8161084311349045 0.28169701576232897 -0.98535978794097889 2.7806619644165043 1.6593600920268465 1.2825138330459591 1.5465736389160158 2.2771732330322263 0.69074233373006166 1.264201760292053 1.2228854894638059
leaf_weight=5.0000000000000027 11.999999999999998 3.0000000000000027 4.0000000000000018 2.9999999999999982 3.0000000000000027 528 67 11.999999999999998 41 12 10.999999999999998 36 5 60 4.9999999999999982 26 7 5.0000000000000018 4 2.9999999999999991 14 4 7.9999999999999982 4 3 4 4
leaf_count=5 12 3 4 3 3 528 67 12 41 12 11 36 5 60 5 26 7 5 4 3 14 4 8 4 3 4 4
internal_value=0.0436065 1.99726 4.90872 6.36381 -0.442758 -0.501947 -0.0952997 1.49498 -0.345622 1.49925 1.34931 0.689305 8.5714 1.78014 -0.592233 -0.577 4.37697 1.06547 -1.52993 2.03995 1.91799 0.959199 1.3309 2.49295 0.435089 1.45245 1.12252
internal_weight=893 178 26 19 715 688 125 17 108 152 119 47 9 72 563 554 10 27 9 33 26 7 19 7 8 12 7
internal_count=893 178 26 19 715 688 125 17 108 152 119 47 9 72 563 554 10 27 9 33 26 7 19 7 8 12 7
is_linear=0
shrinkage=0.05


Tree=37
num_leaves=25
num_cat=0
split_feature=3 7 1 1 6 0 1 3 7 4 4 0 2 6 0 2 0 0 4 6 1 1 1 3
split_gain=313849 91354.1 54051.7 22322.3 20881.5 6380.53 5502.9 5469.52 4965.15 9730.81 30670.1 4394.51 3167.75 2542.33 2227.42 2534 1798.89 791.545 1356.36 982.903 264.073 216.13 179.357 167.572
threshold=0.54879364860227586 5.5000000000000009 27113.580000000002 14274.530000000001 50.500000000000007 33232.500000000007 14909.720000000003 0.79529521133664394 4.5000000000000009 43067.500000000007 43672.500000000007 36920.350000000013 11938.830000000002 57.500000000000007 26775.700000000004 21257.370000000003 36570.700000000004 36894.950000000004 44810.000000000007 44.500000000000007 12664.720000000003 5186.2799999999997 23003.115000000002 0.47246061078665819
decision_type=2 2 2 2 2 2 2 2 2 2 2 2 2 2 2 2 2 2 2 2 2 2 2 2
left_child=3 8 22 11 7 23 -7 -4 9 12 -11 14 -2 -8 21 -16 -6 18 -10 -19 -13 -1 -3 -5
right_child=1 2 4 5 16 6 13 -9 17 10 -12 20 -14 -15 15 -17 -18 19 -20 -21 -22 -23 -24 -25
leaf_value=-0.68757729946620882 2.9047414398193361 0.49873836040496766 7.0726698557535777 -0.48679696172475828 5.4013773600260402 2.4969640493392946 0.70743788965046406 9.6874165852864564 2.1747271277687763 -1.6940742492675782 1.4180486384191013 1.1610185941060385 1.5994202115318992 -0.39628321329752603 -0.20240209375108995 -0.5261307961898215 3.8526610565185546 2.6998402459280832 1.3701454925537107 1.888548654317856 0.49760135014851881 -0.90170732644888085 1.0454813003540036 -0.92098425865173328
leaf_weight=126 4.9999999999999991 3.0000000000000027 6.0000000000000018 3.9999999999999982 3 3.9999999999999991 40 3 11 9.9999999999999982 38 2.9999999999999991 66 5.9999999999999991 70 443 5 6.9999999999999991 10 7.9999999999999991 3 12.999999999999998 3 5
leaf_count=126 5 3 6 4 3 4 40 3 11 10 38 3 66 6 70 443 5 7 10 8 3 13 3 5
internal_value=0.0323911 1.91157 4.8521 -0.434128 6.2921 0.497552 0.718153 7.94425 1.47523 1.31958 0.76969 -0.517667 1.69134 0.563474 -0.530063 -0.481957 4.43343 1.98974 1.79159 2.26715 0.82931 -0.707604 0.77211 -0.728012
internal_weight=895 178 23 717 17 59 50 9 155 119 48 658 71 46 652 513 8 36 21 15 6 139 6 9
internal_count=895 178 23 717 17 59 50 9 155 119 48 658 71 46 652 513 8 36 21 15 6 139 6 9
is_linear=0
shrinkage=0.05


Tree=38
num_leaves=27
num_cat=0
split_feature=3 7 1 1 0 2 4 4 0 0 2 0 5 7 0 4 2 6 0 0 6 0 1 0 6 5
split_gain=300721 95614.3 57358.2 16127.1 8627.76 6425.92 8934.92 26292.5 4435.17 9216.52 18085.2 3803.97 3451.2 3013.63 14916.3 2584.41 2085.24 2034.39 1141.19 1028.34 348.733 343.74 333.407 238.326 75.5014 25.5999
threshold=0.52944424865358208 5.5000000000000009 28888.165000000005 27113.580000000002 36920.350000000013 12642.795000000002 43067.500000000007 43672.500000000007 35859.850000000006 34882.05000000001 24132.920000000002 37958.900000000009 12.500000000000002 1.5000000000000002 38995.150000000001 42262.500000000007 23659.075000000004 58.500000000000007 37511.950000000004 39550.700000000004 51.500000000000007 38913.750000000007 15167.530000000001 37121.000000000007 46.500000000000007 12.500000000000002
decision_type=2 2 2 2 2 2 2 2 2 2 2 2 2 2 2 2 2 2 2 2 2 2 2 2 2 2
left_child=4 5 3 21 8 13 15 -8 9 17 -11 -4 -5 19 -15 -7 -10 -1 22 -2 24 -3 23 -6 -20 -18
right_child=1 2 11 12 18 6 7 -9 16 10 -12 -13 -14 14 -16 -17 25 -19 20 -21 -22 -23 -24 -25 -26 -27
leaf_value=-0.55615325442657382 2.1049411137898764 0.38154043356577466 6.6495463371276875 5.4577938079833999 0.47272125879923466 1.7432519024068658 -1.482661501566569 1.2737770926567817 -2.2196652793884275 1.6075488456090292 -0.77442066809710342 8.7182321929931632 3.4308338778359548 1.7651173696183322 -1.85213197072347 1.1221093430238611 -0.84874764442443829 -0.26142297515502344 0.60424245595932025 3.4140983581542965 -0.23336382508277886 1.1384416580200192 1.4334129333496091 1.1029676596323645 0.249509310722351 -1.0334993044535317
leaf_weight=590 2.9999999999999991 3.0000000000000062 3.9999999999999982 2.9999999999999982 3.0000000000000018 33 11.999999999999998 31 4.9999999999999991 14.999999999999998 17 5 7 57 2.9999999999999991 34 5 65 2.9999999999999982 3 3 3 3 3 3 3
leaf_count=590 3 3 4 3 3 33 12 31 5 15 17 5 7 57 3 34 5 65 3 3 3 3 3 3 3 3
internal_value=0.00260738 1.71207 4.60554 2.80932 -0.475946 1.30106 1.06704 0.504538 -0.503739 -0.486426 0.342128 7.79882 4.03892 1.6911 1.58425 1.42805 -1.41866 -0.526905 0.604915 2.75952 0.206796 0.759991 1.00303 0.787844 0.426876 -0.91803
internal_weight=919 201 25 16 718 176 110 43 700 687 32 9 10 66 60 67 13 655 18 6 9 6 9 6 6 8
internal_count=919 201 25 16 718 176 110 43 700 687 32 9 10 66 60 67 13 655 18 6 9 6 9 6 6 8
is_linear=0
shrinkage=0.05


end of trees

feature_importances:
total_load=224
thermal_on_capacity=183
net_load=155
thermal_space_load_ratio=105
renewable_power=88
weekday=78
period=71
hour=33
month=19

parameters:
[boosting: gbdt]
[objective: regression]
[metric: rmse]
[tree_learner: serial]
[device_type: cpu]
[data_sample_strategy: bagging]
[data: ]
[valid: ]
[num_iterations: 400]
[learning_rate: 0.05]
[num_leaves: 31]
[num_threads: 0]
[seed: 42]
[deterministic: 0]
[force_col_wise: 0]
[force_row_wise: 0]
[histogram_pool_size: -1]
[max_depth: 5]
[min_data_in_leaf: 3]
[min_sum_hessian_in_leaf: 0.001]
[bagging_fraction: 0.85]
[pos_bagging_fraction: 1]
[neg_bagging_fraction: 1]
[bagging_freq: 1]
[bagging_seed: 400]
[bagging_by_query: 0]
[feature_fraction: 0.85]
[feature_fraction_bynode: 1]
[feature_fraction_seed: 30056]
[extra_trees: 0]
[extra_seed: 12879]
[early_stopping_round: 0]
[early_stopping_min_delta: 0]
[first_metric_only: 0]
[max_delta_step: 0]
[lambda_l1: 0]
[lambda_l2: 0]
[linear_lambda: 0]
[min_gain_to_split: 0]
[drop_rate: 0.1]
[max_drop: 50]
[skip_drop: 0.5]
[xgboost_dart_mode: 0]
[uniform_drop: 0]
[drop_seed: 17869]
[top_rate: 0.2]
[other_rate: 0.1]
[min_data_per_group: 100]
[max_cat_threshold: 32]
[cat_l2: 10]
[cat_smooth: 10]
[max_cat_to_onehot: 4]
[top_k: 20]
[monotone_constraints: ]
[monotone_constraints_method: basic]
[monotone_penalty: 0]
[feature_contri: ]
[forcedsplits_filename: ]
[refit_decay_rate: 0.9]
[cegb_tradeoff: 1]
[cegb_penalty_split: 0]
[cegb_penalty_feature_lazy: ]
[cegb_penalty_feature_coupled: ]
[path_smooth: 0]
[interaction_constraints: ]
[verbosity: -1]
[saved_feature_importance_type: 0]
[use_quantized_grad: 0]
[num_grad_quant_bins: 4]
[quant_train_renew_leaf: 0]
[stochastic_rounding: 1]
[linear_tree: 0]
[max_bin: 255]
[max_bin_by_feature: ]
[min_data_in_bin: 3]
[bin_construct_sample_cnt: 200000]
[data_random_seed: 175]
[is_enable_sparse: 1]
[enable_bundle: 1]
[use_missing: 1]
[zero_as_missing: 0]
[feature_pre_filter: 1]
[pre_partition: 0]
[two_round: 0]
[header: 0]
[label_column: ]
[weight_column: ]
[group_column: ]
[ignore_column: ]
[categorical_feature: ]
[forcedbins_filename: ]
[precise_float_parser: 0]
[parser_config_file: ]
[objective_seed: 16083]
[num_class: 1]
[is_unbalance: 0]
[scale_pos_weight: 1]
[sigmoid: 1]
[boost_from_average: 1]
[reg_sqrt: 0]
[alpha: 0.9]
[fair_c: 1]
[poisson_max_delta_step: 0.7]
[tweedie_variance_power: 1.5]
[lambdarank_truncation_level: 30]
[lambdarank_norm: 1]
[label_gain: ]
[lambdarank_position_bias_regularization: 0]
[eval_at: ]
[multi_error_top_k: 1]
[auc_mu_weights: ]
[num_machines: 1]
[local_listen_port: 12400]
[time_out: 120]
[machine_list_filename: ]
[machines: ]
[gpu_platform_id: -1]
[gpu_device_id: -1]
[gpu_use_dp: 0]
[num_gpu: 1]

end of parameters

pandas_categorical:[]
