tree
version=v4
num_class=1
num_tree_per_iteration=1
label_index=0
max_feature_idx=10
objective=regression
feature_names=total_load net_load renewable_power thermal_space_load_ratio thermal_on_capacity hour period weekday month is_weekend is_holiday
feature_infos=[26780.099999999999:38057.699999999997] [9620.2999999999993:35657.659999999996] [1615.1700000000001:19128.880000000001] [0.33550603334030826:0.95508263646906033] [27170:45275] [0:5] [1:24] [0:6] [2:4] [0:1] none
tree_sizes=1873 2236 2291 2263 2734 2546 2904 2909 2457 2253 2837

Tree=0
num_leaves=21
num_cat=0
split_feature=0 2 4 4 4 2 8 4 4 7 0 4 4 1 1 0 2 1 1 0
split_gain=8.90274e+06 5.72214e+06 3.64362e+06 3.84065e+06 2.62632e+06 1.37451e+06 795952 736725 649058 596229 255335 133575 109483 28575.8 78172.9 13220.8 10509.4 1533.01 1363.5 1.86265e-09
threshold=29494.800000000007 2937.4350000000004 44395.000000000007 44810.000000000007 44735.000000000007 7937.1550000000016 2.5000000000000004 35390.000000000007 42910.000000000007 1.5000000000000002 31040.650000000005 37010.000000000007 39715.000000000007 22411.365000000002 25395.530000000006 35400.750000000007 5562.8050000000012 33625.160000000011 31208.100000000002 28346.450000000001
decision_type=2 2 2 2 2 2 2 2 2 2 2 2 2 2 2 2 2 2 2 2
left_child=13 2 12 4 -4 7 8 9 -7 -3 -9 -8 18 19 16 -14 -15 -5 -2 -1
right_child=1 5 3 17 -6 6 11 10 -10 -11 -12 -13 15 14 -16 -17 -18 -19 -20 -21
leaf_value=260.58241624364297 280.28352692807312 286.8854591613092 289.92408197782811 276.14150677126418 315.95146233681169 263.74446160108704 274.77743759081329 267.56877963725316 272.38241587991604 277.92252002486629 275.31884579547523 272.62887996486938 275.81041586217327 268.91574919550658 260.58241624364297 277.61770997982029 265.17241548070353 277.05116586217326 281.18241548070353 260.58241624364297
leaf_weight=51 27 23 18 11.000000000000002 21 44 115 10.999999999999998 43 96 314 195 25 3.0000000000000018 17 17 5 7.9999999999999991 4.9999999999999991 36
leaf_count=51 27 23 18 11 21 44 115 11 43 96 314 195 25 3 17 17 5 8 5 36
internal_value=274.36 275.897 285.575 294.958 303.939 274.378 272.24 276.289 268.014 279.655 275.057 273.426 278.221 261.011 262.5 276.542 266.576 276.525 280.424 260.582
internal_weight=1085 973 132 58 39 841 397 444 87 119 325 310 74 112 25 42 8 19 32 87
internal_count=1085 973 132 58 39 841 397 444 87 119 325 310 74 112 25 42 8 19 32 87
is_linear=0
shrinkage=1


Tree=1
num_leaves=24
num_cat=0
split_feature=0 3 7 1 2 2 6 8 8 8 7 7 0 0 2 1 1 0 2 6 1 0 0
split_gain=8.10455e+06 5.81627e+06 1.84842e+06 5.81469e+06 1.21717e+06 1.036e+06 758558 525548 457092 430085 968571 221180 142195 111273 106178 58476.4 71253.9 32666.7 16251.7 6190.51 1069.93 47.3336 11.8325
threshold=29704.900000000005 0.91777197600586891 5.5000000000000009 33402.275000000001 6124.5850000000009 2679.6150000000002 6.5000000000000009 3.5000000000000004 3.5000000000000004 2.5000000000000004 5.5000000000000009 1.5000000000000002 31782.600000000002 34699.850000000006 12048.590000000002 22204.535000000003 25454.475000000002 34893.100000000006 5832.8950000000013 23.500000000000004 33625.160000000011 29494.800000000007 28829.300000000003
decision_type=2 2 2 2 2 2 2 2 2 2 2 2 2 2 2 2 2 2 2 2 2 2 2
left_child=8 4 5 17 7 13 -7 12 15 10 -6 -9 -2 -3 -11 19 18 -4 -17 21 -5 -1 -18
right_child=1 2 3 20 9 6 -8 11 -10 14 -12 -13 -14 -15 -16 16 22 -19 -20 -21 -22 -23 -24
leaf_value=-13.029121398925781 -6.4617724100748708 6.536478661327827 38.655759480794266 1.8429246902465815 -1.6747502024146332 35.483796386718751 11.194092051188152 9.2719165427344183 3.003873977661133 -0.069369898089918045 -13.212164970066238 4.1249267299000811 1.3560968975958072 2.3550520970271185 -1.9080112252976293 -5.9345232282366052 -13.029121398925785 43.322426147460938 -9.6668206787109359 -11.029121208190919 2.5641083399454754 -13.187223815917969 -13.145560709635413
leaf_weight=89 5.9999999999999991 41 15.000000000000002 12.000000000000002 87 4.9999999999999991 8.9999999999999982 28 4.9999999999999991 295 23 82 190 26 107 7.0000000000000018 7.9999999999999982 4.9999999999999991 5 3.9999999999999991 8.9999999999999982 4.9999999999999991 3
leaf_count=89 6 41 15 12 87 5 9 28 5 295 23 82 190 26 107 7 8 5 5 4 9 5 3
internal_value=0.0970019 1.69316 11.8773 20.5278 0.174256 7.49868 19.869 2.6691 -11.8109 -1.31681 -4.08712 5.43507 1.11677 4.91384 -0.55876 -12.4231 -10.1541 39.8224 -7.48965 -12.9556 2.152 -13.0375 -13.0609
internal_weight=1066 940 122 41 818 81 14 306 126 512 110 110 196 67 402 121 23 20 12 98 21 94 11
internal_count=1066 940 122 41 818 81 14 306 126 512 110 110 196 67 402 121 23 20 12 98 21 94 11
is_linear=0
shrinkage=0.05


Tree=2
num_leaves=25
num_cat=0
split_feature=0 3 4 4 4 2 4 7 2 4 0 4 1 1 0 0 1 0 1 3 0 6 0 0
split_gain=7.05907e+06 5.44174e+06 2.7212e+06 3.59005e+06 1.99249e+06 1.15071e+06 552636 617282 427635 271283 208184 61771.8 26566 33920.9 39254.5 9852.22 6830.32 6043.98 1909.82 287.557 265.361 11.5325 9.44936 0.0131474
threshold=29494.800000000007 0.91777197600586891 44395.000000000007 44810.000000000007 44735.000000000007 6124.5850000000009 36662.500000000007 1.5000000000000002 16974.220000000005 37010.000000000007 30334.450000000001 39715.000000000007 21154.065000000002 25395.530000000006 28346.450000000001 35400.750000000007 22204.535000000003 28829.300000000003 33625.160000000011 0.93286904595061115 29733.850000000002 23.500000000000004 28278.700000000004 28675.200000000004
decision_type=2 2 2 2 2 2 2 2 2 2 2 2 2 2 2 2 2 2 2 2 2 2 2 2
left_child=12 5 11 4 -4 6 7 -2 9 -7 -8 19 21 14 16 -13 -14 -16 -5 -3 -10 -1 -15 -24
right_child=1 2 3 18 -6 8 10 -9 20 -11 -12 15 13 22 17 -17 -18 -19 -20 -21 -22 -23 23 -25
leaf_value=-12.377664947509766 14.178601792279412 5.2701052188873279 15.555715741609275 1.5395079309290101 37.6597900390625 0.5131904649405391 -7.4613748822893413 3.7712432839653709 -12.527550125122069 -1.9678384384688208 1.3080471061608372 1.2612698048353193 -12.377581532796219 -12.466347312927248 -7.6545027923583975 3.0775115762438094 -9.4556129455566378 -4.8157278696695949 2.4942363643646241 5.6021965373646134 -13.103485107421873 -12.477664947509766 -12.377664947509768 -12.373783620198566
leaf_weight=74 17 16.000000000000004 19 11.000000000000002 22 163 6.9999999999999991 88 4 340 204 16.000000000000004 6.0000000000000018 3.9999999999999991 5 13.999999999999998 3 3 9.9999999999999982 10.999999999999998 4 2.9999999999999991 7.9999999999999982 3
leaf_count=74 17 16 19 11 22 163 7 88 4 340 204 16 6 4 5 14 3 3 10 11 4 3 8 3
internal_value=0.170617 1.55892 11.556 18.8057 27.4164 0.120409 2.49214 5.45624 -1.34626 -1.16385 1.01712 3.67037 -11.8784 -10.6675 -9.13835 2.10885 -11.4036 -6.58996 1.99414 5.4054 -12.8155 -12.3816 -12.4005 -12.3766
internal_weight=1055 946 119 62 41 827 316 105 511 503 211 57 109 32 17 30 9 8 21 27 8 77 15 11
internal_count=1055 946 119 62 41 827 316 105 511 503 211 57 109 32 17 30 9 8 21 27 8 77 15 11
is_linear=0
shrinkage=0.05


Tree=3
num_leaves=24
num_cat=0
split_feature=0 3 4 4 4 3 4 7 2 4 0 4 1 1 2 0 1 2 0 0 6 3 1
split_gain=7.18678e+06 4.64561e+06 2.40143e+06 3.23999e+06 1.7042e+06 1.10988e+06 700145 748995 397395 259487 143208 63302.4 17441.5 48891.3 9406.23 8606.82 1756.1 317.039 266.038 13.6711 10.4767 0.0208295 2.42144e-08
threshold=29494.800000000007 0.91777197600586891 44395.000000000007 44810.000000000007 44735.000000000007 0.75311446027765172 35390.000000000007 1.5000000000000002 16974.220000000005 37010.000000000007 31040.650000000005 39715.000000000007 22204.535000000003 25395.530000000006 5832.8950000000013 35205.900000000009 33521.580000000009 2625.3900000000003 29733.850000000002 28208.000000000004 23.500000000000004 0.89136528865117781 22002.940000000006
decision_type=2 2 2 2 2 2 2 2 2 2 2 2 2 2 2 2 2 2 2 2 2 2 2
left_child=12 5 11 4 -4 8 7 -7 9 -2 -8 17 20 14 -14 -13 -5 -3 -10 -15 22 -21 -1
right_child=1 2 3 16 -6 6 10 -9 18 -11 -12 15 13 19 -16 -17 -18 -19 -20 21 -22 -23 -24
leaf_value=-11.758781433105469 0.32271378380246463 5.2199454234196585 15.849246613875678 1.4634717464447018 35.80581573486328 13.815106055850075 -5.1508458882570274 3.3392805235726493 -11.901235198974611 -2.4344863357255235 0.92288761533185348 1.0995092328389486 -5.4937221527099576 -11.872590637207018 -8.7467212677001935 2.6839088392257691 2.3380951708013362 4.6770973205566406 -12.448311614990232 -11.753153228759766 -11.853781127929688 -11.757319513956707 -11.758786010742188
leaf_weight=86 128 26.000000000000004 23 12.000000000000002 20 21 9.9999999999999982 91 4.9999999999999982 256 329 14.999999999999998 4.0000000000000018 3.0000000000000027 5 20 10.999999999999998 2.9999999999999991 4 3.9999999999999991 2.9999999999999991 11.999999999999998 2.9999999999999991
leaf_count=86 128 26 23 12 20 21 10 91 5 256 329 15 4 3 5 20 11 3 4 4 3 12 3
internal_value=0.116292 1.53875 10.3373 17.0292 25.1314 0.183522 1.87608 5.3035 -1.75883 -1.51542 0.743721 3.43626 -11.4293 -10.3367 -7.30094 2.00488 1.88177 5.16379 -12.1444 -11.7746 -11.7619 -11.7563 -11.7588
internal_weight=1094 974 130 66 43 844 451 112 393 384 339 64 120 28 9 35 23 29 9 19 92 16 89
internal_count=1094 974 130 66 43 844 451 112 393 384 339 64 120 28 9 35 23 29 9 19 92 16 89
is_linear=0
shrinkage=0.05


Tree=4
num_leaves=30
num_cat=0
split_feature=0 3 2 8 7 0 3 6 8 7 7 2 0 8 1 3 1 3 1 1 0 1 1 1 0 6 1 6 1
split_gain=6.4228e+06 4.03769e+06 1.42814e+06 1.42153e+06 1.32819e+06 3.42306e+06 771137 754220 464994 331873 284855 300832 266042 168068 206566 65274 57393.9 55231.4 48023.1 45344.8 8930.1 7662.4 5488.26 3787.21 1571.84 529.025 509.859 453.47 320.643
threshold=30541.400000000005 0.91777197600586891 2679.6150000000002 3.5000000000000004 5.5000000000000009 35318.900000000009 0.83690549215539278 9.5000000000000018 3.5000000000000004 1.5000000000000002 1.5000000000000002 7660.5800000000008 35059.150000000001 3.5000000000000004 23038.41 0.93838607079151393 25395.530000000006 0.57117893121604724 18630.140000000003 27413.775000000005 29733.850000000002 19514.005000000001 24774.485000000004 16867.830000000005 30023.200000000004 15.500000000000002 18118.295000000002 19.500000000000004 19230.510000000006
decision_type=2 2 2 2 2 2 2 2 2 2 2 2 2 2 2 2 2 2 2 2 2 2 2 2 2 2 2 2 2
left_child=3 6 4 10 15 -6 13 12 19 -10 11 16 -4 14 -2 -3 -1 -15 23 -8 21 -12 28 27 -13 -24 -22 -5 -20
right_child=1 2 7 18 5 -7 8 -9 9 -11 20 24 -14 17 -16 -17 -18 -19 22 -21 26 -23 25 -25 -26 -27 -28 -29 -30
leaf_value=-7.4379915036653221 -2.8440805202222053 5.1647505601247161 16.679005304972311 -2.2977664947509768 33.113025856018069 1.7242197601418745 -4.8905718068281807 4.9100911140441896 10.82515638600225 3.8367689074002786 -11.182000273017474 -1.3872154822716347 33.655823974609376 -1.1039146156872019 -0.28983590072765947 1.8510880097098974 -11.377942487928603 1.17087496898828 0.55137282780238539 1.3102545110280055 -11.82589569091796 -8.6146453857421879 2.4568711996078498 -0.69776654243469238 -0.11751317183176678 1.8357856750488279 -12.408910217285158 -3.0185998280843092 1.0299442563738139
leaf_weight=19 131 42 3.0000000000000027 7.9999999999999982 15.999999999999998 19 2.9999999999999991 3.9999999999999991 23 65 93 12.999999999999998 9.9999999999999982 34 200 23 18 124 7.0000000000000018 171 5.0000000000000027 2.9999999999999991 7.9999999999999982 3.9999999999999991 2.9999999999999991 6 14.999999999999998 3 7
leaf_count=19 131 42 3 8 16 19 3 4 23 65 93 13 10 34 200 23 18 124 7 171 5 3 8 4 3 6 15 3 7
internal_value=-0.0471033 1.85848 10.4983 -7.84922 8.22063 16.0734 0.512469 23.8962 2.70134 5.66328 -9.91446 -6.87757 29.7381 -0.660299 -1.30073 3.99222 -9.35472 0.681363 0.267672 1.20334 -11.302 -11.1018 1.49068 -2.01527 -1.14915 2.19069 -12.2632 -2.49436 0.790659
internal_weight=1080 868 117 212 100 35 751 17 262 88 169 53 13 489 331 65 37 158 43 174 116 96 28 15 16 14 20 11 14
internal_count=1080 868 117 212 100 35 751 17 262 88 169 53 13 489 331 65 37 158 43 174 116 96 28 15 16 14 20 11 14
is_linear=0
shrinkage=0.05


Tree=5
num_leaves=28
num_cat=0
split_feature=0 3 4 4 4 2 4 7 2 4 0 4 2 2 0 0 2 0 3 0 0 2 6 0 2 0 0
split_gain=5.96437e+06 3.89898e+06 2.18095e+06 2.5024e+06 1.50208e+06 884014 510248 529625 431975 205444 196870 54813.2 15492.9 22395.1 29906.1 8265.16 4799.91 1190.85 661.186 417.498 259.246 18.2332 9.44469 4.56648 8.3889 0.0258665 4.65661e-10
threshold=29494.800000000007 0.91777197600586891 44395.000000000007 44810.000000000007 44735.000000000007 6124.5850000000009 36662.500000000007 1.5000000000000002 16974.220000000005 37010.000000000007 31782.600000000002 39715.000000000007 7470.4950000000008 5301.7100000000009 28346.450000000001 35400.750000000007 6124.5850000000009 35869.700000000004 0.92020563918530374 28159.650000000005 29733.850000000002 8373.595000000003 23.500000000000004 28278.700000000004 2583.9550000000004 28829.300000000003 28829.300000000003
decision_type=2 2 2 2 2 2 2 2 2 2 2 2 2 2 2 2 2 2 2 2 2 2 2 2 2 2 2
left_child=12 5 11 4 -4 6 7 -2 9 -7 -8 18 13 23 19 -13 -16 -5 -3 -15 -10 -14 26 24 -1 -25 -23
right_child=1 2 3 17 -6 8 10 -9 20 -11 -12 15 21 14 16 -17 -18 -19 -20 -21 -22 22 -24 25 -26 -27 -28
leaf_value=-10.595663197835275 12.109283392769951 4.0074622154235806 13.671072987147742 1.2117545180850555 32.582363164992557 0.46807030144859763 -6.4944328308105472 3.252273699294689 -10.74711494445801 -1.6545826571256008 1.0667755116115918 0.87350716292858133 -10.740110015869142 -10.798947143554688 -5.0742259216308607 2.4353557242287529 -7.397993946075438 1.9872793197631837 4.6962742982087313 -10.018657938639322 -11.234600830078124 -10.611742401123047 -10.701992797851563 -10.602042961120608 -10.713906606038408 -10.596598815917966 -10.611742401123047
leaf_weight=3.0000000000000027 21 4.0000000000000027 21 9.0000000000000018 21 170 8.9999999999999982 86 5.9999999999999982 346 198 15.999999999999998 2.9999999999999991 3.9999999999999991 4.9999999999999982 18 4 10.999999999999998 27 3 5 67 2.9999999999999991 7.9999999999999982 3 3 19
leaf_count=3 21 4 21 9 21 170 9 86 6 346 198 16 3 4 5 18 4 11 27 3 5 67 3 8 3 3 19
internal_value=-0.00710272 1.32017 9.48606 16.195 23.1267 0.0870307 2.18714 4.99057 -1.16427 -0.955259 0.738027 3.0868 -10.2855 -9.35605 -8.01343 1.70037 -6.10701 1.63829 4.6074 -10.4645 -10.9687 -10.6189 -10.6148 -10.6197 -10.6548 -10.6006 -10.6117
internal_weight=1093 968 127 62 42 841 314 107 527 516 207 65 125 33 16 34 9 20 31 7 11 92 89 17 6 11 86
internal_count=1093 968 127 62 42 841 314 107 527 516 207 65 125 33 16 34 9 20 31 7 11 92 89 17 6 11 86
is_linear=0
shrinkage=0.05


Tree=6
num_leaves=31
num_cat=0
split_feature=0 3 4 4 4 4 4 4 6 2 7 2 4 1 3 1 0 2 0 1 0 1 2 2 6 1 1 0 1 1
split_gain=5.19296e+06 2.94982e+06 1.73637e+06 2.47587e+06 1.14875e+06 1.03221e+06 646429 643126 707155 265730 232408 273128 81266.2 75659 74029.5 47358.6 42833 40053.8 13774.8 6678.56 6213.44 5139.24 2050.52 1437.19 1093.33 1093.03 1066.81 591.925 471.204 212.957
threshold=30541.400000000005 0.91777197600586891 44395.000000000007 44810.000000000007 37740.000000000007 44735.000000000007 33577.500000000007 33235.000000000007 9.5000000000000018 8966.1100000000024 1.5000000000000002 7660.5800000000008 37010.000000000007 20846.450000000004 0.83690549215539278 17833.590000000007 33995.750000000007 4599.8550000000005 29946.800000000007 19991.420000000002 35536.30000000001 24898.535000000003 14820.090000000002 8106.3400000000011 15.500000000000002 33625.160000000011 18118.295000000002 33456.700000000004 18953.430000000004 15086.090000000002
decision_type=2 2 2 2 2 2 2 2 2 2 2 2 2 2 2 2 2 2 2 2 2 2 2 2 2 2 2 2 2 2
left_child=4 6 16 5 15 -4 7 13 -9 14 11 17 -11 -2 -8 22 27 -6 19 -12 -18 28 -1 -13 -23 -5 -20 -3 -17 -24
right_child=1 2 3 25 10 -7 9 8 -10 12 18 23 -14 -15 -16 21 20 -19 26 -21 -22 24 29 -25 -26 -27 -28 -29 -30 -31
leaf_value=-0.99711507161458346 -0.25994077257134696 4.3367426265369762 14.168845126503394 1.2705062729971748 -10.299181406121505 30.442829055786135 0.065781506181371449 23.785723328590382 4.8918777025662941 0.75090815344372319 -10.100303742125796 -0.028908363978067998 -1.8092976473622924 3.2094485785744404 1.4400116552351689 0.18652375936508164 1.1296841204166412 -6.9037962138652809 -10.672870635986316 -7.7026091257731126 2.533811041025015 2.3659205436706547 -2.5802168528238933 -1.2348508664539883 1.4730493704477945 2.0031418442726134 -11.705735626220704 5.0854317982991546 0.82023833014748326 -2.0937816619873049
leaf_weight=2.9999999999999991 22 22.000000000000004 19 14.000000000000002 19 20 196 8.0000000000000018 12.999999999999998 37 91 3.0000000000000027 191 55 196 4.0000000000000027 20 15.999999999999998 3.0000000000000027 2.9999999999999991 12.999999999999998 7.9999999999999982 8.9999999999999982 13.999999999999998 6 7.9999999999999991 14.999999999999998 2.9999999999999991 10.999999999999998 2.9999999999999991
leaf_count=3 22 22 19 14 19 20 196 8 13 37 91 3 191 55 196 4 20 16 3 3 13 8 9 14 6 8 15 3 11 3
internal_value=0.0112717 1.76834 9.05945 14.9488 -7.05923 22.5145 0.559923 4.33348 12.0895 -0.0365432 -8.9839 -6.22154 -1.39383 2.21819 0.752897 0.114539 2.86548 -8.74701 -10.2664 -10.0238 1.68283 1.29429 -2.16631 -1.02204 1.98326 1.53692 -11.5336 4.42659 0.651248 -2.45861
internal_weight=1045 837 119 61 208 39 718 98 21 620 164 52 228 77 392 44 58 35 112 94 33 29 15 17 14 22 18 25 15 12
internal_count=1045 837 119 61 208 39 718 98 21 620 164 52 228 77 392 44 58 35 112 94 33 29 15 17 14 22 18 25 15 12
is_linear=0
shrinkage=0.05


Tree=7
num_leaves=31
num_cat=0
split_feature=0 3 8 7 1 3 2 0 8 7 0 7 8 0 0 1 3 1 0 1 1 0 1 1 1 1 5 3 1 0
split_gain=4.45853e+06 2.60183e+06 1.09588e+06 864026 3.22561e+06 626381 575636 668627 320563 257144 230237 194767 133837 206884 43547.6 39254.4 38581.6 32008.4 29709 25385.5 12356.7 11518 5483.79 3315.31 1284.91 960.279 956.706 688.547 335.442 205.057
threshold=30541.400000000005 0.91777197600586891 3.5000000000000004 5.5000000000000009 33198.535000000011 0.83690549215539278 2679.6150000000002 35536.30000000001 3.5000000000000004 1.5000000000000002 29704.900000000005 1.5000000000000002 3.5000000000000004 31315.800000000007 33995.750000000007 17833.590000000007 0.56176241910168356 27444.259999999998 34893.100000000006 25395.530000000006 25220.255000000001 29946.800000000007 24774.485000000004 16867.830000000005 33625.160000000011 18118.295000000002 3.5000000000000004 0.62989622531442124 15086.090000000002 29704.900000000005
decision_type=2 2 2 2 2 2 2 2 2 2 2 2 2 2 2 2 2 2 2 2 2 2 2 2 2 2 2 2 2 2
left_child=2 5 9 6 18 12 14 -8 17 10 19 -10 13 -2 -3 23 -14 -7 -5 -1 -12 29 27 28 -6 -23 -24 -17 -4 -11
right_child=1 3 15 4 24 8 7 -9 11 21 20 -13 16 -15 -16 22 -18 -19 -20 -21 -22 25 26 -25 -26 -27 -28 -29 -30 -31
leaf_value=-6.90754713482327 -8.2852109956741327 4.5554113388061523 -2.4512060801188156 28.164447021484371 1.2069809436798093 -3.3397826910018922 6.671040586233139 29.064570312500003 8.4076070638803326 -9.5927740964022554 -1.0417902840508353 3.3397109917231966 -1.1370174266673903 -0.98021056604763823 2.0056865865534004 0.074258674383163401 0.94286730315652678 1.1881631811583266 32.654401855468755 -9.6447465419769287 -4.5078304926554358 -10.139227294921865 2.2502784252166754 -0.63642597198486328 1.9727268218994141 -11.114048194885255 1.4150548140207926 0.76468327228839583 -1.8407037417093914 -10.013138834635418
leaf_weight=18 9.9999999999999982 34 8.9999999999999982 14.000000000000002 14.000000000000002 3.9999999999999991 9.9999999999999982 4.9999999999999991 26 88 18.000000000000004 70 27 315 33 5.0000000000000027 128 161 4.9999999999999991 15.999999999999998 2.9999999999999991 3.0000000000000027 7.9999999999999982 3.9999999999999991 8.9999999999999982 15.999999999999998 6 12.999999999999998 2.9999999999999991 2.9999999999999991
leaf_count=18 10 34 9 14 14 4 10 5 26 88 18 70 27 315 33 5 128 161 5 16 3 3 8 4 9 16 6 13 3 3
internal_value=-0.0303193 1.56533 -6.51032 8.2688 14.1006 0.443565 5.28177 14.1356 2.41499 -8.44469 -5.65323 4.71227 -0.628398 -1.20498 3.29958 0.139085 0.580565 1.07839 29.346 -8.19564 -1.53694 -9.84042 1.15015 -1.88304 1.50662 -10.9601 1.89233 0.572899 -2.29858 -9.60663
internal_weight=1078 865 213 124 42 741 82 15 261 165 55 96 480 325 67 48 155 165 19 34 21 110 32 16 23 19 14 18 12 91
internal_count=1078 865 213 124 42 741 82 15 261 165 55 96 480 325 67 48 155 165 19 34 21 110 32 16 23 19 14 18 12 91
is_linear=0
shrinkage=0.05


Tree=8
num_leaves=27
num_cat=0
split_feature=0 3 4 4 4 3 8 7 4 4 0 2 4 1 1 1 0 0 1 1 1 3 1 0 5 1
split_gain=4.30163e+06 2.61932e+06 1.515e+06 1.67622e+06 1.00531e+06 725383 422382 415371 410767 368445 118660 55260.1 43205.1 16221.4 33401 14552.9 4622.97 3170.79 1699.45 1052.56 4589.6 773.772 45.8649 11.449 1.58253 0.0205259
threshold=29494.800000000007 0.91777197600586891 44395.000000000007 44810.000000000007 44735.000000000007 0.74939994592541315 2.5000000000000004 5.5000000000000009 33577.500000000007 33235.000000000007 31040.650000000005 12048.590000000002 39715.000000000007 22204.535000000003 25395.530000000006 22501.750000000004 35400.750000000007 28829.300000000003 33458.580000000009 21154.065000000002 22071.350000000002 0.92020563918530374 19514.005000000001 28208.000000000004 4.5000000000000009 25636.335000000003
decision_type=2 2 2 2 2 2 2 2 2 2 2 2 2 2 2 2 2 2 2 2 2 2 2 2 2 2
left_child=13 5 12 4 -4 6 7 -2 9 -7 -10 -8 21 19 15 -15 -14 -17 -5 22 -21 -3 24 -16 -1 -25
right_child=1 2 3 18 -6 8 11 -9 10 -11 -12 -13 16 14 23 17 -18 -19 -20 20 -22 -23 -24 25 -26 -27
leaf_value=-9.0965011596679695 -2.6384525131488195 3.3496790409088106 11.944207400367375 0.35529799461364708 27.81739710757607 2.6133227301425621 -0.044462949317995083 -10.669553774879093 -4.3904408671639183 10.161102884465999 0.88075346800372945 -1.4433541406121138 0.79433381697710825 -7.7446960449218709 -9.1791430155436089 -5.1344419479370105 1.9440850774447125 -2.9840773900349928 1.6521213829517365 -6.9910713831583671 -9.5781862258911126 4.0986681747436524 -9.2983739217122388 -9.0747587585449221 -9.1148735046386715 -9.070835189819336
leaf_weight=72 69 4.0000000000000027 21 3.0000000000000027 19 61 178 21 10.999999999999998 22 363 117 17 5.0000000000000018 3.0000000000000027 4 18 3 15.999999999999998 2.9999999999999991 4 25 2.9999999999999991 4.9999999999999991 13.999999999999998 9.9999999999999982
leaf_count=72 69 4 21 3 19 61 178 21 11 22 363 117 17 5 3 4 18 3 16 3 4 25 3 5 14 10
internal_value=-0.0539635 1.08051 7.89611 13.6756 19.484 0.0848871 -1.51403 -4.51238 1.43189 4.61394 0.725718 -0.599277 2.56817 -8.74262 -7.72777 -5.68446 1.38563 -4.21286 1.44736 -9.05976 -8.46942 3.99536 -9.1062 -9.08998 -9.09949 -9.07214
internal_weight=1091 965 123 59 40 842 385 90 457 83 374 295 64 126 30 12 35 7 19 96 7 29 89 18 86 15
internal_count=1091 965 123 59 40 842 385 90 457 83 374 295 64 126 30 12 35 7 19 96 7 29 89 18 86 15
is_linear=0
shrinkage=0.05


Tree=9
num_leaves=24
num_cat=0
split_feature=0 2 7 0 2 5 1 8 7 3 4 4 4 1 0 6 1 1 3 1 1 0 1
split_gain=3.62098e+06 1.75621e+06 965745 1.99799e+06 715378 1.00532e+06 312384 417055 417800 166034 163317 71894.6 59702.7 58739.1 31818.3 30746.3 20664.9 31773.8 25546.8 1036.19 186.039 152.421 14.2304
threshold=29704.900000000005 4555.8900000000003 5.5000000000000009 35318.900000000009 4477.4400000000014 1.5000000000000002 23038.41 2.5000000000000004 5.5000000000000009 0.9112731300965643 37740.000000000007 37010.000000000007 39497.500000000007 29630.820000000003 33369.200000000004 2.5000000000000004 21154.065000000002 25395.530000000006 0.78909621297475485 33458.580000000009 26078.860000000004 29494.800000000007 18953.430000000004
decision_type=2 2 2 2 2 2 2 2 2 2 2 2 2 2 2 2 2 2 2 2 2 2 2
left_child=10 2 4 14 9 -6 7 8 -3 -2 -1 -9 15 -14 -4 -8 21 18 -18 -5 -19 22 -12
right_child=1 6 3 19 5 -7 12 11 -10 -11 16 -13 13 -15 -16 -17 17 20 -20 -21 -22 -23 -24
leaf_value=1.9701451778411867 1.5417396585112566 -2.5772377849076733 23.340354919433594 0.64369771480560256 35.653002738952644 3.2924360752105706 3.3535124599933628 0.35047747514742827 -10.402755571448285 4.272144860161676 -8.6454493555529375 -1.5090240120887757 -0.47698436609158917 1.3409167015325216 28.315047878689235 1.0141724962676351 -7.8779048783438546 -8.6403071267264213 -3.8504783630371096 1.5561969144003731 -9.0741897583007809 -8.9327684020996099 -8.7562085469563797
leaf_weight=3.9999999999999991 146 66 4.9999999999999991 4.0000000000000027 3.9999999999999982 6 15.999999999999998 112 23 90 87 97 180 59 8.9999999999999982 115 6.9999999999999991 14.000000000000002 8.9999999999999982 13.999999999999998 2.9999999999999991 4.9999999999999991 2.9999999999999991
leaf_count=4 146 66 5 4 4 6 16 112 23 90 87 97 180 59 9 115 7 14 9 14 3 5 3
internal_value=-0.221039 0.86143 4.20091 12.3718 3.13802 16.2367 -0.528353 -1.73316 -4.59956 2.583 -7.97873 -0.512545 0.442008 -0.0282138 26.5384 1.29989 -8.28963 -7.21171 -5.61248 1.35342 -8.71687 -8.66407 -8.64914
internal_weight=1078 946 278 32 246 10 668 298 89 236 132 209 370 239 14 131 128 33 16 18 17 95 90
internal_count=1078 946 278 32 246 10 668 298 89 236 132 209 370 239 14 131 128 33 16 18 17 95 90
is_linear=0
shrinkage=0.05


Tree=10
num_leaves=31
num_cat=0
split_feature=0 3 7 1 8 2 0 3 8 7 7 0 8 1 0 3 3 1 1 1 0 1 1 1 1 1 6 1 2 7
split_gain=3.55733e+06 2.26684e+06 850840 2.52012e+06 780296 476081 504986 444726 272488 218848 172467 176335 91072.1 120106 50797.8 36470.7 29260.8 26198.3 26159.2 22190.2 12958.7 12930.2 5822.43 2725.26 2282.77 1073.38 537.337 465.721 462.28 389.638
threshold=30541.400000000005 0.91777197600586891 5.5000000000000009 33198.535000000011 3.5000000000000004 2679.6150000000002 35921.30000000001 0.83222200800295265 3.5000000000000004 1.5000000000000002 1.5000000000000002 29704.900000000005 3.5000000000000004 23038.41 34728.400000000001 0.9402301546807843 0.56176241910168356 27413.775000000005 17833.590000000007 25395.530000000006 29733.850000000002 24941.450000000001 19991.420000000002 16867.830000000005 24774.485000000004 33625.160000000011 15.500000000000002 18953.430000000004 15014.000000000002 4.5000000000000009
decision_type=2 2 2 2 2 2 2 2 2 2 2 2 2 2 2 2 2 2 2 2 2 2 2 2 2 2 2 2 2 2
left_child=4 7 5 14 10 15 -7 12 17 -10 11 19 13 -2 -4 -3 -14 -9 23 -1 22 -13 -12 28 27 -5 -26 -20 -6 -22
right_child=1 2 3 25 18 6 -8 8 9 -11 20 21 16 -15 -16 -17 -18 -19 24 -21 29 -23 -24 -25 26 -27 -28 -29 -30 -31
leaf_value=-5.7859881457160505 -2.1746203344675803 3.5819441020488743 23.962317702349491 1.0141894976298012 -1.8166035970052086 7.3190974950790411 27.833025741577149 -3.1116703391075138 8.4936324851020526 2.8817066192626957 -8.2277522826462643 -0.70874277563656074 -1.0658136384487154 -0.17416096451251131 29.695481567382814 0.99383766729580736 0.79751407605554192 0.98445156737242212 0.17631858825683569 -8.2725578308105465 -9.9412437438964822 -4.269174830118815 -5.9882044474283855 -0.54996085166931152 1.8031339009602867 1.7155906295776369 1.158310944693429 0.74414122288043683 -2.5105355262756341 -9.4315787760416665
leaf_weight=17 124 48 17.000000000000004 12.000000000000002 5.9999999999999982 11.999999999999998 3.9999999999999991 3.9999999999999991 23 71 89 17.000000000000004 25 190 4.9999999999999991 19 134 162 5.0000000000000062 19 5.0000000000000009 2.9999999999999991 2.9999999999999991 3.9999999999999991 5.9999999999999982 9.9999999999999982 7 12.999999999999998 4 15
leaf_count=17 124 48 17 12 6 12 4 4 23 71 89 17 25 190 5 19 134 162 5 19 5 3 3 4 6 10 7 13 4 15
internal_value=0.0784133 1.51117 7.67827 13.2992 -5.70643 4.69852 12.4476 0.442657 2.1038 4.25484 -7.27268 -5.00708 -0.470448 -0.964151 25.2653 2.848 0.504538 0.88575 0.140907 -7.09834 -8.40549 -1.24281 -8.15472 -1.65297 0.951045 1.33301 1.45592 0.586413 -2.09418 -9.559
internal_weight=1073 860 127 44 213 83 16 733 260 94 168 56 473 314 22 67 159 166 45 36 112 20 92 14 31 22 13 18 10 20
internal_count=1073 860 127 44 213 83 16 733 260 94 168 56 473 314 22 67 159 166 45 36 112 20 92 14 31 22 13 18 10 20
is_linear=0
shrinkage=0.05


end of trees

feature_importances:
net_load=69
total_load=65
thermal_on_capacity=41
renewable_power=32
thermal_space_load_ratio=27
weekday=21
month=15
period=12
hour=3

parameters:
[boosting: gbdt]
[objective: regression]
[metric: rmse]
[tree_learner: serial]
[device_type: cpu]
[data_sample_strategy: bagging]
[data: ]
[valid: ]
[num_iterations: 400]
[learning_rate: 0.05]
[num_leaves: 31]
[num_threads: 0]
[seed: 42]
[deterministic: 0]
[force_col_wise: 0]
[force_row_wise: 0]
[histogram_pool_size: -1]
[max_depth: 5]
[min_data_in_leaf: 3]
[min_sum_hessian_in_leaf: 0.001]
[bagging_fraction: 0.85]
[pos_bagging_fraction: 1]
[neg_bagging_fraction: 1]
[bagging_freq: 1]
[bagging_seed: 400]
[bagging_by_query: 0]
[feature_fraction: 0.85]
[feature_fraction_bynode: 1]
[feature_fraction_seed: 30056]
[extra_trees: 0]
[extra_seed: 12879]
[early_stopping_round: 0]
[early_stopping_min_delta: 0]
[first_metric_only: 0]
[max_delta_step: 0]
[lambda_l1: 0]
[lambda_l2: 0]
[linear_lambda: 0]
[min_gain_to_split: 0]
[drop_rate: 0.1]
[max_drop: 50]
[skip_drop: 0.5]
[xgboost_dart_mode: 0]
[uniform_drop: 0]
[drop_seed: 17869]
[top_rate: 0.2]
[other_rate: 0.1]
[min_data_per_group: 100]
[max_cat_threshold: 32]
[cat_l2: 10]
[cat_smooth: 10]
[max_cat_to_onehot: 4]
[top_k: 20]
[monotone_constraints: ]
[monotone_constraints_method: basic]
[monotone_penalty: 0]
[feature_contri: ]
[forcedsplits_filename: ]
[refit_decay_rate: 0.9]
[cegb_tradeoff: 1]
[cegb_penalty_split: 0]
[cegb_penalty_feature_lazy: ]
[cegb_penalty_feature_coupled: ]
[path_smooth: 0]
[interaction_constraints: ]
[verbosity: -1]
[saved_feature_importance_type: 0]
[use_quantized_grad: 0]
[num_grad_quant_bins: 4]
[quant_train_renew_leaf: 0]
[stochastic_rounding: 1]
[linear_tree: 0]
[max_bin: 255]
[max_bin_by_feature: ]
[min_data_in_bin: 3]
[bin_construct_sample_cnt: 200000]
[data_random_seed: 175]
[is_enable_sparse: 1]
[enable_bundle: 1]
[use_missing: 1]
[zero_as_missing: 0]
[feature_pre_filter: 1]
[pre_partition: 0]
[two_round: 0]
[header: 0]
[label_column: ]
[weight_column: ]
[group_column: ]
[ignore_column: ]
[categorical_feature: ]
[forcedbins_filename: ]
[precise_float_parser: 0]
[parser_config_file: ]
[objective_seed: 16083]
[num_class: 1]
[is_unbalance: 0]
[scale_pos_weight: 1]
[sigmoid: 1]
[boost_from_average: 1]
[reg_sqrt: 0]
[alpha: 0.9]
[fair_c: 1]
[poisson_max_delta_step: 0.7]
[tweedie_variance_power: 1.5]
[lambdarank_truncation_level: 30]
[lambdarank_norm: 1]
[label_gain: ]
[lambdarank_position_bias_regularization: 0]
[eval_at: ]
[multi_error_top_k: 1]
[auc_mu_weights: ]
[num_machines: 1]
[local_listen_port: 12400]
[time_out: 120]
[machine_list_filename: ]
[machines: ]
[gpu_platform_id: -1]
[gpu_device_id: -1]
[gpu_use_dp: 0]
[num_gpu: 1]

end of parameters

pandas_categorical:[]
