tree
version=v4
num_class=1
num_tree_per_iteration=1
label_index=0
max_feature_idx=10
objective=regression
feature_names=total_load net_load renewable_power thermal_space_load_ratio thermal_on_capacity hour period weekday month is_weekend is_holiday
feature_infos=[29193.099999999999:42753.300000000003] [11318.049999999999:40077.610000000001] [1223.46:18960.91] [0.37880501902718694:0.96996973557285182] [27170:48080] [20:23] [81:96] [0:6] [2:4] [0:1] none
tree_sizes=1680 2290 2297 2191 2440 2202 2294 2255 2361 2293 2333 2181 2335 2380 2155 2338 1858 2493 2396 1804 2399 2339 1745 2197 2300 1667

Tree=0
num_leaves=18
num_cat=0
split_feature=2 2 1 4 4 4 2 8 7 0 0 0 6 7 6 6 6
split_gain=1.53817e+07 7.31624e+06 3.02856e+06 2.46578e+06 2.16077e+06 3.83907e+06 754569 656470 183232 178366 172002 282968 115970 1238.55 1275.82 58.5323 3.55556
threshold=1416.2350000000004 3843.2850000000003 16896.300000000003 36662.500000000007 44735.000000000007 44810.000000000007 8463.4600000000009 2.5000000000000004 1.0000000180025095e-35 37814.250000000007 34874.350000000013 36015.150000000009 90.500000000000014 3.5000000000000004 91.500000000000014 82.500000000000014 87.500000000000014
decision_type=2 2 2 2 2 2 2 2 2 2 2 2 2 2 2 2 2
left_child=9 3 13 10 8 -6 12 -8 -5 -1 -2 -12 -4 14 -3 -15 -11
right_child=1 2 6 4 5 -7 7 -9 -10 16 11 -13 -14 15 -16 -17 -18
leaf_value=350.20912711587096 331.72752728270041 290.23137738035666 305.35451991465192 301.98605045199781 342.40245943195168 310.15733569827222 299.05340412679999 303.12165013850159 308.77894877559487 364.30912915037618 355.14246146645689 333.42579327391132 303.4074383206368 289.51512738035666 289.30912762449725 289.30912762449725 364.24246248370946
leaf_weight=2.9999999999999991 4.9999999999999982 9.9999999999999982 214 12.999999999999998 14.999999999999998 24 168 242 42 5.9999999999999982 3 3 119 4.0000000000000027 5.9999999999999991 25 3
leaf_count=3 5 10 214 13 15 24 168 242 42 6 3 3 119 4 6 25 3
internal_value=304.535 303.78 302.128 316.178 313.557 322.559 302.891 301.455 307.173 360.767 338.577 344.284 304.659 289.532 289.886 289.338 364.287
internal_weight=905 893 788 105 94 39 743 410 55 12 11 6 333 45 16 29 9
internal_count=905 893 788 105 94 39 743 410 55 12 11 6 333 45 16 29 9
is_linear=0
shrinkage=1


Tree=1
num_leaves=25
num_cat=0
split_feature=3 3 1 8 3 5 2 0 8 1 0 1 8 7 7 6 0 0 7 6 6 0 0 0
split_gain=1.58365e+07 6.63904e+06 2.43812e+06 1.70069e+06 2.00673e+06 916309 791985 665369 622760 678453 160975 132518 112306 96266.5 95858.4 22001.8 14644.9 5061.62 703.784 1134.89 73.803 3.20897 0.31826 2.32831e-10
threshold=0.90256535388852899 0.96250598957035427 16896.300000000003 2.5000000000000004 0.92412070868503149 20.500000000000004 8463.4600000000009 34627.400000000009 2.5000000000000004 21618.745000000003 37814.250000000007 31860.930000000004 3.5000000000000004 4.5000000000000009 2.5000000000000004 91.500000000000014 41857.250000000007 37135.80000000001 3.5000000000000004 91.500000000000014 82.500000000000014 39048.350000000013 31202.600000000002 32852.55000000001
decision_type=2 2 2 2 2 2 2 2 2 2 2 2 2 2 2 2 2 2 2 2 2 2 2 2
left_child=2 3 18 13 5 -5 11 -6 9 -8 -3 12 -4 16 -13 -10 -2 -15 19 22 -20 -12 -1 -22
right_child=1 10 6 4 7 -7 8 -9 15 -11 21 14 -14 17 -16 -17 -18 -19 20 -21 23 -23 -24 -25
leaf_value=-13.606568908691409 -2.1278739111764091 43.389544677734378 -1.0368198903043415 18.327857616969514 21.441795043945316 35.843564930558209 -13.519192990389739 6.4168094532830384 -1.0512913726553132 -4.1399843818293176 56.7212117513021 3.4437966455112807 1.7032406572331773 3.9985527038574205 0.40234914034131974 -2.0607044800979697 1.6646683931350705 6.1030525970458989 -14.20108998616535 -14.465455627441404 -14.465455627441404 56.784545898437493 -13.585969238281249 -14.465455627441408
leaf_weight=2.9999999999999982 7 2.9999999999999991 183 14.000000000000002 9.9999999999999982 15.999999999999998 22 28 158 156 2.9999999999999982 44 47 4.0000000000000009 63 82 4 9.9999999999999982 3.0000000000000027 7 18.000000000000004 6 5 3.9999999999999991
leaf_count=3 7 3 183 14 10 16 22 28 158 156 3 44 47 4 63 82 4 10 3 7 18 6 5 4
internal_value=0.168889 18.4191 -2.24151 13.9028 18.0026 27.6696 -1.60418 10.3708 -3.05823 -5.29921 53.42 0.199375 -0.476894 2.75153 1.65304 -1.39617 -0.748768 5.50177 -14.2713 -14.0005 -14.4337 56.7634 -13.5937 -14.4655
internal_weight=900 105 795 93 68 30 755 38 418 178 12 337 230 25 107 240 11 14 40 15 25 9 8 22
internal_count=900 105 795 93 68 30 755 38 418 178 12 337 230 25 107 240 11 14 40 15 25 9 8 22
is_linear=0
shrinkage=0.05


Tree=2
num_leaves=25
num_cat=0
split_feature=3 2 1 4 3 4 2 0 8 4 3 2 3 4 6 4 7 6 0 0 6 0 0 0
split_gain=1.19139e+07 5.6679e+06 2.32381e+06 2.00761e+06 1.93612e+06 846675 769655 558087 518147 775882 245934 150191 147897 118887 52696.2 28760.1 873.723 1085.1 707.637 124.715 0.587152 0.486995 0.00281688 1.16415e-10
threshold=0.90256535388852899 1416.2350000000004 16896.300000000003 36662.500000000007 0.91121514076348353 44735.000000000007 8463.4600000000009 37446.250000000007 2.5000000000000004 39295.000000000007 0.92816110161410581 3318.4100000000003 0.88541603609000574 32370.000000000004 81.500000000000014 43067.500000000007 3.5000000000000004 91.500000000000014 32689.050000000003 38706.500000000007 83.500000000000014 31722.500000000004 40279.850000000013 29736.200000000001
decision_type=2 2 2 2 2 2 2 2 2 2 2 2 2 2 2 2 2 2 2 2 2 2 2 2
left_child=2 7 16 10 5 -5 12 -2 9 -8 -3 -6 13 -4 -14 -10 17 21 -12 -9 -18 -1 -21 -19
right_child=1 3 6 4 11 -7 8 19 15 -11 18 -13 14 -15 -16 -17 20 23 -20 22 -22 -23 -24 -25
leaf_value=-12.922552490234379 31.631884384155274 39.796522827148443 4.3616922106061669 0.11939791043599446 3.5831914058098429 29.587771635789139 -13.253584228515628 54.341235351562517 -1.6161217469564626 -3.6857795516364007 25.324867757161453 12.656031723022462 8.5602296948432919 -0.35252524189974954 2.5022507856573379 0.58190490566194064 -13.765701293945297 -13.742182922363282 24.238868204752599 53.947485351562491 -13.742182922363282 -12.899145889282224 53.945318603515616 -13.742182922363279
leaf_weight=4.9999999999999982 3.9999999999999991 4.9999999999999982 13.999999999999998 2.9999999999999991 52 12.999999999999998 25 2.9999999999999982 213 139 3 4.9999999999999991 3.9999999999999991 299 35 15.999999999999998 3.0000000000000027 3.9999999999999991 3 3 23 4 3 3
leaf_count=5 4 5 14 3 52 13 25 3 213 139 3 5 4 299 35 16 3 4 3 3 23 4 3 3
internal_value=-0.0852615 16.4485 -2.1231 11.6938 8.69322 24.0625 -1.478 47.1715 -2.99895 -5.14429 31.6067 4.37905 0.220109 -0.141666 3.12358 -1.46255 -13.566 -13.2753 24.7819 54.078 -13.7449 -12.9121 53.9464 -13.7422
internal_weight=884 97 787 84 73 16 745 13 393 164 11 57 352 313 39 229 42 16 6 9 26 9 6 7
internal_count=884 97 787 84 73 16 745 13 393 164 11 57 352 313 39 229 42 16 6 9 26 9 6 7
is_linear=0
shrinkage=0.05


Tree=3
num_leaves=24
num_cat=0
split_feature=3 2 4 1 3 7 2 4 4 7 0 0 6 7 4 1 7 6 0 6 0 0 5
split_gain=1.07994e+07 4.52344e+06 2.34892e+06 2.27508e+06 1.71509e+06 945761 596559 320061 869489 191189 178900 474989 98504.1 73139.9 55296.2 28577.9 917.284 934.665 638.642 46.7266 3.56686 0.356008 0.000468445
threshold=0.90256535388852899 1305.7150000000004 36662.500000000007 16896.300000000003 0.91121514076348353 5.5000000000000009 8463.4600000000009 37740.000000000007 39295.000000000007 1.0000000180025095e-35 34056.450000000004 35663.30000000001 90.500000000000014 4.5000000000000009 32370.000000000004 25636.720000000005 3.5000000000000004 91.500000000000014 32689.050000000003 82.500000000000014 39482.55000000001 31202.600000000002 20.500000000000004
decision_type=2 2 2 2 2 2 2 2 2 2 2 2 2 2 2 2 2 2 2 2 2 2 2
left_child=3 20 10 16 5 -4 12 15 -9 -6 18 -12 13 -5 -14 -8 17 21 -3 -18 -2 -1 -21
right_child=1 2 4 6 9 -7 7 8 -10 -11 11 -13 14 -15 -16 -17 19 -19 -20 22 -22 -23 -24
leaf_value=-12.280112711588545 51.179046630859361 24.058623250325525 0.81460480690002413 1.272228271572879 -1.2540555130351674 28.382460839407784 -1.1062223205618238 -12.991024780273438 -2.8404572152682381 6.0139634680806431 47.531290435791028 24.415010986328124 4.2103812408447272 -0.91069921213388449 -1.1464266684922306 0.70136221752122596 -12.871417045593251 -13.055075073242188 23.026923624674474 -13.054486846923817 51.248009033203118 -12.259525844029017 -13.055075073242188
leaf_weight=2.9999999999999982 3 2.9999999999999991 4.0000000000000009 165 10.999999999999998 14 115 23 255 51 3.9999999999999982 5 4.9999999999999991 50 132 27 4.0000000000000027 5.9999999999999991 3 4.0000000000000027 5 7 22
leaf_count=3 3 3 4 165 11 14 115 23 255 51 4 5 5 50 132 27 4 6 3 4 5 7 22
internal_value=-0.14378 15.1142 12.0736 -2.06502 8.66913 22.2563 -1.42135 -2.69378 -3.68025 4.72448 30.2305 34.6889 0.0968929 0.764571 -0.950923 -0.762527 -12.8675 -12.5617 23.5428 -13.0305 51.2221 -12.2657 -13.055
internal_weight=921 103 95 818 80 18 772 420 278 62 15 9 352 215 137 142 46 16 6 30 8 10 26
internal_count=921 103 95 818 80 18 772 420 278 62 15 9 352 215 137 142 46 16 6 30 8 10 26
is_linear=0
shrinkage=0.05


Tree=4
num_leaves=26
num_cat=0
split_feature=3 2 1 8 3 5 2 0 8 1 0 8 1 7 1 6 0 3 0 7 5 6 0 0 0
split_gain=1.19237e+07 4.79275e+06 1.71823e+06 1.536e+06 1.77475e+06 728196 663488 633464 483519 492005 424648 133394 145381 98818.5 94890.4 20268.1 4517.49 4120.99 1076.16 988.704 665.214 40.2092 0.625859 0.000741145 0.000141636
threshold=0.90256535388852899 1416.2350000000004 16896.300000000003 2.5000000000000004 0.92412070868503149 20.500000000000004 8463.4600000000009 34627.400000000009 2.5000000000000004 21618.745000000003 37446.250000000007 3.5000000000000004 31553.350000000006 4.5000000000000009 32457.065000000006 90.500000000000014 42076.100000000006 0.92312636048454721 39048.350000000013 3.5000000000000004 22.500000000000004 82.500000000000014 31833.600000000002 40279.850000000013 32811.350000000006
decision_type=2 2 2 2 2 2 2 2 2 2 2 2 2 2 2 2 2 2 2 2 2 2 2 2 2
left_child=2 10 19 13 5 -5 11 -6 9 -8 -2 12 -4 16 -13 -10 -3 -15 -12 20 22 -21 -1 -20 -23
right_child=1 3 6 4 7 -7 8 -9 15 -11 18 14 -14 17 -16 -17 -18 -19 23 21 -22 24 -24 -25 -26
leaf_value=-11.658379690987726 29.749592590332032 -2.0682815763685443 -1.0225011357416711 17.558360427830898 18.491650598699398 33.685046168736051 -11.575200132890181 3.9031691779261055 -0.74951030261127671 -3.606364765947248 49.817970784505228 1.9868516323821888 1.2041067785960584 5.2176779556274413 11.114365132649739 -1.7099084403117499 0.17212765216827383 3.3187671661376941 48.686690266927073 -12.227846145629872 -12.402320861816406 -12.402322673797606 -11.63358688354492 48.685650634765615 -12.401948293050131
leaf_weight=6.9999999999999982 3.9999999999999991 8.9999999999999982 186 14.000000000000002 10.999999999999998 13.999999999999998 22 23 141 162 2.9999999999999982 56 121 9.9999999999999982 2.9999999999999991 90 3.0000000000000009 4.0000000000000009 3 4.0000000000000027 3.9999999999999991 16.000000000000004 4 4 2.9999999999999991
leaf_count=7 4 9 186 14 11 14 22 23 141 162 3 56 121 10 3 90 3 4 3 4 4 16 4 4 3
internal_value=0.224268 16.3451 -1.78345 12.0221 16.2998 25.6217 -1.27828 8.62297 -2.64689 -4.55916 43.5182 0.273548 -0.144913 1.8213 2.45096 -1.12369 -1.50818 4.67513 49.0257 -12.166 -11.8502 -12.3719 -11.6494 48.6861 -12.4023
internal_weight=921 102 819 88 62 28 781 34 415 184 14 366 307 26 59 231 12 14 10 38 15 23 11 7 19
internal_count=921 102 819 88 62 28 781 34 415 184 14 366 307 26 59 231 12 14 10 38 15 23 11 7 19
is_linear=0
shrinkage=0.05


Tree=5
num_leaves=24
num_cat=0
split_feature=3 2 3 4 3 4 2 8 4 6 3 0 3 7 4 4 6 7 0 5 6 0 2
split_gain=8.74196e+06 3.37875e+06 1.86195e+06 1.80684e+06 1.7649e+06 1.1284e+06 552570 456717 516473 346619 218455 337414 128786 116824 111347 55689.4 50572.2 849.874 792.313 768.112 1.75277 0.576489 0.000135432
threshold=0.90256535388852899 1416.2350000000004 0.53456476313037216 36662.500000000007 0.91121514076348353 44735.000000000007 9382.2000000000025 2.5000000000000004 39295.000000000007 91.500000000000014 0.92816110161410581 35663.30000000001 0.88541603609000574 1.0000000180025095e-35 38452.500000000007 43067.500000000007 81.500000000000014 3.5000000000000004 39048.350000000013 22.500000000000004 82.500000000000014 31833.600000000002 17361.290000000005
decision_type=2 2 2 2 2 2 2 2 2 2 2 2 2 2 2 2 2 2 2 2 2 2 2
left_child=2 9 17 10 5 -5 12 8 -8 18 11 -3 14 -6 -4 -9 -14 19 -2 21 -19 -1 -22
right_child=1 3 6 4 13 -7 7 15 -10 -11 -12 -13 16 -15 -16 -17 -18 20 -20 -21 22 -23 -24
leaf_value=-11.076412836710615 47.327071126302101 43.850308227539074 1.4955299613230368 -1.9787438869476313 -1.1184896620837124 28.133595248631067 -11.347404434204101 -1.3762462663954946 -3.4952393039079142 28.26211242675781 20.659708251953123 21.667838033040358 7.9118096079677347 4.6055810573253231 -0.74329762835510493 1.8937761477061681 2.0084715959353328 -11.822453308105455 46.252149200439447 -11.78220443725586 -11.781850941975899 -11.051907539367674 -11.782207266489666
leaf_weight=5.9999999999999982 2.9999999999999982 3.9999999999999982 68 4.0000000000000009 10.999999999999998 14 25 186 129 4 5 3 3.9999999999999991 47 303 13.999999999999998 39 3.0000000000000027 4 5.9999999999999991 3.0000000000000027 4 24
leaf_count=6 3 4 68 4 11 14 25 186 129 4 5 3 4 47 303 14 39 3 4 6 3 4 24
internal_value=-0.151889 13.8773 -1.85815 10.6116 7.76466 21.442 -1.2729 -2.72328 -4.76994 40.0035 28.6419 34.3435 -0.0327186 3.51998 -0.332946 -1.14734 2.55762 -11.6292 46.7128 -11.335 -11.7862 -11.0666 -11.7822
internal_weight=913 99 814 88 76 18 768 354 154 11 12 7 414 58 371 200 43 46 7 16 30 10 27
internal_count=913 99 814 88 76 18 768 354 154 11 12 7 414 58 371 200 43 46 7 16 30 10 27
is_linear=0
shrinkage=0.05


Tree=6
num_leaves=25
num_cat=0
split_feature=3 3 1 4 3 4 2 4 4 3 3 0 4 3 3 6 1 7 6 6 0 0 0 5
split_gain=8.38846e+06 3.70266e+06 1.52018e+06 1.20618e+06 1.01991e+06 834036 489432 226930 699384 147882 91014.5 83484.6 79395.7 76101.9 189759 60962.6 25209.1 611.373 717.388 59.3176 3.93323 0.545391 0.350282 0.000125366
threshold=0.90256535388852899 0.96250598957035427 16896.300000000003 36662.500000000007 0.91121514076348353 44735.000000000007 8158.6200000000017 37740.000000000007 39295.000000000007 0.96077049496469036 0.88541603609000574 38289.650000000001 38452.500000000007 0.91259713798500341 0.9314720871953861 81.500000000000014 25636.720000000005 3.5000000000000004 91.500000000000014 82.500000000000014 39482.55000000001 31833.600000000002 29736.200000000001 20.500000000000004
decision_type=2 2 2 2 2 2 2 2 2 2 2 2 2 2 2 2 2 2 2 2 2 2 2 2
left_child=2 3 17 13 5 -5 10 16 -9 -6 12 -3 -4 -2 -15 -12 -8 18 21 -19 -13 -1 -20 -21
right_child=1 11 6 4 9 -7 7 8 -10 -11 15 20 -14 14 -16 -17 -18 19 22 23 -22 -23 -24 -25
leaf_value=-10.523147201538087 18.173764546712242 34.130975341796876 1.6569987447756642 -1.8798067092895492 3.7724133343696593 24.008566474914552 -1.0103032225111257 -10.812235599093967 -2.3574989463045046 13.763411378860475 9.3000464121500652 43.866278076171866 -0.4931987272855719 35.486467742919928 20.875545654296872 1.8964735369149008 0.74153366114199171 -10.956664276123036 -11.193094635009766 -11.192750040690091 43.938695678710928 -10.499312019348142 -11.217256673177081 -11.193096656799318
leaf_weight=5.9999999999999982 2.9999999999999991 2.9999999999999991 53 4.0000000000000027 50 13.999999999999998 115 27 260 3.9999999999999991 2.9999999999999991 3 226 3.9999999999999982 5 38 25 3.0000000000000027 2.9999999999999991 3.0000000000000027 5 4 3 20
leaf_count=6 3 3 53 4 50 14 115 27 260 4 3 3 226 4 5 38 25 3 3 3 5 4 3 20
internal_value=-0.0702202 13.9664 -1.7603 10.3943 7.94826 18.2556 -1.2399 -2.34784 -3.15289 4.51249 0.238513 41.2441 -0.0847383 25.0704 27.3693 2.4382 -0.697475 -11.0161 -10.7729 -11.1658 43.9115 -10.5136 -11.2052 -11.1931
internal_weight=884 95 789 84 72 18 747 427 287 54 320 11 279 12 9 41 140 42 16 26 8 10 6 23
internal_count=884 95 789 84 72 18 747 427 287 54 320 11 279 12 9 41 140 42 16 26 8 10 6 23
is_linear=0
shrinkage=0.05


Tree=7
num_leaves=25
num_cat=0
split_feature=3 2 1 3 7 8 7 3 8 3 0 8 2 8 1 3 1 0 7 6 0 6 0 6
split_gain=6.63753e+06 2.76984e+06 1.23592e+06 777434 604546 484507 1.17048e+06 465589 479886 359553 263087 247081 140726 98498.2 133688 53388.5 24030.5 20227.7 621.751 572.468 0.919206 0.798244 0.304671 2.5935e-06
threshold=0.90256535388852899 1416.2350000000004 16896.300000000003 0.91121514076348353 5.5000000000000009 3.5000000000000004 1.5000000000000002 0.73070867066163459 2.5000000000000004 0.62524290705928209 38289.650000000001 3.5000000000000004 2817.1250000000005 3.5000000000000004 32031.065000000006 0.90767051104216978 26792.890000000003 40242.80000000001 3.5000000000000004 91.500000000000014 40279.850000000013 83.500000000000014 31833.600000000002 85.500000000000014
decision_type=2 2 2 2 2 2 2 2 2 2 2 2 2 2 2 2 2 2 2 2 2 2 2 2
left_child=2 10 18 4 11 12 -7 8 9 -4 -2 -3 -5 14 -9 -6 -15 -10 19 22 -12 -20 -1 -23
right_child=1 3 7 5 15 6 -8 13 17 -11 20 -13 -14 16 -16 -17 -18 -19 21 -21 -22 23 -24 -25
leaf_value=-9.9864447275797552 25.651647567749031 -1.7171890735626214 -10.450307615598042 0.70375650764807407 28.853522949218746 3.6870625178019205 26.495295545789926 -1.1012228756364602 -1.1050071552475507 -3.7319613374706009 41.705211385091133 17.265076192220047 6.6064386208852133 -0.38733265399932865 0.99642442942790277 22.088791309084211 1.9988875203898975 2.4884220123291017 -10.657917785644521 -10.647212219238282 41.741824340820301 -10.633485794067374 -9.9669296264648413 -10.633440780639649
leaf_weight=5.9999999999999982 3.9999999999999982 4.0000000000000009 24 23 5 15 9 268 187 117 3 3 18 12.999999999999998 106 7 56 3.9999999999999991 4.0000000000000027 4.9999999999999991 4 4.0000000000000027 3 15.999999999999998
leaf_count=6 4 4 24 23 5 15 9 268 187 117 3 3 18 13 106 7 56 4 4 5 4 4 3 16
internal_value=-0.217752 12.2881 -1.67908 9.19859 18.0956 6.59794 12.2401 -1.2474 -2.66304 -4.87551 35.8809 6.41807 3.29518 -0.186466 -0.506703 24.9074 1.54931 -1.02975 -10.4831 -10.2183 41.7261 -10.6375 -9.97994 -10.6334
internal_weight=908 95 813 84 19 65 24 775 332 141 11 7 41 443 374 12 69 191 38 14 7 24 9 20
internal_count=908 95 813 84 19 65 24 775 332 141 11 7 41 443 374 12 69 191 38 14 7 24 9 20
is_linear=0
shrinkage=0.05


Tree=8
num_leaves=26
num_cat=0
split_feature=3 2 4 1 3 4 3 8 4 0 4 0 0 1 4 4 4 0 7 5 0 0 0 2 0
split_gain=6.91079e+06 2.26589e+06 1.37652e+06 1.19181e+06 1.11742e+06 1.04995e+06 430877 401519 372769 213627 134731 131524 353819 130946 120426 85998.5 62096.6 898.362 369.91 367.825 53.449 28.5083 45.2686 0.897373 0.143454
threshold=0.90256535388852899 1416.2350000000004 36662.500000000007 16896.300000000003 0.91259713798500341 44735.000000000007 0.73070867066163459 2.5000000000000004 39295.000000000007 38289.650000000001 45077.500000000007 34056.450000000004 35663.30000000001 31245.235000000004 39497.500000000007 45602.500000000007 43067.500000000007 32689.050000000003 3.5000000000000004 22.500000000000004 31202.600000000002 32852.55000000001 32951.900000000009 1237.6400000000001 32726.050000000003
decision_type=2 2 2 2 2 2 2 2 2 2 2 2 2 2 2 2 2 2 2 2 2 2 2 2 2
left_child=3 9 11 18 5 -4 7 8 -5 -2 -6 17 -13 14 -8 -15 -9 -3 19 20 -1 24 -23 -11 -20
right_child=1 2 4 6 10 -7 13 16 -10 23 -12 12 -14 15 -16 -17 -18 -19 21 -21 -22 22 -24 -25 -26
leaf_value=-9.7380444844563829 23.692734781901052 18.529582722981772 -2.0672686229149488 -9.8352352142333999 2.424884759068489 22.084402561187744 0.86605363235562705 -1.2865017847999889 -3.2728137064417568 39.655569458007804 13.334174489974977 38.558705139160168 18.607615966796871 1.9758389170358399 -1.3314463334530593 -0.56031382773436755 2.0640950552622477 17.30595296223958 -10.101766967773434 -10.100595703125002 -9.4795658111572259 -9.8426071166992202 -10.117284647623697 39.619393920898432 -10.111546325683594
leaf_weight=2.9999999999999982 2.9999999999999982 2.9999999999999991 6.0000000000000027 27 50 18 87 177 109 4 2.9999999999999991 3.9999999999999982 5 97 220 51 14.999999999999998 3 15.000000000000005 4.9999999999999991 6 2.9999999999999991 3 3 4.9999999999999991
leaf_count=3 3 3 6 27 50 18 87 177 109 4 3 4 5 97 220 51 15 3 15 5 6 3 3 3 5
internal_value=-0.0242016 12.252 9.79502 -1.54567 7.09562 16.0465 -1.11562 -2.49707 -4.57565 34.8559 3.04239 23.652 27.4748 -0.119761 -0.708702 1.10189 -1.02474 17.9178 -9.96396 -9.75675 -9.56573 -10.0755 -9.97995 39.6401 -10.1042
internal_weight=925 102 92 823 77 24 783 328 136 10 53 15 9 455 307 148 192 6 40 14 9 26 6 7 20
internal_count=925 102 92 823 77 24 783 328 136 10 53 15 9 455 307 148 192 6 40 14 9 26 6 7 20
is_linear=0
shrinkage=0.05


Tree=9
num_leaves=25
num_cat=0
split_feature=3 3 4 1 3 7 2 8 4 0 0 7 6 3 4 4 5 7 6 6 0 2 0 0
split_gain=6.72814e+06 3.12049e+06 1.18932e+06 1.18263e+06 916889 987422 399459 351196 435421 144980 285579 94768.7 85750.5 109513 40829.7 36400.1 2480.11 479.183 541.778 33.1985 0.575865 0.547397 0.159767 0.0241558
threshold=0.90256535388852899 0.96250598957035427 36662.500000000007 16896.300000000003 0.91259713798500341 5.5000000000000009 8463.4600000000009 2.5000000000000004 39295.000000000007 34056.450000000004 35663.30000000001 1.0000000180025095e-35 89.500000000000014 0.89820911484001764 43067.500000000007 32370.000000000004 21.500000000000004 3.5000000000000004 91.500000000000014 82.500000000000014 39996.450000000004 17662.100000000002 31833.600000000002 32852.55000000001
decision_type=2 2 2 2 2 2 2 2 2 2 2 2 2 2 2 2 2 2 2 2 2 2 2 2
left_child=3 2 9 17 5 -4 12 8 -8 -2 -11 -6 13 -5 -9 -14 20 18 22 -19 -3 -20 -1 -21
right_child=1 16 4 6 11 -7 7 14 -10 10 -12 -13 15 -15 -16 -17 -18 19 21 23 -22 -23 -24 -25
leaf_value=-9.0149223327636729 16.33048797607422 37.644941202799494 -2.3809617996215806 0.72356976645621096 -1.5233964098824395 21.212144673571871 -9.4969615800040099 -1.049955537111533 -2.7413673106928051 36.630769348144526 17.737016296386717 4.0868724213994074 3.4755570983886721 10.353748957316082 1.3114581060409547 -0.86253944842182872 35.97649637858072 -9.4422431945800707 -9.5956466674804695 -9.5966077804565426 37.672650756835928 -9.6258514404296847 -9.0020217895507795 -9.6004933166503914
leaf_weight=5.9999999999999982 4.9999999999999991 2.9999999999999982 6.0000000000000027 185 8.9999999999999982 17 28 216 161 4 4 46 4.9999999999999991 2.9999999999999991 20 147 3 4.0000000000000027 2.9999999999999991 20.000000000000004 5 3 4 4.9999999999999991
leaf_count=6 5 3 6 185 9 17 28 216 161 4 4 46 5 3 20 147 3 4 3 20 5 3 4 5
internal_value=-0.0535509 12.0486 9.00802 -1.57753 6.67444 15.0574 -1.11416 -2.13609 -3.7422 23.0095 27.1839 3.16883 0.163253 0.877243 -0.849836 -0.719839 37.2025 -9.45479 -9.23513 -9.57599 37.6623 -9.61075 -9.00976 -9.59738
internal_weight=912 102 91 810 78 23 765 425 189 13 8 55 340 188 236 152 11 45 16 29 8 6 10 25
internal_count=912 102 91 810 78 23 765 425 189 13 8 55 340 188 236 152 11 45 16 29 8 6 10 25
is_linear=0
shrinkage=0.05


Tree=10
num_leaves=25
num_cat=0
split_feature=3 2 1 7 1 6 2 8 1 2 5 6 7 7 3 8 1 0 0 7 5 6 0 0
split_gain=4.89976e+06 2.42082e+06 944776 677737 663572 563666 336473 256073 310591 217980 194943 72997.6 62577 50068.1 25006.8 18451 17348.9 4930.33 4762.5 411.703 403.326 29.2362 0.0449308 0.0212955
threshold=0.90256535388852899 1416.2350000000004 16896.300000000003 1.5000000000000002 35373.525000000009 90.500000000000014 8463.4600000000009 2.5000000000000004 21618.745000000003 3731.6200000000003 22.500000000000004 89.500000000000014 1.0000000180025095e-35 4.5000000000000009 0.89135804811403696 3.5000000000000004 35628.94000000001 42579.250000000007 38706.500000000007 3.5000000000000004 22.500000000000004 82.500000000000014 31954.800000000003 32852.55000000001
decision_type=2 2 2 2 2 2 2 2 2 2 2 2 2 2 2 2 2 2 2 2 2 2 2 2
left_child=2 10 19 12 5 -5 11 8 -8 -6 18 13 17 -4 -13 -9 -14 -3 -2 20 22 -21 -1 -23
right_child=1 3 6 4 9 -7 7 15 -10 -11 -12 14 16 -15 -16 -17 -18 -19 -20 21 -22 23 -24 -25
leaf_value=-8.5578314463297556 38.292866007486992 -2.246025954352485 1.2163467757894022 22.676912907191689 1.8237068201366222 9.9520268647567089 -8.9524084264581862 -1.3990101680009053 -2.606401025417906 16.326513799031577 21.772260538736973 -0.82922707258991601 2.3404219193892049 -0.77180343717336664 1.5452099780241648 -0.50311216902341283 6.6299830118815066 0.09451825618743892 35.772946166992185 -8.9701309204101474 -9.1154211425781266 -9.116730260848998 -8.5503372192382781 -9.1204685974121098
leaf_weight=5.9999999999999982 2.9999999999999982 8.9999999999999982 152 13.999999999999998 19.000000000000004 23 22 99 156 2.9999999999999991 3 146 10.999999999999998 40 11.999999999999998 137 3.0000000000000009 3.0000000000000009 5 4.0000000000000027 4.9999999999999991 16.000000000000004 3 4.9999999999999991
leaf_count=6 3 9 152 14 19 23 22 99 156 3 3 146 11 40 12 137 3 3 5 4 5 16 3 5
internal_value=-0.105284 10.5705 -1.38159 7.7142 10.678 14.7668 -0.994099 -1.95889 -3.39074 3.80136 32.6418 0.147108 0.988612 0.802149 -0.64889 -0.878934 3.25961 -1.66089 36.7179 -8.97245 -8.75536 -9.09402 -8.55533 -9.11762
internal_weight=899 96 803 85 59 37 764 414 178 22 11 350 26 192 158 236 14 12 8 39 14 25 9 21
internal_count=899 96 803 85 59 37 764 414 178 22 11 350 26 192 158 236 14 12 8 39 14 25 9 21
is_linear=0
shrinkage=0.05


Tree=11
num_leaves=24
num_cat=0
split_feature=3 3 4 1 4 4 3 8 4 0 3 1 4 7 3 4 7 6 0 6 0 7 0
split_gain=5.01142e+06 2.18653e+06 1.06807e+06 826881 782934 1.14844e+06 336701 283981 312168 113804 225412 103637 108168 80302.7 45793.9 40393.5 399.723 386.768 195.323 4.14008 0.572594 0.00501319 0.000567446
threshold=0.90256535388852899 0.96532020591355583 36662.500000000007 16896.300000000003 44735.000000000007 44810.000000000007 0.73747574979795261 2.5000000000000004 39295.000000000007 35663.30000000001 0.92816110161410581 31553.350000000006 30732.500000000004 2.5000000000000004 0.91625507702428666 43067.500000000007 3.5000000000000004 91.500000000000014 39482.55000000001 82.500000000000014 31833.600000000002 4.5000000000000009 40733.200000000004
decision_type=2 2 2 2 2 2 2 2 2 2 2 2 2 2 2 2 2 2 2 2 2 2 2
left_child=3 2 9 16 14 -6 7 8 -5 10 -2 12 -8 -13 -4 -9 17 20 -3 -18 -1 -21 -20
right_child=1 18 4 6 5 -7 11 15 -10 -11 -12 13 -14 -15 -16 -17 19 -19 22 21 -22 -23 -24
leaf_value=-8.1436153411865249 33.665385437011729 34.494884236653654 -2.3892873585224152 -8.5044931956699923 23.926536560058594 5.3363778533758941 3.6665118662516281 -1.0697475000447836 -2.6123031154536367 15.65653869628906 16.879541397094723 2.5507180712682507 -0.68676182087701543 0.073979969012240562 1.8682638676961265 1.6233532873789469 -8.7242144266764221 -8.6831677246093744 34.001251220703118 -8.6605096990411923 -8.1168619791666643 -8.6621008978949643 34.000278727213534
leaf_weight=5.9999999999999982 3.9999999999999982 2.9999999999999982 7.9999999999999991 28 11.999999999999998 27 14.999999999999998 194 114 5 4 60 293 72 30 14.999999999999998 3.0000000000000027 4.9999999999999991 3 11 3 9 3
leaf_count=6 4 3 8 28 12 27 15 194 114 5 4 60 293 72 30 15 3 5 3 11 3 9 3
internal_value=0.035704 10.6675 8.31774 -1.23549 6.07967 11.0564 -0.893759 -2.04874 -3.77414 21.574 25.2725 0.0276048 -0.474752 1.19977 0.971937 -0.876463 -8.54122 -8.33058 34.1655 -8.66944 -8.1347 -8.66123 34.0008
internal_weight=927 99 90 828 77 39 791 351 142 13 8 440 308 132 38 209 37 14 9 23 9 20 6
internal_count=927 99 90 828 77 39 791 351 142 13 8 440 308 132 38 209 37 14 9 23 9 20 6
is_linear=0
shrinkage=0.05


Tree=12
num_leaves=25
num_cat=0
split_feature=3 2 1 4 3 7 3 4 4 4 1 1 0 3 7 7 0 7 5 6 6 0 0 0
split_gain=4.85775e+06 2.37135e+06 770903 762114 887311 723669 297834 165837 360865 77970.1 72841.4 66090.5 57881 110912 51813.3 23114.1 21855 427.392 331.442 178.112 1.35893 0.161073 0.00438981 0.000756782
threshold=0.90256535388852899 1416.2350000000004 16896.300000000003 36662.500000000007 0.91259713798500341 5.5000000000000009 0.77022438329139831 37740.000000000007 39052.500000000007 38452.500000000007 32457.065000000006 31860.930000000004 36366.950000000004 0.92816110161410581 1.0000000180025095e-35 1.0000000180025095e-35 37814.250000000007 3.5000000000000004 22.500000000000004 87.500000000000014 83.500000000000014 31954.800000000003 40279.850000000013 32726.050000000003
decision_type=2 2 2 2 2 2 2 2 2 2 2 2 2 2 2 2 2 2 2 2 2 2 2 2
left_child=2 16 17 12 5 -5 7 15 -9 10 -8 -11 13 -3 -6 -4 -2 18 21 22 -19 -1 -18 -22
right_child=1 3 6 4 14 -7 9 8 -10 11 -12 -13 -14 -15 -16 -17 19 20 -20 -21 23 -23 -24 -25
leaf_value=-7.7308249337332597 27.527766418457034 25.852281188964852 3.9561660766601565 -2.1679892635345444 -1.3413986605592072 19.62439366579056 1.5470267775210929 -7.9934002205177599 -1.9064311875571169 -0.71074174340751217 9.582927322387695 0.84126258350775718 12.667917887369793 15.320784912109373 3.0048964718977613 -0.48079551774597562 32.296940104166673 -8.2596914291381776 -8.2252503967285158 32.770139567057285 -8.2279441833496083 -7.7169774373372384 32.299644978841137 -8.22723388671875
leaf_weight=6.9999999999999982 2.9999999999999991 4.9999999999999982 2.9999999999999991 5.0000000000000027 7.9999999999999991 15.999999999999998 47 27 248 177 2.9999999999999991 112 2.9999999999999991 5 48 136 2.9999999999999982 4.0000000000000027 4.9999999999999991 3 15.000000000000002 3 3 4.9999999999999991
leaf_count=7 3 5 3 5 8 16 47 27 248 177 3 112 3 5 48 136 3 4 5 3 15 3 3 5
internal_value=0.074902 10.3452 -1.24778 7.56137 5.67083 14.4357 -0.892772 -1.7926 -2.50406 0.206133 2.02918 -0.109273 18.7592 20.5865 2.384 -0.385034 31.2236 -8.10223 -7.89286 32.4556 -8.23309 -7.72667 32.2983 -8.22777
internal_weight=894 102 792 90 77 21 753 414 275 339 50 289 13 10 56 139 12 39 15 9 24 10 6 20
internal_count=894 102 792 90 77 21 753 414 275 339 50 289 13 10 56 139 12 39 15 9 24 10 6 20
is_linear=0
shrinkage=0.05


Tree=13
num_leaves=26
num_cat=0
split_feature=3 2 4 3 4 4 3 8 4 0 0 0 4 3 3 4 0 7 6 0 6 6 0 2 0
split_gain=4.64579e+06 2.21431e+06 990798 782776 534198 1.28522e+06 251582 241042 243844 115231 154360 86258.8 78213.7 60874.5 54028.4 44705.6 7187.96 356.361 370.547 319.884 3.64383 1.39634 0.184551 0.00858311 0.00628867
threshold=0.89820911484001764 1416.2350000000004 36662.500000000007 0.53456476313037216 44735.000000000007 44810.000000000007 0.73070867066163459 2.5000000000000004 39295.000000000007 34056.450000000004 35663.30000000001 37446.250000000007 30732.500000000004 0.81330966212419664 0.91625507702428666 43067.500000000007 39048.350000000013 3.5000000000000004 91.500000000000014 33999.500000000007 82.500000000000014 94.500000000000014 31833.600000000002 17361.290000000005 40279.850000000013
decision_type=2 2 2 2 2 2 2 2 2 2 2 2 2 2 2 2 2 2 2 2 2 2 2 2 2
left_child=3 11 9 17 14 -6 7 8 -5 -3 -11 -2 19 -14 -4 -9 -13 18 22 -8 -19 -20 -1 -22 -18
right_child=1 2 4 6 5 -7 12 15 -10 10 -12 16 13 -15 -16 -17 24 20 21 -21 23 -23 -24 -25 -26
leaf_value=-7.3463100433349631 21.894597880045573 14.068159332275393 -2.0889579010009767 -7.697620611531395 21.373651668003628 2.1590382342753203 3.1232062816619877 -0.99812878017318996 -2.4461785925002326 30.689501571655271 16.798857116699217 33.609073893229173 -0.76767638291191798 0.42665798867954385 2.1547978544235229 1.9357290974685126 30.68209126790364 -7.8750193277994702 -7.8619071960449221 3.5703385829925538 -7.8141932169596267 -7.8136657714843727 -7.332444953918456 -7.8170441714200116 30.685119628906246
leaf_weight=5.9999999999999982 2.9999999999999991 4.9999999999999991 9.9999999999999982 28 13.999999999999998 23 7.9999999999999991 179 105 4 4 2.9999999999999982 230 199 30 13.999999999999998 3 3.0000000000000027 2.9999999999999991 7.9999999999999991 3.0000000000000027 3 4 22 4
leaf_count=6 3 5 10 28 14 23 8 179 105 4 4 3 230 199 30 14 3 3 3 8 3 3 4 22 4
internal_value=0.03562 10.0411 7.25486 -1.22888 5.09926 9.42943 -0.858702 -1.91395 -3.55175 20.0226 23.7442 29.3306 -0.0856455 -0.213661 1.09386 -0.78531 31.5614 -7.71539 -7.52715 3.34677 -7.82295 -7.83779 -7.34076 -7.8167 30.6838
internal_weight=918 103 90 815 77 37 771 326 133 13 8 13 445 429 40 193 10 44 16 16 28 6 10 25 7
internal_count=918 103 90 815 77 37 771 326 133 13 8 13 445 429 40 193 10 44 16 16 28 6 10 25 7
is_linear=0
shrinkage=0.05


Tree=14
num_leaves=24
num_cat=0
split_feature=3 2 1 4 3 4 2 8 4 0 7 7 0 3 2 4 4 0 2 0 1 2 7
split_gain=3.37793e+06 1.66084e+06 699865 577653 675256 699506 212548 175106 252968 136656 60968.5 60262.6 56731.1 93833 55695 29892.1 7764.76 5707.17 240.329 231.818 71.8988 18.0256 0.745223
threshold=0.90256535388852899 1416.2350000000004 16896.300000000003 36662.500000000007 0.91259713798500341 44735.000000000007 8463.4600000000009 2.5000000000000004 39295.000000000007 37446.250000000007 4.5000000000000009 1.0000000180025095e-35 35663.30000000001 0.9314720871953861 5737.7700000000013 43067.500000000007 40910.000000000007 39048.350000000013 17607.195000000003 32773.650000000009 14192.155000000002 16882.245000000003 3.5000000000000004
decision_type=2 2 2 2 2 2 2 2 2 2 2 2 2 2 2 2 2 2 2 2 2 2 2
left_child=2 9 18 12 5 -5 10 8 -8 -2 14 -6 13 -3 -4 -9 -12 -11 19 21 22 -1 -20
right_child=1 3 6 4 11 -7 7 15 -10 17 16 -13 -14 -15 -16 -17 -18 -19 20 -21 -22 -23 -24
leaf_value=-7.1209541320800795 17.670366923014324 26.421608479817721 1.6636846365558136 -2.8591317812601709 -1.5408636614680291 16.854172449641759 -7.7417518962513316 -0.82208092419370526 -2.0123101359990336 31.907867431640614 -1.7327328296644346 2.7110529298782353 12.272666549682615 14.723753356933592 0.057050603494544209 1.1535122063897905 -0.70988120610063732 29.149323120117181 -7.4504396057128801 -7.4353814697265621 -7.1741269429524737 -6.974465070452009 -7.4288580322265636
leaf_weight=2.9999999999999982 2.9999999999999991 2.9999999999999982 74 6.0000000000000027 9.9999999999999982 18 22 217 155 3 28 50 4 4 199 21 55 5 5.0000000000000062 4.9999999999999991 2.9999999999999991 7 20
leaf_count=3 3 3 74 6 10 18 22 217 155 3 28 50 4 4 199 21 55 5 5 5 3 7 20
internal_value=-0.0175057 8.37827 -1.11081 6.24858 4.83767 11.9258 -0.764577 -1.53348 -2.72444 26.771 0.131758 2.0024 17.0228 19.7371 0.492548 -0.647764 -1.05494 30.1838 -7.3189 -7.1574 -7.40542 -7.01841 -7.43317
internal_weight=920 106 814 95 84 24 771 415 177 11 356 60 11 7 273 238 83 8 43 15 28 10 25
internal_count=920 106 814 95 84 24 771 415 177 11 356 60 11 7 273 238 83 8 43 15 28 10 25
is_linear=0
shrinkage=0.05


Tree=15
num_leaves=26
num_cat=0
split_feature=3 2 4 3 4 1 3 4 0 8 4 0 3 4 1 1 2 4 0 1 0 7 0 2 0
split_gain=3.87068e+06 1.59727e+06 724549 690052 674062 562634 185525 143950 142582 125286 159231 114185 109583 75025.2 58498 47350.1 42914.9 25236.9 6037.34 1481.65 178.382 168.2 98.144 14.6717 2.91038e-11
threshold=0.90256535388852899 1416.2350000000004 36662.500000000007 0.91259713798500341 44735.000000000007 18766.640000000003 0.77022438329139831 37740.000000000007 37446.250000000007 2.5000000000000004 39052.500000000007 35663.30000000001 0.9314720871953861 38452.500000000007 32457.065000000006 31245.235000000004 2516.0700000000002 36372.500000000007 38706.500000000007 16896.300000000003 32689.050000000003 3.5000000000000004 31027.050000000003 1237.6400000000001 31616.550000000003
decision_type=2 2 2 2 2 2 2 2 2 2 2 2 2 2 2 2 2 2 2 2 2 2 2 2 2
left_child=5 8 11 4 -4 7 9 20 -2 10 -7 12 -3 14 -8 -15 -5 -11 -10 21 22 -9 -1 -20 -21
right_child=1 2 3 16 -6 6 13 19 18 17 -12 -13 -14 15 -16 -17 -18 -19 23 24 -22 -23 -24 -25 -26
leaf_value=-1.5588407516479479 17.26626796722412 27.833946418762213 -3.0899248504638663 0.0060799050331115725 18.108541768391927 -6.4523124189603891 1.5562871742217492 -6.8147922515869146 30.312472534179701 -0.10886933493217635 -1.8146529102745728 12.523052520751952 15.192387898763016 -0.66409792630683362 8.7531710942586258 0.60813723881587833 3.0167166179624099 -1.1735210456617988 27.694245910644526 -7.7441291809082031 -1.3830860137939454 -7.0328669548034668 -1.8565020667182077 27.547971598307285 -7.7441291809082005
leaf_weight=4.0000000000000027 3.9999999999999991 3.9999999999999982 5.0000000000000009 20 15 21 48 13.999999999999998 2.9999999999999982 124 156 5 3 164 2.9999999999999991 132 29 101 4 3.9999999999999991 3.9999999999999991 24 8.9999999999999982 3 3
leaf_count=4 4 4 5 20 15 21 48 14 3 124 156 5 3 164 3 132 29 101 4 4 4 24 9 3 3
internal_value=0.10107 9.64986 6.95448 4.98239 12.8089 -1.01747 -0.638567 -5.59486 25.2445 -1.36968 -2.36488 18.294 22.4161 0.208425 1.97963 -0.0967498 1.78789 -0.58678 28.4358 -7.07566 -1.67507 -6.95252 -1.76491 27.6316 -7.74413
internal_weight=906 95 81 69 20 811 749 62 14 402 177 12 7 347 51 296 49 225 10 45 17 38 13 7 7
internal_count=906 95 81 69 20 811 749 62 14 402 177 12 7 347 51 296 49 225 10 45 17 38 13 7 7
is_linear=0
shrinkage=0.05


Tree=16
num_leaves=20
num_cat=0
split_feature=2 3 3 8 2 4 4 3 8 0 4 7 2 0 0 7 6 6 0
split_gain=3.5365e+06 1.52844e+06 558477 465204 340421 532394 352579 208998 184547 130519 70666.4 49148.1 5845.41 5628.66 3793.22 245.97 291.912 48.9353 15.083
threshold=1416.2350000000004 0.89820911484001764 0.53456476313037216 2.5000000000000004 2913.6550000000002 44735.000000000007 36662.500000000007 0.67315932126148648 2.5000000000000004 37446.250000000007 39497.500000000007 4.5000000000000009 3464.1700000000005 38706.500000000007 38188.150000000009 3.5000000000000004 91.500000000000014 82.500000000000014 39996.450000000004
decision_type=2 2 2 2 2 2 2 2 2 2 2 2 2 2 2 2 2 2 2
left_child=9 2 15 11 6 -6 -5 8 -4 -1 -9 12 -3 -11 -13 16 -2 -17 -15
right_child=1 3 7 4 5 -7 -8 10 -10 13 -12 14 -14 18 -16 17 -18 -19 -20
leaf_value=16.402954483032229 -6.2761655426025396 -1.6315255056728017 -4.0038165033618105 14.157669394356866 4.3361978396773342 16.572861118316649 1.5653159459431967 0.70878785854783555 -0.90191458668865154 28.796850585937502 -0.57383251707047078 1.2839559078216551 -4.1214413007100399 26.168629964192704 3.1486599127451576 -6.4922302246093686 -6.7440690612792968 -6.7059425048828132 26.310441894531245
leaf_weight=3.9999999999999991 9.9999999999999982 10.999999999999998 79 6.9999999999999991 15.999999999999998 20 27 145 122 2.9999999999999991 414 5 3.0000000000000009 3 6 3.0000000000000027 4.9999999999999991 25 5
leaf_count=4 10 11 79 7 16 20 27 145 122 3 414 5 3 3 6 3 5 25 5
internal_value=0.0597261 -0.342462 -1.05197 5.65478 7.74577 11.1343 4.15786 -0.738326 -2.12107 24.1374 -0.241131 -0.199975 -2.16508 26.9499 2.30107 -6.59552 -6.43213 -6.68304 26.2573
internal_weight=913 898 803 95 70 36 34 760 201 15 559 25 14 11 11 43 15 28 8
internal_count=913 898 803 95 70 36 34 760 201 15 559 25 14 11 11 43 15 28 8
is_linear=0
shrinkage=0.05


Tree=17
num_leaves=27
num_cat=0
split_feature=3 2 1 8 3 6 4 2 0 8 4 4 1 7 3 4 2 0 0 7 6 6 0 0 1 0
split_gain=2.56422e+06 1.27446e+06 529019 397349 694661 244988 195252 176956 133214 128515 174184 69157 94244.8 48090.3 46072 22549 6235.07 4462.96 2957.75 177.715 300.036 25.454 2.32004 0.121645 0.116195 0.0135089
threshold=0.90503083712587162 1416.2350000000004 16896.300000000003 2.5000000000000004 0.92412070868503149 84.500000000000014 36662.500000000007 8158.6200000000017 37446.250000000007 2.5000000000000004 39295.000000000007 38452.500000000007 32457.065000000006 4.5000000000000009 0.88541603609000574 43067.500000000007 3464.1700000000005 39048.350000000013 38188.150000000009 3.5000000000000004 91.500000000000014 82.500000000000014 29736.200000000001 31833.600000000002 13895.950000000003 40279.850000000013
decision_type=2 2 2 2 2 2 2 2 2 2 2 2 2 2 2 2 2 2 2 2 2 2 2 2 2 2
left_child=2 8 19 13 5 -5 -6 11 -2 10 -9 12 -4 16 -13 -11 -3 -10 -15 20 23 -21 -22 -1 -23 -19
right_child=1 3 7 4 6 -7 -8 9 17 15 -12 14 -14 18 -16 -17 -18 25 -20 21 22 24 -24 -25 -26 -27
leaf_value=-5.9736970084054111 13.616221618652345 -1.2832872096035211 1.3068034623861315 8.464910351146349 10.694497244698661 18.436217498779296 1.3904670216913884 -6.3538261810938517 27.357006835937508 -0.76640539829865162 -1.7763193968419106 -0.42008498833522578 10.430924924214681 1.4750887938908168 1.3410734858025206 1.0709425608317058 -3.9153693834940593 24.997451782226555 2.8454659673902727 -6.2340012550353947 -6.3719654083251953 -6.3672968728201722 -6.4301322937011705 -5.9616630554199208 -6.3743536376953127 24.992706807454422
leaf_weight=7.0000000000000018 2.9999999999999991 9.0000000000000018 50 11.000000000000002 6.9999999999999991 13.999999999999998 29 24 2.9999999999999982 231 155 238 2.9999999999999991 6.9999999999999991 44 18 2.9999999999999991 3 8.9999999999999982 4.0000000000000027 3.9999999999999991 14.000000000000002 3 3 9.9999999999999982 3
leaf_count=7 3 9 50 11 7 14 29 24 3 231 155 238 3 7 44 18 3 3 9 4 4 14 3 3 10 3
internal_value=-0.0663251 7.4449 -1.00523 5.38253 7.646 14.0488 3.19958 -0.694527 22.7408 -1.36819 -2.39006 0.166149 1.82326 0.451397 -0.145294 -0.633585 -1.94131 25.7824 2.24593 -6.27335 -6.14583 -6.35077 -6.39689 -5.97009 -6.37024 24.9951
internal_weight=909 101 808 89 61 25 36 763 12 428 179 335 53 28 282 249 12 9 16 45 17 28 7 10 24 6
internal_count=909 101 808 89 61 25 36 763 12 428 179 335 53 28 282 249 12 9 16 45 17 28 7 10 24 6
is_linear=0
shrinkage=0.05


Tree=18
num_leaves=26
num_cat=0
split_feature=3 2 1 8 3 4 1 5 8 0 1 4 4 3 4 9 0 0 2 1 0 2 3 0 2
split_gain=2.96911e+06 1.26555e+06 471949 452051 640820 313855 148606 141551 129222 103846 102306 93171.2 54192.3 53404.1 35430.7 34524.8 8493.23 4653.97 4269.42 1648.04 1205.58 129.216 113.707 50.6734 22.9119
threshold=0.90256535388852899 1416.2350000000004 18766.640000000003 2.5000000000000004 0.92412070868503149 36662.500000000007 31245.235000000004 20.500000000000004 2.5000000000000004 37446.250000000007 24576.455000000005 37740.000000000007 45602.500000000007 0.83170320217284444 33577.500000000007 1.0000000180025095e-35 41988.150000000009 38706.500000000007 3464.1700000000005 17328.220000000005 37135.80000000001 17607.195000000003 0.5479065856547658 32689.050000000003 1237.6400000000001
decision_type=2 2 2 2 2 2 2 2 2 2 2 2 2 2 2 2 2 2 2 2 2 2 2 2 2
left_child=2 9 11 15 7 -6 8 -5 10 -2 -4 22 13 -8 -10 18 -14 -11 -3 21 -17 -13 -1 -24 -19
right_child=1 3 6 4 5 -7 12 -9 14 17 -12 19 16 -15 -16 20 -18 24 -20 -21 -22 -23 23 -25 -26
leaf_value=-1.7197533289591473 14.901996231079103 -1.5078048184514046 -3.7644460684468286 10.088955616950987 13.577433395385734 0.79204158002200231 -0.31855993168107394 17.489406585693359 0.54423767551779745 25.98915710449219 -1.2772398567580163 -5.8573954532020975 -0.81930593808249741 2.2227209764222304 -0.61049433617244353 0.99564679463704364 1.1948256331806382 23.745441589355465 -3.7196008523305242 -6.8390403747558599 2.1709747374057771 -6.0303803405761727 -1.4536042349679132 -1.2305156707763669 23.570658365885411
leaf_weight=2.9999999999999991 3.9999999999999991 7.9999999999999991 53 12.000000000000002 6.0000000000000027 24 29 13.999999999999998 88 2.9999999999999991 188 19 41 72 271 3.0000000000000009 5.9999999999999991 5 3.0000000000000009 5.9999999999999991 7.9999999999999991 25 6.9999999999999982 4 3
leaf_count=3 4 8 53 12 6 24 29 14 88 3 188 19 41 72 271 3 6 5 3 6 8 25 7 4 3
internal_value=0.0379971 8.50044 -0.931224 5.94264 8.32844 3.34912 -0.578627 14.0738 -0.928646 21.801 -1.82422 -5.0522 0.840372 1.49305 -0.32744 -0.130296 -0.562183 24.3097 -2.11102 -6.06169 1.85043 -5.95568 -1.4469 -1.37248 23.6799
internal_weight=905 93 812 78 56 30 748 26 600 15 241 64 148 101 359 22 47 11 11 50 11 44 14 11 8
internal_count=905 93 812 78 56 30 748 26 600 15 241 64 148 101 359 22 47 11 11 50 11 44 14 11 8
is_linear=0
shrinkage=0.05


Tree=19
num_leaves=19
num_cat=0
split_feature=2 3 3 8 3 4 0 1 8 4 9 0 1 0 0 0 2 0
split_gain=2.48775e+06 1.03523e+06 436334 388708 317826 282613 181035 151176 121057 82564.7 40461.9 37095.3 6510.89 5338.46 4083.76 2807.78 117.359 19.0478
threshold=1416.2350000000004 0.90503083712587162 0.5479065856547658 2.5000000000000004 0.92412070868503149 36662.500000000007 39303.80000000001 26792.890000000003 2.5000000000000004 39497.500000000007 1.0000000180025095e-35 37446.250000000007 16896.300000000003 42579.250000000007 38706.500000000007 38864.000000000007 17607.195000000003 39996.450000000004
decision_type=2 2 2 2 2 2 2 2 2 2 2 2 2 2 2 2 2 2
left_child=11 2 12 10 6 -6 -5 8 -4 -9 13 -1 16 -3 -13 -12 -2 -16
right_child=1 3 7 4 5 -7 -8 9 -10 -11 15 14 -14 -15 17 -17 -18 -19
leaf_value=16.806977335611979 -5.566212001599764 -2.3278373631564055 -2.5970920090563596 15.102478281656898 12.385915517807007 1.5887883424758913 5.7887196421623237 1.5477173411362881 -0.65491777144199192 -0.28825389740752499 2.6367979764938356 24.689699300130215 -3.2549551010131839 0.051659595966339081 22.389553324381506 1.1263935756683345 -5.7296946598933296 22.556220626831049
leaf_weight=2.9999999999999991 19 10.999999999999998 128 15.000000000000002 7.9999999999999991 25 7.9999999999999991 74 215 355 7.9999999999999991 2.9999999999999982 2.9999999999999991 3.0000000000000009 3 5.0000000000000009 26 4
leaf_count=3 19 11 128 15 8 25 8 74 215 355 8 3 3 3 3 5 26 4
internal_value=-0.0335332 -0.346179 -0.884792 4.97505 7.35096 4.20627 11.8629 -0.597194 -1.37969 0.0284404 0.0472266 21.6834 -5.51031 -1.81795 23.1463 2.05587 -5.66067 22.4848
internal_weight=916 903 820 83 56 33 23 772 343 429 27 13 48 14 10 13 45 7
internal_count=916 903 820 83 56 33 23 772 343 429 27 13 48 14 10 13 45 7
is_linear=0
shrinkage=0.05


Tree=20
num_leaves=26
num_cat=0
split_feature=3 2 4 3 4 4 3 8 2 0 4 3 0 0 4 3 4 0 7 6 6 2 0 3 0
split_gain=2.02205e+06 990013 615414 374000 260431 798501 155515 149414 101529 84550.5 66802.5 75479.3 59009.2 134219 50784.2 40923.7 25621.3 3537.81 131.166 249.042 21.3428 16.3055 3.03003 0.718179 0.421775
threshold=0.89820911484001764 1416.2350000000004 36662.500000000007 0.53456476313037216 44735.000000000007 44810.000000000007 0.67315932126148648 2.5000000000000004 12479.165000000003 37446.250000000007 39497.500000000007 0.88541603609000574 34056.450000000004 35663.30000000001 43067.500000000007 0.91625507702428666 30732.500000000004 38706.500000000007 3.5000000000000004 91.500000000000014 82.500000000000014 1237.6400000000001 29736.200000000001 0.4446151347919533 31833.600000000002
decision_type=2 2 2 2 2 2 2 2 2 2 2 2 2 2 2 2 2 2 2 2 2 2 2 2 2
left_child=3 9 12 18 15 -6 7 8 -5 -2 16 -12 -3 -14 -9 -4 -8 -11 19 24 -20 -19 -21 -22 -1
right_child=1 2 4 6 5 -7 10 14 -10 17 11 -13 13 -15 -16 -17 -18 21 20 22 23 -23 -24 -25 -26
leaf_value=-5.1038607915242524 13.316547107696534 9.9408639526367182 -2.6828524053096774 -7.0509254693984991 15.947152181772086 0.77030387199842021 2.7346593154328214 -1.0863451583293873 -2.6113734912748141 23.455213419596362 -0.73904865445632217 1.7188670692198418 23.542217636108404 11.25417251586914 2.1126194413219177 1.0105507576465607 0.48591849230285877 21.434721374511714 -5.342708969116206 -5.4653635025024414 -5.4613425731658927 21.269870503743483 -5.5318374633789054 -5.4796905040740969 -5.0808995564778634
leaf_weight=5.9999999999999982 3.9999999999999991 4.9999999999999991 9.9999999999999982 15.999999999999998 12.999999999999998 26 13.999999999999998 109 66 2.9999999999999982 384 34 3.9999999999999982 5 13.999999999999998 30 133 3 4.0000000000000027 3.9999999999999991 16.000000000000004 3 3 7.9999999999999991 3
leaf_count=6 4 5 10 16 13 26 14 109 66 3 384 34 4 5 14 30 133 3 4 4 16 3 3 8 3
internal_value=-0.0550384 6.44074 4.63412 -0.900926 2.92188 5.82925 -0.644729 -1.82439 -3.47763 19.365 -0.216709 -0.539122 14.296 16.7155 -0.722235 0.0872 0.700084 22.0533 -5.38438 -5.27018 -5.44964 21.3523 -5.49385 -5.46746 -5.09621
internal_weight=920 106 93 814 79 39 770 205 82 13 565 418 14 9 123 40 147 9 44 16 28 6 7 24 9
internal_count=920 106 93 814 79 39 770 205 82 13 565 418 14 9 123 40 147 9 44 16 28 6 7 24 9
is_linear=0
shrinkage=0.05


Tree=21
num_leaves=26
num_cat=0
split_feature=3 2 4 1 4 4 3 0 0 4 6 4 4 6 3 4 7 2 0 1 0 0 7 1 0
split_gain=1.81904e+06 697950 490722 318658 289791 670013 95297.9 77634.2 116667 74231.7 74219.2 73275 110635 42240.2 40905.7 27413.4 26701.6 4321.76 2513.1 2142.04 1475.37 126.749 121.006 40.2928 31.0194
threshold=0.89820911484001764 1416.2350000000004 36662.500000000007 18766.640000000003 44735.000000000007 44810.000000000007 0.73176568364352534 34056.450000000004 36015.150000000009 37740.000000000007 91.500000000000014 37740.000000000007 39295.000000000007 90.500000000000014 0.91625507702428666 32370.000000000004 1.0000000180025095e-35 11766.820000000002 39048.350000000013 16896.300000000003 32689.050000000003 32689.050000000003 3.5000000000000004 17814.685000000005 31616.550000000003
decision_type=2 2 2 2 2 2 2 2 2 2 2 2 2 2 2 2 2 2 2 2 2 2 2 2 2
left_child=3 10 7 9 14 -6 11 20 -9 21 18 17 -13 16 -4 -15 -8 -5 -2 22 -3 23 -11 -1 -21
right_child=1 2 4 6 5 -7 13 8 -10 19 -12 12 -14 15 -16 -17 -18 -19 -20 24 -22 -23 -24 -25 -26
leaf_value=-1.3255510330200198 22.282452901204437 9.4419275919596366 -2.2026816042986783 0.19912210429126087 15.058956963675364 1.0667059952562505 1.1869449854066427 22.36510610580445 10.908630523681639 -4.9908142970158504 12.650720119476317 -5.3140779781341552 -1.3919306790477106 2.613438924153646 1.3317906465381384 -0.82981643463614629 0.032667293736281307 -0.4474279322794506 20.368048858642574 -6.0146877288818361 7.873822148640949 -1.0942758369445802 -5.175406864711217 -1.5244813442230223 -6.2420617421468085
leaf_weight=6.9999999999999982 2.9999999999999982 2.9999999999999991 10.999999999999998 48 13.999999999999998 22 66 3.9999999999999982 5 12.999999999999998 4 20 178 5.9999999999999991 32 158 208 56 4 2.9999999999999991 3 4.9999999999999991 28 4 3
leaf_count=7 3 3 11 48 14 22 66 4 5 13 4 20 178 6 32 158 208 56 4 3 3 5 28 4 3
internal_value=-0.0216926 6.16718 4.77268 -0.830948 3.19849 6.50814 -0.540325 13.0634 16.0004 -4.24461 18.0839 -1.22365 -1.78811 -0.0691717 0.427623 -0.703844 0.310705 -0.14902 21.1885 -5.246 8.65787 -1.30301 -5.11688 -1.39789 -6.12837
internal_weight=908 105 94 803 79 36 740 15 9 63 11 302 198 438 43 164 274 104 7 47 6 16 41 11 6
internal_count=908 105 94 803 79 36 740 15 9 63 11 302 198 438 43 164 274 104 7 47 6 16 41 11 6
is_linear=0
shrinkage=0.05


Tree=22
num_leaves=19
num_cat=0
split_feature=2 3 4 1 4 4 8 1 2 1 4 3 1 4 1 1 2 1
split_gain=1.62395e+06 706177 436782 287161 144396 165317 131392 103272 69802 68582.1 60634.9 49737.1 65172.7 24641.3 2956.39 2128.73 100.946 20.5086
threshold=1416.2350000000004 0.88541603609000574 36662.500000000007 18766.640000000003 42910.000000000007 44810.000000000007 2.5000000000000004 24576.455000000005 7125.1800000000012 36105.070000000007 37740.000000000007 0.92816110161410581 32673.390000000003 39905.000000000007 37439.675000000003 16896.300000000003 13802.815000000001 38353.130000000012
decision_type=2 2 2 2 2 2 2 2 2 2 2 2 2 2 2 2 2 2
left_child=9 3 11 10 13 -6 7 -5 -8 -1 16 12 -3 -4 -11 -12 -2 -16
right_child=1 2 4 6 5 -7 8 -9 -10 14 15 -13 -14 -15 17 -17 -18 -19
leaf_value=12.018183994293214 -1.4732146501541139 20.350020217895516 1.7128476147140779 -3.4300405239159204 5.8372119376533913 0.82447226617870661 1.025566621487205 -0.98476409135714116 -0.4319482508575237 21.168330383300788 -4.8630968884723949 7.6953547477722157 11.028165740966795 -0.82755909522374482 19.153525797526036 -5.8065270015171606 -1.1760149288177491 19.33840688069661
leaf_weight=3.9999999999999991 3.9999999999999991 2.9999999999999982 13.999999999999998 53 38 29 111 233 316 2.9999999999999982 41 4 5 30 3 6.9999999999999991 9.9999999999999982 3
leaf_count=4 4 3 14 53 38 29 111 233 316 3 41 4 5 30 3 7 10 3
internal_value=-0.0797837 -0.333782 3.18577 -0.892369 2.2061 3.66752 -0.608555 -1.43791 -0.0530627 17.4657 -4.15622 12.2477 14.5239 -0.0192479 19.8868 -5.00068 -1.26093 19.246
internal_weight=911 898 123 775 111 67 713 286 427 13 62 12 8 44 9 48 14 6
internal_count=911 898 123 775 111 67 713 286 427 13 62 12 8 44 9 48 14 6
is_linear=0
shrinkage=0.05


Tree=23
num_leaves=24
num_cat=0
split_feature=3 2 4 3 7 3 3 8 4 4 0 0 3 4 4 6 2 3 0 7 6 6 0
split_gain=1.67627e+06 671159 348812 337895 402163 273007 100263 83080.5 125474 50265 49170.5 43060.2 119836 41686.5 41123.4 35947.2 4187.28 729.336 203.573 103.703 195.523 19.5504 0.161695
threshold=0.90256535388852899 1416.2350000000004 36662.500000000007 0.91259713798500341 5.5000000000000009 0.5479065856547658 0.73176568364352534 2.5000000000000004 39295.000000000007 45077.500000000007 37814.250000000007 35663.30000000001 0.9314720871953861 30732.500000000004 43067.500000000007 90.500000000000014 14759.655000000001 0.77241315288677537 39048.350000000013 3.5000000000000004 91.500000000000014 83.500000000000014 40279.850000000013
decision_type=2 2 2 2 2 2 2 2 2 2 2 2 2 2 2 2 2 2 2 2 2 2 2
left_child=5 10 11 4 -4 16 7 8 -7 -5 -2 12 -3 17 -9 -15 -1 -8 -12 20 -18 -21 -20
right_child=1 2 3 9 -6 6 13 14 -10 -11 18 -13 -14 15 -16 -17 19 -19 22 21 -22 -23 -24
leaf_value=-2.690274461110433 10.937854766845703 20.229349708557137 -3.0899347702662134 0.51070345839858056 11.857442198859321 -5.0664543875332537 3.335536257425944 -0.75888923440929945 -1.3471904437702438 5.3539484292268753 17.89175109863282 7.9916116333007814 8.6183190917968737 0.23223219627345149 1.8189543815220106 -0.71209089511011281 -4.3487552165985113 2.4560261466286399 18.392815653483066 -4.5736484527587846 -4.7263384501139312 -4.6927033538818357 18.377459716796874
leaf_weight=2.9999999999999991 2.9999999999999991 3.9999999999999982 6.0000000000000027 50 18 29 2.9999999999999991 172 104 5.9999999999999991 2.9999999999999982 4.9999999999999991 5 264 17 163 7.9999999999999982 10.999999999999998 3 4.0000000000000027 6 25 4
leaf_count=3 3 4 6 50 18 29 3 172 104 6 3 5 5 264 17 163 8 11 3 4 6 25 4
internal_value=0.0223646 5.90371 4.43107 3.15692 8.1206 -0.755515 -0.529987 -1.20075 -2.15816 1.02962 16.5521 11.7119 13.7788 -0.0402236 -0.52702 -0.128247 -4.49633 2.64449 18.2364 -4.62233 -4.51058 -4.67628 18.384
internal_weight=916 107 94 80 24 809 763 322 133 56 13 14 9 441 189 427 46 14 10 43 14 29 7
internal_count=916 107 94 80 24 809 763 322 133 56 13 14 9 441 189 427 46 14 10 43 14 29 7
is_linear=0
shrinkage=0.05


Tree=24
num_leaves=26
num_cat=0
split_feature=3 3 4 1 4 4 3 0 3 8 4 4 3 3 7 1 8 4 1 0 0 7 0 6 0
split_gain=1.36934e+06 525659 365549 259775 253313 451890 116741 135802 100182 90180.6 78071.4 44631.7 42132 38712 34879.2 39880.2 34947.1 28729.4 1823.28 1699.93 162.652 122.335 44.8016 42.5611 39.1397
threshold=0.89820911484001764 0.96250598957035427 36662.500000000007 18766.640000000003 44735.000000000007 44810.000000000007 0.92816110161410581 36366.950000000004 0.75375682463741411 2.5000000000000004 39295.000000000007 37740.000000000007 0.96532020591355583 0.91625507702428666 2.5000000000000004 32824.350000000013 2.5000000000000004 43067.500000000007 16896.300000000003 32689.050000000003 39482.55000000001 3.5000000000000004 31616.550000000003 95.500000000000014 32359.650000000005
decision_type=2 2 2 2 2 2 2 2 2 2 2 2 2 2 2 2 2 2 2 2 2 2 2 2 2
left_child=3 2 6 11 13 -6 7 -2 9 10 -5 23 -3 -4 15 -10 -16 -11 21 -8 -14 -13 -20 24 -1
right_child=1 12 4 8 5 -7 19 -9 14 17 -12 18 20 -15 16 -17 -18 -19 22 -21 -22 -23 -24 -25 -26
leaf_value=-1.1637222671508791 24.69804687500001 11.00341968536377 -1.9313005286913651 -4.6985144788568673 13.052745492117745 1.7493640247732403 8.15414721171061 9.6535614013671847 0.26540916703351136 -0.53661102067588062 -1.4847463601449533 -4.286782727922712 16.997163899739579 1.3042807229794562 -1.0366571780531966 2.1351652332714628 0.29357571186354531 1.4587631071731448 -5.1703041076660163 6.4709300994873038 17.462855529785156 -4.4689171261257599 -5.4259124755859363 -1.2879236221313477 -0.95388388633728016
leaf_weight=4.9999999999999982 2.9999999999999982 3.9999999999999991 12.999999999999998 22 13.999999999999998 24 3 3 154 184 134 13.999999999999998 3 32 94 35 104 20 3.9999999999999991 3 5 27 3 2.9999999999999991 4
leaf_count=5 3 4 13 22 14 24 3 3 154 184 134 14 3 32 94 35 104 20 4 3 5 27 3 3 4
internal_value=0.017807 5.33274 4.08719 -0.686899 2.90787 5.91377 12.2442 17.1758 -0.432657 -1.03301 -1.93797 -3.85221 15.1933 0.369557 0.125814 0.61166 -0.337949 -0.340986 -4.53406 7.31254 17.2882 -4.40672 -5.27985 -1.12483 -1.07046
internal_weight=914 107 95 807 83 38 12 6 747 360 156 60 12 45 387 189 198 204 48 6 8 41 7 12 9
internal_count=914 107 95 807 83 38 12 6 747 360 156 60 12 45 387 189 198 204 48 6 8 41 7 12 9
is_linear=0
shrinkage=0.05


Tree=25
num_leaves=18
num_cat=0
split_feature=2 2 4 1 4 4 8 1 2 0 0 0 0 0 1 7 0
split_gain=1.20493e+06 549865 378733 210840 182559 440246 83913.3 88945.1 60207.2 48845.3 39901.4 36729.5 79515 3473.69 3125.39 171.305 19.5014
threshold=1416.2350000000004 3901.3450000000007 36662.500000000007 17328.220000000005 44735.000000000007 44810.000000000007 2.5000000000000004 24462.325000000004 7125.1800000000012 37446.250000000007 34627.400000000009 34056.450000000004 35663.30000000001 38706.500000000007 16896.300000000003 3.5000000000000004 40733.200000000004
decision_type=2 2 2 2 2 2 2 2 2 2 2 2 2 2 2 2 2
left_child=9 2 11 14 10 -6 7 -5 -8 -1 -4 -2 -13 -11 15 -3 -15
right_child=1 3 4 6 5 -7 8 -9 -10 13 -12 12 -14 16 -16 -17 -18
leaf_value=10.551562213897705 7.3836727142333984 -4.0281989506312774 -1.7140360088909377 -3.0660066276788713 12.643983078002931 0.82997338940267973 0.96285692733497585 -0.71835623613223731 -0.36316015009058872 18.581262207031255 1.1473817865862403 17.98298013210297 8.5249496459960934 16.407346598307289 -2.4959388097127277 -4.2451361142672033 16.587630716959634
leaf_weight=3.9999999999999991 4.9999999999999991 13.999999999999998 17 48 11.999999999999998 23 117 253 319 2.9999999999999982 43 3.9999999999999982 5 3 2.9999999999999991 26 3
leaf_count=4 5 14 17 48 12 23 117 253 319 3 43 4 5 3 3 26 3
internal_value=0.0366558 -0.184332 3.14212 -0.649183 2.01069 4.88049 -0.450619 -1.09273 -0.00732529 15.1488 0.336647 10.8196 12.7285 17.1921 -4.05247 -4.16921 16.4975
internal_weight=902 889 109 780 95 35 737 301 436 13 60 14 9 9 43 40 6
internal_count=902 889 109 780 95 35 737 301 436 13 60 14 9 9 43 40 6
is_linear=0
shrinkage=0.05


end of trees

feature_importances:
total_load=130
thermal_on_capacity=105
thermal_space_load_ratio=95
renewable_power=60
net_load=59
period=50
weekday=50
month=35
hour=12
is_weekend=2

parameters:
[boosting: gbdt]
[objective: regression]
[metric: rmse]
[tree_learner: serial]
[device_type: cpu]
[data_sample_strategy: bagging]
[data: ]
[valid: ]
[num_iterations: 400]
[learning_rate: 0.05]
[num_leaves: 31]
[num_threads: 0]
[seed: 42]
[deterministic: 0]
[force_col_wise: 0]
[force_row_wise: 0]
[histogram_pool_size: -1]
[max_depth: 5]
[min_data_in_leaf: 3]
[min_sum_hessian_in_leaf: 0.001]
[bagging_fraction: 0.85]
[pos_bagging_fraction: 1]
[neg_bagging_fraction: 1]
[bagging_freq: 1]
[bagging_seed: 400]
[bagging_by_query: 0]
[feature_fraction: 0.85]
[feature_fraction_bynode: 1]
[feature_fraction_seed: 30056]
[extra_trees: 0]
[extra_seed: 12879]
[early_stopping_round: 0]
[early_stopping_min_delta: 0]
[first_metric_only: 0]
[max_delta_step: 0]
[lambda_l1: 0]
[lambda_l2: 0]
[linear_lambda: 0]
[min_gain_to_split: 0]
[drop_rate: 0.1]
[max_drop: 50]
[skip_drop: 0.5]
[xgboost_dart_mode: 0]
[uniform_drop: 0]
[drop_seed: 17869]
[top_rate: 0.2]
[other_rate: 0.1]
[min_data_per_group: 100]
[max_cat_threshold: 32]
[cat_l2: 10]
[cat_smooth: 10]
[max_cat_to_onehot: 4]
[top_k: 20]
[monotone_constraints: ]
[monotone_constraints_method: basic]
[monotone_penalty: 0]
[feature_contri: ]
[forcedsplits_filename: ]
[refit_decay_rate: 0.9]
[cegb_tradeoff: 1]
[cegb_penalty_split: 0]
[cegb_penalty_feature_lazy: ]
[cegb_penalty_feature_coupled: ]
[path_smooth: 0]
[interaction_constraints: ]
[verbosity: -1]
[saved_feature_importance_type: 0]
[use_quantized_grad: 0]
[num_grad_quant_bins: 4]
[quant_train_renew_leaf: 0]
[stochastic_rounding: 1]
[linear_tree: 0]
[max_bin: 255]
[max_bin_by_feature: ]
[min_data_in_bin: 3]
[bin_construct_sample_cnt: 200000]
[data_random_seed: 175]
[is_enable_sparse: 1]
[enable_bundle: 1]
[use_missing: 1]
[zero_as_missing: 0]
[feature_pre_filter: 1]
[pre_partition: 0]
[two_round: 0]
[header: 0]
[label_column: ]
[weight_column: ]
[group_column: ]
[ignore_column: ]
[categorical_feature: ]
[forcedbins_filename: ]
[precise_float_parser: 0]
[parser_config_file: ]
[objective_seed: 16083]
[num_class: 1]
[is_unbalance: 0]
[scale_pos_weight: 1]
[sigmoid: 1]
[boost_from_average: 1]
[reg_sqrt: 0]
[alpha: 0.9]
[fair_c: 1]
[poisson_max_delta_step: 0.7]
[tweedie_variance_power: 1.5]
[lambdarank_truncation_level: 30]
[lambdarank_norm: 1]
[label_gain: ]
[lambdarank_position_bias_regularization: 0]
[eval_at: ]
[multi_error_top_k: 1]
[auc_mu_weights: ]
[num_machines: 1]
[local_listen_port: 12400]
[time_out: 120]
[machine_list_filename: ]
[machines: ]
[gpu_platform_id: -1]
[gpu_device_id: -1]
[gpu_use_dp: 0]
[num_gpu: 1]

end of parameters

pandas_categorical:[]
