tree
version=v4
num_class=1
num_tree_per_iteration=1
label_index=0
max_feature_idx=10
objective=regression
feature_names=total_load net_load renewable_power thermal_space_load_ratio thermal_on_capacity hour period weekday month is_weekend is_holiday
feature_infos=[26780.099999999999:41212.699999999997] [9620.2999999999993:38683.110000000001] [1615.1700000000001:19504.720000000001] [0.33550603334030826:0.95508263646906033] [27170:49115] [0:5] [1:24] [0:6] [1:4] [0:1] none
tree_sizes=2597 2746 2655 2599 2608 2673 2472 2286 2633 2623 2809

Tree=0
num_leaves=29
num_cat=0
split_feature=2 1 4 8 4 4 0 4 0 7 6 5 0 1 4 7 0 2 6 4 4 1 1 0 0 0 7 1
split_gain=2.04076e+07 1.09896e+07 9.39796e+06 5.17017e+06 4.36239e+06 4.91599e+06 3.07116e+06 2.36213e+06 2.01593e+06 1.82704e+06 1.43469e+06 1.35568e+06 1.20978e+06 964368 923393 867887 658479 544505 302870 180045 137639 88377.7 80558.9 76469.4 37974.4 15814.9 7774.15 5605.72
threshold=2882.0000000000005 23729.925000000007 44395.000000000007 2.5000000000000004 44810.000000000007 44735.000000000007 38362.100000000006 35390.000000000007 35184.55000000001 1.5000000000000002 9.5000000000000018 2.5000000000000004 31418.700000000004 27895.545000000002 41785.000000000007 1.0000000180025095e-35 34209.450000000004 4639.3750000000009 1.5000000000000002 37010.000000000007 39715.000000000007 17644.205000000005 28729.970000000005 33461.350000000006 38229.850000000013 35393.700000000004 5.5000000000000009 29260.990000000002
decision_type=2 2 2 2 2 2 2 2 2 2 2 2 2 2 2 2 2 2 2 2 2 2 2 2 2 2 2 2
left_child=2 3 12 14 5 8 24 9 -4 10 -3 -8 -1 17 15 -2 -16 -9 -15 21 27 -5 -11 -7 -6 -22 -21 -14
right_child=1 7 4 19 6 23 11 13 -10 22 -12 -13 20 18 16 -17 -18 -19 -20 26 25 -23 -24 -25 -26 -27 -28 -29
leaf_value=271.17378686782388 283.15323207096924 312.38628791686563 296.80156532377009 282.9404542727051 287.24651487748133 323.7737868678239 319.00572427627117 271.17378686782388 320.46545353449056 288.09424216776489 293.05712090051838 296.77378750360674 289.4571209640967 290.68403753098517 281.95520727580032 271.69310539815808 275.48469263358851 283.61931835046386 286.199555136904 282.88836149418296 286.51962088462381 286.1711905900803 290.45230613797906 328.23628686782388 291.08628763076337 288.2175376248029 281.79628763076335 291.06521616949453
leaf_weight=9.9999999999999982 18 15.999999999999998 36 27 33 15.999999999999998 15.999999999999998 8.9999999999999982 11.999999999999998 110 24 12.000000000000002 5.9999999999999991 40 56 201 132 374 641 88 24 98 54 24 7.9999999999999991 32 20 56
leaf_count=10 18 8 18 27 21 8 8 9 6 60 12 6 3 30 56 201 132 368 532 88 22 89 27 12 4 17 20 28
internal_value=285.447 283.583 297.927 278.242 306.125 313.506 296.713 286.279 302.718 291.208 300.789 309.478 287.872 285.334 274.842 272.635 277.412 283.327 286.463 284.181 289.287 285.473 288.871 326.451 287.996 287.49 282.686 290.91
internal_weight=2193 1908 285 640 157 88 69 1268 48 204 40 28 128 1064 407 219 188 383 681 233 118 125 164 40 41 56 108 62
internal_count=1840 1677 163 631 83 44 39 1046 24 107 20 14 80 939 407 219 188 377 562 224 70 116 87 20 25 39 108 31
is_linear=0
shrinkage=1


Tree=1
num_leaves=30
num_cat=0
split_feature=3 1 8 7 1 3 8 1 0 3 7 3 6 7 0 6 0 1 2 0 8 7 0 0 1 1 0 0 0
split_gain=2.02206e+07 9.71284e+06 4.6972e+06 3.52737e+06 1.02241e+07 3.46704e+06 2.06339e+06 1.377e+06 983471 762522 1.24615e+06 743312 548944 1.36569e+06 383689 321277 300588 255655 138899 111812 58102.1 50898.1 29474.7 24608.9 14140.9 2065.56 267.524 187.778 118.929
threshold=0.91797872753462773 23405.370000000006 2.5000000000000004 5.5000000000000009 33382.665000000001 0.95010238926470825 3.5000000000000004 29657.880000000005 30340.000000000004 0.85372572731083241 1.5000000000000002 0.53667587877304201 5.5000000000000009 1.5000000000000002 38686.600000000013 1.5000000000000002 31599.050000000007 22290.705000000005 10402.950000000003 34728.500000000007 3.5000000000000004 1.5000000000000002 31559.750000000004 33235.100000000006 19839.830000000005 33733.485000000008 39697.450000000004 36985.650000000009 35916.600000000006
decision_type=2 2 2 2 2 2 2 2 2 2 2 2 2 2 2 2 2 2 2 2 2 2 2 2 2 2 2 2 2
left_child=1 2 11 5 19 12 7 8 -3 21 -11 24 13 -2 -7 -9 -14 -13 22 23 -20 -8 -4 -5 -1 28 -16 -27 -6
right_child=3 6 18 4 25 14 9 15 -10 10 -12 17 16 -15 26 -17 -18 -19 20 -21 -22 -23 -24 -25 -26 27 -28 -29 -30
leaf_value=-13.538427868652343 24.833552660260882 -12.102139600118001 0.50237797000445428 34.944643147786444 1.2740378726612436 18.551546414693188 0.26063126208989518 6.298610754217953 -1.7381687310021936 13.873138514432041 3.9423919337136404 -9.860409614425933 -13.558689880371094 4.8569383794611154 33.916379801432292 1.1219436106246445 5.9693115867785558 -6.3622876826085548 -2.8637876339447805 43.91370910644531 -1.0308320337042367 2.3090271422702275 3.4081071217854824 38.524748229980474 -11.584444808959962 2.0265632099575468 33.474713134765629 2.3876743316650391 1.5376742907932828
leaf_weight=125 13.999999999999998 24 32 6.0000000000000027 11.000000000000002 6.0000000000000027 46 32 495 44 112 167 1.9999999999999989 22 5.9999999999999991 473 134 76 78 9.9999999999999982 97 89 11.999999999999998 24 9.9999999999999982 8.9999999999999982 7.9999999999999991 5.9999999999999991 6.9999999999999991
leaf_count=125 7 24 30 3 9 3 44 21 489 22 56 167 2 11 3 380 74 76 78 5 96 51 6 12 10 5 4 3 4
internal_value=0.0398372 -1.75414 -7.04315 12.9835 22.3389 9.42655 0.647033 -0.408799 -2.21743 4.3624 6.74337 -10.419 7.13542 12.6256 29.1303 1.44997 5.68214 -8.76635 -1.21641 39.335 -1.84781 1.61106 1.29485 37.8087 -13.3937 1.73767 33.664 2.17101 1.37656
internal_weight=2177 1912 597 265 73 192 1315 1024 519 291 156 378 172 36 20 505 136 243 219 40 175 135 44 30 135 33 14 15 18
internal_count=1820 1675 588 145 41 104 1087 914 513 173 78 378 94 18 10 401 76 243 210 20 174 95 36 15 135 21 7 8 13
is_linear=0
shrinkage=0.05


Tree=2
num_leaves=30
num_cat=0
split_feature=3 1 4 4 4 8 1 4 0 7 1 6 4 2 4 4 6 1 4 4 1 0 1 2 7 0 0 0 0
split_gain=2.03163e+07 8.09074e+06 6.59522e+06 4.72075e+06 4.34456e+06 3.79992e+06 2.33736e+06 1.82618e+06 1.42421e+06 1.19111e+06 1.15816e+06 1.11143e+06 910820 781818 658115 627990 318087 300024 162388 121084 80758.2 79961.5 73460 60415.8 8152.58 7498.43 2217.3 359.418 27.9563
threshold=0.91577787468084726 22952.750000000004 44395.000000000007 44810.000000000007 44735.000000000007 2.5000000000000004 37377.455000000009 35390.000000000007 35184.55000000001 1.5000000000000002 27834.420000000002 10.500000000000002 47530.000000000007 4466.5700000000006 42910.000000000007 46075.000000000007 1.5000000000000002 20826.560000000001 39715.000000000007 37010.000000000007 31259.370000000003 34728.500000000007 28729.970000000005 14091.820000000002 5.5000000000000009 35393.700000000004 33461.350000000006 32534.200000000001 34449.950000000004
decision_type=2 2 2 2 2 2 2 2 2 2 2 2 2 2 2 2 2 2 2 2 2 2 2 2 2 2 2 2 2
left_child=1 5 18 4 8 14 12 9 -4 11 13 -3 -5 -9 17 -16 -12 -1 26 23 -20 -6 -11 -7 -21 -22 27 -2 -28
right_child=2 7 3 6 21 19 -8 10 -10 22 16 -13 -14 -15 15 -17 -18 -19 20 24 25 -23 -24 -25 -26 -27 28 -29 -30
leaf_value=-12.78032819103721 4.762327473958333 23.847095271519251 10.608066154928769 2.1389590059007921 36.22466197294348 0.45567815149469038 32.637973632812496 -12.984064977309282 32.073692016601562 2.2275863551084072 5.5647790472297114 6.1201538085937504 13.781067207881385 -2.040932592294181 -2.9766702079772949 -10.640668626931998 0.60198145808649139 -9.1702799397130175 -12.88075408935547 -2.3663652316944019 0.63901827600267203 40.972101338704427 4.4978392181396485 -2.6021097946166996 -3.5041250896453864 1.9010815122548275 5.7038921356201184 5.0557733535766607 5.5512588500976561
leaf_weight=151 30 13.999999999999998 34 42 34 84 9.9999999999999982 17 9.9999999999999982 124 34 24 28 409 55 52 641 93 0.999999999999999 74 18 11.999999999999998 50 20 20 34 5.9999999999999982 15.999999999999998 6
leaf_count=151 15 7 17 25 17 78 5 17 5 70 25 12 14 404 55 52 536 93 1 74 17 6 25 20 20 18 3 8 3
internal_value=0.141929 -1.7493 12.6739 18.8635 26.7191 -6.84637 10.0261 0.381918 15.4866 4.63139 -0.436329 12.6511 6.7958 -2.47763 -9.97065 -6.70123 0.851959 -11.4044 3.19416 -1.30787 1.19355 37.4631 2.87996 -0.132358 -2.60844 1.46421 5.02229 4.8644 5.62758
internal_weight=2143 1862 281 170 90 549 80 1313 44 212 1101 38 70 426 351 107 675 244 111 198 53 46 174 104 94 52 58 46 12
internal_count=1793 1639 154 89 45 543 44 1096 22 114 982 19 39 421 351 107 561 244 65 192 36 23 95 98 94 35 29 23 6
is_linear=0
shrinkage=0.05


Tree=3
num_leaves=29
num_cat=0
split_feature=3 1 4 4 1 4 4 4 0 3 7 6 0 3 4 0 0 3 4 2 0 1 0 6 3 1 0 6
split_gain=1.51683e+07 7.96135e+06 5.03141e+06 4.42453e+06 2.69374e+06 2.52715e+06 2.40642e+06 1.8868e+06 1.30306e+06 1.25708e+06 1.25095e+06 1.03934e+06 936785 657037 656873 432475 275654 155985 113276 82505.6 68149.2 57455.2 12732.6 9632.46 7540.45 6472.73 1541.05 666.745
threshold=0.91577787468084726 23729.925000000007 44395.000000000007 44810.000000000007 37377.455000000009 44735.000000000007 37740.000000000007 35390.000000000007 35184.55000000001 0.53667587877304201 1.5000000000000002 10.500000000000002 31040.350000000002 0.80792492630749602 47530.000000000007 31351.050000000007 31599.050000000007 0.87735548896602877 39715.000000000007 13003.340000000002 34893.100000000006 28729.970000000005 31559.750000000004 22.500000000000004 0.52760597406501963 20000.105 33461.350000000006 3.5000000000000004
decision_type=2 2 2 2 2 2 2 2 2 2 2 2 2 2 2 2 2 2 2 2 2 2 2 2 2 2 2 2
left_child=1 6 16 5 14 8 19 10 -4 25 11 -3 17 -14 -5 -11 -2 -9 26 22 -7 -12 -1 -20 -21 -8 -18 -6
right_child=2 7 3 4 27 20 9 12 -10 15 21 -13 13 -15 -16 -17 18 -19 23 24 -22 -23 -24 -25 -26 -27 -28 -29
leaf_value=0.25230648247095255 -12.260992940266927 20.653319320678712 10.66123516376202 2.0178059922887925 31.548785400390631 34.47354219876803 -12.167287528514862 -3.5369329724993008 30.580234273274741 -9.6840025744377058 2.1967201345107137 5.7296221051897325 -1.5614251439013098 0.96662520965040211 11.48772957801819 -5.4536762123677276 4.6410505748930433 -12.333168029785156 1.1473272232782274 -2.4786076514951647 39.750799560546881 4.2774908231652304 1.7892380159567385 2.7536032994588218 -1.2333539605140686 -10.701289558410645 5.3316967010498049 30.803385416666664
leaf_weight=65 2.9999999999999991 20 26 47 5.9999999999999982 26 128 7.0000000000000027 11.999999999999998 78 119 28 438 622 30 268 42 18 42 31 7.9999999999999991 46 17 11.999999999999998 20 7.9999999999999991 9.9999999999999982 6
leaf_count=63 3 10 13 28 3 13 128 7 6 78 65 14 432 502 15 268 21 18 29 31 4 23 12 6 20 8 5 3
internal_value=-0.113446 -1.67925 10.9805 16.5966 9.14137 25.8121 -6.36528 0.541026 16.9514 -8.00822 4.84352 11.9478 -0.303612 -0.0779843 5.70739 -6.40733 2.68522 -9.87022 3.10823 -0.41118 35.7152 2.77681 0.570939 1.50428 -1.99027 -12.0811 4.77387 31.1761
internal_weight=2183 1913 270 161 89 72 615 1298 38 482 213 48 1085 1060 77 346 109 25 106 133 34 165 82 54 51 136 52 12
internal_count=1828 1679 149 85 49 36 608 1071 19 482 112 24 959 934 43 346 64 25 61 126 17 88 75 35 51 136 26 6
is_linear=0
shrinkage=0.05


Tree=4
num_leaves=29
num_cat=0
split_feature=3 1 8 7 1 1 8 2 1 1 2 3 2 0 7 0 2 8 0 0 3 0 5 1 0 0 0 0
split_gain=1.54357e+07 6.75738e+06 3.53056e+06 3.06958e+06 7.42027e+06 2.4051e+06 1.58835e+06 988322 845136 662585 620043 583501 1.17917e+06 563360 323411 117152 106479 68554.2 59323.9 57435.3 38058.2 10612.4 8413.31 1933.76 1292.73 601.737 347.998 64.5579
threshold=0.91577787468084726 23729.925000000007 2.5000000000000004 5.5000000000000009 33382.665000000001 37377.455000000009 3.5000000000000004 1909.9650000000004 29657.880000000005 22290.705000000005 2647.4350000000004 0.85585857193309822 4466.5700000000006 31040.350000000002 2.5000000000000004 40219.05000000001 12063.805000000002 3.5000000000000004 34728.500000000007 32953.55000000001 0.80029501536638381 33461.350000000006 1.0000000180025095e-35 34056.140000000007 35210.450000000004 40219.05000000001 35916.600000000006 36985.650000000009
decision_type=2 2 2 2 2 2 2 2 2 2 2 2 2 2 2 2 2 2 2 2 2 2 2 2 2 2 2 2
left_child=1 2 9 5 18 7 8 -2 13 14 -9 20 -13 -3 -1 -10 17 -4 21 -11 -8 -5 -18 26 -20 -7 -6 -25
right_child=3 6 16 4 23 25 11 10 15 19 -12 12 -14 -15 -16 -17 22 -19 24 -21 -22 -23 -24 27 -26 -27 -28 -29
leaf_value=-7.5451125581687863 21.932499518394472 -9.4970906630806304 -1.9354850262403489 31.935037612915036 0.97030074993769277 29.263215128580732 0.58708229466126516 4.0645509371455288 0.86647169222350362 -7.5272288414992792 10.27717628989901 4.0373665774310075 16.28995680809021 -1.4884296417960263 -10.953820739439387 4.3137611352480381 -1.0051573351025582 0.74030635974909131 36.460975138346363 -4.4691043066978455 2.2761023050674831 33.90203857421875 -2.2464246995987431 1.8285078048706058 37.498892211914061 29.971345011393225 1.4139046532767159 2.0604522705078123
leaf_weight=107 9.9999999999999982 23 32 16.000000000000004 12.000000000000005 5.9999999999999982 52 142 473 19 56 108 24 485 199 26 15.999999999999998 95 5.9999999999999982 80 93 11.999999999999998 93 5.9999999999999982 6 6 6.9999999999999991 6
leaf_count=107 5 23 32 8 10 3 45 78 381 19 29 54 12 478 199 18 16 84 3 80 53 6 93 3 3 3 4 3
internal_value=0.0362941 -1.58619 -5.77892 10.7692 19.8087 7.85191 0.506914 6.59622 -0.415415 -8.61156 5.82166 3.85993 6.26511 -1.85103 -9.76189 1.04609 -0.917824 0.0660912 34.0386 -5.05602 1.67038 32.778 -2.06422 1.44757 36.9799 29.6173 1.13373 1.94448
internal_weight=2216 1925 641 291 71 220 1284 208 1007 405 198 277 132 508 306 499 236 127 40 99 145 28 109 31 12 12 19 12
internal_count=1852 1694 630 158 40 118 1064 112 900 405 107 164 66 501 306 399 225 116 20 99 98 14 109 20 6 6 14 6
is_linear=0
shrinkage=0.05


Tree=5
num_leaves=29
num_cat=0
split_feature=3 3 4 4 4 8 0 0 4 6 4 4 3 7 3 0 0 4 4 0 3 0 2 0 6 7 6 2
split_gain=1.38991e+07 5.83348e+06 4.72989e+06 3.45789e+06 2.72324e+06 2.61369e+06 2.15288e+06 1.51898e+06 1.47301e+06 1.27112e+06 1.11633e+06 997921 595369 513932 306415 263481 167369 103553 102763 93451 64139.9 60971 23129.2 33433.7 10933.1 9324.72 890.011 50.3223
threshold=0.91797872753462773 0.73695153438727579 44395.000000000007 44810.000000000007 44735.000000000007 2.5000000000000004 39415.400000000009 29392.300000000003 41785.000000000007 9.5000000000000018 33577.500000000007 33235.000000000007 0.64311251903664901 1.5000000000000002 0.80792492630749602 38362.100000000006 31599.050000000007 39715.000000000007 37010.000000000007 39882.750000000007 0.56098688587906531 34728.500000000007 5432.5650000000014 28316.150000000005 22.500000000000004 5.5000000000000009 6.5000000000000009 2601.4550000000004
decision_type=2 2 2 2 2 2 2 2 2 2 2 2 2 2 2 2 2 2 2 2 2 2 2 2 2 2 2 2
left_child=1 5 16 4 9 8 15 22 13 -4 11 -9 -10 -1 -12 -5 -2 26 20 -8 -7 -6 27 -24 -19 -20 -18 -3
right_child=2 7 3 6 21 18 19 10 12 -11 14 -13 -14 -15 -16 -17 17 24 25 -21 -22 -23 23 -25 -26 -27 -28 -29
leaf_value=-0.79620979015643778 -11.826895141601563 -11.441818237304688 26.036278642926899 1.8606652385310125 30.913923950195311 -2.2738502780596419 20.086890665690106 2.5856239755274886 -7.1570924495828567 7.3491844764122591 -0.94111159178477211 11.560168836230325 -2.7335630843043326 -11.086624690988563 1.0142671161613837 8.3928200795100292 4.631428273518881 0.84613084549253648 -1.7126123180963042 27.979967041015627 0.59117633071683706 35.130938212076828 -10.75512076483832 -6.4453330145941834 3.1213625272115073 -2.8967631741573938 4.1456425926902076 -11.2128662109375
leaf_weight=12.999999999999998 1.9999999999999989 2.9999999999999991 13.999999999999998 38 30 24 5.9999999999999991 118 145 26 286 42 160 182 669 26 11.999999999999998 44 133 9.9999999999999982 105 11.999999999999998 9.0000000000000018 8.9999999999999982 5.9999999999999991 19 44 11.999999999999998
leaf_count=13 2 3 7 23 15 24 3 60 145 13 278 21 160 182 535 13 6 31 133 5 94 6 9 9 3 19 22 12
internal_value=-0.0173449 -1.50453 10.6078 16.0112 23.2265 -4.83813 8.6155 0.763357 -7.00653 13.8897 1.07625 4.94144 -4.83655 -10.4006 0.428677 4.51435 2.50268 2.77305 -0.979768 25.0201 0.0581481 32.1188 -9.8086 -8.60023 1.11916 -1.86063 4.24974 -11.2587
internal_weight=2199 1929 270 162 82 781 80 1148 500 40 1115 160 305 195 955 64 108 106 281 16 129 42 33 18 50 152 56 15
internal_count=1846 1697 149 85 41 770 44 927 500 20 894 81 305 195 813 36 64 62 270 8 118 21 33 18 34 152 28 15
is_linear=0
shrinkage=0.05


Tree=6
num_leaves=28
num_cat=0
split_feature=1 3 4 4 2 4 1 4 4 0 7 6 1 1 6 4 1 4 3 4 4 1 4 1 5 0 0
split_gain=1.05126e+07 5.51078e+06 3.42463e+06 3.34333e+06 2.71967e+06 2.35278e+06 1.74122e+06 1.19129e+06 1.1252e+06 951934 846289 849379 385464 308844 270506 247312 102170 95152.8 94259 93252.3 74035.1 41923.7 20247.1 17702.2 9848.58 4362.58 1603.4
threshold=26383.930000000004 0.91797872753462773 44395.000000000007 44810.000000000007 15571.645000000002 44735.000000000007 37377.455000000009 37740.000000000007 36662.500000000007 31252.200000000004 1.5000000000000002 10.500000000000002 31088.780000000006 23405.370000000006 1.5000000000000002 39905.000000000007 21675.350000000002 39715.000000000007 0.5677499985516733 45602.500000000007 37740.000000000007 29599.315000000006 33577.500000000007 20000.105 4.5000000000000009 30285.650000000005 33461.350000000006
decision_type=2 2 2 2 2 2 2 2 2 2 2 2 2 2 2 2 2 2 2 2 2 2 2 2 2 2 2
left_child=4 8 17 5 7 -4 -5 18 10 15 11 -2 19 -11 -14 -9 20 26 25 -10 -6 -12 -20 -22 -19 -1 -3
right_child=1 2 3 6 16 -7 -8 9 12 13 21 -13 14 -15 -16 -17 -18 24 22 -21 23 -23 -24 -25 -26 -27 -28
leaf_value=-2.5695981025695804 18.289410169571639 3.9527407328287758 12.669184197319879 4.29540928704398 -2.3154314041137698 30.506646005730882 26.599898681640628 -6.0893733583647638 -0.070944137104532942 -4.4018064835918285 2.3922359294578679 4.4651439170837399 6.4097143385145401 -1.7514473802747981 1.2000553683415287 -10.914100709253429 -2.8390803527832031 0.60246076724108533 1.3534648770230939 -1.5921209450975153 -10.511037729656886 4.4255548477172857 0.27781729022548957 -9.1941404983401309 2.0007575178146362 -1.4563290885000519 4.7173137664794922
leaf_weight=11.999999999999998 20 48 36 70 2.9999999999999991 38 9.9999999999999982 58 275 214 122 25 27 226 323 49 4.9999999999999991 34 87 159 126 32 88 32 20 33 7.9999999999999991
leaf_count=12 10 24 18 40 3 19 5 58 252 214 61 13 17 222 247 49 5 25 60 158 126 16 82 32 11 33 4
internal_value=-0.0611594 2.94218 9.35602 14.169 -4.07527 21.829 7.08347 -2.8194 1.21964 -4.06908 4.57732 10.6093 0.367377 -3.04049 1.60194 -8.29883 -9.87798 2.6179 0.287751 -0.628242 -10.0966 2.81474 0.812568 -10.2443 1.12035 -1.7532 4.06197
internal_weight=2180 1247 264 154 933 74 80 767 983 547 199 45 784 440 350 107 166 110 220 434 161 154 175 158 54 45 56
internal_count=1816 920 146 82 896 37 45 730 774 543 100 23 674 436 264 107 166 64 187 410 161 77 142 158 36 45 28
is_linear=0
shrinkage=0.05


Tree=7
num_leaves=25
num_cat=0
split_feature=3 1 8 2 1 7 1 8 1 2 0 0 0 3 3 3 6 7 2 8 3 0 1 5
split_gain=1.09975e+07 5.00932e+06 2.71808e+06 1.89867e+06 1.27331e+06 1.43271e+06 3.8313e+06 951627 745330 503201 486135 458864 1.07339e+06 423575 280186 729092 245940 231169 92655.1 37110.3 29261.8 11306.1 6901.44 5646.83
threshold=0.91797872753462773 23405.370000000006 2.5000000000000004 1909.9650000000004 37377.455000000009 5.5000000000000009 33382.665000000001 3.5000000000000004 29657.880000000005 2647.4350000000004 30340.000000000004 35312.600000000013 38362.100000000006 0.53667587877304201 0.85934008924100536 0.86008835417419938 1.5000000000000002 1.0000000180025095e-35 12063.805000000002 3.5000000000000004 0.80029501536638381 33321.150000000009 19839.830000000005 1.0000000180025095e-35
decision_type=2 2 2 2 2 2 2 2 2 2 2 2 2 2 2 2 2 2 2 2 2 2 2 2
left_child=1 2 13 11 5 9 -7 8 10 -5 -3 21 -13 22 20 -16 -10 -15 19 -4 -9 -2 -1 -20
right_child=3 7 18 4 -6 6 -8 14 16 -11 -12 12 -14 17 15 -17 -18 -19 23 -21 -22 -23 -24 -25
leaf_value=-9.9980602234367311 25.579785766601564 -8.7281843931778624 -1.5925821954553778 3.5215027102817071 25.269903869628905 29.984304809570315 1.0971424271663031 0.55097620038688189 5.6361242892486709 9.6730028659105312 -1.2978492529950238 1.320868039131164 25.892796325683594 -1.1351693674823957 14.039207368426853 3.1553531538765385 0.80897050262957526 -6.876497782320441 -0.8675925588607788 0.6982523035671977 2.0206012562316444 28.325223795572921 -8.6925469485196203 -1.9079337577819826
leaf_weight=127 9.9999999999999982 23 22 136 9.9999999999999982 22 24 50 28 44 513 8.0000000000000018 9.9999999999999982 19 18 106 458 227 14.999999999999998 90 105 5.9999999999999991 10.999999999999998 100
leaf_count=127 5 23 22 75 5 11 15 43 19 23 507 4 5 19 9 53 370 227 15 79 59 3 11 100
internal_value=-0.0443539 -1.37827 -5.11278 9.40173 7.81026 7.03771 14.9127 0.375604 -0.330944 5.0252 -1.61669 20.4484 14.9719 -7.67684 2.96375 4.73527 1.08708 -6.43306 -0.775336 0.248267 1.54653 26.6093 -9.894 -1.77224
internal_weight=2182 1912 611 270 236 226 46 1301 1022 180 536 34 18 384 279 124 486 246 227 112 155 16 138 115
internal_count=1829 1683 600 146 129 124 26 1083 919 98 530 17 9 384 164 62 389 246 216 101 102 8 138 115
is_linear=0
shrinkage=0.05


Tree=8
num_leaves=29
num_cat=0
split_feature=3 1 4 4 8 4 1 4 5 0 7 5 0 3 3 7 0 0 3 4 2 0 1 4 4 2 1 4
split_gain=1.02966e+07 4.55354e+06 3.51536e+06 2.73638e+06 2.29194e+06 2.23466e+06 1.43089e+06 1.15461e+06 932835 920662 856951 643524 579449 486769 442482 226811 200992 157426 116808 93338.7 70362.2 60757.6 42553.8 35049.9 7149.67 6263.99 4960.84 989.488
threshold=0.91577787468084726 23729.925000000007 44395.000000000007 44810.000000000007 2.5000000000000004 44735.000000000007 36433.725000000006 35390.000000000007 2.5000000000000004 35184.55000000001 1.5000000000000002 1.5000000000000002 31040.350000000002 0.53667587877304201 0.81966998017060033 1.0000000180025095e-35 31599.050000000007 38433.350000000013 0.87735548896602877 39715.000000000007 12063.805000000002 34728.500000000007 29154.120000000006 39497.500000000007 28185.000000000004 2171.6850000000004 19839.830000000005 34905.000000000007
decision_type=2 2 2 2 2 2 2 2 2 2 2 2 2 2 2 2 2 2 2 2 2 2 2 2 2 2 2 2
left_child=1 4 16 5 13 9 17 10 -8 -4 11 -3 18 26 -14 -15 -2 -5 -9 27 23 -7 -12 -6 -22 -21 -1 -18
right_child=2 7 3 6 20 21 8 12 -10 -11 22 -13 14 15 -16 -17 19 -19 -20 25 24 -23 -24 -25 -26 -27 -28 -29
leaf_value=-9.4819425102408612 -10.692452748616537 17.991734945774081 7.7888599395751958 1.4302826161567983 0.57085382917218597 26.270619111902576 22.043163261413572 -2.3012147767203182 3.33986873626709 24.938213500976563 1.7605701944563124 5.4216094698224753 -1.2200567921623588 -0.90085466703908024 0.83619208322676131 -6.1980537713520354 3.9652018165588383 8.9644850730896 -9.9130901760525187 0.42208306496031583 0.74541594187418625 30.704226684570315 3.7885129690170292 -1.433462534279659 -1.7276862473614447 1.5180718064308167 -8.1993920505046844 3.543938728000807
leaf_weight=131 2.9999999999999991 15.999999999999998 36 52 88 34 20.000000000000004 7.0000000000000027 9.9999999999999982 9.9999999999999982 135 28 472 22 587 248 20 7.9999999999999991 18 32 2.9999999999999991 9.9999999999999982 32 29 113 22 7.9999999999999991 46
leaf_count=131 3 8 18 31 78 17 10 7 5 5 72 14 466 22 472 248 10 4 18 22 3 5 16 29 113 14 8 23
internal_value=0.0346213 -1.30613 8.60571 13.0576 -4.74921 19.2225 6.89281 0.400785 15.8087 11.517 3.78475 9.99256 -0.257902 -7.00407 -0.0802852 -5.76643 2.09067 2.43484 -7.78177 2.41025 -0.791105 27.2783 2.14916 0.0740575 -1.66373 0.868597 -9.40813 3.67159
internal_weight=2240 1937 303 180 642 90 90 1295 30 46 211 44 1084 409 1059 270 123 60 25 120 233 44 167 117 116 54 139 66
internal_count=1872 1705 167 95 632 45 50 1073 15 23 110 22 963 409 938 270 72 35 25 69 223 22 88 107 116 36 139 33
is_linear=0
shrinkage=0.05


Tree=9
num_leaves=29
num_cat=0
split_feature=3 1 4 4 8 4 1 4 6 1 3 4 4 0 3 2 4 6 0 7 4 0 2 3 4 4 6 1
split_gain=9.56768e+06 4.17016e+06 3.37578e+06 2.44717e+06 2.08057e+06 1.62232e+06 1.417e+06 1.14087e+06 1.11233e+06 731810 725807 496123 475295 382118 350556 1.75932e+06 295414 231209 181341 161742 77503.3 58757.5 51929.3 22552.4 18002.1 8241.47 7613.51 985.367
threshold=0.91577787468084726 22629.165000000005 44395.000000000007 44810.000000000007 2.5000000000000004 44735.000000000007 36620.080000000009 36662.500000000007 9.5000000000000018 29599.315000000006 0.94833471968266647 42910.000000000007 46075.000000000007 30077.250000000004 0.85934008924100536 4466.5700000000006 47530.000000000007 1.5000000000000002 31599.050000000007 1.0000000180025095e-35 39715.000000000007 33461.350000000006 12063.805000000002 0.80029501536638381 40910.000000000007 28185.000000000004 22.500000000000004 30770.885000000006
decision_type=2 2 2 2 2 2 2 2 2 2 2 2 2 2 2 2 2 2 2 2 2 2 2 2 2 2 2 2
left_child=1 4 18 5 11 8 16 14 -4 13 -8 19 -13 -9 23 -16 -5 -11 -2 -1 27 -7 24 -3 -6 -24 -22 -20
right_child=2 7 3 6 22 21 10 9 -10 17 -12 12 -14 -15 15 -17 -18 -19 20 -21 26 -23 25 -25 -26 -27 -28 -29
leaf_value=-5.3564461912169605 -10.157830301920574 0.79448460501528562 21.857399834526912 0.96041726278407236 0.43020816522918337 23.657245445251466 3.3112421035766584 -7.6419356002807621 5.6881095592792228 5.0253011833537711 23.703079986572266 -1.0391912605248246 -8.1758690368297504 -1.3320490050210849 2.9917428578649248 21.791611848558702 7.9143038908640548 0.69567826999628801 3.3623191335926883 -9.1320134744195656 0.48735233355117469 27.508299137995795 0.67278822660446169 2.0229661501468494 -1.5271291869027275 -1.6430979419000371 1.9320105870564779 3.8178584814071659
leaf_weight=33 2.9999999999999991 62 18 42 73 15.999999999999998 6.0000000000000027 25 26 33 15.999999999999998 51 43 596 112 13.999999999999998 24 470 46 202 38 26 3.9999999999999991 94 13.999999999999998 97 11.999999999999998 15.999999999999998
leaf_count=33 3 52 9 25 66 8 3 25 13 21 8 51 43 588 56 7 12 379 23 202 27 13 4 48 14 97 6 8
internal_value=0.138431 -1.13636 8.62088 13.0141 -4.97612 19.0123 7.15224 0.275554 12.3028 -0.437852 18.1417 -7.37383 -4.30384 -1.58607 3.11906 5.08062 3.4891 0.979729 1.97376 -8.60183 2.29871 26.0412 -0.780127 1.53472 0.115234 -1.55138 0.83407 3.47988
internal_weight=2212 1923 289 174 517 86 88 1406 44 1124 22 329 94 621 282 126 66 503 115 235 112 42 188 156 87 101 50 62
internal_count=1844 1686 158 91 510 43 48 1176 22 1013 11 329 94 613 163 63 37 400 67 235 64 21 181 100 80 101 33 31
is_linear=0
shrinkage=0.05


Tree=10
num_leaves=31
num_cat=0
split_feature=3 1 8 7 1 3 8 1 3 6 7 0 6 0 0 3 7 0 0 2 8 7 0 0 2 6 2 1 0 0
split_gain=8.7654e+06 3.78023e+06 1.88666e+06 1.76497e+06 4.26981e+06 1.37321e+06 598437 515296 427506 413014 794374 343668 202991 196496 178400 148613 135286 121824 51908.9 50998.6 28223.6 23218.4 16378.1 13279.5 6126.63 5983.12 3899.11 1930.08 132.862 72.9719
threshold=0.91577787468084726 23817.995000000006 2.5000000000000004 5.5000000000000009 33382.665000000001 0.95010238926470825 3.5000000000000004 29657.880000000005 0.53667587877304201 9.5000000000000018 1.5000000000000002 31040.350000000002 1.5000000000000002 38686.600000000013 31351.050000000007 0.84917039388281157 1.5000000000000002 31599.050000000007 33461.350000000006 12063.805000000002 3.5000000000000004 1.5000000000000002 34728.500000000007 39697.450000000004 1820.4150000000002 3.5000000000000004 19186.310000000001 33733.485000000008 36985.650000000009 35916.600000000006
decision_type=2 2 2 2 2 2 2 2 2 2 2 2 2 2 2 2 2 2 2 2 2 2 2 2 2 2 2 2 2 2
left_child=1 2 8 5 18 9 7 11 26 10 -2 -3 -9 -7 -10 21 -17 -11 24 20 -4 -8 -20 -15 -5 -21 -1 29 -29 -6
right_child=3 6 19 4 27 13 15 12 14 17 -12 -13 -14 23 -16 16 -18 -19 22 25 -22 -23 -24 -25 -26 -27 -28 28 -30 -31
leaf_value=-8.6713405747262264 12.556676476880124 -7.0985911560058597 -1.2778924542088663 21.209670003255212 0.42182628346814055 11.573833847045892 0.077819725221548341 4.9495095598286598 -7.3793498837429539 -9.5632045745849616 2.5794204030718126 -1.0807444459231952 0.64075773328174879 24.319101969401046 -4.4171499090800017 5.9211248463392261 2.5490311573291646 2.8819787774075811 24.995615577697748 -0.48513446954580453 0.48180929993300936 1.5569109169833633 27.439217631022139 20.992499796549478 23.230665283203127 -1.6288344445981477 -7.9354448590959823 1.1907877060083238 1.4752338409423829 0.66006122589111327
leaf_weight=126 38 25 31 5.9999999999999991 8.9999999999999982 6.0000000000000027 39 29 69 1.9999999999999989 42 465 476 5.9999999999999982 193 40 116 117 16.000000000000004 12.999999999999998 86 83 11.999999999999998 6 9.9999999999999982 95 21 13.000000000000002 5.9999999999999991 4.9999999999999991
leaf_count=126 19 25 31 3 8 3 39 21 69 2 21 459 383 3 193 20 58 66 8 13 76 45 6 3 5 95 21 7 3 3
internal_value=0.00828436 -1.23064 -4.38508 8.04442 14.548 5.73671 0.34039 -0.232638 -6.40811 4.54047 7.31862 -1.38778 0.888191 18.9618 -5.19727 2.39134 3.41367 2.67282 24.7447 -0.707667 0.0155635 1.08409 26.0429 22.6558 22.4728 -1.49117 -8.56621 0.952375 1.28061 0.50691
internal_weight=2201 1907 634 294 77 217 1273 995 409 199 80 490 505 18 262 278 156 119 44 225 117 122 28 12 16 108 147 33 19 14
internal_count=1834 1674 624 160 43 117 1050 888 409 108 40 484 404 9 262 162 78 68 22 215 107 84 14 6 8 108 147 21 10 11
is_linear=0
shrinkage=0.05


end of trees

feature_importances:
total_load=69
thermal_on_capacity=59
net_load=51
thermal_space_load_ratio=37
weekday=24
renewable_power=23
period=21
month=17
hour=6

parameters:
[boosting: gbdt]
[objective: regression]
[metric: rmse]
[tree_learner: serial]
[device_type: cpu]
[data_sample_strategy: bagging]
[data: ]
[valid: ]
[num_iterations: 400]
[learning_rate: 0.05]
[num_leaves: 31]
[num_threads: 0]
[seed: 42]
[deterministic: 0]
[force_col_wise: 0]
[force_row_wise: 0]
[histogram_pool_size: -1]
[max_depth: 5]
[min_data_in_leaf: 3]
[min_sum_hessian_in_leaf: 0.001]
[bagging_fraction: 0.85]
[pos_bagging_fraction: 1]
[neg_bagging_fraction: 1]
[bagging_freq: 1]
[bagging_seed: 400]
[bagging_by_query: 0]
[feature_fraction: 0.85]
[feature_fraction_bynode: 1]
[feature_fraction_seed: 30056]
[extra_trees: 0]
[extra_seed: 12879]
[early_stopping_round: 0]
[early_stopping_min_delta: 0]
[first_metric_only: 0]
[max_delta_step: 0]
[lambda_l1: 0]
[lambda_l2: 0]
[linear_lambda: 0]
[min_gain_to_split: 0]
[drop_rate: 0.1]
[max_drop: 50]
[skip_drop: 0.5]
[xgboost_dart_mode: 0]
[uniform_drop: 0]
[drop_seed: 17869]
[top_rate: 0.2]
[other_rate: 0.1]
[min_data_per_group: 100]
[max_cat_threshold: 32]
[cat_l2: 10]
[cat_smooth: 10]
[max_cat_to_onehot: 4]
[top_k: 20]
[monotone_constraints: ]
[monotone_constraints_method: basic]
[monotone_penalty: 0]
[feature_contri: ]
[forcedsplits_filename: ]
[refit_decay_rate: 0.9]
[cegb_tradeoff: 1]
[cegb_penalty_split: 0]
[cegb_penalty_feature_lazy: ]
[cegb_penalty_feature_coupled: ]
[path_smooth: 0]
[interaction_constraints: ]
[verbosity: -1]
[saved_feature_importance_type: 0]
[use_quantized_grad: 0]
[num_grad_quant_bins: 4]
[quant_train_renew_leaf: 0]
[stochastic_rounding: 1]
[linear_tree: 0]
[max_bin: 255]
[max_bin_by_feature: ]
[min_data_in_bin: 3]
[bin_construct_sample_cnt: 200000]
[data_random_seed: 175]
[is_enable_sparse: 1]
[enable_bundle: 1]
[use_missing: 1]
[zero_as_missing: 0]
[feature_pre_filter: 1]
[pre_partition: 0]
[two_round: 0]
[header: 0]
[label_column: ]
[weight_column: ]
[group_column: ]
[ignore_column: ]
[categorical_feature: ]
[forcedbins_filename: ]
[precise_float_parser: 0]
[parser_config_file: ]
[objective_seed: 16083]
[num_class: 1]
[is_unbalance: 0]
[scale_pos_weight: 1]
[sigmoid: 1]
[boost_from_average: 1]
[reg_sqrt: 0]
[alpha: 0.9]
[fair_c: 1]
[poisson_max_delta_step: 0.7]
[tweedie_variance_power: 1.5]
[lambdarank_truncation_level: 30]
[lambdarank_norm: 1]
[label_gain: ]
[lambdarank_position_bias_regularization: 0]
[eval_at: ]
[multi_error_top_k: 1]
[auc_mu_weights: ]
[num_machines: 1]
[local_listen_port: 12400]
[time_out: 120]
[machine_list_filename: ]
[machines: ]
[gpu_platform_id: -1]
[gpu_device_id: -1]
[gpu_use_dp: 0]
[num_gpu: 1]

end of parameters

pandas_categorical:[]
