tree
version=v4
num_class=1
num_tree_per_iteration=1
label_index=0
max_feature_idx=10
objective=regression
feature_names=total_load net_load renewable_power thermal_space_load_ratio thermal_on_capacity hour period weekday month is_weekend is_holiday
feature_infos=[22195.900000000001:42408.400000000001] [-11825.210000000003:41070.110000000001] [1144.03:36022.5] [-0.52127464982271476:0.97282505160491894] [27170:45275] [15:19] [61:80] [0:6] [2:4] [0:1] none
tree_sizes=2577 2611 2808 2408 2796 2784 2758 2551 2344 2601 2477 2666 2756 2875 2590 2373 2724 2598 2264 2497 2639 2619 2704

Tree=0
num_leaves=29
num_cat=0
split_feature=2 1 4 0 4 7 4 2 7 4 1 4 1 4 0 4 2 4 5 4 0 2 1 1 4 2 0 0
split_gain=2.7867e+07 1.00746e+07 8.90309e+06 2.47745e+06 1.76874e+06 1.25758e+06 3.48328e+06 1.45628e+06 962466 826593 730755 641387 546293 779525 400196 259254 236720 335415 218817 143809 98056.1 80373.1 71136.6 14051.3 28285.6 9148.67 4443.6 4156.64
threshold=5848.0400000000009 18936.375000000004 44735.000000000007 41396.900000000009 44012.500000000007 5.5000000000000009 44810.000000000007 5076.0650000000014 4.5000000000000009 42910.000000000007 22740.105000000003 36372.500000000007 12310.660000000002 36662.500000000007 38910.100000000013 37740.000000000007 7212.5600000000013 36372.500000000007 17.500000000000004 36372.500000000007 39287.700000000004 19873.480000000003 17562.390000000003 11291.910000000003 34325.000000000007 11982.550000000001 40953.400000000009 30617.750000000004
decision_type=2 2 2 2 2 2 2 2 2 2 2 2 2 2 2 2 2 2 2 2 2 2 2 2 2 2 2 2
left_child=2 12 3 9 -5 7 20 8 -4 11 15 -1 23 21 -11 25 17 -12 -17 -18 -7 -14 -15 27 -25 -3 -8 -2
right_child=1 10 5 4 -6 6 26 -9 -10 14 16 -13 13 22 -16 18 19 -19 -20 -21 -22 -23 -24 24 -26 -27 -28 -29
leaf_value=286.0171643433556 258.11988231430524 274.20712506478293 308.17368034493853 332.97796128298108 288.37045823122327 309.22379156455656 276.29045848553642 283.60712515220308 329.44434546642458 278.49954924435139 286.83212508862482 274.82978543567998 269.20852603479943 259.63845834841658 289.70014835152568 267.56758809834429 274.56057785450713 274.60942400442207 258.70695851351087 271.93703446040121 319.53045914675062 264.15640839601821 262.79811061604346 262.33824399019545 258.56178185039261 271.33906379153854 278.59045839471031 258.70243838716812
leaf_weight=17 79 2.9999999999999991 9.0000000000000036 3.9999999999999982 5 3.0000000000000009 3 2.9999999999999991 13 10.999999999999998 5.9999999999999991 52 37 79 29 54 67 87 7.9999999999999991 237 9.9999999999999982 9.9999999999999982 23 7.0000000000000027 17 38 7 50
leaf_count=17 79 3 9 4 5 3 3 3 13 11 6 52 37 79 29 54 67 87 8 237 10 10 23 7 17 38 7 50
internal_value=271.721 267.862 290.368 282.983 308.196 308.524 300.086 316.286 320.743 280.901 272.217 277.586 260.651 262.806 286.62 268.464 273.191 275.398 266.424 272.515 317.152 268.134 260.351 258.552 259.663 271.549 277.9 258.346
internal_weight=968 802 166 118 9 48 23 25 22 109 500 69 302 149 40 103 397 93 62 304 13 47 102 153 24 41 10 129
internal_count=968 802 166 118 9 48 23 25 22 109 500 69 302 149 40 103 397 93 62 304 13 47 102 153 24 41 10 129
is_linear=0
shrinkage=1


Tree=1
num_leaves=29
num_cat=0
split_feature=2 1 1 0 6 7 1 5 8 7 1 8 2 8 2 6 5 0 5 3 8 2 5 0 3 0 7 6
split_gain=2.32529e+07 9.29078e+06 3.34827e+06 1.70105e+06 1.99803e+06 706773 673396 646355 538096 486574 474771 600206 349082 227463 221298 268447 219389 178080 168074 138282 94673.3 59433.9 56958.7 43583.8 23235.5 9646.66 7134.24 2920
threshold=5848.0400000000009 18936.375000000004 33681.630000000005 41356.400000000001 69.500000000000014 3.5000000000000004 23795.245000000006 17.500000000000004 2.5000000000000004 5.5000000000000009 12310.660000000002 3.5000000000000004 1263.7750000000003 3.5000000000000004 6661.4250000000011 70.500000000000014 16.500000000000004 37481.200000000004 17.500000000000004 0.43854691361604414 3.5000000000000004 5193.9450000000006 16.500000000000004 37404.200000000004 0.6787742773824138 35331.750000000007 1.5000000000000002 70.500000000000014
decision_type=2 2 2 2 2 2 2 2 2 2 2 2 2 2 2 2 2 2 2 2 2 2 2 2 2 2 2 2
left_child=2 10 8 4 9 -5 13 -6 23 -4 25 22 -7 18 15 -8 21 -18 -3 -13 -16 -10 -12 27 -15 26 -2 -1
right_child=1 6 3 5 7 12 14 -9 16 -11 11 19 -14 24 20 -17 17 -19 -20 -21 -22 -23 -24 -25 -26 -27 -28 -29
leaf_value=-1.2664892435073831 -11.824912799488416 -3.3393446285120199 52.675225219726556 58.334438069661395 24.498532867431642 16.473079172770181 12.258415188789369 14.638890673132506 24.547204971313448 27.20436515808105 -9.8071540370131984 -7.4983448664347341 35.714651489257811 -0.033450981643464828 0.81495973358094442 2.9980769091182289 17.977484726905807 6.1039901097615568 -10.984036016464234 -2.0202842891216277 2.8722738674242203 14.594491831461585 -12.279600016276042 6.3916893005371094 4.5111953735351564 -9.6114824930826828 -12.65655079211219 0.23498132088605095
leaf_weight=4.0000000000000062 33 71 5 3.0000000000000027 22 2.9999999999999991 9.9999999999999982 68 3.0000000000000027 3 66 18 10.999999999999998 45 239 36 4.0000000000000027 14.999999999999998 7.9999999999999991 32 73 3 36 2.9999999999999991 2.9999999999999991 2.9999999999999991 118 17
leaf_count=4 33 71 5 3 22 3 10 68 3 3 66 18 11 45 239 36 4 15 8 32 73 3 36 3 3 3 118 17
internal_value=-0.0877214 -3.64028 17.0469 21.7103 19.1776 36.3108 0.663977 17.049 6.10201 43.1237 -10.4624 -8.47998 31.5915 -2.46407 1.77365 5.01119 11.2358 8.60367 -4.11349 -3.99239 1.29632 19.5708 -10.6798 0.754325 0.250589 -12.419 -12.4748 -0.0510131
internal_weight=955 791 164 115 98 17 485 90 49 8 306 152 14 127 358 46 25 19 79 50 312 6 102 24 48 154 151 21
internal_count=955 791 164 115 98 17 485 90 49 8 306 152 14 127 358 46 25 19 79 50 312 6 102 24 48 154 151 21
is_linear=0
shrinkage=0.05


Tree=2
num_leaves=31
num_cat=0
split_feature=2 1 4 4 7 4 2 4 3 4 3 4 1 4 4 7 8 2 4 4 0 0 6 4 3 6 1 4 0 8
split_gain=2.30724e+07 7.79256e+06 7.11636e+06 1.35916e+06 1.33307e+06 3.04874e+06 1.25026e+06 784572 2.01329e+06 706193 625685 571709 540057 602157 420665 295277 190868 158743 294139 154422 97752.4 77477.7 69227.7 66736.7 63713.8 60675.1 13931.2 32632.1 6406.33 3766.31
threshold=5848.0400000000009 18936.375000000004 44735.000000000007 42910.000000000007 5.5000000000000009 44810.000000000007 5076.0650000000014 43672.500000000007 0.90047498870759213 45077.500000000007 0.68004042481587523 36372.500000000007 12310.660000000002 36662.500000000007 36090.000000000007 1.5000000000000002 2.5000000000000004 7212.5600000000013 36372.500000000007 42277.500000000007 39971.650000000001 37539.650000000009 69.500000000000014 39497.500000000007 0.43038277927768881 68.500000000000014 11291.910000000003 34325.000000000007 40953.400000000009 2.5000000000000004
decision_type=2 2 2 2 2 2 2 2 2 2 2 2 2 2 2 2 2 2 2 2 2 2 2 2 2 2 2 2 2 2
left_child=2 12 3 11 6 20 9 8 -5 -4 16 14 26 24 -1 -9 19 18 -12 -3 -6 -13 -15 -19 -14 -18 29 -28 -7 -2
right_child=1 10 4 7 5 28 -8 15 -10 -11 17 21 13 22 -16 -17 25 23 -20 -21 -22 -23 -24 -25 -26 -27 27 -29 -30 -31
leaf_value=5.1126922607421861 -12.241039377848308 -9.6570988467761438 51.88493739536829 8.9175173950195337 35.467360839843735 3.2154532114664698 10.541518656412762 21.02640205383301 56.509048461914055 33.933042060004333 14.197914441426597 0.058535012076882754 -5.6239841665540427 -8.9561570279525995 20.870525444878467 11.017240122386388 -2.5719793530373742 2.1069025547273696 2.7341595246849293 -1.7405801187862051 44.379365921020508 4.2834915860493981 -12.002265137892504 0.41471634982870181 -1.5798399832099677 -0.36306464004872452 -7.4439738273620568 -11.767802810668947 5.9248050689697269 -11.712633945415547
leaf_weight=8 60 14.000000000000002 14.000000000000004 4.9999999999999982 5.0000000000000009 3.0000000000000009 2.9999999999999991 9.9999999999999982 4 9 5.9999999999999991 17 13.999999999999998 66 9 28 58 93 83 10.999999999999998 7.9999999999999991 30 26 156 32 67 6.0000000000000027 15.999999999999998 7.9999999999999991 77
leaf_count=8 60 14 14 5 5 3 3 10 4 9 6 17 14 66 9 28 58 93 83 11 8 30 26 156 32 67 6 16 8 77
internal_value=0.151807 -3.38449 17.394 10.3388 33.0566 24.559 40.9004 16.7951 30.0693 44.8603 0.501874 5.59744 -9.77017 -7.48156 13.4551 13.6512 -2.18564 1.69456 3.507 -6.17383 40.9517 2.75532 -9.81701 1.04674 -2.81067 -1.388 -11.7565 -10.5886 5.18589 -11.9441
internal_weight=946 785 161 111 50 24 26 47 9 23 488 64 297 138 17 38 150 338 89 25 13 47 92 249 46 125 159 22 11 137
internal_count=946 785 161 111 50 24 26 47 9 23 488 64 297 138 17 38 150 338 89 25 13 47 92 249 46 125 159 22 11 137
is_linear=0
shrinkage=0.05


Tree=3
num_leaves=27
num_cat=0
split_feature=2 1 4 0 4 2 0 2 1 1 4 4 4 7 2 6 4 6 2 4 2 3 7 4 2 0
split_gain=1.98629e+07 7.73519e+06 7.63259e+06 2.2534e+06 1.05715e+06 1.02735e+06 1.21319e+06 828721 573831 460899 600463 454625 429066 245917 222788 291735 189130 157851 149984 90966.8 80841.2 64048.9 7234.93 17640.7 6880.07 739.248
threshold=5848.0400000000009 18936.375000000004 44735.000000000007 41396.900000000009 44012.500000000007 1263.7750000000003 41356.400000000001 1969.1300000000003 23547.745000000006 12310.660000000002 36662.500000000007 42910.000000000007 36372.500000000007 3.5000000000000004 7404.4050000000016 70.500000000000014 37740.000000000007 73.500000000000014 3561.7250000000008 36372.500000000007 20630.670000000002 0.46854785650212277 3.5000000000000004 34325.000000000007 11620.955000000002 31600.050000000007
decision_type=2 2 2 2 2 2 2 2 2 2 2 2 2 2 2 2 2 2 2 2 2 2 2 2 2 2
left_child=2 9 3 11 -5 -4 7 -7 16 22 20 12 -1 -13 15 -10 24 -18 -8 -16 -11 -12 23 -2 -3 -24
right_child=1 8 5 4 -6 6 18 -9 14 10 21 13 -14 -15 19 -17 17 -19 -20 -21 -22 -23 25 -25 -26 -27
leaf_value=11.858669662475586 -9.4770514039432303 2.4522410233815513 10.912542724609375 52.596429443359369 16.244882297515868 11.527781372070313 54.147802734375013 33.568702276821796 8.513757964968681 -1.683786594240289 -11.152758738869116 16.717543057032994 2.5744713930147038 8.1624454861595535 2.4725200603558468 2.1241524660959841 -3.1990917346056769 -11.084434073311943 40.785444132486973 0.33907705768252966 -7.2138289451599125 -8.5613014109432708 -11.663795846407531 -11.286112271822416 -0.024328182187191277 -11.313505821228027
leaf_weight=15.999999999999998 17 2.9999999999999991 4.9999999999999991 4 4 4.9999999999999991 6.9999999999999982 29 23 38 38 13.999999999999998 56 21 65 80 68 6.9999999999999991 3 216 7.9999999999999991 64 61 65 43 20
leaf_count=16 17 3 5 4 4 5 7 29 23 38 38 14 56 21 65 80 68 7 3 216 8 64 61 65 43 20
internal_value=-0.01346 -3.20467 15.8647 8.82375 34.4207 32.3895 34.8301 30.3274 0.615613 -9.40801 -7.38799 6.90996 4.63763 11.5845 1.56173 3.55096 -2.38693 -3.93506 50.1391 0.832578 -2.64553 -9.52675 -11.2421 -10.9111 0.137187 -11.5773
internal_weight=980 816 164 115 8 49 44 34 505 311 148 107 72 35 384 103 121 75 10 281 46 102 163 82 46 81
internal_count=980 816 164 115 8 49 44 34 505 311 148 107 72 35 384 103 121 75 10 281 46 102 163 82 46 81
is_linear=0
shrinkage=0.05


Tree=4
num_leaves=31
num_cat=0
split_feature=2 1 1 7 3 2 1 6 2 1 2 1 8 7 6 2 6 0 8 6 8 1 8 6 6 2 0 0 1 0
split_gain=1.97129e+07 6.91368e+06 3.68984e+06 1.50324e+06 1.65419e+06 1.27595e+06 993302 1.31509e+06 838670 651991 378531 361000 418725 338075 288817 195865 266562 191949 190790 138731 96364.8 62522.6 86470 60087.8 28267.8 20415.9 12235.2 3427.2 1290.21 603.82
threshold=5848.0400000000009 18936.375000000004 37226.155000000006 5.5000000000000009 0.92455390841753837 1873.7950000000003 33681.630000000005 69.500000000000014 3679.5350000000003 23795.245000000006 4820.2450000000017 14898.365000000002 3.5000000000000004 5.5000000000000009 73.500000000000014 6661.4250000000011 70.500000000000014 37768.80000000001 3.5000000000000004 73.500000000000014 3.5000000000000004 11291.910000000003 3.5000000000000004 70.500000000000014 65.500000000000014 11620.955000000002 36666.900000000009 30617.750000000004 39938.810000000005 41688.200000000004
decision_type=2 2 2 2 2 2 2 2 2 2 2 2 2 2 2 2 2 2 2 2 2 2 2 2 2 2 2 2 2 2
left_child=2 11 6 5 -5 29 10 13 -7 18 26 21 23 -8 -9 16 -11 -12 19 -3 -17 27 -23 -13 -14 -20 -1 -2 -6 -4
right_child=1 9 3 4 28 8 7 14 -10 15 17 12 24 -15 -16 20 -18 -19 25 -21 -22 22 -24 -25 -26 -27 -28 -29 -30 -31
leaf_value=-0.061441966146230688 -10.993164807487936 -3.1969782629391044 52.337681070963498 39.545354003906255 5.3546610514322923 23.164556548174687 45.13406600952149 17.851510620117189 46.45981140136719 11.088491741816204 14.666347436471415 -7.7913517209199759 -4.4725599586963654 22.929875898361203 10.422262627737863 0.71115569531670253 2.4528715726307464 5.6920381105863136 4.1551294803619383 -10.530212293352399 2.7634213135540486 -10.184305209739536 -6.5946351661682137 -11.016226043701174 -1.057817244052887 -0.1078767065974799 2.7721668243408204 -10.461095481223248 4.2671451950073234 51.440411376953115
leaf_weight=16.000000000000004 85 82 3.0000000000000018 4.9999999999999991 5.9999999999999982 17.000000000000004 3.9999999999999991 19 4.9999999999999991 11.999999999999998 11.000000000000002 52 7.9999999999999991 3 42 241 35 12.999999999999998 2.9999999999999991 6.9999999999999991 75 51 25 20 25 44 4.9999999999999991 47 5 5
leaf_count=16 85 82 3 5 6 17 4 19 5 12 11 52 8 3 42 241 35 13 3 7 75 51 25 20 25 44 5 47 5 5
internal_value=0.0384158 -3.11409 16.138 28.0761 15.6994 34.6771 11.2783 15.0918 28.4589 0.539905 5.51565 -8.93948 -6.54953 35.618 12.7363 1.64616 4.65771 9.80526 -2.41283 -3.77375 1.19824 -10.1459 -9.00349 -8.68715 -1.88563 0.16423 0.613227 -10.8037 4.86034 51.7769
internal_weight=971 812 159 46 16 30 113 68 22 499 45 313 105 7 61 363 47 24 136 89 316 208 76 72 33 47 21 132 11 8
internal_count=971 812 159 46 16 30 113 68 22 499 45 313 105 7 61 363 47 24 136 89 316 208 76 72 33 47 21 132 11 8
is_linear=0
shrinkage=0.05


Tree=5
num_leaves=31
num_cat=0
split_feature=2 4 3 4 7 4 4 3 4 0 4 0 3 0 8 7 3 4 5 3 4 3 4 0 7 0 2 6 3 0
split_gain=1.66807e+07 6.66415e+06 5.70052e+06 971688 912967 2.36778e+06 634439 1.61436e+06 607862 588498 712847 504103 461331 319092 244481 214670 183230 312810 158557 195064 139012 108252 108148 84076.5 71468.3 68535.7 40902.9 34205.6 28411.5 10554.5
threshold=5848.0400000000009 44735.000000000007 0.5664217979691073 42910.000000000007 5.5000000000000009 44810.000000000007 43672.500000000007 0.90047498870759213 36372.500000000007 39183.900000000001 45077.500000000007 34533.200000000004 0.68004042481587523 38353.250000000007 2.5000000000000004 1.5000000000000002 0.45352723129456668 37740.000000000007 15.500000000000002 0.82248802982898972 39052.500000000007 0.47640658281320186 40485.000000000007 37539.650000000009 2.5000000000000004 39287.700000000004 16015.365000000002 67.500000000000014 0.36301840326779072 40953.400000000009
decision_type=2 2 2 2 2 2 2 2 2 2 2 2 2 2 2 2 2 2 2 2 2 2 2 2 2 2 2 2 2 2
left_child=1 3 11 8 9 25 7 -5 13 -3 -11 16 14 -1 20 -8 28 -18 19 -14 -4 22 -13 -10 -20 -6 -23 -16 -2 -7
right_child=2 4 12 6 5 29 15 -9 23 10 -12 21 18 -15 27 -17 17 -19 24 -21 -22 26 -24 -25 -26 -27 -28 -29 -30 -31
leaf_value=18.554295349121094 -10.237827723913819 19.263553237915023 -9.8070273558298755 6.9204640197753919 31.206713256835929 0.60731135209401432 17.927680206298827 49.536872863769524 -0.28635397372038468 48.166822560628248 29.551693216959634 -3.6080845319307757 3.3325009144842621 3.969105656941732 -1.8678783988952639 8.4700962414344154 -1.5850386536121368 -8.8696811808007094 1.990283106287059 15.677287864685059 -3.2601117626428606 -5.8896720239094336 -10.344316725297409 3.6516884601477422 0.48309813805518709 38.507776557074656 -1.670226349309087 -0.044272117109762303 -8.8745155833802141 4.2395451863606768
leaf_weight=9.9999999999999982 137 4.0000000000000027 11.999999999999998 4.9999999999999982 5.0000000000000009 3 7.9999999999999991 4 23 12 9 13.000000000000002 16.000000000000004 5.9999999999999991 40 24 20 56 152 3.9999999999999991 25 6.9999999999999991 10.999999999999998 33 163 8.9999999999999982 32 72 53 6
leaf_count=10 137 4 12 5 5 3 8 4 23 12 9 13 16 6 40 24 20 56 152 4 25 7 11 33 163 9 32 72 53 6
internal_value=-0.0850924 14.6187 -2.99692 7.98877 30.2268 23.0375 14.133 25.8611 4.48996 36.8409 40.1889 -8.07508 0.454974 13.0848 -1.85966 10.8345 -9.02757 -6.95267 1.48447 5.80146 -5.38344 -4.05345 -6.69552 2.03428 1.21037 35.9003 -2.42756 -0.69556 -9.85754 3.0288
internal_weight=974 161 813 113 48 23 41 9 72 25 21 329 484 16 149 32 266 76 335 20 37 63 24 56 315 14 39 112 190 9
internal_count=974 161 813 113 48 23 41 9 72 25 21 329 484 16 149 32 266 76 335 20 37 63 24 56 315 14 39 112 190 9
is_linear=0
shrinkage=0.05


Tree=6
num_leaves=31
num_cat=0
split_feature=3 1 4 7 4 0 4 4 2 2 4 0 1 4 6 7 1 0 4 0 1 0 1 2 0 0 0 7 3 4
split_gain=1.50924e+07 5.93216e+06 4.9892e+06 1.28419e+06 2.32007e+06 1.11997e+06 1.15244e+06 669215 660084 411791 330474 462278 307306 507163 292511 232823 222009 176200 153583 131964 82647.1 61029 57137.8 45070 40357.3 28202.7 9102.37 6597.77 14663.5 430.329
threshold=0.86628733700074412 18936.375000000004 44735.000000000007 5.5000000000000009 44810.000000000007 41396.900000000009 44012.500000000007 45077.500000000007 7322.3650000000007 4200.6000000000013 36372.500000000007 37885.950000000004 12310.660000000002 36662.500000000007 65.500000000000014 4.5000000000000009 22740.105000000003 39421.000000000007 37740.000000000007 37738.350000000006 37833.355000000003 40886.30000000001 17562.390000000003 19873.480000000003 39971.650000000001 40345.55000000001 40953.400000000009 3.5000000000000004 0.36301840326779072 34905.000000000007
decision_type=2 2 2 2 2 2 2 2 2 2 2 2 2 2 2 2 2 2 2 2 2 2 2 2 2 2 2 2 2 2
left_child=1 12 5 7 24 9 -7 17 10 19 11 -3 27 23 -12 -11 18 -4 -10 -2 -8 -18 -15 -14 -5 -9 -6 28 -1 -29
right_child=2 8 3 4 26 6 20 25 16 15 14 -13 13 22 -16 -17 21 -19 -20 -21 -22 -23 -24 -25 -26 -27 -28 29 -30 -31
leaf_value=-9.5504452754150737 0.17963623272048101 21.702623748779299 33.662572224934877 30.468208821614567 0.57694578170776356 45.166772460937516 16.387394205729162 22.969695027669264 0.051830093707980175 9.599251662360297 10.374297713364165 3.7854182349310985 -1.1682710000210339 -8.8184513009919065 2.0845832959768624 24.281795374552409 0.24868381204147305 47.332931518554688 -3.9607677386518114 5.7489464393028848 4.6509056091308585 2.8338384075164798 -6.0259994628636733 -5.3172764182090759 37.164583672417535 28.907145690917964 3.868777057102748 -10.124449947902136 -7.2837791420519356 -9.8778020222981766
leaf_weight=66 18 5.9999999999999991 3.0000000000000009 3.0000000000000009 3 3.9999999999999982 3 3 41 27.000000000000004 11.999999999999998 8.9999999999999982 36 90 94 2.9999999999999991 263 10.999999999999998 57 26 3 25 23 7.9999999999999991 8.9999999999999982 6 7 28 7.9999999999999991 48
leaf_count=66 18 6 3 3 3 4 3 3 41 27 12 9 36 90 94 3 263 11 57 26 3 25 23 8 9 6 7 28 8 48
internal_value=-0.0196416 -2.53776 15.8699 29.3044 20.6681 8.67278 24.3782 37.5653 0.783704 6.55042 4.00601 10.9523 -8.02304 -6.47678 3.02304 11.0675 -0.226396 44.4036 -2.28203 3.47059 10.5191 0.47309 -8.25008 -1.92264 35.4905 26.928 2.88123 -9.64146 -9.3054 -9.96867
internal_weight=943 814 129 45 22 84 10 23 507 74 121 15 307 157 106 30 386 14 98 44 6 288 113 44 12 9 10 150 74 76
internal_count=943 814 129 45 22 84 10 23 507 74 121 15 307 157 106 30 386 14 98 44 6 288 113 44 12 9 10 150 74 76
is_linear=0
shrinkage=0.05


Tree=7
num_leaves=28
num_cat=0
split_feature=2 1 1 6 0 0 1 0 0 2 3 8 2 6 8 8 0 8 3 7 3 1 8 3 6 0 8
split_gain=1.42781e+07 4.96544e+06 2.42098e+06 800151 1.03776e+06 679749 524166 502251 467888 406652 336052 326568 238502 177745 217191 158808 172808 146526 131837 101143 63573 42296.7 78154.8 21999.1 12085.6 8639.57 5552.05
threshold=5848.0400000000009 20160.540000000005 36386.585000000006 71.500000000000014 38037.100000000013 42116.150000000009 14898.365000000002 40108.650000000009 39794.350000000006 3561.7250000000008 0.76111600421619197 3.5000000000000004 5428.6000000000013 70.500000000000014 3.5000000000000004 2.5000000000000004 37951.150000000009 2.5000000000000004 0.65962423270745651 1.5000000000000002 0.68172318109462904 12310.660000000002 3.5000000000000004 0.76638639793532815 65.500000000000014 36846.250000000007 2.5000000000000004
decision_type=2 2 2 2 2 2 2 2 2 2 2 2 2 2 2 2 2 2 2 2 2 2 2 2 2 2 2
left_child=2 6 3 4 12 7 21 -4 -6 -9 17 19 -1 14 -12 25 -17 18 -3 -8 -19 26 -23 -15 -13 -5 -2
right_child=1 10 5 15 8 -7 11 9 -10 -11 13 24 -14 23 -16 16 -18 20 -20 -21 -22 22 -24 -25 -26 -27 -28
leaf_value=0.99903575658798194 -9.4799691881452297 -6.4816497540473934 35.010196533203121 0.18601932525634762 28.632019519805908 44.093405151367193 -3.6540838604388028 14.861925164391014 8.885975110530854 22.998818145479476 3.388592759768168 -2.8751427173614506 13.032509108952112 -2.1625182211399081 12.005637062920465 13.050390577316286 4.8078941860506612 -0.54315714124801029 -1.1934241524609652 -7.5449719346937592 1.2010903850559471 -9.0632778672441372 -5.0542675322294244 1.5977308733032105 -0.7210754398070276 3.1427773475646976 -8.8817807266081896
leaf_weight=10.000000000000002 70 14.999999999999998 4.9999999999999991 14.000000000000002 11.999999999999998 2.9999999999999991 23 34 3.9999999999999991 28 39 7.9999999999999991 6.9999999999999991 3.9999999999999991 8.9999999999999982 7.9999999999999991 31 106 55 61 103 31 20 141 35 2.9999999999999991 87
leaf_count=10 70 15 5 14 12 3 23 34 4 28 39 8 7 4 9 8 31 106 55 61 103 31 20 141 35 3 87
internal_value=0.156992 -2.54123 13.8518 8.38007 14.5559 20.8086 -7.19667 19.766 23.6955 18.5367 0.762946 -4.66556 5.954 2.36703 5.00429 4.74072 6.49866 -0.346686 -2.32662 -6.47961 0.316448 -8.74211 -7.49112 1.494 -1.12183 0.7078 -9.14849
internal_weight=966 807 159 89 33 70 335 67 16 62 472 127 17 193 48 56 39 279 70 84 209 208 51 145 43 17 157
internal_count=966 807 159 89 33 70 335 67 16 62 472 127 17 193 48 56 39 279 70 84 209 208 51 145 43 17 157
is_linear=0
shrinkage=0.05


Tree=8
num_leaves=26
num_cat=0
split_feature=2 4 1 0 4 2 2 4 1 4 4 0 1 1 4 4 4 7 0 3 4 0 3 2 1
split_gain=1.15759e+07 5.85129e+06 4.34748e+06 938894 703612 688426 882250 599450 378786 360069 417532 356922 346666 247470 352371 125274 88182.5 85313.1 195380 71545.9 51285.3 47772.2 35485.4 4519.36 2942.67
threshold=6280.3000000000011 44735.000000000007 18936.375000000004 41497.850000000013 44012.500000000007 1263.7750000000003 4698.1400000000012 44810.000000000007 39938.810000000005 36372.500000000007 44012.500000000007 38353.250000000007 23795.245000000006 14718.545 36662.500000000007 37740.000000000007 41515.000000000007 2.5000000000000004 34712.350000000006 0.79838838035859405 42277.500000000007 35798.100000000006 0.36301840326779072 11620.955000000002 16943.285000000003
decision_type=2 2 2 2 2 2 2 2 2 2 2 2 2 2 2 2 2 2 2 2 2 2 2 2 2
left_child=1 3 13 9 -5 -3 8 -8 -7 11 -11 -1 15 21 24 23 -17 18 -14 -19 -16 22 -2 -4 -15
right_child=2 5 12 4 -6 6 7 -9 -10 10 -12 -13 17 14 20 16 -18 19 -20 -21 -22 -23 -24 -25 -26
leaf_value=17.520677032470697 -8.8125194565890581 7.6504262161254886 2.0567404011885326 41.754326375325519 9.7215179443359361 28.810548177258724 28.688698120117195 6.0212352999619068 42.612044779459637 1.6570047162473203 8.3412475051301893 3.351401495933533 9.0789937973022461 -1.3896143681862776 -8.1002819220225017 -5.2608542744318649 -1.8798677395891261 -0.36101384224477884 1.501158963018848 1.7277977191632794 -5.1128667333722113 -2.8704351305961611 -7.3847624047148619 0.047973515714208291 -0.42878626485665639
leaf_weight=10.000000000000002 146 4.9999999999999991 2.9999999999999991 2.9999999999999991 4 29 4.9999999999999982 7 5.9999999999999991 80 33 7.9999999999999991 8.9999999999999982 17 51 30 54 121 155 62 20 3.9999999999999991 62 42 14.999999999999998
leaf_count=10 146 5 3 3 4 29 5 7 6 80 33 8 9 17 51 30 54 121 155 62 20 4 62 42 15
internal_value=-0.0873627 10.9948 -2.74932 5.60861 23.4499 25.2889 27.1653 15.466 31.1765 4.65526 3.60904 11.2232 0.26613 -7.30601 -5.29541 -1.94693 -3.08736 1.08885 1.91702 0.346671 -7.25876 -8.28285 -8.38694 0.181891 -0.939226
internal_weight=981 190 791 138 7 52 47 12 35 131 113 18 476 315 103 129 84 347 164 183 71 212 208 45 32
internal_count=981 190 791 138 7 52 47 12 35 131 113 18 476 315 103 129 84 347 164 183 71 212 208 45 32
is_linear=0
shrinkage=0.05


Tree=9
num_leaves=28
num_cat=0
split_feature=2 1 4 7 4 3 0 4 1 4 4 7 1 4 4 6 4 2 4 7 4 0 2 0 4 2 4
split_gain=9.55294e+06 4.2981e+06 4.05773e+06 935261 2.12215e+06 916987 798375 410350 311909 252690 343659 294762 188564 340822 167210 112036 83846.2 82093.9 223392 55622.9 53474.2 51552.1 24763.7 10759.1 8527.43 82852 3281.56
threshold=5848.0400000000009 18936.375000000004 44735.000000000007 5.5000000000000009 44810.000000000007 0.86929463939195706 41531.55000000001 45077.500000000007 25725.115000000002 42910.000000000007 36372.500000000007 3.5000000000000004 12514.280000000002 37740.000000000007 37740.000000000007 65.500000000000014 39052.500000000007 7249.8400000000011 36372.500000000007 3.5000000000000004 39497.500000000007 39971.650000000001 20630.670000000002 40953.400000000009 36662.500000000007 19985.695000000003 42595.000000000007
decision_type=2 2 2 2 2 2 2 2 2 2 2 2 2 2 2 2 2 2 2 2 2 2 2 2 2 2 2
left_child=2 12 6 5 21 -4 9 -7 14 10 -1 -11 24 22 15 -3 -16 18 -10 -15 -19 -5 -14 -6 25 -2 -26
right_child=1 8 3 4 23 7 -8 -9 17 11 -12 -13 13 19 16 -17 -18 20 -20 -21 -22 -23 -24 -25 26 -27 -28
leaf_value=9.8084840011596697 0.37516680558522547 8.0594149780273447 5.144810706873729 25.972262573242176 -1.0565050125122064 40.502754465738924 25.284330291748049 25.269782366071428 12.962858238220216 13.601682217915855 1.2704939117214897 4.3295532155036929 -1.2353545641357249 -6.248976511955262 -5.6450111314654352 0.26927066852649051 -1.7619102402537501 1.9782192855676017 2.0805404612098832 -8.5894924749027606 0.33562095906738554 32.794291517469617 -4.509525806563242 2.4010255866580543 -8.5482490150295956 -8.1426994727829758 -7.4950625419616701
leaf_weight=14.999999999999998 2.9999999999999991 4.9999999999999991 3.0000000000000027 4.0000000000000009 3.0000000000000009 12.000000000000002 4.9999999999999991 6.9999999999999991 4.9999999999999991 14.999999999999998 55 20 33 60 15.999999999999998 60 106 75 83 44 146 8.9999999999999982 6.9999999999999991 8.9999999999999982 98 59 7.9999999999999991
leaf_count=15 3 5 3 4 3 12 5 7 5 15 55 20 33 60 16 60 106 75 83 44 146 9 7 9 98 59 8
internal_value=-0.26744 -2.46034 11.0183 23.3156 16.6991 30.8344 5.76402 34.8906 0.431929 4.83448 3.10006 8.30332 -7.05831 -5.73062 -1.17984 0.868513 -2.27117 1.40733 2.69885 -7.23919 0.893064 30.6952 -1.80833 1.53664 -8.19633 -7.73054 -8.46876
internal_weight=965 808 157 47 25 22 110 19 496 105 70 35 312 144 187 65 122 309 88 104 221 13 40 12 168 62 106
internal_count=965 808 157 47 25 22 110 19 496 105 70 35 312 144 187 65 122 309 88 104 221 13 40 12 168 62 106
is_linear=0
shrinkage=0.05


Tree=10
num_leaves=27
num_cat=0
split_feature=3 1 0 0 6 3 1 1 0 7 1 8 2 2 8 2 8 6 2 0 6 0 7 8 2 1
split_gain=1.07554e+07 4.02609e+06 2.00467e+06 817344 1.10808e+06 689843 466232 376457 270442 235773 211826 261730 197846 257926 158402 100834 72610 70683.1 63430.4 50821.6 44351.9 7185.86 5609.69 9727.34 959.936 588.417
threshold=0.86628733700074412 18936.375000000004 37797.30000000001 41356.400000000001 73.500000000000014 0.97108273596347094 38099.400000000001 26788.960000000003 38616.30000000001 1.5000000000000002 12310.660000000002 3.5000000000000004 6280.3000000000011 6198.4800000000005 3.5000000000000004 9525.8950000000023 3.5000000000000004 63.500000000000007 18638.305000000004 36198.450000000004 69.500000000000014 37481.200000000004 3.5000000000000004 3.5000000000000004 3961.7100000000005 11550.630000000001
decision_type=2 2 2 2 2 2 2 2 2 2 2 2 2 2 2 2 2 2 2 2 2 2 2 2 2 2
left_child=1 10 16 4 8 6 -5 14 -4 -6 22 20 13 -9 19 -16 21 -14 -13 -3 -12 24 23 -1 -2 -24
right_child=2 7 3 5 9 -7 -8 12 -10 -11 11 18 17 -15 15 -17 -18 -19 -20 -21 -22 -23 25 -25 -26 -27
leaf_value=-7.934070940884677 -0.1504074389443677 -2.7567919378670362 9.8478033161163339 21.193353481292711 14.659947380652795 2.8238468170166016 36.879865858289932 3.6997609700796739 22.351782885193828 6.6749101810157301 -6.0872540123322434 -0.91772125810384753 5.1233721234581688 18.769745890299479 8.619327187538147 0.47451065292483885 8.5911466598510753 1.020612370789699 -4.3278405535221101 -0.84743992908606458 -8.4226385708512943 2.629612922668457 -8.1161496590876929 -6.7604132432204027 0.71047990322113042 -8.6323792775471997
leaf_weight=55 17.000000000000011 78 4.9999999999999991 10.000000000000005 12.999999999999998 2.9999999999999991 8.9999999999999982 53 32 32 68 30 10.999999999999998 2.9999999999999991 3.9999999999999991 76 2.9999999999999991 230 25 63 29 2.9999999999999991 69 26 3.9999999999999991 5.9999999999999991
leaf_count=55 17 78 5 10 13 3 9 53 32 32 68 30 11 3 4 76 3 230 25 63 29 3 69 26 4 6
internal_value=0.0864045 -2.02452 13.3965 16.548 14.2521 25.1056 28.6238 0.667213 20.6621 8.9817 -6.55153 -5.22314 1.82995 4.50708 -0.895377 0.881751 1.25731 1.20788 -2.46778 -1.90368 -6.78546 0.340576 -7.84585 -7.55734 0.0135711 -8.15745
internal_weight=957 826 131 104 82 22 19 518 37 45 308 152 297 56 221 80 27 241 55 141 97 24 156 81 21 75
internal_count=957 826 131 104 82 22 19 518 37 45 308 152 297 56 221 80 27 241 55 141 97 24 156 81 21 75
is_linear=0
shrinkage=0.05


Tree=11
num_leaves=30
num_cat=0
split_feature=3 1 4 4 7 4 7 3 4 1 4 1 0 4 4 5 7 4 4 4 6 3 4 4 1 1 0 0 0
split_gain=8.37988e+06 3.4798e+06 2.54732e+06 561319 794583 1.80381e+06 579906 1.19269e+06 357627 343002 298208 269669 199259 193992 163975 142382 233380 120135 116865 101763 64531.7 63977.5 167994 25290.6 14963 9668.73 5381.66 306.025 204.991
threshold=0.86628733700074412 19633.805000000004 42910.000000000007 44735.000000000007 5.5000000000000009 44810.000000000007 3.5000000000000004 0.90047498870759213 36662.500000000007 27329.715 45077.500000000007 15496.085000000001 40551.000000000007 37740.000000000007 37740.000000000007 15.500000000000002 5.5000000000000009 39497.500000000007 41515.000000000007 39052.500000000007 66.500000000000014 0.36301840326779072 36662.500000000007 39905.000000000007 36780.115000000013 16943.285000000003 35481.350000000006 39183.900000000001 37922.700000000004
decision_type=2 2 2 2 2 2 2 2 2 2 2 2 2 2 2 2 2 2 2 2 2 2 2 2 2 2 2 2 2
left_child=1 11 8 6 10 -6 7 -4 28 14 -5 21 -8 25 20 16 -11 -17 -15 -16 -3 26 -23 27 -25 -13 -1 -10 -2
right_child=2 9 3 4 5 -7 12 -9 23 15 -12 13 -14 18 19 17 -18 -19 -20 -21 -22 22 -24 24 -26 -27 -28 -29 -30
leaf_value=-7.6208407302400962 13.024720764160158 5.0113293945789339 10.939361365636188 33.240663008256391 28.752980735085227 0.72174805204073578 13.682330179214473 40.005213012695314 3.7752510706583657 1.2606235231672018 21.59810666170987 -1.9420684640797283 3.9110225985447564 -7.1786928127973511 -4.4286881487284395 3.3414798195163407 15.404167251586912 0.96123189201528703 -2.9875205509621523 -1.1033066606181565 0.54281458625499213 -2.7388801337829953 -7.4273673283202317 0.070265623670199825 2.3131792259216311 -0.23610280026560246 -5.4795516212781274 4.4894228617350249 13.571479034423826
leaf_weight=134 3.9999999999999991 8.9999999999999982 12.000000000000002 11 11 12 8.0000000000000018 4.9999999999999991 2.9999999999999991 6.9999999999999982 11 12.999999999999998 14.999999999999998 39 28 72 5 201 29 129 79 29 56 29 9.9999999999999982 23 2.9999999999999991 3 3
leaf_count=134 4 9 12 11 11 12 8 5 3 7 11 13 15 39 28 72 5 201 29 129 79 29 56 29 10 23 3 3 3
internal_value=-0.0187437 -1.85629 11.4626 16.7952 20.626 14.128 12.4856 19.4881 2.74571 0.643951 27.4194 -5.92109 7.30974 -3.82004 -0.727941 1.8233 7.15377 1.58899 -5.39128 -1.69637 0.999822 -6.90537 -5.82777 1.1103 0.645372 -0.852146 -7.57395 4.13234 13.259
internal_weight=993 856 137 85 45 23 40 17 52 530 22 326 23 104 245 285 12 273 68 157 88 222 85 45 39 36 137 6 7
internal_count=993 856 137 85 45 23 40 17 52 530 22 326 23 104 245 285 12 273 68 157 88 222 85 45 39 36 137 6 7
is_linear=0
shrinkage=0.05


Tree=12
num_leaves=31
num_cat=0
split_feature=3 1 4 4 4 2 7 4 1 4 4 1 2 4 5 1 4 6 7 2 0 0 4 6 0 0 1 7 4 2
split_gain=7.53089e+06 3.20081e+06 2.6767e+06 698898 856524 790922 650899 1.57202e+06 395689 290243 236556 232359 154374 127915 162708 103860 203542 97700.1 50612.6 33707.7 20633 19339.7 18917.4 15212.7 14323.5 8293.46 8231.31 5197.7 11499.4 4883.04
threshold=0.86391879330921839 17562.390000000003 44735.000000000007 42910.000000000007 44012.500000000007 4200.6000000000013 5.5000000000000009 44810.000000000007 22740.105000000003 45077.500000000007 36662.500000000007 37058.325000000004 6661.4250000000011 37740.000000000007 17.500000000000004 12310.660000000002 36662.500000000007 66.500000000000014 2.5000000000000004 20630.670000000002 27990.150000000005 39971.650000000001 39905.000000000007 77.500000000000014 40953.400000000009 40458.750000000007 33681.630000000005 3.5000000000000004 34325.000000000007 11982.550000000001
decision_type=2 2 2 2 2 2 2 2 2 2 2 2 2 2 2 2 2 2 2 2 2 2 2 2 2 2 2 2 2 2
left_child=1 15 3 10 5 -5 9 21 13 23 26 -6 17 29 -15 27 19 -10 -14 -17 -18 -8 -12 -4 -9 -11 -2 28 -1 -3
right_child=2 8 6 4 11 -7 7 24 12 25 22 -13 18 14 -16 16 20 -19 -20 -21 -22 -23 -24 -25 -26 -27 -28 -29 -30 -31
leaf_value=-5.6528814792633062 9.0176248550415039 1.9404206633567811 34.424510765075688 38.00495056152343 10.349741568565367 5.5309208234151193 24.098857116699207 -2.1573562781016027 7.8680366706848153 19.032016499837237 3.5430935042245046 0.67559898429446763 1.2591522383828497 -2.2549204328734627 -8.3081970801720253 -1.1989889360099499 -2.4759009361267093 2.4953330287066375 0.03147920230176391 -4.8791075244545938 -6.7024925764504975 28.734432644314236 0.72555342286825186 30.249441528320297 1.9720230783735002 22.251772816975912 12.482302284240721 -7.3737742540312983 -7.111195413994067 -0.13763967823921416
leaf_weight=17 2.9999999999999991 2.9999999999999991 7.9999999999999991 5 20.000000000000004 3 3.0000000000000009 3 9.9999999999999982 3 6.9999999999999991 8.9999999999999982 172 76 12.999999999999998 28 2.9999999999999991 55 164 7.9999999999999991 77 8.9999999999999982 40 3.0000000000000009 7 6 4 82 66 49
leaf_count=17 3 3 8 5 20 3 3 3 10 3 7 9 172 76 13 28 3 55 164 8 77 9 40 3 7 6 4 82 66 49
internal_value=-0.170885 -1.95487 10.8683 6.04944 11.343 25.8272 21.3093 15.3745 0.290326 27.8376 2.42233 7.34742 1.09142 -1.98797 -3.13911 -6.28545 -5.139 3.3219 0.659931 -2.01679 -6.544 27.5755 1.14519 33.2859 0.733209 21.1785 10.9974 -7.09144 -6.8125 -0.0177516
internal_weight=956 823 133 91 37 8 42 22 542 20 54 29 401 141 89 281 116 65 336 36 80 12 47 11 10 9 7 165 83 52
internal_count=956 823 133 91 37 8 42 22 542 20 54 29 401 141 89 281 116 65 336 36 80 12 47 11 10 9 7 165 83 52
is_linear=0
shrinkage=0.05


Tree=13
num_leaves=31
num_cat=0
split_feature=2 4 3 7 4 0 4 4 7 3 3 4 0 4 2 8 3 4 4 0 5 0 4 3 0 0 0 0 2 4
split_gain=7.745e+06 2.87919e+06 2.59326e+06 711775 1.49448e+06 617379 530182 426224 322904 1.00403e+06 315636 310841 218950 173987 288926 155235 120039 98222.4 97100.7 281943 79440.4 76258.6 52323.7 60859.5 45257.9 41639.9 33559.4 26027.8 11562 10869
threshold=5848.0400000000009 44735.000000000007 0.54979938235441972 5.5000000000000009 44810.000000000007 39183.900000000001 42910.000000000007 45077.500000000007 3.5000000000000004 0.90164717565782104 0.69164638759874275 36372.500000000007 38353.250000000007 36662.500000000007 19985.695000000003 2.5000000000000004 0.90164717565782104 42277.500000000007 37740.000000000007 35211.450000000004 15.500000000000002 35798.100000000006 42277.500000000007 0.47163120848342938 32492.000000000004 36666.900000000009 39287.700000000004 37539.650000000009 2676.4450000000006 27195.000000000004
decision_type=2 2 2 2 2 2 2 2 2 2 2 2 2 2 2 2 2 2 2 2 2 2 2 2 2 2 2 2 2 2
left_child=1 6 13 5 26 -3 11 -7 9 -8 15 12 -1 14 29 17 -10 -4 19 -12 -20 -16 25 -24 -17 -15 -5 -13 -6 -2
right_child=2 3 10 4 28 7 8 -9 16 -11 18 27 -14 22 21 24 -18 -19 20 -21 -22 -23 23 -25 -26 -27 -28 -29 -30 -31
leaf_value=13.956037648518882 -3.8724836190541589 8.7728745269775334 -5.5325522275701644 21.853200912475579 1.5347318304909601 33.717515672956189 8.7715603649616227 20.202070922851561 8.0398045452202052 36.778658294677733 10.596178365945818 -0.46093091043558987 2.1655263900756836 -7.1537839253743485 -6.7413697258702348 -6.6302797079086311 0.26009316444396974 -0.70881763100624084 4.866287367790938 1.5588199768747604 0.51679157189053038 0.40468041002750399 -6.7550485102335616 -3.4499774588988381 -0.42015910945776708 -1.1994383653004965 27.462294006347658 1.7731509030796588 -2.0494884649912506 -0.75728739954176405
leaf_weight=8.9999999999999982 2.9999999999999991 5.0000000000000027 31 4.0000000000000009 8.9999999999999982 14 16.000000000000004 10 17.000000000000004 3.9999999999999991 9.9999999999999982 22 6.9999999999999991 138 56 2.9999999999999991 6.9999999999999991 15.999999999999998 10.999999999999998 63 230 3.9999999999999991 30 26 133 2.9999999999999991 7.9999999999999991 32 3.0000000000000009 42
leaf_count=9 3 5 31 4 9 14 16 10 17 4 10 22 7 138 56 3 7 16 11 63 230 4 30 26 133 3 8 32 3 42
internal_value=0.063633 9.85644 -1.98317 19.485 13.1156 24.7562 5.38 28.0861 9.68084 14.373 0.237297 2.67662 8.79769 -5.63739 -3.99354 -1.41324 5.77072 -3.89043 1.19923 2.79681 0.715316 -6.26497 -6.51356 -5.22055 -0.557147 -7.0271 25.5926 0.862969 0.638677 -0.964967
internal_weight=966 167 799 53 24 29 114 24 44 20 497 70 16 302 105 183 24 47 314 73 241 60 197 56 136 141 12 54 12 45
internal_count=966 167 799 53 24 29 114 24 44 20 497 70 16 302 105 183 24 47 314 73 241 60 197 56 136 141 12 54 12 45
is_linear=0
shrinkage=0.05


Tree=14
num_leaves=29
num_cat=0
split_feature=2 4 1 4 2 0 4 0 4 4 3 4 4 2 4 0 5 4 1 8 4 4 2 0 4 1 3 1
split_gain=6.83073e+06 2.51354e+06 2.47399e+06 497944 455032 432890 385739 358500 340616 311531 252187 202825 183915 166199 122825 131729 104361 81534.9 73158 63476.1 62438.1 35684.8 135373 23520.2 18891.9 9065.88 2294.92 1093.22
threshold=5848.0400000000009 44735.000000000007 19797.395 42910.000000000007 1263.7750000000003 41356.400000000001 44810.000000000007 38910.100000000013 43672.500000000007 36372.500000000007 0.46382986376670937 36090.000000000007 37740.000000000007 7564.1850000000004 36372.500000000007 37768.80000000001 15.500000000000002 41515.000000000007 22740.105000000003 2.5000000000000004 39497.500000000007 36662.500000000007 19985.695000000003 37539.650000000009 42752.500000000007 39938.810000000005 0.54979938235441972 32122.950000000008
decision_type=2 2 2 2 2 2 2 2 2 2 2 2 2 2 2 2 2 2 2 2 2 2 2 2 2 2 2 2
left_child=1 3 10 9 -3 6 -6 27 -9 11 21 -1 26 14 15 -4 -16 -14 19 -15 -20 22 -2 -11 -23 -7 -12 -5
right_child=2 4 13 7 5 25 -8 8 -10 23 12 -13 17 18 16 -17 -18 -19 20 -21 -22 24 -24 -25 -26 -27 -28 -29
leaf_value=2.0572500228881831 -0.95418811321258556 4.8033073139190678 16.534848531087242 0.022592910130818693 24.927532254732572 28.246405537923188 13.968426291147868 21.849930357933047 9.4241395216721759 -0.62424252754763554 -0.59438989739865067 13.154270629882811 -6.0440128608183432 -3.6472790566357705 6.3919044873931199 1.7176924387613928 1.2530086086275651 -2.8103477047170915 1.3409965941792026 -0.49303875570667205 -0.20740257863369252 -6.6658108738686543 -6.2560928934910258 1.5966300599277021 -3.8002576192220054 31.612761433919271 0.40506145794476778 1.1915776292483009
leaf_weight=7.0000000000000009 14.999999999999998 4.9999999999999991 2.9999999999999991 2.9999999999999982 12.999999999999998 2.9999999999999982 21 6.9999999999999991 26 19 32 10 44 22 10.999999999999998 3 97 35 102 58 180 139 61 32 5.9999999999999991 6 6.9999999999999991 6
leaf_count=7 15 5 3 3 13 3 21 7 26 19 32 10 44 22 11 3 97 35 102 58 180 139 61 32 6 6 7 6
internal_value=0.0181421 9.53289 -1.82643 5.36699 19.0797 20.7398 18.1587 9.64749 12.0599 2.72316 -5.09076 8.58491 -3.22444 0.498368 2.16325 9.12627 1.77641 -4.61138 -0.0259315 -1.36045 0.352657 -6.08726 -5.20966 0.769246 -6.54724 30.4906 -0.415001 0.801916
internal_weight=973 158 815 110 48 43 34 42 33 68 339 17 118 476 114 6 108 79 362 80 282 221 76 51 145 9 39 9
internal_count=973 158 815 110 48 43 34 42 33 68 339 17 118 476 114 6 108 79 362 80 282 221 76 51 145 9 39 9
is_linear=0
shrinkage=0.05


Tree=15
num_leaves=26
num_cat=0
split_feature=2 4 1 0 2 4 0 4 1 4 7 4 3 4 4 6 0 4 0 4 7 1 1 2 2
split_gain=6.16331e+06 2.50386e+06 2.29563e+06 576714 435143 287703 253671 228817 225340 233073 173841 302814 161471 120374 262219 82728.9 72047.6 63851.3 75390.7 66762.7 62546 56121.6 35031.3 20817.8 4254.56
threshold=5492.9000000000005 44735.000000000007 20347.000000000004 41497.850000000013 1263.7750000000003 44012.500000000007 41356.400000000001 44810.000000000007 14658.905000000001 36662.500000000007 2.5000000000000004 42910.000000000007 0.76111600421619197 36372.500000000007 36090.000000000007 64.500000000000014 35798.100000000006 36372.500000000007 40886.30000000001 36090.000000000007 1.5000000000000002 39281.425000000003 35560.755000000012 19376.645000000004 19589.180000000004
decision_type=2 2 2 2 2 2 2 2 2 2 2 2 2 2 2 2 2 2 2 2 2 2 2 2 2
left_child=1 3 8 10 -3 -5 7 -6 16 24 11 -1 17 14 -14 -15 23 19 -19 -4 -11 -8 -12 -2 -10
right_child=2 4 12 5 6 -7 21 -9 9 20 22 -13 13 15 -16 -17 -18 18 -20 -21 -22 -23 -24 -25 -26
leaf_value=3.481543789984602 -4.9655233357633861 4.563141901493073 0.63499657641115947 30.71613057454427 23.871688842773438 8.8185352325439421 22.035628255208341 15.415613521138827 -0.36425755050681208 -2.8374333127852411 -0.14865680125852426 12.756596326828003 1.9704221861703051 5.1361455092063322 15.309623107910156 0.99424691303038459 0.82426140308380136 -0.94309060916408072 2.8660713638578144 6.5996823883056637 -5.5601519077113188 30.411306254069007 2.6989926675955456 -6.2196253397525894 -1.9000009465217591
leaf_weight=33 42 4.9999999999999991 76 2.9999999999999991 11.999999999999998 3 2.9999999999999982 24 46 31 18 11.999999999999998 14.000000000000002 12.999999999999998 4.9999999999999991 166 3.9999999999999991 180 13.999999999999998 4.9999999999999991 66 6 27 156 4.9999999999999991
leaf_count=33 42 5 76 3 12 3 3 24 46 31 18 12 14 13 5 166 4 180 14 5 66 6 27 156 5
internal_value=0.0159643 9.48354 -1.66358 4.75803 18.5565 19.7673 20.1113 18.2343 -4.73344 -3.25126 3.75741 5.95489 0.607983 1.69671 5.48074 1.29506 -5.81939 -0.175902 -0.668203 1.00319 -4.69 27.6194 1.55993 -5.9536 -0.514821
internal_weight=969 146 823 96 50 6 45 36 350 148 90 45 473 198 19 179 202 275 194 81 97 9 45 198 51
internal_count=969 146 823 96 50 6 45 36 350 148 90 45 473 198 19 179 202 275 194 81 97 9 45 198 51
is_linear=0
shrinkage=0.05


Tree=16
num_leaves=30
num_cat=0
split_feature=2 4 3 0 4 7 4 3 4 4 4 0 2 4 0 0 5 3 8 4 4 2 6 3 0 4 4 2 2
split_gain=5.89866e+06 2.12661e+06 1.90299e+06 483195 572508 441372 1.42542e+06 599521 229638 249634 226475 212486 191621 224784 175203 147303 90367.7 86661 75590 101904 72904.1 225531 46456.9 30566.3 29777.4 28096.2 24176.4 13339.2 970.758
threshold=5848.0400000000009 44735.000000000007 0.5664217979691073 41396.900000000009 44012.500000000007 5.5000000000000009 44810.000000000007 0.9099220361137893 42910.000000000007 36372.500000000007 45077.500000000007 38910.100000000013 8538.3550000000014 36372.500000000007 35146.700000000004 37665.200000000004 15.500000000000002 0.86929463939195706 2.5000000000000004 39052.500000000007 36662.500000000007 19985.695000000003 61.500000000000007 0.68783610611397006 39287.700000000004 41515.000000000007 42277.500000000007 2676.4450000000006 20391.665000000005
decision_type=2 2 2 2 2 2 2 2 2 2 2 2 2 2 2 2 2 2 2 2 2 2 2 2 2 2 2 2 2
left_child=1 3 14 8 -5 7 24 17 9 -1 -9 -10 13 15 20 -4 -15 -3 19 -14 21 -2 28 -20 -7 -24 -22 -8 -16
right_child=2 5 12 4 -6 6 27 10 11 -11 -12 -13 18 16 22 -17 -18 -19 23 -21 26 -23 25 -25 -26 -27 -28 -29 -30
leaf_value=8.0216995579855777 -0.44574214694400632 1.6737364451090475 13.880278015136723 30.00489807128907 4.6263367795944204 19.068368835449217 0.43362858096758511 29.607641718937796 0.76496113300323487 0.51486320664297869 18.452515956333706 9.2970326450135978 -5.3035262852907188 5.2151599682294405 -5.5578570604324344 2.2601488399505612 0.87067376014017894 13.691848500569657 -0.49922857760873618 -0.82035158774891836 -6.0211801106981238 -5.8709210233868294 -0.53830624330660393 0.66446777919837097 23.721998873623935 -2.9743092568218708 -4.6877769703335233 -3.4162160237630212 -6.8298357645670551
leaf_weight=13.999999999999998 30 3.0000000000000027 5.9999999999999982 3.9999999999999982 5 4.9999999999999991 9.0000000000000018 13.000000000000002 9.9999999999999982 53 6.9999999999999991 27 15.999999999999998 12.999999999999998 2.9999999999999991 5 151 3 117 61 139 53 29 109 10.999999999999998 20 45 2.9999999999999991 3
leaf_count=14 30 3 6 4 5 5 9 13 10 53 7 27 16 13 3 5 151 3 117 61 139 53 29 109 11 20 45 3 3
internal_value=0.14457 8.6917 -1.63964 4.79126 15.9057 16.8537 12.4978 21.5448 3.82943 2.08346 25.7033 6.99107 0.361863 1.67915 -4.61082 8.5984 1.21505 7.68279 -0.398946 -1.75192 -5.14017 -3.91001 -2.04109 0.0620232 22.2677 -1.53259 -5.69508 -0.528833 -6.19385
internal_weight=967 167 800 113 9 54 28 26 104 67 20 37 478 175 322 11 164 6 303 77 267 83 55 226 16 49 184 12 6
internal_count=967 167 800 113 9 54 28 26 104 67 20 37 478 175 322 11 164 6 303 77 267 83 55 226 16 49 184 12 6
is_linear=0
shrinkage=0.05


Tree=17
num_leaves=29
num_cat=0
split_feature=2 1 4 3 4 4 4 3 4 4 1 0 6 4 7 8 4 2 4 6 2 0 0 4 4 1 4 0
split_gain=5.17448e+06 1.90613e+06 1.56686e+06 471827 503713 763098 166475 159628 163623 294347 153772 122077 207599 78775.5 81927.7 78295.5 71071.2 121822 69344.6 52525.5 31319 31221.3 31012.5 27127.3 16792.5 10755.4 1482.78 1465.9
threshold=5492.9000000000005 20347.000000000004 42910.000000000007 0.89843304090766141 44012.500000000007 44735.000000000007 36662.500000000007 0.76111600421619197 36372.500000000007 36090.000000000007 17356.105 38037.100000000013 75.500000000000014 37740.000000000007 3.5000000000000004 2.5000000000000004 36662.500000000007 19985.695000000003 39052.500000000007 65.500000000000014 5338.4450000000006 37922.700000000004 33789.200000000004 42752.500000000007 39905.000000000007 36128.610000000008 27195.000000000004 39094.350000000013
decision_type=2 2 2 2 2 2 2 2 2 2 2 2 2 2 2 2 2 2 2 2 2 2 2 2 2 2 2 2
left_child=2 10 6 11 -5 -6 21 15 9 -9 16 20 -13 26 -15 18 17 -2 -3 -10 -4 -1 -17 -18 27 -26 -12 -8
right_child=1 7 3 4 5 -7 24 8 19 -11 13 12 -14 14 -16 22 23 -19 -20 -21 -22 -23 -24 -25 25 -27 -28 -29
leaf_value=11.012479400634765 -1.0981067619447049 -4.4187648057937627 0.55203339576721189 30.983563232421876 2.0180644851922991 17.541541755826852 2.1621380329132083 1.7541273373823896 4.0521869489124844 15.142548497517906 0.79253476460774652 13.642833879590032 4.7198992013931278 -1.731892923666881 -5.9308168910798571 3.0710649265183343 -5.6611681623118271 -5.014232448547606 -0.79959022140502933 0.86596864015740516 7.0141239484151185 4.5604757944742822 0.069035185518173073 -3.3703522069113596 -0.3380353805811509 1.4197117771421162 -0.38386968040466307 3.624248123168945
leaf_weight=5 29 18 5 4.9999999999999991 9.9999999999999982 38 2.9999999999999991 13.000000000000002 13.999999999999998 5.9999999999999991 3.0000000000000027 16.000000000000004 10.999999999999998 26 21 8.9999999999999982 168 63 50 170 3 3 195 13.999999999999998 23 13.999999999999998 25 4
leaf_count=5 29 18 5 5 10 38 3 13 14 6 3 16 11 26 21 9 168 63 50 170 3 3 195 14 23 14 25 4
internal_value=-0.0478193 -1.55778 8.83937 12.9055 15.8807 14.3075 1.95824 0.503555 1.56455 5.98205 -4.36332 8.40019 10.0076 -2.35727 -3.60801 -0.288294 -4.91242 -3.7798 -1.75761 1.1084 2.97532 8.59298 0.201478 -5.48495 0.751922 0.327058 -0.257826 2.99763
internal_weight=964 824 140 88 53 48 52 475 203 19 349 35 27 75 47 272 274 92 68 184 8 8 204 182 44 37 28 7
internal_count=964 824 140 88 53 48 52 475 203 19 349 35 27 75 47 272 274 92 68 184 8 8 204 182 44 37 28 7
is_linear=0
shrinkage=0.05


Tree=18
num_leaves=25
num_cat=0
split_feature=1 1 4 2 6 4 4 4 4 4 4 1 0 1 8 4 2 4 4 4 3 1 0 1
split_gain=4.6574e+06 2.27753e+06 880294 440916 309607 273235 268680 255855 253887 706367 213820 153190 102573 79767.2 75692.7 68055.4 146042 65008 62950.7 49777.4 22096.4 2895.41 1184.07 699.949
threshold=36386.585000000006 20347.000000000004 42910.000000000007 6661.4250000000011 77.500000000000014 44012.500000000007 44735.000000000007 44735.000000000007 44735.000000000007 44810.000000000007 36372.500000000007 17562.390000000003 41396.900000000009 26711.520000000008 2.5000000000000004 36662.500000000007 19985.695000000003 37740.000000000007 41855.000000000007 39497.500000000007 0.5616493768192381 37457.610000000008 34630.900000000009 37058.325000000004
decision_type=2 2 2 2 2 2 2 2 2 2 2 2 2 2 2 2 2 2 2 2 2 2 2 2
left_child=1 11 21 8 5 -4 -6 -7 10 -10 -3 15 -8 14 -5 16 -1 22 -19 -15 -17 23 -13 -2
right_child=2 3 4 13 6 7 12 -9 9 -11 -12 17 -14 19 -16 20 -18 18 -20 -21 -22 -23 -24 -25
leaf_value=-0.76809995674317888 0.41333381533622754 7.1843574774892707 29.43438446044922 -2.446267032907123 0.60684547424316415 9.7561938391791418 11.628834152221682 19.8323838585899 20.234995460510248 2.8853997024622835 1.3739337696291898 0.57437315583229043 22.470056660970045 2.0563686738411588 -0.020000374088757232 -5.3080505320760949 -4.9945172039667769 -5.2221229076385498 -1.3865918133569801 0.38123247934943616 -1.5507683515548707 2.5230823516845704 -0.17063262974843385 1.3007134056091307
leaf_weight=31 3.9999999999999982 19 4.9999999999999991 42 4.9999999999999991 9.0000000000000018 7.9999999999999982 21 8.0000000000000018 22 95 8.0000000000000018 3 60 137 180 60 20 23 170 3.9999999999999991 3.9999999999999991 15.999999999999998 5
leaf_count=31 4 19 5 42 5 9 8 21 8 22 95 8 3 60 137 180 60 20 23 170 4 4 16 5
internal_value=-0.0118121 -0.943586 13.0185 1.03995 15.9791 18.6131 10.2172 16.8095 3.41934 7.51196 2.34234 -4.15089 14.5855 0.202221 -0.589292 -4.67322 -3.55475 -2.007 -3.17056 0.818225 -5.22637 1.40379 0.0777026 0.906322
internal_weight=959 895 64 553 51 35 16 30 144 30 114 342 11 409 179 275 91 67 43 230 184 13 24 9
internal_count=959 895 64 553 51 35 16 30 144 30 114 342 11 409 179 275 91 67 43 230 184 13 24 9
is_linear=0
shrinkage=0.05


Tree=19
num_leaves=27
num_cat=0
split_feature=1 1 2 4 2 3 3 1 0 0 4 4 4 4 0 2 4 2 0 3 6 0 4 0 2 4
split_gain=4.11017e+06 1.56117e+06 855061 906202 350772 564244 313559 200896 166777 134330 124034 118416 115910 109260 67458.1 66732.1 64118.1 109446 72062.5 27221.3 22306.4 38224.3 16560.3 12752.9 10075.9 8609.14
threshold=33681.630000000005 17562.390000000003 4698.1400000000012 44735.000000000007 3561.7250000000008 0.90695698754580201 0.97108273596347094 27098.860000000008 41356.400000000001 39859.500000000007 37740.000000000007 39497.500000000007 42910.000000000007 41515.000000000007 35481.350000000006 9293.7500000000018 36662.500000000007 19985.695000000003 35798.100000000006 0.5616493768192381 77.500000000000014 40719.850000000013 42412.500000000007 33983.750000000007 5848.0400000000009 27195.000000000004
decision_type=2 2 2 2 2 2 2 2 2 2 2 2 2 2 2 2 2 2 2 2 2 2 2 2 2 2
left_child=1 16 3 4 22 -6 8 10 -5 -4 15 14 -13 -12 -9 -3 17 25 -19 23 24 -22 -2 -18 -11 -1
right_child=2 7 9 6 5 -7 -8 11 -10 20 13 12 -14 -15 -16 -17 19 18 -20 -21 21 -23 -24 -25 -26 -27
leaf_value=-3.4641559600830036 2.179435504476229 6.9366871178150182 11.056547558307649 14.88410075286339 7.2200509097646268 29.84065399169922 0.11252919832865399 8.3815850853919986 22.11467410000888 -1.5813286066055299 -3.1936393837134047 -0.52435920512111023 2.0295989755541086 -0.62469493881673432 2.3809149719724383 0.34806795667628854 -4.8794903649541439 -5.0620470565662048 1.1982952880859377 -0.22151648203531901 6.6723379445075999 1.3180685447156431 -0.65783822801378045 -6.2155361557006836 1.1014117274965558 -0.64583140888384416
leaf_weight=3.0000000000000027 12.000000000000002 3.9999999999999991 3.9999999999999991 29 34 2.9999999999999991 2.9999999999999991 4.9999999999999991 10.999999999999998 3.9999999999999991 66 116 72 111 74 98 167 57 4.9999999999999991 2.9999999999999991 4.9999999999999991 9.9999999999999982 8.9999999999999982 20 28 28
leaf_count=3 12 4 4 29 34 3 3 5 11 4 66 116 72 111 74 98 167 57 5 3 5 10 9 20 28 28
internal_value=-0.0203638 -1.40619 7.53788 10.2027 6.12477 9.05415 15.7032 0.155929 16.8725 2.26045 -0.782308 1.13633 0.453752 -1.58261 2.7607 0.606445 -4.42004 -3.34431 -4.55718 -4.94658 1.51184 3.10283 0.963461 -5.02238 0.766069 -0.918572
internal_weight=981 829 152 101 58 37 43 546 40 51 279 267 188 177 79 102 283 93 62 190 47 15 21 187 32 31
internal_count=981 829 152 101 58 37 43 546 40 51 279 267 188 177 79 102 283 93 62 190 47 15 21 187 32 31
is_linear=0
shrinkage=0.05


Tree=20
num_leaves=29
num_cat=0
split_feature=2 4 3 7 4 0 0 4 4 0 4 3 7 3 4 4 4 8 4 4 2 0 6 4 0 0 2 4
split_gain=3.22674e+06 1.55355e+06 1.14077e+06 332833 1.17073e+06 528672 242709 356645 219087 124682 114494 152231 111006 104798 51960.2 171800 55778.2 47272.8 56168.1 36351.6 43664 21373 14210.2 13801.1 12358.1 11885.5 8087.68 7812.51
threshold=6280.3000000000011 44735.000000000007 0.55521193254826606 5.5000000000000009 44810.000000000007 38256.500000000007 41396.900000000009 44012.500000000007 45077.500000000007 35054.400000000009 36662.500000000007 0.35351490478924757 2.5000000000000004 0.65834084652726987 36372.500000000007 36090.000000000007 42910.000000000007 2.5000000000000004 42277.500000000007 42277.500000000007 18761.055000000004 36666.900000000009 67.500000000000014 27195.000000000004 41688.200000000004 41396.900000000009 21649.615000000002 40095.000000000007
decision_type=2 2 2 2 2 2 2 2 2 2 2 2 2 2 2 2 2 2 2 2 2 2 2 2 2 2 2 2
left_child=1 6 10 5 25 -3 9 -8 -7 27 11 26 -11 17 15 -15 -16 18 -4 21 -21 -12 -19 -13 -6 -5 -2 -1
right_child=2 3 13 4 24 8 7 -9 -10 12 19 23 -14 14 16 -17 -18 22 -20 20 -22 -23 -24 -25 -26 -27 -28 -29
leaf_value=-0.6559688302186818 -1.9535053253173829 -2.0711882355312485 -4.660014146917006 20.361619873046877 -3.6561110496520999 24.45532291118915 25.344936116536452 3.538375358581543 14.306938510470918 4.7825802040196237 -4.9120017011960355 -3.0703373718261719 1.6968360521576622 0.86065105790631824 -0.18981471823822513 8.2941761016845703 1.2417747547604003 -1.4109939682571326 0.6616447414670672 -2.182448422207552 -4.9679325898488367 -1.2067083299160004 -0.11069160617210649 -0.31523664276301866 0.10690272649129225 16.773317718505851 -4.6386404325795736 -3.1828694105148316
leaf_weight=13.000000000000002 2.9999999999999991 3.0000000000000027 17.000000000000004 9.9999999999999982 7.9999999999999991 13 3 5 9 62 144 4.9999999999999991 55 57 190 8.9999999999999982 106 34 6.9999999999999991 34 24 3.9999999999999991 55 50 3.0000000000000009 3.0000000000000009 43 3.9999999999999991
leaf_count=13 3 3 17 10 8 13 3 5 9 62 144 5 55 57 190 9 106 34 7 34 24 4 55 50 3 3 43 4
internal_value=0.0785024 5.90466 -1.34451 13.5811 9.37533 17.6187 3.25573 11.7158 20.3037 2.75065 -3.71995 -2.34095 3.33202 0.190774 0.605713 1.87431 0.322849 -1.1385 -3.10786 -4.39606 -3.33506 -4.81186 -0.607436 -0.5657 -2.62983 19.5336 -4.46352 -1.25053
internal_weight=973 191 782 49 24 25 142 8 22 134 307 101 117 475 362 66 296 113 24 206 58 148 89 55 11 13 46 17
internal_count=973 191 782 49 24 25 142 8 22 134 307 101 117 475 362 66 296 113 24 206 58 148 89 55 11 13 46 17
is_linear=0
shrinkage=0.05


Tree=21
num_leaves=29
num_cat=0
split_feature=3 4 1 3 4 2 3 4 7 4 4 4 2 0 1 1 4 4 4 4 4 2 3 7 1 4 0 2
split_gain=3.12942e+06 1.54361e+06 1.33742e+06 288566 191171 185151 169952 146567 129363 565292 191542 113294 134283 310566 113311 108076 75701 84676.4 64635.9 53135.5 24775.3 64195.3 28689.2 17853.7 6565.42 1198.39 731.128 660.241
threshold=0.86628733700074412 44735.000000000007 20347.000000000004 0.97108273596347094 42910.000000000007 3561.7250000000008 0.88185650324919773 36662.500000000007 5.5000000000000009 44810.000000000007 45077.500000000007 37740.000000000007 8601.2850000000017 36348.450000000004 27297.125000000004 16508.600000000002 36662.500000000007 42277.500000000007 39497.500000000007 39052.500000000007 36662.500000000007 19985.695000000003 0.54979938235441972 1.0000000180025095e-35 37457.610000000008 30732.500000000004 41205.80000000001 4308.6100000000006
decision_type=2 2 2 2 2 2 2 2 2 2 2 2 2 2 2 2 2 2 2 2 2 2 2 2 2 2 2 2
left_child=2 4 15 8 7 26 -7 27 10 -10 -3 12 13 -4 19 20 25 -18 -16 -13 21 -1 -22 -14 -9 -17 -6 -2
right_child=1 3 11 -5 5 6 -8 24 9 -11 -12 14 23 -15 18 16 17 -19 -20 -21 22 -23 -24 -25 -26 -27 -28 -29
leaf_value=-1.126403591578657 8.0915789286295574 22.606138376089241 12.993647861480714 0.10155758857727051 -1.7941936810811361 2.1500843260023319 10.423709108829499 0.076085861600362348 17.819958659580774 -3.4932372689247133 12.772939205169676 -3.1621486429411636 2.588234627246857 1.8659861342660315 3.8648675537109378 0.20879854783415791 -4.4692409509565776 -0.50089807987213131 0.46749825622354235 -0.65311533177404535 -4.5866112885330663 -4.2701982713514761 0.34718748728434246 0.43984589526662604 2.2031145095825195 -0.41588720968540982 -0.76161029338836661 9.1405792236328107
leaf_weight=22 2.9999999999999991 13 7.9999999999999991 2.9999999999999991 2.9999999999999991 9.0000000000000018 20 39 14.000000000000002 3.9999999999999991 8 26 10.999999999999998 29 14.999999999999998 14.000000000000002 41 20 210 112 165 62 2.9999999999999991 80 3.9999999999999991 17 4 3
leaf_count=22 3 13 8 3 3 9 20 39 14 4 8 26 11 29 15 14 41 20 210 112 165 62 3 80 4 17 4 3
internal_value=-0.1096 7.20273 -1.22178 15.0446 3.32791 6.09433 7.85603 1.29543 16.1941 13.0837 18.8602 0.453165 1.7322 4.27197 0.00215665 -3.61246 -2.14569 -3.16814 0.69399 -1.12583 -4.14795 -3.44682 -4.49851 0.699541 0.273949 -0.133771 -1.20415 8.61608
internal_weight=962 127 835 42 85 36 29 49 39 18 21 491 128 37 363 344 92 61 225 138 252 84 168 91 43 31 7 6
internal_count=962 127 835 42 85 36 29 49 39 18 21 491 128 37 363 344 92 61 225 138 252 84 168 91 43 31 7 6
is_linear=0
shrinkage=0.05


Tree=22
num_leaves=30
num_cat=0
split_feature=2 4 1 7 4 1 4 4 4 7 4 3 8 4 1 7 3 4 4 4 3 3 1 4 4 6 1 1 3
split_gain=2.70807e+06 1.55629e+06 1.02588e+06 308946 1.02172e+06 333655 209913 127340 194140 168188 167136 124671 100812 101848 47076.2 40648.8 35021.4 52135.6 32456.9 32395.7 23902.2 23302.6 21850.3 14609.5 15220.4 13926 10036.4 1611.97 53.7148
threshold=6280.3000000000011 44735.000000000007 17562.390000000003 5.5000000000000009 44810.000000000007 35211.140000000007 45077.500000000007 36372.500000000007 42910.000000000007 1.5000000000000002 36090.000000000007 0.68004042481587523 2.5000000000000004 42277.500000000007 31597.185000000001 2.5000000000000004 0.45352723129456668 36662.500000000007 36372.500000000007 38452.500000000007 0.5616493768192381 0.81371471427330133 37379.255000000012 42752.500000000007 36662.500000000007 66.500000000000014 40330.43 16943.285000000003 0.86065396352392987
decision_type=2 2 2 2 2 2 2 2 2 2 2 2 2 2 2 2 2 2 2 2 2 2 2 2 2 2 2 2 2
left_child=1 7 16 5 22 -3 -7 10 19 -10 28 12 13 -4 -12 18 23 27 -13 -9 -19 -17 -5 24 -2 -14 -6 -18 -1
right_child=2 3 11 4 26 6 -8 8 9 -11 14 15 25 -15 -16 21 17 20 -20 -21 -22 -23 -24 -25 -26 -27 -28 -29 -30
leaf_value=0.63868517875671427 -3.6188231396003512 5.1042861008644067 -5.108819187604464 19.457890319824219 -3.2946932852268223 23.397582596998944 13.103606510162351 2.1983932782621944 10.194219474792481 2.9790749379566739 16.37655385335286 2.4805110489328701 -1.1223803634792568 0.45997870713472366 8.7054910659790021 -0.28693574779881881 -0.57226707900945961 -3.8731559952100123 0.76540360896516657 -0.32194322137271658 0.72721354166666674 1.0331846115986507 14.592587280273429 -1.4694735813140871 -4.5316221162676813 -0.085691887788150622 0.096479717890421493 0.71354151964187629 0.33947836160659783
leaf_weight=2.9999999999999973 71 5.0000000000000027 26 9.9999999999999982 7.9999999999999991 13 8 17 9.9999999999999982 42 3 36 50 11.999999999999998 6 130 12.999999999999998 48 118 51 2.9999999999999991 45 3.0000000000000009 4.9999999999999991 128 92 3.0000000000000009 2.9999999999999991 3
leaf_count=3 71 5 26 10 8 13 8 17 10 42 3 36 50 12 6 130 13 48 118 51 3 45 3 5 128 92 3 3 3
internal_value=-0.0380759 5.40066 -1.32803 12.9361 8.84536 16.7123 19.4761 2.60973 2.06681 4.3666 6.95314 -0.00492052 -1.06285 -3.35025 11.2625 0.573884 -3.81314 -2.82132 1.16634 0.308141 -3.60255 0.0525238 18.3351 -4.13888 -4.20595 -0.450723 -2.36983 -0.331178 0.489082
internal_weight=965 185 780 50 24 26 21 135 120 52 15 509 180 38 9 329 271 67 154 68 51 175 13 204 199 142 11 16 6
internal_count=965 185 780 50 24 26 21 135 120 52 15 509 180 38 9 329 271 67 154 68 51 175 13 204 199 142 11 16 6
is_linear=0
shrinkage=0.05


end of trees

feature_importances:
thermal_on_capacity=199
total_load=100
net_load=84
renewable_power=84
thermal_space_load_ratio=59
weekday=43
period=33
month=28
hour=11

parameters:
[boosting: gbdt]
[objective: regression]
[metric: rmse]
[tree_learner: serial]
[device_type: cpu]
[data_sample_strategy: bagging]
[data: ]
[valid: ]
[num_iterations: 400]
[learning_rate: 0.05]
[num_leaves: 31]
[num_threads: 0]
[seed: 42]
[deterministic: 0]
[force_col_wise: 0]
[force_row_wise: 0]
[histogram_pool_size: -1]
[max_depth: 5]
[min_data_in_leaf: 3]
[min_sum_hessian_in_leaf: 0.001]
[bagging_fraction: 0.85]
[pos_bagging_fraction: 1]
[neg_bagging_fraction: 1]
[bagging_freq: 1]
[bagging_seed: 400]
[bagging_by_query: 0]
[feature_fraction: 0.85]
[feature_fraction_bynode: 1]
[feature_fraction_seed: 30056]
[extra_trees: 0]
[extra_seed: 12879]
[early_stopping_round: 0]
[early_stopping_min_delta: 0]
[first_metric_only: 0]
[max_delta_step: 0]
[lambda_l1: 0]
[lambda_l2: 0]
[linear_lambda: 0]
[min_gain_to_split: 0]
[drop_rate: 0.1]
[max_drop: 50]
[skip_drop: 0.5]
[xgboost_dart_mode: 0]
[uniform_drop: 0]
[drop_seed: 17869]
[top_rate: 0.2]
[other_rate: 0.1]
[min_data_per_group: 100]
[max_cat_threshold: 32]
[cat_l2: 10]
[cat_smooth: 10]
[max_cat_to_onehot: 4]
[top_k: 20]
[monotone_constraints: ]
[monotone_constraints_method: basic]
[monotone_penalty: 0]
[feature_contri: ]
[forcedsplits_filename: ]
[refit_decay_rate: 0.9]
[cegb_tradeoff: 1]
[cegb_penalty_split: 0]
[cegb_penalty_feature_lazy: ]
[cegb_penalty_feature_coupled: ]
[path_smooth: 0]
[interaction_constraints: ]
[verbosity: -1]
[saved_feature_importance_type: 0]
[use_quantized_grad: 0]
[num_grad_quant_bins: 4]
[quant_train_renew_leaf: 0]
[stochastic_rounding: 1]
[linear_tree: 0]
[max_bin: 255]
[max_bin_by_feature: ]
[min_data_in_bin: 3]
[bin_construct_sample_cnt: 200000]
[data_random_seed: 175]
[is_enable_sparse: 1]
[enable_bundle: 1]
[use_missing: 1]
[zero_as_missing: 0]
[feature_pre_filter: 1]
[pre_partition: 0]
[two_round: 0]
[header: 0]
[label_column: ]
[weight_column: ]
[group_column: ]
[ignore_column: ]
[categorical_feature: ]
[forcedbins_filename: ]
[precise_float_parser: 0]
[parser_config_file: ]
[objective_seed: 16083]
[num_class: 1]
[is_unbalance: 0]
[scale_pos_weight: 1]
[sigmoid: 1]
[boost_from_average: 1]
[reg_sqrt: 0]
[alpha: 0.9]
[fair_c: 1]
[poisson_max_delta_step: 0.7]
[tweedie_variance_power: 1.5]
[lambdarank_truncation_level: 30]
[lambdarank_norm: 1]
[label_gain: ]
[lambdarank_position_bias_regularization: 0]
[eval_at: ]
[multi_error_top_k: 1]
[auc_mu_weights: ]
[num_machines: 1]
[local_listen_port: 12400]
[time_out: 120]
[machine_list_filename: ]
[machines: ]
[gpu_platform_id: -1]
[gpu_device_id: -1]
[gpu_use_dp: 0]
[num_gpu: 1]

end of parameters

pandas_categorical:[]
