tree
version=v4
num_class=1
num_tree_per_iteration=1
label_index=0
max_feature_idx=10
objective=regression
feature_names=total_load net_load renewable_power thermal_space_load_ratio thermal_on_capacity hour period weekday month is_weekend is_holiday
feature_infos=[22195.900000000001:43757.300000000003] [-11825.210000000003:41070.110000000001] [1144.03:36022.5] [-0.52127464982271476:0.97282505160491894] [27170:47015] [15:19] [61:80] [0:6] [2:4] [0:1] none
tree_sizes=2763 2694 2791 2707 2710 2672 2612 2681 2734 2765 2555 2712 2788 2663 2537 2716 2845 2682 2731 2478 2779 2677

Tree=0
num_leaves=31
num_cat=0
split_feature=2 1 4 2 7 4 4 7 4 7 1 1 4 4 4 8 2 4 4 8 6 1 2 2 2 6 1 4 6 8
split_gain=2.69393e+07 1.00358e+07 4.92781e+06 4.25453e+06 1.84725e+06 4.30332e+06 3.3952e+06 1.07368e+06 922849 844209 774792 554768 891986 552560 393076 221483 192590 273788 169401 157105 128041 85210.2 81911.3 65634.7 61867.5 15331.7 14911.3 21585.7 4547.31 4276.53
threshold=6280.3000000000011 18825.540000000005 42910.000000000007 4200.6000000000013 5.5000000000000009 44810.000000000007 44810.000000000007 1.5000000000000002 36372.500000000007 4.5000000000000009 24181.585000000003 12252.610000000001 36662.500000000007 36090.000000000007 37740.000000000007 2.5000000000000004 7578.0900000000011 36372.500000000007 39497.500000000007 2.5000000000000004 73.500000000000014 17652.890000000003 19848.675000000003 5428.6000000000013 10787.600000000002 73.500000000000014 11232.980000000003 34325.000000000007 69.500000000000014 2.5000000000000004
decision_type=2 2 2 2 2 2 2 2 2 2 2 2 2 2 2 2 2 2 2 2 2 2 2 2 2 2 2 2 2 2
left_child=2 11 8 4 6 -6 -4 15 13 -9 14 26 22 -1 24 -5 17 -12 -18 28 -16 -14 -13 -15 -3 -21 29 -28 -10 -2
right_child=1 10 3 7 5 -7 -8 9 19 -11 16 12 21 23 20 -17 18 -19 -20 25 -22 -23 -24 -25 -26 -27 27 -29 -30 -31
leaf_value=278.27788144590772 258.60822443621169 279.52232589035214 292.21818719813211 309.78899103113997 320.10010315950365 277.75565921308913 320.94488804448628 277.82951277457317 270.34899246800921 291.69232514012839 286.70565922368547 269.78098407376791 260.15419040927276 292.6181592236855 267.56074534697797 294.10165938644593 274.45604976374887 274.68834590266886 271.89455757229712 275.35565914421261 259.33275913823627 263.48511752594493 264.72160915959859 301.29032464930395 272.12551625394093 277.6998527622282 262.35997161973501 259.14389251022521 272.41870256977955 259.15907579371316
leaf_weight=9 69 2.9999999999999991 18 2.9999999999999973 9.0000000000000018 18 24 41 3.0000000000000027 14.999999999999998 4.9999999999999991 40 96 7.9999999999999991 87 9 96 91 197 8.9999999999999982 4.9999999999999991 24 9.9999999999999982 3.0000000000000009 49 31 8.0000000000000018 14.999999999999998 23 72
leaf_count=9 69 3 18 3 9 18 24 41 3 15 5 40 96 8 87 9 96 91 197 9 5 24 10 3 49 31 8 15 23 72
internal_value=271.939 267.952 287.438 293.327 302.074 291.87 308.633 284.451 278.057 281.543 272.211 261.157 263.158 287.466 269.078 298.023 273.371 275.314 272.734 275.206 267.114 260.82 268.769 294.983 272.552 277.172 259.082 260.263 272.18 258.89
internal_weight=1090 867 223 137 69 27 42 68 86 56 533 334 170 20 144 12 389 96 293 66 92 120 50 11 52 40 164 23 26 141
internal_count=1090 867 223 137 69 27 42 68 86 56 533 334 170 20 144 12 389 96 293 66 92 120 50 11 52 40 164 23 26 141
is_linear=0
shrinkage=1


Tree=1
num_leaves=30
num_cat=0
split_feature=2 1 1 7 8 7 0 7 2 3 8 3 8 0 7 8 2 6 7 8 2 3 1 0 6 5 0 3 2
split_gain=2.73819e+07 9.79834e+06 3.01506e+06 3.61113e+06 3.41398e+06 3.81701e+06 1.15799e+06 1.51261e+06 915525 738527 613431 582275 796385 440516 342347 340390 256499 271298 185528 164419 121438 103609 93640.1 60129 39255.6 33125.7 20073.3 8641.06 11.25
threshold=5852.2250000000013 19655.130000000001 37295.305000000008 2.5000000000000004 2.5000000000000004 5.5000000000000009 37443.30000000001 4.5000000000000009 3451.5950000000007 0.68004042481587523 3.5000000000000004 0.39357655838957473 3.5000000000000004 41535.600000000006 2.5000000000000004 2.5000000000000004 7345.9350000000004 70.500000000000014 1.5000000000000002 3.5000000000000004 15752.315000000002 0.44319199939459875 19045.935000000005 35766.200000000004 67.500000000000014 16.500000000000004 41631.400000000009 0.36532224479767317 2150.4250000000006
decision_type=2 2 2 2 2 2 2 2 2 2 2 2 2 2 2 2 2 2 2 2 2 2 2 2 2 2 2 2 2
left_child=2 11 6 13 26 -6 10 14 -9 15 25 23 22 28 -8 20 17 -11 -15 -18 -3 -14 -13 27 -17 -1 -5 -2 -4
right_child=1 9 3 4 5 -7 7 8 -10 16 -12 12 21 18 -16 24 19 -19 -20 -21 -22 -23 -24 -25 -26 -27 -28 -29 -30
leaf_value=5.1798962402343678 -12.610291534472424 -5.1564618684351444 34.915255737304669 6.6690907287597616 56.608364189995633 15.905934643745423 13.344784898960846 4.7232659912109343 28.160738769531253 8.2236382447756267 25.281353251139322 -11.150902425180568 -6.4158902539147284 45.792178344726572 6.005088154474894 -2.1676454096305662 0.16713655763004551 2.316464991074104 60.372426350911439 3.0945166360764276 -13.421376037597657 -1.790868680742947 -6.7875016893659321 -6.9330130004882822 -0.22943053353163931 0.68952385051094967 3.0879432678222658 -11.423555980009191 34.802755737304686
leaf_weight=5.0000000000000062 157 40 4.0000000000000018 5.0000000000000027 9.0000000000000018 15.999999999999998 47 5.0000000000000027 25 26 2.9999999999999991 101 18 7.9999999999999982 24 41 201 77 3 63 4.9999999999999991 37 13.999999999999998 4.9999999999999991 72 23 18 17 5
leaf_count=5 157 40 4 5 9 16 47 5 25 26 3 101 18 8 24 41 201 77 3 63 5 37 14 5 72 23 18 17 5
internal_value=-0.0364334 -3.85552 16.653 25.2063 17.7687 30.5588 12.2467 14.8412 24.2545 0.460902 3.79363 -10.3487 -8.25303 43.0565 10.8638 -2.3972 1.69137 3.8076 49.7686 0.865716 -6.07479 -3.30451 -10.6197 -12.339 -0.932677 1.49138 3.86645 -12.4943 34.8528
internal_weight=1074 874 200 68 48 25 132 101 30 525 31 349 170 20 71 158 367 103 11 264 45 55 115 179 113 28 23 174 9
internal_count=1074 874 200 68 48 25 132 101 30 525 31 349 170 20 71 158 367 103 11 264 45 55 115 179 113 28 23 174 9
is_linear=0
shrinkage=0.05


Tree=2
num_leaves=31
num_cat=0
split_feature=2 1 4 8 7 4 7 3 3 0 3 4 4 8 2 0 0 3 2 4 2 4 8 0 4 4 3 4 3 1
split_gain=2.36015e+07 8.9768e+06 4.25749e+06 2.55066e+06 2.90488e+06 1.82811e+06 2.22181e+06 1.53554e+06 826695 572830 557431 530261 504961 353828 296011 209577 151167 148265 146824 122165 280745 118672 98306.5 71821 50358.2 17826.5 9018.15 4696.23 2204.75 197.765
threshold=5483.7900000000009 19655.130000000001 42910.000000000007 2.5000000000000004 2.5000000000000004 44735.000000000007 5.5000000000000009 0.90110342426173895 0.69095607180959828 40414.700000000004 0.46382986376670937 37740.000000000007 36662.500000000007 2.5000000000000004 6280.3000000000011 38595.450000000004 39831.450000000004 0.6399044658409323 6198.4800000000005 36662.500000000007 19957.800000000007 41515.000000000007 2.5000000000000004 37547.900000000009 39497.500000000007 36662.500000000007 0.89930154586397637 42595.000000000007 0.88782235778122021 32416.23
decision_type=2 2 2 2 2 2 2 2 2 2 2 2 2 2 2 2 2 2 2 2 2 2 2 2 2 2 2 2 2 2
left_child=2 10 12 4 7 16 -7 -4 13 -6 19 25 15 17 18 28 -5 -3 -10 20 -2 -13 -16 29 -15 -12 -25 -21 -1 -14
right_child=1 8 3 5 9 6 -8 -9 14 -11 11 21 23 24 22 -17 -18 -19 -20 27 -22 -23 -24 26 -26 -27 -28 -29 -30 -31
leaf_value=19.766399536132816 -3.6609948396682741 -9.1296440174705094 20.25393160039728 6.6913997650146433 24.113272762298585 44.900535074869794 22.902402518012309 51.699038696289065 4.8973332515358932 4.0441097432747481 -1.1032768056310456 -10.642595246930917 0.1529220110840267 0.52281987034544652 0.33293382363213647 5.1063667297363269 17.806704829289362 -3.6150816377471475 14.944303643703462 -12.167162276150888 -11.089773836443502 -6.844964316156176 2.1180735654398508 3.363003959655761 -1.5126127708889545 -4.663939201831818 5.3014472707112636 -11.481683743000032 18.051852416992183 0.49458866715431216
leaf_weight=4.9999999999999982 15.999999999999998 19 11.000000000000002 4.0000000000000027 3.9999999999999991 24 22 5.9999999999999991 40 32 29 48 9.0000000000000018 49 124 4 12.999999999999998 34 3.9999999999999991 114 62 36 204 10.000000000000002 80 3.9999999999999991 14.999999999999998 32 3 7.9999999999999991
leaf_count=5 16 19 11 4 4 24 22 6 40 32 29 48 9 49 124 4 13 34 4 114 62 36 204 10 80 4 15 32 3 8
internal_value=-0.0758531 -3.31983 17.0028 22.4015 14.318 29.2019 34.3797 31.3522 0.608799 6.27402 -9.70242 -6.90525 5.40551 -2.15257 1.95979 14.4511 15.1913 -5.592 5.81069 -11.1634 -9.56592 -9.01504 1.4432 2.82107 -0.739464 -1.53487 4.52607 -12.0169 19.1234 0.313706
internal_weight=1065 895 170 116 53 63 46 17 554 36 341 117 54 182 372 12 17 53 44 224 78 84 328 42 129 33 25 146 8 17
internal_count=1065 895 170 116 53 63 46 17 554 36 341 117 54 182 372 12 17 53 44 224 78 84 328 42 129 33 25 146 8 17
is_linear=0
shrinkage=0.05


Tree=3
num_leaves=30
num_cat=0
split_feature=3 1 4 3 7 1 4 7 7 3 1 4 4 4 4 4 1 2 6 6 1 1 4 0 1 3 4 1 3
split_gain=2.4739e+07 8.86016e+06 4.82426e+06 2.66426e+06 1.85242e+06 3.56064e+06 1.72092e+06 833856 1.07379e+06 718201 558558 571427 470389 421934 533513 285321 257152 182197 172159 90194.5 88832.4 75115.1 158203 73988.9 15088.1 8090.21 7499.69 6965.9 145.69
threshold=0.86438079074335972 19655.130000000001 42910.000000000007 0.89757977976811609 5.5000000000000009 37948.48000000001 44810.000000000007 4.5000000000000009 1.5000000000000002 0.76969871397857215 15118.155000000002 37740.000000000007 36662.500000000007 36372.500000000007 36090.000000000007 37740.000000000007 22811.605000000007 4715.3000000000011 65.500000000000014 66.500000000000014 17562.390000000003 12252.610000000001 36662.500000000007 37547.900000000009 33701.890000000007 0.36532224479767317 40910.000000000007 17022.115000000005 0.8903071102881509
decision_type=2 2 2 2 2 2 2 2 2 2 2 2 2 2 2 2 2 2 2 2 2 2 2 2 2 2 2 2 2
left_child=1 10 12 7 6 -6 -5 8 -4 15 21 27 24 14 -11 19 -17 -9 -15 -3 -13 25 -23 28 -2 -1 -25 -12 -14
right_child=2 9 3 4 5 -7 -8 17 -10 13 11 20 23 18 -16 16 -18 -19 -20 -21 -22 22 -24 26 -26 -27 -28 -29 -30
leaf_value=-11.417568441821684 13.296871439615883 5.5651171088218696 21.908414662679036 22.444986141429229 43.326692708333319 4.014916872978211 42.480740619527886 35.906978225708016 5.2234072411501851 4.5477825164794909 -2.2686063766479494 -10.327929698361292 0.028609244028727183 7.1013193991692631 22.368193054199221 -4.7440215895382263 -0.76665789805032236 21.590136070251461 1.8459307643301028 0.96193259719838486 -7.0676358589759252 -5.1743586764616127 -10.757840473175049 5.9246735709054104 17.78211456298828 -10.014297207919036 4.0456586490977893 -0.79319332043329882 0.41256816429751259
leaf_weight=155 3 11.999999999999998 14.999999999999998 17 9.0000000000000018 15.999999999999998 29 3.9999999999999982 27 14.000000000000002 11.999999999999998 45 3.0000000000000027 17 5.9999999999999991 52 186 5 187 94 39 17 50 7.0000000000000027 5 10.999999999999998 22 24 13.999999999999998
leaf_count=155 3 12 15 17 9 16 29 4 27 14 12 45 3 17 6 52 186 5 187 94 39 17 50 7 5 11 22 24 14
internal_value=0.176277 -3.10607 17.3526 22.86 29.1223 18.1672 35.0762 14.1419 11.1823 0.760044 -9.32689 -6.55545 4.91 2.96335 9.89391 -0.674664 -1.63566 27.9532 2.28388 1.48305 -8.81422 -10.7542 -9.34114 2.96389 16.1001 -11.3246 4.49921 -1.285 0.344811
internal_weight=1097 921 176 122 71 25 46 51 42 568 353 120 54 224 20 344 238 9 204 106 84 233 67 46 8 166 29 36 17
internal_count=1097 921 176 122 71 25 46 51 42 568 353 120 54 224 20 344 238 9 204 106 84 233 67 46 8 166 29 36 17
is_linear=0
shrinkage=0.05


Tree=4
num_leaves=31
num_cat=0
split_feature=2 1 3 0 7 3 0 1 8 7 1 8 8 7 0 0 2 6 6 0 0 8 2 8 7 0 1 8 8 1
split_gain=2.0514e+07 6.80921e+06 2.85842e+06 2.49069e+06 2.95895e+06 1.90688e+06 971022 721657 649764 529993 372430 507558 285107 273141 408876 268187 197552 217014 134015 128031 118656 85613.6 79997.3 72950.4 67888.6 36373.6 17933.1 37785.5 4229.02 1038.9
threshold=5852.2250000000013 18825.540000000005 0.90110342426173895 39439.000000000007 5.5000000000000009 0.91213414669537285 41680.400000000001 24181.585000000003 2.5000000000000004 4.5000000000000009 12387.060000000001 3.5000000000000004 2.5000000000000004 1.5000000000000002 40606.30000000001 38236.000000000007 8550.8500000000004 66.500000000000014 70.500000000000014 38236.000000000007 34383.30000000001 3.5000000000000004 20171.810000000005 3.5000000000000004 3.5000000000000004 39070.100000000013 11232.980000000003 3.5000000000000004 2.5000000000000004 32416.23
decision_type=2 2 2 2 2 2 2 2 2 2 2 2 2 2 2 2 2 2 2 2 2 2 2 2 2 2 2 2 2 2
left_child=2 10 8 25 6 -6 -5 12 13 19 26 24 20 14 -1 -11 17 -9 -15 -10 -3 -14 -13 -18 -12 29 28 -28 -2 -4
right_child=1 7 3 4 5 -7 -8 16 9 15 11 22 21 18 -16 -17 23 -19 -20 -21 -22 -23 -24 -25 -26 -27 27 -29 -30 -31
leaf_value=0.12294583320617676 -11.086791824967895 -3.7353226398229604 0.141314172744751 29.661573766892957 30.28249591480601 4.3645021915435791 47.579824829101568 7.467602152573436 14.629925889235276 15.007336214610511 -7.9590324485511106 -2.2209514007681892 -2.803099957585335 8.7800996763838679 24.541747379302976 29.413098478317256 -0.30404865342622611 1.8332565650694512 1.8738465213216842 8.8814942159150778 -8.7701168277046904 0.15320215038955212 -7.010830211639405 1.74800911073027 -10.433008538352119 6.1989621162414554 -10.854038347516742 -6.54644374847412 -10.538787998872646 1.1815977454185485
leaf_weight=2.9999999999999991 73 25 5.9999999999999982 31 11.000000000000002 20 9.9999999999999982 19 12.999999999999998 6.9999999999999982 57 42 50 8.9999999999999982 4 6 171 170 32 38 22 48 10.999999999999998 58 54 3.9999999999999991 14 8 68 4
leaf_count=3 73 25 6 31 11 20 10 19 13 7 57 42 50 9 4 6 171 170 32 38 22 48 11 58 54 4 14 8 68 4
internal_value=0.0541045 -3.18421 14.6102 21.466 25.2181 13.5612 34.0319 0.148851 9.34585 12.644 -8.92278 -7.24053 -2.89053 4.94833 14.0765 21.6561 1.20318 2.39967 3.38985 10.3468 -6.09203 -1.35512 -3.21508 0.215687 -9.16259 2.16929 -10.6153 -9.28764 -10.8225 0.557428
internal_weight=1088 890 198 86 72 31 41 563 112 64 327 164 145 48 7 13 418 189 41 51 47 98 53 229 111 14 163 22 141 10
internal_count=1088 890 198 86 72 31 41 563 112 64 327 164 145 48 7 13 418 189 41 51 47 98 53 229 111 14 163 22 141 10
is_linear=0
shrinkage=0.05


Tree=5
num_leaves=29
num_cat=0
split_feature=3 3 4 4 4 4 4 7 3 3 4 3 8 4 2 4 4 8 8 0 0 3 4 0 2 0 7 6
split_gain=1.79898e+07 7.07235e+06 3.53545e+06 1.74512e+06 2.84828e+06 1.12209e+06 1.40886e+06 1.15264e+06 813499 408379 598580 401928 359901 355824 228102 150483 133586 132816 86142.1 62501.2 53084 24650.9 13932.2 11724.6 10436.3 7696.4 4902.63 379.493
threshold=0.86438079074335972 0.54979938235441972 42910.000000000007 45602.500000000007 46555.000000000007 44735.000000000007 44065.000000000007 5.5000000000000009 0.68852189194138758 0.39357655838957473 36662.500000000007 0.89135550980161715 2.5000000000000004 36662.500000000007 6280.3000000000011 39052.500000000007 36662.500000000007 2.5000000000000004 2.5000000000000004 32471.850000000002 38236.000000000007 0.42864238990167675 42412.500000000007 38024.450000000004 3511.4400000000005 35864.850000000006 1.5000000000000002 71.500000000000014
decision_type=2 2 2 2 2 2 2 2 2 2 2 2 2 2 2 2 2 2 2 2 2 2 2 2 2 2 2 2
left_child=1 9 13 5 24 6 -4 -7 12 25 21 -6 15 23 17 -3 -16 -10 -12 -14 27 -11 -22 -2 -5 26 -1 -15
right_child=2 8 3 4 11 7 -8 -9 14 10 18 -13 19 20 16 -17 -18 -19 -20 -21 22 -23 -24 -25 -26 -27 -28 -29
leaf_value=-9.7908507244927563 16.010425567626953 -10.056923352755033 36.2664813041687 3.846643562316892 18.120249176025393 38.450667853104449 12.731656972823606 21.808826612389609 0.590722291469574 -4.0393078413876626 -10.062712569236757 37.53176765441895 -7.8622062365214038 -0.40652230580647741 3.3602398995493283 -4.0306705804432141 0.77216310747813832 6.0549625574156298 -7.0891933167853018 -0.5660941888523453 4.8442351023356105 -1.325773106643132 2.4816461856548604 11.875406010945635 1.3160078811374578 -7.7123312632242849 -10.405779309339927 0.20629056692123415
leaf_weight=42 3.9999999999999991 12.999999999999998 7.9999999999999991 5.0000000000000027 3.9999999999999991 19 31 23 14.999999999999998 10.999999999999998 60 7.9999999999999991 2.9999999999999991 3.0000000000000027 61 51 273 43 41 136 12.000000000000002 35 12.999999999999998 3 22 2.9999999999999991 142 15.999999999999998
leaf_count=42 4 13 8 5 4 19 31 23 15 11 60 8 3 3 61 51 273 43 41 136 12 35 13 3 22 3 142 16
internal_value=-0.108243 -2.85157 14.7956 19.4825 10.7928 23.6664 17.5593 29.3373 0.417008 -8.67433 -6.70241 31.0613 -2.15212 3.76747 1.74745 -5.25475 1.24484 4.6418 -8.85564 -0.723564 2.10167 -1.97466 3.61569 14.2383 1.78464 -10.2245 -10.2654 0.109531
internal_weight=1100 929 171 120 39 81 39 42 595 334 147 12 203 51 392 64 334 58 101 139 44 46 25 7 27 187 184 19
internal_count=1100 929 171 120 39 81 39 42 595 334 147 12 203 51 392 64 334 58 101 139 44 46 25 7 27 187 184 19
is_linear=0
shrinkage=0.05


Tree=6
num_leaves=29
num_cat=0
split_feature=3 1 4 4 7 4 7 3 7 4 2 3 4 1 6 4 4 4 6 0 0 3 0 2 4 2 3 0
split_gain=1.48352e+07 6.32276e+06 2.80261e+06 1.79265e+06 1.98674e+06 1.55249e+06 857569 725157 639501 326924 311980 264696 488633 242835 216689 143874 192133 64078.7 47126.3 46690.9 43022.1 15723.9 13846.5 9627.04 7201.21 6180.95 6170.22 169.117
threshold=0.86438079074335972 19045.935000000005 42910.000000000007 45602.500000000007 2.5000000000000004 44735.000000000007 3.5000000000000004 0.68852189194138758 5.5000000000000009 36662.500000000007 6693.4800000000005 0.42864238990167675 36662.500000000007 38185.215000000004 66.500000000000014 37740.000000000007 39052.500000000007 36372.500000000007 69.500000000000014 35766.200000000004 37547.900000000009 0.36532224479767317 38024.450000000004 3511.4400000000005 40910.000000000007 19610.415000000005 0.68094267576315537 33116.05000000001
decision_type=2 2 2 2 2 2 2 2 2 2 2 2 2 2 2 2 2 2 2 2 2 2 2 2 2 2 2 2
left_child=1 11 9 5 13 6 -4 15 -7 22 14 19 25 -5 -9 26 -17 -12 -14 21 27 -1 -2 -6 -22 -13 -3 -11
right_child=2 7 3 4 23 8 -8 10 -10 20 17 12 18 -15 -16 16 -18 -19 -20 -21 24 -23 -24 -25 -26 -27 -28 -29
leaf_value=-9.8686612048180287 15.77527084350586 -0.049202192947268492 24.186312624613446 19.073206392923986 3.6543112182617166 36.014152526855469 8.5332106454031802 10.058641804967609 23.354135881151475 -0.10726683934529611 2.4780287448454787 -0.97494438546044493 -7.6427304737482764 37.067083129882803 3.2190642561485521 -9.3642515312541619 -2.4646982443992234 0.5813725910244848 -10.03974925074084 -4.7589308071136474 5.0211247126261362 -8.6652798782695424 11.281636047363278 1.2013744652271272 3.020956367916531 -3.0761267662048342 2.2881497363249461 0.30641229152679444
leaf_weight=153 3.9999999999999991 48 14.999999999999998 3 5.0000000000000027 19 21 13.999999999999998 21 3.0000000000000027 54 28 70 5 67 10.999999999999998 122 254 29 4.9999999999999991 6.0000000000000027 33 3 20 18 3.9999999999999991 2.9999999999999991 13.999999999999998
leaf_count=153 4 48 15 3 5 19 21 14 21 3 54 28 70 5 67 11 122 254 29 5 6 33 3 20 18 4 3 14
internal_value=-0.246813 -2.73365 13.9297 18.3629 8.63194 22.5881 15.0553 0.416725 29.3676 3.86287 1.64005 -8.33975 -6.60875 30.3194 4.40121 -2.16955 -3.03534 0.913903 -8.34489 -9.52698 2.15785 -9.65516 13.8494 1.69196 3.521 -1.23759 0.0882891 0.23341
internal_weight=1052 895 157 109 33 76 36 573 40 48 389 322 131 8 81 184 133 308 99 191 41 186 7 25 24 32 51 17
internal_count=1052 895 157 109 33 76 36 573 40 48 389 322 131 8 81 184 133 308 99 191 41 186 7 25 24 32 51 17
is_linear=0
shrinkage=0.05


Tree=7
num_leaves=30
num_cat=0
split_feature=2 1 3 0 6 7 3 8 7 1 8 8 7 0 1 5 6 8 0 7 3 6 7 2 0 1 1 7 1
split_gain=1.38004e+07 5.04336e+06 1.50171e+06 1.5249e+06 1.06133e+06 719602 526834 468274 472419 284268 461840 279477 249041 501255 204476 199764 151360 137452 96441.4 80972.5 79750.5 66014 52464.9 50615.8 16748.5 8829.24 16527.7 2660.47 348.384
threshold=5852.2250000000013 18825.540000000005 0.89757977976811609 39183.900000000001 69.500000000000014 5.5000000000000009 0.68004042481587523 2.5000000000000004 4.5000000000000009 12252.610000000001 3.5000000000000004 2.5000000000000004 1.5000000000000002 42443.30000000001 36305.595000000008 16.500000000000004 69.500000000000014 2.5000000000000004 34740.000000000007 1.5000000000000002 0.64586119681962961 67.500000000000014 1.0000000180025095e-35 18972.920000000002 38790.30000000001 11372.570000000002 11457.395000000002 3.5000000000000004 32416.23
decision_type=2 2 2 2 2 2 2 2 2 2 2 2 2 2 2 2 2 2 2 2 2 2 2 2 2 2 2 2 2
left_child=2 9 7 24 -5 -6 11 12 14 25 22 20 13 -1 -9 -10 -14 19 -19 -8 -3 -13 -11 -12 28 27 -27 -2 -4
right_child=1 6 3 4 5 -7 17 8 15 10 23 21 16 -15 -16 -17 -18 18 -20 -21 -22 -23 -24 -25 -26 26 -28 -29 -30
leaf_value=3.1454067071278899 -9.0864666590323822 -7.5062690860227397 0.12061474521954857 48.364101155598959 21.9243216763372 11.867312360066792 2.1896363258361817 7.1136371893760488 26.211301676432296 -5.2330133382763186 -1.3385893278651768 -2.3359930188026072 11.439309787750245 28.17676493326822 16.394498797825403 12.679245190620421 1.1568418824497391 6.4426195404746309 1.6478241592480078 -0.74377095078656441 -3.4643824164684007 -0.077178844214832218 -8.5116398892904588 -4.6489512794158037 4.5921697616577148 -5.6770914602279632 -9.0260006904602061 -9.5079507615831158 0.68572734355926501
leaf_weight=5.9999999999999982 78 23 5.9999999999999982 2.9999999999999991 46 29 30 39 5.9999999999999982 13.999999999999998 36 53 3.9999999999999991 3 6.9999999999999991 5 34 10.999999999999998 225 109 26 83 95 17 2.9999999999999991 5.0000000000000027 13.999999999999998 72 5
leaf_count=6 78 23 6 3 46 29 30 39 6 14 36 53 4 3 7 5 34 11 225 109 26 83 95 17 3 5 14 72 5
internal_value=-0.190247 -2.83259 11.8216 16.4749 19.2021 18.0356 0.0594923 7.70529 10.7519 -7.72555 -6.22895 -2.12395 4.01048 11.4892 8.52594 20.0604 2.23921 1.13666 1.87131 -0.110661 -5.36159 -0.957452 -8.09053 -2.4004 1.28063 -9.16016 -8.14471 -9.28878 0.377484
internal_weight=1087 891 196 92 78 75 560 104 57 331 162 185 47 9 46 11 38 375 236 139 49 136 109 53 14 169 19 150 11
internal_count=1087 891 196 92 78 75 560 104 57 331 162 185 47 9 46 11 38 375 236 139 49 136 109 53 14 169 19 150 11
is_linear=0
shrinkage=0.05


Tree=8
num_leaves=30
num_cat=0
split_feature=3 1 4 8 7 4 3 3 3 0 1 4 4 4 4 8 3 5 7 2 1 4 3 0 4 0 1 8 3
split_gain=1.42553e+07 5.03379e+06 3.52501e+06 1.35549e+06 3.28029e+06 980268 1.1375e+06 689208 504779 426806 423868 445568 358708 494574 307910 272542 172310 115519 75794.3 72591.4 58403.9 130303 46626.3 30188.2 13673.7 12496.4 5487.15 1480.5 442.668
threshold=0.86438079074335972 20347.000000000004 42910.000000000007 2.5000000000000004 2.5000000000000004 44735.000000000007 0.97000117379689221 0.89135550980161715 0.7574911641532539 40414.700000000004 14852.5 36662.500000000007 36372.500000000007 36090.000000000007 36662.500000000007 2.5000000000000004 0.62193924950916413 15.500000000000002 1.5000000000000002 4200.6000000000013 11232.980000000003 36662.500000000007 0.65493396965660644 37547.900000000009 42412.500000000007 38024.450000000004 17022.115000000005 2.5000000000000004 0.88782235778122021
decision_type=2 2 2 2 2 2 2 2 2 2 2 2 2 2 2 2 2 2 2 2 2 2 2 2 2 2 2 2 2
left_child=1 10 14 4 7 19 -7 -4 15 -6 20 26 13 -10 25 16 -3 -14 -13 -5 27 -22 -17 28 -25 -2 -12 -1 -16
right_child=2 8 3 5 9 6 -8 -9 12 -11 11 18 17 -15 23 22 -18 -19 -20 -21 21 -23 -24 24 -26 -27 -28 -29 -30
leaf_value=-9.0650227228800464 14.630825042724609 -8.6896493467417635 12.319018363952626 6.4931848526000984 19.359232032299044 28.937868534434926 1.0888154983520508 36.052854567307691 3.2632552210489898 2.0650839736967379 -1.5928457905264464 -4.6059734235806715 5.7977479696273804 19.358675275530135 -0.45996343294779413 -0.73814186490499056 -2.086433138183712 1.3925569163871483 -7.6523085780765703 14.270899136861168 -4.2170804393291474 -8.5466664174146825 0.89379285567773703 3.6752891794840488 1.540363039970398 10.361872736612954 -0.47505974308136967 -8.7396973105037912 0.1988143465098213
leaf_weight=72 3.9999999999999991 10.999999999999998 4.0000000000000027 3.9999999999999991 3.9999999999999991 44 3.9999999999999991 12.999999999999998 15.000000000000002 33 17 29 15.999999999999998 6.9999999999999991 3.0000000000000027 65 97 213 69 11.999999999999998 25 57 134 15.000000000000002 14.999999999999998 3 31 68 17
leaf_count=72 4 11 4 4 4 44 4 13 15 33 17 29 16 7 3 65 97 213 69 12 25 57 134 15 15 3 31 68 17
internal_value=0.102577 -2.37073 13.1899 18.122 12.2879 23.0445 26.6171 30.4684 0.623041 3.93472 -6.91021 -4.81772 2.28621 8.38453 2.97971 -0.736746 -2.75898 1.70034 -6.75084 12.3265 -8.28634 -7.22667 0.360749 1.60469 2.60783 12.8013 -0.870942 -8.90701 0.0999977
internal_weight=1101 926 175 118 54 64 48 17 558 37 368 146 251 22 57 307 108 229 98 16 222 82 199 50 30 7 48 140 20
internal_count=1101 926 175 118 54 64 48 17 558 37 368 146 251 22 57 307 108 229 98 16 222 82 199 50 30 7 48 140 20
is_linear=0
shrinkage=0.05


Tree=9
num_leaves=31
num_cat=0
split_feature=2 1 4 2 7 4 4 7 7 0 4 3 0 3 4 8 8 1 4 0 4 0 8 6 0 3 6 7 0 1
split_gain=1.11186e+07 3.80516e+06 2.19503e+06 2.18246e+06 862246 2.80723e+06 1.59641e+06 461879 367634 354352 351184 310135 302852 295971 397682 216790 94585.2 89287.6 81988 81237.6 62915.2 58138.9 38666.8 33017.3 31352.1 14600.5 9759.66 5334.98 5083.88 507.541
threshold=6280.3000000000011 19655.130000000001 42910.000000000007 4715.3000000000011 5.5000000000000009 44810.000000000007 44810.000000000007 5.5000000000000009 1.5000000000000002 38024.450000000004 36372.500000000007 0.67542204653216931 38079.400000000009 0.39357655838957473 36662.500000000007 2.5000000000000004 2.5000000000000004 17562.390000000003 39052.500000000007 34740.000000000007 38452.500000000007 36714.650000000009 2.5000000000000004 67.500000000000014 35819.150000000001 0.42864238990167675 73.500000000000014 3.5000000000000004 31238.650000000005 33368.290000000008
decision_type=2 2 2 2 2 2 2 2 2 2 2 2 2 2 2 2 2 2 2 2 2 2 2 2 2 2 2 2 2 2
left_child=2 13 10 4 6 -6 -4 8 -5 -9 12 15 21 24 25 18 20 -16 -3 -18 -13 -1 28 -17 27 -15 -24 -2 -12 -14
right_child=1 11 3 7 5 -7 -8 9 -10 -11 22 16 29 14 17 23 19 -19 -20 -21 -22 -23 26 -25 -26 -27 -28 -29 -30 -31
leaf_value=22.697396341959635 -8.0708140494872112 -9.8768456595284615 14.01246524360031 12.0280146976312 34.331300523545991 0.70554000616073609 30.360448395354407 31.118482462565108 2.0777885713228366 6.816487264633178 -2.1251989841461159 -3.9916838836669926 3.5033235931396476 -3.0387214010412045 -7.7303164774463289 -1.9492807681219919 4.9262135609984403 -4.9287971144498783 -3.9491398652962277 1.22015259587994 0.1217550796202638 13.489470481872557 0.88054995139439907 -0.072858096428320446 -3.1569718360900882 -0.96391590640351588 2.7578672695159914 -8.6332480353278083 0.068947184627706368 2.6806931813557937
leaf_weight=2.9999999999999991 98 6.9999999999999991 32 11.999999999999998 9.0000000000000018 20 28 2.9999999999999991 41 3 3.0000000000000027 9.9999999999999982 5 10.999999999999998 84 35 15.999999999999998 43 35 195 132 4 8.9999999999999982 71 2.9999999999999991 37 30 74 22 3
leaf_count=3 98 7 32 12 9 20 28 3 41 3 3 10 5 11 84 35 16 43 35 195 132 4 9 71 3 37 30 74 22 3
internal_value=-0.147656 -2.77027 9.68425 13.2764 18.22 11.1411 21.6415 5.81916 4.33067 18.9675 2.95457 0.0242484 9.84058 -6.77042 -5.31643 -1.897 0.829756 -6.78177 -4.93709 1.50118 -0.167924 17.4357 1.34066 -0.692432 -8.22441 -1.43939 2.32464 -8.31279 -0.19435 3.19484
internal_weight=1078 851 227 148 89 29 60 59 53 6 79 501 15 350 175 148 353 127 42 211 142 7 64 106 175 48 39 172 25 8
internal_count=1078 851 227 148 89 29 60 59 53 6 79 501 15 350 175 148 353 127 42 211 142 7 64 106 175 48 39 172 25 8
is_linear=0
shrinkage=0.05


Tree=10
num_leaves=28
num_cat=0
split_feature=2 1 0 3 7 3 1 7 7 3 8 3 8 8 2 8 6 8 3 8 1 5 8 5 1 5 0
split_gain=1.09809e+07 4.02987e+06 1.26148e+06 1.06344e+06 1.11242e+06 1.75413e+06 1.51344e+06 587474 495416 450947 437549 250860 262204 204093 191478 157029 115543 74114.5 72967.7 53248.4 123242 38598.2 31058.3 8302.04 3407.56 2531.91 1797.97
threshold=5589.380000000001 19045.935000000005 37642.750000000007 0.90110342426173895 5.5000000000000009 0.91795497226183931 38991.370000000003 4.5000000000000009 1.0000000180025095e-35 0.65834084652726987 2.5000000000000004 0.46382986376670937 3.5000000000000004 2.5000000000000004 7345.9350000000004 3.5000000000000004 70.500000000000014 3.5000000000000004 0.62193924950916413 3.5000000000000004 11969.67 16.500000000000004 3.5000000000000004 16.500000000000004 30024.225000000002 16.500000000000004 35908.80000000001
decision_type=2 2 2 2 2 2 2 2 2 2 2 2 2 2 2 2 2 2 2 2 2 2 2 2 2 2 2
left_child=2 11 15 7 6 -6 -5 8 -4 13 -9 19 21 18 16 23 -11 -16 -3 26 -21 -13 -15 -1 -25 -14 -2
right_child=1 9 3 4 5 -7 -8 10 -10 14 -12 12 25 22 17 -17 -18 -19 -20 20 -22 -23 -24 24 -26 -27 -28
leaf_value=2.9634956359863214 -8.1454199094298882 -7.8447093129158025 14.325878733396531 16.585348212017731 25.423668412367505 1.6586373047395186 37.239197031656907 8.3258355236053472 4.1395756907285532 5.2350542452021998 28.352972157796223 -5.5607813963703085 -1.0920740983065433 -1.7461941148413989 -0.040150678449101126 11.098850059509278 1.7920028954051261 1.8009521435609916 -3.4478376243425455 -7.856099319458008 -3.7347727012175782 -8.2010040785136979 -0.003334060683846474 -1.4026222705841049 0.39884740965706961 -0.16511832040089827 -9.1102330017089841
leaf_weight=3.0000000000000062 141 15.999999999999998 15.999999999999998 34 11.999999999999998 22 11.999999999999998 4.9999999999999982 47 34 6 51 17.000000000000004 61 227 3.9999999999999991 86 72 23 60 26 19 44 3.0000000000000027 21 12.999999999999998 4.9999999999999991
leaf_count=3 141 16 16 34 12 22 12 5 47 34 6 51 17 61 227 4 86 72 23 60 26 19 44 3 21 13 5
internal_value=-0.0334784 -2.32567 11.0558 12.9082 16.9043 10.0463 21.9733 8.58812 6.72657 0.250761 19.2497 -6.69475 -4.60131 -2.16306 1.08033 1.85335 2.76753 0.403192 -5.25168 -7.59709 -6.61012 -6.27741 -1.01585 0.483645 0.173664 -0.690393 -8.17846
internal_weight=1080 895 185 154 80 34 46 74 63 563 11 332 100 144 419 31 120 299 39 232 86 70 105 27 24 30 146
internal_count=1080 895 185 154 80 34 46 74 63 563 11 332 100 144 419 31 120 299 39 232 86 70 105 27 24 30 146
is_linear=0
shrinkage=0.05


Tree=11
num_leaves=30
num_cat=0
split_feature=3 1 4 8 7 3 4 7 3 4 0 4 1 3 4 4 4 4 0 7 4 1 4 0 1 4 3 6 5
split_gain=9.4382e+06 3.82268e+06 2.04208e+06 1.53863e+06 1.99115e+06 1.12743e+06 973737 710438 489087 281625 264974 615895 176811 152424 158924 136254 113685 81417.2 77499.3 59522.3 56886.4 119610 43433.6 17325.7 14664.7 11233.4 5343.37 964.083 334.51
threshold=0.86438079074335972 18684.650000000001 42910.000000000007 2.5000000000000004 2.5000000000000004 0.90110342426173895 44735.000000000007 5.5000000000000009 0.76969871397857215 36662.500000000007 37787.80000000001 44735.000000000007 22720.300000000003 0.46382986376670937 37740.000000000007 38752.500000000007 44585.000000000007 36372.500000000007 40670.000000000007 1.0000000180025095e-35 36662.500000000007 11372.570000000002 39715.000000000007 37547.900000000009 33701.890000000007 42412.500000000007 0.4556233348263683 67.500000000000014 18.500000000000004
decision_type=2 2 2 2 2 2 2 2 2 2 2 2 2 2 2 2 2 2 2 2 2 2 2 2 2 2 2 2 2
left_child=1 13 9 4 5 -4 16 -8 12 24 11 -10 15 20 27 -3 -5 -14 -6 -16 21 -1 -12 28 -2 -25 -22 -15 -11
right_child=2 8 3 6 18 -7 7 -9 10 23 22 -13 17 14 19 -17 -18 -19 -20 -21 26 -23 -24 25 -26 -27 -28 -29 -30
leaf_value=-7.387106288563122 8.5477252006530744 -0.087580203698124998 10.473107452951368 14.413443459404839 7.4635286140441899 35.656005668640141 28.90059343973796 16.857012348175051 3.2552885571304637 -0.082504666310090263 3.328953977064653 19.110430928639001 1.716379968130163 -1.1171283751726147 -2.3007965145260094 -3.6355376295847437 7.1030471104841952 -0.43707611637896504 0.80880748467785968 -6.5196048680473782 -7.7182330350081134 -3.372591568529606 0.94364776035719045 3.0017552784511015 12.969592590332031 1.06237960010767 -5.8655670285224915 -0.40851937060554822 0.34621069090706963
leaf_weight=55 3 43 10.000000000000002 9 4.9999999999999991 7.9999999999999991 24 25 49 13.000000000000002 22 6.9999999999999991 56 8.0000000000000018 9.9999999999999982 73 13 203 35 51 144 28 144 14.000000000000002 5 15.999999999999998 3.9999999999999991 11.999999999999998 6.9999999999999991
leaf_count=55 3 43 10 9 5 8 24 25 49 13 22 7 56 8 10 73 13 203 35 51 144 28 144 14 5 16 4 12 7
internal_value=0.163546 -1.94095 10.3934 13.8969 7.85526 21.6655 18.8324 22.7559 0.403074 2.60112 2.26308 5.23718 -0.698052 -6.42615 -4.55984 -2.32035 10.0937 0.028536 1.64065 -5.828 -7.08057 -6.03281 1.25977 1.20747 11.3114 1.96742 -7.66816 -0.691963 0.0675457
internal_weight=1096 909 187 129 58 18 71 49 597 58 222 56 375 312 81 116 22 259 40 61 231 83 166 50 8 30 148 20 20
internal_count=1096 909 187 129 58 18 71 49 597 58 222 56 375 312 81 116 22 259 40 61 231 83 166 50 8 30 148 20 20
is_linear=0
shrinkage=0.05


Tree=12
num_leaves=31
num_cat=0
split_feature=2 1 4 2 7 4 0 4 7 0 7 1 4 4 4 2 4 4 6 2 3 0 2 0 7 7 0 4 6 1
split_gain=8.4118e+06 2.8643e+06 1.73348e+06 1.71022e+06 940309 2.48329e+06 977300 422615 414984 779486 475561 322647 302990 154320 114414 226900 111771 76188.5 82252.6 67339.8 64421.5 63594.2 31296.4 28926.2 18678.9 17000.8 12542 11749.3 9831.62 6000.08
threshold=6280.3000000000011 17562.390000000003 42910.000000000007 4291.5100000000011 5.5000000000000009 44810.000000000007 41322.55000000001 36372.500000000007 5.5000000000000009 40108.650000000009 1.5000000000000002 24181.585000000003 36090.000000000007 37740.000000000007 36662.500000000007 19957.800000000007 41515.000000000007 39497.500000000007 69.500000000000014 5428.6000000000013 0.79737336160832484 35766.200000000004 17777.105000000003 37199.30000000001 1.0000000180025095e-35 5.5000000000000009 32941.400000000009 42195.000000000007 69.500000000000014 13392.225
decision_type=2 2 2 2 2 2 2 2 2 2 2 2 2 2 2 2 2 2 2 2 2 2 2 2 2 2 2 2 2 2
left_child=2 14 7 4 6 -6 -4 12 10 -10 -5 13 -1 26 15 25 -15 18 -13 -14 -19 -17 24 28 -16 -2 -3 -25 -9 -24
right_child=1 11 3 8 5 -7 -8 23 9 -11 -12 17 19 16 22 21 -18 20 -20 -21 -22 -23 29 27 -26 -27 -28 -29 -30 -31
leaf_value=2.3388949818081324 -0.62080934210257088 3.1887286961078645 16.659827931657915 12.688543791770936 31.576467725965699 -0.30691521857914172 32.576243850163053 -3.1797169367472295 26.770111592610682 -4.4445872306823722 2.5138944818049063 5.3238326793536546 12.31357421875 -5.1454250364076524 -4.1838431065732786 -7.0849993522678112 -1.9080169269483385 -0.38754040602126411 1.1877519086178612 21.097663370768217 1.2343908362090588 0.38723074793815615 -7.2856260515295945 2.4498641816052524 -6.5235196929228936 -3.4498795066561017 -0.12815468356568824 0.7524781702380432 -0.12844780250029131 -8.0504711497913704
leaf_weight=9 22.000000000000004 2.9999999999999991 31 14.999999999999998 9.0000000000000018 19 13.999999999999998 3.0000000000000027 5.9999999999999982 3 49 13.999999999999998 7.9999999999999991 42 10.999999999999998 56 73 183 85 3.0000000000000009 92 2.9999999999999991 115 22 38 6.9999999999999991 57 19 22 33
leaf_count=9 22 3 31 15 9 19 14 3 6 3 49 14 8 42 11 56 73 183 85 3 92 3 115 22 38 7 57 19 22 33
internal_value=-0.0145153 -2.35711 8.4067 11.7238 17.1353 9.94132 21.6116 2.77536 6.31227 16.3652 4.89858 -0.245893 9.14258 -2.0179 -6.42398 -4.92506 -3.09037 0.583253 1.77265 14.7092 0.155069 -6.70506 -7.09355 0.845895 -5.99829 -1.30369 0.0376895 1.66327 -0.4946 -7.45617
internal_weight=1066 834 232 146 73 28 45 86 73 9 64 549 20 175 285 88 115 374 99 11 275 59 197 66 49 29 60 41 25 148
internal_count=1066 834 232 146 73 28 45 86 73 9 64 549 20 175 285 88 115 374 99 11 275 59 197 66 49 29 60 41 25 148
is_linear=0
shrinkage=0.05


Tree=13
num_leaves=29
num_cat=0
split_feature=3 3 4 8 7 7 7 6 0 3 7 3 4 8 4 0 4 4 0 4 4 3 4 0 4 2 3 6
split_gain=7.60792e+06 3.08413e+06 1.77263e+06 978465 1.81125e+06 901039 1.18782e+06 438766 385365 339840 224493 206654 240593 179210 157970 111548 322199 90971.2 50881.6 48970.2 41627.2 90897.1 30377.7 13364.9 11536.1 10010.2 1644.29 296.604
threshold=0.86438079074335972 0.56555321474410936 42910.000000000007 2.5000000000000004 2.5000000000000004 4.5000000000000009 5.5000000000000009 78.500000000000014 39789.700000000004 0.76638639793532815 3.5000000000000004 0.46382986376670937 36662.500000000007 2.5000000000000004 39052.500000000007 37940.000000000007 44735.000000000007 36662.500000000007 40970.100000000006 41515.000000000007 36662.500000000007 0.37259453658395131 39715.000000000007 38236.000000000007 42412.500000000007 15265.135000000002 0.51690540683402575 71.500000000000014
decision_type=2 2 2 2 2 2 2 2 2 2 2 2 2 2 2 2 2 2 2 2 2 2 2 2 2 2 2 2
left_child=1 11 17 4 7 10 -7 -4 -6 13 -5 20 26 14 -3 16 -11 -2 -15 -14 21 -1 -17 27 -25 -22 -13 -19
right_child=2 9 3 5 8 6 -8 -9 -10 15 -12 12 19 18 -16 22 -18 23 -20 -21 25 -23 -24 24 -26 -27 -28 -29
leaf_value=-6.5429341971874244 9.0118884205818173 -5.5797636417242202 26.154878836411697 13.93201125649845 19.221506881713868 33.903586687360495 15.273234287717125 4.9412857214609787 0.52731036578907686 2.0614320813563833 4.4907785654067984 -0.96605586806933086 -6.744667417124699 0.059652466421421073 -1.2138408176600934 3.0786419020758737 11.408015285838735 -0.36564736366271933 3.283557620415321 -4.3069871238867448 -4.0796669006347654 -2.6160980150848627 0.89473465493191839 2.8430181503295895 0.77456850214646422 -6.9964395182022203 -0.30733756840229037 0.17896621942520141
leaf_weight=56 3.9999999999999991 26 12.999999999999998 17 2.9999999999999991 13.999999999999998 22 2.9999999999999991 34 57 10.000000000000002 18 38 209 102 18 10.999999999999998 3.0000000000000027 12.999999999999998 45 2.9999999999999991 20 138 14.000000000000002 12.999999999999998 151 20 14.999999999999998
leaf_count=56 4 26 13 17 3 14 22 3 34 57 10 18 38 209 102 18 11 3 13 45 3 20 138 14 13 151 20 15
internal_value=-0.130806 -1.89506 9.7597 13.128 8.12133 17.3399 22.5184 22.1773 2.04306 0.362625 10.4353 -5.58711 -3.91444 -0.610663 -2.10067 1.88339 3.57338 1.78585 0.24844 -5.42303 -6.46708 -5.50956 1.14672 1.14354 1.8471 -6.93962 -0.619362 0.0881973
internal_weight=1090 925 165 116 53 63 36 16 37 574 27 351 121 350 128 224 68 49 222 83 230 76 156 45 27 154 38 18
internal_count=1090 925 165 116 53 63 36 16 37 574 27 351 121 350 128 224 68 49 222 83 230 76 156 45 27 154 38 18
is_linear=0
shrinkage=0.05


Tree=14
num_leaves=28
num_cat=0
split_feature=2 1 4 3 4 8 2 7 7 4 4 0 4 3 4 3 8 4 7 3 0 0 1 4 2 2 3
split_gain=8.04684e+06 3.004e+06 2.08055e+06 799563 1.12405e+06 982721 362819 283776 440992 253144 236644 187535 599015 158883 259679 145267 132715 54098.7 48541.9 39361.8 28801.8 20907.6 18545.6 6740.93 4713.5 3084.26 339.627
threshold=5193.9450000000006 19655.130000000001 42910.000000000007 0.90110342426173895 44065.000000000007 2.5000000000000004 7265.8150000000005 4.5000000000000009 1.5000000000000002 44810.000000000007 36662.500000000007 37787.80000000001 44735.000000000007 0.39357655838957473 36662.500000000007 0.65493396965660644 2.5000000000000004 39497.500000000007 1.0000000180025095e-35 0.47163120848342938 35766.200000000004 38236.000000000007 14041.745000000003 42412.500000000007 19957.800000000007 4771.4050000000016 0.89135550980161715
decision_type=2 2 2 2 2 2 2 2 2 2 2 2 2 2 2 2 2 2 2 2 2 2 2 2 2 2 2
left_child=2 13 10 7 -5 -6 11 8 -4 -9 26 12 -3 20 22 16 -8 -17 -13 -16 24 25 -15 -23 -2 -12 -1
right_child=1 6 3 4 5 -7 15 9 -10 -11 21 18 -14 14 19 17 -18 -19 -20 -21 -22 23 -24 -25 -26 -27 -28
leaf_value=11.808304595947266 -5.7963113546371465 2.9654908027499918 14.547857431265024 40.526216430664064 6.0960101789898351 20.110682325246859 -4.3528697536272167 22.011827060154509 3.1135790407657624 6.2440104484558097 0.034511525928974149 3.3951948373406022 20.181408818562829 -2.8186332685252031 -6.754313250285823 1.2521508026622097 -0.67471896161071276 -0.13236822622929706 0.927120997717506 -4.8607175690761535 -2.6705929660797119 2.8308324813842765 -0.54083775256361288 1.1490584373474122 -6.6116178414760505 -1.6847180684407552 11.055944824218749
leaf_weight=2.9999999999999991 20 32 12.999999999999998 4.9999999999999991 18 41 34 6.9999999999999982 24 4 20.000000000000004 27 5.9999999999999991 11.999999999999998 41 106 88 211 76 83 4.9999999999999991 11.000000000000002 35 12.999999999999998 156 2.9999999999999991 3
leaf_count=3 20 32 13 5 18 41 34 7 24 4 20 27 6 12 41 106 88 211 76 83 5 11 35 13 156 3 3
internal_value=0.0654877 -1.73634 10.2431 14.1054 17.764 15.835 0.475071 9.22723 7.13103 16.2781 2.08124 2.68167 5.68379 -5.38014 -4.28725 -0.233655 -1.69978 0.330594 1.57409 -5.48683 -6.41266 0.88751 -1.1224 1.91987 -6.51897 -0.189736 11.4321
internal_weight=1097 932 165 112 64 59 580 48 37 11 53 141 38 352 171 439 122 317 103 124 181 47 47 24 176 23 6
internal_count=1097 932 165 112 64 59 580 48 37 11 53 141 38 352 171 439 122 317 103 124 181 47 47 24 176 23 6
is_linear=0
shrinkage=0.05


Tree=15
num_leaves=31
num_cat=0
split_feature=2 1 4 2 7 4 4 1 7 7 0 8 4 0 2 4 2 8 2 0 7 4 3 4 1 4 4 0 6 1
split_gain=6.40459e+06 2.41154e+06 1.4351e+06 911505 551939 2.37989e+06 893484 354407 313092 382028 271512 242627 168346 104530 95273.7 91064.9 217419 90532.9 115536 72121.4 68899.6 37485 17567 21651.5 14311.4 8195.81 7668.44 5793.66 1351.15 958.276
threshold=5589.380000000001 17905.960000000003 42910.000000000007 4291.5100000000011 5.5000000000000009 44810.000000000007 44810.000000000007 25776.695000000003 1.5000000000000002 4.5000000000000009 42521.850000000006 2.5000000000000004 36662.500000000007 38444.850000000006 10681.930000000002 36662.500000000007 19957.800000000007 2.5000000000000004 6280.3000000000011 35205.000000000007 1.5000000000000002 39497.500000000007 0.47895753051786716 42277.500000000007 33941.30000000001 28185.000000000004 42412.500000000007 33527.850000000006 71.500000000000014 33701.890000000007
decision_type=2 2 2 2 2 2 2 2 2 2 2 2 2 2 2 2 2 2 2 2 2 2 2 2 2 2 2 2 2 2
left_child=2 15 12 4 6 -6 -4 11 10 -10 -5 14 13 29 -3 16 25 20 -19 -18 -9 -13 27 -24 28 -2 -26 -17 -14 -1
right_child=1 7 3 8 5 -7 -8 17 9 -11 -12 21 24 -15 -16 22 19 18 -20 -21 -22 -23 23 -25 26 -27 -28 -29 -30 -31
leaf_value=11.904388618469241 -3.0042577505111696 -1.0030748677253722 11.554924878619966 9.3021780204772959 28.201801646839485 -1.3180991742346022 26.140341549827941 2.142605928305922 1.5069478718439739 12.791571388244629 26.452641296386719 0.39999893081188204 -0.68042527437210043 1.2654686331748959 -5.0748667650363029 -6.0928270406501248 -6.4219412439519719 4.6946832462593369 1.2091135922781937 0.5317692562937737 -0.61058931037074049 -1.1378968403275525 -5.9941781188760492 -3.7320497681112847 2.6040118058522541 -0.58994291383644626 0.90823320150375353 -6.7952815005653795 0.19231618467499229 10.722235361735024
leaf_weight=3.9999999999999982 3.9999999999999991 20 21 9.9999999999999982 11.000000000000002 18 21 29 30 9.9999999999999982 2.9999999999999991 75 6.0000000000000027 4 51 129 55 27 199 3.9999999999999991 105 84 28 17 12 29 15 38 17 3
leaf_count=4 4 20 21 10 11 18 21 29 30 10 3 75 6 4 51 129 55 27 199 4 105 84 28 17 12 29 15 38 17 3
internal_value=-0.0762267 -1.82858 8.39191 11.4806 15.1844 9.8791 18.8476 0.0354756 6.51894 4.3281 13.26 -1.49767 2.11319 7.71329 -3.92788 -5.44632 -4.13266 1.01498 1.62553 -5.9505 -0.0147485 -0.412474 -6.0164 -5.1396 0.881169 -0.882587 1.66191 -6.25267 -0.0353555 11.3978
internal_weight=1079 894 185 124 71 29 42 590 53 40 13 230 61 11 71 304 92 360 226 59 134 159 212 45 50 33 27 167 23 7
internal_count=1079 894 185 124 71 29 42 590 53 40 13 230 61 11 71 304 92 360 226 59 134 159 212 45 50 33 27 167 23 7
is_linear=0
shrinkage=0.05


Tree=16
num_leaves=31
num_cat=0
split_feature=2 3 4 3 4 4 7 7 4 4 3 0 8 3 4 8 4 4 3 4 0 0 0 0 0 4 2 4 3 3
split_gain=6.11098e+06 2.09477e+06 1.33756e+06 1.15545e+06 915540 632159 255861 350588 295115 224053 178584 173740 133218 184235 133575 107731 85439.5 307578 72937 66568.4 33076.8 21925.4 18470.8 18009.9 15311.2 14062 5998.01 4884.26 634.127 569.534
threshold=5852.2250000000013 0.56555321474410936 42910.000000000007 0.89649313301693467 44065.000000000007 44735.000000000007 4.5000000000000009 1.5000000000000002 44810.000000000007 36372.500000000007 0.68004042481587523 38348.000000000007 2.5000000000000004 0.36532224479767317 36662.500000000007 2.5000000000000004 36372.500000000007 36090.000000000007 0.76969871397857215 39052.500000000007 37443.30000000001 35731.000000000007 37547.900000000009 33177.000000000007 35864.850000000006 39052.500000000007 4771.4050000000016 42412.500000000007 0.86022250050110494 0.52100891611696643
decision_type=2 2 2 2 2 2 2 2 2 2 2 2 2 2 2 2 2 2 2 2 2 2 2 2 2 2 2 2 2 2
left_child=2 12 9 6 -5 -6 7 -4 -8 11 15 20 24 21 -15 19 17 -12 -18 -3 -1 -14 26 -17 25 -2 -11 -24 -13 -26
right_child=1 10 3 4 5 -7 8 -9 -10 22 16 28 13 14 -16 23 18 -19 -20 -21 -22 -23 27 -25 29 -27 -28 -29 -30 -31
leaf_value=16.313297526041673 -6.2438273442255987 -6.7820359420776377 10.204497258663178 38.275330352783207 4.1927862307855062 16.115544030401441 16.47744333565235 0.9405356019735337 2.4509162425994875 0.021129512488842008 1.0459090577231513 1.935788917541504 -5.8111820355583639 -0.80982680105500759 -4.1987207111385132 -4.1365171054999035 -0.4054689516623815 11.029805077446833 1.1318269146446671 -2.2210470938682554 9.8832158406575505 -1.4619222323099772 2.1634249369303382 -0.20645397545643226 -7.7914735794067385 -5.2451262705142687 -2.0998386859893801 0.90755526274442677 0.97413992881774869 -8.7028297424316374
leaf_weight=2.9999999999999982 77 9.9999999999999982 14.999999999999998 3.9999999999999991 13.999999999999998 54 9.9999999999999982 32 5.9999999999999991 20.000000000000004 54 3.9999999999999991 85 54 63 2.9999999999999991 138 8.9999999999999982 175 40 6 2.9999999999999991 15.000000000000002 103 3.9999999999999991 65 3.9999999999999991 15.999999999999998 3 3
leaf_count=3 77 10 15 4 14 54 10 32 6 20 54 4 85 54 63 3 138 9 175 40 6 3 15 103 4 65 4 16 3 3
internal_value=0.0224741 -1.78109 7.77954 10.7014 15.0283 13.6609 5.75626 3.89712 11.2175 2.22395 0.202116 7.43155 -4.76149 -3.93457 -2.63462 -1.22011 0.792187 2.47218 0.454042 -3.13324 12.0266 -5.66291 0.709009 -0.317682 -5.89921 -5.78668 -0.332365 1.51523 1.52365 -8.18205
internal_weight=1092 886 206 135 72 68 63 47 16 71 532 16 354 205 117 156 376 63 313 50 9 88 55 106 149 142 24 31 7 7
internal_count=1092 886 206 135 72 68 63 47 16 71 532 16 354 205 117 156 376 63 313 50 9 88 55 106 149 142 24 31 7 7
is_linear=0
shrinkage=0.05


Tree=17
num_leaves=30
num_cat=0
split_feature=3 3 4 3 7 4 4 7 7 1 2 4 8 2 0 1 8 4 3 0 4 8 2 4 0 1 4 0 1
split_gain=5.86964e+06 1.93267e+06 1.22451e+06 777744 714936 1.69034e+06 734807 309054 297228 191271 166818 147366 131844 170019 126070 144576 123600 98724.1 61988.2 42681.1 42316.6 40458.6 18528.9 19473.1 10914.7 9992.91 7516.29 4564.79 212.619
threshold=0.86438079074335972 0.56555321474410936 42910.000000000007 0.89757977976811609 5.5000000000000009 44810.000000000007 44810.000000000007 4.5000000000000009 1.5000000000000002 27725.135000000006 4715.3000000000011 36662.500000000007 2.5000000000000004 19957.800000000007 37508.450000000004 31167.500000000004 2.5000000000000004 39497.500000000007 0.6399044658409323 35766.200000000004 36372.500000000007 2.5000000000000004 15674.830000000002 39905.000000000007 35864.850000000006 33701.890000000007 39905.000000000007 41163.650000000009 35973.265000000007
decision_type=2 2 2 2 2 2 2 2 2 2 2 2 2 2 2 2 2 2 2 2 2 2 2 2 2 2 2 2 2
left_child=1 12 11 7 6 -6 -5 8 -4 16 -9 25 22 17 15 -11 18 -14 -3 -15 -18 -16 23 -1 -24 -2 28 -28 -13
right_child=2 9 3 4 5 -7 -8 10 -10 14 -12 26 13 19 21 -17 20 -19 -20 -21 -22 -23 24 -25 -26 -27 27 -29 -30
leaf_value=-2.5287136501736103 6.0065335512161235 -4.7009007292985912 11.448907907803854 10.345662901136611 25.991500473022452 -2.4682202847798669 23.294186864580428 22.567207717895513 2.1810928590836065 2.6881362569959539 8.8679285430908177 2.1901566505432131 -0.82616693796934904 -5.4914651316145191 -0.14521354814986348 12.68171226978302 0.89064887030384488 -3.8785281900029918 -1.5543331313464377 -1.4413975902966092 -0.64997583759518773 1.192696967927946 -5.7708931150515221 -5.6647791038859978 -7.6778186798095707 9.6567225646972652 0.48541932276317051 2.5176717122395833 2.7469951629638665
leaf_weight=9.0000000000000018 3 20 11.999999999999998 18 8.0000000000000018 14.999999999999998 28 3.9999999999999982 31 38 5 3.9999999999999991 54 92 93 3.9999999999999991 78 52 72 6.9999999999999991 104 144 121 10.999999999999998 7.9999999999999991 5 35 2.9999999999999991 3
leaf_count=9 3 20 12 18 8 15 28 4 31 38 5 4 54 92 93 4 78 52 72 7 104 144 121 11 8 5 35 3 3
internal_value=-0.0393019 -1.65304 8.37256 11.1486 14.6285 7.43081 18.2274 6.53095 4.76746 0.193603 14.9565 2.03486 -4.53778 -3.71513 1.11512 3.63991 -0.744733 -2.32355 -2.23837 -5.2051 0.0102919 0.667694 -5.66961 -4.25355 -5.88915 8.2879 0.923207 0.64586 2.4288
internal_weight=1081 907 174 121 69 23 46 52 43 553 9 53 354 205 279 42 274 106 92 99 182 237 149 20 129 8 45 38 7
internal_count=1081 907 174 121 69 23 46 52 43 553 9 53 354 205 279 42 274 106 92 99 182 237 149 20 129 8 45 38 7
is_linear=0
shrinkage=0.05


Tree=18
num_leaves=30
num_cat=0
split_feature=2 1 4 4 2 0 0 2 4 4 4 1 8 4 0 5 4 0 0 4 3 4 2 3 0 4 0 1 0
split_gain=4.15489e+06 1.35954e+06 900914 1.26274e+06 886224 646360 352592 538661 389461 328492 272658 173289 150826 103781 102177 69864.2 61908.8 131276 58876.3 56066.4 46178.9 116709 44993.1 17382.7 10225.2 8956.37 8666.64 4747.89 1206.31
threshold=7345.9350000000004 17562.390000000003 44735.000000000007 44810.000000000007 4715.3000000000011 39643.000000000007 41507.30000000001 4469.255000000001 44065.000000000007 36372.500000000007 36090.000000000007 22811.605000000007 2.5000000000000004 44065.000000000007 37378.200000000004 17.500000000000004 36372.500000000007 34418.30000000001 32445.450000000001 46555.000000000007 0.39357655838957473 36662.500000000007 15332.500000000002 0.56135143871521587 35819.150000000001 34905.000000000007 39345.950000000004 11457.395000000002 41789.450000000004
decision_type=2 2 2 2 2 2 2 2 2 2 2 2 2 2 2 2 2 2 2 2 2 2 2 2 2 2 2 2 2
left_child=2 20 6 14 5 -5 9 8 -8 10 -1 12 15 -11 -4 -3 17 -13 -14 -6 24 25 -18 -23 27 -22 -16 -2 -9
right_child=1 11 3 4 19 -7 7 28 -10 13 -12 16 18 -15 26 -17 22 -19 -20 -21 21 23 -24 -25 -26 -27 -28 -29 -30
leaf_value=1.6963765716552732 -5.2624437231766557 -3.0138525531098654 13.051214599609375 29.813183212280276 0.12526876861984668 8.9255579144954691 34.360395304361987 1.9633821487426752 8.8829247792561823 0.51246625320299677 12.875301488240559 8.5987655003865555 -7.6949750264485672 3.5919041428301073 21.655247802734376 -7.2748367309570314 -0.10269616900547061 0.82979536628157935 -0.58915859295543538 5.3357672214508058 -1.9285240191221236 -5.0554382616823368 -6.2601262807846076 -1.6852725505828858 -2.7958158373832704 -0.09586557000875473 24.308857536315919 -6.1212331136067712 0.63703301642090071
leaf_weight=10 152 37 2.9999999999999991 3.9999999999999991 37 50 2.9999999999999982 3 3 114 12 5.9999999999999991 2.9999999999999991 36 4.9999999999999991 12.999999999999998 268 58 103 5.9999999999999991 20.000000000000004 88 2.9999999999999991 3.9999999999999991 3.9999999999999991 9.9999999999999982 7.9999999999999991 18 4
leaf_count=10 152 37 3 4 37 50 3 3 3 114 12 6 3 36 5 13 268 58 103 6 20 88 3 4 4 10 8 18 4
internal_value=-0.191148 -2.0951 4.83707 8.3547 6.20804 10.4728 2.68846 10.6283 21.6217 2.08836 7.79397 -0.48154 -1.85804 1.25153 21.3688 -4.12171 0.159456 1.55814 -0.790267 0.852315 -4.77164 -4.02581 -0.17086 -4.90891 -5.29458 -1.31764 23.2882 -5.35337 1.20547
internal_weight=1085 787 298 113 97 54 185 13 6 172 22 491 156 150 16 50 335 64 106 43 296 122 271 92 174 30 13 170 7
internal_count=1085 787 298 113 97 54 185 13 6 172 22 491 156 150 16 50 335 64 106 43 296 122 271 92 174 30 13 170 7
is_linear=0
shrinkage=0.05


Tree=19
num_leaves=27
num_cat=0
split_feature=3 3 4 6 4 8 3 2 4 0 3 4 2 4 8 4 4 0 4 3 3 0 2 4 2 1
split_gain=5.12288e+06 1.71052e+06 1.2705e+06 520493 465545 620827 475616 183647 233834 245006 166152 165486 109369 102916 93521 51571.6 46307.2 47167.1 35383 63584.9 32607.1 9465.3 8226.93 2835.73 1654.32 249.138
threshold=0.88223178632495314 0.58640383733379575 42910.000000000007 69.500000000000014 44065.000000000007 2.5000000000000004 0.90360209452548712 7105.9150000000009 36372.500000000007 36714.650000000009 0.46382986376670937 37740.000000000007 4359.8800000000001 36662.500000000007 2.5000000000000004 41515.000000000007 44585.000000000007 32355.150000000005 36662.500000000007 0.36532224479767317 0.62788752353469834 38948.200000000004 15265.135000000002 42412.500000000007 15578.125000000002 32782.180000000008
decision_type=2 2 2 2 2 2 2 2 2 2 2 2 2 2 2 2 2 2 2 2 2 2 2 2 2 2
left_child=1 10 13 12 6 -6 -5 8 9 -3 18 24 -4 -2 -10 -13 17 -9 19 -1 -18 25 -20 -23 -12 -15
right_child=2 7 3 4 5 -7 -8 16 14 -11 11 15 -14 21 -16 -17 20 -19 22 -21 -22 23 -24 -25 -26 -27
leaf_value=-4.7874516595084717 8.5301211547851565 17.059859008789061 32.439800008138022 8.4245749473571774 4.9517200272423878 13.63423864746094 34.760980224609369 -2.4626086674630643 -0.7816880994372899 3.2555154800415043 0.23327590404078366 -5.0483969424452102 19.810609436035151 0.16365301988341588 2.2197314066592084 -2.7026859571348947 -5.1548064041137698 0.3126441095979281 -2.5229499181111654 -1.7284025123119353 -0.94367028040844103 2.2187338447570792 -5.1673573767344161 1.0553694681687789 -0.38326967428712289 -0.23688380718231203
leaf_weight=53 4.9999999999999991 4.9999999999999991 2.9999999999999991 2.9999999999999991 35 50 4 15.999999999999998 36 8.9999999999999982 15.999999999999998 42 4 11.000000000000002 93 53 4.9999999999999991 355 2.9999999999999991 25 57 10.000000000000002 150 10.999999999999998 34 5.9999999999999991
leaf_count=53 5 5 3 3 35 50 4 16 36 9 16 42 4 11 93 53 5 355 3 25 57 10 150 11 34 6
internal_value=0.103705 -1.21773 8.96287 12.0798 11.0798 10.0591 23.4739 0.494647 2.0482 8.18564 -3.84093 -2.5143 25.2231 1.78665 1.38213 -3.73974 -0.0184211 0.192957 -4.67367 -3.80699 -1.28328 0.89935 -5.11551 1.60935 -0.185975 0.0222871
internal_weight=1094 952 142 99 92 85 7 576 143 14 376 145 7 43 129 95 433 371 231 78 62 38 153 21 50 17
internal_count=1094 952 142 99 92 85 7 576 143 14 376 145 7 43 129 95 433 371 231 78 62 38 153 21 50 17
is_linear=0
shrinkage=0.05


Tree=20
num_leaves=31
num_cat=0
split_feature=2 3 4 4 7 0 3 4 8 0 2 2 0 4 4 0 4 7 4 2 3 2 4 0 4 0 0 4 6 0
split_gain=4.18233e+06 1.47197e+06 961633 542666 738950 614527 721165 514456 197234 173952 155733 154816 188256 128677 108003 94258.9 67954.5 65936.4 44047.3 155252 34658.9 32566.3 28158.2 15604.4 10600.6 10254.6 8332.22 5602.81 1827.35 1117
threshold=5483.7900000000009 0.55759802675893144 42910.000000000007 45602.500000000007 2.5000000000000004 41390.650000000009 0.97000117379689221 44735.000000000007 2.5000000000000004 41680.400000000001 11324.410000000002 6693.4800000000005 37547.900000000009 36662.500000000007 42277.500000000007 35054.400000000009 43067.500000000007 1.5000000000000002 36662.500000000007 19957.800000000007 0.65834084652726987 18972.920000000002 43377.500000000007 38079.400000000009 42277.500000000007 43185.900000000009 37547.900000000009 42412.500000000007 71.500000000000014 37642.750000000007
decision_type=2 2 2 2 2 2 2 2 2 2 2 2 2 2 2 2 2 2 2 2 2 2 2 2 2 2 2 2 2 2
left_child=2 15 13 5 9 7 -7 -4 10 -5 17 12 -10 23 -12 18 21 -3 19 -2 -13 -17 -18 29 -20 -6 28 -28 -15 -1
right_child=1 8 3 4 25 6 -8 -9 11 -11 14 20 -14 26 -16 16 22 -19 24 -21 -22 -23 -24 -25 -26 -27 27 -29 -30 -31
leaf_value=9.2841964721679719 -0.63136780097741974 2.0166783356666564 4.8377661401575267 4.8133973439534508 -1.4429819033696099 23.260777596866379 -3.329152552286784 13.601419785443476 8.9143650054931651 18.931465339660644 -5.9546886444091802 -0.41537650273759158 1.8132564959071933 -1.089104574918746 -1.6416456983444541 -0.057274201622715709 -9.3290349324544266 -0.62026514032509483 -4.940215821456218 -4.9271145853503002 0.80337345325826526 -2.7192638015747073 -3.9550027847290039 4.1854807217915839 -4.153142336299342 0.58393552551666905 2.0692278168418183 0.62101915373521699 0.09867399545276867 7.9197678883870424
leaf_weight=2.9999999999999982 33 30 33 2.9999999999999991 13.000000000000002 17.000000000000004 2.9999999999999991 34 11.999999999999998 7.9999999999999991 21 79 42 4.0000000000000027 47 27 2.9999999999999991 113 138 58 223 20 12.999999999999998 3 62 11.999999999999998 11.000000000000002 17 17 3
leaf_count=3 33 30 33 3 13 17 3 34 12 8 21 79 42 4 47 27 3 113 138 58 223 20 13 3 62 12 11 17 17 3
internal_value=-0.00637572 -1.37189 6.94193 9.44456 4.28168 11.5809 19.2723 9.28499 0.207533 15.0811 -1.00377 0.925468 3.39128 1.63462 -2.97361 -3.90166 -2.14816 -0.0670602 -4.28128 -3.36932 0.484561 -1.19004 -4.96263 7.12982 -4.69622 -0.470062 0.625303 1.18996 -0.12757 8.60198
internal_weight=1102 921 181 123 36 87 20 67 567 11 211 356 54 58 68 354 63 143 291 91 302 47 16 9 200 25 49 28 21 6
internal_count=1102 921 181 123 36 87 20 67 567 11 211 356 54 58 68 354 63 143 291 91 302 47 16 9 200 25 49 28 21 6
is_linear=0
shrinkage=0.05


Tree=21
num_leaves=30
num_cat=0
split_feature=2 1 4 2 7 4 7 0 3 4 4 7 4 0 1 4 4 4 2 0 4 5 1 3 2 4 6 1 6
split_gain=3.58099e+06 1.1119e+06 793612 775038 1.23411e+06 1.48965e+06 801010 368787 705291 350092 448580 306832 248183 195975 136460 93468.4 91748.4 53540.2 89065 62350 43768.5 46403.5 41873.5 38612.4 11438.6 19509.8 9490.87 6041.4 5878.14
threshold=6693.4800000000005 17652.890000000003 44395.000000000007 3975.4350000000009 5.5000000000000009 44810.000000000007 4.5000000000000009 41390.650000000009 0.91564452943521524 44810.000000000007 44735.000000000007 2.5000000000000004 36372.500000000007 36714.650000000009 23895.335000000003 37740.000000000007 41515.000000000007 36662.500000000007 19957.800000000007 35766.200000000004 39497.500000000007 16.500000000000004 33941.30000000001 0.79737336160832484 17877.020000000004 42277.500000000007 71.500000000000014 11969.67 65.500000000000014
decision_type=2 2 2 2 2 2 2 2 2 2 2 2 2 2 2 2 2 2 2 2 2 2 2 2 2 2 2 2 2
left_child=2 17 7 4 6 -6 -4 12 -9 10 -5 -11 13 -1 15 28 -17 18 26 -20 21 -16 -14 -22 25 -19 -2 -26 -3
right_child=1 14 3 9 5 -7 -8 8 -10 11 -12 -13 22 -15 20 16 -18 24 19 -21 23 -23 -24 -25 27 -27 -28 -29 -30
leaf_value=16.454747200012193 -0.55626535989620063 2.3057263215382893 11.179633195059639 5.6189688901106507 22.753929519653312 -2.9661739377599012 28.093385587419778 31.469158935546876 -2.8161764621734613 10.066821913719178 20.004170445033484 0.34329273571195301 -0.34755094961686567 4.219433069229126 4.276947554675016 -4.0379658205265354 -1.0903740580560584 -4.5208632568980374 -4.6449912154883668 1.1782071590423584 -0.40082259089235334 0.83245484977960593 1.6967267619648383 0.96978942726699402 -4.5467989109932105 -2.5200181929504168 -3.165973234176636 -5.2410801664311837 0.037826097309589385
leaf_weight=4.0000000000000027 27.000000000000004 2.9999999999999991 14 24.000000000000004 8.0000000000000018 19 14 2.9999999999999991 3 9.9999999999999982 6.9999999999999991 43 55 18 10.999999999999998 44 66 43 57 4.9999999999999991 186 88 46 71 94 17 3.9999999999999991 47 60
leaf_count=4 27 3 14 24 8 19 14 3 3 10 7 43 55 18 11 44 66 43 57 5 186 88 46 71 94 17 4 47 60
internal_value=0.0266771 -1.60798 5.04654 7.6677 12.2818 4.6546 19.6365 2.22218 14.3265 4.6466 8.86724 2.17792 1.63173 6.44404 -0.23789 -1.38988 -2.26941 -4.07321 -3.08125 -4.17538 0.321923 1.21518 0.583506 -0.022171 -4.53218 -3.95396 -0.893002 -4.77823 0.145821
internal_weight=1091 823 268 139 55 27 28 129 6 84 31 53 123 22 529 173 110 294 93 62 356 99 101 257 201 60 31 141 63
internal_count=1091 823 268 139 55 27 28 129 6 84 31 53 123 22 529 173 110 294 93 62 356 99 101 257 201 60 31 141 63
is_linear=0
shrinkage=0.05


end of trees

feature_importances:
thermal_on_capacity=166
total_load=90
thermal_space_load_ratio=88
renewable_power=68
net_load=67
weekday=66
month=54
period=28
hour=9

parameters:
[boosting: gbdt]
[objective: regression]
[metric: rmse]
[tree_learner: serial]
[device_type: cpu]
[data_sample_strategy: bagging]
[data: ]
[valid: ]
[num_iterations: 400]
[learning_rate: 0.05]
[num_leaves: 31]
[num_threads: 0]
[seed: 42]
[deterministic: 0]
[force_col_wise: 0]
[force_row_wise: 0]
[histogram_pool_size: -1]
[max_depth: 5]
[min_data_in_leaf: 3]
[min_sum_hessian_in_leaf: 0.001]
[bagging_fraction: 0.85]
[pos_bagging_fraction: 1]
[neg_bagging_fraction: 1]
[bagging_freq: 1]
[bagging_seed: 400]
[bagging_by_query: 0]
[feature_fraction: 0.85]
[feature_fraction_bynode: 1]
[feature_fraction_seed: 30056]
[extra_trees: 0]
[extra_seed: 12879]
[early_stopping_round: 0]
[early_stopping_min_delta: 0]
[first_metric_only: 0]
[max_delta_step: 0]
[lambda_l1: 0]
[lambda_l2: 0]
[linear_lambda: 0]
[min_gain_to_split: 0]
[drop_rate: 0.1]
[max_drop: 50]
[skip_drop: 0.5]
[xgboost_dart_mode: 0]
[uniform_drop: 0]
[drop_seed: 17869]
[top_rate: 0.2]
[other_rate: 0.1]
[min_data_per_group: 100]
[max_cat_threshold: 32]
[cat_l2: 10]
[cat_smooth: 10]
[max_cat_to_onehot: 4]
[top_k: 20]
[monotone_constraints: ]
[monotone_constraints_method: basic]
[monotone_penalty: 0]
[feature_contri: ]
[forcedsplits_filename: ]
[refit_decay_rate: 0.9]
[cegb_tradeoff: 1]
[cegb_penalty_split: 0]
[cegb_penalty_feature_lazy: ]
[cegb_penalty_feature_coupled: ]
[path_smooth: 0]
[interaction_constraints: ]
[verbosity: -1]
[saved_feature_importance_type: 0]
[use_quantized_grad: 0]
[num_grad_quant_bins: 4]
[quant_train_renew_leaf: 0]
[stochastic_rounding: 1]
[linear_tree: 0]
[max_bin: 255]
[max_bin_by_feature: ]
[min_data_in_bin: 3]
[bin_construct_sample_cnt: 200000]
[data_random_seed: 175]
[is_enable_sparse: 1]
[enable_bundle: 1]
[use_missing: 1]
[zero_as_missing: 0]
[feature_pre_filter: 1]
[pre_partition: 0]
[two_round: 0]
[header: 0]
[label_column: ]
[weight_column: ]
[group_column: ]
[ignore_column: ]
[categorical_feature: ]
[forcedbins_filename: ]
[precise_float_parser: 0]
[parser_config_file: ]
[objective_seed: 16083]
[num_class: 1]
[is_unbalance: 0]
[scale_pos_weight: 1]
[sigmoid: 1]
[boost_from_average: 1]
[reg_sqrt: 0]
[alpha: 0.9]
[fair_c: 1]
[poisson_max_delta_step: 0.7]
[tweedie_variance_power: 1.5]
[lambdarank_truncation_level: 30]
[lambdarank_norm: 1]
[label_gain: ]
[lambdarank_position_bias_regularization: 0]
[eval_at: ]
[multi_error_top_k: 1]
[auc_mu_weights: ]
[num_machines: 1]
[local_listen_port: 12400]
[time_out: 120]
[machine_list_filename: ]
[machines: ]
[gpu_platform_id: -1]
[gpu_device_id: -1]
[gpu_use_dp: 0]
[num_gpu: 1]

end of parameters

pandas_categorical:[]
