tree
version=v4
num_class=1
num_tree_per_iteration=1
label_index=0
max_feature_idx=10
objective=regression
feature_names=total_load net_load renewable_power thermal_space_load_ratio thermal_on_capacity hour period weekday month is_weekend is_holiday
feature_infos=[29193.099999999999:44531.099999999999] [11318.049999999999:41240.809999999998] [1223.46:18960.91] [0.37880501902718694:0.96996973557285182] [27170:48080] [20:23] [81:96] [0:6] [1:4] [0:1] none
tree_sizes=2196 2338 2186 2300 2250 2425 2248 2341 2260 2458 2352 2186 2376

Tree=0
num_leaves=24
num_cat=0
split_feature=2 2 1 4 4 4 2 0 8 4 0 6 7 6 7 4 4 7 6 6 5 0 0
split_gain=1.72821e+07 8.03339e+06 3.06324e+06 2.69712e+06 2.44071e+06 2.9948e+06 940630 691190 674151 823995 202555 543486 177274 119345 83213.8 59957.9 49548 1386.74 1139.35 81.4772 3.73333 0.712849 4.65661e-10
threshold=3843.2850000000003 1416.2350000000004 16896.300000000003 36662.500000000007 44735.000000000007 44810.000000000007 8463.4600000000009 37437.350000000006 2.5000000000000004 39295.000000000007 36390.100000000013 90.500000000000014 1.0000000180025095e-35 90.500000000000014 4.5000000000000009 32370.000000000004 43067.500000000007 3.5000000000000004 91.500000000000014 82.500000000000014 21.500000000000004 31833.600000000002 32726.050000000003
decision_type=2 2 2 2 2 2 2 2 2 2 2 2 2 2 2 2 2 2 2 2 2 2 2
left_child=1 7 17 10 12 -6 13 -1 9 -8 11 -3 -5 14 -4 -15 -10 18 21 -19 -9 -2 -21
right_child=2 3 6 4 5 -7 8 20 16 -11 -12 -13 -14 15 -16 -17 -18 19 -20 22 -22 -23 -24
leaf_value=347.66624198933425 298.1922419486441 365.40373970051587 313.94447680753746 309.97040851294975 350.20017056076279 323.49720617314159 298.42253363311272 372.27873893757646 310.86334139316222 308.34189439328202 338.59124198933421 339.33924232502761 316.84345123188882 316.96274192829907 311.6244765014103 311.38392501896402 313.52416289826215 297.5534088391064 297.27874198933421 297.27874198933421 372.21207227090974 298.21949172993482 297.27874198933421
leaf_weight=3.9999999999999991 5.9999999999999982 3.9999999999999982 183 11.999999999999998 13.999999999999998 42 24 6.9999999999999982 221 164 4 4 43 4.9999999999999991 49 131 19 3.0000000000000027 4.9999999999999991 18.000000000000004 3 4 8.9999999999999982
leaf_count=4 6 4 183 12 14 42 24 7 221 164 4 4 43 5 49 131 19 3 5 18 3 4 9
internal_value=312.877 329.344 310.194 325.26 322.825 330.173 310.911 365.232 309.318 307.076 347.778 352.371 315.344 312.765 313.454 311.589 311.074 297.502 297.895 297.306 372.259 298.203 297.279
internal_weight=978 137 841 123 111 56 796 14 428 188 12 8 55 368 232 136 240 45 15 30 10 10 27
internal_count=978 137 841 123 111 56 796 14 428 188 12 8 55 368 232 136 240 45 15 30 10 10 27
is_linear=0
shrinkage=1


Tree=1
num_leaves=25
num_cat=0
split_feature=3 2 1 2 2 8 7 5 8 1 0 6 0 3 0 8 6 8 2 0 6 0 5 0
split_gain=1.77625e+07 6.04739e+06 2.51328e+06 1.65616e+06 944689 843441 1.70349e+06 782190 606978 699667 554848 497001 496232 133300 132042 125713 67805 30781.9 1014.14 796.517 347.021 76.1198 3.36942 2.32831e-10
threshold=0.90343291285488192 1416.2350000000004 16896.300000000003 3209.5900000000006 8463.4600000000009 3.5000000000000004 1.5000000000000002 20.500000000000004 2.5000000000000004 21618.745000000003 37437.350000000006 89.500000000000014 43045.700000000004 0.88541603609000574 35966.200000000004 3.5000000000000004 81.500000000000014 3.5000000000000004 17607.195000000003 32650.700000000004 90.500000000000014 32811.350000000006 21.500000000000004 31359.700000000001
decision_type=2 2 2 2 2 2 2 2 2 2 2 2 2 2 2 2 2 2 2 2 2 2 2 2
left_child=2 10 18 5 13 14 -7 12 9 -6 -2 -9 -5 15 -3 -4 -15 -10 19 20 -1 23 -12 -20
right_child=1 3 4 7 8 6 -8 11 17 -11 22 -13 -14 16 -16 -17 -18 -19 21 -21 -22 -23 -24 -25
leaf_value=-13.97985702514648 31.850020853678387 -1.5174084689882068 -0.93546149847300164 11.777109860049352 -14.008398316123269 5.2101488385881689 33.09182773166232 34.658758544921866 -2.5319989850546456 -4.53545223760326 56.386065673828142 19.373699633280438 33.741807047526045 9.4639966487884521 5.584181491533915 1.7024791618188222 1.7332753627346111 -1.3639046836195263 -14.86393737792968 -14.863937377929688 -14.59299570719401 -14.593848164876304 56.322731526692692 -14.863937377929688
leaf_weight=10.000000000000002 2.9999999999999991 8.9999999999999982 276 18.000000000000004 22 14 9 13.000000000000002 94 171 6.9999999999999982 8.9999999999999982 2.9999999999999991 2.9999999999999991 24 54 52 141 11.000000000000005 4.9999999999999991 2.9999999999999991 2.9999999999999991 3 8.9999999999999982
leaf_count=10 3 9 276 18 22 14 9 13 94 171 7 9 3 3 24 54 52 141 11 5 3 3 3 9
internal_value=-0.0748041 18.6473 -2.53016 14.4371 -1.92103 8.77022 16.1204 21.8172 -3.53754 -5.61527 50.7093 28.4058 14.9149 -0.123977 3.64738 -0.503798 2.15495 -1.83114 -14.6087 -14.3276 -14.1214 -14.8287 56.3671 -14.8639
internal_weight=966 112 854 99 813 56 23 43 428 193 13 22 21 385 33 330 55 235 41 18 13 23 10 20
internal_count=966 112 854 99 813 56 23 43 428 193 13 22 21 385 33 330 55 235 41 18 13 23 10 20
is_linear=0
shrinkage=0.05


Tree=2
num_leaves=24
num_cat=0
split_feature=3 2 1 4 2 4 2 8 4 0 0 0 1 4 7 7 4 7 6 0 0 6 1
split_gain=1.76573e+07 5.52191e+06 2.41631e+06 1.91257e+06 2.27136e+06 1.06628e+06 778366 565980 730308 321889 172822 434975 124219 127873 116871 116725 43539.7 977.658 1013.19 3.26376 0.222976 0.143906 0.0489482
threshold=0.90343291285488192 1416.2350000000004 16896.300000000003 36662.500000000007 3149.2600000000007 47845.000000000007 8463.4600000000009 2.5000000000000004 39295.000000000007 37818.900000000009 34056.450000000004 35655.400000000009 31559.675000000007 38452.500000000007 2.5000000000000004 1.0000000180025095e-35 43067.500000000007 3.5000000000000004 92.500000000000014 39111.600000000006 31833.600000000002 83.500000000000014 11870.915000000003
decision_type=2 2 2 2 2 2 2 2 2 2 2 2 2 2 2 2 2 2 2 2 2 2 2
left_child=2 9 17 10 15 -6 12 8 -8 -2 -3 -12 13 -4 -14 -5 -9 18 20 -11 -1 -19 -20
right_child=1 3 6 4 5 -7 7 16 -10 19 11 -13 14 -15 -16 -17 -18 21 22 -21 -22 -23 -24
leaf_value=-13.292009735107426 34.874188232421879 24.316846618652345 1.3307689738039876 -2.4393166224161789 25.259082120259606 7.623964392642181 -13.122375194843 -1.8577103779920472 -4.0752201882137618 53.504427083333354 48.200220489501966 26.079038696289061 2.850580406188965 -1.502037596506077 -0.063902077656619413 5.0518526097138725 0.52958227566310334 -14.130983352661122 -14.120739746093751 53.566760253906239 -13.275314839680986 -14.120739746093751 -14.129771931966141
leaf_weight=5.9999999999999982 2.9999999999999991 4.9999999999999991 51 5.9999999999999991 30 11.999999999999998 26 211 157 2.9999999999999982 3.9999999999999982 5 53 182 98 39 21 4.0000000000000027 2.9999999999999991 7 3 24 3
leaf_count=6 3 5 51 6 30 12 26 211 157 3 4 5 53 182 98 39 21 4 3 7 3 24 3
internal_value=0.0985862 18.5661 -2.40176 14.6181 11.858 20.2205 -1.78039 -3.28156 -5.36061 49.2387 31.77 35.9107 -0.158029 -0.881981 0.959062 4.05303 -1.64162 -13.9477 -13.622 53.5481 -13.2864 -14.1222 -14.1253
internal_weight=956 114 842 101 87 42 799 415 183 13 14 9 384 233 151 45 232 43 15 10 9 28 6
internal_count=956 114 842 101 87 42 799 415 183 13 14 9 384 233 151 45 232 43 15 10 9 28 6
is_linear=0
shrinkage=0.05


Tree=3
num_leaves=25
num_cat=0
split_feature=3 2 1 4 3 4 0 2 4 4 0 0 6 2 4 1 7 6 0 6 0 0 0 0
split_gain=1.33193e+07 4.32012e+06 2.22037e+06 1.89612e+06 2.06762e+06 1.20228e+06 1.03983e+06 802326 328374 818429 236859 322911 121891 109557 57123.2 29451.4 790.707 1062.67 707.637 71.0162 0.395003 0.351949 0.0427613 0.000809042
threshold=0.90343291285488192 1305.7150000000004 16896.300000000003 36662.500000000007 0.91129165990102756 47845.000000000007 42883.700000000004 8463.4600000000009 37740.000000000007 39295.000000000007 34056.450000000004 35655.400000000009 89.500000000000014 3920.0550000000003 32370.000000000004 25683.655000000002 3.5000000000000004 91.500000000000014 32689.050000000003 82.500000000000014 31954.800000000003 29736.200000000001 32811.350000000006 39995.850000000013
decision_type=2 2 2 2 2 2 2 2 2 2 2 2 2 2 2 2 2 2 2 2 2 2 2 2
left_child=2 23 16 10 5 -5 -6 12 15 -10 18 -12 13 -4 -14 -9 17 20 -3 -18 -1 -19 -21 -2
right_child=1 3 7 4 6 -7 -8 8 9 -11 11 -13 14 -15 -16 -17 19 21 -20 22 -22 -23 -24 -25
leaf_value=-12.627567836216514 50.88946024576822 23.145937093098961 8.8817523956298832 28.264575117230414 5.047106208735042 -1.7639402389526369 31.238632965087891 -1.5656809166745023 -12.660308427077075 -3.346316046895474 45.790209960937489 25.699450683593746 3.7368672370910647 0.53132502186462416 -1.223794706157372 0.3339136908054352 -13.157759602864568 -13.414590454101564 22.0599375406901 -13.414703369140623 -12.605882771809894 -13.437245686848954 -13.419900207519532 50.888421630859369
leaf_weight=7.0000000000000018 3 2.9999999999999991 3.9999999999999991 20.000000000000004 72 3.9999999999999991 3.9999999999999991 111 26 254 4 4 5.9999999999999991 218 177 25 3.0000000000000027 3.9999999999999991 3 19.000000000000004 3 3 4.9999999999999991 5
leaf_count=7 3 3 4 20 72 4 4 111 26 254 4 4 6 218 177 25 3 4 3 19 3 3 5 5
internal_value=-0.0950089 15.3711 -2.27635 12.8786 10.4658 23.2598 6.42561 -1.6899 -3.23215 -4.21119 30.1126 35.7448 -0.105764 0.681783 -1.06115 -1.21649 -13.2189 -12.9518 22.6029 -13.3871 -12.6211 -13.4243 -13.4158 50.8888
internal_weight=987 122 865 114 100 24 76 821 416 280 14 8 405 222 183 136 44 17 6 27 10 7 24 8
internal_count=987 122 865 114 100 24 76 821 416 280 14 8 405 222 183 136 44 17 6 27 10 7 24 8
is_linear=0
shrinkage=0.05


Tree=4
num_leaves=25
num_cat=0
split_feature=3 2 1 3 0 8 7 2 8 1 0 0 1 7 8 6 6 1 7 0 5 6 0 6
split_gain=1.26048e+07 3.77141e+06 2.03483e+06 1.69258e+06 1.34203e+06 897833 796254 719418 494583 509449 365450 193009 118511 90537.3 76269.2 24271.7 9147.56 1234.31 1020.83 773.103 651.458 43.8859 0.176924 0.0317843
threshold=0.90343291285488192 1416.2350000000004 16896.300000000003 0.91129165990102756 42883.700000000004 3.5000000000000004 5.5000000000000009 8463.4600000000009 2.5000000000000004 21618.745000000003 37437.350000000006 42096.250000000007 31559.675000000007 2.5000000000000004 3.5000000000000004 90.500000000000014 91.500000000000014 39776.125000000007 3.5000000000000004 39504.100000000013 22.500000000000004 82.500000000000014 31722.500000000004 85.500000000000014
decision_type=2 2 2 2 2 2 2 2 2 2 2 2 2 2 2 2 2 2 2 2 2 2 2 2
left_child=2 10 18 6 5 -5 11 12 9 -9 -2 -3 14 -14 -4 -10 -8 -6 20 -12 22 -20 -1 -23
right_child=1 3 7 4 17 -7 16 8 15 -11 19 -13 13 -15 -16 -17 -18 -19 21 -21 -22 23 -24 -25
leaf_value=-11.997280883789065 28.261455281575522 8.6845453875405436 -1.3063984086423108 3.3134577948313493 30.567315673828126 15.363002777099609 32.620297580295144 -12.061618908968839 -1.0731302989290117 -3.9914036160842943 49.359275309244779 22.452716040611264 2.3783589503398308 -0.0093709552477972188 0.99759306119547952 -2.1241120925876831 29.952945556640618 29.225662231445309 -12.567412376403798 48.343989868164059 -12.746851348876953 -12.748082224527987 -11.983705329895017 -12.743955812000094
leaf_weight=5.9999999999999982 2.9999999999999991 7 178 52 2.9999999999999991 22 8.9999999999999982 22 141 176 3 4 65 102 45 90 5.0000000000000009 4 4.0000000000000027 5 3.9999999999999991 6.0000000000000027 4 21
leaf_count=6 3 7 178 52 3 22 9 22 141 176 3 4 65 102 45 90 5 4 4 5 4 6 4 21
internal_value=-0.124565 15.2771 -2.21021 12.3853 8.87519 6.89575 23.758 -1.64143 -3.05437 -4.88809 43.1438 13.6912 -0.0872044 0.919985 -0.841467 -1.4826 31.6677 29.8007 -12.5619 48.7247 -12.2076 -12.722 -11.9919 -12.7449
internal_weight=981 117 864 106 81 74 25 819 429 198 11 11 390 167 223 231 14 7 45 8 14 31 10 27
internal_count=981 117 864 106 81 74 25 819 429 198 11 11 390 167 223 231 14 7 45 8 14 31 10 27
is_linear=0
shrinkage=0.05


Tree=5
num_leaves=27
num_cat=0
split_feature=3 2 3 4 2 4 2 8 4 0 3 0 7 4 3 6 4 0 7 6 0 6 0 0 2 6
split_gain=1.13939e+07 4.50226e+06 1.76015e+06 1.20122e+06 1.61098e+06 993907 619306 434291 539971 378743 121647 258404 109652 100492 84766.5 78823.4 48035.9 807.986 555.036 841.869 220.174 59.5279 0.79338 0.740205 0.332168 0.0276946
threshold=0.90343291285488192 1416.2350000000004 0.53456476313037216 36662.500000000007 3149.2600000000007 47845.000000000007 8463.4600000000009 2.5000000000000004 39295.000000000007 37437.350000000006 0.92445912160182508 36390.100000000013 1.0000000180025095e-35 38452.500000000007 0.88541603609000574 81.500000000000014 43067.500000000007 38707.600000000006 3.5000000000000004 91.500000000000014 33054.400000000009 82.500000000000014 29736.200000000001 39995.850000000013 16882.245000000003 85.500000000000014
decision_type=2 2 2 2 2 2 2 2 2 2 2 2 2 2 2 2 2 2 2 2 2 2 2 2 2 2
left_child=2 9 18 10 12 -6 13 8 -8 -2 11 -3 -5 15 -15 -4 -9 -11 19 24 -12 -20 -21 -19 -1 -23
right_child=1 3 6 4 5 -7 7 16 -10 17 20 -13 -14 14 -16 -17 -18 23 21 22 -22 25 -24 -25 -26 -27
leaf_value=-11.3764030456543 28.002548599243166 41.144415283203138 9.6986702283223476 -3.0086306435721264 20.779134793435375 4.3082609433394214 -11.327175932664138 -1.6481812731954788 -3.5840788980325069 46.893478393554702 21.002590433756506 20.391763814290361 3.7394578096478486 -0.82813903412057288 1.2495555028816066 1.3758683503215963 1.0361040155092875 45.893945312499994 -11.871500651041654 -12.106518554687501 20.396821085611975 -12.110678354899083 -12.140533447265621 45.926800537109365 -11.396779759724934 -12.106755871242948
leaf_weight=2.9999999999999982 3.9999999999999991 2.9999999999999982 2.9999999999999991 6.9999999999999991 31 12.999999999999998 26 225 168 2.9999999999999982 3 3 43 270 60 55 18 3 3.0000000000000027 3.9999999999999991 3 6.0000000000000027 3 4 6 18
leaf_count=3 4 3 3 7 31 13 26 225 168 3 3 3 43 270 60 55 18 3 3 4 3 6 3 4 6 18
internal_value=-0.0844662 14.3565 -2.08092 10.8368 8.93507 15.9127 -1.56688 -2.85772 -4.62181 41.0057 25.7339 30.7681 2.79473 -0.113029 -0.450376 1.80636 -1.44935 46.2069 -11.9432 -11.7098 20.6997 -12.0815 -12.1211 45.9127 -11.39 -12.1077
internal_weight=988 120 868 106 94 44 825 437 194 14 12 6 50 388 330 58 243 10 43 16 6 27 7 7 9 24
internal_count=988 120 868 106 94 44 825 437 194 14 12 6 50 388 330 58 243 10 43 16 6 27 7 7 9 24
is_linear=0
shrinkage=0.05


Tree=6
num_leaves=24
num_cat=0
split_feature=3 2 4 3 1 0 4 2 6 4 4 0 0 1 4 4 2 0 7 6 6 0 0
split_gain=9.8526e+06 3.31579e+06 1.62998e+06 1.38095e+06 1.36118e+06 1.05775e+06 922892 547584 321715 247683 511675 144352 345191 121216 112531 77591.7 17666.1 644.823 565.266 626.347 32.4021 0.180703 0.0148939
threshold=0.90343291285488192 1416.2350000000004 36662.500000000007 0.91129165990102756 16896.300000000003 42883.700000000004 47845.000000000007 9457.3800000000028 91.500000000000014 37740.000000000007 39295.000000000007 34056.450000000004 35655.400000000009 31275.975000000006 30732.500000000004 36372.500000000007 11753.605000000001 38707.600000000006 3.5000000000000004 91.500000000000014 83.500000000000014 31833.600000000002 32811.350000000006
decision_type=2 2 2 2 2 2 2 2 2 2 2 2 2 2 2 2 2 2 2 2 2 2 2
left_child=4 8 11 6 18 -5 -4 13 17 16 -11 -3 -13 14 -6 -15 -9 -2 19 21 -20 -1 -22
right_child=1 2 3 5 7 -7 -8 9 -10 10 -12 12 -14 15 -16 -17 -18 -19 20 -21 22 -23 -24
leaf_value=-10.827577845255536 44.548803710937513 19.650122680664065 24.054099157121442 3.3932621799196521 3.7239235242207851 27.197752075195314 -2.4974857330322267 -0.38237996627887094 26.602422714233395 -10.715910812377929 -3.135082003929345 41.194018936157242 21.487676391601561 6.8168024826049809 -1.228038699884981 0.49670127939719422 -1.6324087600958976 43.621569213867183 -11.345467185974112 -11.520535888671876 -11.501432800292967 -10.812548573811846 -11.505271911621094
leaf_weight=5.9999999999999982 2.9999999999999982 4.9999999999999991 18.000000000000004 70 11.999999999999998 4.9999999999999991 3.9999999999999991 45 4 25 203 3.9999999999999982 5 4.9999999999999991 261 169 76 5 4.0000000000000027 4.9999999999999991 16.000000000000004 3 2.9999999999999991
leaf_count=6 3 5 18 70 12 5 4 45 4 25 203 4 5 5 261 169 76 5 4 5 16 3 3
internal_value=0.00293881 13.2124 10.5132 8.21135 -1.94756 4.98023 19.2265 -1.5118 38.1803 -2.99596 -3.96631 26.4618 30.2461 -0.35303 -1.01037 0.678313 -1.16752 43.9693 -11.3223 -11.0718 -11.4748 -10.8226 -11.502
internal_weight=956 123 111 97 833 75 22 796 12 349 228 14 9 447 273 174 121 8 37 14 23 9 19
internal_count=956 123 111 97 833 75 22 796 12 349 228 14 9 447 273 174 121 8 37 14 23 9 19
is_linear=0
shrinkage=0.05


Tree=7
num_leaves=26
num_cat=0
split_feature=3 2 1 3 0 8 3 8 1 0 7 0 0 8 1 1 6 1 0 7 6 6 2 0 6
split_gain=1.00852e+07 3.10834e+06 1.40573e+06 1.13792e+06 966161 623421 509160 380911 354127 300012 213326 318603 248357 101142 95904.9 74937.2 19837 1113.96 630.251 564.659 566.995 30.7349 0.624942 0.239285 0.0700905
threshold=0.90343291285488192 1416.2350000000004 16896.300000000003 0.912726904603823 42883.700000000004 3.5000000000000004 0.77127824818308455 2.5000000000000004 21618.745000000003 37437.350000000006 5.5000000000000009 42096.250000000007 39721.400000000009 3.5000000000000004 31874.680000000004 32503.655000000006 90.500000000000014 39776.125000000007 38707.600000000006 3.5000000000000004 91.500000000000014 82.500000000000014 1237.6400000000001 31722.500000000004 85.500000000000014
decision_type=2 2 2 2 2 2 2 2 2 2 2 2 2 2 2 2 2 2 2 2 2 2 2 2 2
left_child=2 9 19 10 5 -5 7 8 -4 -2 11 -3 -12 14 -8 -15 -9 -6 -11 20 23 -21 -20 -1 -23
right_child=1 3 6 4 17 -7 13 16 -10 18 12 -13 -14 15 -16 -17 -18 -19 22 21 -22 24 -24 -25 -26
leaf_value=-10.286198806762698 25.272301864624026 6.3307778739929192 -10.044052256708561 3.4503894419602634 26.640106201171875 13.028943893432618 -1.0977905064507536 -0.84517387568518743 -3.4334714664080566 42.321365356445327 28.049820917302913 26.941562906901034 13.501008903980249 1.6065346389315849 0.61643397472538319 9.7799336751302093 -1.767334705266622 25.365536499023435 41.449913533528637 -10.778193473815909 -10.944509429931642 -10.932576115926102 41.417640177408849 -10.26890411376953 -10.926335991753474
leaf_weight=5.9999999999999982 3.9999999999999991 5 23 53 2.9999999999999991 25 190 138 170 2.9999999999999982 10.999999999999998 3 4.0000000000000009 43 143 2.9999999999999991 101 4 3 4.0000000000000027 4.9999999999999991 6.0000000000000027 3 3 18
leaf_count=6 4 5 23 53 3 25 190 138 170 3 11 3 4 43 143 3 101 4 3 4 5 6 3 3 18
internal_value=0.0587136 13.5675 -1.85753 10.7871 8.11737 6.52044 -1.39562 -2.56907 -4.22126 36.6658 20.6535 14.0598 24.1701 -0.0580722 -0.361652 2.13958 -1.23487 25.9118 41.7296 -10.7769 -10.5176 -10.9065 41.4338 -10.2804 -10.9279
internal_weight=974 121 853 108 85 78 811 432 193 13 23 8 15 379 333 46 239 7 9 42 14 28 6 9 24
internal_count=974 121 853 108 85 78 811 432 193 13 23 8 15 379 333 46 239 7 9 42 14 28 6 9 24
is_linear=0
shrinkage=0.05


Tree=8
num_leaves=25
num_cat=0
split_feature=3 2 1 4 2 4 2 8 4 3 0 7 0 1 4 4 4 7 5 0 0 0 0 0
split_gain=7.88584e+06 2.45872e+06 1.35923e+06 1.32169e+06 1.36937e+06 653732 437344 281203 376327 187827 252515 113690 111223 81444.9 84690.5 77966.9 35400.6 532.557 419.32 48.5671 14.3502 54.1217 3.96893 0.329171
threshold=0.90343291285488192 1416.2350000000004 16896.300000000003 36662.500000000007 3149.2600000000007 44735.000000000007 8463.4600000000009 2.5000000000000004 39295.000000000007 0.92823219957511205 35655.400000000009 1.0000000180025095e-35 38286.05000000001 31243.230000000003 44860.000000000007 39715.000000000007 43067.500000000007 3.5000000000000004 22.500000000000004 31027.050000000003 32852.55000000001 32951.900000000009 40327.850000000013 32726.050000000003
decision_type=2 2 2 2 2 2 2 2 2 2 2 2 2 2 2 2 2 2 2 2 2 2 2 2
left_child=2 12 17 9 11 -6 13 8 -8 10 -3 -5 -2 15 -15 -4 -9 18 19 -1 23 -22 -14 -19
right_child=1 3 6 4 5 -7 7 16 -10 -11 -12 -13 22 14 -16 -17 -18 20 -20 -21 21 -23 -24 -25
leaf_value=-10.001491546630859 27.837806193033863 38.482870864868175 0.6234125500571901 -3.1827420976426866 0.13215250287737165 16.794895213359112 -9.6587284088134773 -1.4219063808205981 -2.9798238025314507 17.24617034912109 20.716507720947263 3.0670631869843135 39.301210530598951 1.8768669767350687 -0.311170631274581 -1.4253788111075549 0.82718837025918457 -10.380043792724607 -10.38215789794922 -9.7655893325805678 -10.136955006917315 -10.405585327148437 39.377289581298818 -10.394741363525391
leaf_weight=2.9999999999999991 2.9999999999999982 3.9999999999999982 69 8.9999999999999982 6.9999999999999991 37 24 221 174 5 4 38 3 82 96 142 19 16.000000000000007 4.9999999999999991 7.9999999999999991 3 5 4 4.9999999999999991
leaf_count=3 3 4 69 9 7 37 24 221 174 5 4 38 3 82 96 142 19 16 5 8 3 5 4 5
internal_value=-0.154685 12.2122 -1.77146 9.93527 7.80483 14.144 -1.31098 -2.39457 -3.78939 24.8483 29.5997 1.87029 35.8926 -0.0908936 0.696802 -0.755395 -1.24385 -10.2341 -10.0025 -9.82993 -10.3618 -10.3048 39.3447 -10.3835
internal_weight=986 114 872 104 91 44 827 438 198 13 8 47 10 389 178 211 240 45 16 11 29 8 7 21
internal_count=986 114 872 104 91 44 827 438 198 13 8 47 10 389 178 211 240 45 16 11 29 8 7 21
is_linear=0
shrinkage=0.05


Tree=9
num_leaves=27
num_cat=0
split_feature=3 2 4 2 1 4 2 0 8 4 0 0 7 6 7 4 4 0 0 7 6 6 0 0 0 0
split_gain=9.02912e+06 2.4186e+06 1.08883e+06 1.6373e+06 1.07902e+06 804529 361358 255669 247454 237431 132571 276337 85820.9 82112.6 67259.7 43011.1 39797.4 1189.87 613.888 341.74 564.891 26.4832 1.02482 0.199188 0.0719161 0.0659077
threshold=0.90343291285488192 1416.2350000000004 36662.500000000007 3149.2600000000007 16896.300000000003 47845.000000000007 8463.4600000000009 37437.350000000006 2.5000000000000004 39295.000000000007 34056.450000000004 35655.400000000009 1.0000000180025095e-35 90.500000000000014 2.5000000000000004 32370.000000000004 43067.500000000007 38707.600000000006 32689.050000000003 3.5000000000000004 91.500000000000014 82.500000000000014 29736.200000000001 32811.350000000006 31833.600000000002 40327.850000000013
decision_type=2 2 2 2 2 2 2 2 2 2 2 2 2 2 2 2 2 2 2 2 2 2 2 2 2 2
left_child=4 7 10 12 19 -5 13 -2 9 -8 18 -12 -4 14 -6 -15 -10 -9 -3 20 24 -21 -22 -23 -1 -19
right_child=1 2 3 5 6 -7 8 17 16 -11 11 -13 -14 15 -16 -17 -18 25 -20 21 22 23 -24 -25 -26 -27
leaf_value=-9.2796778361002623 22.616796493530273 17.674098714192709 -3.0299704415457591 19.426117569930625 1.463313783928752 5.7638735532760625 -9.2217127631692328 38.622349039713555 -1.3451416737421455 -3.0192373149230809 36.558726501464854 18.926964111328122 2.9399458802023601 3.133657201131185 -0.23961491001688917 -1.1863967873721288 0.98577418792527183 37.397542317708321 16.662591552734369 -9.722498130798332 -9.8588319778442397 -9.8609895433698362 -9.8974912007649714 -9.8726155090332028 -9.2701965332031229 37.408023071289051
leaf_weight=5.9999999999999982 3.9999999999999991 2.9999999999999991 6.9999999999999991 33 100 15.999999999999998 17 2.9999999999999982 217 167 3.9999999999999982 5 43 5.9999999999999991 138 145 20 3 3 4.0000000000000027 3.9999999999999991 14.000000000000002 3 4.9999999999999991 3 3
leaf_count=6 4 3 7 33 100 16 17 3 217 167 4 5 43 6 138 145 20 3 3 4 4 14 3 5 3 3
internal_value=0.267496 12.7018 10.3717 8.46961 -1.59252 14.965 -1.20139 33.1347 -2.21654 -3.59229 22.9253 26.7633 2.10416 -0.102728 0.475901 -1.01474 -1.14844 37.8093 17.1683 -9.71598 -9.53853 -9.83943 -9.8754 -9.86405 -9.27652 37.4028
internal_weight=976 127 114 99 849 49 810 13 421 184 15 9 50 389 238 151 237 9 6 39 16 23 7 19 9 6
internal_count=976 127 114 99 849 49 810 13 421 184 15 9 50 389 238 151 237 9 6 39 16 23 7 19 9 6
is_linear=0
shrinkage=0.05


Tree=10
num_leaves=26
num_cat=0
split_feature=3 2 1 7 3 7 3 7 8 1 0 1 8 7 0 3 0 0 7 6 6 0 2 0 0
split_gain=7.508e+06 2.65735e+06 1.01722e+06 809216 778265 708564 404962 333766 330261 223704 110237 93206.8 98084.8 57881.9 12684.2 3943.62 1137.76 527.763 350.66 532.07 41.5725 0.924897 0.609156 0.293043 0.0476418
threshold=0.90343291285488192 1416.2350000000004 16896.300000000003 1.0000000180025095e-35 0.912726904603823 4.5000000000000009 0.73070867066163459 5.5000000000000009 2.5000000000000004 21186.495000000003 37437.350000000006 31275.975000000006 3.5000000000000004 2.5000000000000004 40252.30000000001 0.91427922321579502 38707.600000000006 33924.400000000009 3.5000000000000004 91.500000000000014 82.500000000000014 29736.200000000001 1237.6400000000001 31833.600000000002 32811.350000000006
decision_type=2 2 2 2 2 2 2 2 2 2 2 2 2 2 2 2 2 2 2 2 2 2 2 2 2
left_child=2 10 18 15 7 -6 8 -5 9 -4 -2 12 -8 -13 -10 -3 -12 -17 19 23 -20 -21 -18 -1 -22
right_child=1 3 6 4 5 -7 11 -9 14 -11 16 13 -14 -15 -16 17 22 -19 20 21 24 -23 -24 -25 -26
leaf_value=-8.8202503204345657 24.948455810546875 -4.4150240580240885 -9.3811125504343149 12.126953856150308 12.474979273478191 2.0930653024602819 -1.235901016454479 24.864594777425125 -1.2141043342211668 -3.5485431976005679 36.691231282552096 1.7797490819862913 0.97989000422613959 -0.040873651078035089 1.337692756652832 -2.7498277664184578 35.540183258056636 -1.9792871475219724 -9.1699963887532459 -9.3658905029296875 -9.3678206948673015 -9.4026166280110655 35.510378011067694 -8.8027788162231442 -9.373885536193848
leaf_weight=6.0000000000000018 2.9999999999999991 2.9999999999999991 19 9 42 27 241 12 187 122 2.9999999999999982 70 63 116 4.9999999999999991 3.9999999999999982 4 5 3.0000000000000027 3.9999999999999991 17.000000000000004 3 3 4 3.9999999999999991
leaf_count=6 3 3 19 9 42 27 241 12 187 122 3 70 63 116 5 4 4 5 3 4 17 3 3 4 4
internal_value=0.0629181 12.0648 -1.53455 9.35136 10.9776 8.41249 -1.15163 19.4056 -2.49703 -4.33449 33.3547 -0.237302 -0.776707 0.644307 -1.14765 -2.84507 35.8766 -2.32175 -9.22104 -9.0473 -9.3441 -9.38163 35.5274 -8.81326 -9.36898
internal_weight=979 115 864 102 90 69 823 21 333 141 13 490 304 186 192 12 10 9 41 17 24 7 7 10 21
internal_count=979 115 864 102 90 69 823 21 333 141 13 490 304 186 192 12 10 9 41 17 24 7 7 10 21
is_linear=0
shrinkage=0.05


Tree=11
num_leaves=24
num_cat=0
split_feature=3 3 1 4 4 4 3 8 4 3 0 0 3 4 3 7 4 7 6 6 0 5 0
split_gain=6.81503e+06 1.87793e+06 1.00676e+06 975467 1.0921e+06 1.17693e+06 347999 258613 289914 149242 124593 224122 98384.3 68338.7 66756.2 43943.3 36101.4 391.41 381.759 21.2465 5.82758 0.267608 0.134625
threshold=0.90343291285488192 0.96250598957035427 16896.300000000003 36662.500000000007 44735.000000000007 44810.000000000007 0.75422883371834992 2.5000000000000004 39295.000000000007 0.96532020591355583 34056.450000000004 35655.400000000009 0.88541603609000574 38452.500000000007 0.91917773132014402 2.5000000000000004 43067.500000000007 3.5000000000000004 91.500000000000014 82.500000000000014 39504.100000000013 20.500000000000004 32811.350000000006
decision_type=2 2 2 2 2 2 2 2 2 2 2 2 2 2 2 2 2 2 2 2 2 2 2
left_child=2 3 17 10 14 -6 7 8 -4 -3 -2 -12 13 -8 -5 -14 -9 18 21 -19 -11 -1 -21
right_child=1 9 6 4 5 -7 12 16 -10 20 11 -13 15 -15 -16 -17 -18 19 -20 22 -22 -23 -24
leaf_value=-8.3626398086547873 15.676752319335939 21.90167407989502 -8.5089475191556492 -2.450074334939321 24.155450657435829 7.6792443533738455 1.2308621912090869 -1.2763384098143973 -2.766088498562155 33.675134277343737 34.107041931152338 17.36928558349609 3.3285342858387872 -0.69701960810662089 2.0584065368542306 0.58001633945739639 0.94413779608905313 -8.7778732299804627 -8.9171862792968764 -8.8994620186941944 33.763282470703125 -8.3799908447265619 -8.9079544067382823
leaf_weight=3.9999999999999982 4.9999999999999991 3.9999999999999991 26 11.999999999999998 13.999999999999998 48 54 216 142 3 4 4 26 309 26 33 20 4.0000000000000027 4.9999999999999991 21.000000000000004 5 5 5.9999999999999991
leaf_count=4 5 4 26 12 14 48 54 216 142 3 4 4 26 309 26 33 20 4 5 21 5 5 6
internal_value=0.0634511 10.9811 -1.50337 8.98395 7.30898 11.3997 -1.1066 -2.1555 -3.65486 29.7874 21.8684 25.7382 -0.102441 -0.410227 0.634676 1.79123 -1.08816 -8.78632 -8.56689 -8.88542 33.7302 -8.37228 -8.90135
internal_weight=996 125 871 113 100 62 826 404 168 12 13 8 422 363 38 59 236 45 14 31 8 9 27
internal_count=996 125 871 113 100 62 826 404 168 12 13 8 422 363 38 59 236 45 14 31 8 9 27
is_linear=0
shrinkage=0.05


Tree=12
num_leaves=26
num_cat=0
split_feature=3 2 4 2 1 4 2 0 4 4 0 0 6 2 7 4 2 0 0 7 6 6 0 0 0
split_gain=5.37082e+06 2.00783e+06 1.03853e+06 970490 847055 577911 329430 186909 132072 265263 125049 202270 73803.3 52895.9 50558.4 34839.9 16906.6 1272.9 554.033 382.147 361.102 18.8462 0.116394 0.109527 0.0607789
threshold=0.90343291285488192 1416.2350000000004 36662.500000000007 3149.2600000000007 16896.300000000003 44735.000000000007 8463.4600000000009 37437.350000000006 37740.000000000007 39295.000000000007 34056.450000000004 35655.400000000009 90.500000000000014 3809.6500000000005 1.0000000180025095e-35 32370.000000000004 11753.605000000001 39111.600000000006 32689.050000000003 3.5000000000000004 91.500000000000014 82.500000000000014 32811.350000000006 31833.600000000002 40327.850000000013
decision_type=2 2 2 2 2 2 2 2 2 2 2 2 2 2 2 2 2 2 2 2 2 2 2 2 2
left_child=4 7 10 14 19 -5 12 -2 16 -10 18 -12 13 -6 -4 -14 -8 -9 -3 20 23 -21 -23 -1 -19
right_child=1 2 3 5 6 -7 8 17 9 -11 11 -13 15 -15 -16 -17 -18 24 -20 21 -22 22 -24 -25 -26
leaf_value=-7.9551891326904318 19.499009895324708 15.382807159423828 -2.8039250612258915 -2.0691878727504185 7.1590953191121418 13.597494475905961 0.003633840704480043 33.329849243164077 -8.0335928462800528 -2.1932054736217812 32.401689147949213 16.500821685791013 2.8664367039998373 0.47722146422981959 1.5503135260939598 -1.0238525099365423 -1.1663881283057365 32.063418579101551 14.4218760172526 -8.3389797210693288 -8.4713267517089843 -8.4544563293457013 -8.4625565846761059 -7.9445077896118157 32.073483276367178
leaf_weight=5.9999999999999982 3.9999999999999991 2.9999999999999991 7.9999999999999991 6.9999999999999991 2.9999999999999991 37 52 2.9999999999999982 21 262 4 4 5.9999999999999991 233 40 141 76 3 3 4.0000000000000027 4.9999999999999991 17.000000000000004 5.9999999999999991 4 3
leaf_count=6 4 3 8 7 3 37 52 3 21 262 4 4 6 233 40 141 76 3 3 4 5 17 6 4 3
internal_value=0.00798447 9.94642 7.67196 5.74135 -1.4067 11.1051 -1.04065 28.492 -2.0238 -2.62659 20.3589 24.4513 0.0143742 0.562161 0.824607 -0.865065 -0.691067 32.4889 14.9023 -8.32673 -8.12439 -8.43915 -8.45657 -7.95092 32.0685
internal_weight=955 119 106 92 836 44 794 13 411 283 14 8 383 236 48 147 128 9 6 42 15 27 23 10 6
internal_count=955 119 106 92 836 44 794 13 411 283 14 8 383 236 48 147 128 9 6 42 15 27 23 10 6
is_linear=0
shrinkage=0.05


end of trees

feature_importances:
total_load=81
thermal_on_capacity=49
renewable_power=37
period=37
thermal_space_load_ratio=30
weekday=30
net_load=27
month=18
hour=6

parameters:
[boosting: gbdt]
[objective: regression]
[metric: rmse]
[tree_learner: serial]
[device_type: cpu]
[data_sample_strategy: bagging]
[data: ]
[valid: ]
[num_iterations: 400]
[learning_rate: 0.05]
[num_leaves: 31]
[num_threads: 0]
[seed: 42]
[deterministic: 0]
[force_col_wise: 0]
[force_row_wise: 0]
[histogram_pool_size: -1]
[max_depth: 5]
[min_data_in_leaf: 3]
[min_sum_hessian_in_leaf: 0.001]
[bagging_fraction: 0.85]
[pos_bagging_fraction: 1]
[neg_bagging_fraction: 1]
[bagging_freq: 1]
[bagging_seed: 400]
[bagging_by_query: 0]
[feature_fraction: 0.85]
[feature_fraction_bynode: 1]
[feature_fraction_seed: 30056]
[extra_trees: 0]
[extra_seed: 12879]
[early_stopping_round: 0]
[early_stopping_min_delta: 0]
[first_metric_only: 0]
[max_delta_step: 0]
[lambda_l1: 0]
[lambda_l2: 0]
[linear_lambda: 0]
[min_gain_to_split: 0]
[drop_rate: 0.1]
[max_drop: 50]
[skip_drop: 0.5]
[xgboost_dart_mode: 0]
[uniform_drop: 0]
[drop_seed: 17869]
[top_rate: 0.2]
[other_rate: 0.1]
[min_data_per_group: 100]
[max_cat_threshold: 32]
[cat_l2: 10]
[cat_smooth: 10]
[max_cat_to_onehot: 4]
[top_k: 20]
[monotone_constraints: ]
[monotone_constraints_method: basic]
[monotone_penalty: 0]
[feature_contri: ]
[forcedsplits_filename: ]
[refit_decay_rate: 0.9]
[cegb_tradeoff: 1]
[cegb_penalty_split: 0]
[cegb_penalty_feature_lazy: ]
[cegb_penalty_feature_coupled: ]
[path_smooth: 0]
[interaction_constraints: ]
[verbosity: -1]
[saved_feature_importance_type: 0]
[use_quantized_grad: 0]
[num_grad_quant_bins: 4]
[quant_train_renew_leaf: 0]
[stochastic_rounding: 1]
[linear_tree: 0]
[max_bin: 255]
[max_bin_by_feature: ]
[min_data_in_bin: 3]
[bin_construct_sample_cnt: 200000]
[data_random_seed: 175]
[is_enable_sparse: 1]
[enable_bundle: 1]
[use_missing: 1]
[zero_as_missing: 0]
[feature_pre_filter: 1]
[pre_partition: 0]
[two_round: 0]
[header: 0]
[label_column: ]
[weight_column: ]
[group_column: ]
[ignore_column: ]
[categorical_feature: ]
[forcedbins_filename: ]
[precise_float_parser: 0]
[parser_config_file: ]
[objective_seed: 16083]
[num_class: 1]
[is_unbalance: 0]
[scale_pos_weight: 1]
[sigmoid: 1]
[boost_from_average: 1]
[reg_sqrt: 0]
[alpha: 0.9]
[fair_c: 1]
[poisson_max_delta_step: 0.7]
[tweedie_variance_power: 1.5]
[lambdarank_truncation_level: 30]
[lambdarank_norm: 1]
[label_gain: ]
[lambdarank_position_bias_regularization: 0]
[eval_at: ]
[multi_error_top_k: 1]
[auc_mu_weights: ]
[num_machines: 1]
[local_listen_port: 12400]
[time_out: 120]
[machine_list_filename: ]
[machines: ]
[gpu_platform_id: -1]
[gpu_device_id: -1]
[gpu_use_dp: 0]
[num_gpu: 1]

end of parameters

pandas_categorical:[]
