tree
version=v4
num_class=1
num_tree_per_iteration=1
label_index=0
max_feature_idx=10
objective=regression
feature_names=total_load net_load renewable_power thermal_space_load_ratio thermal_on_capacity hour period weekday month is_weekend is_holiday
feature_infos=[22195.900000000001:45093.400000000001] [-11825.210000000003:42194.25] [1144.03:36022.5] [-0.52127464982271476:0.97282505160491894] [27170:48080] [15:19] [61:80] [0:6] [1:4] [0:1] none
tree_sizes=2718 2756 2775 2814 2549 2695 2744 2657 2664 2788 2797 2683 2616 2664 2479 2579 2852 2675 2799 2518 2608 2371 2493 2415

Tree=0
num_leaves=31
num_cat=0
split_feature=2 1 4 8 4 7 4 7 1 4 1 4 8 0 2 0 7 4 4 0 0 1 4 1 1 4 0 7 8 6
split_gain=2.91045e+07 1.17762e+07 4.14433e+06 4.01446e+06 3.87766e+06 3.35718e+06 1.69038e+06 1.47057e+06 1.06971e+06 842757 597189 918164 507931 425080 423580 389156 382890 317955 209194 147152 138929 112642 102063 59134.2 38464.7 65112.1 32976.7 11655 5606.86 2875.61
threshold=5852.2250000000013 19694.049999999999 42910.000000000007 2.5000000000000004 44735.000000000007 2.5000000000000004 48025.000000000007 5.5000000000000009 24153.420000000002 36372.500000000007 13324.140000000001 36662.500000000007 2.5000000000000004 40005.850000000006 7351.3550000000005 38459.650000000001 1.5000000000000002 36372.500000000007 39497.500000000007 37508.450000000004 34364.650000000009 18906.050000000003 39497.500000000007 14066.210000000001 11232.980000000003 36662.500000000007 37452.700000000004 1.5000000000000002 2.5000000000000004 70.500000000000014
decision_type=2 2 2 2 2 2 2 2 2 2 2 2 2 2 2 2 2 2 2 2 2 2 2 2 2 2 2 2 2 2
left_child=2 10 9 5 16 6 -4 -6 12 15 24 23 20 -7 17 26 -5 -10 -16 29 -3 -13 -14 -12 28 -26 -1 -21 -2 -11
right_child=1 8 3 4 7 13 -8 -9 14 19 11 21 22 -15 18 -17 -18 -19 -20 27 -22 -23 -24 -25 25 -27 -28 -29 -30 -31
leaf_value=300.457875554407 260.30426460882251 269.52054094378587 304.76116249049829 296.08843094042044 323.4302529165746 295.19404130046007 278.8002909189903 304.44063279909506 289.09820783997014 272.73154094283217 267.8801408487999 262.34184449144919 274.26482986265438 278.24225520470463 276.47034410353001 279.96487425232368 283.04337421163353 277.28913743288069 273.72221394063814 280.97082663327603 264.14062427266873 267.09882662019709 270.87821140089159 272.25411446439017 264.83557214800948 260.9081377020438 294.19225520470462 278.67231011454697 260.91570314136283 274.20654094910634
leaf_weight=2.9999999999999982 76 20 29 9 19 3.9999999999999991 7.9999999999999991 22 5.9999999999999991 4.0000000000000027 9.9999999999999982 112 45 49 94 5.9999999999999991 15 114 263 6.9999999999999991 30 13.999999999999998 44 34 15.999999999999998 31 7 26 74 19
leaf_count=3 76 20 29 9 19 4 8 22 6 4 10 112 45 49 94 6 15 114 263 7 30 14 44 34 16 31 7 26 74 19
internal_value=273.687 269.961 289.824 294.429 303.897 287.59 299.148 313.241 274.185 279.912 262.871 265.042 270.325 279.522 275.31 290.032 287.935 277.88 274.446 277.02 266.293 262.87 272.591 271.26 260.997 262.245 296.072 279.16 260.606 273.95
internal_weight=1210 983 227 155 65 90 37 41 616 72 367 170 139 53 477 16 24 120 357 56 50 126 89 44 197 47 10 33 150 23
internal_count=1210 983 227 155 65 90 37 41 616 72 367 170 139 53 477 16 24 120 357 56 50 126 89 44 197 47 10 33 150 23
is_linear=0
shrinkage=1


Tree=1
num_leaves=31
num_cat=0
split_feature=2 1 3 3 7 8 1 7 3 7 8 1 8 3 6 7 0 8 1 2 2 6 8 3 7 1 6 3 8 8
split_gain=2.65019e+07 9.6563e+06 3.80783e+06 2.21757e+06 1.71151e+06 3.38998e+06 1.04593e+06 1.12104e+06 844489 737052 711248 588930 834153 517045 489905 426774 775686 409245 393448 198681 145569 123381 121374 116242 93453.7 89235.4 65347.7 36693.4 102577 8483.26
threshold=6267.3700000000017 19694.049999999999 0.89770792659488652 0.912471062243838 5.5000000000000009 2.5000000000000004 37236.700000000004 4.5000000000000009 0.67682633869683373 5.5000000000000009 2.5000000000000004 13324.140000000001 3.5000000000000004 0.86449824871498249 67.500000000000014 1.5000000000000002 42443.30000000001 2.5000000000000004 31674.050000000007 15752.315000000002 7351.3550000000005 69.500000000000014 3.5000000000000004 0.44205582830112838 5.5000000000000009 17531.555000000004 67.500000000000014 0.39357655838957473 3.5000000000000004 2.5000000000000004
decision_type=2 2 2 2 2 2 2 2 2 2 2 2 2 2 2 2 2 2 2 2 2 2 2 2 2 2 2 2 2 2
left_child=2 11 10 6 5 -5 7 -4 17 -8 15 27 25 18 -15 16 -1 19 -12 -3 21 -10 -22 -14 -17 -13 -19 29 -29 -2
right_child=1 8 3 4 -6 -7 9 -9 20 -11 13 12 23 14 -16 24 -18 26 -20 -21 22 -23 -24 -25 -26 -27 -28 28 -30 -31
leaf_value=2.3618230819702148 -12.951283397230993 -4.9647550094802426 15.228281561533606 11.728884859996684 4.7925105181607339 37.671352519989014 52.523442840576188 39.391773104667664 6.1968655900521714 28.051936492919921 17.119951465394763 -11.876925925932071 -6.5538335183087515 35.594981892903647 14.564644532733494 4.8693064233991841 35.995274861653634 -2.7603657437533871 5.1529529999042385 -12.648639221191408 0.158378712378624 1.9114240283697423 2.5588656916547179 -1.5371855460935171 0.31216992775599167 -8.9537765684581938 -0.26586163452226824 -12.318031076284553 -3.1617786407470705 -12.256839536031087
leaf_weight=3.9999999999999991 86 53 12.000000000000002 34 22 20 7.9999999999999982 7.9999999999999991 22 5 8.9999999999999982 69 17 2.9999999999999991 36 45 3 41 29 9.9999999999999982 246 71 67 36 14.999999999999998 42 73 13.000000000000002 3.9999999999999991 90
leaf_count=4 86 53 12 34 22 20 8 8 22 5 9 69 17 3 36 45 3 41 29 10 246 71 67 36 15 42 73 13 4 90
internal_value=-0.167607 -4.03381 14.1969 21.2474 16.548 21.3372 32.0703 24.8937 -0.0681887 43.1113 8.86015 -10.5099 -8.30683 12.138 16.1824 5.09305 16.7762 -2.95029 7.98724 -6.18442 1.18829 2.92518 0.672221 -3.1463 3.73002 -10.7709 -1.16301 -12.3819 -10.1636 -12.5962
internal_weight=1193 940 253 109 76 54 33 20 583 13 144 357 164 77 39 67 7 177 38 63 406 93 313 53 60 111 114 193 17 176
internal_count=1193 940 253 109 76 54 33 20 583 13 144 357 164 77 39 67 7 177 38 63 406 93 313 53 60 111 114 193 17 176
is_linear=0
shrinkage=0.05


Tree=2
num_leaves=31
num_cat=0
split_feature=2 1 4 8 4 7 4 3 7 4 0 1 4 2 8 4 4 4 0 1 4 0 6 1 1 4 4 2 7 0
split_gain=2.49546e+07 9.62579e+06 4.50764e+06 4.22332e+06 2.36861e+06 2.237e+06 1.8243e+06 1.01018e+06 1.00231e+06 546318 544186 539555 757633 347676 321540 286666 199003 172644 167087 118240 109368 90254.9 59129.6 52193.4 37268.1 51435.8 10856.8 4387.37 3315.97 2123.78
threshold=5503.5750000000016 19694.049999999999 42910.000000000007 2.5000000000000004 44735.000000000007 2.5000000000000004 48025.000000000007 0.6888197181594109 5.5000000000000009 36662.500000000007 40397.150000000001 13324.140000000001 36662.500000000007 6661.4250000000011 2.5000000000000004 36372.500000000007 44585.000000000007 39052.500000000007 38686.150000000001 17636.370000000003 36372.500000000007 37552.400000000009 67.500000000000014 14066.210000000001 11232.980000000003 36662.500000000007 42412.500000000007 4359.8800000000001 1.5000000000000002 35648.200000000004
decision_type=2 2 2 2 2 2 2 2 2 2 2 2 2 2 2 2 2 2 2 2 2 2 2 2 2 2 2 2 2 2
left_child=2 11 9 5 16 6 -4 14 -6 18 -7 24 23 15 17 -9 -5 -3 27 -14 -15 29 -16 -13 28 -26 -23 -1 -2 -11
right_child=1 7 3 4 8 10 -8 13 -10 21 -12 12 19 20 22 -17 -18 -19 -20 -21 -22 26 -24 -25 25 -27 -28 -29 -30 -31
leaf_value=17.912155151367195 -11.614477570851644 -11.804364607069228 29.82220519582431 21.051735772026905 42.931614410400393 20.931607818603517 3.4255804909600154 14.344751140049524 28.298468479243191 -0.48099884299131529 3.4108565367185153 -5.8734263632032615 -11.025593409171471 3.2059024756809453 -2.6423140226266324 3.7982690180893304 11.026434343511406 -4.3525952045331922 5.2539137522379544 -7.7350317364647285 0.73704894076114247 5.1918853214808864 -0.28193962560435026 -1.6492226135272248 -8.1472029209136974 -11.569312329973494 3.2227653230939595 20.441632080078122 -12.20929441362898 0.51818097564909193
leaf_weight=2.9999999999999982 30 8.9999999999999982 24 9 25 4.9999999999999991 8.9999999999999982 6.9999999999999991 22 13.000000000000002 39 8.9999999999999982 78 53 39 81 11 57 3 42 292 14.000000000000002 83 39 15.999999999999998 35 13.999999999999998 4 107 8.9999999999999982
leaf_count=3 30 9 24 9 25 5 9 7 22 13 39 9 78 53 39 81 11 57 3 42 292 14 83 39 16 35 14 4 107 9
internal_value=0.0665502 -3.2546 15.9722 20.7698 29.9494 12.7824 22.6231 0.503085 36.0821 4.45801 5.40185 -9.80943 -7.75029 1.83188 -2.55739 4.63719 15.5378 -5.36875 15.1265 -9.8739 1.11632 2.32432 -1.03649 -2.44126 -11.6495 -10.4957 4.20733 19.3576 -12.079 -0.0722435
internal_weight=1181 977 204 144 67 77 33 621 47 60 44 356 168 433 188 88 20 66 10 120 345 50 122 48 188 51 28 7 137 22
internal_count=1181 977 204 144 67 77 33 621 47 60 44 356 168 433 188 88 20 66 10 120 345 50 122 48 188 51 28 7 137 22
is_linear=0
shrinkage=0.05


Tree=3
num_leaves=31
num_cat=0
split_feature=2 3 4 4 4 7 3 4 0 3 4 1 4 0 4 4 2 4 4 2 4 0 7 0 0 2 4 7 1 1
split_gain=2.30806e+07 8.5143e+06 3.23079e+06 3.97205e+06 2.29842e+06 1.38033e+06 1.33847e+06 1.24449e+06 1.11414e+06 768430 632046 553373 529637 272634 180479 205599 176776 163901 145701 329273 144079 84417.5 73345.1 29188.5 15675.4 13558.5 9250.01 9243.21 6212.38 2216.31
threshold=5852.2250000000013 0.5664217979691073 42910.000000000007 45602.500000000007 44735.000000000007 2.5000000000000004 0.97000117379689221 48025.000000000007 41390.650000000009 0.67941011222495773 36372.500000000007 15903.629999999999 36662.500000000007 38360.000000000007 37740.000000000007 39052.500000000007 7351.3550000000005 36372.500000000007 36662.500000000007 19941.395000000004 36662.500000000007 37552.400000000009 3.5000000000000004 37452.700000000004 43083.80000000001 15266.605000000001 42412.500000000007 1.0000000180025095e-35 17067.065000000006 29375.700000000001
decision_type=2 2 2 2 2 2 2 2 2 2 2 2 2 2 2 2 2 2 2 2 2 2 2 2 2 2 2 2 2 2
left_child=2 11 10 4 8 7 -6 -5 -4 14 13 18 28 23 27 -16 17 -11 19 -2 -18 29 -14 -1 -7 -20 -23 -3 -13 -12
right_child=1 9 3 5 6 24 -8 -9 -10 16 21 12 22 -15 15 -17 20 -19 25 -21 -22 26 -24 -25 -26 -27 -28 -29 -30 -31
leaf_value=23.401974487304695 -3.1356024993093392 2.490706288814545 12.353358881473541 24.927928447723389 33.414959037303923 1.5903907338778178 3.3109194278717045 3.5812033046375613 31.012616806030277 11.837702636718751 -1.4677785078684473 -2.1535353279113774 -7.3649262516394902 4.8132054901123054 -10.829018486870661 -2.9912815891769755 2.8351822677999738 2.5936374998627567 -9.5659568998548732 -10.592923235537402 0.16979524277639194 4.6861309051513675 -10.45403534860322 17.361643727620443 3.5255069885253905 -11.558248350862971 3.0544379786441205 -0.033085150940295981 -0.6607677919709164 0.00012715939018461439
leaf_weight=2.9999999999999982 19 3.9999999999999991 40 18 48 18 3.9999999999999991 11.000000000000002 9.9999999999999982 4.9999999999999991 3.0000000000000027 9.9999999999999982 46 4.9999999999999991 8.9999999999999982 119 64 117 8.9999999999999982 67 244 15.999999999999998 33 6 25 167 19 39 23 18
leaf_count=3 19 4 40 18 48 18 4 11 10 5 3 10 46 5 9 119 64 117 9 67 244 16 33 6 25 167 19 39 23 18
internal_value=-0.00985683 -3.45164 13.7432 17.3924 23.7394 8.40084 31.0993 16.8309 16.0852 0.234234 4.67219 -9.37467 -6.43306 14.1744 -2.60088 -3.54237 1.36169 2.97249 -10.6322 -8.94538 0.723642 2.29663 -8.65531 19.3751 2.71546 -11.4564 3.80035 0.201686 -1.11312 -0.209574
internal_weight=1219 975 244 174 102 72 52 29 50 601 70 374 112 14 171 128 430 122 262 86 308 56 79 9 43 176 35 43 33 21
internal_count=1219 975 244 174 102 72 52 29 50 601 70 374 112 14 171 128 430 122 262 86 308 56 79 9 43 176 35 43 33 21
is_linear=0
shrinkage=0.05


Tree=4
num_leaves=28
num_cat=0
split_feature=2 3 0 2 6 3 3 7 7 0 3 8 8 2 5 8 6 8 2 1 8 2 6 0 8 3 2
split_gain=2.18342e+07 8.11411e+06 2.17584e+06 2.19763e+06 1.26322e+06 916817 731361 708564 717777 635820 542140 581516 283102 274882 175385 143464 132712 112076 94935.6 74074 143285 37744.8 27284.7 4683.95 3374.67 2615.82 543.589
threshold=5443.4350000000004 0.5664217979691073 37738.350000000006 4119.9550000000008 69.500000000000014 0.912471062243838 0.67941011222495773 4.5000000000000009 1.5000000000000002 40125.650000000001 0.46366288345539636 2.5000000000000004 2.5000000000000004 7351.3550000000005 15.500000000000002 3.5000000000000004 66.500000000000014 3.5000000000000004 15752.315000000002 11232.980000000003 3.5000000000000004 14874.815000000002 67.500000000000014 35648.200000000004 2.5000000000000004 0.88877864542161344 2230.3250000000003
decision_type=2 2 2 2 2 2 2 2 2 2 2 2 2 2 2 2 2 2 2 2 2 2 2 2 2 2 2
left_child=2 10 15 4 -4 -6 12 8 -5 -9 19 21 18 14 -8 23 -13 -15 -3 24 -21 -12 -14 26 -2 -25 -1
right_child=1 6 3 7 5 -7 13 9 -10 -11 11 16 22 17 -16 -17 -18 -19 -20 20 -22 -23 -24 25 -26 -27 -28
leaf_value=-0.2133527044206856 -11.143848965491777 -4.3714523546397688 53.070245361328126 16.459734981938414 27.046497134006387 16.959963347584431 9.0627099514007572 26.968940963745116 5.0433804054260261 0.72383639017740897 -7.1180786943435663 -5.2728530484276845 -1.8076146812999951 0.11473361204499784 2.7606705258289974 11.760081418355306 -0.94558559340589188 2.4385536287702734 -12.311425018310548 -10.607179044087729 -6.5444315447526824 -10.488826747816438 -0.064129034632986234 2.1795507748921712 -10.671638597568997 0.4747143626213074 -0.87793217658996581
leaf_weight=8.0000000000000053 81 64 2.9999999999999991 19 33 71 11.999999999999998 9.9999999999999982 50 2.9999999999999991 9.9999999999999982 37 34 230 138 2.9999999999999991 34 67 3.9999999999999991 60 34 49 66 2.9999999999999991 71 8.9999999999999982 4.9999999999999991
leaf_count=8 81 64 3 19 33 71 12 10 50 3 10 37 34 230 138 3 34 67 4 60 34 49 66 3 71 9 5
internal_value=0.0710189 -3.07454 14.4362 16.3633 21.0832 20.1605 0.463068 10.2045 8.18701 20.9124 -8.86079 -6.24907 -2.34946 1.52013 3.26483 1.42839 -3.20064 0.638962 -4.83851 -10.241 -9.13767 -9.91751 -0.656914 0.188584 -10.9233 0.900923 -0.46896
internal_weight=1208 991 217 189 107 104 615 82 69 13 376 130 168 447 150 28 71 297 68 246 94 59 100 25 152 12 13
internal_count=1208 991 217 189 107 104 615 82 69 13 376 130 168 447 150 28 71 297 68 246 94 59 100 25 152 12 13
is_linear=0
shrinkage=0.05


Tree=5
num_leaves=31
num_cat=0
split_feature=2 3 4 2 4 7 7 7 3 0 4 3 4 4 8 2 6 4 8 4 0 2 6 0 7 4 6 6 3 4
split_gain=1.98888e+07 6.50314e+06 3.16061e+06 3.31771e+06 1.88008e+06 2.00308e+06 810714 950424 786062 534597 531521 521277 699076 335112 305234 174618 163336 152517 105637 103033 56000.4 40461.1 35786.7 29502 9077.21 22245 6173.89 3010.42 1832.25 782.574
threshold=5852.2250000000013 0.5664217979691073 42910.000000000007 4178.880000000001 48025.000000000007 5.5000000000000009 4.5000000000000009 1.5000000000000002 0.6888197181594109 40125.650000000001 36372.500000000007 0.39357655838957473 36662.500000000007 36090.000000000007 2.5000000000000004 6661.4250000000011 70.500000000000014 42277.500000000007 2.5000000000000004 36372.500000000007 37508.450000000004 20579.210000000003 67.500000000000014 37452.700000000004 3.5000000000000004 34325.000000000007 74.500000000000014 73.500000000000014 0.8636877379506317 34905.000000000007
decision_type=2 2 2 2 2 2 2 2 2 2 2 2 2 2 2 2 2 2 2 2 2 2 2 2 2 2 2 2 2 2
left_child=2 11 10 4 5 -4 7 -5 14 -8 13 24 21 -1 17 16 -10 -3 -14 -17 28 -13 -16 -15 25 -2 -22 -6 -12 -26
right_child=1 8 3 6 27 -7 9 -9 15 -11 20 12 18 23 22 19 -18 -19 -20 -21 26 -23 -24 -25 29 -27 -28 -29 -30 -31
leaf_value=4.0658719062805169 -8.3632288732026758 -8.0272457981109628 31.083000170333044 17.058080211281776 3.9127037525177011 14.061510013580325 24.285786294937136 2.8698791927761502 7.8251544064945655 0.6876445452372234 -1.4014405727386459 -1.4019166987675886 -9.601184037365492 21.943853251139316 -1.8988759810394713 3.0009667066427377 2.223934349607914 -3.3431206713642996 -6.6991780272756634 0.58588399028615334 1.8625634074211121 -6.6204805374145508 -0.1014497213376065 16.017524283272877 -10.826523759629993 -10.281167344789248 3.4664508740107216 2.1418705622355141 -0.066766434949305328 -10.50065232638655
leaf_weight=8 19 25 56 15.999999999999998 3.9999999999999982 25 11.999999999999998 45 18 2.9999999999999991 3.0000000000000027 52 79 3 45 52 47 57 52 293 7.9999999999999991 3.9999999999999991 72 7 27 74 24 6 18 58
leaf_count=8 19 25 56 16 4 25 12 45 18 3 3 52 79 3 45 52 47 57 52 293 8 4 72 7 27 74 24 6 18 58
internal_value=0.149529 -3.01663 13.1068 16.8638 23.3043 25.8295 9.15219 6.59137 0.146304 19.5662 4.27001 -8.29396 -6.45044 11.6934 -2.43212 1.39779 3.77504 -4.77121 -8.44924 0.949896 1.74885 -1.77467 -0.792768 17.7954 -10.2307 -9.88933 3.06548 2.8502 -0.257434 -10.6042
internal_weight=1212 974 238 167 91 81 76 61 609 15 71 365 187 18 199 410 65 82 131 345 53 56 117 10 178 93 32 10 21 85
internal_count=1212 974 238 167 91 81 76 61 609 15 71 365 187 18 199 410 65 82 131 345 53 56 117 10 178 93 32 10 21 85
is_linear=0
shrinkage=0.05


Tree=6
num_leaves=31
num_cat=0
split_feature=2 1 3 4 0 3 3 4 4 4 4 7 3 4 4 3 7 0 2 6 4 4 1 0 2 0 0 7 6 1
split_gain=1.57161e+07 5.33067e+06 2.4226e+06 2.71757e+06 1.79371e+06 765656 612642 358488 339446 1.17878e+06 507540 503334 279986 477015 223504 214821 156075 197630 117601 125709 97531.2 70686.6 52689.5 32179.7 29755.8 26586 18408.6 4387.62 4042.54 114.027
threshold=6267.3700000000017 18693.410000000003 0.89770792659488652 42910.000000000007 42870.900000000009 0.97000117379689221 0.65716187406009119 46555.000000000007 45602.500000000007 44065.000000000007 36372.500000000007 5.5000000000000009 0.39357655838957473 36662.500000000007 45602.500000000007 0.62942378547177891 1.5000000000000002 40608.650000000009 9056.9250000000011 66.500000000000014 38752.500000000007 36372.500000000007 17531.555000000004 38790.30000000001 20579.210000000003 35798.100000000006 43024.05000000001 1.5000000000000002 74.500000000000014 32419.975000000002
decision_type=2 2 2 2 2 2 2 2 2 2 2 2 2 2 2 2 2 2 2 2 2 2 2 2 2 2 2 2 2 2
left_child=2 12 8 23 5 -5 14 -6 9 10 -1 -11 25 24 20 -16 17 -10 19 -8 -3 -20 -15 29 -14 27 -18 -2 -25 -4
right_child=1 6 3 4 7 -7 18 -9 16 11 -12 -13 13 22 15 -17 26 -19 21 -21 -22 -23 -24 28 -26 -27 -28 -29 -30 -31
leaf_value=11.400538380940755 -9.3395031068060135 -0.11995862446566846 -0.48625843934714763 27.668142693088608 1.3706398755311962 1.6901330947875977 5.0056026373220526 14.205987879809213 0.37187400261561077 12.044684181143257 1.5828770717796017 25.342231814066569 -1.7978436990788109 -9.0854843267272507 -9.6793127423241039 -2.1185340208165786 0.72515936826958383 17.348654222488403 1.5035189729987408 1.0917667327193838 -3.0324841468720827 -0.61743851434439423 -6.4325284004211429 1.8824641863505023 -6.3316045999526978 -5.7007244586944585 2.9384473812012448 -9.9648557647945371 3.905003425053188 -0.10872174315154551
leaf_weight=18 36 47 4.0000000000000018 52 8.0000000000000018 2.9999999999999991 23 17 2.9999999999999991 34 49 8.9999999999999982 38 85 21 17 17 4 51 190 74 171 24 3.0000000000000027 3.9999999999999991 3.9999999999999991 21 127 13.999999999999998 4
leaf_count=18 36 47 4 52 8 3 23 17 3 34 49 9 38 85 21 17 17 4 51 190 74 171 24 3 4 4 21 127 14 4
internal_value=-0.0011774 -3.09267 10.8428 16.7068 21.2035 26.2512 -0.295725 10.0987 6.87042 8.367 4.22046 14.8279 -8.31715 -6.7569 -2.95171 -6.29686 3.21212 10.0729 0.675085 1.51439 -1.90117 -0.130192 -8.50135 2.3175 -2.22963 -9.72791 1.94829 -9.82674 3.54808 -0.29749
internal_weight=1172 912 260 105 80 55 594 25 155 110 67 43 318 151 159 38 45 7 435 213 121 222 109 25 42 167 38 163 17 8
internal_count=1172 912 260 105 80 55 594 25 155 110 67 43 318 151 159 38 45 7 435 213 121 222 109 25 42 167 38 163 17 8
is_linear=0
shrinkage=0.05


Tree=7
num_leaves=30
num_cat=0
split_feature=2 1 3 0 2 7 7 8 7 3 3 8 0 8 7 0 3 2 5 2 8 1 6 2 6 0 0 7 1
split_gain=1.67085e+07 5.45386e+06 1.91354e+06 1.20491e+06 738614 1.3867e+06 577950 570650 583851 513974 359472 440840 321875 242435 238422 539950 183380 172211 174474 148533 59601.7 58656.6 58383.1 52423.2 32628.5 17972.3 10293.4 3366.57 93.4319
threshold=5852.2250000000013 19694.049999999999 0.89770792659488652 39171.350000000006 3481.8750000000005 5.5000000000000009 1.0000000180025095e-35 2.5000000000000004 5.5000000000000009 0.68065908331195957 0.39357655838957473 3.5000000000000004 37738.350000000006 2.5000000000000004 1.5000000000000002 42443.30000000001 0.86708869072507022 7351.3550000000005 15.500000000000002 15752.315000000002 2.5000000000000004 17636.370000000003 70.500000000000014 18836.975000000002 67.500000000000014 35798.100000000006 38360.000000000007 3.5000000000000004 32419.975000000002
decision_type=2 2 2 2 2 2 2 2 2 2 2 2 2 2 2 2 2 2 2 2 2 2 2 2 2 2 2 2 2
left_child=2 10 7 26 5 -5 -6 14 16 13 25 21 -10 19 15 -1 -9 18 -11 -3 -19 -12 -16 -13 -15 27 28 -2 -4
right_child=1 9 3 4 6 -7 -8 8 12 17 11 23 -14 24 22 -17 -18 20 -20 -21 -22 -23 -24 -25 -26 -27 -28 -29 -30
leaf_value=2.9351232290267948 -9.1464954951535109 -3.498300872560133 -0.49612441857655859 18.974783261299134 37.917234293619792 1.6412314637502037 21.085452708777261 5.3218084579706195 10.643144035339354 8.6581831498579547 -8.410729169451642 -1.1586890482240253 31.359497070312496 -1.8164676025509836 5.3646252179145817 28.914680989583328 11.389339091561057 -0.32144222701234476 2.0617325653017096 -10.104944686889649 1.110723216754588 -6.1705735548653387 1.6362571496410032 -4.5984030269086364 -0.08886171219001214 -6.3127579975128176 2.8943604230880733 -9.5885238835841058 -0.12699735555797814
leaf_weight=5.9999999999999982 92 57 2.9999999999999982 50 5.9999999999999991 14.999999999999998 34 20 3 10.999999999999998 87 36 5 43 14.999999999999998 3 33 140 113 9.9999999999999982 151 44 35 15.999999999999998 75 4.9999999999999991 4 81 4
leaf_count=6 92 57 3 50 6 15 34 20 3 11 87 36 5 43 15 3 33 140 113 10 151 44 35 16 75 5 4 81 4
internal_value=0.115223 -2.81221 12.0358 16.6151 18.2644 14.9747 23.6102 7.6092 11.0002 0.109513 -7.66825 -6.11216 23.5909 -2.0823 4.10327 11.595 9.0997 1.08659 2.6469 -4.48437 0.421709 -7.65831 2.75477 -2.21706 -0.718413 -9.26804 0.871007 -9.35346 -0.285195
internal_weight=1197 961 236 116 105 65 40 120 61 600 361 183 8 185 59 9 53 415 124 67 291 131 50 52 118 178 11 173 7
internal_count=1197 961 236 116 105 65 40 120 61 600 361 183 8 185 59 9 53 415 124 67 291 131 50 52 118 178 11 173 7
is_linear=0
shrinkage=0.05


Tree=8
num_leaves=30
num_cat=0
split_feature=3 1 4 4 4 7 7 4 7 3 8 4 4 4 4 1 3 2 3 7 2 0 4 0 4 0 4 4 2
split_gain=1.2827e+07 5.49952e+06 2.25304e+06 2.7183e+06 1.0721e+06 1.75798e+06 1.02926e+06 1.60007e+06 861669 698805 314617 250208 239538 415698 204889 393030 174036 126096 55744.4 47598.9 27841 25359.4 22441.9 16746.9 12014.2 10227.3 7556.95 3287.95 322.23
threshold=0.86449824871498249 18906.050000000003 42910.000000000007 45602.500000000007 44735.000000000007 5.5000000000000009 2.5000000000000004 47845.000000000007 3.5000000000000004 0.66496799282607733 2.5000000000000004 36662.500000000007 36662.500000000007 36090.000000000007 36662.500000000007 12223.345000000003 0.76969871397857215 15752.315000000002 0.45352723129456668 1.0000000180025095e-35 18489.470000000005 37508.450000000004 39497.500000000007 43244.000000000007 30732.500000000004 37913.100000000013 42412.500000000007 42595.000000000007 3823.7250000000008
decision_type=2 2 2 2 2 2 2 2 2 2 2 2 2 2 2 2 2 2 2 2 2 2 2 2 2 2 2 2 2
left_child=1 14 11 4 8 -6 7 -5 -4 10 17 25 13 -11 15 24 -14 -3 27 -20 -17 28 -12 -8 -1 -2 -23 -16 -13
right_child=2 9 3 6 5 -7 23 -9 -10 12 22 21 16 -15 18 20 -18 -19 19 -21 -22 26 -24 -25 -26 -27 -28 -29 -30
leaf_value=-9.1307746148878532 14.235104878743492 -4.0484220267488409 22.02148590276116 29.148592333360142 35.827375307950113 16.057301430080248 0.55890896052122119 5.4070774663984782 7.1525199595093731 1.4921270625578473 0.083740948682481609 -0.31147924661636345 -0.50021654399878845 9.2083521455526363 -9.0653779046010161 -0.90611448486646029 1.5999737975809802 -9.3944034303937638 -4.4153687357902527 -7.8236512242044727 -3.5074445585409801 3.0795405455998006 -1.3977658639677237 2.6611261606216434 -7.6029871637170974 10.10648924509684 1.4888717010617256 -8.5306139494243425 0.12247467381613596
leaf_weight=31 2.9999999999999991 52 19 11.000000000000002 22 23 20 20 20 64 44 11.000000000000002 170 24 118 24 235 13.999999999999998 11.999999999999998 70 18 14.000000000000002 61 18 22 3 15.999999999999998 38 6.9999999999999991
leaf_count=31 3 52 19 11 22 23 20 20 20 64 44 11 170 24 118 24 235 14 12 70 18 14 61 18 22 3 16 38 7
internal_value=-0.00137776 -2.35294 11.3248 14.4237 20.464 25.7227 7.07036 13.8315 14.3964 0.27686 -2.4773 2.54428 1.23216 3.59655 -7.59675 -5.63369 0.718412 -5.18242 -8.38033 -7.32488 -2.02097 1.34097 -0.776944 1.5547 -8.4966 12.1708 2.23118 -8.93511 -0.142719
internal_weight=1204 997 207 153 84 45 69 31 39 664 171 54 493 88 333 95 405 66 238 82 42 48 105 38 53 6 30 156 18
internal_count=1204 997 207 153 84 45 69 31 39 664 171 54 493 88 333 95 405 66 238 82 42 48 105 38 53 6 30 156 18
is_linear=0
shrinkage=0.05


Tree=9
num_leaves=31
num_cat=0
split_feature=2 3 4 4 4 7 4 3 0 4 3 3 8 0 8 2 5 4 4 4 4 2 0 0 6 6 8 4 2 1
split_gain=1.16835e+07 4.75352e+06 1.89674e+06 2.23825e+06 1.25596e+06 1.03809e+06 1.1755e+06 936137 497855 385954 378956 299162 311015 258317 134787 120948 180211 110968 101415 63781.1 49898.2 133884 33318.7 27386.6 21215.6 20843.1 10783.1 8851.24 7719.56 2356.53
threshold=5852.2250000000013 0.5664217979691073 42910.000000000007 45602.500000000007 44735.000000000007 2.5000000000000004 48025.000000000007 0.97000117379689221 41478.350000000013 36372.500000000007 0.67108039671820052 0.46366288345539636 2.5000000000000004 38360.000000000007 2.5000000000000004 7493.0150000000003 15.500000000000002 39052.500000000007 36662.500000000007 39497.500000000007 36662.500000000007 19941.395000000004 37508.450000000004 37606.150000000001 67.500000000000014 67.500000000000014 1.5000000000000002 42412.500000000007 16286.945000000002 28785.595000000001
decision_type=2 2 2 2 2 2 2 2 2 2 2 2 2 2 2 2 2 2 2 2 2 2 2 2 2 2 2 2 2 2
left_child=2 11 9 4 8 6 -5 -6 -4 13 14 20 25 23 17 16 -12 -3 -14 -17 21 -2 29 -1 -16 -13 -7 -24 -22 -11
right_child=1 10 3 5 7 26 -8 -9 -10 22 15 12 18 -15 24 19 -18 -19 -20 -21 28 -23 27 -25 -26 -27 -28 -29 -30 -31
leaf_value=19.55012512207032 -2.3409991616239916 -8.8704254680209687 9.2948698495373581 19.642664855491859 25.888975127989596 2.8987091488308376 0.33805302977561952 0.62486646771430976 24.952319971720378 -1.6778417269388815 8.6984478759765622 -7.0465558350086219 -0.82947634486481547 2.8428512573242188 -1.7163146488806782 1.4906680217981341 1.7166507039402352 -2.8484548583918929 -4.5288275707851762 -0.034443069129772144 -6.0006320953369148 -7.9297312654432703 2.9416704071892634 13.699203745524088 -0.15299957111477852 -8.9957945505778003 0.94622085978361692 1.3944224068993016 -8.5606288462877274 -0.15786792644683054
leaf_weight=2.9999999999999982 12.999999999999998 8.9999999999999982 33 23 44 8.9999999999999982 11.999999999999998 3.9999999999999991 5.9999999999999991 3.0000000000000027 9.9999999999999982 32 32 6.9999999999999991 34 100 122 51 44 218 2.9999999999999991 61 18 6 60 24 33 19 160 17
leaf_count=3 13 9 33 23 44 9 12 4 6 3 10 32 32 7 34 100 122 51 44 218 3 61 18 6 60 24 33 19 160 17
internal_value=-0.0661424 -2.49097 9.88896 12.8732 18.3685 6.66431 13.0239 23.7836 11.7037 3.18455 0.24062 -6.96219 -5.05455 10.0466 -1.90026 0.973276 2.24557 -3.75175 -2.97121 0.445152 -8.02468 -6.94793 1.25837 15.6495 -0.718454 -7.88194 1.36461 2.14714 -8.51351 -0.385864
internal_weight=1210 973 237 164 87 77 35 48 39 73 604 369 132 16 154 450 132 60 76 318 237 74 57 9 94 56 42 37 163 20
internal_count=1210 973 237 164 87 77 35 48 39 73 604 369 132 16 154 450 132 60 76 318 237 74 57 9 94 56 42 37 163 20
is_linear=0
shrinkage=0.05


Tree=10
num_leaves=31
num_cat=0
split_feature=2 1 3 0 7 2 1 3 8 7 8 3 1 8 1 0 3 8 0 3 0 1 8 3 0 3 8 0 0 3
split_gain=1.10062e+07 3.70419e+06 1.61949e+06 1.02213e+06 826387 2.19061e+06 1.68941e+06 374302 374228 519234 260585 408195 252328 187838 148424 351458 146374 119226 135044 95440.7 94287.9 73574.3 81668.5 35711.3 29189.7 25511 21151.6 6603.84 3012.88 413.578
threshold=6267.3700000000017 19694.049999999999 0.89770792659488652 39171.350000000006 5.5000000000000009 1805.5350000000001 37877.655000000006 0.65950069026994596 2.5000000000000004 5.5000000000000009 3.5000000000000004 0.36710579925816439 33858.44000000001 2.5000000000000004 34321.990000000013 40005.850000000006 0.86708869072507022 2.5000000000000004 34896.05000000001 0.76969871397857215 41448.650000000001 17636.370000000003 2.5000000000000004 0.44205582830112838 35698.80000000001 0.5616493768192381 3.5000000000000004 38360.000000000007 35289.500000000007 0.93810956190896422
decision_type=2 2 2 2 2 2 2 2 2 2 2 2 2 2 2 2 2 2 2 2 2 2 2 2 2 2 2 2 2 2
left_child=2 10 8 27 5 -5 -6 13 14 16 21 24 -11 20 28 -16 -10 19 -19 -9 -3 25 -23 -13 -12 -2 -15 29 -1 -4
right_child=1 7 3 4 6 -7 -8 17 9 12 11 23 -14 26 15 -17 -18 18 -20 -21 -22 22 -24 -25 -26 -27 -28 -29 -30 -31
leaf_value=-1.4216508126258842 -7.9180995201327136 -6.2969000642949888 -0.87167251904805532 42.670042228698733 25.995517052544479 14.918720652721824 -0.090027098655700688 -1.2684342642426492 4.4214289846874424 13.36766617605463 -7.7934893295682715 -3.4604919606989082 30.371372477213534 -1.5747279592588836 21.109855779012047 3.4583290996782958 8.9100991606712352 6.0706240932146711 1.1673597022823312 0.96304825084364942 -1.5159315236409505 -7.4420375292499861 -2.9867067880100677 -0.97377254764238996 -2.7355320692062381 -3.8841057538986208 -0.0043752178147032457 2.2942290623982746 -0.034245503279897907 -0.16999233194759911
leaf_weight=5.0000000000000027 194 33 2.9999999999999982 7.9999999999999991 9.0000000000000018 64 20 100 42 7.9999999999999982 58 22 3 51 2.9999999999999991 47 32 14.999999999999998 220 92 14.999999999999998 24 18 42 2.9999999999999991 3.9999999999999991 37 2.9999999999999991 18 7
leaf_count=5 194 33 3 8 9 64 20 100 42 8 58 22 3 51 3 47 32 15 220 92 15 24 18 42 3 4 37 3 18 7
internal_value=0.0464754 -2.54596 8.89125 13.4333 15.1319 18.0022 8.00549 -0.00244081 5.61408 7.86916 -6.46925 -4.61807 18.005 -2.28684 2.98831 4.51742 6.36248 0.725142 1.48033 -0.199182 -4.80285 -7.43341 -5.53261 -1.82858 -7.54474 -7.8366 -0.914466 0.236748 -0.335855 -0.380496
internal_weight=1200 928 272 114 101 72 29 563 158 85 365 125 11 136 73 50 74 427 235 192 48 240 42 64 61 198 88 13 23 10
internal_count=1200 928 272 114 101 72 29 563 158 85 365 125 11 136 73 50 74 427 235 192 48 240 42 64 61 198 88 13 23 10
is_linear=0
shrinkage=0.05


Tree=11
num_leaves=30
num_cat=0
split_feature=3 1 4 4 4 7 4 7 3 3 4 4 8 1 4 1 4 6 3 7 1 0 6 0 4 8 7 3 6
split_gain=1.03323e+07 4.16586e+06 2.11962e+06 1.86678e+06 1.21002e+06 1.12667e+06 1.07664e+06 979306 611137 422871 394711 470408 218811 222802 203937 167946 289853 147404 71044.2 52050 16958.8 12430.2 11966.8 8065.65 7231.28 4767.22 7904.71 295.165 199.994
threshold=0.86449824871498249 18906.050000000003 42910.000000000007 45602.500000000007 44735.000000000007 2.5000000000000004 48025.000000000007 5.5000000000000009 0.76063285880817699 0.912471062243838 36372.500000000007 36090.000000000007 2.5000000000000004 22608.695000000003 36662.500000000007 12387.060000000001 36662.500000000007 66.500000000000014 0.62677684970226244 1.0000000180025095e-35 13324.140000000001 38241.450000000004 75.500000000000014 37913.100000000013 42412.500000000007 2.5000000000000004 3.5000000000000004 0.4030412137431017 71.500000000000014
decision_type=2 2 2 2 2 2 2 2 2 2 2 2 2 2 2 2 2 2 2 2 2 2 2 2 2 2 2 2 2
left_child=1 15 14 4 9 6 -5 -6 12 -4 11 -10 13 -3 23 25 20 -12 -14 -18 -17 28 -7 -2 -23 27 -27 -1 -16
right_child=2 8 3 5 7 22 -8 -9 10 -11 17 -13 18 -15 21 16 19 -19 -20 -21 -22 24 -24 -25 -26 26 -28 -29 -30
leaf_value=-7.8583577992003644 12.392883809407552 -6.1458214709253021 13.725422572332526 20.132394279133191 30.852122331702191 2.0846730817448011 -0.39594492432143941 16.556077026367188 2.7585723876953123 -0.77626255353291829 4.8645528826220286 18.16848793029785 -1.2682025952708154 -1.4939784144234454 -0.53780165513356459 -4.274299650192261 -3.9033457394689322 1.0835947762791405 0.52748021766543385 -6.9628245793985872 -1.1495388134862439 2.3355153157160826 0.28754604831337932 8.7264493306477853 0.76897322412799385 -6.906183185222301 -7.8333365715874566 -8.2983440399169925 -0.09500121579450721
leaf_weight=81 2.9999999999999991 33 31 22 23 22 9.0000000000000018 25 13 5.9999999999999991 29 8 84 117 3.0000000000000027 4.9999999999999991 15.999999999999998 232 160 106 33 13.000000000000002 15.999999999999998 3 17 47 45 3.9999999999999991 17
leaf_count=81 3 33 31 22 23 22 9 25 13 6 29 8 84 117 3 5 16 232 160 106 33 13 16 3 17 47 45 4 17
internal_value=0.0858651 -2.00661 10.1796 13.2087 18.1686 7.09873 14.1726 23.4063 0.257301 11.3738 2.03431 8.62902 -1.01457 -2.51738 1.84935 -6.54786 -5.37387 1.5037 -0.0907057 -6.56158 -1.56069 0.804116 1.32799 10.5597 1.44781 -7.6091 -7.35968 -7.87906 -0.161421
internal_weight=1223 1013 210 154 85 69 31 48 676 37 282 21 394 150 56 337 160 261 244 122 38 50 38 6 30 177 92 85 20
internal_count=1223 1013 210 154 85 69 31 48 676 37 282 21 394 150 56 337 160 261 244 122 38 50 38 6 30 177 92 85 20
is_linear=0
shrinkage=0.05


Tree=12
num_leaves=29
num_cat=0
split_feature=2 3 4 4 0 4 4 4 3 4 0 4 2 4 4 1 0 6 6 4 4 3 0 3 6 4 1 6
split_gain=9.6513e+06 3.99083e+06 2.47401e+06 1.08938e+06 1.16552e+06 1.06072e+06 637598 1.23669e+06 586440 282191 424516 222819 212489 334864 166675 165517 118944 105904 69168.8 57791.3 46222.6 106804 12523.4 12373.5 6799.9 5328.77 4060.78 246.155
threshold=4750.1950000000006 0.5664217979691073 42910.000000000007 45602.500000000007 41720.000000000007 44735.000000000007 46555.000000000007 47845.000000000007 0.76638639793532815 36372.500000000007 37315.250000000007 36662.500000000007 18836.975000000002 37740.000000000007 37740.000000000007 24312.895000000004 42089.05000000001 66.500000000000014 66.500000000000014 42277.500000000007 36662.500000000007 0.34801135172727554 38360.000000000007 0.4355822032959325 75.500000000000014 42412.500000000007 13324.140000000001 71.500000000000014
decision_type=2 2 2 2 2 2 2 2 2 2 2 2 2 2 2 2 2 2 2 2 2 2 2 2 2 2 2 2
left_child=2 12 11 4 5 -4 24 -8 14 10 -10 -1 13 23 18 -16 -6 -11 -3 -15 21 -14 27 -2 -5 -24 -22 -13
right_child=1 8 3 6 16 -7 7 -9 9 17 -12 22 20 19 15 -17 -18 -19 -20 -21 26 -23 25 -25 -26 -27 -28 -29
leaf_value=12.050124969482424 -3.1608150053024295 4.5203195403019585 9.4787968211703824 1.4544505574486473 43.300173950195301 22.668991533006942 30.201910400390616 6.9413987874984748 17.80838862827845 4.5075819200085059 2.8964541244506838 -0.51091158390045111 -7.0833459130355294 -7.0457070601188541 -3.1641111132891284 -0.54708592475772921 31.106734216213223 1.404327960287838 0.46804949471423796 -4.7475136363623189 -7.3377751580600084 -2.9021110423973631 2.3341108909020054 -0.518863503367473 -0.95290592014789588 0.92829141389312475 -8.0291336353008571 -0.01477105220158895
leaf_weight=4.9999999999999991 4.9999999999999991 11.999999999999998 27 10.999999999999998 4 35 8.0000000000000018 20 7.0000000000000027 31 14.999999999999998 3.0000000000000027 56 59 92 176 4 243 86 51 116 21 13 39 3.9999999999999991 14 26 14.999999999999998
leaf_count=5 5 12 27 11 4 35 8 20 7 31 15 3 56 59 92 176 4 243 86 51 116 21 13 39 4 14 26 15
internal_value=-0.0114954 -1.79247 11.2972 15.3947 19.2424 16.9249 9.13094 13.5873 0.538071 2.19288 7.64116 2.03672 -5.92872 -4.50558 -0.800244 -1.44547 37.2035 1.75543 0.964246 -5.98018 -6.92946 -5.94301 0.924116 -0.819085 0.812489 1.60517 -7.46436 -0.0974611
internal_weight=1198 1035 163 113 70 62 43 28 662 296 22 50 373 154 366 268 8 274 98 110 219 77 45 44 15 27 142 18
internal_count=1198 1035 163 113 70 62 43 28 662 296 22 50 373 154 366 268 8 274 98 110 219 77 45 44 15 27 142 18
is_linear=0
shrinkage=0.05


Tree=13
num_leaves=30
num_cat=0
split_feature=2 3 4 8 7 7 4 7 2 4 4 3 4 4 7 8 4 3 8 6 0 8 2 0 4 3 4 3 0
split_gain=9.01854e+06 3.51778e+06 2.13436e+06 1.61818e+06 944282 1.59735e+06 494318 1.1104e+06 458121 332478 424842 241698 309959 235573 210002 157390 173759 128016 61221.2 34956.7 30517.7 44589.8 10962.4 9471.82 6915.08 3225.37 2544.36 512.618 289.371
threshold=4750.1950000000006 0.57135256556832459 42910.000000000007 2.5000000000000004 4.5000000000000009 5.5000000000000009 48025.000000000007 2.5000000000000004 9200.9350000000013 36372.500000000007 36090.000000000007 0.39357655838957473 36662.500000000007 36662.500000000007 3.5000000000000004 2.5000000000000004 39052.500000000007 0.8333163246371138 2.5000000000000004 71.500000000000014 35798.100000000006 3.5000000000000004 18489.470000000005 38241.450000000004 42412.500000000007 0.94439424372368763 33235.000000000007 0.89189222996697859 35648.200000000004
decision_type=2 2 2 2 2 2 2 2 2 2 2 2 2 2 2 2 2 2 2 2 2 2 2 2 2 2 2 2 2
left_child=2 11 13 6 14 -6 7 -4 9 10 -3 20 22 27 -5 16 -10 -11 -14 -17 26 -22 -13 28 -25 -8 -2 -1 -15
right_child=1 8 3 4 5 -7 25 -9 15 17 -12 12 18 23 -16 19 -18 -19 -20 -21 21 -23 -24 24 -26 -27 -28 -29 -30
leaf_value=11.90040766398112 -7.2995021093459362 2.0375964080586155 18.238869424819949 16.287734349568684 37.813863932291667 16.653931860490278 -1.6462824583053592 3.1820989375313125 -6.8560710850883941 0.50609849464575141 14.64837091619318 -0.50619392125970786 -6.5220472078065619 -0.22013838142156594 6.1840671671761394 -0.59360504276824722 -1.4603922904759159 2.5987194128965929 -4.3627882157847031 0.7317872510254384 -7.6443168640136721 0.97637438774108853 -2.1150285363197328 2.3537105282147723 0.74338309367497757 0.07318985939025878 -6.8557852663312646 10.976090240478513 0.19901500770023892
leaf_weight=2.9999999999999991 42 17 25 12 14.999999999999998 22 5.9999999999999982 24 17 192 11.000000000000002 36 74 10.000000000000002 9 99 122 118 59 100 2.9999999999999991 3 14.999999999999998 12 15 5 140 3 6.9999999999999991
leaf_count=3 42 17 25 12 15 22 6 24 17 192 11 36 74 10 9 99 122 118 59 100 3 3 15 12 15 5 140 3 7
internal_value=0.0474139 -1.67662 10.8021 14.4706 20.4259 25.2323 8.71384 10.8641 0.47231 1.77394 6.99183 -5.58166 -4.29339 2.14433 11.9576 -0.829317 -2.1203 1.30264 -5.56418 0.0724212 -6.84252 -3.33397 -0.979381 0.876977 1.45908 -0.864704 -6.95818 11.4382 -0.0475458
internal_weight=1216 1048 168 118 58 37 60 49 676 338 28 372 184 50 21 338 139 310 133 199 188 6 51 44 27 11 182 6 17
internal_count=1216 1048 168 118 58 37 60 49 676 338 28 372 184 50 21 338 139 310 133 199 188 6 51 44 27 11 182 6 17
is_linear=0
shrinkage=0.05


Tree=14
num_leaves=27
num_cat=0
split_feature=2 1 4 4 4 7 7 1 4 2 8 3 4 4 8 2 4 2 4 2 1 0 2 1 4 1
split_gain=7.44156e+06 3.25501e+06 1.75398e+06 861204 563769 954852 913277 390292 197612 189187 175705 158081 176971 111484 110867 95420.4 67570.1 53798.6 32723.1 78073.1 9655.98 7204.8 6461.03 4212.5 3490.87 292.959
threshold=4750.1950000000006 19694.049999999999 42910.000000000007 48025.000000000007 44735.000000000007 3.5000000000000004 5.5000000000000009 26781.070000000003 36662.500000000007 6099.8850000000011 2.5000000000000004 0.46366288345539636 37740.000000000007 39497.500000000007 2.5000000000000004 15752.315000000002 42277.500000000007 9465.965000000002 36662.500000000007 19941.395000000004 17067.065000000006 38241.450000000004 16286.945000000002 40745.81500000001 42412.500000000007 32419.975000000002
decision_type=2 2 2 2 2 2 2 2 2 2 2 2 2 2 2 2 2 2 2 2 2 2 2 2 2 2
left_child=2 11 8 4 5 -4 -6 10 -1 14 15 18 20 -11 -9 -3 -14 -12 19 -2 -13 25 -20 -5 -23 -10
right_child=1 7 3 23 6 -7 -8 9 21 13 17 12 16 -15 -16 -17 -18 -19 22 -21 -22 24 -24 -25 -26 -27
leaf_value=11.208220672607423 -1.9561196948800768 -2.4967838028859761 20.030707263946528 -1.7506162643432621 21.577231861244549 2.0149955269537476 10.148253783686409 1.3426368606717964 -0.21371222734451287 2.6453552481125704 4.8774092292785651 -2.0783264923095706 -6.3796716989303128 0.36925079867730237 4.9255375237464909 -7.9574489381578237 -3.6961384687821077 -0.39592593819708438 -4.2864114125569666 -6.1094083338723344 -0.20448935242708433 1.9316512324593278 -6.6283159066431274 0.30182202816009518 0.69850637515385949 0.17950193683306379
leaf_weight=4.9999999999999991 13.999999999999998 72 12.000000000000002 4.9999999999999982 44 19 29 38 10.000000000000002 66 4.9999999999999991 9.9999999999999982 49 291 50 8.9999999999999982 45 148 2.9999999999999991 59 22 11.000000000000002 161 5 11.999999999999998 8.9999999999999982
leaf_count=5 14 72 12 5 44 19 29 38 10 66 5 10 49 291 50 9 45 148 3 59 22 11 161 5 12 9
internal_value=-0.0648938 -1.61068 9.93948 13.2904 14.638 8.98882 17.037 0.432617 1.8117 1.30189 -1.22049 -5.4327 -4.00168 0.790043 3.37838 -3.10352 -5.095 -0.223595 -6.1935 -5.31289 -0.790063 0.693063 -6.58548 -0.724397 1.28827 -0.0274529
internal_weight=1203 1042 161 114 104 31 73 679 47 445 234 363 126 357 88 81 94 153 237 73 32 42 164 10 23 19
internal_count=1203 1042 161 114 104 31 73 679 47 445 234 363 126 357 88 81 94 153 237 73 32 42 164 10 23 19
is_linear=0
shrinkage=0.05


Tree=15
num_leaves=28
num_cat=0
split_feature=3 1 4 8 7 4 3 7 0 1 8 2 4 0 4 6 2 0 4 1 0 4 2 0 1 4 0
split_gain=6.57576e+06 2.62206e+06 1.32144e+06 1.76446e+06 766861 692484 680341 1.03253e+06 409441 349896 231778 182248 195839 261483 159018 132313 128172 97349.6 94466.5 176238 67338.9 52983.1 24700.6 8228.22 6568.5 5864.99 211.478
threshold=0.86449824871498249 22726.180000000004 42910.000000000007 2.5000000000000004 2.5000000000000004 48025.000000000007 0.97000117379689221 4.5000000000000009 40397.150000000001 17531.555000000004 2.5000000000000004 8062.5500000000002 36372.500000000007 37665.200000000004 36662.500000000007 66.500000000000014 15752.315000000002 33949.700000000004 36662.500000000007 12223.345000000003 32409.100000000002 30732.500000000004 17877.020000000004 37552.400000000009 33701.890000000007 42412.500000000007 35648.200000000004
decision_type=2 2 2 2 2 2 2 2 2 2 2 2 2 2 2 2 2 2 2 2 2 2 2 2 2 2 2
left_child=1 9 14 4 5 -4 7 -5 -6 18 17 12 13 -3 24 -14 21 -11 19 -1 -12 -13 -20 26 -2 -25 -16
right_child=2 11 3 6 8 -7 -8 -9 -10 10 20 16 15 -15 23 -17 -18 -19 22 -21 -22 -23 -24 25 -26 -27 -28
leaf_value=-5.839179444717149 6.9784226735432942 15.399909973144531 15.438344084775006 10.942170587411294 19.609359900156658 -0.57650828891330297 -2.9141818523406986 24.265244293212891 0.51839502020315686 -2.5685012807016787 -8.4551569620768241 4.3664055143083846 4.9483347830565085 2.1968147563934326 -0.25218705266714087 0.9061617435259226 -8.9414134979248043 -6.7803335461546403 -5.1465282263579191 -1.3999792414820857 -0.84796429633473369 -0.029352907820680715 -6.392520022865952 1.9646932397569925 10.073429679870603 0.54173197428385422 0.072988336682319646
leaf_weight=59 2.9999999999999991 5.9999999999999991 27 26 2.9999999999999991 8.9999999999999982 3.9999999999999991 33 44 23 2.9999999999999991 6.9999999999999991 23 9.9999999999999982 10.000000000000002 169 3.9999999999999991 34 54 36 96 331 151 14.000000000000002 4 14.999999999999998 9.9999999999999982
leaf_count=59 3 6 27 26 3 9 4 33 44 23 3 7 23 10 10 169 4 34 54 36 96 331 151 14 4 15 10
internal_value=-0.00506718 -1.65812 8.22745 10.732 5.94318 11.4346 17.0412 18.3941 1.73697 -4.46156 -2.54088 0.666189 1.83327 7.14798 1.69766 1.39038 -0.0436159 -5.08082 -5.46031 -4.15696 -1.07849 0.0616835 -6.06431 0.690606 8.747 1.22868 -0.0895994
internal_weight=1208 1006 202 146 83 36 63 59 47 456 156 550 208 16 56 192 342 57 300 95 99 338 205 49 7 29 20
internal_count=1208 1006 202 146 83 36 63 59 47 456 156 550 208 16 56 192 342 57 300 95 99 338 205 49 7 29 20
is_linear=0
shrinkage=0.05


Tree=16
num_leaves=31
num_cat=0
split_feature=2 3 4 4 0 4 7 4 4 3 4 8 2 8 4 8 0 0 4 4 0 0 2 3 8 8 6 3 2 2
split_gain=5.73585e+06 2.04743e+06 1.02667e+06 1.03178e+06 1.05048e+06 767506 416514 761268 255531 227443 217315 137927 207944 106038 89991.7 68052 103198 62094.2 46489.3 44254.7 30321.9 19992.3 19950.5 29761.7 18372.4 15974.3 9242.95 7969.68 4368.07 453.904
threshold=6267.3700000000017 0.5616493768192381 42910.000000000007 45602.500000000007 41835.400000000001 44735.000000000007 2.5000000000000004 47845.000000000007 36372.500000000007 0.67941011222495773 36090.000000000007 2.5000000000000004 18836.975000000002 2.5000000000000004 39052.500000000007 2.5000000000000004 34775.100000000006 36749.400000000009 38452.500000000007 42977.500000000007 35761.55000000001 33210.30000000001 15674.830000000002 0.54696764275651588 1.5000000000000002 2.5000000000000004 73.500000000000014 0.55191253445070665 4750.1950000000006 5443.4350000000004
decision_type=2 2 2 2 2 2 2 2 2 2 2 2 2 2 2 2 2 2 2 2 2 2 2 2 2 2 2 2 2 2
left_child=2 11 8 4 5 -4 7 -5 10 13 29 22 19 14 -3 18 -17 -12 -11 -13 -14 -15 23 -2 -8 28 -27 -24 -10 -1
right_child=1 9 3 6 -6 -7 24 -9 25 15 17 12 20 21 -16 16 -18 -19 -20 -21 -22 -23 27 -25 -26 26 -28 -29 -30 -31
leaf_value=1.3377451181411741 -2.5940236550569535 -7.314443836212158 6.6758939725048139 19.119569108702919 36.949555206298832 15.403856851657233 2.4039632430443398 3.2351727363963927 -0.095988412201404555 -4.0518694741385328 18.595890299479162 -1.3634516419027933 -5.5214086889085321 -4.4811502357323967 -2.2245809558666116 5.5741516938576332 0.98088433397843433 9.785796610514323 0.10400390597167371 -4.6722930277387302 -2.9615080099839433 -0.34155509102912179 -6.1372423818895037 -7.3185635375976563 0.14188839731545286 -0.28223898874388803 1.5314844209700824 -3.5332585652669275 -1.6341812590758007 2.0523374176025388
leaf_weight=4 9.9999999999999982 9.9999999999999982 53 10.999999999999998 3.9999999999999991 48 12.999999999999998 24 20.000000000000004 6.9999999999999991 3 64 105 2.9999999999999991 66 12.999999999999998 206 6 174 11.999999999999998 12.999999999999998 105 143 4.9999999999999991 29 8.9999999999999982 32 2.9999999999999991 5.9999999999999991 5
leaf_count=4 10 10 53 11 4 48 13 24 20 7 3 64 105 3 66 13 206 6 174 12 13 105 143 5 29 9 32 3 6 5
internal_value=0.00981827 -1.82891 6.47636 8.59523 11.8191 10.8238 4.19903 8.22741 1.9395 -0.00858524 7.22862 -4.82348 -3.92565 -1.46344 -2.8943 0.660649 1.25354 12.7225 -0.0567205 -1.8859 -5.23939 -0.456544 -5.90533 -4.16887 0.842054 0.518545 1.13335 -6.08374 -0.450956 1.73474
internal_weight=1206 939 267 182 105 101 77 35 85 584 18 355 194 184 76 400 219 9 181 76 118 108 161 15 42 67 41 146 26 9
internal_count=1206 939 267 182 105 101 77 35 85 584 18 355 194 184 76 400 219 9 181 76 118 108 161 15 42 67 41 146 26 9
is_linear=0
shrinkage=0.05


Tree=17
num_leaves=29
num_cat=0
split_feature=2 3 4 4 7 4 0 7 4 1 2 8 2 4 4 0 6 4 4 4 3 4 7 0 4 4 0 6
split_gain=5.85102e+06 2.52102e+06 1.50258e+06 1.33719e+06 1.34328e+06 2.3363e+06 565360 520343 766202 287987 266562 264709 232171 265350 162493 265295 116126 69076.2 126904 93724.4 53096.7 136774 47805.5 36478.7 33880.7 32803.8 13282.4 3261.89
threshold=4750.1950000000006 0.62222561910783958 44735.000000000007 45077.500000000007 5.5000000000000009 44810.000000000007 41523.600000000006 2.5000000000000004 48025.000000000007 17531.555000000004 7351.3550000000005 2.5000000000000004 4080.3600000000006 44065.000000000007 36372.500000000007 36749.400000000009 66.500000000000014 36372.500000000007 36090.000000000007 39052.500000000007 0.39357655838957473 36662.500000000007 4.5000000000000009 39570.05000000001 39497.500000000007 39905.000000000007 35798.100000000006 76.500000000000014
decision_type=2 2 2 2 2 2 2 2 2 2 2 2 2 2 2 2 2 2 2 2 2 2 2 2 2 2 2 2
left_child=2 9 6 4 23 -6 12 8 -5 20 14 22 25 -14 15 -3 -16 18 -12 -19 26 -22 -11 -4 -13 -1 -2 -9
right_child=1 10 3 7 5 -7 -8 27 -10 11 17 24 13 -15 16 -17 -18 19 -20 -21 21 -23 -24 -25 -26 -27 -28 -29
leaf_value=4.0450277328491211 -5.6935153508590446 16.610144958496083 29.019134521484375 15.477340408851362 27.162617746988929 -7.7203900814056388 25.027429485321047 0.24494919300079349 -0.57265924692153936 -4.4010911888089677 0.73981404514051974 0.0089596597211701531 2.805480377210511 12.963811159133911 5.6320553494824308 2.9018406192461654 1.4000653159896062 -2.9446255829930306 7.8306443350655703 -0.015701122743184449 -1.4684771863045172 -5.2915278692355106 -7.8779791768391938 35.305511779785157 -1.841078998476267 0.066786311958965505 -3.0803161811828614 -1.6348683834075928
leaf_weight=5.9999999999999991 177 5.0000000000000027 2.9999999999999991 29 12 8 2.9999999999999991 9.9999999999999982 9.9999999999999982 29 64 49 18.000000000000004 9.9999999999999982 18 11.999999999999998 163 30 6.9999999999999991 305 32 87 14.999999999999998 9.9999999999999982 50 38 4.9999999999999991 2.9999999999999991
leaf_count=6 177 5 3 29 12 8 3 10 10 29 64 49 18 10 18 12 163 30 7 305 32 87 15 10 50 38 5 3
internal_value=0.012881 -1.34678 8.91868 13.4701 21.3424 13.2094 3.76036 8.47425 11.362 -4.20704 0.755787 -2.35955 2.87423 6.43346 2.2599 6.93369 1.82093 0.0222537 1.43891 -0.277993 -5.08474 -4.26348 -5.58639 33.8548 -0.925403 0.609274 -5.62172 -0.188855
internal_weight=1208 1048 160 85 33 20 75 52 39 444 604 143 72 28 198 17 181 406 71 335 301 119 44 13 99 44 182 13
internal_count=1208 1048 160 85 33 20 75 52 39 444 604 143 72 28 198 17 181 406 71 335 301 119 44 13 99 44 182 13
is_linear=0
shrinkage=0.05


Tree=18
num_leaves=31
num_cat=0
split_feature=2 3 4 4 0 4 4 4 4 4 4 3 3 4 8 8 4 4 2 0 2 4 3 8 0 6 6 2 2 3
split_gain=4.96518e+06 1.73909e+06 907709 1.11453e+06 1.07756e+06 672506 611242 241196 775801 222078 191385 146638 133288 144308 76310.3 62510 70090.4 59971.4 53973.5 45383.7 44139 32014.6 73751.9 16464.3 9332.84 7954.19 7330.02 5889.05 4879.27 3883.19
threshold=6267.3700000000017 0.5664217979691073 42910.000000000007 45602.500000000007 41322.55000000001 44735.000000000007 44065.000000000007 46555.000000000007 47202.500000000007 36372.500000000007 36090.000000000007 0.6543671379960937 0.46366288345539636 37740.000000000007 2.5000000000000004 2.5000000000000004 39052.500000000007 41515.000000000007 15752.315000000002 36749.400000000009 7282.1200000000008 36662.500000000007 0.36710579925816439 2.5000000000000004 33154.600000000006 65.500000000000014 73.500000000000014 4750.1950000000006 16286.945000000002 0.89282041390578315
decision_type=2 2 2 2 2 2 2 2 2 2 2 2 2 2 2 2 2 2 2 2 2 2 2 2 2 2 2 2 2 2
left_child=2 12 9 4 5 -4 -6 29 -9 10 -1 14 21 25 18 16 -13 -15 -3 -12 -17 22 -2 27 -16 -14 -25 -11 -23 -5
right_child=1 11 3 7 6 -7 -8 8 -10 23 19 15 13 17 24 20 -18 -19 -20 -21 -22 28 -24 26 -26 -27 -28 -29 -30 -31
leaf_value=1.502911779615614 -5.0466795593011575 -2.451185867579087 4.6029709835960109 0.39764263384482434 39.117325592040984 13.560770899057388 17.393730315040141 17.178047414259478 1.7222027609425208 -0.14058192717401605 16.835588582356767 -3.3843534886837006 -2.1246054708957671 -5.6380293613985968 -3.1729852199554447 2.2568154245896159 0.065110217852366939 -2.9912847163725873 -7.9211128234863288 9.3036818186442058 0.62867876846420101 -3.4137870152791345 -1.4792129607577074 -0.2110006411870321 -0.32244004900775741 -0.14075381194707007 1.4224053131095296 -1.8370810457638331 -5.4482642205175527 -0.75032314795714161
leaf_weight=9 61 46 44 17.000000000000004 4.0000000000000027 40 17 10.999999999999998 31 19.000000000000004 3 15.999999999999998 5.9999999999999991 38 2.9999999999999991 53 185 49 4.9999999999999991 6 194 2.9999999999999991 19 8.9999999999999982 67 32 29 6.9999999999999991 167 12.999999999999998
leaf_count=9 61 46 44 17 4 40 17 11 31 19 3 16 6 38 3 53 185 49 5 6 194 3 19 9 67 32 29 7 167 13
internal_value=-0.0315742 -1.71413 6.10097 8.11569 11.4012 8.86859 21.5316 3.32434 5.77016 1.75214 6.65861 0.0280986 -4.35766 -3.02456 -1.51638 0.445247 -0.209474 -4.14733 -2.98745 11.8143 0.978036 -5.02422 -4.19941 0.372189 -0.444606 -0.453994 1.03555 -0.597332 -5.41236 -0.0998092
internal_weight=1203 944 259 177 105 84 21 72 42 82 18 569 375 125 121 448 201 87 51 9 247 250 80 64 70 38 38 26 170 30
internal_count=1203 944 259 177 105 84 21 72 42 82 18 569 375 125 121 448 201 87 51 9 247 250 80 64 70 38 38 26 170 30
is_linear=0
shrinkage=0.05


Tree=19
num_leaves=28
num_cat=0
split_feature=2 1 4 8 2 3 0 3 1 4 4 2 8 5 4 8 4 1 6 3 4 3 1 3 2 4 2
split_gain=5.20664e+06 1.92627e+06 1.24035e+06 936572 531048 501735 661624 495438 215461 181510 141536 135932 114720 95107.6 65556.4 64994.4 80726.9 78901.4 52580.7 46271.7 40155.8 78049 4828.1 4792.33 4540.42 4408.56 565.708
threshold=4750.1950000000006 22726.180000000004 42910.000000000007 2.5000000000000004 3481.8750000000005 0.97000117379689221 41322.55000000001 0.89940983052476742 15903.629999999999 36662.500000000007 36662.500000000007 6318.6750000000002 1.5000000000000002 17.500000000000004 39497.500000000007 2.5000000000000004 44395.000000000007 36999.140000000007 69.500000000000014 0.79642210716684059 36662.500000000007 0.36039930606048309 37435.060000000005 0.5109444769796484 12210.365000000002 39905.000000000007 4178.880000000001
decision_type=2 2 2 2 2 2 2 2 2 2 2 2 2 2 2 2 2 2 2 2 2 2 2 2 2 2 2
left_child=2 8 10 4 12 6 -5 -6 20 24 26 15 -4 -11 18 17 -17 -3 -13 -16 21 -2 25 -22 -10 -12 -1
right_child=1 11 3 5 7 -7 -8 -9 9 13 22 14 -14 -15 19 16 -18 -19 -20 -21 23 -23 -24 -25 -26 -27 -28
leaf_value=8.2271372477213554 -4.8411392174515075 -1.313582829350517 7.100998899671767 13.659726030070608 5.7660782456398003 -4.2319461822509767 26.60492606529823 18.907188606262206 1.8391808430353802 -2.8606598947168322 1.6010408719380695 3.780583556702263 0.44246703023495881 -6.489089893159413 -0.39676663091889136 2.0118361003058296 5.9331297726858239 2.8437186183929448 0.89667306561419302 0.79022248365706016 -5.090369204052708 -1.5165805302284383 2.4358893712361653 -3.0745147705078129 -0.15928997080083249 0.12764905158317449 9.1981399536132784
leaf_weight=2.9999999999999991 51 21 8.9999999999999982 41 16.000000000000004 2.9999999999999991 12.999999999999998 12.999999999999998 2.9999999999999991 129 5.9999999999999991 19 23 21 243 35 21 25 94 124 171 27 2.9999999999999991 2.9999999999999991 54 33 3
leaf_count=3 51 21 9 41 16 3 13 13 3 129 6 19 23 21 243 35 21 25 94 124 171 27 3 3 54 33 3
internal_value=0.0820732 -1.22929 8.30576 11.0623 6.75634 15.6705 16.7762 11.6569 -3.6512 -2.45594 1.52921 0.680772 2.31518 -3.36864 0.328524 2.33841 3.48232 0.94582 1.38158 0.00428691 -4.63303 -3.69033 0.503008 -5.05561 -0.0541073 0.354325 8.71264
internal_weight=1207 1041 166 118 61 57 54 29 459 207 48 582 32 150 480 102 56 46 113 367 252 78 42 174 57 39 6
internal_count=1207 1041 166 118 61 57 54 29 459 207 48 582 32 150 480 102 56 46 113 367 252 78 42 174 57 39 6
is_linear=0
shrinkage=0.05


Tree=20
num_leaves=28
num_cat=0
split_feature=2 3 4 4 3 0 4 4 8 2 3 4 0 4 8 4 3 0 0 4 4 0 6 3 0 4 3
split_gain=4.41423e+06 1.7159e+06 1.09844e+06 701382 528654 887177 314569 810690 205225 235927 160714 148397 230632 100854 77722.8 98710.4 57840.3 52642.6 43039.5 27075.9 47924.8 27058.9 11365.7 7107.34 5580.95 2838.65 169.585
threshold=4750.1950000000006 0.62222561910783958 42910.000000000007 45602.500000000007 0.97000117379689221 41720.000000000007 46555.000000000007 47845.000000000007 2.5000000000000004 18836.975000000002 0.76969871397857215 36372.500000000007 37452.700000000004 36662.500000000007 2.5000000000000004 39052.500000000007 0.85433285640494716 32941.400000000009 34109.150000000009 43767.500000000007 42277.500000000007 35146.700000000004 75.500000000000014 0.59298949885809338 38241.450000000004 42412.500000000007 0.89189222996697859
decision_type=2 2 2 2 2 2 2 2 2 2 2 2 2 2 2 2 2 2 2 2 2 2 2 2 2 2 2
left_child=2 8 13 4 5 -4 22 -8 19 17 14 12 -12 -1 15 -3 -13 -10 -16 20 -2 -11 -5 -21 26 -26 -15
right_child=1 10 3 6 -6 -7 7 -9 9 21 11 16 -14 24 18 -17 -18 -19 -20 23 -22 -23 -24 -25 25 -27 -28
leaf_value=8.014192810058594 -4.9205128817124804 -4.4122623970732091 12.42009481758368 0.37555504202842716 -4.3493776321411133 31.213940865652905 24.666575241088854 3.9322760939598087 -3.358052137245735 -4.6007409532471462 14.854125823974599 0.66215739140018559 2.2181418492243838 -0.50298085212707455 4.0112121820449831 -0.62039269602988378 2.3480621578905621 -0.7776126361185951 0.25379636413215295 -5.6435561344358653 -2.4544712907324238 -2.5877500987052922 -2.5440823554992678 -7.6306447601318359 1.5067344170350292 0.44030085044602557 -0.091173391342163096
leaf_weight=4.9999999999999991 110 20 61 9.9999999999999982 3.9999999999999991 6.9999999999999991 6.0000000000000027 22 24 101 5.0000000000000027 222 12.999999999999998 3.0000000000000027 7.9999999999999991 121 66 112 161 45 24 20 4.9999999999999991 4.9999999999999991 13.000000000000002 11.999999999999998 14.999999999999998
leaf_count=5 110 20 61 10 4 7 6 22 24 101 5 222 13 3 8 121 66 112 161 45 24 20 5 5 13 12 15
internal_value=-0.0125745 -1.19364 7.64623 10.298 13.3156 14.3548 5.24522 8.37534 -3.57459 -2.66193 0.510902 1.32378 5.72814 1.29303 -0.29149 -1.15825 1.04851 -1.23298 0.431662 -4.84933 -4.47883 -4.26802 -0.597657 -5.84226 0.511503 0.994846 -0.159808
internal_weight=1220 1057 163 115 72 68 43 28 441 257 616 306 18 48 310 141 288 136 169 184 134 121 15 50 43 25 18
internal_count=1220 1057 163 115 72 68 43 28 441 257 616 306 18 48 310 141 288 136 169 184 134 121 15 50 43 25 18
is_linear=0
shrinkage=0.05


Tree=21
num_leaves=26
num_cat=0
split_feature=3 1 4 4 0 7 6 2 4 4 4 4 2 4 3 0 0 7 2 4 1 3 1 0 6
split_gain=3.45327e+06 1.80098e+06 701649 1.53473e+06 583400 543054 478431 281154 254472 206379 96351.4 83726.3 147677 79254.4 123210 78813.6 57169.6 14511.5 24329.2 13208.6 12429.9 6760.48 3778.62 1248.71 930.237
threshold=0.8945737634156411 18906.050000000003 42910.000000000007 44065.000000000007 40100.150000000009 5.5000000000000009 70.500000000000014 8517.4100000000017 36372.500000000007 36090.000000000007 44065.000000000007 36662.500000000007 19941.395000000004 45602.500000000007 0.61388524039327985 35798.100000000006 40677.000000000007 4.5000000000000009 15266.605000000001 27195.000000000004 16814.225000000006 0.89563529300017708 36999.140000000007 40725.150000000009 76.500000000000014
decision_type=2 2 2 2 2 2 2 2 2 2 2 2 2 2 2 2 2 2 2 2 2 2 2 2 2
left_child=1 11 21 -4 6 -6 -5 8 9 -3 -10 12 19 16 -15 -14 -9 18 -13 -1 -19 -2 24 -24 -23
right_child=2 7 3 4 5 -7 -8 13 10 -11 -12 17 15 14 -16 -17 -18 20 -20 -21 -22 22 23 -25 -26
leaf_value=-3.7608471393585208 3.1598953564961718 1.6438746438672145 36.751516113281255 30.550478515625009 9.5595328138585671 0.720776999950409 9.6086145083109535 -0.29424598903199961 0.22652637220422425 10.736946751521183 2.0216563205991016 -2.4429617706467126 -4.7925011681728682 -6.0993755984519211 -0.94850423537633 1.7371895217895508 2.0272745174580606 -4.8009410171508797 -4.4330278812339472 -0.32389908171281584 -6.6574089397083629 -0.081499172581566637 0.87509474356969208 2.224550914764404 0.61918513774871831
leaf_weight=2.9999999999999991 3.0000000000000027 12 4.9999999999999991 4.9999999999999982 57 25 6 310 150 13 149 17 61 13.999999999999998 68 4.9999999999999991 29 50 159 41 10.999999999999998 9.0000000000000053 2.9999999999999991 4 9.9999999999999982
leaf_count=3 3 12 5 5 57 25 6 310 150 13 149 17 61 14 68 5 29 50 159 41 11 9 3 4 10
internal_value=-0.0591843 -0.966741 7.74438 9.76607 8.31524 6.86479 19.1276 0.419057 1.52627 6.37227 1.12109 -3.94202 -2.80199 -0.433052 -1.82792 -4.29783 -0.0956498 -4.47114 -4.24081 -0.558236 -5.13571 0.912467 0.653148 1.64621 0.287282
internal_weight=1219 1092 127 98 93 82 11 745 324 25 299 347 110 421 82 66 339 237 176 44 61 29 26 7 19
internal_count=1219 1092 127 98 93 82 11 745 324 25 299 347 110 421 82 66 339 237 176 44 61 29 26 7 19
is_linear=0
shrinkage=0.05


Tree=22
num_leaves=27
num_cat=0
split_feature=2 1 4 8 7 7 2 7 8 1 7 2 8 7 5 4 2 4 1 2 4 4 4 3 1 1
split_gain=3.55181e+06 1.4255e+06 1.0424e+06 681367 543081 1.00786e+06 519315 793820 213925 171392 167144 158695 132568 123428 722179 117710 83673.7 56907 101191 46800.4 44991.4 44855.2 25065.2 15805.7 3869.14 2144.52
threshold=4750.1950000000006 22726.180000000004 42910.000000000007 2.5000000000000004 4.5000000000000009 5.5000000000000009 3481.8750000000005 2.5000000000000004 1.5000000000000002 17636.370000000003 3.5000000000000004 6661.4250000000011 2.5000000000000004 5.5000000000000009 16.500000000000004 36372.500000000007 15752.315000000002 36662.500000000007 12223.345000000003 14018.630000000003 36662.500000000007 39497.500000000007 39497.500000000007 0.5616493768192381 37435.060000000005 33975.140000000007
decision_type=2 2 2 2 2 2 2 2 2 2 2 2 2 2 2 2 2 2 2 2 2 2 2 2 2 2
left_child=2 9 20 6 10 -6 8 -8 -4 17 -5 13 19 15 -15 -3 21 18 -2 -11 -1 -13 -14 -19 25 -22
right_child=1 11 3 4 5 -7 7 -9 -10 12 -12 16 22 14 -16 -17 -18 23 -20 -21 24 -23 -24 -25 -26 -27
leaf_value=6.7325593312581375 -4.0559402692115913 6.1306620382345649 7.3225926208496066 10.369808226365308 28.583096782977766 10.515700189690842 18.383431124687196 2.6332298886962238 -1.6340670359134675 -2.31059090718627 0.28087326685587566 1.0902105787104888 0.11802173561344927 21.656857910156251 -2.5664913132786751 1.1019783531223333 -7.025721549987793 -4.3235726479867207 -0.69218341650234327 -5.1096779670034138 -0.10839350035316067 -0.053842218312257467 -1.4751863590897398 -1.1494353294372559 2.1433549880981446 0.60943193824394892
leaf_weight=2.9999999999999991 59 12.999999999999998 10.000000000000002 13.000000000000002 12.999999999999998 19 15.999999999999998 15.999999999999998 20 32 5.9999999999999991 115 52 4.9999999999999991 7.9999999999999991 111 3.9999999999999991 201 36 28 19 336 47 3.9999999999999991 2.9999999999999991 23
leaf_count=3 59 13 10 13 13 19 16 16 20 32 6 115 52 5 8 111 4 201 36 28 19 336 47 4 3 23
internal_value=0.0611858 -0.998202 6.97682 9.59896 13.8798 17.8556 6.0776 10.5083 1.35149 -3.08946 7.18383 0.623228 -1.76231 2.11511 6.75018 1.62918 0.174023 -3.79285 -2.78125 -3.61683 0.803858 0.237879 -0.63835 -4.26164 0.408612 0.284701
internal_weight=1212 1051 161 113 51 32 62 32 30 459 19 592 159 137 13 124 455 300 95 60 48 451 99 205 45 42
internal_count=1212 1051 161 113 51 32 62 32 30 459 19 592 159 137 13 124 455 300 95 60 48 451 99 205 45 42
is_linear=0
shrinkage=0.05


Tree=23
num_leaves=26
num_cat=0
split_feature=2 3 4 0 0 7 3 6 0 4 8 4 4 2 0 4 3 7 4 4 4 2 0 3 3
split_gain=3.18466e+06 1.30599e+06 793023 343008 605856 456931 187663 172842 92848.7 427181 84017 88900.4 83755.3 134013 67182.1 66955.6 47710.9 30187.3 21981.9 57542.3 6533.55 3485.89 2822.24 2378.8 153.217
threshold=4750.1950000000006 0.5616493768192381 42910.000000000007 38595.450000000004 40557.900000000009 5.5000000000000009 0.76638639793532815 69.500000000000014 37775.200000000004 44735.000000000007 2.5000000000000004 39052.500000000007 36662.500000000007 19941.395000000004 35798.100000000006 36662.500000000007 0.8636877379506317 2.5000000000000004 43767.500000000007 43377.500000000007 27195.000000000004 16286.945000000002 38241.450000000004 0.92025682563497302 0.94439424372368763
decision_type=2 2 2 2 2 2 2 2 2 2 2 2 2 2 2 2 2 2 2 2 2 2 2 2 2
left_child=2 12 15 -4 7 -6 10 -5 9 -8 11 -3 13 20 -15 -1 -10 -12 19 -14 -2 -20 24 -24 -17
right_child=1 6 3 4 5 -7 8 -9 16 -11 17 -13 18 14 -16 22 -18 -19 21 -21 -22 -23 23 -25 -26
leaf_value=7.2066044807434082 -2.3924867868423463 -4.2269930383433474 -4.0027010440826416 23.621445592244456 9.6210331256272372 1.3510235148927441 1.3493207424879075 13.88697587063438 0.44176687659286878 13.701032233238221 0.73184025046638157 -0.85658342830324907 -3.7500773907918012 -4.3218562323471597 1.7185768127441408 0.0090709081717899858 2.2915703231380102 -0.41158512896084681 -5.6122624588012702 3.2271808624267582 -0.29245259959995751 -4.5822516342867976 0.50052522420883172 1.6425253550211592 -0.38468101421991985
leaf_weight=3.9999999999999991 3.9999999999999991 23 4.9999999999999991 6.0000000000000027 61 23 56 19 205 7.9999999999999991 113 131 197 58 4.9999999999999991 14.000000000000002 42 118 9.9999999999999982 2.9999999999999991 50 46 19.000000000000004 5.9999999999999991 2.9999999999999991
leaf_count=4 4 23 5 6 61 23 56 19 205 8 113 131 197 58 5 14 42 118 10 3 50 46 19 6 3
internal_value=-0.0121176 -0.996802 6.5668 8.80284 9.39025 7.35663 0.28258 16.2232 1.19607 2.89328 -0.455331 -1.35996 -3.38407 -2.27579 -3.84246 1.02532 0.756308 0.147753 -3.89059 -3.64542 -0.448011 -4.76618 0.436621 0.774605 -0.0604147
internal_weight=1229 1069 160 114 109 84 696 25 311 64 385 154 373 117 63 46 247 231 256 200 54 56 42 25 17
internal_count=1229 1069 160 114 109 84 696 25 311 64 385 154 373 117 63 46 247 231 256 200 54 56 42 25 17
is_linear=0
shrinkage=0.05


end of trees

feature_importances:
thermal_on_capacity=190
thermal_space_load_ratio=92
total_load=89
renewable_power=84
net_load=62
month=62
weekday=61
period=37
hour=5

parameters:
[boosting: gbdt]
[objective: regression]
[metric: rmse]
[tree_learner: serial]
[device_type: cpu]
[data_sample_strategy: bagging]
[data: ]
[valid: ]
[num_iterations: 400]
[learning_rate: 0.05]
[num_leaves: 31]
[num_threads: 0]
[seed: 42]
[deterministic: 0]
[force_col_wise: 0]
[force_row_wise: 0]
[histogram_pool_size: -1]
[max_depth: 5]
[min_data_in_leaf: 3]
[min_sum_hessian_in_leaf: 0.001]
[bagging_fraction: 0.85]
[pos_bagging_fraction: 1]
[neg_bagging_fraction: 1]
[bagging_freq: 1]
[bagging_seed: 400]
[bagging_by_query: 0]
[feature_fraction: 0.85]
[feature_fraction_bynode: 1]
[feature_fraction_seed: 30056]
[extra_trees: 0]
[extra_seed: 12879]
[early_stopping_round: 0]
[early_stopping_min_delta: 0]
[first_metric_only: 0]
[max_delta_step: 0]
[lambda_l1: 0]
[lambda_l2: 0]
[linear_lambda: 0]
[min_gain_to_split: 0]
[drop_rate: 0.1]
[max_drop: 50]
[skip_drop: 0.5]
[xgboost_dart_mode: 0]
[uniform_drop: 0]
[drop_seed: 17869]
[top_rate: 0.2]
[other_rate: 0.1]
[min_data_per_group: 100]
[max_cat_threshold: 32]
[cat_l2: 10]
[cat_smooth: 10]
[max_cat_to_onehot: 4]
[top_k: 20]
[monotone_constraints: ]
[monotone_constraints_method: basic]
[monotone_penalty: 0]
[feature_contri: ]
[forcedsplits_filename: ]
[refit_decay_rate: 0.9]
[cegb_tradeoff: 1]
[cegb_penalty_split: 0]
[cegb_penalty_feature_lazy: ]
[cegb_penalty_feature_coupled: ]
[path_smooth: 0]
[interaction_constraints: ]
[verbosity: -1]
[saved_feature_importance_type: 0]
[use_quantized_grad: 0]
[num_grad_quant_bins: 4]
[quant_train_renew_leaf: 0]
[stochastic_rounding: 1]
[linear_tree: 0]
[max_bin: 255]
[max_bin_by_feature: ]
[min_data_in_bin: 3]
[bin_construct_sample_cnt: 200000]
[data_random_seed: 175]
[is_enable_sparse: 1]
[enable_bundle: 1]
[use_missing: 1]
[zero_as_missing: 0]
[feature_pre_filter: 1]
[pre_partition: 0]
[two_round: 0]
[header: 0]
[label_column: ]
[weight_column: ]
[group_column: ]
[ignore_column: ]
[categorical_feature: ]
[forcedbins_filename: ]
[precise_float_parser: 0]
[parser_config_file: ]
[objective_seed: 16083]
[num_class: 1]
[is_unbalance: 0]
[scale_pos_weight: 1]
[sigmoid: 1]
[boost_from_average: 1]
[reg_sqrt: 0]
[alpha: 0.9]
[fair_c: 1]
[poisson_max_delta_step: 0.7]
[tweedie_variance_power: 1.5]
[lambdarank_truncation_level: 30]
[lambdarank_norm: 1]
[label_gain: ]
[lambdarank_position_bias_regularization: 0]
[eval_at: ]
[multi_error_top_k: 1]
[auc_mu_weights: ]
[num_machines: 1]
[local_listen_port: 12400]
[time_out: 120]
[machine_list_filename: ]
[machines: ]
[gpu_platform_id: -1]
[gpu_device_id: -1]
[gpu_use_dp: 0]
[num_gpu: 1]

end of parameters

pandas_categorical:[]
