tree
version=v4
num_class=1
num_tree_per_iteration=1
label_index=0
max_feature_idx=10
objective=regression
feature_names=total_load net_load renewable_power thermal_space_load_ratio thermal_on_capacity hour period weekday month is_weekend is_holiday
feature_infos=[28815.599999999999:42098.699999999997] [-689.43000000000029:40954.669999999998] [1144.03:31591.200000000001] [-0.023925581976429446:0.97282505160491894] [27170:44840] [16:23] [65:96] [0:6] [3:4] [0:1] none
tree_sizes=2774 2790 2746 2740 2717 2804 2759 2749 2730 2763 2807 2767 2761 2806 2740 2741 2773 2788 2756 2769 2812 2818 2793 2788 2775 2773 2771 2756 2765 2739 2893 2676

Tree=0
num_leaves=31
num_cat=0
split_feature=2 1 4 4 2 0 2 1 0 2 6 4 0 2 1 4 4 1 4 6 0 2 7 4 1 4 6 6 2 6
split_gain=1.05309e+07 4.16601e+06 2.86374e+06 9.04186e+06 1.1674e+06 926034 877853 723384 333420 271367 268479 226326 186538 177161 165082 250745 134405 127031 241185 101171 91922.7 91203.4 71754 51857.3 47512 47340.7 41101.9 27416 13167.4 231.771
threshold=7101.6950000000006 15934.860000000001 36337.500000000007 36105.000000000007 3292.6750000000006 34092.750000000007 3292.6750000000006 23969.575000000004 33749.100000000013 2812.4200000000005 67.500000000000014 35555.000000000007 38406.150000000009 3109.8150000000005 30607.090000000004 37332.500000000007 30732.500000000004 12794.325000000003 35865.000000000007 67.500000000000014 37456.900000000009 24050.120000000003 3.5000000000000004 43067.500000000007 31243.170000000009 34325.000000000007 69.500000000000014 89.500000000000014 19874.465000000004 83.500000000000014
decision_type=2 2 2 2 2 2 2 2 2 2 2 2 2 2 2 2 2 2 2 2 2 2 2 2 2 2 2 2 2 2
left_child=2 8 3 11 5 -5 9 10 17 27 22 12 -1 -11 26 -16 29 28 -19 -18 -6 25 -3 -12 -13 -10 -8 -4 -2 -9
right_child=1 7 6 4 20 -7 14 16 21 13 23 24 -14 -15 15 -17 19 18 -20 -21 -22 -23 -24 -25 -26 -27 -28 -29 -30 -31
leaf_value=336.97518795811988 320.13466911429788 327.24465625241027 337.26428405679968 358.97250226452576 356.25416893845852 378.61550127779071 335.86550204073018 335.9107401359683 326.5948209635747 341.89184617597363 329.62736538495955 332.55895444552442 341.86550204073018 337.10002585365999 336.28629964902626 333.27148496739642 335.1689870795164 326.21613031158859 317.04732535794005 331.70705384995978 350.29050280366965 316.53216947033633 323.44328007282115 332.97383538399765 335.66398689354992 320.70129369213805 332.824462101883 335.49743184195165 316.70854141290079 336.28216870739686
leaf_weight=104 2.9999999999999991 40 52 12.000000000000002 14.000000000000002 11.999999999999998 11.999999999999998 14.000000000000002 23.000000000000007 62 328 28 24 28 168 117 22 13.000000000000002 15.999999999999998 518 11.999999999999998 2.9999999999999991 18 11.999999999999998 22 3.9999999999999991 150 38 43 5.9999999999999991
leaf_count=52 3 40 26 6 7 6 6 7 23 31 327 19 12 14 84 71 13 13 16 450 6 3 18 8 11 4 101 19 43 3
internal_value=333.125 329.803 337.256 342.055 360.842 368.794 335.511 330.839 320.348 338.46 329.209 336.778 337.892 340.401 334.324 335.049 331.997 318.566 321.157 331.848 353.502 324.803 326.065 329.745 333.925 325.722 333.05 336.518 316.932 336.022
internal_weight=1918 1063 855 228 50 24 627 958 105 180 398 178 128 90 447 285 560 75 29 540 26 30 58 340 50 27 162 90 46 20
internal_count=1442 971 471 119 25 12 352 866 105 90 393 94 64 45 262 155 473 75 29 463 13 30 58 335 30 27 107 45 46 10
is_linear=0
shrinkage=1


Tree=1
num_leaves=31
num_cat=0
split_feature=2 3 3 1 7 8 0 1 6 0 7 6 6 0 1 6 6 6 7 0 6 0 0 3 7 3 1 0 1 0
split_gain=8.21088e+06 3.4693e+06 1.60246e+06 1.02888e+06 2.25516e+06 1.36198e+06 603003 531693 392378 614454 397394 352778 152063 287905 151057 115735 102867 77193.5 69105.1 95429.8 66788.9 56490.5 54753.1 43709.7 36515.2 34077.3 22468.1 18738.4 15394.8 6261.95
threshold=7101.6950000000006 0.5120324171781685 0.90304404330679866 34532.580000000009 1.5000000000000002 3.5000000000000004 33911.850000000013 23969.575000000004 85.500000000000014 35697.750000000007 2.5000000000000004 87.500000000000014 67.500000000000014 35906.950000000004 12794.325000000003 66.500000000000014 67.500000000000014 65.500000000000014 1.0000000180025095e-35 36340.900000000009 87.500000000000014 35195.900000000009 32462.000000000004 0.85840493926109385 5.5000000000000009 0.58589554083986328 36601.695000000007 33749.100000000013 15152.985000000002 38039.30000000001
decision_type=2 2 2 2 2 2 2 2 2 2 2 2 2 2 2 2 2 2 2 2 2 2 2 2 2 2 2 2 2 2
left_child=2 6 8 4 11 -6 14 16 9 -1 -11 -4 13 -9 27 -16 22 21 19 -10 -14 -8 -3 -20 29 -18 -26 -2 -19 -5
right_child=1 7 3 24 5 -7 17 12 18 10 -12 -13 20 -15 15 -17 25 28 23 -21 -22 -23 -24 -25 26 -27 -28 -29 -30 -31
leaf_value=15.465865020751956 -15.392138917105539 -12.235519917805989 9.466501617431641 6.1367858886718754 -0.49261211395263643 28.416934481534096 -16.298876444498699 12.408217620849603 1.1194564445731567 4.2128948197265466 1.0137502128361193 3.2505918502807618 -0.87676944051470085 -0.55111597696940107 -13.29092848641532 -7.741343172858743 -3.7880748039068184 -6.9914066661487926 -1.3676695535349292 5.8460553487141933 -2.1878881274245856 -6.5957407633463525 -5.2490376893864124 0.55684525865189582 0.98480807840824136 -2.7208229563209447 3.1727846579118211 -12.154152526855469 -4.814176645586568 4.3447885953463041
leaf_weight=9.9999999999999982 42 2.9999999999999991 50 5.9999999999999991 5.0000000000000027 22 2.9999999999999991 6.0000000000000027 97 240 163 42 413 14.999999999999998 21 17 129 10.999999999999998 43 11.999999999999998 127 3 43 94 15.999999999999998 178 44 4.9999999999999991 31 26
leaf_count=5 42 3 25 3 3 11 3 3 62 122 92 21 337 9 21 17 129 11 39 6 119 3 43 50 8 174 22 5 31 13
internal_value=-0.0944067 -3.07732 3.49537 7.2877 10.3576 23.0633 -10.6224 -1.9794 2.28114 3.22275 2.91895 6.6288 -1.02279 3.15155 -13.1524 -10.8082 -3.49967 -6.14227 0.700299 1.63982 -1.18513 -11.4473 -5.70468 -0.0471995 3.31679 -3.16928 2.58932 -15.0477 -5.3844 4.68079
internal_weight=1917 1047 870 211 119 27 133 914 659 413 403 92 561 21 85 38 353 48 246 109 540 6 46 137 92 307 60 47 42 32
internal_count=1432 950 482 106 60 14 133 817 376 219 214 46 468 12 85 38 349 48 157 68 456 6 46 89 46 303 30 47 42 16
is_linear=0
shrinkage=0.05


Tree=2
num_leaves=31
num_cat=0
split_feature=2 1 4 4 3 2 0 1 1 4 3 1 0 6 3 4 0 4 4 0 6 6 0 4 4 4 6 6 0 1
split_gain=8.22742e+06 3.07279e+06 2.46735e+06 6.31973e+06 845275 710644 614342 467686 338010 395411 286293 182675 166869 140458 131749 120899 116850 109138 160508 107428 101819 90195.2 86750.2 85682.2 58235.3 41037.4 26754.1 23420.8 20050.9 7670.33
threshold=7101.6950000000006 16951.125000000004 36337.500000000007 36105.000000000007 0.90897889099141371 3292.6750000000006 34092.750000000007 23969.575000000004 12794.325000000003 35865.000000000007 0.92397816463390459 30939.510000000006 38935.350000000013 67.500000000000014 0.83895574519823379 37332.500000000007 34031.400000000001 37332.500000000007 43067.500000000007 38951.30000000001 67.500000000000014 68.500000000000014 37456.900000000009 35555.000000000007 37487.500000000007 43067.500000000007 89.500000000000014 84.500000000000014 33749.100000000013 11535.090000000002
decision_type=2 2 2 2 2 2 2 2 2 2 2 2 2 2 2 2 2 2 2 2 2 2 2 2 2 2 2 2 2 2
left_child=2 8 3 11 14 6 -5 13 16 -10 12 23 -6 24 27 -16 28 21 -19 -13 -11 -9 -7 -1 -3 -15 -12 -4 -2 -18
right_child=1 7 4 5 10 22 -8 17 9 20 26 19 -14 25 15 -17 29 18 -20 -21 -22 -23 -24 -25 -26 -27 -28 -29 -30 -31
leaf_value=3.0506894456015696 -14.904810600280763 -4.3018222515399644 0.053685284810406825 23.55892791748046 8.9736814880371103 21.418926696777348 42.148377990722658 2.7084509897232056 -5.2362820322920633 -14.987722778320311 3.8754524751143027 4.8621314672323379 3.5697836494445805 -3.1101816905740782 2.0744865697865587 -0.17419605088788412 -8.8911267598470047 -2.4755718581530513 1.5099293330620076 10.946080017089844 -6.9685932922363278 -0.74864966284047385 16.041497294108073 -0.57909508432660795 -7.7971328735351566 -0.0023369355635209517 2.1809497137864429 -1.3181865504809789 -11.546445159912111 -5.3156709035237615
leaf_weight=72 40 26 70 10.000000000000002 50 20 7.9999999999999991 20 41 19.000000000000004 66 78 20 309 196 86 2.9999999999999991 196 29 7.9999999999999991 4.9999999999999991 333 11.999999999999998 21 22 10.999999999999998 36 56 4.9999999999999991 3
leaf_count=36 40 26 42 5 25 10 4 10 41 19 33 39 10 308 99 50 3 196 17 4 5 266 6 13 22 8 18 52 5 3
internal_value=-0.0363259 -2.93018 3.76253 8.15701 2.02747 23.8731 31.8209 -1.98838 -10.6107 -8.21996 4.96729 3.76706 7.42971 -3.38167 0.788132 1.38872 -13.6577 -1.10131 -1.96189 5.42808 -13.3171 -0.55278 19.4024 2.23106 -5.90384 -3.00335 3.27739 -0.556036 -14.5317 -7.1034
internal_weight=1871 1062 809 229 580 50 18 946 116 65 172 179 70 368 408 282 51 578 225 86 24 353 32 93 48 320 102 126 45 6
internal_count=1415 969 446 117 329 25 9 853 116 65 86 92 35 364 243 149 51 489 213 43 24 276 16 49 48 316 51 94 45 6
is_linear=0
shrinkage=0.05


Tree=3
num_leaves=31
num_cat=0
split_feature=2 3 4 4 2 0 3 1 0 3 0 5 0 4 6 1 4 4 0 0 2 4 0 4 0 9 4 6 0 0
split_gain=7.84931e+06 3.19634e+06 2.98985e+06 6.37484e+06 834899 754564 683954 509243 480122 268704 201374 160647 393722 125513 125409 115700 156469 115049 116362 84593.2 83356.5 196288 82407.4 73635.2 45574.1 44030.4 33452.7 30739.4 28265.8 21844.5
threshold=6660.2450000000017 0.5120324171781685 36337.500000000007 36105.000000000007 3292.6750000000006 34092.750000000007 0.90897889099141371 25053.255000000001 33911.850000000013 0.92397816463390459 38336.850000000013 16.500000000000004 35064.30000000001 30732.500000000004 67.500000000000014 30607.090000000004 37332.500000000007 35555.000000000007 38478.750000000007 37456.900000000009 19874.465000000004 35865.000000000007 35311.750000000007 43067.500000000007 32462.000000000004 1.0000000180025095e-35 40910.000000000007 69.500000000000014 37882.200000000004 33749.100000000013
decision_type=2 2 2 2 2 2 2 2 2 2 2 2 2 2 2 2 2 2 2 2 2 2 2 2 2 2 2 2 2 2
left_child=2 8 3 17 5 -5 15 14 20 10 -8 12 -9 -13 24 27 -17 18 -1 -6 21 -2 25 -16 -3 -10 -11 -4 -19 -22
right_child=1 7 6 4 19 -7 9 11 22 26 -12 13 -14 -15 23 16 -18 28 -20 -21 29 -23 -24 -25 -26 -27 -28 -29 -30 -31
leaf_value=3.8596382935841884 -7.1093393961588554 -11.276568094889324 2.9115515708923341 21.892915344238276 20.730462837219235 39.624294026692709 8.5315752382631658 12.425050926208497 -10.277340157826741 3.78253173828125 3.3063715866633823 2.8676690014925872 -0.31898809814453127 -0.99196238413603632 -2.7609377910128132 2.57381197674039 0.08133260949144086 -0.44724501882280621 8.2404635959201382 15.408469717843193 -13.922026955209128 -14.12325045936986 -4.1436045851026266 0.3540718254446984 -4.9117969046698677 -5.8978522560813209 1.9877131254673004 -0.26993209035604593 2.4266856800426138 -10.051008987426759
leaf_weight=96 21 2.9999999999999991 7.9999999999999991 12.000000000000002 16.000000000000004 11.999999999999998 54 7.9999999999999991 12 54 28 22 25 495 369 162 103 13.999999999999998 18 13.999999999999998 41 19 28 20 45 11 50 149 22 3.9999999999999991
leaf_count=48 21 3 4 6 8 6 27 4 12 27 14 11 15 407 365 81 59 10 9 7 41 19 28 13 45 11 25 97 11 4
internal_value=0.093531 -2.61437 3.83858 9.07643 23.8076 30.7586 2.08114 -1.62419 -9.80052 4.60713 6.74736 -0.611831 2.77048 -0.827723 -2.89832 0.96779 1.60504 3.7732 4.55135 18.2469 -12.1017 -10.4409 -5.9652 -2.60078 -5.3096 -8.1828 2.91964 -0.107818 1.30905 -13.5779
internal_weight=1935 1123 812 204 54 24 608 987 136 186 82 550 33 517 437 422 265 150 114 30 85 40 51 389 48 23 104 157 36 45
internal_count=1438 999 439 105 27 12 334 863 136 93 41 437 19 418 426 241 140 78 57 15 85 40 51 378 48 23 52 101 21 45
is_linear=0
shrinkage=0.05


Tree=4
num_leaves=31
num_cat=0
split_feature=2 1 3 1 7 1 6 0 2 6 6 7 0 6 0 1 7 7 1 0 8 1 0 7 1 3 7 0 7 0
split_gain=6.82912e+06 2.79706e+06 1.32867e+06 1.125e+06 2.89955e+06 527978 410893 571222 368608 307364 223378 208465 176462 152481 97710.6 92026.6 74390.6 70362.3 74191.7 62820.4 55846.8 47372 52312.5 30504.5 29077.4 23958.9 21104.8 14035.2 13592.3 405.674
threshold=7101.6950000000006 15152.985000000002 0.90304404330679866 33658.430000000008 1.5000000000000002 22370.240000000005 83.500000000000014 35697.750000000007 4138.5000000000009 90.500000000000014 67.500000000000014 5.5000000000000009 34031.400000000001 87.500000000000014 37282.200000000004 25977.360000000004 3.5000000000000004 1.0000000180025095e-35 30300.745000000006 35502.450000000004 3.5000000000000004 12794.325000000003 33161.400000000009 5.5000000000000009 36601.695000000007 0.56777956157452625 2.5000000000000004 33749.100000000013 5.5000000000000009 34328.200000000004
decision_type=2 2 2 2 2 2 2 2 2 2 2 2 2 2 2 2 2 2 2 2 2 2 2 2 2 2 2 2 2 2
left_child=2 12 6 4 13 10 7 19 -9 -6 16 14 21 -4 -5 26 -3 18 -8 -1 -17 27 -23 -19 -13 -12 -7 -2 -14 -30
right_child=1 5 3 11 9 15 17 8 -10 -11 25 24 28 -15 -16 20 -18 23 -20 -21 -22 22 -24 -25 -26 -27 -28 -29 29 -31
leaf_value=17.594952392578129 -13.247525600511203 -5.1854847862606963 8.1997381591796881 7.6680879929486441 29.787986101422987 -1.3833252869763422 1.0132726092701374 9.831396333376567 2.4740613366767863 19.111148870908298 -3.501706552111413 0.46250296980142597 -7.9413670349121119 2.7546439912584093 4.0223350906372071 -1.6729872420982081 -8.9559282202469674 0.35926771978401162 4.134871045748393 10.359596506754556 -0.34877771163242488 -11.769651489257811 -6.2455571492513027 -1.4423845427376885 2.6260699402202263 -2.5311323592911905 -2.327696125112849 -10.466572265625 -5.0778127034505198 -4.3423548889160157
leaf_weight=5.9999999999999982 49 42 20 34 14.000000000000002 103 92 18 314 12.999999999999998 121 24 4.9999999999999973 36 40 108 19 146 24 6 303 15.000000000000002 5.9999999999999991 28 44 134 139 4.9999999999999991 3 5
leaf_count=3 49 42 10 17 7 92 58 9 166 7 121 12 5 18 20 98 19 84 12 3 232 15 6 26 22 132 139 5 3 5
internal_value=-0.0482209 -2.73922 3.26306 6.56397 11.1884 -1.96411 2.0916 3.26031 2.87295 24.6473 -3.64187 3.86095 -11.2742 4.69932 5.69741 -1.15221 -6.35989 0.705256 1.65912 13.9773 -0.696745 -12.2064 -10.1913 0.0693467 1.86246 -2.99168 -1.92575 -12.99 -5.89631 -4.61815
internal_weight=1916 1057 859 225 83 969 634 344 332 27 316 142 88 56 74 653 61 290 116 12 411 75 21 174 68 255 242 54 13 8
internal_count=1437 963 474 113 42 875 361 181 175 14 314 71 88 28 37 561 61 180 70 6 330 75 21 110 34 253 231 54 13 8
is_linear=0
shrinkage=0.05


Tree=5
num_leaves=31
num_cat=0
split_feature=2 3 4 4 2 0 3 0 3 3 0 2 3 4 4 3 7 6 4 7 2 4 2 6 7 7 4 5 2 0
split_gain=6.12972e+06 2.73947e+06 2.05577e+06 5.08569e+06 611145 765216 563764 440406 347676 220628 163485 124770 121235 112858 171562 107525 101941 90699.6 60773.4 59658.9 59644.2 152885 57295 43791.2 38132.8 27297.7 21914.8 18182.9 15634.5 13351.1
threshold=6660.2450000000017 0.5120324171781685 36337.500000000007 36105.000000000007 3292.6750000000006 34092.750000000007 0.90304404330679866 34031.400000000001 0.62034867363898505 0.92397816463390459 38336.850000000013 5963.5950000000003 0.83895574519823379 43067.500000000007 37332.500000000007 0.83422637756788054 1.5000000000000002 67.500000000000014 43067.500000000007 4.5000000000000009 19874.465000000004 35052.000000000007 5457.6150000000007 71.500000000000014 1.5000000000000002 3.5000000000000004 40910.000000000007 16.500000000000004 22529.540000000005 33749.100000000013
decision_type=2 2 2 2 2 2 2 2 2 2 2 2 2 2 2 2 2 2 2 2 2 2 2 2 2 2 2 2 2 2
left_child=2 7 3 11 5 -5 12 20 17 10 -8 25 27 14 -10 -13 -14 19 -19 -3 21 -2 -6 -15 -9 -1 -11 -4 -26 -22
right_child=1 8 6 4 22 -7 9 24 13 26 -12 15 16 23 -16 -17 -18 18 -20 -21 29 -23 -24 -25 28 -27 -28 -29 -30 -31
leaf_value=1.3647275786314692 -4.1243593427870016 -4.355988841586643 2.6241151809692385 19.842712402343746 15.090521049499509 38.570345458984377 7.2752472341060646 -8.7180562337239582 -0.54360663014625721 3.1696977615356445 2.9848969417459825 2.8186830066499255 2.7717181541702964 -1.5753456175327303 -2.1832091177211086 6.2828599294026697 0.76074221842997791 -2.9587070724726972 0.45418743491172792 -9.2720199584960934 -12.660909125145446 -11.765940316518147 20.27289619445801 2.5880677858988448 -4.0802785158157349 3.9925896962483729 1.6588082827627659 -0.81721892984289879 -7.8552200317382814 -9.9432438659667977
leaf_weight=56 8.9999999999999982 27 3.9999999999999991 12.000000000000002 16.000000000000004 9.9999999999999982 64 5.9999999999999991 484 48 34 42 88 7.9999999999999991 238 48 222 191 13.999999999999998 7.9999999999999991 47 24 7.9999999999999991 30 32 11.999999999999998 48 95 2.9999999999999991 4.9999999999999991
leaf_count=31 9 27 2 6 8 5 32 6 384 24 17 21 44 7 237 24 121 191 9 8 47 24 4 15 32 6 24 70 3 5
internal_value=0.0400085 -2.34364 3.36589 7.70463 22.3358 28.3553 1.89806 -9.29146 -1.46821 4.11789 5.78676 3.44492 0.845126 -0.944303 -1.08409 4.66624 1.3316 -3.12726 -2.72563 -5.47965 -11.3445 -9.68187 16.818 1.71156 -5.03519 1.82847 2.41425 -0.678175 -4.40384 -12.3996
internal_weight=1933 1126 807 204 46 22 603 126 1000 194 98 158 409 760 722 90 310 240 205 35 85 33 24 38 41 68 96 99 35 52
internal_count=1443 1004 439 105 23 11 334 126 878 97 49 82 237 643 621 45 165 235 200 35 85 33 12 22 41 37 48 72 35 52
is_linear=0
shrinkage=0.05


Tree=6
num_leaves=31
num_cat=0
split_feature=2 1 4 4 2 3 3 1 3 4 6 0 0 3 0 0 6 4 4 0 2 1 1 4 0 4 4 4 6 2
split_gain=5.33541e+06 2.31726e+06 1.6414e+06 4.81598e+06 680314 1.11201e+06 551623 333531 218893 174033 163982 188810 153174 141985 130594 130593 119663 113359 102271 86816.9 61988.8 58824 48361.2 98331.1 35643.1 31404.7 31279.3 21340.5 17679.9 8413.04
threshold=7337.5800000000008 15934.860000000001 36337.500000000007 36105.000000000007 2956.3700000000003 0.9304282093171331 0.90897889099141371 23969.575000000004 0.92397816463390459 35555.000000000007 67.500000000000014 35906.950000000004 33749.100000000013 0.83895574519823379 38406.150000000009 38336.850000000013 67.500000000000014 37332.500000000007 43067.500000000007 37456.900000000009 24050.120000000003 19745.585000000006 12794.325000000003 35865.000000000007 37764.250000000007 43067.500000000007 34325.000000000007 40910.000000000007 85.500000000000014 19874.465000000004
decision_type=2 2 2 2 2 2 2 2 2 2 2 2 2 2 2 2 2 2 2 2 2 2 2 2 2 2 2 2 2 2
left_child=2 12 3 9 5 -5 13 16 15 14 11 -9 22 28 -1 -8 21 -15 -12 -6 26 -3 29 -24 -11 -18 -14 -10 -4 -2
right_child=1 7 6 4 19 -7 8 10 27 24 18 -13 20 17 -16 -17 25 -19 -20 -21 -22 -23 23 -25 -26 -27 -28 -29 -30 -31
leaf_value=3.1476927979787193 -9.4106051762898755 -6.565303059281975 -0.2411908100310125 46.308494059244794 18.839307556152345 17.833243560791015 7.3713825836181641 11.110235595703125 3.1965826117474103 -0.55627609640359876 -1.2395121214505735 -0.34044479793972443 -4.8914174461364732 1.884908501190298 7.1880212148030598 2.7486373684623029 -2.5940507334548162 -0.18415296710267359 1.8704528195517405 13.459813944498698 -13.321953837076823 -3.3222013826723455 -6.139179376455453 -12.08042022705078 1.9927300175031026 0.013160937031110129 -9.7349193572998054 1.7651520542303722 -1.3326808539303867 -12.151342246645974
leaf_weight=120 2.9999999999999991 29 114 5.9999999999999991 20 7.9999999999999991 50 5.9999999999999991 46 32 473 8.9999999999999982 20.000000000000007 204 24 22 308 98 28 11.999999999999998 2.9999999999999991 27 13 15 24 11.999999999999998 3.9999999999999991 60 55 42
leaf_count=60 3 29 78 3 10 4 25 3 23 21 412 5 20 103 12 11 307 57 15 6 3 27 13 15 12 8 4 30 54 42
internal_value=-0.0205651 -2.54593 2.7785 6.25643 20.8439 30.0369 1.4602 -1.7368 3.83141 2.9013 -0.911471 4.23983 -9.76338 0.564079 3.82108 5.95888 -2.86942 1.21349 -1.0657 16.822 -6.5457 -5.00166 -10.9535 -9.32199 0.536155 -2.49628 -5.69867 2.38634 -0.596409 -11.9686
internal_weight=1887 992 895 246 46 14 649 892 178 200 516 15 100 471 144 72 376 302 501 32 27 56 73 28 56 320 24 106 169 45
internal_count=1415 906 509 128 23 7 381 806 89 105 435 8 100 292 72 36 371 160 427 16 27 56 73 28 33 315 24 53 132 45
is_linear=0
shrinkage=0.05


Tree=7
num_leaves=31
num_cat=0
split_feature=2 3 3 1 7 6 6 7 2 0 1 6 1 6 6 6 1 7 8 8 7 3 7 0 1 0 1 7 7 6
split_gain=5.10017e+06 2.01227e+06 1.03912e+06 833465 2.33709e+06 651553 378550 501764 365452 327551 251461 213320 91987 87242.5 80574.4 52949.9 80069.5 51987.3 37582.9 36765.8 30238.8 28452.1 27090.6 22332.8 20280.7 5829.38 1672.41 2001.54 1567.64 733.477
threshold=7101.6950000000006 0.5120324171781685 0.90304404330679866 34532.580000000009 1.5000000000000002 95.500000000000014 85.500000000000014 2.5000000000000004 4501.5750000000007 35311.750000000007 25053.255000000001 86.500000000000014 10764.465000000004 66.500000000000014 67.500000000000014 66.500000000000014 28227.350000000002 5.5000000000000009 3.5000000000000004 3.5000000000000004 5.5000000000000009 0.58589554083986328 5.5000000000000009 33852.80000000001 37084.095000000008 38039.30000000001 16248.58 5.5000000000000009 3.5000000000000004 91.500000000000014
decision_type=2 2 2 2 2 2 2 2 2 2 2 2 2 2 2 2 2 2 2 2 2 2 2 2 2 2 2 2 2 2
left_child=2 9 6 4 11 -6 7 8 -1 12 14 -4 28 -14 19 16 -12 -9 -17 -3 23 -16 25 -8 -24 -5 27 -11 -2 -22
right_child=1 10 3 22 5 -7 20 17 -10 26 15 -13 13 -15 21 18 -18 -19 -20 -21 29 -23 24 -25 -26 -27 -28 -29 -30 -31
leaf_value=10.019012991587323 -11.058389434814453 -6.032042995252108 7.4610809499567212 4.9276166280110685 25.252770441228691 5.2573508071899413 -0.11588040538705313 1.2290229863694144 3.533832529018019 -4.39273965018136 6.673957840601604 2.7307255451495833 -10.581235285158511 -6.8640253518757071 -2.7403879084953897 -1.5736551839797224 -0.63218048095703128 -0.65948752251538367 -0.55639989720473826 -3.1611808282357678 -1.5174389765812797 -1.8361691199781323 0.64134054481983194 0.8931574048667118 2.4798488807678223 3.2203705596923826 -3.0916723251342777 -2.9906706809997554 -11.799113647460938 -2.2300339889526368
leaf_weight=24 9.9999999999999982 19 44 5.9999999999999991 22.000000000000004 4.9999999999999991 104 108 229 7.0000000000000018 5.9999999999999991 52 27 38 130 122 9.9999999999999982 55 355 27 13.000000000000002 263 24 116 40 30 17 4 25 4.9999999999999991
leaf_count=12 10 19 22 3 11 3 63 58 117 7 3 26 27 38 130 110 6 33 288 27 13 251 12 70 20 15 17 4 25 5
internal_value=0.0296709 -2.30403 2.85033 5.79774 8.55393 21.5499 1.84533 2.75521 4.14903 -8.18249 -1.49668 4.89881 -9.52088 -8.4081 -2.36702 -0.721675 2.10762 0.591796 -0.816578 -4.34697 0.254949 -2.13527 2.40763 0.416158 1.79041 3.50491 -3.40251 -3.8829 -11.5875 -1.71538
internal_weight=1937 1060 877 223 123 27 654 416 253 128 932 96 100 65 439 493 16 163 477 46 238 393 100 220 64 36 28 11 35 18
internal_count=1445 962 483 112 62 14 371 220 129 128 834 48 100 65 427 407 9 91 398 46 151 381 50 133 32 18 28 11 35 18
is_linear=0
shrinkage=0.05


Tree=8
num_leaves=31
num_cat=0
split_feature=2 3 4 4 3 2 0 1 0 3 4 4 5 0 2 1 4 1 4 3 5 4 4 4 0 7 5 1 0 1
split_gain=4.34838e+06 1.97414e+06 1.21426e+06 3.08738e+06 438470 356098 359623 330388 271517 208278 127792 131733 124964 123724 107370 99264.2 180273 97278.1 124390 83999.2 75443.1 56191 53034.6 31217.6 27492.7 26634.4 20353.7 15148.1 4924.77 1256.69
threshold=6660.2450000000017 0.5120324171781685 36337.500000000007 36105.000000000007 0.90897889099141371 3292.6750000000006 34092.750000000007 25053.255000000001 35195.900000000009 0.92397816463390459 37332.500000000007 43067.500000000007 16.500000000000004 38336.850000000013 5963.5950000000003 12794.325000000003 36520.000000000007 30607.090000000004 37332.500000000007 0.84201409227227508 16.500000000000004 38535.000000000007 43067.500000000007 35217.000000000007 36749.650000000009 5.5000000000000009 21.500000000000004 29040.005000000005 35311.750000000007 16248.58
decision_type=2 2 2 2 2 2 2 2 2 2 2 2 2 2 2 2 2 2 2 2 2 2 2 2 2 2 2 2 2 2
left_child=2 8 3 14 17 6 -5 20 15 13 12 -12 -9 -6 23 25 -17 27 -19 -16 21 -3 -22 -1 -7 -2 -11 -4 -10 -30
right_child=1 7 4 5 9 24 -8 10 28 26 11 -13 -14 -15 19 16 -18 18 -20 -21 22 -23 -24 -25 -26 -27 -28 -29 29 -31
leaf_value=2.9870015404441141 -10.889125477183949 -2.7995804319194719 -0.81109637467167051 17.184342041015622 6.6653364817301437 16.204604797363277 31.407128906250001 3.4794758429894084 -5.3301130930582623 2.7090008437633517 -1.8676519421382727 1.8635281244913739 -0.13024384271014819 2.5359731013958271 3.3066036423047387 -5.1685023195603321 -11.474538982615753 2.1383978975913194 -0.15105663732478494 7.1253996107313373 -2.1386123024137684 -5.7334658463795982 0.57298715365560438 0.69701136972593236 12.772029113769532 -8.2316547393798825 1.3301442115203195 0.21095925551741873 -3.6303023529052725 -2.9157885074615479
leaf_weight=22 44 51 79 10.000000000000002 60 10.000000000000002 7.9999999999999991 26 3.0000000000000027 64 191 27 308 26 72 34 17 158 95 18 354 24 19 46 13.999999999999998 11.999999999999998 46 67 10.000000000000002 15.999999999999998
leaf_count=11 44 51 56 5 30 5 4 13 3 32 190 15 226 13 36 34 17 79 56 9 350 24 12 26 7 12 23 39 10 16
internal_value=-0.0663935 -2.05129 2.76988 6.14032 1.63696 18.1894 23.5056 -1.28262 -7.70326 3.57356 -0.463868 -1.40553 0.150752 5.41692 2.9374 -8.86633 -7.27051 0.685649 1.27872 4.07036 -2.29144 -3.73842 -2.00049 1.43789 14.2023 -10.3197 2.13239 -0.342071 -3.41193 -3.1906
internal_weight=1931 1136 795 200 595 42 18 1000 136 196 552 218 334 86 158 107 51 399 253 90 448 75 373 68 24 56 110 146 29 26
internal_count=1448 1017 431 103 328 21 9 881 136 98 444 205 239 43 82 107 51 230 135 45 437 75 362 37 12 56 55 95 29 26
is_linear=0
shrinkage=0.05


Tree=9
num_leaves=31
num_cat=0
split_feature=2 1 4 4 3 2 0 3 3 4 0 4 4 3 4 0 7 1 3 2 4 0 6 0 7 1 6 6 1 2
split_gain=4.23904e+06 1.6731e+06 1.55168e+06 3.93373e+06 483456 472778 627889 253012 170537 146448 127827 122801 120810 116678 109556 99807.7 92379.1 90643.6 83849.9 50319.5 93126.6 45785.3 45478.5 24120 23133.7 67545.6 18617.7 17032.7 8937.28 5984.43
threshold=7337.5800000000008 15934.860000000001 36337.500000000007 36105.000000000007 0.90897889099141371 2956.3700000000003 34092.750000000007 0.5840862028431032 0.92397816463390459 35555.000000000007 33749.100000000013 36520.000000000007 43067.500000000007 0.84674034354883221 38535.000000000007 38336.850000000013 1.5000000000000002 29993.085000000003 0.56177555334251683 20378.675000000003 35865.000000000007 37456.900000000009 70.500000000000014 37764.250000000007 4.5000000000000009 13878.09 89.500000000000014 81.500000000000014 16248.58 23403.485000000004
decision_type=2 2 2 2 2 2 2 2 2 2 2 2 2 2 2 2 2 2 2 2 2 2 2 2 2 2 2 2 2 2
left_child=2 10 3 9 13 6 -5 11 15 17 19 28 14 27 -9 -6 -15 -1 -13 20 -2 -7 -14 -11 25 -12 -10 -4 -3 -26
right_child=1 7 4 5 8 21 -8 12 26 23 24 18 22 16 -16 -17 -18 -19 -20 -21 -22 -23 -24 -25 29 -27 -28 -29 -30 -31
leaf_value=1.8294947650697495 -5.3424541685316305 -4.4962115287780762 -0.061655697638967215 16.325125732421871 6.3409189088003979 16.011489243940876 35.118408203125 -0.99092519248357691 2.6424852936608452 -0.58221670836210249 -12.175796890258784 -8.7619793701171869 -2.4700164931161064 2.4728304926739182 -2.6784082166079819 2.4870464881261189 0.52861423776330552 4.4807345294952396 -3.5584683954715732 -10.415910466512045 -10.502816233915441 12.172023900349934 1.8758324806080307 1.7056574212180244 -3.3006582433527165 -4.3669130325317385 1.2902552646398544 -0.9912145196036859 -2.5249744442925941 -5.8200074513753224
leaf_weight=54 18 5.9999999999999991 112 10.000000000000002 56 22 7.9999999999999991 563 70 32 4.0000000000000009 15.000000000000002 6.9999999999999991 86 116 24 211 80 15.999999999999998 42 17 11.999999999999998 43 18 10.999999999999998 8.9999999999999982 40 88 138 3.0000000000000009
leaf_count=27 18 6 73 5 28 11 4 497 35 21 4 15 7 43 116 12 113 40 16 42 17 6 22 9 11 9 20 74 138 3
internal_value=0.0364132 -2.20531 2.48458 5.98236 1.28302 18.1253 24.6777 -1.51439 3.42824 2.55067 -8.21109 -3.22165 -1.10455 0.462915 -1.27921 5.18476 1.09159 3.41232 -6.0763 -9.24909 -7.84892 14.6564 1.26741 0.241418 -5.25084 -6.76965 2.15077 -0.470662 -2.60711 -3.84052
internal_weight=1931 1008 923 236 687 52 18 904 190 184 104 175 729 497 679 80 297 134 31 77 35 34 50 50 27 13 110 200 144 14
internal_count=1442 921 521 123 398 26 9 817 95 97 104 175 642 303 613 40 156 67 31 77 35 17 29 30 27 13 55 147 144 14
is_linear=0
shrinkage=0.05


Tree=10
num_leaves=31
num_cat=0
split_feature=2 1 2 7 7 1 3 7 5 1 0 6 1 6 6 0 2 3 8 0 7 1 0 1 0 6 0 1 1 8
split_gain=3.4983e+06 1.4974e+06 697067 628495 1.87164e+06 203848 198138 180128 182593 223864 207433 169364 164978 98486.9 85212.4 196283 74032.3 54539 64804 44085.8 39024.6 35998.6 30633.5 21551.4 11450.3 7890.77 7381.15 3441.8 2060.64 834.568
threshold=7337.5800000000008 16951.125000000004 4138.5000000000009 2.5000000000000004 1.5000000000000002 25053.255000000001 0.91272079231782866 4.5000000000000009 17.500000000000004 31198.010000000002 35453.400000000009 87.500000000000014 12794.325000000003 66.500000000000014 67.500000000000014 35906.950000000004 18673.055000000004 0.5840862028431032 3.5000000000000004 33749.100000000013 5.5000000000000009 36349.840000000004 40847.30000000001 14777.825000000006 38039.30000000001 93.500000000000014 37367.80000000001 38273.875000000007 33836.030000000006 3.5000000000000004
decision_type=2 2 2 2 2 2 2 2 2 2 2 2 2 2 2 2 2 2 2 2 2 2 2 2 2 2 2 2 2 2
left_child=2 12 3 4 11 17 -6 8 10 -10 -4 -1 19 16 15 -7 -14 18 -3 -2 -21 25 -16 -15 -19 -5 29 -23 -28 -9
right_child=1 5 7 21 6 14 -8 26 9 -11 -12 -13 13 23 22 -17 -18 24 -20 20 -22 27 -24 -25 -26 -27 28 -29 -30 -31
leaf_value=5.0887977102528446 -9.9970334734235493 -5.7070523584590243 13.531125386555992 0.34651784169323308 13.216688428606304 10.217104339599604 21.361672973632814 -1.9952449798583978 0.44461196338688885 2.5503790342920944 3.4244468595042372 1.4734807963371277 -9.2184941075064906 -5.6034670022817759 -0.78599451194348624 -0.48329905827840175 -3.6017453193664553 -1.7184577207508926 -2.4366480419104048 -11.49931971232097 -4.9144354290432393 1.5679269790649415 1.1727995463779994 -3.1255633919327348 -0.34520516395568851 -1.3987815082073212 -0.75106588431767063 2.3982660843775823 -0.05061694383621216 -1.386464309692383
leaf_weight=92 42 17 5.9999999999999991 34 14.000000000000002 6.0000000000000027 15.999999999999998 8.0000000000000018 270 237 33 50 22.000000000000004 12.999999999999998 403 14.999999999999998 7.9999999999999991 296 139 2.9999999999999973 9 24 21 27 15.999999999999998 7.9999999999999991 35 26 14.999999999999998 19
leaf_count=46 42 17 3 17 7 3 8 8 166 125 17 25 22 13 337 8 8 289 139 3 9 12 14 27 11 5 23 13 8 19
internal_value=-0.0295564 -2.00138 2.27572 4.42894 6.21316 -1.30118 17.5607 1.36329 1.68256 1.42896 4.97932 3.8158 -7.15693 -5.55509 -0.534997 2.57396 -7.72069 -2.0297 -2.79304 -9.23339 -6.56066 1.09322 -0.688979 -3.93088 -1.64803 0.0140799 -0.900667 1.9997 -0.540931 -1.56684
internal_weight=1924 1037 887 264 172 913 30 623 546 507 39 142 124 70 445 21 30 468 156 54 12 92 424 40 312 42 77 50 50 27
internal_count=1444 942 502 133 86 818 15 369 311 291 20 71 124 70 362 11 30 456 156 54 12 47 351 40 300 22 58 25 31 27
is_linear=0
shrinkage=0.05


Tree=11
num_leaves=31
num_cat=0
split_feature=3 1 4 4 1 0 1 7 4 4 6 4 0 4 6 4 4 1 1 4 7 1 1 4 0 7 1 7 0 4
split_gain=3.40541e+06 1.5597e+06 1.55334e+06 2.44157e+06 427676 427568 353313 277365 220448 547092 180811 162117 146727 105459 95262.5 83702.9 74034.7 53397.7 46731 39983 37147.2 34509.2 33772.9 70218.6 24737.4 18698.7 18278.5 39224.5 10689.2 6676.32
threshold=0.83317024099323056 16248.58 36349.500000000007 36105.000000000007 25053.255000000001 36023.700000000004 31657.980000000007 1.5000000000000002 36337.500000000007 36105.000000000007 87.500000000000014 37162.000000000007 33749.100000000013 35555.000000000007 67.500000000000014 35217.000000000007 43067.500000000007 20597.950000000004 36601.695000000007 43067.500000000007 5.5000000000000009 30895.700000000008 14293.020000000002 35865.000000000007 37456.900000000009 3.5000000000000004 12794.325000000003 5.5000000000000009 38099.55000000001 32370.000000000004
decision_type=2 2 2 2 2 2 2 2 2 2 2 2 2 2 2 2 2 2 2 2 2 2 2 2 2 2 2 2 2 2
left_child=1 12 3 13 14 6 -5 10 9 -6 11 -4 22 15 17 -2 -10 -3 20 -16 -9 -12 25 -24 -7 -1 27 -14 -15 -28
right_child=2 4 7 5 8 24 -8 18 16 -11 21 -13 26 28 19 -17 -18 -19 -20 -21 -22 -23 23 -25 -26 -27 29 -29 -30 -31
leaf_value=-7.9032325479719381 2.2604180399576825 -5.321762316154711 2.0786857068538667 15.843952941894527 0.39971555642543305 14.193307931082586 29.135164794921877 0.80720084113617474 -1.1542474424274518 11.280408986409505 0.0072267550230026255 5.4189854894365581 -10.924353535970043 -0.26754696369171144 -1.9414857539750099 5.6854852676391605 1.6087724905747636 -2.2221601724624636 1.9636291687305159 0.46734475162294181 -0.47133818967368013 2.0364084850658073 -3.2667823433876024 -9.704833984375 11.099601618448894 -9.868042280867293 -2.9398592472076412 -4.0909150804792125 1.5876051816073331 -5.0683240509033212
leaf_weight=18 30 33 64 10.000000000000002 310 14.000000000000002 9.9999999999999982 146 359 11.999999999999998 40 84 3.0000000000000018 11.999999999999998 401 44 26 24 52 18 93 44 8.0000000000000018 8.9999999999999982 11.999999999999998 37 14.000000000000002 7 22 4.9999999999999991
leaf_count=18 15 33 32 5 204 7 5 75 317 6 20 43 3 6 397 22 15 24 26 12 55 22 8 9 6 37 14 7 11 5
internal_value=0.0635005 -1.44946 2.93298 7.34665 -0.940274 16.9933 22.4896 1.63336 -0.160212 0.805207 2.92294 3.97453 -7.41349 3.23788 -2.09889 4.29694 -0.967654 -4.01667 0.605243 -1.838 0.309694 1.07013 -8.62297 -6.67516 12.7654 -9.22501 -4.41066 -6.14095 0.932846 -3.49998
internal_weight=1961 1284 677 154 1183 46 20 523 707 322 232 148 101 108 476 74 385 57 291 419 239 84 72 17 26 55 29 10 34 19
internal_count=1459 1109 350 77 1008 23 10 273 542 210 117 75 101 54 466 37 332 57 156 409 130 42 72 17 13 55 29 10 17 19
is_linear=0
shrinkage=0.05


Tree=12
num_leaves=31
num_cat=0
split_feature=2 3 4 4 3 0 1 3 0 1 4 3 0 4 4 6 0 0 3 4 1 4 4 4 0 1 6 1 2 0
split_gain=3.00892e+06 1.33405e+06 960517 1.77971e+06 289950 226842 201973 158854 127663 110578 85530.7 84398.6 83233 81600.5 98009.6 81261.2 69419.9 68474.5 51396 61243.6 35520.5 96588.5 28942.7 20986.8 19494.7 17190.6 11391.7 5987.28 5801.56 5495.1
threshold=6660.2450000000017 0.5120324171781685 36337.500000000007 36105.000000000007 0.90897889099141371 33911.850000000013 25784.965000000004 0.92397816463390459 36394.350000000013 32435.460000000006 35555.000000000007 0.83895574519823379 38336.850000000013 37332.500000000007 43067.500000000007 73.500000000000014 38406.150000000009 34391.600000000013 0.58589554083986328 38535.000000000007 12794.325000000003 35865.000000000007 36767.500000000007 43067.500000000007 37438.350000000013 13878.09 89.500000000000014 33761.67500000001 19874.465000000004 35941.900000000001
decision_type=2 2 2 2 2 2 2 2 2 2 2 2 2 2 2 2 2 2 2 2 2 2 2 2 2 2 2 2 2 2
left_child=2 5 3 10 11 20 18 12 9 -5 16 29 -6 17 -15 -13 -1 -8 19 -3 28 -22 25 -20 -12 -7 -9 -10 -2 -4
right_child=1 6 4 8 7 22 13 26 27 -11 24 15 -14 14 -16 -17 -18 -19 23 -21 21 -23 -24 -25 -26 -27 -28 -29 -30 -31
leaf_value=2.6326327079534533 -6.638927555084229 -2.2199451389169336 -1.2169223630750503 14.274928283691404 5.6033275472706769 -5.0619782881303266 4.2442627453804018 2.0613718618665424 11.509268842424662 22.014214070638022 -1.0650774882389951 3.4670729291850124 1.8627723360061645 -1.546848942128952 1.7975898590087891 0.68710159957939199 5.5657750056340145 0.032508835412453911 -1.5556894389979812 -5.4941635608673103 -4.2406658323187578 -9.3518388112386059 -8.4065528869628903 0.15295352057406778 1.3771131948991258 -2.7959580993652349 0.98606002119026703 9.7945728302001953 -8.9067950025517888 -0.4445885093485723
leaf_weight=90 2.9999999999999991 133 37 20.000000000000004 58 10.999999999999998 9.9999999999999982 70 14.000000000000002 5.9999999999999991 12.999999999999998 29 20 177 25 281 26 276 332 15.999999999999998 19 18 2.9999999999999991 19 22 35 38 7.9999999999999991 47 61
leaf_count=45 3 133 37 10 29 11 6 35 7 3 10 16 10 176 14 147 13 190 326 16 19 18 3 12 11 35 19 4 47 34
internal_value=-0.062454 -1.72632 2.29591 5.30235 1.2887 -6.36913 -1.08723 2.92481 13.689 16.0609 2.63641 0.54283 4.64421 -0.363601 -1.13293 0.947163 3.29006 0.179773 -1.79348 -2.57154 -7.90163 -6.72718 -3.64816 -1.4632 0.470014 -3.33783 1.68302 10.8857 -8.77072 -0.736184
internal_weight=1917 1124 793 199 594 136 988 186 48 26 151 408 78 488 202 310 116 286 500 149 87 37 49 351 35 46 108 22 50 98
internal_count=1439 1009 430 103 327 136 873 93 24 13 79 234 39 386 190 163 58 196 487 149 87 37 49 338 21 46 54 11 50 71
is_linear=0
shrinkage=0.05


Tree=13
num_leaves=31
num_cat=0
split_feature=3 4 4 3 0 0 7 3 0 6 4 4 3 4 2 4 4 2 0 7 2 3 0 4 3 6 6 7 4 6
split_gain=2.8575e+06 1.37564e+06 1.81878e+06 1.24081e+06 313355 582219 239997 230775 160873 150188 139995 499071 139206 92844.5 85280.9 71300.8 64913.2 79094.1 41116.4 34477 35879.5 31807.1 29039.5 28523.4 26581.3 24254.3 23310.3 15106.4 10059.1 7439.06
threshold=0.83317024099323056 36349.500000000007 36105.000000000007 0.5120324171781685 35672.700000000004 34092.750000000007 1.5000000000000002 0.68435831549033932 33161.400000000009 87.500000000000014 36337.500000000007 36105.000000000007 0.84858528003886402 43067.500000000007 5963.5950000000003 38535.000000000007 36767.500000000007 24050.120000000003 38951.30000000001 3.5000000000000004 19874.465000000004 0.87331874837011847 37456.900000000009 37332.500000000007 0.90304404330679866 70.500000000000014 91.500000000000014 5.5000000000000009 35555.000000000007 65.500000000000014
decision_type=2 2 2 2 2 2 2 2 2 2 2 2 2 2 2 2 2 2 2 2 2 2 2 2 2 2 2 2 2 2
left_child=3 2 14 8 5 -4 9 13 19 12 11 -9 -3 15 28 -5 17 -10 -16 20 -1 27 -6 -12 -11 -15 -23 -8 -2 -18
right_child=1 6 4 7 22 -7 21 10 16 24 23 -13 -14 25 18 -17 29 -19 -20 -21 -22 26 -24 -25 -26 -27 -28 -29 -30 -31
leaf_value=-4.6009019851684556 2.3630260467529296 0.14203014771143596 12.613403193155921 -1.761807836921184 12.954308128356931 30.027157974243167 0.25674406624892177 0.056993264146149164 -3.2425500752633081 -0.16167861012851492 -0.47368063127374377 10.420428848266603 4.2968689224076648 -2.4708264923095706 3.8313783463977629 -3.8722070092740268 -10.774823506673178 -9.2778555552164725 7.7424255371093755 -8.7981027345399596 -8.584592971801758 1.1655934259325507 9.8361261640276236 -1.3267414373634137 1.7627108272753267 1.3097420028277806 -0.83895169012248516 -1.0178114503622055 0.89485756669725702 -7.4810976505279534
leaf_weight=13.000000000000002 20 24 12.000000000000002 308 16.000000000000004 7.9999999999999991 85 364 57 34 173 11.999999999999998 126 4.9999999999999991 42 46 2.9999999999999991 5.9999999999999991 7.9999999999999991 37 9.9999999999999982 155 13.999999999999998 226 38 28 15.999999999999998 32 28 4
leaf_count=13 10 13 6 306 8 4 43 260 57 17 131 6 63 5 21 46 3 6 4 37 10 78 7 221 19 16 9 23 14 4
internal_value=0.045208 2.72724 6.97113 -1.32072 14.7311 19.5789 1.49568 -0.802443 -5.9533 2.73108 -0.304516 0.387741 3.63209 -1.79959 3.01198 -2.03604 -4.32488 -3.81734 4.45715 -7.85312 -6.33294 0.543392 11.4992 -0.956868 0.853971 0.736929 0.978034 -0.0918523 1.50659 -8.89269
internal_weight=1950 658 148 1292 50 20 510 1162 130 222 775 376 150 387 98 354 70 63 50 60 23 288 30 399 72 33 171 117 48 7
internal_count=1460 339 74 1121 25 10 265 991 130 112 618 266 76 373 49 352 70 63 25 60 23 153 15 352 36 21 87 66 24 7
is_linear=0
shrinkage=0.05


Tree=14
num_leaves=31
num_cat=0
split_feature=2 3 4 4 3 0 1 0 1 3 0 0 4 1 7 4 4 5 4 4 1 4 4 3 4 0 4 3 2 1
split_gain=2.53392e+06 1.03185e+06 941106 1.91524e+06 267747 190762 166739 148930 295649 99255.2 86996.5 75497.3 73459 57153.7 72552.7 55627.2 49399.9 39926.3 38236 35726.7 34873.1 93848.9 32447.9 18804.1 11317.1 5080.77 4862.84 3479.18 1474.74 82.4474
threshold=6660.2450000000017 0.5120324171781685 36337.500000000007 36105.000000000007 0.90897889099141371 33911.850000000013 25784.965000000004 36394.350000000013 32110.460000000006 0.92397816463390459 38951.30000000001 38336.850000000013 30732.500000000004 29040.005000000005 5.5000000000000009 35555.000000000007 43067.500000000007 16.500000000000004 43067.500000000007 38535.000000000007 12794.325000000003 35865.000000000007 34325.000000000007 0.8989492713314281 40910.000000000007 33749.100000000013 36767.500000000007 0.85941673782007943 19216.745000000003 27539.135000000006
decision_type=2 2 2 2 2 2 2 2 2 2 2 2 2 2 2 2 2 2 2 2 2 2 2 2 2 2 2 2 2 2
left_child=2 5 3 10 13 20 17 8 -5 11 15 -6 29 27 -15 -1 -14 19 -19 -3 25 -22 28 -9 -11 -2 -24 -4 -7 -8
right_child=1 6 4 7 9 22 12 23 -10 24 -12 -13 16 14 -16 -17 -18 18 -20 -21 21 -23 26 -25 -26 -27 -28 -29 -30 -31
leaf_value=2.5648658025477613 -8.0150161885200664 -1.9469339094909968 -1.1011510572935406 12.635925501043145 5.0903725518120666 -2.0168821779886881 2.9018068313598628 9.1079347882952 23.860315322875977 2.251122001365379 7.3553039550781252 1.7199788133303326 -0.55495437008971849 1.1104814427719969 -0.66627730098930571 0.35096413963719419 1.730917779326439 -1.5419786164032416 0.51188586105902989 -4.3206754974696953 -3.4145809361809181 -8.5282734590418201 -4.9560520935058587 12.146707153320314 1.2452665065640005 -6.3385202789306643 -7.5023793538411443 -0.4546377917994624 -2.6598235737193718 2.6748054504394534
leaf_weight=112 47 51 38 22.000000000000004 54 14.999999999999998 12.000000000000002 14.000000000000002 7.9999999999999991 54 7.9999999999999991 24 433 257 74 38 25 406 24 23 19 17 5 7.9999999999999991 58 4.9999999999999991 3 46 22 5.9999999999999991
leaf_count=56 47 51 36 11 27 15 6 7 4 27 4 12 354 132 49 23 14 401 15 23 19 17 5 4 29 5 3 23 22 3
internal_value=0.0121305 -1.53899 2.1304 5.01429 1.12938 -5.67152 -0.978142 13.3376 15.6291 2.68392 2.27496 4.05333 -0.307042 0.417668 0.71326 2.00401 -0.43018 -1.61196 -1.42734 -2.68472 -7.02564 -5.82938 -3.02348 10.2129 1.73023 -7.85381 -5.91092 -0.747108 -2.39917 2.82614
internal_weight=1928 1113 815 210 605 133 980 52 30 190 158 78 476 415 331 150 458 504 430 74 88 36 45 22 112 52 8 84 37 18
internal_count=1444 1000 444 109 335 133 867 26 15 95 83 39 377 240 181 79 368 490 416 74 88 36 45 11 56 52 8 59 37 9
is_linear=0
shrinkage=0.05


Tree=15
num_leaves=31
num_cat=0
split_feature=2 1 4 4 3 2 0 1 4 3 3 4 4 6 7 0 0 0 0 4 7 0 2 4 6 6 4 4 0 2
split_gain=2.3807e+06 931164 779991 2.19118e+06 283188 240147 507778 163514 103090 102510 83942 69190.1 95085.5 68229.5 60971.6 60032.9 59256.6 57667.3 45046.5 44307.1 20505.4 20356.4 15469 58939.6 12932.5 11322 10552.7 10040.1 1040.67 438.13
threshold=7337.5800000000008 15152.985000000002 36337.500000000007 36105.000000000007 0.90897889099141371 2956.3700000000003 34092.750000000007 22773.825000000004 35555.000000000007 0.92397816463390459 0.84674034354883221 43067.500000000007 38535.000000000007 67.500000000000014 1.5000000000000002 38406.150000000009 38336.850000000013 34031.400000000001 36749.650000000009 36520.000000000007 5.5000000000000009 37764.250000000007 19874.465000000004 35052.000000000007 71.500000000000014 90.500000000000014 27195.000000000004 40910.000000000007 33749.100000000013 22706.800000000007
decision_type=2 2 2 2 2 2 2 2 2 2 2 2 2 2 2 2 2 2 2 2 2 2 2 2 2 2 2 2 2 2
left_child=2 17 3 8 10 6 -5 13 15 16 27 12 -9 19 -12 -1 -6 22 -7 -3 -19 -10 23 -2 -13 -11 -15 -4 -24 -22
right_child=1 7 4 5 9 18 -8 11 21 25 14 24 -14 26 -16 -17 -18 20 -20 -21 29 -23 28 -25 -26 -27 -28 -29 -30 -31
leaf_value=2.2401044364770253 -2.5974618554115287 -2.0536106272980019 -0.38044964588631347 11.350936762491859 4.7718795522054043 12.595043087005614 27.61339454650879 -0.48335381703717373 -0.50154467423756921 1.9379920145168026 2.0429320008680225 -1.1501425862312318 -2.1423399891251718 -0.54610457933611334 0.41538176888372846 4.979468568166098 1.7382805780930952 -6.2090851974487329 8.711419241768974 -4.7666148802813364 -2.5275358200073241 1.2960031373160226 -7.7304055107964418 -7.801904992496266 1.8764921092987059 0.79747508242726328 -1.7987466206153233 -1.7713774204254151 -6.7686163266499833 -1.825470161437988
leaf_weight=120 8.0000000000000018 27 177 12.000000000000002 60 16.000000000000004 7.9999999999999991 448 36 68 80 3.9999999999999991 107 18 205 24 22 4.9999999999999973 13.999999999999998 34 5 28 45 17 30 32 255 13.999999999999998 2.9999999999999991 4
leaf_count=60 8 27 129 6 30 8 4 384 22 34 40 3 107 18 109 12 11 5 7 34 5 14 45 17 15 16 253 14 3 4
internal_value=0.0377909 -1.63631 1.88369 4.21376 0.970071 13.612 17.8559 -1.17021 1.95458 2.64757 0.328674 -0.669064 -0.803194 -2.05396 0.872238 2.69667 3.95799 -6.58128 10.7827 -3.56578 -3.64178 0.284882 -7.14502 -6.13648 1.52042 1.57303 -1.71615 -0.482402 -7.67029 -2.21551
internal_weight=1926 1010 916 258 658 50 20 923 208 182 476 589 555 334 285 144 82 87 30 61 14 64 73 25 34 100 273 191 48 9
internal_count=1444 928 516 133 383 25 10 841 108 91 292 509 491 332 149 72 41 87 15 61 14 36 73 25 18 50 271 143 48 9
is_linear=0
shrinkage=0.05


Tree=16
num_leaves=31
num_cat=0
split_feature=3 3 4 4 7 3 4 4 0 0 0 6 3 4 4 2 4 0 7 3 3 6 3 0 4 4 4 6 2 4
split_gain=2.02431e+06 876251 825079 1.1443e+06 181380 164990 179545 193664 147469 452930 133691 127308 115966 108664 95888 69794.3 40371.3 32329.2 45836.1 29075.2 27927.9 26447.1 23400.3 19762.6 19665 18575.5 13062.8 4895.21 1523.41 1906.99
threshold=0.83317024099323056 0.5120324171781685 36349.500000000007 36105.000000000007 1.5000000000000002 0.76139817589729664 36337.500000000007 36105.000000000007 36023.700000000004 34889.150000000009 34721.750000000007 87.500000000000014 0.84858528003886402 43067.500000000007 38535.000000000007 5963.5950000000003 35217.000000000007 33161.400000000009 4.5000000000000009 0.87331874837011847 0.47272090415380602 70.500000000000014 0.90304404330679866 37456.900000000009 37332.500000000007 40295.000000000007 37332.500000000007 82.500000000000014 19216.745000000003 30732.500000000004
decision_type=2 2 2 2 2 2 2 2 2 2 2 2 2 2 2 2 2 2 2 2 2 2 2 2 2 2 2 2 2 2
left_child=1 10 3 15 11 13 7 -7 9 -5 17 12 -4 14 -3 27 -17 20 -19 26 -1 -15 -13 -10 -21 -8 -6 -2 -12 -30
right_child=2 5 4 8 19 6 25 -9 23 -11 28 22 -14 21 -16 16 -18 18 -20 24 -22 -23 -24 -25 -26 -27 -28 -29 29 -31
leaf_value=-7.1772696495056154 1.5728774510897123 -1.0897824502615563 0.025838396072387693 10.455059487479071 0.24770027459422247 1.0121397227238698 -0.51793782721729353 8.9873323440551758 10.946349225725443 26.874586995442709 -1.7752720979543828 -0.24358538885911307 3.7268374539803766 -2.1084101835886639 -2.9460191696505005 0.91582580566406246 4.421097004931906 -6.4781894683837891 -3.0003126270241207 1.9186823920199747 -4.1469808881481489 1.4125397440046072 1.5135549545288087 8.1811642964680988 0.61220576910912494 -1.6835196733474733 -0.89072023211298768 0.5002250221040514 -2.0750425858931103 -3.1307281221662251
leaf_weight=49 26 583 25 14.000000000000002 79 157 235 7.9999999999999991 14.000000000000002 5.9999999999999991 13.000000000000002 36 138 5.9999999999999991 79 9.9999999999999982 46 20 18 38 8.9999999999999982 48 40 11.999999999999998 119 40 37 18 11.000000000000002 6.9999999999999991
leaf_count=49 13 542 14 7 40 88 195 4 7 3 13 18 69 6 79 5 23 20 18 19 9 26 20 6 62 40 25 9 11 7
internal_value=0.056151 -1.10022 2.31089 5.6265 1.36542 -0.66711 0.0948828 1.39882 12.1531 15.3809 -5.0425 2.37122 3.1592 -1.13537 -1.3113 2.62428 3.79516 -5.96436 -4.83077 0.484887 -6.70705 1.02132 0.681225 9.67011 0.928423 -0.687477 -0.115417 1.13407 -2.18771 -2.48559
internal_weight=1941 1283 658 146 512 1156 440 165 46 20 127 239 163 716 662 100 56 96 38 273 58 54 76 26 157 275 116 44 31 18
internal_count=1447 1107 340 73 267 980 327 92 23 10 127 121 83 653 621 50 28 96 38 146 58 32 38 13 81 235 65 22 31 18
is_linear=0
shrinkage=0.05


Tree=17
num_leaves=31
num_cat=0
split_feature=2 1 4 4 3 1 4 4 1 3 0 3 0 0 4 4 6 0 6 0 3 4 0 1 4 2 6 4 6 2
split_gain=1.66019e+06 669156 536463 1.28951e+06 199283 89505.9 110889 84898 73786.2 71953.5 70067.3 63271.1 56385.4 91046.7 53107.6 48988.5 48783.5 40755.7 28968.2 27543.1 23584.9 32374.1 18007.3 14485.7 14252.8 12649.8 12425.9 9986.28 5370.44 4494
threshold=7560.6350000000011 17384.130000000005 36337.500000000007 36105.000000000007 0.90897889099141371 12794.325000000003 36520.000000000007 35555.000000000007 25658.695000000003 0.92397816463390459 38406.150000000009 0.84674034354883221 36394.350000000013 35311.750000000007 30732.500000000004 43067.500000000007 88.500000000000014 38935.350000000013 66.500000000000014 34031.400000000001 0.5840862028431032 38535.000000000007 37882.200000000004 14293.020000000002 43067.500000000007 3852.7550000000006 80.500000000000014 40910.000000000007 68.500000000000014 19874.465000000004
decision_type=2 2 2 2 2 2 2 2 2 2 2 2 2 2 2 2 2 2 2 2 2 2 2 2 2 2 2 2 2 2
left_child=2 5 3 7 11 19 23 10 20 17 -1 26 13 -5 -10 -16 -13 -6 -8 29 21 -3 -9 -7 -22 -14 -4 -11 -21 -2
right_child=1 8 4 12 9 6 18 22 14 27 -12 16 25 -15 15 -17 -18 -19 -20 28 24 -23 -24 -25 -26 -27 -28 -29 -30 -31
leaf_value=1.7650891991953057 -4.8740603129069013 -1.658795564975895 -0.022127126733295057 10.224300299750432 4.1100518960219166 -4.1356653822319851 -8.2418568747384189 -0.64608499874939795 2.8418981870015463 1.7913369849876124 4.6281243837796726 1.1652084985164681 10.459392738342281 16.635032081604006 -0.70827415989909526 1.6830920934677125 -0.19876758445586479 1.5428083766590466 -3.808235130310059 -1.6587567329406738 -1.2398577968233102 -4.0508372660726311 1.1602892702276058 -2.3119888139014342 0.16952839587864124 8.0243157386779789 -0.74621782504906087 0.82054494435970593 -4.650534820556639 -6.8727259190877277
leaf_weight=120 2.9999999999999991 122 119 18.000000000000004 52 13.999999999999998 14.000000000000002 37 11.999999999999998 54 26 198 8.0000000000000018 7.9999999999999991 311 23 98 22 4.9999999999999991 2.9999999999999991 321 15.999999999999998 22 49 19 15.999999999999998 118 52 3 45
leaf_count=60 3 122 78 9 26 14 14 25 6 27 13 101 4 4 261 12 53 11 5 3 316 16 11 49 12 8 102 26 3 45
internal_value=-0.0452804 -1.5186 1.41586 3.3841 0.711936 -4.76792 -3.727 1.62811 -0.982305 2.15036 2.27494 0.226164 10.5836 12.1968 -0.426183 -0.543599 0.713622 3.34682 -7.07511 -6.34857 -1.38485 -1.93613 0.0274783 -2.71725 -1.1611 8.83601 -0.382645 1.3151 -3.15465 -6.74781
internal_weight=1928 960 968 255 713 136 82 205 824 180 146 533 50 26 346 334 296 74 19 54 478 138 59 63 340 24 237 106 6 48
internal_count=1439 881 558 134 424 136 82 109 745 90 73 334 25 13 279 273 154 37 19 54 466 138 36 63 328 12 180 53 6 48
is_linear=0
shrinkage=0.05


Tree=18
num_leaves=31
num_cat=0
split_feature=2 1 4 4 0 1 1 3 1 4 4 3 0 6 5 4 4 4 2 0 3 4 4 0 5 5 2 0 4 2
split_gain=1.63194e+06 741124 613628 1.2929e+06 148772 154829 131667 130530 92735.7 107842 66688.7 66644.2 62384.2 62321.4 60296.4 74422.1 56803.3 45677.3 42294.8 38616.9 27674.4 36023.9 17393.8 10674.1 18136.4 10144.8 8376.64 6899.32 5930.62 4836.62
threshold=6382.2150000000011 17384.130000000005 36337.500000000007 36105.000000000007 36023.700000000004 31657.980000000007 25784.965000000004 0.90897889099141371 12794.325000000003 35052.000000000007 37332.500000000007 0.92397816463390459 38951.30000000001 66.500000000000014 21.500000000000004 37332.500000000007 43067.500000000007 30732.500000000004 6015.3950000000013 38935.350000000013 0.58589554083986328 36520.000000000007 43067.500000000007 34031.400000000001 16.500000000000004 22.500000000000004 2559.8700000000003 37456.900000000009 33577.500000000007 19874.465000000004
decision_type=2 2 2 2 2 2 2 2 2 2 2 2 2 2 2 2 2 2 2 2 2 2 2 2 2 2 2 2 2 2
left_child=2 8 3 12 5 -5 20 14 23 28 17 19 18 -11 15 -4 -12 -8 -1 -9 21 -3 -22 29 -25 -16 -13 -6 -10 -2
right_child=1 6 7 4 27 -7 10 11 9 13 16 26 -14 -15 25 -17 -18 -19 -20 -21 22 -23 -24 24 -26 -27 -28 -29 -30 -31
leaf_value=1.0331590136359721 -4.6303574879964193 -1.5169558172383586 1.5204546451568604 11.346829332624161 9.673006057739256 20.066475868225098 2.5565208244323734 4.0537165756225582 -2.3383689117431641 -7.2797857326010007 -1.240570921481714 0.82647588968276975 6.2861045837402347 -2.9486263146767251 -0.018249873973537181 -0.25494238203698466 1.4079300766405853 0.095686212940649551 2.767011734644572 1.4541110801696779 -1.1551947775118776 -3.5683297010568475 0.26851189006929815 -1.5758189201354982 -7.0737551371256489 -0.91123795832617815 1.7843076478867304 7.977507654825847 -0.66487832566102345 -6.7084371657598583
leaf_weight=85 2.9999999999999991 121 168 14.000000000000002 12.000000000000002 7.9999999999999991 20 50 45 23 169 50 7.9999999999999991 12.999999999999998 69 91 23 330 60 20 319 26 23 2.9999999999999991 3 59 42 11.999999999999998 5.9999999999999991 42
leaf_count=45 3 121 86 7 6 4 10 25 45 23 168 25 4 13 44 52 13 224 30 10 315 26 14 3 3 40 21 6 6 42
internal_value=-0.00481758 -1.17177 1.81894 4.1976 11.5477 14.5176 -0.71118 0.956734 -4.61288 -3.6205 -0.174478 2.14835 1.98777 -5.71576 0.457918 0.896667 -0.923303 0.236305 1.75062 3.31097 -1.30605 -1.87978 -1.05945 -6.30577 -4.32479 -0.429862 1.26375 8.82526 -2.14149 -6.5699
internal_weight=1917 1169 748 199 46 22 1031 549 138 87 542 162 153 36 387 259 192 350 145 70 489 147 342 51 6 128 92 24 51 45
internal_count=1434 1029 405 102 23 11 891 303 138 87 415 81 79 36 222 138 181 234 75 35 476 147 329 51 6 84 46 12 51 45
is_linear=0
shrinkage=0.05


Tree=19
num_leaves=31
num_cat=0
split_feature=3 4 4 3 0 1 1 4 4 3 0 4 1 6 4 5 2 2 4 4 3 4 1 0 4 0 0 4 0 9
split_gain=1.59413e+06 762121 1.09385e+06 747666 266401 635897 163718 107292 283264 105982 93211.4 50662.7 50491.1 73134.8 46982.4 75406.3 45827.9 37229.4 76256.8 31622.8 26149.6 25185.6 14984.7 12083.4 11091.9 6168.01 4739.29 4637.13 2766.07 727.721
threshold=0.83317024099323056 36349.500000000007 36105.000000000007 0.5120324171781685 36023.700000000004 31657.980000000007 25053.255000000001 36337.500000000007 36105.000000000007 0.90897889099141371 35195.900000000009 43067.500000000007 35136.160000000011 86.500000000000014 37332.500000000007 17.500000000000004 5963.5950000000003 20378.675000000003 36520.000000000007 35217.000000000007 0.58589554083986328 36520.000000000007 35307.650000000001 37456.900000000009 43067.500000000007 38610.250000000007 34144.500000000007 35555.000000000007 35311.750000000007 1.0000000180025095e-35
decision_type=2 2 2 2 2 2 2 2 2 2 2 2 2 2 2 2 2 2 2 2 2 2 2 2 2 2 2 2 2 2
left_child=3 2 16 10 5 -4 20 8 -8 14 17 -9 13 -11 15 -3 27 18 -1 -18 21 -5 -16 -6 -22 -14 -19 -2 -12 -30
right_child=1 9 4 6 23 -7 7 11 -10 12 28 -13 25 -15 22 -17 19 26 -20 -21 24 -23 -24 -25 -26 -27 -28 -29 29 -31
leaf_value=-2.8944154822916697 1.673911984761556 4.5682616915021628 10.001810455322264 -1.5230907383973038 9.3215818132672972 29.4571533203125 0.31728559712894633 -0.82462425655109828 8.8693508911132817 4.1723290883577793 -3.40516147613525 1.2523451611399652 0.32710013985633851 1.4658186316490174 -0.65904882774777607 0.78114845022299262 0.7197103118896484 -6.4250657168301677 -6.940185128317939 3.8632970428466802 -1.1226392444181621 -3.097740700468421 0.70149968777384075 7.2442028045654299 0.15939884355498687 1.4182084157186396 -5.0243944440569202 0.6452840226037162 -2.0275145939418246 -1.4690520095825192
leaf_weight=33 18 13.999999999999998 14.000000000000002 123 14.000000000000002 5.9999999999999991 305 356 9.9999999999999982 52 3.0000000000000027 32 15.999999999999998 48 73 215 9.9999999999999982 44 18 40 269 32 28 13.999999999999998 18 68 6.9999999999999991 28 14 10
leaf_count=33 9 7 7 123 7 3 202 315 5 26 3 18 8 24 47 108 5 44 18 20 265 32 14 7 11 34 7 14 14 10
internal_value=0.0547747 2.05326 5.26817 -0.977408 11.431 15.8384 -0.570842 -0.0967647 0.58878 1.15258 -4.58608 -0.653328 2.11409 2.8732 0.616467 1.01268 2.18674 -5.27758 -4.32233 3.23458 -1.32486 -1.84818 -0.281867 8.28289 -1.04223 1.21038 -6.23282 1.04779 -1.97375 -1.79482
internal_weight=1932 658 144 1274 48 20 1145 703 315 514 129 388 184 100 330 229 96 102 51 50 442 155 101 28 287 84 51 46 27 24
internal_count=1440 340 72 1100 24 10 971 540 207 268 129 333 92 50 176 115 48 102 51 25 431 155 61 14 276 42 51 23 27 24
is_linear=0
shrinkage=0.05


Tree=20
num_leaves=31
num_cat=0
split_feature=2 4 4 3 2 0 3 3 4 4 3 4 4 0 3 5 4 4 0 7 6 0 0 7 2 2 0 6 2 2
split_gain=1.51876e+06 536774 1.38637e+06 504293 199893 301303 165666 97581.8 73014.4 72438 68931.7 66211.5 58132 55693.4 51829.2 59386.6 49751.6 66066.1 45551.2 34428 28495 21422.5 19831.6 16041.1 20138.5 13054.6 11532.5 9761.2 6883.27 6509.69
threshold=7337.5800000000008 36337.500000000007 36105.000000000007 0.46372916772673095 2956.3700000000003 34092.750000000007 0.90897889099141371 0.58589554083986328 36520.000000000007 35555.000000000007 0.56177555334251683 40910.000000000007 37162.000000000007 33161.400000000009 0.84674034354883221 17.500000000000004 43067.500000000007 38535.000000000007 38570.900000000009 4.5000000000000009 71.500000000000014 35195.900000000009 38995.200000000004 3.5000000000000004 19874.465000000004 5457.6150000000007 37764.250000000007 81.500000000000014 19874.465000000004 23403.485000000004
decision_type=2 2 2 2 2 2 2 2 2 2 2 2 2 2 2 2 2 2 2 2 2 2 2 2 2 2 2 2 2 2
left_child=1 2 9 13 5 -4 14 8 -5 18 -10 12 -8 23 27 -16 17 -9 -1 21 -18 -15 -13 24 -2 -6 -11 -3 -25 -21
right_child=3 6 4 7 25 -7 11 16 10 26 -12 22 -14 19 15 -17 20 -19 -20 29 -22 -23 -24 28 -26 -27 -28 -29 -30 -31
leaf_value=1.8789712856797611 -2.5454176538756905 -0.014522261329387366 9.2133824920654259 -1.4520066401176157 7.8507815361022955 22.231953334808352 1.720442617300785 -0.54612903035710658 -6.1338813937372638 -0.53751718647339775 -1.8160329178759929 -0.79709687232971194 3.9106821468898225 -5.9392847061157212 3.420206451416016 0.53090266886589343 -1.6633684317270916 -1.8573517684278817 4.8742152077811109 -1.7031740621516578 1.4505057299695912 -2.7353910207748413 1.2465497903201892 -7.6690919664171009 -6.0421237564086923 10.001015319824219 0.97560515403747561 -0.71327297312490057 -6.0565330505371096 -3.9224291503429414
leaf_weight=136 7.0000000000000027 114 10.000000000000002 160 24 7.9999999999999991 66 559 18 34 19 15.999999999999998 56 15.000000000000002 19 278 8.9999999999999982 116 13.999999999999998 19.000000000000004 40 7.9999999999999991 46 8.9999999999999982 9.9999999999999982 9.9999999999999982 20 89 25 3.9999999999999991
leaf_count=68 7 74 5 160 12 4 33 495 18 21 19 8 28 15 10 145 8 116 7 19 20 8 23 9 10 5 10 77 25 4
internal_value=0.048716 1.49788 3.45091 -1.28941 10.7388 14.9994 0.76692 -0.928257 -1.9149 1.59321 -3.91661 2.04965 2.7258 -4.71852 0.294876 0.71574 -0.659791 -0.771465 2.15853 -3.45701 0.87857 -4.82489 0.719157 -5.85636 -4.6023 8.4832 0.0228985 -0.320871 -6.48339 -2.08913
internal_weight=1958 940 256 1018 52 18 684 921 197 204 37 184 122 97 500 297 724 675 150 46 49 23 62 51 17 34 54 203 34 23
internal_count=1463 530 132 933 26 9 398 836 197 106 37 92 61 97 306 155 639 611 75 46 28 23 31 51 17 17 31 151 34 23
is_linear=0
shrinkage=0.05


Tree=21
num_leaves=31
num_cat=0
split_feature=2 1 4 4 3 2 0 4 4 1 1 4 0 4 1 4 4 4 4 0 4 7 6 1 0 0 1 6 0 4
split_gain=1.18196e+06 455023 357111 1.05301e+06 145234 70582.4 185891 62201.6 57386.6 55281.7 55142.2 88159.4 51875 46724.7 79238.6 45614.3 42920.4 41153.7 39092.6 34370.9 26227.3 85974.8 19624.7 19224.3 17319.9 13569.1 13131.2 9390.78 8902.02 8896.79
threshold=7560.6350000000011 17384.130000000005 36337.500000000007 36105.000000000007 0.90304404330679866 2956.3700000000003 34092.750000000007 35555.000000000007 40910.000000000007 22370.240000000005 14293.020000000002 36520.000000000007 38570.900000000009 37332.500000000007 30607.090000000004 30732.500000000004 37162.000000000007 43067.500000000007 29507.500000000004 33749.100000000013 38535.000000000007 3.5000000000000004 66.500000000000014 13878.09 38995.200000000004 37882.200000000004 35307.650000000001 69.500000000000014 37456.900000000009 27195.000000000004
decision_type=2 2 2 2 2 2 2 2 2 2 2 2 2 2 2 2 2 2 2 2 2 2 2 2 2 2 2 2 2 2
left_child=2 10 3 7 13 6 -5 12 16 20 19 -12 -1 14 -4 18 -6 -17 -11 23 29 -22 -13 -2 -10 -9 -15 -21 -7 -3
right_child=1 9 4 5 8 28 -8 25 24 15 11 22 -14 26 -16 17 -18 -19 -20 27 21 -23 -24 -25 -26 -27 -28 -29 -30 -31
leaf_value=1.4862687532718366 -5.2605115977617416 -0.24398605480790136 -0.23103627132673174 8.2213207244873026 1.5755878570752266 8.5464804458618158 19.000096638997398 -0.58641475965810386 -0.89877335131168368 -1.0795767003839662 -1.8120607100725175 -7.0601898193359363 4.6895481109619146 -0.64081094089871771 1.3287462348613559 -0.78827560702013721 3.3716026865202808 0.84294673147655674 2.6313860893249514 -2.1541558861732475 -1.3472120659344871 -7.6757482256208149 -3.5579835683107377 -9.3768844604492188 1.0007800519466401 0.98998689413070684 0.6635173992677168 -4.7332649993896485 6.8238831202189134 -1.3480835751845288
leaf_weight=130 52 20 168 12.000000000000002 78 20 5.9999999999999991 43 15.999999999999998 11.000000000000002 50 12.000000000000002 13.999999999999998 157 158 487 58 42 20 12.000000000000002 23.000000000000004 6.9999999999999991 5.9999999999999991 2.9999999999999991 48 20 22 4.9999999999999991 11.999999999999998 208
leaf_count=65 52 20 107 6 39 10 3 29 8 11 50 12 7 125 79 437 29 24 10 12 21 7 6 3 24 10 11 5 6 208
internal_value=-0.0361714 -1.27933 1.20182 2.79737 0.620176 9.30945 11.8142 1.22441 1.76053 -0.828522 -3.91333 -2.89225 1.7977 0.16855 0.524932 -0.549525 2.34154 -0.658765 1.31459 -4.87769 -1.4341 -2.82387 -5.89279 -5.48504 0.525892 -0.0859698 -0.480502 -2.91272 7.90051 -1.25123
internal_weight=1920 958 962 257 705 50 18 207 200 818 140 68 144 505 326 560 136 529 31 72 258 30 18 55 64 63 179 17 32 228
internal_count=1436 878 558 136 422 25 9 111 100 738 140 68 72 322 186 482 68 461 21 72 256 28 18 55 32 39 136 17 16 228
is_linear=0
shrinkage=0.05


Tree=22
num_leaves=31
num_cat=0
split_feature=2 1 4 4 3 7 6 4 1 4 4 4 1 1 7 2 1 6 6 6 7 2 1 6 4 1 6 1 4 5
split_gain=1.05815e+06 427943 315998 733247 123236 115479 113584 54155.2 52332.8 71900.6 52025.3 72774.5 82952.7 50622.3 47281.9 43499 42608.2 39335.9 20160.9 20114.6 12213.5 24740.4 11350.6 10866.1 10453.6 9881.39 6700.34 5752.63 3507.03 2536.76
threshold=7560.6350000000011 17384.130000000005 36337.500000000007 36105.000000000007 0.85627634891061633 1.5000000000000002 87.500000000000014 35555.000000000007 12794.325000000003 35052.000000000007 43067.500000000007 38535.000000000007 20384.275000000005 31932.610000000004 1.0000000180025095e-35 2453.4250000000006 29993.085000000003 66.500000000000014 71.500000000000014 91.500000000000014 5.5000000000000009 24050.120000000003 30162.910000000003 82.500000000000014 37332.500000000007 32772.895000000004 69.500000000000014 26192.095000000005 34905.000000000007 22.500000000000004
decision_type=2 2 2 2 2 2 2 2 2 2 2 2 2 2 2 2 2 2 2 2 2 2 2 2 2 2 2 2 2 2
left_child=2 8 3 7 23 6 -6 16 20 28 11 14 -13 15 -3 -5 -1 -11 -12 -7 26 -22 -9 24 -4 -15 -2 -20 -10 -25
right_child=1 10 4 13 5 19 -8 22 9 17 18 12 -14 25 -16 -17 -18 -19 27 -21 21 -23 -24 29 -26 -27 -28 -29 -30 -31
leaf_value=0.8934138929142672 -5.2114988470077517 0.52254590557681191 0.25038040378771792 7.1932469940185531 2.8830776948777457 0.52410378644261701 0.43563315770343736 -1.2289298943110876 -1.7563724340462104 -6.208109564530222 -1.4941904306411744 -7.7396866162617997 -1.7142140678623143 4.7478146235148087 -0.83727352906998842 11.510932758876256 2.5957606756687164 -2.7829435515403751 0.65580375231802468 -0.77617705515452795 -2.2413044738769532 -6.3025347391764326 0.40563640323552219 -0.56052009698785388 -0.61120928399837937 7.061344223022461 -7.6614766438802082 1.8550357723236084 0.014608112970987956 -1.1771973564511253
leaf_weight=68 40 72 109 10.000000000000002 126 198 76 13.999999999999998 41 19 7.9999999999999991 5.9999999999999991 119 6.0000000000000027 570 13.999999999999998 80 14.999999999999998 20 35 9.9999999999999982 5.9999999999999991 44 81 52 20 2.9999999999999991 20 2.9999999999999991 21
leaf_count=34 40 53 56 5 63 102 38 14 41 19 7 6 119 3 532 7 40 15 12 20 10 6 22 70 50 10 3 10 3 21
internal_value=-0.055039 -1.23438 1.12183 2.62443 0.570727 1.08732 1.96226 1.3061 -3.81999 -2.97007 -0.799741 -0.899677 -2.00344 8.05599 -0.68477 9.7119 1.8136 -4.69701 0.797151 0.328783 -4.9436 -3.76427 0.0110859 -0.283706 -0.027897 6.52745 -5.38243 1.25542 -1.63562 -0.687483
internal_weight=1906 952 954 256 698 435 202 206 137 78 815 767 125 50 642 24 148 34 48 233 59 16 58 263 161 26 43 40 44 102
internal_count=1431 876 555 135 420 223 101 110 137 78 739 710 125 25 585 12 74 34 29 122 59 16 36 197 106 13 43 22 44 91
is_linear=0
shrinkage=0.05


Tree=23
num_leaves=31
num_cat=0
split_feature=3 4 4 3 0 0 7 3 4 4 6 4 0 2 4 4 4 0 0 4 2 4 2 6 7 0 4 6 3 0
split_gain=1.12405e+06 516144 766471 395986 176551 525451 110273 87508.9 81688.4 179672 75747.4 82333.9 55249.8 42389.9 36471 50118.8 29754 24223.4 21557.2 21412.3 35885.5 16569.3 14770 14315.6 13575.2 24112 13396 5621.13 4639.05 1068.72
threshold=0.83317024099323056 36349.500000000007 36105.000000000007 0.5120324171781685 35672.700000000004 34092.750000000007 1.5000000000000002 0.72685338808319533 36337.500000000007 36105.000000000007 87.500000000000014 37162.000000000007 33911.850000000013 5963.5950000000003 43067.500000000007 38535.000000000007 35217.000000000007 40990.30000000001 37456.900000000009 36337.500000000007 19874.465000000004 40295.000000000007 3419.0850000000005 70.500000000000014 4.5000000000000009 35195.900000000009 37332.500000000007 82.500000000000014 0.49433252813407763 41620.30000000001
decision_type=2 2 2 2 2 2 2 2 2 2 2 2 2 2 2 2 2 2 2 2 2 2 2 2 2 2 2 2 2 2
left_child=3 2 13 12 5 -4 10 14 9 -9 11 -3 19 27 15 -5 -15 26 -6 20 -1 -10 -12 -16 25 -14 -8 -2 -21 -19
right_child=1 6 4 7 18 -7 17 8 21 -11 22 -13 24 16 23 -17 -18 29 -20 28 -22 -23 -24 -25 -26 -27 -28 -29 -30 -31
leaf_value=-2.2640062938140626 1.2515537023544312 0.98113681019749499 7.4505922953287742 -0.94607344488866518 8.3457429409027082 25.572584025065105 0.51850672387828434 0.25983216269748416 -0.49467247013250992 7.0925691986083992 0.97078309059143075 3.3112535148538571 -4.9840139044655674 0.35942919731140138 -1.8245035648345949 -2.4473986979573965 3.357461107770602 2.0251591086387633 5.5422833760579433 -5.3841418098000915 -4.7790191469965757 -1.4315716406064374 -0.47421404554375579 0.82454421266036881 -1.1465608263015747 -1.8422960180985299 -0.19907778287437602 0.14707941479153105 -7.5167658487955737 1.3173706054687502
leaf_weight=23 32 64 12.000000000000002 423 16.000000000000004 5.9999999999999991 120 254 300 9.9999999999999982 48 93 9.0000000000000018 9.9999999999999982 5.9999999999999991 64 48 16.000000000000004 11.999999999999998 17.000000000000004 37 56 28 34 20 19 142 18 2.9999999999999991 7.9999999999999991
leaf_count=23 16 32 6 412 8 3 60 166 260 5 24 47 9 5 6 64 24 8 6 17 37 56 14 19 20 19 81 9 3 4
internal_value=0.0277897 1.68096 4.22293 -0.844823 9.62787 13.4913 0.92669 -0.550464 -0.147817 0.518648 1.73416 2.3614 -3.48256 1.92083 -1.02417 -1.14337 2.84056 0.268858 7.14426 -4.28721 -3.81493 -0.64205 0.438416 0.427187 -2.14148 -2.85213 0.129587 0.853943 -5.70404 1.78923
internal_weight=1948 673 154 1275 46 18 519 1147 620 264 233 157 128 108 527 487 58 286 28 80 60 356 76 40 48 28 262 50 20 24
internal_count=1463 347 77 1116 23 9 270 988 487 171 117 79 128 54 501 476 29 153 14 80 60 316 38 25 48 28 141 25 20 12
is_linear=0
shrinkage=0.05


Tree=24
num_leaves=31
num_cat=0
split_feature=1 1 4 4 4 4 0 6 1 4 3 0 4 1 4 1 5 4 7 1 8 0 6 1 6 0 0 0 0 0
split_gain=836382 336952 311274 714262 130598 108628 76642.6 65678.3 63663.5 55951.4 54060.8 48760.1 48494.5 46279.9 80841.6 43595.5 41067.7 37842.3 17538.6 16214.6 54182.3 14729.8 13212.7 12326 10863.1 9198.61 9152.22 8554.78 6079.21 5980.11
threshold=28835.100000000006 17384.130000000005 36337.500000000007 36105.000000000007 37332.500000000007 37162.000000000007 36023.700000000004 87.500000000000014 25784.965000000004 30732.500000000004 0.87411612394992899 34092.750000000007 35555.000000000007 12794.325000000003 36520.000000000007 35819.280000000006 16.500000000000004 35217.000000000007 5.5000000000000009 19698.085000000003 3.5000000000000004 34031.400000000001 65.500000000000014 33761.67500000001 66.500000000000014 37669.350000000006 32027.050000000003 34721.750000000007 40990.30000000001 33762.450000000004
decision_type=2 2 2 2 2 2 2 2 2 2 2 2 2 2 2 2 2 2 2 2 2 2 2 2 2 2 2 2 2 2
left_child=1 13 3 12 5 10 11 -7 19 27 -4 -5 17 18 26 -6 -11 -2 29 20 -3 -20 -21 -8 -16 -14 -15 -10 -17 -1
right_child=2 8 4 6 15 7 23 -9 9 16 -12 -13 25 14 24 28 -18 -19 21 22 -22 -23 -24 -25 -26 -27 -28 -29 -30 -31
leaf_value=-4.744435420789217 0.9892794514695803 -6.6185299110412608 -0.033940289458581088 7.756543731689451 -0.58083854198311147 2.9961804842948916 7.3905049324035632 0.3936672439798713 0.88873572879367413 1.9380003527591105 1.4516916720372326 12.795974429448446 -0.40100620814732146 -2.6646351870615037 -5.9631770070393868 0.5734143390375025 -0.44488979298023779 2.9024823325020925 -4.4925588766733808 1.4914604345957438 -1.2837948209107526 -0.98901414871215809 -0.87342104524787934 4.9867960929870607 -3.2720690917968756 0.79334563048262341 -1.2763134013051571 2.391237602233887 1.6401006915352561 -7.0632405598958332
leaf_weight=38 48 4.9999999999999991 145 8.0000000000000018 206 100 16.000000000000004 32 18 19 106 11.999999999999998 28 15.999999999999998 15.000000000000002 34 374 56 5.9999999999999982 5.9999999999999991 99 6 378 7.9999999999999991 4.9999999999999991 38 46 20 22 2.9999999999999991
leaf_count=38 24 5 86 4 163 50 8 16 9 10 53 6 18 16 15 17 289 28 6 5 99 6 364 4 5 19 46 10 11 3
internal_value=0.00581862 -0.938005 1.1639 2.81631 0.615657 1.20411 8.49424 2.36527 -0.595362 -0.15254 0.593458 10.7802 1.34673 -3.27052 -2.52625 -0.244559 -0.329686 2.01947 -4.42203 -0.986461 -1.54027 -2.74079 -0.83647 6.58927 -5.2904 0.286651 -1.63459 1.67953 0.99247 -4.9141
internal_weight=1913 1054 859 214 645 383 44 132 919 431 251 20 170 135 82 262 393 104 53 488 104 12 384 24 20 66 62 38 56 41
internal_count=1433 926 507 111 396 205 22 66 791 318 139 10 89 135 82 191 299 52 53 473 104 12 369 12 20 37 62 19 28 41
is_linear=0
shrinkage=0.05


Tree=25
num_leaves=31
num_cat=0
split_feature=1 1 4 4 2 7 6 1 4 1 4 4 4 5 0 0 6 4 2 4 6 0 0 7 0 4 2 0 0 6
split_gain=757033 339328 254899 420963 116000 103633 60734.7 50166.5 64852 47553.1 39268.2 37738.9 48932.4 25709.8 19735.3 35938.6 15845.4 16630.6 15015 14791.8 11550.7 11282 10845.2 7315.3 14737.4 7216.54 13481.2 10944.6 6278.16 5334.5
threshold=28835.100000000006 17384.130000000005 36337.500000000007 36105.000000000007 5541.6000000000013 1.5000000000000002 87.500000000000014 12794.325000000003 36520.000000000007 25784.965000000004 30732.500000000004 35555.000000000007 35217.000000000007 16.500000000000004 37456.900000000009 35114.450000000004 69.500000000000014 43067.500000000007 14939.355000000001 37332.500000000007 70.500000000000014 32027.050000000003 33052.05000000001 5.5000000000000009 33749.100000000013 38535.000000000007 12057.530000000001 38741.250000000007 34721.750000000007 69.500000000000014
decision_type=2 2 2 2 2 2 2 2 2 2 2 2 2 2 2 2 2 2 2 2 2 2 2 2 2 2 2 2 2 2
left_child=1 7 3 11 5 6 -4 23 21 16 28 12 -2 -12 15 -5 18 -18 -3 -7 -13 -9 -10 29 -25 27 -27 -6 -11 -1
right_child=2 9 4 14 25 19 -8 8 22 10 13 20 -14 -15 -16 -17 17 -19 -20 -21 -22 -23 -24 24 -26 26 -28 -29 -30 -31
leaf_value=-4.5356861568632585 0.83677124724938323 -1.1771051681703992 2.6263630216404543 5.1872739315032961 -0.19777250987935369 0.98344519330609226 0.67255463141947991 -2.8374194467768952 -4.1904488881429023 0.84429895480473849 1.5951185822486877 2.0541306138038635 3.0274643974304198 -0.45459531175458329 5.0298109690348305 8.5889135534113112 -0.88990642729558445 0.5555137784708114 -2.6445578150127247 0.066197531389084879 0.002009167770544688 -1.3463740010261536 -6.7056794484456379 -5.044010225931804 -1.5395559151967364 -0.97607334255580869 1.09268430074056 1.9735909144083661 2.2560589654105052 -6.7181035359700516
leaf_weight=42 52 72 118 11.999999999999998 177 62 60 17 15.000000000000002 18 15.999999999999998 7.9999999999999991 50 349 11.999999999999998 22 380 21 23 151 48 50 5.9999999999999991 5.9999999999999982 6 63 8.9999999999999982 5.9999999999999991 13.999999999999998 2.9999999999999991
leaf_count=42 26 72 59 6 126 31 30 17 15 9 8 4 25 268 6 11 375 13 23 82 29 50 6 6 6 63 6 3 7 3
internal_value=-0.0836007 -0.989619 1.02281 2.56361 0.53624 1.07732 1.96778 -3.2331 -2.48461 -0.625336 -0.217505 1.33807 1.91064 -0.364745 6.77307 7.38833 -0.951764 -0.814211 -1.53238 0.33319 0.295169 -1.7247 -4.90909 -4.38868 -3.29178 -0.293422 -0.717479 -0.12658 1.46194 -4.68118
internal_weight=1888 1038 850 204 646 391 178 145 88 893 397 158 102 365 46 34 496 401 95 213 56 67 21 57 12 255 72 183 32 45
internal_count=1427 920 507 107 400 202 89 145 88 775 292 84 51 276 23 17 483 388 95 113 33 67 21 57 12 198 69 129 16 45
is_linear=0
shrinkage=0.05


Tree=26
num_leaves=30
num_cat=0
split_feature=1 3 4 1 4 1 0 0 6 3 1 4 4 4 6 0 7 0 4 7 1 4 6 4 3 1 1 0 4
split_gain=757103 249821 734532 233729 107810 87631.8 64193.2 197786 43955 43116.4 36916.3 79227.8 31375.5 25163.3 20123.1 16230.3 22542.2 15099.9 15054.9 15037.3 14405.3 13437.6 12700.7 13436.3 11259.5 10347.8 8900.03 2909.74 2003.18
threshold=26605.585000000006 0.89725859682965725 36767.500000000007 15152.985000000002 37332.500000000007 30607.090000000004 34092.750000000007 35672.700000000004 70.500000000000014 0.87542446380032002 19698.085000000003 36520.000000000007 40910.000000000007 43067.500000000007 87.500000000000014 33255.850000000006 4.5000000000000009 40225.700000000004 38535.000000000007 3.5000000000000004 36024.745000000003 34325.000000000007 65.500000000000014 35865.000000000007 0.79062730257220404 13878.09 13878.09 34031.400000000001 27195.000000000004
decision_type=2 2 2 2 2 2 2 2 2 2 2 2 2 2 2 2 2 2 2 2 2 2 2 2 2 2 2 2 2
left_child=3 4 6 15 5 8 -3 -8 -2 -7 11 28 14 24 -4 19 26 -15 -13 21 -14 -1 -12 -24 -6 -21 -17 -18 -5
right_child=1 2 12 10 13 9 7 -9 -10 -11 22 18 20 17 -16 16 27 -19 -20 25 -22 -23 23 -25 -26 -27 -28 -29 -30
leaf_value=-1.6312403321266169 1.9923947005560905 6.9622642517089819 2.1131714900334675 -0.32933095863887241 -1.1864867747681482 1.1665555197957571 17.628108584880831 6.5098374366760261 0.092141202630479924 3.1743424769242607 1.7406674957275392 -3.5201599240303034 -0.55565838718414307 -0.85884429727281797 0.80843702446330679 -4.9780789462002843 -2.2934497015816824 1.9254290997982026 -6.375813696781794 -4.6227314258443899 0.880116156874032 -4.1687276204427084 -0.55416635489904331 -1.1110232352426177 -0.43105182232123296 -7.3355515480041511 -2.4339194488525391 -0.93424001269870338 -1.1992795869338611
leaf_weight=8.0000000000000018 33 10.000000000000002 90 6.9999999999999991 70 246 7.9999999999999991 7.9999999999999991 391 30 4.9999999999999991 20.000000000000004 25 7.0000000000000027 44 10.999999999999998 6.9999999999999991 15.999999999999998 5.9999999999999991 29 58 14.999999999999998 252 190 167 3.9999999999999991 4.9999999999999991 8.9999999999999982 121
leaf_count=8 17 5 45 7 70 123 4 4 258 15 4 20 14 5 22 11 7 8 6 29 29 15 241 180 135 4 5 9 121
internal_value=-0.0259607 0.730983 2.16312 -1.34759 0.368473 0.691399 10.1049 12.069 0.240038 1.38479 -0.995203 -1.66283 1.21158 -0.500941 1.68475 -3.75424 -2.85596 1.07804 -4.17916 -4.26754 0.447654 -3.28612 -0.765192 -0.793539 -0.654176 -4.95156 -4.18303 -1.52889 -1.1517
internal_weight=1892 1203 243 689 960 700 26 16 424 276 601 154 217 260 134 88 32 23 26 56 83 23 447 442 237 33 16 16 128
internal_count=1421 754 123 667 631 413 13 8 275 138 579 154 110 218 67 88 32 13 26 56 43 23 425 421 205 33 16 16 128
is_linear=0
shrinkage=0.05


Tree=27
num_leaves=31
num_cat=0
split_feature=2 1 4 4 2 0 2 7 6 1 4 4 4 0 4 2 0 7 6 4 5 7 4 1 1 0 4 6 0 0
split_gain=761921 290033 279408 701798 117565 201737 75969.6 80957.6 81387 43629.6 37415.8 29384.3 28504.1 27044.8 24813.9 23494.8 22866.6 20938.3 19513.1 29964 19104.5 18644.1 26568.7 18034 17643.7 12100.2 6029.71 5579.84 6632.09 4166.34
threshold=7337.5800000000008 16951.125000000004 36337.500000000007 36105.000000000007 2956.3700000000003 34092.750000000007 5541.6000000000013 1.5000000000000002 87.500000000000014 22773.825000000004 35555.000000000007 30732.500000000004 43067.500000000007 33161.400000000009 29507.500000000004 24050.120000000003 36599.700000000004 4.5000000000000009 69.500000000000014 38535.000000000007 21.500000000000004 3.5000000000000004 35865.000000000007 31596.535 16554.865000000002 37764.250000000007 43067.500000000007 82.500000000000014 35769.450000000004 33793.400000000001
decision_type=2 2 2 2 2 2 2 2 2 2 2 2 2 2 2 2 2 2 2 2 2 2 2 2 2 2 2 2 2 2
left_child=2 13 3 10 5 -5 7 8 -4 18 16 14 -13 21 -11 17 -1 -15 19 -3 -9 22 -2 -6 -23 -12 -20 28 -8 -17
right_child=1 9 6 4 23 -7 27 20 -10 11 25 12 -14 15 -16 29 -18 -19 26 -21 -22 24 -24 -25 -26 -27 -28 -29 -30 -31
leaf_value=0.84580095894634733 -1.5232574979464211 -1.2242297009896426 2.3893416844308377 6.0941510009765603 7.9732334136962892 16.746703386306763 1.1119955236261541 0.5504609120978835 0.28802669244921869 -0.87482286029391787 -0.58032936471881291 -0.51435536684024907 0.92150274160745982 -2.8393855946404596 2.3406262715657551 -3.939633083343506 2.1137950775027274 -0.8267844448486964 -0.90243209919361311 -3.554748962985145 -0.43251635274466349 -4.6527252651396251 -4.6423027732155537 5.2814280101231175 -1.5107386398315432 0.86194989222746621 0.35370012298226361 -0.5881965833849141 -0.17460138513041396 -6.4045703887939442
leaf_weight=64 18.000000000000004 59 128 10.000000000000002 7.9999999999999991 7.9999999999999991 10.999999999999998 181 72 9.0000000000000018 33 525 37 28 18 3.9999999999999991 80 24 214 18 68 42 10.999999999999998 28 4.9999999999999991 26 9.9999999999999982 84 112 3
leaf_count=32 18 59 64 5 4 4 6 93 37 9 21 467 21 28 9 4 40 24 214 18 38 42 11 14 5 13 7 73 71 3
internal_value=0.0154222 -0.920245 1.06587 2.46333 7.52928 10.8286 0.51839 0.883733 1.63287 -0.592676 1.11574 -0.342416 -0.419824 -3.07978 1.26881 -2.27657 1.55024 -1.91049 -1.08239 -1.76903 0.282017 -3.70332 -2.70634 5.87961 -4.31847 0.0552513 -0.846355 -0.274067 -0.0595399 -4.99603
internal_weight=1938 1025 913 257 54 18 656 449 200 890 203 589 562 135 27 59 144 52 301 77 249 76 29 36 47 59 224 207 123 7
internal_count=1454 939 515 133 27 9 382 232 101 804 106 506 488 135 18 59 72 52 298 77 131 76 29 18 47 34 221 150 77 7
is_linear=0
shrinkage=0.05


Tree=28
num_leaves=31
num_cat=0
split_feature=2 4 4 3 2 0 3 7 0 4 3 0 4 4 4 6 0 6 2 5 7 4 4 2 4 2 0 2 2 7
split_gain=621056 301744 665960 203971 95631.1 197076 82361.2 51459.6 47716.4 42426.5 37878.3 37620.1 28400.9 28053.5 31322.8 21602.4 15655.8 15463.6 33617.4 14566 25400.5 12923.2 32852.7 12504.4 10872.3 9647.83 7504.09 3608.03 431.168 702.541
threshold=7560.6350000000011 36337.500000000007 36105.000000000007 0.5120324171781685 2956.3700000000003 34092.750000000007 0.87166288721986007 2.5000000000000004 35635.250000000007 35555.000000000007 0.62034867363898505 35311.750000000007 35217.000000000007 30732.500000000004 29507.500000000004 66.500000000000014 40390.80000000001 66.500000000000014 19874.465000000004 16.500000000000004 3.5000000000000004 37332.500000000007 37010.000000000007 5457.6150000000007 43067.500000000007 18150.760000000006 37764.250000000007 7150.8800000000001 19216.745000000003 5.5000000000000009
decision_type=2 2 2 2 2 2 2 2 2 2 2 2 2 2 2 2 2 2 2 2 2 2 2 2 2 2 2 2 2 2
left_child=1 2 9 11 5 -4 21 8 -8 12 19 17 -1 14 -12 -15 -9 25 -19 20 -5 22 -3 -6 -21 -2 -11 -23 -13 -30
right_child=3 6 4 10 23 -7 7 16 -10 26 13 28 -14 15 -16 -17 -18 18 -20 24 -22 27 -24 -25 -26 -27 -28 -29 29 -31
leaf_value=0.81622402629791169 -4.8406647427876797 -0.3685308881764171 5.7780511856079091 -1.1119829925532276 5.0173566409519745 15.909368181228638 0.32414934161034498 -0.21122538291595203 1.951268713575014 -0.50631877434881112 -0.47107289716601369 -0.84646803048940777 2.1743565534290514 1.5698514204758864 2.3272650527954104 -0.49315982392503266 1.0265041695700752 -0.80416182676951087 -3.4903948465983072 -0.99256807343494258 -3.496324744820595 -0.82309266488943544 0.84589970704427986 6.9464916865030935 0.56496274024248128 -3.3250449289594379 0.65403817133470021 -0.23199890170778548 -1.5530984520912172 -0.83736829757690412
leaf_weight=78 14.999999999999998 158 12.000000000000002 37 28 7.9999999999999991 66 88 142 38 20 13.000000000000002 76 12.999999999999998 20 531 36 18 33 169 15.999999999999998 67 86 11.999999999999998 11.999999999999998 35 22 42 7.9999999999999982 6
leaf_count=39 15 103 6 37 14 4 33 47 71 24 20 13 38 9 10 472 18 18 33 169 16 54 43 6 7 35 11 42 8 6
internal_value=0.0532844 0.949937 2.35227 -0.85569 7.00759 9.83058 0.389005 0.954338 1.43497 1.04703 -0.565263 -2.7117 1.48647 -0.34989 0.928096 -0.44386 0.148115 -3.1549 -2.54231 -1.10277 -1.83178 -0.142696 0.0595061 5.5961 -0.889306 -3.77973 -0.0808546 -0.595332 -1.05382 -1.24636
internal_weight=1905 959 274 946 60 20 685 332 208 214 818 128 154 584 40 544 124 101 51 234 53 353 244 40 181 50 60 109 27 14
internal_count=1421 553 142 868 30 10 411 169 104 112 740 128 77 511 30 481 65 101 51 229 53 242 146 20 176 50 35 96 27 14
is_linear=0
shrinkage=0.05


Tree=29
num_leaves=30
num_cat=0
split_feature=1 1 3 4 4 7 1 4 4 7 0 3 4 4 3 4 0 4 0 3 4 6 2 7 6 4 1 6 2
split_gain=507696 156171 143629 167085 161850 57110.6 53829.7 46617.9 122445 33900.1 32924 27378.8 69915.7 25440.7 25186.9 24299.1 17472.6 15510.4 13581.9 13435.3 11966.6 11546.4 9527.69 21969.4 9331.07 8957.23 7365.29 1254.58 1174.08
threshold=25784.965000000004 15152.985000000002 0.83422637756788054 36349.500000000007 36105.000000000007 1.5000000000000002 31198.010000000002 36337.500000000007 36105.000000000007 1.0000000180025095e-35 34889.150000000009 0.56177555334251683 36520.000000000007 35555.000000000007 0.55237662636919438 43067.500000000007 33749.100000000013 38535.000000000007 39783.55000000001 0.87411612394992899 34325.000000000007 65.500000000000014 19874.465000000004 2.5000000000000004 65.500000000000014 35865.000000000007 21226.560000000005 65.500000000000014 22192.805000000004
decision_type=2 2 2 2 2 2 2 2 2 2 2 2 2 2 2 2 2 2 2 2 2 2 2 2 2 2 2 2 2
left_child=1 16 7 4 13 6 -5 8 9 -2 -6 12 27 -4 -14 17 22 -9 -17 -7 24 26 23 -1 -18 -23 -13 -3 -24
right_child=2 11 3 5 10 19 -8 15 -10 -11 -12 21 14 -15 -16 18 20 -19 -20 -21 -22 25 28 -25 -26 -27 -28 -29 -30
leaf_value=-0.33685513905116471 1.0642792065506397 -0.14146054983139039 2.1451771419623804 -0.23654371947050096 3.2408902740478518 -0.18587103880368749 1.649044768770314 -0.28680287303484009 6.5513670921325691 -0.10704394247620663 6.6556505997975668 -0.31213845014572139 -3.3630699038505547 0.26294496426215541 -8.2760559082031246 -1.8724868774414043 -3.5739647388458189 -1.0353136368472169 1.7613275739881731 0.49749775262352847 -4.8262842178344734 -0.5041069624928588 -4.341868956883749 -3.6952670365571976 -0.85604303201039633 -0.98895628170243333 2.7221011161804194 -1.0409069061988878 -3.7687521525791716
leaf_weight=7.0000000000000027 92 3.9999999999999991 58 48 9.9999999999999982 130 179 230 7.9999999999999991 188 24 4 20.000000000000004 26 2.9999999999999991 3.0000000000000027 4.0000000000000062 99 18 161 2.9999999999999991 220 11.999999999999998 15.999999999999998 14.999999999999998 168 4 126 35
leaf_count=7 50 4 29 24 5 73 91 190 4 130 12 4 20 13 3 3 4 98 9 82 3 216 12 16 15 162 3 126 35
internal_value=-0.0664951 -1.21423 0.510978 1.0427 2.74069 0.655905 1.25033 -0.0190814 0.452085 0.277819 5.65131 -0.89475 -1.46281 1.56258 -4.00389 -0.406784 -3.12072 -0.512039 1.24221 0.192213 -1.89161 -0.675274 -3.50701 -2.67314 -1.42824 -0.714042 1.20498 -1.01323 -3.91508
internal_weight=1915 641 1274 636 118 518 227 638 288 280 34 549 153 84 23 350 92 329 21 291 22 396 70 23 19 388 8 130 47
internal_count=1443 630 813 329 59 270 115 484 184 180 17 538 153 42 23 300 92 288 12 155 22 385 70 23 19 378 7 130 47
is_linear=0
shrinkage=0.05


Tree=30
num_leaves=31
num_cat=0
split_feature=1 4 4 3 0 1 3 7 5 0 1 4 1 4 4 4 4 0 7 4 0 0 7 6 1 3 4 3 3 6
split_gain=511140 237848 479073 207494 82530.2 173846 76065.5 71263.2 36717.7 35291.5 32432.3 51691.8 32309.1 35431.6 119714 19381.2 17477.1 14610.6 12274.4 12106.6 50085.3 11099.6 8613.99 13796.5 7165.86 6243.68 4753.91 7866.04 5159.27 4503.52
threshold=28909.435000000005 36337.500000000007 36105.000000000007 0.5120324171781685 35672.700000000004 31657.980000000007 0.85290247474761183 1.5000000000000002 17.500000000000004 38951.30000000001 12794.325000000003 35865.000000000007 25053.255000000001 36337.500000000007 36105.000000000007 35555.000000000007 43067.500000000007 36749.650000000009 1.5000000000000002 38535.000000000007 35502.450000000004 40390.80000000001 5.5000000000000009 65.500000000000014 18510.954999999998 0.49433252813407763 38535.000000000007 0.77234751262862145 0.73608802537845952 69.500000000000014
decision_type=2 2 2 2 2 2 2 2 2 2 2 2 2 2 2 2 2 2 2 2 2 2 2 2 2 2 2 2 2 2
left_child=3 2 9 10 5 -4 26 8 -8 15 22 18 19 14 -14 -2 -15 -6 -12 24 -21 -9 29 -24 -5 -13 27 -3 -28 -1
right_child=1 6 4 12 17 -7 7 21 -10 -11 11 25 13 16 -16 -17 -18 -19 -20 20 -22 -23 23 -25 -26 -27 28 -29 -30 -31
leaf_value=-3.7279015610857709 1.3381810220388266 2.9902482986450196 5.626863970075334 -1.2341982152102129 6.3249737167358377 14.866486549377441 4.5252749633789069 0.065938331009977966 1.4076827316073812 4.326293563842774 0.91082751410348084 -3.6103156591716563 -0.0062445675526862539 -0.74010083265110271 5.5816065216064459 0.20971017042795817 1.0220953321456909 3.8886780500411988 -1.3506597277664003 -4.9006746219264139 -0.83604605964695422 1.0077525427466945 -5.2898984273274747 -1.3746192402309843 -0.60664633744776353 -6.0648225148518886 0.67822576250348776 -0.1628135293804937 -0.75150548256933691 -5.7347733815511077
leaf_weight=41 104 1.9999999999999989 14.000000000000002 53 10.000000000000002 7.9999999999999991 9.9999999999999982 177 170 7.9999999999999991 6.9999999999999991 19.000000000000004 231 227 9.9999999999999982 60 14.999999999999998 15.999999999999998 42 8.9999999999999982 48 38 2.9999999999999991 8.9999999999999982 321 2.9999999999999991 6.9999999999999991 180 64 2.9999999999999991
leaf_count=41 52 1 7 53 5 4 5 94 85 4 7 19 163 195 5 33 8 8 42 9 42 19 3 9 318 3 5 129 62 3
internal_value=-0.000378177 0.895611 2.31609 -0.747466 6.73285 8.98673 0.413348 0.846897 1.58088 1.08351 -2.6412 -1.93158 -0.484333 -0.203515 0.225616 0.925326 -0.630874 4.82571 -1.02759 -0.799031 -1.47783 0.232399 -3.54088 -2.35344 -0.695577 -3.94502 -0.263536 -0.128164 -0.610546 -3.86473
internal_weight=1909 868 220 1041 48 22 648 395 180 172 127 71 914 483 241 164 242 26 49 431 57 215 56 12 374 22 253 182 71 44
internal_count=1433 513 113 920 24 11 400 203 90 89 127 71 793 371 168 85 203 13 49 422 51 113 56 12 371 22 197 130 67 44
is_linear=0
shrinkage=0.05


Tree=31
num_leaves=30
num_cat=0
split_feature=2 1 7 3 7 5 2 1 7 1 8 1 6 7 1 7 0 7 2 2 1 6 1 1 0 1 6 2 0
split_gain=439622 171987 107403 114511 117099 115537 78241.7 30884.3 20479.8 19821.1 19060.9 87644.5 18763.3 16442.4 15112.2 16107.6 14765 9680.42 19591.8 9369.03 5672.96 5556.83 4845.11 3228.32 3039.63 2976.85 2309.31 927.399 460.095
threshold=7425.4850000000015 16951.125000000004 2.5000000000000004 0.92786880198665689 1.5000000000000002 21.500000000000004 6071.9050000000016 23801.090000000007 2.5000000000000004 12794.325000000003 3.5000000000000004 20384.275000000005 87.500000000000014 1.0000000180025095e-35 36601.695000000007 5.5000000000000009 34721.750000000007 5.5000000000000009 24050.120000000003 10602.635000000002 27754.160000000003 90.500000000000014 18510.954999999998 11535.090000000002 33333.850000000006 35307.650000000001 75.500000000000014 2956.3700000000003 41243.850000000006
decision_type=2 2 2 2 2 2 2 2 2 2 2 2 2 2 2 2 2 2 2 2 2 2 2 2 2 2 2 2 2
left_child=2 9 3 5 -5 6 -1 10 12 17 11 -3 -9 24 15 21 -15 23 -19 -10 -7 -4 -12 -2 -11 -17 28 -28 -16
right_child=1 7 14 4 -6 20 -8 8 19 13 22 -13 -14 16 26 25 -18 18 -20 -21 -22 -23 -24 -25 -26 -27 27 -29 -30
leaf_value=1.9534940765193711 -3.3831616401672364 -6.9648465633392336 0.29994655917626578 1.0657611083984373 8.7175209045410149 -0.47480546967549764 0.46618513234425341 0.26006516124520984 -0.42186189447201139 1.2418091297149658 -1.1194171372984278 -0.87652302039297014 -0.93414801022945315 -2.7442730587720874 1.6479853272438054 -0.70411581076108498 -0.94709556996822364 -0.5374149136245252 -4.5271913146972649 -1.2005632475666379 0.14347337798068399 -0.61016818975147447 -0.6210027574818322 -4.4205170440673829 -0.86361227035522448 0.13371426661809285 0.78522750933965046 0.16360369324684143 1.068774127960205
leaf_weight=286 30 6.9999999999999991 143 10 10 55 128 210 241 3.9999999999999991 61 38 39 40 7.9999999999999982 91 15.999999999999998 7.9999999999999982 5 46 114 19 243 9.9999999999999982 3 11.999999999999998 24 7.9999999999999991 6
leaf_count=143 30 7 84 5 5 37 76 161 208 4 61 34 39 40 4 61 16 8 5 46 65 11 242 10 3 6 12 4 3
internal_value=-0.0105068 -0.734412 0.782304 1.17155 4.89164 1.04393 1.49365 -0.497133 -0.258792 -2.54468 -0.86318 -1.8236 0.0730197 -1.94521 0.0275885 -0.117626 -2.23079 -3.25727 -2.07194 -0.546671 -0.0577416 0.193205 -0.721014 -3.6425 0.339486 -0.606505 0.864148 0.629822 1.39975
internal_weight=1915 1001 914 603 20 583 414 885 536 116 349 45 249 63 311 265 56 53 13 287 169 162 304 40 7 103 46 32 14
internal_count=1430 914 516 331 10 321 219 798 454 116 344 41 200 63 185 162 56 53 13 254 102 95 303 40 7 67 23 16 7
is_linear=0
shrinkage=0.05


end of trees

feature_importances:
thermal_on_capacity=249
total_load=175
net_load=137
thermal_space_load_ratio=102
period=98
renewable_power=94
weekday=73
hour=19
month=8
is_weekend=2

parameters:
[boosting: gbdt]
[objective: regression]
[metric: rmse]
[tree_learner: serial]
[device_type: cpu]
[data_sample_strategy: bagging]
[data: ]
[valid: ]
[num_iterations: 400]
[learning_rate: 0.05]
[num_leaves: 31]
[num_threads: 0]
[seed: 42]
[deterministic: 0]
[force_col_wise: 0]
[force_row_wise: 0]
[histogram_pool_size: -1]
[max_depth: 5]
[min_data_in_leaf: 3]
[min_sum_hessian_in_leaf: 0.001]
[bagging_fraction: 0.85]
[pos_bagging_fraction: 1]
[neg_bagging_fraction: 1]
[bagging_freq: 1]
[bagging_seed: 400]
[bagging_by_query: 0]
[feature_fraction: 0.85]
[feature_fraction_bynode: 1]
[feature_fraction_seed: 30056]
[extra_trees: 0]
[extra_seed: 12879]
[early_stopping_round: 0]
[early_stopping_min_delta: 0]
[first_metric_only: 0]
[max_delta_step: 0]
[lambda_l1: 0]
[lambda_l2: 0]
[linear_lambda: 0]
[min_gain_to_split: 0]
[drop_rate: 0.1]
[max_drop: 50]
[skip_drop: 0.5]
[xgboost_dart_mode: 0]
[uniform_drop: 0]
[drop_seed: 17869]
[top_rate: 0.2]
[other_rate: 0.1]
[min_data_per_group: 100]
[max_cat_threshold: 32]
[cat_l2: 10]
[cat_smooth: 10]
[max_cat_to_onehot: 4]
[top_k: 20]
[monotone_constraints: ]
[monotone_constraints_method: basic]
[monotone_penalty: 0]
[feature_contri: ]
[forcedsplits_filename: ]
[refit_decay_rate: 0.9]
[cegb_tradeoff: 1]
[cegb_penalty_split: 0]
[cegb_penalty_feature_lazy: ]
[cegb_penalty_feature_coupled: ]
[path_smooth: 0]
[interaction_constraints: ]
[verbosity: -1]
[saved_feature_importance_type: 0]
[use_quantized_grad: 0]
[num_grad_quant_bins: 4]
[quant_train_renew_leaf: 0]
[stochastic_rounding: 1]
[linear_tree: 0]
[max_bin: 255]
[max_bin_by_feature: ]
[min_data_in_bin: 3]
[bin_construct_sample_cnt: 200000]
[data_random_seed: 175]
[is_enable_sparse: 1]
[enable_bundle: 1]
[use_missing: 1]
[zero_as_missing: 0]
[feature_pre_filter: 1]
[pre_partition: 0]
[two_round: 0]
[header: 0]
[label_column: ]
[weight_column: ]
[group_column: ]
[ignore_column: ]
[categorical_feature: ]
[forcedbins_filename: ]
[precise_float_parser: 0]
[parser_config_file: ]
[objective_seed: 16083]
[num_class: 1]
[is_unbalance: 0]
[scale_pos_weight: 1]
[sigmoid: 1]
[boost_from_average: 1]
[reg_sqrt: 0]
[alpha: 0.9]
[fair_c: 1]
[poisson_max_delta_step: 0.7]
[tweedie_variance_power: 1.5]
[lambdarank_truncation_level: 30]
[lambdarank_norm: 1]
[label_gain: ]
[lambdarank_position_bias_regularization: 0]
[eval_at: ]
[multi_error_top_k: 1]
[auc_mu_weights: ]
[num_machines: 1]
[local_listen_port: 12400]
[time_out: 120]
[machine_list_filename: ]
[machines: ]
[gpu_platform_id: -1]
[gpu_device_id: -1]
[gpu_use_dp: 0]
[num_gpu: 1]

end of parameters

pandas_categorical:[]
