tree
version=v4
num_class=1
num_tree_per_iteration=1
label_index=0
max_feature_idx=10
objective=regression
feature_names=total_load net_load renewable_power thermal_space_load_ratio thermal_on_capacity hour period weekday month is_weekend is_holiday
feature_infos=[26350.799999999999:41002.699999999997] [544.02999999999884:39077.769999999997] [1819.72:28713.84] [0.020645672996645218:0.95544019374254663] [27170:45275] [16:17] [67:72] [0:6] [2:5] [0:1] none
tree_sizes=2156 2172 2202 1956 1790 2222 1996 2255 2312 2089 1906 2027 2015 2272 1975 2144 2204 1812 2042 2108 2246 1779 1954 1935 2308 2000 2068 2095 1471 1620 2111 2025

Tree=0
num_leaves=24
num_cat=0
split_feature=1 2 4 0 1 4 4 2 2 4 2 1 0 2 4 0 4 7 1 2 1 0 0
split_gain=1.51088e+07 3.43439e+06 2.70033e+06 2.16701e+06 1.94536e+06 606722 868793 511702 329643 287528 226029 157506 139105 130608 117420 92253.4 70334.1 66344.6 66131.4 60986.3 41067 34855.2 15842
threshold=33880.495000000003 7766.9600000000009 44735.000000000007 40102.30000000001 14732.065000000002 36349.500000000007 36212.500000000007 4090.8500000000008 5211.5100000000011 44012.500000000007 14825.785000000002 12793.645 39973.100000000006 5035.6500000000005 39295.000000000007 35138.700000000004 44395.000000000007 1.0000000180025095e-35 14672.990000000003 9953.1100000000024 37763.965000000004 34032.200000000004 37604.400000000009
decision_type=2 2 2 2 2 2 2 2 2 2 2 2 2 2 2 2 2 2 2 2 2 2 2
left_child=1 5 9 7 11 6 22 12 13 -2 19 21 -4 -7 -12 -8 -11 -10 -13 -6 -5 -3 -1
right_child=2 4 3 20 10 8 15 -9 17 16 14 18 -14 -15 -16 -17 -18 -19 -20 -21 -22 -23 -24
leaf_value=337.20284163002077 341.61950817350453 322.9441897752456 397.36950925036172 355.6695085510006 337.57908286051099 344.60371881296453 356.33617439114954 374.10284207506879 344.60750821276412 358.85284105781619 333.9703856050831 331.59909933686521 386.60284258369506 352.21950863047346 328.49304987434448 365.10417518460656 351.19700838569702 339.38255171223386 323.22417487943079 335.74689117337448 361.51950855100057 326.62288330240949 341.65284163002076
leaf_weight=3 6.0000000000000027 33 6.0000000000000053 5.9999999999999982 67 19.000000000000004 6 5.9999999999999991 6.9999999999999991 5.9999999999999982 53 10.999999999999998 6 7.9999999999999991 11.999999999999998 6 6 46 2.9999999999999991 141 6 7.9999999999999991 6
leaf_count=3 3 33 3 3 59 10 3 3 4 3 53 11 3 4 12 3 3 32 3 139 3 8 3
internal_value=339.264 336.287 365.867 375.053 333.804 344.349 351.913 386.025 342.363 350.556 335.533 325.226 391.986 346.86 332.959 360.72 355.025 340.073 329.804 336.337 358.595 323.662 340.17
internal_weight=477 429 48 30 328 101 21 18 80 18 273 55 12 27 65 12 12 53 14 208 12 41 9
internal_count=404 380 24 15 318 62 12 9 50 9 263 55 6 14 65 6 6 36 14 198 6 41 6
is_linear=0
shrinkage=1


Tree=1
num_leaves=24
num_cat=0
split_feature=1 1 7 7 8 0 2 7 0 1 2 2 1 8 2 1 8 3 0 7 2 3 0
split_gain=1.7127e+07 2.70162e+06 2.17811e+06 1.378e+06 2.22345e+06 1.58209e+06 1.30387e+06 630878 472011 373934 266646 228866 106571 77640.1 65851.9 38829.9 32849.5 31750.9 26951.9 74780.6 26635.6 17214.5 2266.92
threshold=33880.495000000003 17280.730000000003 4.5000000000000009 5.5000000000000009 2.5000000000000004 40102.30000000001 7766.9600000000009 1.5000000000000002 35144.000000000007 13052.865000000002 5211.5100000000011 7274.3450000000003 23797.950000000008 3.5000000000000004 4090.8500000000008 14732.065000000002 3.5000000000000004 0.50904919354271461 34032.200000000004 5.5000000000000009 8536.9100000000017 0.3884547091986193 40015.100000000006
decision_type=2 2 2 2 2 2 2 2 2 2 2 2 2 2 2 2 2 2 2 2 2 2 2
left_child=1 9 7 4 -4 -5 8 -2 11 18 -10 -3 16 17 -9 -15 -8 -11 21 -20 -14 -1 -6
right_child=2 6 3 5 22 -7 12 14 10 13 -12 -13 20 15 -16 -17 -18 -19 19 -21 -22 -23 -24
leaf_value=-15.769316537039618 23.906847381591788 20.187057495117191 18.540691121419268 40.401107788085923 55.131524658203119 10.569524717330934 -5.8075939814249677 9.4839408874511744 7.17432218219923 -15.825541305541993 0.91023188059146587 4.7467780113220206 -0.72348990610667641 -9.5569139798482254 2.0760662813981372 -6.1385931792082609 -3.7415684985131339 -9.0208815256754544 -15.873006286621091 -5.8876441955566392 -2.4644697831249704 -11.784039942423504 56.505969238281239
leaf_weight=28.000000000000004 8.0000000000000018 5.9999999999999982 6.0000000000000009 8.0000000000000018 6 9.9999999999999982 24 5.9999999999999982 23 3.9999999999999991 65 4 28 11.999999999999998 6 27 97 3 5 3 102 2.9999999999999991 6
leaf_count=28 4 3 3 4 3 5 24 3 12 4 42 3 21 12 3 27 97 3 5 3 96 3 3
internal_value=0.23717 -3.12068 26.2605 33.6104 43.3927 23.828 -1.17382 13.0307 3.71718 -11.1142 2.54744 14.0109 -3.08346 -8.06065 5.78 -7.19038 -4.15136 -12.9093 -14.7159 -12.1285 -2.08949 -15.3836 55.8187
internal_weight=490 434 56 36 18 18 349 20 98 85 88 10 251 46 12 39 121 7 39 8 130 31 12
internal_count=411 383 28 18 9 9 298 10 60 85 54 6 238 46 6 39 121 7 39 8 117 31 6
is_linear=0
shrinkage=0.05


Tree=2
num_leaves=24
num_cat=0
split_feature=3 4 1 7 0 4 2 4 4 3 0 3 7 1 4 2 0 4 0 7 2 2 8
split_gain=1.12026e+07 3.38244e+06 2.45407e+06 1.44356e+06 1.64378e+06 1.26975e+06 1.11822e+06 630128 813782 370186 361622 143171 100359 93629.1 89944.1 50643.4 48784.5 44613.2 28046.3 70684.8 18794.9 11655 743.165
threshold=0.86391879330921839 44735.000000000007 17280.730000000003 5.5000000000000009 40102.30000000001 45077.500000000007 7766.9600000000009 36349.500000000007 36212.500000000007 0.37498279832327358 39369.000000000007 0.89394336797220664 1.5000000000000002 23964.135000000006 39715.000000000007 18673.055000000004 36658.350000000006 39497.500000000007 34032.200000000004 5.5000000000000009 9729.3050000000021 4428.0250000000005 4.5000000000000009
decision_type=2 2 2 2 2 2 2 2 2 2 2 2 2 2 2 2 2 2 2 2 2 2 2
left_child=2 10 9 5 -5 -3 7 8 -4 18 16 -12 -9 17 15 -11 -2 -8 22 -20 -15 -18 -1
right_child=1 3 6 4 -6 -7 13 12 -10 14 11 -13 -14 20 -16 -17 21 -19 19 -21 -22 -23 -24
leaf_value=-15.139820333627553 8.161097717285152 53.06446044921875 0.44248088836669919 37.71830342610675 0.70721499125162746 23.969736735026043 -3.5205735944352057 3.6778957414886229 19.755254872639973 -5.7490102327786961 21.298147074381514 10.375289630889892 -0.52799474613086594 -1.3447259467223596 -15.034264755249025 -9.0503038133893696 4.9323755900065107 -5.9948179244995119 -14.993045806884769 -5.5932618459065742 -2.6289324432611467 2.017163681983948 -14.407743835449219
leaf_weight=26.000000000000004 8.0000000000000018 9.9999999999999982 10 6.0000000000000018 6 5.9999999999999991 106 23 12 26 5.9999999999999982 6 37 58 3.9999999999999991 21 5.9999999999999991 22 5.9999999999999982 3 56 7.9999999999999991 3.9999999999999991
leaf_count=26 4 5 7 3 3 3 106 12 6 26 3 3 27 49 4 21 3 22 6 3 54 4 4
internal_value=-0.368345 19.4529 -3.33674 32.322 19.2128 42.1539 -1.30783 3.73834 10.9767 -10.6408 8.85473 15.8367 1.08426 -3.01769 -7.83662 -7.22406 5.04638 -3.94583 -14.3078 -11.8598 -1.97556 3.26654 -15.0422
internal_weight=476 62 414 28 12 16 324 82 22 90 34 12 60 242 51 47 22 128 39 9 114 14 30
internal_count=404 31 373 14 6 8 283 52 13 90 17 6 39 231 51 47 11 128 39 9 103 7 30
is_linear=0
shrinkage=0.05


Tree=3
num_leaves=21
num_cat=0
split_feature=1 2 4 7 4 1 4 4 2 4 1 1 0 4 0 7 0 3 3 0
split_gain=1.39689e+07 3.12137e+06 1.77598e+06 1.65072e+06 2.10489e+06 1.48827e+06 424259 600024 489595 992675 166823 128558 91137.8 87913.6 82958.4 63047.6 57137.1 54344.5 38421.5 30948.3
threshold=34442.725000000006 7596.3650000000007 44735.000000000007 5.5000000000000009 44810.000000000007 15430.455 36349.500000000007 36212.500000000007 5211.5100000000011 44735.000000000007 19556.48 12793.645 35138.700000000004 38452.500000000007 39793.05000000001 1.5000000000000002 40015.100000000006 0.73071508079694103 0.41290948760471108 34032.200000000004
decision_type=2 2 2 2 2 2 2 2 2 2 2 2 2 2 2 2 2 2 2 2
left_child=1 6 14 16 -5 11 7 -1 9 -8 13 19 -9 -7 -2 -10 -4 -12 -13 -3
right_child=2 5 3 4 -6 10 8 12 15 -11 17 18 -14 -15 -16 -17 -18 -19 -20 -21
leaf_value=0.34741447993687213 8.9437354723612472 -14.002502961592242 44.572801208496095 39.84858856201172 0.67185420989990219 -4.4788578276200735 4.4441324445936417 14.410080718994138 3.3223489144269163 26.928103637695315 -2.8721261517531209 -6.0613323635525154 23.124903869628906 -9.5753745651245108 16.721301269531249 -0.35619364666777686 51.027446492513008 -1.0757517267081698 -10.383034261067708 -10.34223747253418
leaf_weight=7.0000000000000009 5.9999999999999991 33 7.9999999999999991 7.9999999999999991 6.0000000000000009 55 27 6 17 5.9999999999999991 147 9.0000000000000018 6 9.9999999999999982 7.9999999999999991 37 6.0000000000000009 59 11.999999999999998 6.9999999999999991
leaf_count=5 3 33 4 4 3 55 14 3 9 3 144 9 3 10 4 26 3 49 12 7
internal_value=0.383569 -2.25773 27.9286 35.1988 23.0586 -4.64274 5.21229 11.9811 3.73403 8.53213 -3.05448 -11.6988 18.7675 -5.26294 13.3881 0.801866 47.3391 -2.35763 -8.53088 -13.362
internal_weight=480 438 42 28 14 332 106 19 87 33 271 61 12 65 14 54 14 206 21 40
internal_count=403 382 21 14 7 319 63 11 52 17 258 61 6 65 7 35 7 193 21 40
is_linear=0
shrinkage=0.05


Tree=4
num_leaves=19
num_cat=0
split_feature=1 1 2 7 7 8 0 3 0 1 0 2 1 0 2 7 2 7
split_gain=1.05201e+07 2.14739e+06 1.35809e+06 1.16525e+06 960917 624933 523188 289155 156897 150983 134163 117766 85792.4 49529.4 41026.7 41345.1 11498.3 4178.39
threshold=33941.210000000014 15430.455 6724.0700000000006 4.5000000000000009 5.5000000000000009 2.5000000000000004 39598.700000000004 0.75785515033023865 35475.80000000001 13052.865000000002 34647.650000000001 6163.9050000000016 20423.035000000007 40451.200000000004 18673.055000000004 3.5000000000000004 18673.055000000004 5.5000000000000009
decision_type=2 2 2 2 2 2 2 2 2 2 2 2 2 2 2 2 2 2
left_child=1 9 8 6 5 -5 -2 12 -3 16 -9 -10 -4 -6 -11 -16 -1 -18
right_child=3 2 7 4 13 -7 -8 10 11 14 -12 -13 -14 -15 15 -17 17 -19
leaf_value=-10.153982162475586 1.3602825681368511 14.853771209716797 -4.594293568134308 26.883660380045576 23.012336222330728 48.230327606201165 20.03624755859375 7.3370502233505253 6.7754443606814823 -3.966355476379392 -0.41497382178902625 0.39813900921079848 -2.5690977499185021 16.587815570831296 -12.065896824428009 -7.0556687927246093 -13.64049898344895 -12.279437855311803
leaf_weight=2.9999999999999991 5.9999999999999991 4.9999999999999991 80 5.9999999999999991 6 8 9.9999999999999982 5.9999999999999991 37 5.0000000000000027 80 8.9999999999999982 151 6 7.0000000000000027 9.9999999999999982 29 6.9999999999999991
leaf_count=3 3 3 80 3 3 4 5 4 20 5 58 6 147 3 7 10 29 7
internal_value=-0.23287 -2.57098 -1.13073 23.6493 30.1825 39.0818 13.0328 -2.34906 6.44203 -11.2597 0.125865 5.52771 -3.27046 19.8001 -7.94772 -9.1187 -13.128 -13.3758
internal_weight=471 429 368 42 26 14 16 317 51 61 86 46 231 12 22 17 39 36
internal_count=400 379 318 21 13 7 8 289 29 61 62 26 227 6 22 17 39 36
is_linear=0
shrinkage=0.05


Tree=5
num_leaves=24
num_cat=0
split_feature=2 2 4 7 4 0 4 7 3 2 7 3 0 3 4 7 2 7 7 0 7 6 4
split_gain=6.44172e+06 1.38381e+06 1.15599e+06 807427 1.86198e+06 411480 316891 307537 304062 224307 166836 122972 117817 105407 113106 61897 58394.9 40877.3 26020.7 24789.6 58554.2 18022.5 712.555
threshold=6331.6950000000006 18673.055000000004 44735.000000000007 5.5000000000000009 44810.000000000007 38939.150000000001 37162.000000000007 4.5000000000000009 0.75785515033023865 6163.9050000000016 1.5000000000000002 0.3884547091986193 34647.650000000001 0.58275274767549756 38452.500000000007 5.5000000000000009 19089.265000000003 3.5000000000000004 2.5000000000000004 34032.200000000004 5.5000000000000009 70.500000000000014 29507.500000000004
decision_type=2 2 2 2 2 2 2 2 2 2 2 2 2 2 2 2 2 2 2 2 2 2 2
left_child=2 8 5 -4 -5 6 9 10 13 -1 -7 19 -10 14 -2 -8 -13 -18 -14 22 -21 -15 -3
right_child=1 11 3 4 -6 7 15 -9 12 -11 -12 16 18 21 -16 -17 17 -19 -20 20 -22 -23 -24
leaf_value=22.043499755859383 -3.9391782727734794 -13.244349392977623 33.168901824951156 32.057402038574217 -0.30556756973266597 15.781292215983065 3.6487851440906525 23.00856628417969 6.9701979160308838 6.7577829360961905 4.7517155826091768 -13.989471944173161 0.31998659284026537 -2.9355482144398732 -9.0992592151348415 -2.3332038116455078 -8.9277075661553251 -4.2829126167297362 -1.6310996866226199 -12.373570251464846 -4.1825150807698561 -1.8075520524611841 -12.73355573018392
leaf_weight=3.9999999999999982 58 11.000000000000002 8.0000000000000018 8 10 6.0000000000000027 32 5.9999999999999991 5.9999999999999991 6 7.9999999999999991 3.0000000000000027 54 111 12.999999999999998 4.9999999999999991 9.0000000000000018 9.9999999999999982 25 7.9999999999999982 3 52 18
leaf_count=2 58 11 4 4 5 3 17 3 4 4 4 3 34 111 13 4 9 10 23 8 3 49 18
internal_value=-0.794367 -3.67416 11.0035 19.9521 14.078 7.53088 4.9748 13.5376 -2.3457 12.8721 9.47868 -10.5093 0.215564 -3.27607 -4.88398 2.84041 -7.50668 -6.48308 -0.297446 -12.1607 -10.1396 -2.5757 -12.9273
internal_weight=474 381 93 26 18 67 47 20 319 10 14 62 85 234 71 37 22 19 79 40 11 163 29
internal_count=404 354 50 13 9 37 27 10 292 6 7 62 61 231 71 21 22 19 57 40 11 160 29
is_linear=0
shrinkage=0.05


Tree=6
num_leaves=22
num_cat=0
split_feature=1 1 7 0 2 6 4 4 2 3 0 7 1 4 4 4 2 5 0 7 4
split_gain=9.52272e+06 1.79788e+06 1.06839e+06 940925 841680 825457 354980 460534 257750 246371 209727 150595 93804 86884 36656.2 35741.8 31388.6 26903.5 19402.5 57635.1 730.11
threshold=33880.495000000003 17280.730000000003 4.5000000000000009 39793.05000000001 7163.8200000000006 71.500000000000014 36384.500000000007 36212.500000000007 4090.8500000000008 0.37498279832327358 39598.700000000004 1.5000000000000002 23964.135000000006 38272.500000000007 39497.500000000007 36384.500000000007 18673.055000000004 16.500000000000004 34032.200000000004 5.5000000000000009 29507.500000000004
decision_type=2 2 2 2 2 2 2 2 2 2 2 2 2 2 2 2 2 2 2 2 2
left_child=1 9 10 8 6 -5 7 -3 -4 18 -2 -8 14 16 -6 -14 -11 -15 20 -20 -1
right_child=2 4 3 5 12 -7 11 -9 -10 13 -12 -13 15 17 -16 -17 -18 -19 19 -21 -22
leaf_value=-12.574398422241208 2.5521754662195848 0.44842484792073584 43.423123168945317 9.2857698917388927 -2.7978884588997319 32.744349670410159 4.8804971626826692 18.773427963256832 30.314609375 -4.3192416350046789 15.772326660156248 -0.0086786184046003557 0.0024288676286998551 -7.0575492223103868 -5.0844515936715267 -1.7826557421238622 -7.0394842549374239 -12.8566286722819 -12.461251958211266 -3.9733891805013011 -12.076228533293072
leaf_weight=12.000000000000002 5.9999999999999982 5.9999999999999973 5.9999999999999991 9.9999999999999982 106 5.9999999999999991 28 8 9.9999999999999982 24 6 36 38 2.9999999999999982 21 107 19 6 5.9999999999999982 3 19
leaf_count=12 3 4 3 5 106 3 14 4 5 24 3 23 29 3 21 98 19 6 6 3 19
internal_value=-0.297489 -2.50574 21.8854 26.6565 -0.870806 18.0827 3.70794 10.9199 35.2303 -8.72558 9.16225 2.13034 -2.18383 -6.45624 -3.17598 -1.31484 -5.52121 -10.9236 -11.6757 -9.63196 -12.2691
internal_weight=486 442 44 32 350 16 78 14 16 92 12 64 272 52 127 145 43 9 40 9 31
internal_count=413 391 22 16 299 8 45 8 8 92 6 37 254 52 127 127 43 9 40 9 31
is_linear=0
shrinkage=0.05


Tree=7
num_leaves=25
num_cat=0
split_feature=3 7 1 2 0 7 1 0 2 3 7 0 8 7 3 0 7 2 6 8 8 0 7 2
split_gain=1.00157e+07 1.66191e+06 1.46957e+06 635161 504554 695371 444658 408302 393652 243692 120500 225988 98545.7 68851.1 54574 33264.4 58029.6 21833.7 16379.6 13115.2 12184.2 7934.2 1991.14 773.479
threshold=0.86391879330921839 4.5000000000000009 17280.730000000003 4752.5500000000011 40102.30000000001 5.5000000000000009 35907.485000000008 39598.700000000004 7766.9600000000009 0.38006841585734324 2.5000000000000004 34875.55000000001 3.5000000000000004 1.5000000000000002 0.68039715657752164 34032.200000000004 5.5000000000000009 18673.055000000004 71.500000000000014 3.5000000000000004 2.5000000000000004 31236.150000000005 3.5000000000000004 21603.340000000004
decision_type=2 2 2 2 2 2 2 2 2 2 2 2 2 2 2 2 2 2 2 2 2 2 2 2
left_child=2 7 9 4 6 -6 -3 13 10 15 11 -4 21 -2 19 23 -17 -14 -16 -10 -12 -11 -15 -1
right_child=1 3 8 -5 5 -7 -8 -9 14 12 20 -13 17 22 18 16 -18 -19 -20 -21 -22 -23 -24 -25
leaf_value=-12.142561340332032 8.0984394836425757 25.785164896647128 12.333950805664063 9.1311681747436531 32.363499196370455 9.8459268935024724 41.003333282470706 17.219298095703124 -3.6916310737007545 -9.1022518793741849 1.1233166694641106 2.0416266188025474 -4.1634551341717057 1.8368329763412481 -1.7599649506079598 -11.917634735107425 -3.8378258228301996 -6.3310888926188156 -0.38585022071312214 -2.5856698015233976 -1.6507263635334217 -12.354778137207029 3.124964841206868 -11.602003295898438
leaf_weight=8.9999999999999982 10.000000000000002 12.000000000000002 5.9999999999999991 5.9999999999999991 5.9999999999999973 8 7.9999999999999991 9.9999999999999982 38 3 5.0000000000000027 48 26 5.9999999999999982 86 4.9999999999999982 4 21 29 91 19 5 6 25
leaf_count=9 5 6 3 3 3 4 4 5 38 3 3 28 26 3 81 5 4 21 23 91 16 5 3 25
internal_value=0.105094 17.3352 -2.84863 24.1296 26.7764 19.4963 31.8724 8.84213 -1.21699 -8.20975 1.87506 3.18522 -6.00515 5.03433 -2.20543 -11.0296 -8.32661 -5.13197 -1.41345 -2.91146 -1.0728 -11.1351 2.4809 -11.7451
internal_weight=492 72 420 40 34 14 20 32 322 98 78 54 55 22 244 43 9 47 115 129 24 8 12 34
internal_count=417 36 381 20 17 7 10 16 283 98 50 31 55 11 233 43 9 47 104 129 19 8 6 34
is_linear=0
shrinkage=0.05


Tree=8
num_leaves=25
num_cat=0
split_feature=3 4 7 2 4 2 0 1 4 4 0 1 1 0 7 4 8 4 3 2 0 7 0 8
split_gain=7.9961e+06 1.63094e+06 1.61312e+06 1.47799e+06 1.29261e+06 539566 338321 438638 318556 392860 163749 117715 85391.9 64599.4 54470.5 48695.8 38552.6 38292.2 35886.4 22857.5 11120 20591.3 6357.46 1041.24
threshold=0.86391879330921839 44735.000000000007 5.5000000000000009 18673.055000000004 44810.000000000007 7274.3450000000003 38939.150000000001 35239.715000000004 36349.500000000007 36212.500000000007 40015.100000000006 19556.48 12793.645 40015.100000000006 1.0000000180025095e-35 38452.500000000007 3.5000000000000004 41325.000000000007 0.74790549695650388 19294.325000000004 34032.200000000004 4.5000000000000009 37672.500000000007 4.5000000000000009
decision_type=2 2 2 2 2 2 2 2 2 2 2 2 2 2 2 2 2 2 2 2 2 2 2 2
left_child=3 6 10 5 -4 8 16 -8 9 -1 -3 15 20 -9 -10 -7 22 19 -13 -14 23 -22 -2 -5
right_child=1 2 4 12 -6 11 7 13 14 -11 -12 18 17 -15 -16 -17 -18 -19 -20 -21 21 -23 -24 -25
leaf_value=0.84224572181701685 0.88445027669270793 31.340415649414066 27.018009185791023 -11.24482882099767 -1.4052631855010984 -3.5501785721097678 24.404055786132801 4.1780819574991872 5.2189345041910808 16.511874961853025 41.788676961263022 -2.1713144219921019 -9.9680174509684019 11.515170288085937 0.18755283493262073 -7.0600062688191727 6.9440114339192709 -11.392309188842773 -0.73679950520143667 -5.1870693397521981 -11.303456878662111 -5.823579915364582 3.186163202921549 -10.525231043497723
leaf_weight=7.9999999999999973 6.0000000000000018 9.9999999999999982 7.9999999999999973 31 8 56 6.0000000000000027 5.9999999999999982 5.9999999999999991 8 5.9999999999999991 167 3.0000000000000062 6 52 11.999999999999998 5.9999999999999991 3.9999999999999991 59 14.999999999999998 3.9999999999999991 3 6 5.9999999999999991
leaf_count=5 3 5 4 31 4 56 3 3 3 4 3 164 3 3 33 12 3 4 48 15 4 3 3 6
internal_value=-0.122922 15.8193 24.0324 -2.62078 12.8064 -1.38509 8.51866 13.3658 2.43107 8.67706 35.2585 -2.34561 -9.51068 7.84663 0.708041 -4.16956 3.67154 -6.96724 -1.79682 -5.98389 -10.7824 -8.95494 2.03531 -11.1281
internal_weight=502 68 32 434 16 368 36 18 74 16 16 294 66 12 58 68 18 22 226 18 44 7 12 37
internal_count=425 34 16 391 8 325 18 9 45 9 8 280 66 6 36 68 9 22 212 18 44 7 6 37
is_linear=0
shrinkage=0.05


Tree=9
num_leaves=23
num_cat=0
split_feature=1 2 7 0 7 3 0 4 4 4 4 3 1 7 4 7 6 2 0 7 2 8
split_gain=8.49757e+06 1.3421e+06 1.18415e+06 857633 757954 598141 358244 315358 190393 396424 86596.9 83980.8 79123 78638.2 61921 36626.8 28549.5 25189.4 9370.75 17462.4 8066.89 976.363
threshold=33880.495000000003 18673.055000000004 4.5000000000000009 40102.30000000001 5.5000000000000009 0.77973425915950656 39598.700000000004 44735.000000000007 36349.500000000007 36212.500000000007 44810.000000000007 0.58275274767549756 12793.645 1.5000000000000002 38452.500000000007 4.5000000000000009 70.500000000000014 20593.395 34157.750000000007 4.5000000000000009 19752.735000000004 4.5000000000000009
decision_type=2 2 2 2 2 2 2 2 2 2 2 2 2 2 2 2 2 2 2 2 2 2
left_child=1 5 6 7 -5 11 -2 -4 9 -7 -9 14 18 -10 -1 17 -13 -14 21 -20 -17 -3
right_child=2 12 3 4 -6 8 -8 10 13 -11 -12 16 15 -15 -16 20 -18 -19 19 -21 -22 -23
leaf_value=-3.2070339806874593 1.8735316753387445 -10.699674382703058 21.051437632242834 29.160448201497406 6.6815166044235212 0.63386703491210938 15.257180786132814 30.211548868815107 2.9406316024916515 13.48597946166992 38.157840728759759 -2.3936120998959582 -6.9241391528736447 -0.32462813732800666 -6.8999133450644354 -6.2420188903808622 -1.1267078957087557 -11.557526016235352 -10.738284111022949 -5.691900825500487 -3.066548728942871 -9.9989695231119811
leaf_weight=60 10.000000000000002 29 6.0000000000000009 5.9999999999999973 10 15 9.9999999999999982 5.9999999999999991 28 10 8 119 11.000000000000002 54 13.999999999999998 2.9999999999999982 71 3.9999999999999991 3.9999999999999991 3 6 5.9999999999999991
leaf_count=60 5 29 3 3 5 10 5 3 16 5 4 119 11 37 14 3 62 4 4 3 6 6
internal_value=-0.0174238 -2.36731 18.3201 23.7394 15.1111 -1.1986 8.56536 30.642 1.95491 5.77471 34.7523 -2.47673 -8.93688 0.790339 -3.90569 -6.64671 -1.92019 -8.15971 -10.2456 -8.57555 -4.12504 -10.5796
internal_weight=493 437 56 36 16 371 20 20 107 25 14 264 66 82 74 24 190 15 42 7 9 35
internal_count=417 389 28 18 8 323 10 10 68 15 7 255 66 53 74 24 181 15 42 7 9 35
is_linear=0
shrinkage=0.05


Tree=10
num_leaves=20
num_cat=0
split_feature=1 1 2 0 3 0 3 2 2 1 6 8 1 7 2 6 0 7 8
split_gain=6.32097e+06 1.16579e+06 640830 392256 585750 507182 241140 196326 117477 90145.7 78198.3 59622 48917.5 25883 25039.9 19627 7542.89 16445.9 666.11
threshold=34442.725000000006 18540.995000000006 6163.9050000000016 40015.100000000006 0.89747691416181763 40229.80000000001 0.37498279832327358 2396.4150000000004 7865.2150000000011 29923.935000000009 67.500000000000014 3.5000000000000004 26932.690000000006 2.5000000000000004 20788.865000000005 67.500000000000014 34157.750000000007 4.5000000000000009 4.5000000000000009
decision_type=2 2 2 2 2 2 2 2 2 2 2 2 2 2 2 2 2 2 2
left_child=1 6 9 4 -2 -5 16 -7 12 -3 -11 13 -4 -8 -13 -10 18 -18 -1
right_child=3 2 8 5 -6 7 11 -9 15 10 -12 14 -14 -15 -16 -17 17 -19 -20
leaf_value=-10.124595201932467 15.224663496017451 11.994650554656983 8.2679450988769538 1.7161603291829417 32.338256530761718 25.928242015838624 -4.3952198664347346 13.963515400886536 -3.148200331415449 9.4760488510131839 3.3445448728708125 -3.7476328959831826 0.31461656098735746 -9.9461765289306641 -7.1589596112569174 -1.7339051935106817 -10.304607963562013 -5.4073055903116849 -9.4944332885742195
leaf_weight=26.000000000000004 10.000000000000002 3.9999999999999991 1.9999999999999989 6.0000000000000027 9.9999999999999982 5.9999999999999991 2.9999999999999982 7.9999999999999991 28 5.9999999999999991 39 52 58 7 5.9999999999999991 198 3.9999999999999991 3 4.9999999999999991
leaf_count=26 5 2 1 3 5 3 3 4 28 3 22 52 39 7 6 190 4 3 5
internal_value=-0.201653 -1.92789 -0.481812 18.8301 23.7815 13.8787 -6.49803 19.0913 -1.38699 4.80147 4.16208 -4.71529 0.579728 -8.28089 -4.10053 -1.90913 -9.68821 -8.20576 -10.023
internal_weight=481 441 335 40 20 20 106 14 286 49 45 68 60 10 58 226 38 7 31
internal_count=411 391 285 20 10 10 106 7 258 27 25 68 40 10 58 218 38 7 31
is_linear=0
shrinkage=0.05


Tree=11
num_leaves=22
num_cat=0
split_feature=1 1 6 3 4 1 0 0 4 4 3 3 3 4 4 7 6 1 0 7 3
split_gain=6.03048e+06 1.13566e+06 1.06735e+06 622471 457652 177425 447436 192855 172783 369618 144569 117832 78309.3 64538 55423.9 41740 20155 14364.7 13743.5 41957.7 1003.67
threshold=33941.210000000014 17280.730000000003 69.500000000000014 0.81766315453405825 44395.000000000007 36686.105000000003 40451.200000000004 40015.100000000006 37162.000000000007 36212.500000000007 0.38006841585734324 0.86391879330921839 0.75785515033023865 36349.500000000007 38272.500000000007 2.5000000000000004 69.500000000000014 14844.000000000002 34032.200000000004 5.5000000000000009 0.36949557073961048
decision_type=2 2 2 2 2 2 2 2 2 2 2 2 2 2 2 2 2 2 2 2 2
left_child=1 10 -2 12 -4 7 -7 -6 9 -5 18 -10 16 -14 17 -16 -3 -12 20 -20 -1
right_child=2 3 4 8 5 6 -8 -9 11 -11 14 -13 13 -15 15 -17 -18 -19 19 -21 -22
leaf_value=-9.446267465444711 32.054752807617191 -2.4996327828024039 4.4851967620849607 0.29592501322428388 19.2560437520345 31.170335388183602 11.860661697387695 6.5787843068440752 0.64100215501255464 17.84629211425781 -5.3750147247314457 4.9657584190368658 2.8433486493428552 -0.89606626593414695 -3.3790919939676933 -10.428241402762275 -1.5173372424700682 -3.4178232307434082 -9.7459527333577487 -2.5039165496826166 -10.297033309936523
leaf_weight=26.000000000000004 9.9999999999999982 107 9.9999999999999982 5.9999999999999982 6.0000000000000018 5.9999999999999982 6 6 36 6 14.999999999999998 28 14.999999999999998 50 2.9999999999999982 7 102 25 5.9999999999999982 3 3.9999999999999991
leaf_count=26 5 107 5 4 3 3 3 3 23 3 15 14 9 41 3 7 98 25 6 3 4
internal_value=0.0480301 -1.72072 17.6953 -0.438319 13.472 17.2165 21.5155 12.9174 3.5654 9.07111 -6.76387 2.53308 -1.54884 -0.0331244 -4.98412 -8.3135 -2.02023 -4.15177 -9.0456 -7.33194 -9.5597
internal_weight=483 439 44 350 34 24 12 12 76 12 89 64 274 65 50 10 209 40 39 9 30
internal_count=410 388 22 299 17 12 6 6 44 7 89 37 255 50 50 10 205 40 39 9 30
is_linear=0
shrinkage=0.05


Tree=12
num_leaves=22
num_cat=0
split_feature=1 1 2 7 0 4 4 3 4 7 2 6 2 4 4 5 0 7 1 1 2
split_gain=3.89996e+06 996289 561435 559159 879705 176653 279365 147713 143784 136278 132388 109439 102927 70379.7 38133.3 33897.3 25546.7 36672.2 24416.8 17014.4 844.125
threshold=33880.495000000003 17280.730000000003 6643.5000000000009 4.5000000000000009 40102.30000000001 37162.000000000007 36212.500000000007 0.38006841585734324 44735.000000000007 1.5000000000000002 4090.8500000000008 67.500000000000014 8627.6500000000015 36349.500000000007 38272.500000000007 16.500000000000004 34032.200000000004 5.5000000000000009 22351.475000000009 14732.065000000002 21040.050000000007
decision_type=2 2 2 2 2 2 2 2 2 2 2 2 2 2 2 2 2 2 2 2 2
left_child=1 7 5 9 8 6 -3 16 -5 -2 -10 -7 13 -4 19 -16 20 -18 -14 -9 -1
right_child=3 2 12 4 -6 11 -8 14 10 -11 -12 -13 18 -15 15 -17 17 -19 -20 -21 -22
leaf_value=-9.5800709315708712 11.638688151041668 0.95134326934814473 3.5406294162456806 18.466656239827454 6.2903223037719727 8.8981171091397595 16.953976949055988 -5.3593912156422938 33.198122151692715 1.6702709913253786 22.694620259602861 1.6444987015846448 -2.6399674806702005 -0.55728067689471783 -3.2101372718811043 -9.7194871266682927 -9.3424545288085934 -2.5719137668609613 -1.5633705018795738 -3.2969666671752935 -8.9661967413766046
leaf_weight=6.9999999999999991 5.9999999999999991 4.9999999999999982 12.999999999999998 6.0000000000000062 9.9999999999999982 5.9999999999999991 6 14.999999999999998 5.9999999999999982 7.9999999999999991 6 39 89 54 2.9999999999999982 6 4 4 129 30 28
leaf_count=7 3 3 7 3 5 3 3 15 3 4 3 22 89 42 3 6 4 4 124 30 28
internal_value=-0.453035 -1.84865 -0.57681 14.1013 18.1807 4.00008 9.68005 -6.31978 24.7865 5.94245 27.9464 2.61165 -1.47613 0.237836 -4.57865 -7.5497 -8.50631 -5.95718 -2.0029 -3.98444 -9.08897
internal_weight=480 438 341 42 28 56 11 97 18 14 12 45 285 67 54 9 43 8 218 45 35
internal_count=411 390 293 21 14 31 6 97 9 7 6 25 262 49 54 9 43 8 213 45 35
is_linear=0
shrinkage=0.05


Tree=13
num_leaves=25
num_cat=0
split_feature=3 4 3 7 4 3 3 0 4 4 0 4 3 4 3 6 0 6 2 4 6 0 7 3
split_gain=3.13733e+06 1.08428e+06 699790 665295 984386 309599 148114 138805 104507 83607.4 106180 58744.6 39609 35838 25043.4 24437.7 23222.1 22256.2 19719.8 16249.2 13594.5 10113.2 30949 881.279
threshold=0.84555117463234464 44735.000000000007 0.42962381591101523 5.5000000000000009 44810.000000000007 0.91721864868928005 0.75054293717676379 39683.100000000006 40910.000000000007 36349.500000000007 35144.000000000007 42910.000000000007 0.5737695789668672 36520.000000000007 0.38006841585734324 67.500000000000014 35918.450000000004 70.500000000000014 4234.8900000000012 37329.500000000007 70.500000000000014 34157.750000000007 5.5000000000000009 0.36949557073961048
decision_type=2 2 2 2 2 2 2 2 2 2 2 2 2 2 2 2 2 2 2 2 2 2 2 2
left_child=2 7 14 5 -5 -3 12 8 16 10 -8 -10 13 -4 21 -16 -2 -17 -9 -11 -14 23 -23 -1
right_child=1 3 6 4 -6 -7 9 18 11 19 -12 -13 20 -15 15 17 -18 -19 -20 -21 -22 22 -24 -25
leaf_value=-8.5229851062481199 4.7188870747884124 17.41055145263671 -2.2093852508358842 22.269556045532234 -2.5345030546188347 33.472894287109369 8.6830378850301067 7.0812920888264985 -2.619181714739117 0.59880058661751123 0.81293131510416661 2.6396918686953459 -1.9995528470690005 -4.6421566923459379 -1.7479633331298829 -8.9466501235961928 9.117949930826823 -4.6400440375010161 11.135078175862629 -0.99726556745859307 -1.0737588168136658 -8.7915322621663421 -2.5717092514038082 -9.3201911926269538
leaf_weight=26.000000000000004 5.9999999999999982 6.0000000000000018 41 7.9999999999999973 8 6 6.0000000000000027 5.9999999999999982 7.0000000000000027 23 14.999999999999998 22 107 24 2.9999999999999991 5.9999999999999982 6 6 6 52 63 5.9999999999999982 3 3.9999999999999991
leaf_count=26 3 3 41 4 4 3 4 3 4 13 9 11 107 24 3 6 3 6 3 43 59 6 3 4
internal_value=-0.361065 8.5832 -2.24285 16.5422 9.86753 25.4417 -1.38184 4.37846 2.99415 0.272988 3.06153 1.37031 -2.05785 -3.10764 -7.5205 -5.78427 6.91842 -6.79335 9.10819 -0.507805 -1.65646 -8.18827 -6.71826 -8.62928
internal_weight=466 81 385 28 16 12 331 53 41 96 21 29 235 65 54 15 12 12 12 75 170 39 9 30
internal_count=395 41 354 14 8 6 300 27 21 69 13 15 231 65 54 15 6 12 6 56 166 39 9 30
is_linear=0
shrinkage=0.05


Tree=14
num_leaves=22
num_cat=0
split_feature=1 7 1 2 7 4 4 4 0 3 2 4 2 7 2 0 0 7 7 2 8
split_gain=5.6136e+06 1.28475e+06 860614 483562 185433 332080 162085 292617 138108 112447 89945.7 47076.7 44279.3 18546.3 16553.6 15228.3 14479.8 22979.3 11502.8 8369.31 796.478
threshold=33880.495000000003 4.5000000000000009 17280.730000000003 7163.8200000000006 5.5000000000000009 44810.000000000007 36384.500000000007 36212.500000000007 39598.700000000004 0.38006841585734324 5211.5100000000011 38272.500000000007 9198.4800000000014 2.5000000000000004 14825.785000000002 40015.100000000006 34032.200000000004 5.5000000000000009 3.5000000000000004 20788.865000000005 4.5000000000000009
decision_type=2 2 2 2 2 2 2 2 2 2 2 2 2 2 2 2 2 2 2 2 2
left_child=2 8 9 6 5 -3 7 -4 -2 16 -8 19 13 -5 -14 -7 20 -18 -13 -11 -1
right_child=1 4 3 12 -6 15 10 -9 -10 11 -12 18 14 -15 -16 -17 17 -19 -20 -21 -22
leaf_value=-8.3103995750690327 3.1156471252441396 17.3373114267985 0.58549036979675306 0.38951191902160648 17.792799973487845 29.96273498535156 4.0483427365620939 14.109001159667967 11.425513916015625 -3.3102412005679476 0.38243824351917616 -5.8736048579215989 -1.6665996680295831 -1.2937761576970419 -2.8933327291951034 33.525073242187496 -8.1917552947998047 -2.4028513590494787 -9.6655122756957983 -5.4933250713348389 -7.6775269826253254
leaf_weight=29 10.000000000000002 6.0000000000000009 7.9999999999999973 36 8.0000000000000018 6 27 8 9.9999999999999982 36 44 4 165 30 33 6 3.9999999999999991 3 4 4.9999999999999991 5.9999999999999991
leaf_count=29 5 3 5 25 4 3 14 4 5 36 28 4 163 27 33 3 4 3 4 5 6
internal_value=0.174794 16.7979 -1.55522 -0.431827 24.1267 26.9417 2.80102 7.34725 7.27058 -5.88829 1.77651 -4.26106 -1.4972 -0.375619 -1.87106 31.7439 -7.78672 -5.7108 -7.76956 -3.57647 -8.20191
internal_weight=488 46 442 351 26 18 87 16 20 91 71 49 264 66 198 12 42 7 8 41 35
internal_count=413 23 390 299 13 9 51 9 10 91 42 49 248 52 196 6 42 7 8 41 35
is_linear=0
shrinkage=0.05


Tree=15
num_leaves=23
num_cat=0
split_feature=1 2 4 7 4 7 2 1 4 4 0 4 0 4 6 0 0 4 1 0 7 8
split_gain=3.7376e+06 633779 616454 762298 1.04427e+06 599271 238767 165988 154874 89177.5 82866.3 51626.1 30547.9 27989.2 19233.1 13950.6 13743.6 9703.79 7370.19 7294.11 28507.7 6672.57
threshold=33880.495000000003 14825.785000000002 44735.000000000007 5.5000000000000009 44810.000000000007 4.5000000000000009 7596.3650000000007 13052.865000000002 37329.500000000007 44012.500000000007 35144.000000000007 36520.000000000007 36390.05000000001 42910.000000000007 70.500000000000014 32688.700000000001 40015.100000000006 43067.500000000007 29167.340000000007 34032.200000000004 5.5000000000000009 4.5000000000000009
decision_type=2 2 2 2 2 2 2 2 2 2 2 2 2 2 2 2 2 2 2 2 2 2
left_child=1 6 9 5 -5 -4 8 19 10 -2 -1 15 -13 -10 18 -9 -7 -16 -8 21 -21 -3
right_child=2 7 3 4 -6 16 14 11 13 -11 -12 12 -14 -15 17 -17 -18 -19 -20 20 -22 -23
leaf_value=7.8205170440673832 -0.073583602905273438 -7.8935466625072337 10.803562672932941 21.479902648925787 -4.0674934864044188 28.464597574869789 -1.7498852690366598 -4.5650715691702706 -2.3026842043950011 7.636907119750977 2.6755018923017717 -6.2889991733762942 -2.169403562943141 0.46132151811353622 -0.80452746187939361 -2.1757290779302521 31.848819986979166 1.4777200889587403 -0.34123981714248663 -7.9423678080240894 -1.9728974024454748 -6.0501621405283608
leaf_weight=9.9999999999999982 5.9999999999999991 27 6.0000000000000009 7.9999999999999973 8 6 130 6.9999999999999991 12.999999999999998 9.9999999999999982 36 18.000000000000004 5.9999999999999991 31 68 48 6 4.9999999999999991 9.9999999999999982 5.9999999999999982 3 5.9999999999999991
leaf_count=6 3 27 3 4 4 3 130 7 11 5 19 18 6 18 61 48 3 3 7 6 3 6
internal_value=-0.0907326 -1.61542 12.8386 16.6471 8.7062 23.7057 -0.39382 -4.67445 1.76544 4.74547 3.79398 -3.32416 -5.2591 -0.355317 -1.30618 -2.47983 30.1567 -0.648209 -1.64927 -7.21428 -5.95254 -7.55839
internal_weight=474 424 50 34 16 18 303 121 90 16 46 79 24 44 213 55 12 73 140 42 9 33
internal_count=401 376 25 17 8 9 255 121 54 8 25 79 24 29 201 55 6 64 137 42 9 33
is_linear=0
shrinkage=0.05


Tree=16
num_leaves=24
num_cat=0
split_feature=2 7 2 6 2 4 4 3 3 0 6 4 4 7 2 8 2 7 0 7 6 6 2
split_gain=3.07368e+06 772918 652918 366748 283289 259188 245601 162069 151385 137290 91061.6 56232.9 45921.1 38311.6 28082.8 25454.3 19297.1 18747.3 13139.4 29317.7 6627.15 5325.3 727.524
threshold=4752.5500000000011 4.5000000000000009 14825.785000000002 69.500000000000014 7163.8200000000006 36384.500000000007 36212.500000000007 0.93350698434365709 0.38006841585734324 39598.700000000004 67.500000000000014 44735.000000000007 36520.000000000007 3.5000000000000004 9729.3050000000021 3.5000000000000004 18673.055000000004 2.5000000000000004 34032.200000000004 5.5000000000000009 69.500000000000014 70.500000000000014 21175.310000000001
decision_type=2 2 2 2 2 2 2 2 2 2 2 2 2 2 2 2 2 2 2 2 2 2 2
left_child=1 9 4 -3 5 6 -2 11 18 15 -7 -5 16 -14 17 21 -10 -6 22 -20 -16 -1 -4
right_child=2 3 8 7 14 10 -8 -9 12 -11 -12 -13 13 -15 20 -17 -18 -19 19 -21 -22 -23 -24
leaf_value=2.0988144397735584 0.029865455627441417 24.085270690917962 -7.7773026360405826 5.752297910054522 0.25052252696908039 5.7501785755157471 12.825733642578124 19.233256912231447 -1.7688830383334844 10.252081680297852 -0.011726851016283036 12.155667638778688 -3.4247926916927094 -7.2579867276278414 -1.8808556696772578 4.686592769622802 -3.7834591441684298 -1.2396543866548784 -7.5452494303385427 -2.0190188646316525 -1.224358475449923 -0.0077828248341878254 -7.2557240119347206
leaf_weight=6.0000000000000036 5.9999999999999973 10.000000000000002 8.9999999999999982 6.0000000000000027 46 7.9999999999999991 10 5.9999999999999991 35 7.9999999999999991 48 7.9999999999999991 16.000000000000004 10.999999999999998 80 8 18 39 5.9999999999999982 4 74 6 26
leaf_count=3 4 5 9 3 34 4 5 3 35 4 30 4 16 11 80 4 18 36 6 4 72 3 26
internal_value=-0.122654 10.6908 -1.56114 16.267 -0.334464 2.41493 8.02728 12.3579 -4.61312 4.71627 0.811402 9.41137 -3.3081 -4.98646 -1.16273 2.50195 -2.45308 -0.433206 -6.93316 -5.33476 -1.5654 1.04552 -7.38984
internal_weight=494 58 436 30 311 72 16 20 125 28 56 14 80 27 239 20 53 85 45 10 154 12 35
internal_count=419 29 390 15 265 43 9 10 125 14 34 7 80 27 222 10 53 70 45 10 152 6 35
is_linear=0
shrinkage=0.05


Tree=17
num_leaves=20
num_cat=0
split_feature=1 1 7 7 4 4 2 0 0 1 2 4 1 4 4 0 0 7 8
split_gain=3.35326e+06 628262 452977 496330 1.14432e+06 441382 364072 166006 135225 86612.3 72105.7 37954.3 35104.4 24989.2 17876.8 10453.8 8038.51 21849.2 4505.44
threshold=33880.495000000003 17280.730000000003 4.5000000000000009 5.5000000000000009 44810.000000000007 44810.000000000007 7163.8200000000006 35144.000000000007 39598.700000000004 13052.865000000002 6163.9050000000016 39715.000000000007 25068.960000000003 39497.500000000007 39497.500000000007 32806.900000000001 34032.200000000004 5.5000000000000009 4.5000000000000009
decision_type=2 2 2 2 2 2 2 2 2 2 2 2 2 2 2 2 2 2 2
left_child=1 9 8 5 -5 -4 7 -3 -2 16 -9 15 13 -8 -14 -11 18 -18 -1
right_child=2 6 3 4 -6 -7 12 10 -10 11 -12 -13 14 -15 -16 -17 17 -19 -20
leaf_value=-7.1611214192708337 1.7764146804809564 10.60847676595052 12.31266927719116 22.334895706176766 -4.4082796573638907 28.069481201171868 -1.4113812418003393 3.2692135411639551 9.9990936279296889 -4.5967683494091034 0.075312998692194627 -8.1734592437744151 0.10266225704779992 -2.9798822272568941 -1.1369412330063908 -2.6803919623879828 -7.1707345581054689 -1.7733015696207677 -5.7523840699877056
leaf_weight=30 10.000000000000002 5.9999999999999991 8 7.9999999999999973 8 10 123 43 9.9999999999999982 8.9999999999999982 30 3.9999999999999991 52 32 66 34 5 3 6.9999999999999991
leaf_count=30 5 3 4 4 4 5 122 24 5 9 20 4 41 32 60 34 5 3 7
internal_value=0.0938209 -1.33703 11.8586 15.3709 8.96331 21.0665 -0.375481 2.61375 5.88775 -5.016 1.95665 -3.51485 -1.2405 -1.7352 -0.590675 -3.08149 -6.58386 -5.1467 -6.8946
internal_weight=498 444 54 34 16 18 352 79 20 92 73 47 273 155 118 43 45 8 37
internal_count=421 394 27 17 8 9 302 47 10 92 44 47 255 154 101 43 45 8 37
is_linear=0
shrinkage=0.05


Tree=18
num_leaves=22
num_cat=0
split_feature=1 6 2 2 4 4 6 2 4 2 6 1 4 0 0 9 1 2 1 2 9
split_gain=2.85525e+06 622929 586219 311242 296862 138148 124629 94633.7 69100.1 65264.3 50940.6 47703.9 47955.4 34975.9 21602.9 40258.3 14215 14072.2 12950.5 3057.41 393.675
threshold=33681.630000000005 69.500000000000014 18673.055000000004 7596.3650000000007 44735.000000000007 36349.500000000007 71.500000000000014 5211.5100000000011 44012.500000000007 4234.8900000000012 70.500000000000014 20612.970000000005 39497.500000000007 40102.30000000001 32806.900000000001 1.0000000180025095e-35 13052.865000000002 20593.395 25974.190000000006 19523.955000000005 1.0000000180025095e-35
decision_type=2 2 2 2 2 2 2 2 2 2 2 2 2 2 2 2 2 2 2 2 2
left_child=2 -2 3 5 8 10 13 -7 -3 -10 -1 12 -5 -6 19 17 -17 -16 -13 -4 -21
right_child=1 4 14 11 6 7 -8 -9 9 -11 -12 18 -14 -15 15 16 -18 -19 -20 20 -22
leaf_value=9.2267986297607436 22.06259796142578 -0.15827029546101878 -8.3542465209960834 -2.044502677423198 12.213416290283202 3.4768547693888348 17.570769071578976 -0.31726445867901759 3.3447331142425529 9.403706359863282 3.1321943283081053 -1.2836862616056255 -6.6752139409383133 6.8146547953287753 -4.7776347247037005 -4.569109003884452 -1.4838253133930266 -7.1007773160934455 -0.45420221833439617 -6.1204128265380788 -6.7367418791118432
leaf_weight=7.9999999999999982 9.9999999999999982 6.0000000000000027 3.0000000000000027 82 6 27 8 42 10.000000000000002 7.9999999999999991 6 121 5.9999999999999991 6 11.000000000000002 6.9999999999999991 7.9999999999999991 15.999999999999998 77 3.0000000000000027 19
leaf_count=4 5 3 3 82 3 14 4 28 5 4 4 120 6 3 11 7 8 16 63 3 19
internal_value=-0.0473419 10.7979 -1.39056 -0.609329 8.23777 2.08624 12.7367 1.16739 4.48864 6.03761 6.61483 -1.39161 -2.36023 9.51404 -5.69318 -5.00049 -2.92362 -6.15431 -0.961109 -6.85688 -6.6527
internal_weight=490 54 436 369 44 83 20 69 24 18 14 286 88 12 67 42 15 27 198 25 22
internal_count=415 27 388 321 22 50 10 42 12 9 8 271 88 6 67 42 15 27 183 25 22
is_linear=0
shrinkage=0.05


Tree=19
num_leaves=23
num_cat=0
split_feature=1 9 2 3 3 0 4 4 2 0 2 1 4 0 0 0 6 6 0 0 0 9
split_gain=3.30136e+06 649608 517590 296101 293881 577565 146518 253057 95382.8 94301.6 71469.3 68561.4 66719 46110.1 35417 20677.5 14331.3 9276.11 2815.93 9493.25 821.652 478.473
threshold=33681.630000000005 1.0000000180025095e-35 7766.9600000000009 0.37498279832327358 0.93350698434365709 39793.05000000001 36349.500000000007 36212.500000000007 5211.5100000000011 39598.700000000004 5035.6500000000005 20496.375 38272.500000000007 35138.700000000004 39369.000000000007 37604.400000000009 71.500000000000014 69.500000000000014 34032.200000000004 34282.400000000009 39973.100000000006 1.0000000180025095e-35
decision_type=2 2 2 2 2 2 2 2 2 2 2 2 2 2 2 2 2 2 2 2 2 2
left_child=2 9 6 18 5 14 7 15 10 -2 -8 12 -5 -9 -3 -1 -13 -10 21 -20 -11 -4
right_child=1 4 3 11 -6 -7 8 13 17 20 -12 16 -14 -15 -16 -17 -18 -19 19 -21 -22 -23
leaf_value=-3.4528135935465474 2.4052806091308589 23.825405883789035 -6.0448627471923828 -2.0774486337261027 27.281261189778647 4.0803203582763672 1.6752777464249551 7.4870168050130204 0.5782854180586966 8.5658564249674498 7.4062765836715698 -1.2048944969547959 -5.8088978120258883 13.685816446940104 18.743586730957031 1.4147245407104494 -0.13852887428723848 -0.83364579240481074 -3.0396041870117179 -6.5973657989501948 9.3933286031087224 -6.4519312722342352
leaf_weight=3.0000000000000009 10.000000000000002 6.0000000000000062 10.999999999999998 83 5.9999999999999991 7.9999999999999991 17.000000000000004 6 19 5.9999999999999982 7.9999999999999991 164 13.999999999999998 6 7.9999999999999991 7.9999999999999991 39 30 3 5 6 21
leaf_count=3 5 3 11 83 3 4 9 3 10 3 4 158 14 3 4 4 33 23 3 5 3 21
internal_value=0.250299 12.4208 -1.1422 -2.06132 17.4725 14.7974 2.07943 5.56506 0.996054 5.99127 3.5092 -1.52253 -2.61601 10.5864 20.9215 0.0872141 -1.00003 -0.286162 -6.10224 -5.26321 8.97959 -6.312
internal_weight=487 50 437 340 28 22 97 23 74 22 25 300 97 12 14 11 203 49 40 8 12 32
internal_count=412 25 387 328 14 11 59 13 46 11 13 288 97 6 7 7 191 33 40 8 6 32
is_linear=0
shrinkage=0.05


Tree=20
num_leaves=24
num_cat=0
split_feature=3 7 3 0 0 3 4 4 0 6 7 3 0 7 4 7 3 0 6 2 2 0 7
split_gain=2.70258e+06 582408 348715 340724 311919 120484 108281 174776 103713 46443 36221.3 23243.8 20498.4 47071.9 18562 16869.2 13944 12961.9 9007.99 3641.35 3108.66 1285.06 293.047
threshold=0.86697767826276151 4.5000000000000009 0.44658068855919536 40102.30000000001 38939.150000000001 0.77973425915950656 36349.500000000007 36212.500000000007 39598.700000000004 69.500000000000014 1.5000000000000002 0.56830638637213948 32806.900000000001 4.5000000000000009 38452.500000000007 1.5000000000000002 0.37498279832327358 40646.80000000001 70.500000000000014 21175.310000000001 19523.955000000005 38136.650000000009 4.5000000000000009
decision_type=2 2 2 2 2 2 2 2 2 2 2 2 2 2 2 2 2 2 2 2 2 2 2
left_child=2 8 12 4 -3 11 7 -7 10 -6 -2 14 20 19 -4 -8 -15 -5 -13 -14 -1 -12 -22
right_child=1 3 5 17 9 6 15 -9 -10 -11 21 18 13 16 -16 -17 -18 -19 -20 -21 22 -23 -24
leaf_value=-7.6975629170735589 5.3478210449218686 8.156273031234738 -1.821525464939975 9.047835095723471 24.218116378784181 -0.10628740604107195 0.84931572520214582 8.6860317993164049 8.5266589355468749 18.830458831787109 1.1072646856307986 -1.3373904761768156 -6.7864363193511936 -4.0647269521440759 -4.2514615694681801 -0.81525313408838385 -1.1550832235813142 5.7612626393636059 -0.64321531335512805 -5.3844735405661845 -5.5121490478515565 0.072428830464680988 -6.0506602287292486
leaf_weight=3.0000000000000027 6.0000000000000062 6.0000000000000027 62 5.9999999999999982 7.9999999999999991 13 23 10 9.9999999999999982 7.9999999999999991 5.9999999999999982 124 8.0000000000000018 7.0000000000000027 8.9999999999999982 45 9.9999999999999982 6 75 10.999999999999998 3.0000000000000027 6 15.999999999999998
leaf_count=3 3 3 62 3 4 9 13 5 5 4 3 123 8 7 9 33 10 3 67 11 3 3 16
internal_value=0.040955 9.78407 -1.40075 14.1818 17.8785 -0.822573 0.75084 3.71646 4.44399 21.5243 2.17584 -1.35287 -4.99938 -4.26457 -2.12955 -0.252237 -2.35317 7.40455 -1.07577 -5.97477 -6.2018 0.589847 -5.96563
internal_weight=481 62 419 34 22 361 91 23 28 16 18 270 58 36 71 68 17 12 199 19 22 12 19
internal_count=410 31 379 17 11 321 60 14 14 8 9 261 58 36 71 46 17 6 190 19 22 6 19
is_linear=0
shrinkage=0.05


Tree=21
num_leaves=19
num_cat=0
split_feature=1 6 2 3 2 1 4 4 4 4 4 7 1 4 3 1 4 7
split_gain=2.26914e+06 507125 467117 402292 287556 177102 225939 125977 188126 60266.4 87144.5 41417.7 34407.2 32560.5 16089.8 26704.4 12857.3 4391.45
threshold=33910.880000000012 69.500000000000014 7274.3450000000003 0.93350698434365709 18673.055000000004 36253.080000000009 44735.000000000007 36349.500000000007 36212.500000000007 44395.000000000007 44810.000000000007 1.5000000000000002 22351.475000000009 38452.500000000007 0.3884547091986193 13542.65 39497.500000000007 5.5000000000000009
decision_type=2 2 2 2 2 2 2 2 2 2 2 2 2 2 2 2 2 2
left_child=2 -2 7 5 12 6 -3 8 -1 11 -11 -9 13 -4 17 -16 -14 -6
right_child=1 3 4 -5 14 -7 -8 9 -10 10 -12 -13 16 -15 15 -17 -18 -19
leaf_value=0.17981190681457515 20.081261596679688 3.4966199715932209 -1.4697466048154426 16.30629379272461 -5.8015769422054291 -2.9260755538940431 13.595455074310303 2.2810144742329914 10.466744155883788 6.1583959599335971 -1.2216657956441246 -0.68510810426052882 -0.36336826554844892 -3.5331639354117215 -0.12468887716531743 -4.7226181968053185 -1.2457534454085613 -4.6799850980440771
leaf_weight=8 9.9999999999999982 18.000000000000004 94 9.9999999999999982 32 5.9999999999999991 7.9999999999999991 18 10 12.000000000000002 5.9999999999999991 34 89 24 4.0000000000000027 14.999999999999998 77 11.999999999999998
leaf_count=5 5 9 94 5 32 3 4 9 5 6 4 22 81 24 4 15 73 12
internal_value=0.0905543 9.96196 -1.08948 7.5526 -1.91459 4.81707 6.60395 2.16411 5.89477 1.20479 3.69838 0.341627 -1.23667 -1.88942 -4.97061 -3.75463 -0.772667 -5.49569
internal_weight=487 52 435 42 347 32 26 88 18 70 18 52 284 118 63 19 166 44
internal_count=412 26 386 21 335 16 13 51 10 41 10 31 272 118 63 19 154 44
is_linear=0
shrinkage=0.05


Tree=22
num_leaves=21
num_cat=0
split_feature=1 3 4 2 3 7 7 4 4 4 3 1 1 6 7 2 3 1 6 7
split_gain=2.16473e+06 361517 310050 248706 199009 164461 407169 104622 230773 60693.1 88801 39102.4 24955.8 23997.3 20508.9 15439.1 11912.9 10631.8 13099 653.844
threshold=33880.495000000003 0.76365086220871303 44395.000000000007 4752.5500000000011 0.42962381591101523 4.5000000000000009 5.5000000000000009 36349.500000000007 36212.500000000007 44395.000000000007 0.86391879330921839 28873.540000000001 29167.340000000007 67.500000000000014 5.5000000000000009 14825.785000000002 0.50904919354271461 10760.965000000002 67.500000000000014 3.5000000000000004
decision_type=2 2 2 2 2 2 2 2 2 2 2 2 2 2 2 2 2 2 2 2
left_child=1 4 -2 5 17 -4 -7 8 12 14 -11 -10 -3 15 -9 -6 -15 19 -19 -1
right_child=2 7 3 -5 13 6 -8 9 11 10 -12 -13 -14 16 -16 -17 -18 18 -20 -21
leaf_value=-4.9715204620361293 1.1910624980926514 -2.5321470419565841 7.361021804809571 2.5885874430338545 -1.660663366317749 22.317439778645834 9.7661191122872495 0.23998668123099764 6.3355288187662735 0.79418712933858215 7.9914486885070808 12.043886820475258 1.546721591949463 -2.1778109252452853 -1.7783122092485428 -3.5984393484452193 -0.99378513628969323 -2.3357659332454195 -4.6983860828659756 -5.614135601646022
leaf_weight=5.0000000000000027 7.9999999999999991 5.9999999999999991 7.9999999999999991 5.9999999999999991 26 12 14 59 6.0000000000000018 15.000000000000002 5.9999999999999991 6 9.9999999999999982 24 15.999999999999998 17 185 8.0000000000000018 22 19
leaf_count=5 4 6 4 3 26 6 7 36 3 10 3 3 5 24 14 17 183 8 22 19
internal_value=0.105767 -1.01843 10.1767 11.9739 -1.94132 13.6301 15.559 1.25902 3.94824 0.474664 2.85055 9.18971 0.0171459 -1.35107 -0.190584 -2.42676 -1.12975 -4.69587 -4.06835 -5.48026
internal_weight=478 430 48 40 306 34 26 124 28 96 21 12 16 252 75 43 209 54 30 24
internal_count=408 384 24 20 304 17 13 80 17 63 13 6 11 250 50 43 207 54 30 24
is_linear=0
shrinkage=0.05


Tree=23
num_leaves=21
num_cat=0
split_feature=3 4 4 7 2 2 7 3 0 2 4 0 2 4 0 0 2 2 4 0
split_gain=1.75967e+06 506293 393689 731940 335448 152413 127762 126010 105154 211611 99004.5 44061 41016.6 19241.9 18640.5 16497.3 13097.6 15014.6 12875.2 5096.94
threshold=0.86391879330921839 44735.000000000007 44810.000000000007 5.5000000000000009 18673.055000000004 6724.0700000000006 2.5000000000000004 0.90905678690191905 38939.150000000001 4234.8900000000012 37162.000000000007 36658.350000000006 9729.3050000000021 36349.500000000007 33464.05000000001 35417.200000000004 19089.265000000003 20593.395 34732.500000000007 37953.700000000004
decision_type=2 2 2 2 2 2 2 2 2 2 2 2 2 2 2 2 2 2 2 2
left_child=4 8 -3 7 5 6 10 -4 11 -10 -1 -2 13 -7 -14 16 -6 -18 -17 -8
right_child=1 2 3 -5 15 12 19 -9 9 -11 -12 -13 14 -15 -16 18 17 -19 -20 -21
leaf_value=7.5188157081603979 4.1844292322794594 20.77992614746093 10.412289937337235 -5.8524000803629557 -7.8908738454182945 1.2182427996680851 -2.5199687480926518 20.659645589192706 1.5190250825881952 12.42915620803833 1.717709591514186 -1.2353515577316285 -2.2516272407107887 -0.47803302894278271 -1.105051974407927 -0.69986418724060051 -2.9298402190208437 -4.9203675489955483 -4.8431615193684889 -0.67250280380249017
leaf_weight=12.000000000000002 5.9999999999999991 10.000000000000002 6.0000000000000018 5.9999999999999991 2.9999999999999991 21 7.9999999999999982 6 10.000000000000002 7.9999999999999991 19 9.9999999999999982 45 82 167 5 11.999999999999998 45 3 7
leaf_count=6 3 5 3 3 3 14 7 3 5 4 11 5 45 65 165 5 12 45 3 4
internal_value=-0.0270276 7.84666 12.8256 8.40651 -1.16495 -0.558137 2.13033 15.536 3.74637 6.36797 3.9633 0.797066 -0.950738 -0.13219 -1.34843 -4.38641 -4.67079 -4.50131 -2.2536 -1.65782
internal_weight=491 62 28 18 429 361 46 12 34 18 31 16 315 103 212 68 60 57 8 15
internal_count=416 31 14 9 385 317 28 6 17 9 17 8 289 79 210 68 60 57 8 11
is_linear=0
shrinkage=0.05


Tree=24
num_leaves=25
num_cat=0
split_feature=3 4 7 4 7 1 0 1 3 4 7 3 7 0 3 0 4 8 3 4 0 7 4 3
split_gain=1.55637e+06 327920 433884 710871 305262 268650 118281 190437 81633 107517 67227.7 51444.5 30230.5 28071.3 22965.5 21949 20590.4 27865.8 12184.1 9308.62 9098.62 19999.9 3401.8 993.622
threshold=0.86391879330921839 44735.000000000007 5.5000000000000009 44810.000000000007 4.5000000000000009 18540.995000000006 38939.150000000001 35344.775000000009 0.8319323593656287 37162.000000000007 1.5000000000000002 0.38006841585734324 2.5000000000000004 37502.450000000004 0.7702583037635552 40015.100000000006 36337.500000000007 4.5000000000000009 0.39835297291244748 38452.500000000007 34032.200000000004 5.5000000000000009 44012.500000000007 0.36949557073961048
decision_type=2 2 2 2 2 2 2 2 2 2 2 2 2 2 2 2 2 2 2 2 2 2 2 2
left_child=5 6 4 -4 -3 11 13 -8 12 -10 -11 20 14 -2 -7 -6 18 -18 -13 -14 23 -22 -15 -1
right_child=1 2 3 -5 15 8 7 -9 9 10 -12 16 19 22 -16 -17 17 -19 -20 -21 21 -23 -24 -25
leaf_value=-4.9357597759791787 3.1429690170288076 6.4413458506266252 14.872726631164554 -6.2055637359619134 18.115589904785153 -0.60372702305515613 13.878680801391603 2.6111122131347657 8.0904777526855423 4.1074178457260109 -1.718136391272912 -4.4280034661293035 -0.91522346404898502 -1.2858025232950849 0.75227361149258087 22.392370096842445 -4.210240615497935 0.92669267654418952 -1.5337707361578943 -1.7716709122365835 -5.1558272043863944 -0.59147953912615769 0.39789418379465735 -5.700957107543946
leaf_weight=28 10.000000000000002 6.0000000000000009 7.9999999999999973 8 6 102 5.9999999999999991 9.9999999999999982 6.0000000000000027 8.0000000000000018 12.999999999999998 3.9999999999999991 90 5.9999999999999982 45 6 22.000000000000004 2.9999999999999991 40 49 5.9999999999999982 4 6 4.9999999999999991
leaf_count=28 5 3 4 4 3 96 3 5 3 4 9 4 88 3 27 3 22 3 40 49 6 4 3 5
internal_value=-0.040724 6.7572 10.3245 4.33358 15.6498 -1.19237 3.56541 6.83645 -0.440394 2.18765 0.501122 -3.29388 -0.688496 1.18647 -0.188625 20.254 -2.44794 -3.59381 -1.79688 -1.21714 -4.65132 -3.33009 -0.443954 -5.0517
internal_weight=497 72 34 16 18 425 38 16 313 27 21 112 286 22 147 12 69 25 44 139 43 10 12 33
internal_count=424 36 17 8 9 388 19 8 276 16 13 112 260 11 123 6 69 25 44 137 43 10 6 33
is_linear=0
shrinkage=0.05


Tree=25
num_leaves=22
num_cat=0
split_feature=1 1 7 7 0 4 2 1 4 0 7 1 1 4 0 0 8 0 0 7 8
split_gain=1.62226e+06 251722 244878 334456 493828 218355 140363 69982.3 62876.4 44422.3 31950.9 30705.2 27166 24141.2 19809 15402.3 12018.9 9157.51 7755.72 12621.4 3861.16
threshold=33880.495000000003 17280.730000000003 4.5000000000000009 5.5000000000000009 40102.30000000001 44810.000000000007 5885.2250000000013 33035.805 44395.000000000007 36912.55000000001 2.5000000000000004 27342.645 12793.645 39715.000000000007 40015.100000000006 39831.450000000004 4.5000000000000009 35192.500000000007 34032.200000000004 5.5000000000000009 4.5000000000000009
decision_type=2 2 2 2 2 2 2 2 2 2 2 2 2 2 2 2 2 2 2 2 2
left_child=1 12 8 5 -5 -4 7 9 -2 -3 11 -8 18 17 -7 -10 -12 -14 20 -20 -1
right_child=2 6 3 4 -6 14 10 -9 15 -11 16 -13 13 -15 -16 -17 -18 -19 19 -21 -22
leaf_value=-4.8250670397723168 -0.42835588455200169 2.6938630819320677 8.5770245552062985 13.031817054748538 -5.9440279642740883 17.209810892740883 -0.76676965641078132 -1.6073315143585205 3.7743579546610513 7.5039166450500492 -1.3939609484076501 0.6496959192936238 -2.4827594346778339 -5.8535954284667966 21.272751871744788 7.1256070137023926 -0.07383080065250397 -0.53264311381748752 -4.9230087280273445 -0.33653455525636666 -3.3124225807189944
leaf_weight=27 6.0000000000000027 24.000000000000004 8 7.9999999999999982 6 6 93 7.9999999999999991 5.9999999999999991 5.9999999999999991 125 65 43 4.9999999999999991 6 7.9999999999999991 20 6.9999999999999991 2.9999999999999991 3 4.9999999999999991
leaf_count=27 3 13 4 4 3 3 89 4 3 3 123 41 43 5 3 4 18 7 3 3 5
internal_value=0.071366 -0.945521 8.24413 10.8265 4.89931 14.9756 -0.316667 2.54783 3.85404 3.65587 -0.675911 -0.184046 -3.25132 -2.541 19.2413 5.68936 -1.21187 -2.20974 -4.27941 -2.62977 -4.58872
internal_weight=488 434 54 34 14 20 341 38 20 30 303 158 93 55 12 14 145 50 38 6 32
internal_count=411 384 27 17 7 10 291 20 10 16 271 130 93 55 6 7 141 50 38 6 32
is_linear=0
shrinkage=0.05


Tree=26
num_leaves=22
num_cat=0
split_feature=1 3 1 1 1 0 1 4 4 3 1 6 0 6 7 3 4 1 8 3 0
split_gain=1.10538e+06 299555 142144 321349 124920 122857 112753 80482.5 185015 60833.8 56824.8 41083.5 28537.1 18166.6 15242.8 11930.9 11623.1 11076.2 11043.1 9570.92 4821.05
threshold=33941.210000000014 0.76365086220871303 35239.715000000004 36018.505000000012 14732.065000000002 40646.80000000001 36686.105000000003 36349.500000000007 36212.500000000007 0.84555117463234464 35637.680000000008 67.500000000000014 35138.700000000004 67.500000000000014 2.5000000000000004 0.37498279832327358 34732.500000000007 17280.730000000003 2.5000000000000004 0.5875419174391755 34032.200000000004
decision_type=2 2 2 2 2 2 2 2 2 2 2 2 2 2 2 2 2 2 2 2 2
left_child=1 4 -2 10 15 6 -5 8 14 18 -4 -11 -10 19 -3 20 -17 -15 -9 -6 -1
right_child=2 7 3 5 13 -7 -8 9 12 11 -12 -13 -14 17 -16 16 -18 -19 -20 -21 -22
leaf_value=-4.4577919840812683 13.728011512756348 1.102252642313639 -3.7019715627034508 6.7798405965169195 -3.0216707580229816 3.8089163462320963 15.449841318130494 1.9382625603675843 5.8063400268554659 5.9293006738026941 3.1794518152872717 1.4314661445039691 10.682907358805338 -2.0039233749563041 -2.1836202049255369 -1.6928767005602514 -4.0698755635155575 -0.81396845730487266 -0.49763384474747219 -1.4257753394898915 -3.0854863012209535
leaf_weight=32 7.9999999999999991 12.000000000000002 5.9999999999999982 6.0000000000000062 17 5.9999999999999991 9.9999999999999982 4.9999999999999991 6.0000000000000018 5.9999999999999991 6 33 6 22 4.9999999999999991 12.000000000000002 8.9999999999999982 176 67 21 7.9999999999999991
leaf_count=32 4 6 3 3 17 3 5 3 3 3 3 17 3 22 5 12 9 172 50 21 8
internal_value=-0.0162896 -0.760921 7.73143 6.32047 -1.6597 9.9105 12.1986 1.14577 3.49119 0.533009 -0.26126 2.12344 8.24462 -1.13837 0.135819 -3.67667 -2.71159 -0.946186 -0.328474 -2.13973 -4.18333
internal_weight=479 437 42 34 297 22 16 140 29 111 12 39 12 236 17 61 21 198 72 38 40
internal_count=404 383 21 17 293 11 8 90 17 73 6 20 6 232 11 61 21 194 53 38 40
is_linear=0
shrinkage=0.05


Tree=27
num_leaves=22
num_cat=0
split_feature=1 7 2 0 1 0 2 4 0 0 2 0 7 0 7 0 0 4 8 2 4
split_gain=1.49585e+06 259314 221534 144579 182541 197985 131045 113209 75111.1 41611.8 37166.8 43036.8 15429 12272.2 24503.8 11609.3 10875.7 7988.42 5958.38 3434.28 234.302
threshold=33880.495000000003 4.5000000000000009 18673.055000000004 40646.80000000001 35907.485000000008 39369.000000000007 5885.2250000000013 37162.000000000007 37953.700000000004 39831.450000000004 8627.6500000000015 34875.55000000001 3.5000000000000004 33153.55000000001 4.5000000000000009 33391.150000000001 39181.80000000001 44810.000000000007 4.5000000000000009 20593.395 29507.500000000004
decision_type=2 2 2 2 2 2 2 2 2 2 2 2 2 2 2 2 2 2 2 2 2
left_child=2 9 6 4 5 -3 7 -1 -9 16 11 -8 -12 19 15 -15 -2 -6 -16 -4 -21
right_child=1 3 13 -5 17 -7 10 8 -10 -11 12 -13 -14 14 18 -17 -18 -19 -20 20 -22
leaf_value=10.534904479980469 3.1299485524495427 14.236938285827627 -6.0539351145426359 3.6184702555338539 15.542843944206837 3.1130482077598574 3.7306009650230409 0.26220449986665145 6.543968423207601 6.2801120758056648 -0.66036843903971931 -0.11568101651966572 -1.4711424236015607 -1.0250605583190906 -0.55291219287448468 -4.3407335498116231 0.11945714950561521 18.122962951660153 -2.8721987962722779 -4.4205801773071274 -4.0861766121604228
leaf_weight=3.9999999999999991 6.0000000000000018 8.0000000000000053 3.0000000000000027 5.9999999999999991 5.9999999999999982 7.9999999999999991 7.9999999999999991 23.000000000000004 5.9999999999999991 7.9999999999999991 159 80 93 3.0000000000000027 8.9999999999999982 22 6 6 3.9999999999999991 10.000000000000002 10.999999999999998
leaf_count=2 3 4 3 3 3 4 5 13 3 4 153 55 93 3 9 22 3 3 4 10 11
internal_value=0.155625 8.0045 -0.818718 10.6619 12.1712 8.67499 -0.358687 2.64952 1.56188 3.48687 -0.65066 0.233981 -0.959583 -3.58632 -3.02727 -3.94285 1.6247 16.8329 -1.26654 -4.47148 -4.24542
internal_weight=489 54 435 34 28 16 373 33 29 20 340 88 252 62 38 25 12 12 13 24 21
internal_count=413 27 386 17 14 8 324 18 16 10 306 60 246 62 38 25 6 6 13 24 21
is_linear=0
shrinkage=0.05


Tree=28
num_leaves=16
num_cat=0
split_feature=3 2 4 2 7 7 4 7 4 3 0 6 4 2 3
split_gain=1.49423e+06 356547 151713 145970 135287 136219 110643 77125.4 45549 26743.9 17815.5 15882.3 14875.3 13990.3 19697.5
threshold=0.89747691416181763 6724.0700000000006 44735.000000000007 18673.055000000004 4.5000000000000009 5.5000000000000009 37329.500000000007 1.5000000000000002 42910.000000000007 0.71000643725608248 40015.100000000006 67.500000000000014 36384.500000000007 19089.265000000003 0.3884547091986193
decision_type=2 2 2 2 2 2 2 2 2 2 2 2 2 2 2
left_child=1 2 6 9 -2 10 7 -1 -8 11 -6 -3 -11 -5 -15
right_child=4 3 -4 13 5 -7 8 -9 -10 12 -12 -13 -14 14 -16
leaf_value=2.2185455513000489 5.1100786209106417 -2.0603782650083304 8.2052676010131833 -6.7292291005452469 15.113150533040363 8.6166567802429181 -2.546332197922927 7.792089102003307 1.078462064610078 0.67880674889593418 18.966230265299476 -0.94213254477877129 -0.56407780576957745 -3.8373698251191963 -1.9380557394027713
leaf_weight=20 6.0000000000000027 40 9.9999999999999982 2.9999999999999991 6 8 12.999999999999998 9.0000000000000018 26 33 6 154 89 43 20
leaf_count=10 3 40 5 3 3 4 9 5 13 23 3 152 77 43 20
internal_value=0.0335361 -0.62559 2.455 -1.25461 11.695 13.6705 1.60937 3.94827 -0.129803 -0.80793 17.0397 -1.1727 -0.227888 -3.39327 -3.23441
internal_weight=486 460 78 382 26 20 68 29 39 316 12 194 122 66 63
internal_count=413 400 42 358 13 10 37 15 22 292 6 192 100 66 63
is_linear=0
shrinkage=0.05


Tree=29
num_leaves=17
num_cat=0
split_feature=3 2 2 4 0 1 6 0 3 2 1 4 4 6 1 2
split_gain=1.02278e+06 251562 136926 130952 171353 108276 114918 57319.2 45505.6 38198.4 28045.6 26867.3 15175.9 10492.4 15831.4 4800.91
threshold=0.89747691416181763 6724.0700000000006 18673.055000000004 44735.000000000007 40646.80000000001 36686.105000000003 69.500000000000014 35144.000000000007 0.89394336797220664 6163.9050000000016 25068.960000000003 38452.500000000007 36349.500000000007 70.500000000000014 13052.865000000002 19626.730000000003
decision_type=2 2 2 2 2 2 2 2 2 2 2 2 2 2 2 2
left_child=1 7 10 -2 5 6 -5 -1 9 -9 11 -3 -12 15 -15 -4
right_child=3 2 13 4 -6 -7 -8 8 -10 -11 12 -13 -14 14 -16 -17
leaf_value=7.8422065734863287 2.0502819061279296 -0.69761368798748624 -4.9687387847900393 14.357493082682277 2.8342212677001957 16.974087905883788 4.5715480804443356 2.6314669408083877 -2.4779402097066243 -0.28340993608747211 1.0294342289368312 -2.0696799023697774 -0.35081953285819195 -4.1638304710388194 -0.10291516135136286 -3.3390687739595459
leaf_weight=3.9999999999999991 5.9999999999999991 139 4.9999999999999991 6.0000000000000053 5.9999999999999991 7.9999999999999991 6 57 5.9999999999999991 13.999999999999998 24 48 117 3.9999999999999982 6 47
leaf_count=2 3 138 5 3 3 4 3 30 3 9 16 48 98 4 6 47
internal_value=0.0586399 -0.529041 -1.05565 8.70856 10.2451 12.4683 9.46452 2.00651 1.70335 2.0567 -0.64833 -1.0498 -0.115883 -3.21053 -1.72728 -3.49577
internal_weight=503 471 390 32 26 20 12 81 77 71 328 187 141 62 10 52
internal_count=422 406 362 16 13 10 6 44 42 39 300 186 114 62 10 52
is_linear=0
shrinkage=0.05


Tree=30
num_leaves=23
num_cat=0
split_feature=3 6 1 4 4 7 3 4 4 6 7 1 4 4 7 4 4 8 0 1 1 0
split_gain=958064 224270 222893 197849 385814 464532 80751.9 73889.4 104616 56841.5 45001.6 35233.8 25551.9 16623.6 11378.7 13803.1 8084.46 6810.81 6352.93 3099.93 8276.21 3257.38
threshold=0.88204728309707103 69.500000000000014 19342.510000000002 44735.000000000007 44810.000000000007 5.5000000000000009 0.80788741210594139 36384.500000000007 36212.500000000007 67.500000000000014 4.5000000000000009 13320.550000000003 39715.000000000007 41855.000000000007 2.5000000000000004 36337.500000000007 44585.000000000007 4.5000000000000009 34537.500000000007 12088.725000000002 10760.965000000002 34764.500000000007
decision_type=2 2 2 2 2 2 2 2 2 2 2 2 2 2 2 2 2 2 2 2 2 2
left_child=2 -2 11 10 -5 -6 14 8 -8 -9 16 19 18 -14 15 -4 -3 -16 -13 20 -1 -21
right_child=1 3 6 4 5 -7 7 9 -10 -11 -12 12 13 -15 17 -17 -18 -19 -20 21 -22 -23
leaf_value=-3.7136753476899247 13.554745864868165 4.4495011647542304 0.86636239536877346 19.149603780110667 13.458686447143558 -6.2164259592692055 0.098634365626743895 5.824950904846192 8.4685387611389142 0.28950812146067623 -2.1516838073730469 -1.7040261922059239 -6.7406555175781255 -1.816961844762166 -0.94532421369239994 -0.38628811765830595 1.8539189338684079 0.11367633541425069 -0.50879858412912915 -4.8457338605608271 -2.1029545090415263 -2.8765109856923416
leaf_weight=29 9.9999999999999982 6.0000000000000018 29 6.0000000000000027 5.9999999999999982 6 6.9999999999999973 4.9999999999999991 8 64 5.9999999999999991 54 3.9999999999999991 3 97 91 6 18 13.999999999999998 6.9999999999999982 10.999999999999998 3
leaf_count=29 5 3 23 3 3 3 4 3 4 40 3 54 4 3 95 81 3 16 14 7 11 3
internal_value=0.0618168 6.93063 -0.649817 5.0906 8.79729 3.62113 0.0514547 1.38205 4.56258 0.690627 1.38391 -2.43946 -1.75405 -4.6305 -0.424162 -0.0835642 3.15171 -0.779568 -1.45795 -3.46758 -3.27073 -4.25497
internal_weight=490 46 444 36 18 12 319 84 15 69 18 125 75 7 235 120 12 115 68 50 40 10
internal_count=414 23 391 18 9 6 266 51 8 43 9 125 75 7 215 104 6 111 68 50 40 10
is_linear=0
shrinkage=0.05


Tree=31
num_leaves=22
num_cat=0
split_feature=1 7 0 7 1 2 7 1 0 1 0 1 7 3 2 8 1 8 3 7 1
split_gain=826154 183157 226166 374233 169534 86370.8 60856.9 53860.9 50171.6 39829.7 59253.2 23421.5 16793 14840.8 14574.1 11778.1 11283 11184.4 12885.5 12186.7 8214.95
threshold=33681.630000000005 4.5000000000000009 40102.30000000001 5.5000000000000009 18540.995000000006 6724.0700000000006 1.5000000000000002 33035.805 38028.200000000004 35907.485000000008 39369.000000000007 14732.065000000002 2.5000000000000004 0.7702583037635552 4090.8500000000008 3.5000000000000004 14672.990000000003 3.5000000000000004 0.5510114342286615 2.5000000000000004 10760.965000000002
decision_type=2 2 2 2 2 2 2 2 2 2 2 2 2 2 2 2 2 2 2 2 2
left_child=4 6 9 -4 11 7 -2 8 -6 10 -3 16 13 -7 -8 -14 20 19 -19 -13 -1
right_child=1 2 3 -5 5 12 14 -9 -10 -11 -12 17 15 -15 -16 -17 -18 18 -20 -21 -22
leaf_value=-3.5088418748643662 5.7307322502136202 12.327493810653682 11.415066019694013 -6.2445095062255858 1.7753112562497457 -0.42153965281028499 2.1268079121907553 -1.7164746856689455 7.0548086357116704 13.933039665222168 5.7544090270996096 -0.74114637374877912 -1.5385278747840363 0.71664960457057492 -1.1330900549888612 -0.5327462486402933 -6.0286332448323572 -0.91341592301097185 -3.9047828376293183 -4.7721426486968985 -2.2968890362772449
leaf_weight=27 8.0000000000000018 8.0000000000000018 5.9999999999999982 6 45 95 5.9999999999999991 9.9999999999999982 4.9999999999999991 7.9999999999999991 5.9999999999999991 3 44 41 7.9999999999999991 86 2.9999999999999991 36 3.9999999999999991 5 29
leaf_count=27 4 4 3 3 26 90 3 5 3 4 3 3 43 25 4 83 3 36 4 5 29
internal_value=0.0919809 5.80672 8.10688 2.58528 -0.647107 -0.0802967 2.25191 1.63331 2.30326 11.1187 9.51046 -2.37402 -0.466823 -0.0784091 0.264009 -0.873165 -3.04126 -1.55388 -1.21255 -3.26052 -2.88122
internal_weight=489 56 34 12 433 326 22 60 50 22 14 107 266 136 14 130 59 48 40 8 56
internal_count=410 28 17 6 382 275 11 34 29 11 7 107 241 115 7 126 59 48 40 8 56
is_linear=0
shrinkage=0.05


end of trees

feature_importances:
thermal_on_capacity=133
total_load=116
weekday=99
renewable_power=97
net_load=95
thermal_space_load_ratio=71
period=34
month=25
is_weekend=4
hour=2

parameters:
[boosting: gbdt]
[objective: regression]
[metric: rmse]
[tree_learner: serial]
[device_type: cpu]
[data_sample_strategy: bagging]
[data: ]
[valid: ]
[num_iterations: 400]
[learning_rate: 0.05]
[num_leaves: 31]
[num_threads: 0]
[seed: 42]
[deterministic: 0]
[force_col_wise: 0]
[force_row_wise: 0]
[histogram_pool_size: -1]
[max_depth: 5]
[min_data_in_leaf: 3]
[min_sum_hessian_in_leaf: 0.001]
[bagging_fraction: 0.85]
[pos_bagging_fraction: 1]
[neg_bagging_fraction: 1]
[bagging_freq: 1]
[bagging_seed: 400]
[bagging_by_query: 0]
[feature_fraction: 0.85]
[feature_fraction_bynode: 1]
[feature_fraction_seed: 30056]
[extra_trees: 0]
[extra_seed: 12879]
[early_stopping_round: 0]
[early_stopping_min_delta: 0]
[first_metric_only: 0]
[max_delta_step: 0]
[lambda_l1: 0]
[lambda_l2: 0]
[linear_lambda: 0]
[min_gain_to_split: 0]
[drop_rate: 0.1]
[max_drop: 50]
[skip_drop: 0.5]
[xgboost_dart_mode: 0]
[uniform_drop: 0]
[drop_seed: 17869]
[top_rate: 0.2]
[other_rate: 0.1]
[min_data_per_group: 100]
[max_cat_threshold: 32]
[cat_l2: 10]
[cat_smooth: 10]
[max_cat_to_onehot: 4]
[top_k: 20]
[monotone_constraints: ]
[monotone_constraints_method: basic]
[monotone_penalty: 0]
[feature_contri: ]
[forcedsplits_filename: ]
[refit_decay_rate: 0.9]
[cegb_tradeoff: 1]
[cegb_penalty_split: 0]
[cegb_penalty_feature_lazy: ]
[cegb_penalty_feature_coupled: ]
[path_smooth: 0]
[interaction_constraints: ]
[verbosity: -1]
[saved_feature_importance_type: 0]
[use_quantized_grad: 0]
[num_grad_quant_bins: 4]
[quant_train_renew_leaf: 0]
[stochastic_rounding: 1]
[linear_tree: 0]
[max_bin: 255]
[max_bin_by_feature: ]
[min_data_in_bin: 3]
[bin_construct_sample_cnt: 200000]
[data_random_seed: 175]
[is_enable_sparse: 1]
[enable_bundle: 1]
[use_missing: 1]
[zero_as_missing: 0]
[feature_pre_filter: 1]
[pre_partition: 0]
[two_round: 0]
[header: 0]
[label_column: ]
[weight_column: ]
[group_column: ]
[ignore_column: ]
[categorical_feature: ]
[forcedbins_filename: ]
[precise_float_parser: 0]
[parser_config_file: ]
[objective_seed: 16083]
[num_class: 1]
[is_unbalance: 0]
[scale_pos_weight: 1]
[sigmoid: 1]
[boost_from_average: 1]
[reg_sqrt: 0]
[alpha: 0.9]
[fair_c: 1]
[poisson_max_delta_step: 0.7]
[tweedie_variance_power: 1.5]
[lambdarank_truncation_level: 30]
[lambdarank_norm: 1]
[label_gain: ]
[lambdarank_position_bias_regularization: 0]
[eval_at: ]
[multi_error_top_k: 1]
[auc_mu_weights: ]
[num_machines: 1]
[local_listen_port: 12400]
[time_out: 120]
[machine_list_filename: ]
[machines: ]
[gpu_platform_id: -1]
[gpu_device_id: -1]
[gpu_use_dp: 0]
[num_gpu: 1]

end of parameters

pandas_categorical:[]
