tree
version=v4
num_class=1
num_tree_per_iteration=1
label_index=0
max_feature_idx=18
objective=regression
feature_names=total_load net_load renewable_power thermal_space_load_ratio thermal_on_capacity hour period weekday month is_weekend is_holiday price_lag_1d price_lag_2d price_lag_3d price_lag_7d price_ma_3d price_ma_7d price_std_7d net_load_lag_1d
feature_infos=[28742.700000000001:39623.599999999999] [-689.43000000000029:36133.950000000004] [1969.25:31591.200000000001] [-0.023925581976429446:0.93935264316841438] [27170:38175] [16:23] [65:96] [0:6] [4:5] [0:1] none [0:1500] [0:1500] [0:1500] [0:1500] [0:732.33333333333337] [53.145714285714284:497.14285714285717] [11.099111933585419:423.63277982570827] [-689.43000000000029:36133.950000000004]
tree_sizes=2721 2622 2639 2767 2447 2798 2775 2805 2835 2786 2786 2655 2686 2646 2770 2782 2672 2737 2823 2699 2525 2395 2726 2603 2752 2707 2779 2542 2604 2689

Tree=0
num_leaves=31
num_cat=0
split_feature=1 1 1 16 15 0 13 17 2 7 11 18 1 1 2 7 2 11 0 7 1 1 7 15 2 18 1 17 14 14
split_gain=9.62467e+06 3.79709e+06 2.87293e+06 3.07477e+06 3.02598e+06 1.16301e+06 757336 749681 671192 645174 425684 364513 243025 220287 148795 129059 124881 114230 100754 100212 75961.4 55974.1 54632.2 49045.2 41501.1 32454.5 26004.9 21594.6 20148.9 20034
threshold=25112.235000000004 15160.950000000003 30448.650000000005 319.57000000000005 314.90000000000003 38302.55000000001 1.0000000180025095e-35 109.64287737760139 3868.2600000000007 1.5000000000000002 447.00000000000006 22120.185000000001 17211.505000000005 12793.645 18469.330000000005 2.5000000000000004 7554.4850000000015 7.0700000000000012 34037.250000000007 5.5000000000000009 22750.120000000006 27563.970000000005 3.5000000000000004 86.66500000000002 17337.025000000005 6341.9300000000012 18785.505000000001 208.85798086236557 250.50000000000003 326.50000000000006
decision_type=2 2 2 2 2 2 8 2 2 2 2 2 2 2 2 2 2 2 2 2 2 2 2 2 2 2 2 2 8 8
left_child=1 13 6 4 5 -4 7 -2 -6 10 -5 22 17 18 24 -11 -9 23 25 -20 26 -13 -8 -3 -15 -1 -14 -16 -19 -22
right_child=2 12 3 9 8 -7 11 16 -10 15 -12 21 20 14 27 -17 -18 28 19 -21 29 -23 -24 -25 -26 -27 -28 -29 -30 -31
leaf_value=318.46492443424654 333.60322459560825 325.15672494592462 337.37077295718569 336.21357377231152 361.26089161259125 360.236558803143 334.78394075563654 354.83789165836765 346.77822426182223 335.03756559933669 342.14620741732375 330.66477042185574 327.84935125818043 320.97446256160077 324.55784799832816 332.6109508679765 344.63655778589043 325.23347474756036 315.69639080387543 325.91339138370944 329.64299723019525 331.7456873139659 332.60064126950692 317.07009121281101 315.95479107243011 315.80693188676366 328.91442007883558 320.0475582283953 327.34949127537203 330.87314128033944
leaf_weight=14.999999999999998 18.000000000000004 3 76 148 24 5.9999999999999991 101 5.9999999999999982 11.999999999999998 86 38 211 75 7.0000000000000027 23.000000000000004 151 6 18 3.9999999999999982 6 118 277 40 5 9.9999999999999982 49 243 2.9999999999999991 30 46
leaf_count=15 9 3 39 74 12 3 52 3 7 43 19 183 75 7 23 91 3 18 4 6 117 207 23 5 10 49 243 3 30 38
internal_value=331.851 326.976 334.512 337.212 344.349 339.044 332.295 340.057 356.433 335.221 337.426 331.925 328.752 318.813 321.659 333.491 349.737 325.634 317.159 321.827 329.114 331.278 334.165 320.103 318.022 316.43 328.663 324.037 326.556 329.988
internal_weight=1855 655 1200 541 118 82 659 30 36 423 186 629 538 117 43 237 12 56 74 10 482 488 141 8 17 64 318 26 48 164
internal_count=1414 646 768 288 61 42 480 15 19 227 93 465 529 117 43 134 6 56 74 10 473 390 75 8 17 64 318 26 48 155
is_linear=0
shrinkage=1


Tree=1
num_leaves=29
num_cat=0
split_feature=2 1 2 4 18 11 14 0 12 1 2 1 11 1 4 16 11 16 1 4 4 1 4 0 14 14 1 4
split_gain=9.36803e+06 4.17608e+06 2.7576e+06 5.71088e+06 1.09659e+06 2.28486e+06 1.5526e+06 1.06174e+06 682619 577826 496410 262818 239348 211454 181913 136280 126326 108509 106333 101790 82581.4 47841.8 17944.5 12671.1 29181 12140 9198.09 2076.2
threshold=7104.7100000000009 15637.25 2992.3950000000004 36767.500000000007 26646.155000000002 309.50000000000006 325.50000000000006 34128.000000000007 194.50000000000003 23958.950000000008 3127.2250000000008 32409.505000000001 499.50000000000006 10696.235000000002 34230.000000000007 143.52642857142862 447.00000000000006 158.2307142857143 18698.195000000003 30732.500000000004 36489.500000000007 13408.469999999999 37979.500000000007 33736.600000000006 223.28000000000003 290.60500000000008 20525.680000000004 29507.500000000004
decision_type=2 2 2 2 2 2 10 2 10 2 2 2 2 2 2 2 2 2 2 2 2 2 2 2 10 10 2 2
left_child=2 13 3 7 5 8 -7 25 -4 18 16 -12 22 23 21 -11 -6 -16 20 -17 -3 -15 -5 27 -25 -1 -20 -2
right_child=1 9 4 12 10 6 -8 -9 -10 15 11 -13 -14 14 17 19 -18 -19 26 -21 -22 -23 -24 24 -26 -27 -28 -29
leaf_value=25.967623392740876 -15.834647115071617 -4.2389916545212873 20.408105468750001 4.5151572007399343 3.2788071087428499 7.9671324157714851 28.863751029968263 46.436956787109381 3.3301777971498034 5.6690056145191194 0.23628154376941901 2.7926329142168953 11.376022847493489 -9.8555522918701186 -15.345294625418527 2.7714185290866431 9.2551895141601559 -9.8797333478927616 -3.2575704088917483 -1.064884514648442 -8.8055975480513151 -6.1568707995944552 2.6909787995474681 -15.855414962768556 -9.3319463094075488 22.786955261230467 -2.6854490410629199 -15.056471557617186
leaf_weight=6.0000000000000018 14.999999999999998 99 5.9999999999999991 26 13.999999999999998 20 15.999999999999998 9.9999999999999982 236 7.9999999999999991 297 152 11.999999999999998 17 21 18 24 15.999999999999998 108 439 10.999999999999998 18 28 3.9999999999999991 3 6 201 20
leaf_count=3 15 99 3 13 7 10 8 5 131 4 195 78 6 17 21 9 12 16 108 366 11 18 14 4 3 3 201 20
internal_value=0.113044 -3.17547 3.96057 12.3426 2.99636 5.50192 17.2545 34.4044 3.7536 -2.01398 1.56609 1.10168 4.98869 -12.1821 -10.5374 -0.800531 7.05336 -12.9818 -3.36066 -0.913783 -4.69565 -7.95337 3.56929 -15.0016 -13.0596 24.3773 -2.88541 -15.39
internal_weight=1851 998 853 88 765 278 36 22 242 884 487 449 66 114 72 465 38 37 419 457 110 35 54 42 7 12 309 35
internal_count=1400 912 488 44 444 152 18 11 134 798 292 273 33 114 72 379 19 37 419 375 110 35 27 42 7 6 309 35
is_linear=0
shrinkage=0.05


Tree=2
num_leaves=28
num_cat=0
split_feature=2 1 18 2 11 1 1 13 6 4 1 16 3 1 2 4 13 13 13 4 14 4 4 13 15 1 12
split_gain=8.6275e+06 4.29799e+06 2.20378e+06 5.98481e+06 2.29762e+06 840051 758986 919909 694441 667263 558362 234199 176410 160822 155004 138099 82902.1 62707.1 59656.3 53630.3 46321.9 104682 44467.3 38899.6 36683 34334.3 18256.8
threshold=7104.7100000000009 15160.950000000003 26227.070000000003 3059.3300000000004 345.60500000000008 31674.085000000003 31392.845000000005 290.19500000000005 83.500000000000014 36349.500000000007 23958.950000000008 143.52642857142862 0.37641684494149125 16951.125000000004 18222.855000000007 36489.500000000007 335.50000000000006 395.50000000000006 269.49000000000007 30732.500000000004 259.50000000000006 33155.000000000007 35865.000000000007 258.25000000000006 70.665000000000006 19899.825000000004 249.50000000000003
decision_type=2 2 2 2 2 2 2 10 2 2 2 2 2 2 2 2 10 10 10 2 10 2 2 8 2 2 8
left_child=2 12 3 5 8 -1 17 9 -5 -8 13 -12 20 15 26 -3 -9 18 -4 -13 24 -22 -19 -16 -2 -15 -14
right_child=1 10 6 4 -6 -7 7 16 -10 -11 11 19 14 25 23 -17 -18 22 -20 -21 21 -23 -24 -25 -26 -27 -28
leaf_value=23.620587768554682 -11.189815902709961 -4.8127689838409431 0.79131776226891415 7.8224211601295863 35.963607533772787 44.115106201171876 18.000175476074219 0.64148786531803303 2.3261784187198553 5.6524618610259028 6.8053886795043956 2.6922320556640624 -14.936227111816411 -3.5565800235696039 -9.1180798750657281 -12.157478475570679 3.3461874458524918 3.2827820864590738 -0.98191477000284544 -1.0099537826825622 -5.3470919036865237 -14.370356750488282 -0.32189544950212756 -5.1703250885009773 -14.826714618389424 -2.5849419217881326 -10.939391231536861
leaf_weight=10.000000000000002 7.9999999999999991 32 72 99 5.9999999999999991 9.9999999999999982 11.999999999999998 133 137 124 9.9999999999999982 9.9999999999999982 9.9999999999999964 146 13.000000000000002 7.9999999999999991 36 22 139 449 4.9999999999999991 8.9999999999999982 13.999999999999998 11.999999999999998 52 241 4.0000000000000009
leaf_count=5 8 32 37 52 3 5 6 72 76 62 5 5 10 146 13 8 18 11 111 374 5 9 8 12 52 241 4
internal_value=-0.0247571 -3.11424 3.80484 7.58109 5.40863 33.8678 2.01248 3.68094 4.63181 6.74197 -1.95535 -0.764377 -12.3033 -3.26347 -9.58202 -6.28171 1.21764 -0.0477595 -0.376831 -0.929296 -13.7375 -11.1478 1.88096 -7.22316 -14.3418 -2.9515 -13.7943
internal_weight=1823 1009 814 262 242 20 552 305 236 136 896 469 113 427 39 40 169 247 211 459 74 14 36 25 60 387 14
internal_count=1390 924 466 141 131 10 325 158 128 68 811 384 113 427 39 40 90 167 148 379 74 14 19 25 60 387 14
is_linear=0
shrinkage=0.05


Tree=3
num_leaves=30
num_cat=0
split_feature=1 1 16 15 12 16 18 1 16 0 0 16 18 3 11 4 7 1 1 11 15 0 7 6 15 14 1 0 18
split_gain=7.85735e+06 4.74429e+06 3.52258e+06 3.60934e+06 1.10923e+06 1.06826e+06 1.05647e+06 964866 739645 878574 394096 354352 311722 251085 161091 160481 130667 125313 94217.5 87866.5 78843.2 78168 78165.1 37169 29054.1 28715.5 26340.5 15609.4 6517.37
threshold=30448.650000000005 15637.25 319.57000000000005 314.90000000000003 275.99000000000007 314.76785714285717 26258.765000000003 25042.995000000006 213.47857142857148 35768.000000000007 34899.100000000013 271.21000000000009 22120.185000000001 0.38497024392253903 269.99000000000007 35865.000000000007 2.5000000000000004 33454.450000000004 18785.505000000001 269.99000000000007 326.68500000000006 33736.600000000006 5.5000000000000009 67.500000000000014 305.38000000000005 277.99000000000007 22750.120000000006 37164.100000000013 2652.349999999999
decision_type=2 2 2 2 10 2 2 2 2 2 2 2 2 2 2 2 2 2 2 2 2 2 2 2 2 10 2 2 2
left_child=1 13 3 5 20 11 10 18 9 -9 -5 -2 -10 21 -6 25 -16 -8 23 -17 24 28 -23 -3 -4 -15 -20 -22 -1
right_child=2 7 4 6 14 -7 17 8 12 -11 -12 -13 -14 15 16 19 -18 -19 26 -21 27 22 -24 -25 -26 -27 -28 -29 -30
leaf_value=-12.268239847819011 19.135491943359376 -5.9431466965448294 3.566019439697266 24.029920349121085 11.63169174194336 26.668235015869143 7.3599090576171875 16.975367409842352 1.8681829812643411 -0.17588664889335634 37.026003374372209 3.8092980095834443 -0.76833834265697909 -7.3023236525686146 2.4180834226710823 -13.86988133021763 0.42346102114842865 17.578884887695313 -2.7143003078217203 -4.4405390421549482 8.4204499380929132 -13.347943038940429 -7.0963381576538076 -3.5940870195276595 6.8668221664428719 -4.0922447551380507 -1.8778471737150935 10.24935043334961 -14.005277167426215
leaf_weight=5.9999999999999991 3.9999999999999991 21 7.9999999999999991 10.000000000000002 3.9999999999999991 5.9999999999999991 3.9999999999999991 14.000000000000002 143 15.999999999999998 13.999999999999998 66 519 19.000000000000004 186 14.000000000000002 147 11.999999999999998 235 2.9999999999999991 28 10 10 85 40 10.999999999999998 157 20 54
leaf_count=6 2 21 4 5 2 3 3 7 78 8 7 34 414 19 93 14 90 6 235 3 14 10 10 85 20 11 149 10 54
internal_value=0.0558176 -2.039 5.08108 12.8191 3.00808 6.42059 24.9762 -1.05862 0.149167 7.82803 31.611 4.68508 -0.198818 -11.2252 1.65739 -8.32466 1.53757 15.0241 -2.73692 -12.2059 7.74959 -12.9292 -10.2221 -4.05947 6.31669 -6.12529 -2.37929 9.18249 -13.8316
internal_weight=1866 1317 549 116 433 76 40 1190 692 30 24 70 662 127 337 47 333 16 498 17 96 80 20 106 48 30 392 48 60
internal_count=1417 1124 293 60 233 39 21 997 507 15 12 36 492 127 185 47 183 9 490 17 48 80 20 106 24 30 384 24 60
is_linear=0
shrinkage=0.05


Tree=4
num_leaves=27
num_cat=0
split_feature=1 1 18 2 11 1 0 13 12 1 4 18 13 14 1 16 4 4 1 4 0 1 0 15 15 2
split_gain=7.73318e+06 4.04313e+06 3.77231e+06 3.28141e+06 1.47724e+06 1.03376e+06 833220 798767 768780 763667 655358 276973 171386 371779 167226 130570 96514.6 87690.6 64135.1 89445.8 52957.6 46937.2 18584.7 17085.6 11990.2 4881.43
threshold=30448.650000000005 15160.950000000003 27197.135000000002 3077.5200000000009 345.60500000000008 25042.995000000006 34128.000000000007 1.0000000180025095e-35 275.99000000000007 32578.690000000006 37162.000000000007 22120.185000000001 290.19500000000005 341.50000000000006 17211.505000000005 278.2000000000001 35865.000000000007 36489.500000000007 10696.235000000002 35134.500000000007 34916.950000000004 21525.130000000005 37249.05000000001 70.665000000000006 318.83333333333343 19609.925000000003
decision_type=2 2 2 2 2 2 2 8 10 2 2 2 10 8 2 2 2 2 2 2 2 2 2 2 2 2
left_child=1 15 3 6 9 14 24 10 20 -5 -7 -9 13 -10 17 18 -14 -3 23 -20 -4 -16 -22 -1 -2 -17
right_child=2 5 8 4 -6 7 -8 11 12 -11 -12 -13 16 -15 21 25 -18 -19 19 -21 22 -23 -24 -25 -26 -27
leaf_value=-10.484009933471681 19.195404052734368 -4.2983318502252752 3.8795285224914551 4.8944495473589216 33.040368143717451 16.126598576136995 40.317973937988285 1.7344024200439454 2.5563929225459248 13.151842553274973 0.82770139830453049 -0.71701538372687423 2.8194420668543603 15.374195861816407 -2.9231749864272132 -6.676195526123049 0.31798465271681053 -9.1202924092610669 -8.4498819280553743 -12.600374908447266 7.9105910936991384 -1.9221201733150313 10.862131245930989 -13.336376135689873 22.356393432617185 -4.3327771759033196
leaf_weight=5.9999999999999991 6.0000000000000018 44 7.9999999999999991 84 5.9999999999999991 14 9.9999999999999982 150 99 42 14 497 49 5.9999999999999991 243 3.9999999999999982 181 11.999999999999998 27 25 48 226 5.9999999999999991 42 6 5
leaf_count=6 3 44 4 43 3 7 5 80 51 21 7 396 25 3 243 4 105 12 27 25 24 219 3 42 3 5
internal_value=0.169088 -1.92261 5.13829 11.7808 8.80116 -1.08511 29.6587 0.209132 2.5616 7.64691 8.47715 -0.14868 1.61503 3.28884 -2.74914 -11.1427 0.850904 -5.33161 -11.6619 -10.4453 7.67609 -2.44079 8.23854 -12.9798 20.7759 -5.3743
internal_weight=1860 1309 551 154 132 1200 22 675 397 126 28 647 335 105 525 109 230 56 100 52 62 469 54 48 12 9
internal_count=1410 1117 293 78 67 1008 11 490 215 64 14 476 184 54 518 109 130 56 100 52 31 462 27 48 6 9
is_linear=0
shrinkage=0.05


Tree=5
num_leaves=31
num_cat=0
split_feature=2 1 18 3 1 11 3 13 0 1 11 1 17 17 0 18 1 2 4 12 0 7 13 17 4 2 17 14 17 0
split_gain=6.66568e+06 3.12898e+06 1.63646e+06 3.78637e+06 2.18582e+06 1.37999e+06 669988 562145 468502 345395 335752 191245 157513 321599 154744 93519.6 81516.5 76639.3 61159 54715.9 34097.5 69823 28542.5 23788.5 22477.9 16616.8 16312.7 12483.9 12381.2 1716.19
threshold=7334.3550000000005 15637.25 26864.510000000002 0.9127073881848764 32924.695000000014 339.38500000000005 0.90992919516982373 231.00000000000003 34899.100000000013 23958.950000000008 419.50000000000006 12793.645 42.086065370465484 45.137599861681693 32770.850000000006 20978.580000000005 18567.240000000005 8051.7450000000008 36337.500000000007 20.140000000000004 34037.250000000007 5.5000000000000009 258.25000000000006 33.385492309800135 35865.000000000007 20302.400000000005 87.178440089289197 290.20500000000004 40.768379230676558 32663.000000000004
decision_type=2 2 2 2 2 2 2 10 2 2 2 2 2 2 2 2 2 2 2 10 2 2 8 2 2 2 2 10 2 2
left_child=2 11 3 4 7 -6 12 -1 29 16 23 20 27 -14 19 17 18 -11 -3 -13 25 -22 -16 -8 -17 -2 -12 -4 -18 -5
right_child=1 9 6 8 5 -7 10 -9 -10 15 26 14 13 -15 22 24 28 -19 -20 -21 21 -23 -24 -25 -26 -27 -28 -29 -30 -31
leaf_value=9.8031896625246322 -9.7505061149597179 -3.4604032327840617 -1.8671541910905107 20.279939778645826 11.976126069288988 38.578489176432299 1.4224146952995889 2.30149959725735 36.498757171630864 5.2881064732869474 7.4228714625040695 -6.8848329861958781 8.634634140559605 0.88110069937530577 -7.0808867327372216 -0.75638064052289411 -1.9274667739868165 0.31718135901859834 -6.9061780802408848 -12.438637138815487 -12.907617340087894 -4.0447265624999993 -3.996384913126628 3.3300240603360267 -1.5775748500387179 -12.514543671443546 9.4342935834612174 -0.63066678793806785 -2.5732707686857745 21.475833129882812
leaf_weight=28 5.9999999999999991 91 26 6.0000000000000018 26 5.9999999999999991 26 231 7.9999999999999991 8.9999999999999982 36 6.0000000000000027 13.999999999999998 299 15.000000000000002 229 112 56 14.999999999999998 17 4.9999999999999982 4 14.999999999999998 44 131 58 13.999999999999998 95 220 6
leaf_count=14 6 91 26 3 13 3 13 133 4 5 18 6 8 171 15 178 111 36 15 17 5 4 15 22 128 58 7 67 220 3
internal_value=-0.0263212 -2.83012 3.17941 6.08203 4.63569 16.9641 1.54997 3.11249 27.1262 -1.75551 4.85673 -10.1904 0.635656 1.2279 -7.90424 -0.740043 -2.74083 1.00546 -3.94801 -10.9898 -11.8502 -8.96855 -5.53864 2.62148 -1.0552 -12.2554 7.98607 -0.896358 -2.35541 20.8779
internal_weight=1854 989 865 311 291 32 554 259 20 863 120 126 434 313 53 425 438 65 106 23 73 9 30 70 360 64 50 121 332 12
internal_count=1415 910 505 173 163 16 332 147 10 784 60 126 272 179 53 347 437 41 106 23 73 9 30 35 306 64 25 93 331 6
is_linear=0
shrinkage=0.05


Tree=6
num_leaves=31
num_cat=0
split_feature=2 3 3 4 18 11 0 18 12 3 11 3 4 17 17 0 6 4 0 7 13 6 7 13 0 2 3 17 12 4
split_gain=5.7754e+06 2.61194e+06 1.99066e+06 3.82186e+06 692655 1.14762e+06 545458 509127 503545 312460 244972 209691 199978 188837 337480 89963.5 85922.6 55044 50902.5 77929.4 49919.4 43140.1 55186.5 33116.5 19896.4 18242.9 14168.7 11216.6 5884.06 5001.25
threshold=7334.3550000000005 0.49907882752611393 0.9127073881848764 36767.500000000007 26864.510000000002 303.85000000000008 34128.000000000007 25628.210000000003 194.50000000000003 0.38497024392253903 458.89000000000004 0.65132166361557442 35865.000000000007 41.228035328512881 45.137599861681693 35318.000000000007 66.500000000000014 30732.500000000004 33736.600000000006 5.5000000000000009 73.745000000000019 67.500000000000014 1.5000000000000002 254.12500000000003 35167.650000000009 3375.4050000000002 0.59339265273341535 241.06966735507226 251.43500000000003 33155.000000000007
decision_type=2 2 2 2 2 2 2 2 10 2 2 2 2 2 2 2 2 2 2 2 8 2 2 8 2 2 2 2 10 2
left_child=2 9 4 6 5 8 -4 -7 -1 18 27 21 23 25 -15 -8 -14 24 29 -20 -19 22 -3 -11 -13 -6 -23 -5 -12 -2
right_child=1 11 3 10 13 7 15 -9 -10 12 28 17 16 14 -16 -17 -18 20 19 -21 -22 26 -24 -25 -26 -27 -28 -29 -30 -31
leaf_value=16.851321411132812 -12.360779175934969 -9.8535177230834883 19.177157592773433 2.374279510498047 0.37429385355540684 7.0253899892171221 39.317849222819021 17.662089369032117 2.1827389470313459 -6.317183376493908 6.7761579895019537 -1.6289675235748278 -12.198879017549402 8.5579893827438358 1.1197573470977635 30.659352620442707 -5.2392266432444252 1.5821940422058107 -12.245938449435762 -5.8327154159545893 -1.1037568426749729 -2.6915782151632754 -3.5100042819976807 -3.7455841679726882 2.2695713890923392 -1.0635373376882995 -1.9852342497056992 4.3907153129577638 8.1890904017857142 -11.398408621328848
leaf_weight=5.9999999999999991 27 4.0000000000000027 10.000000000000002 50 28 30 5.9999999999999982 18 235 21 9.9999999999999982 4.0000000000000027 17.000000000000004 15.999999999999998 325 6 5.9999999999999991 18 9 10 444 151 24 31 18 104 134 7.9999999999999991 28 27
leaf_count=3 27 4 5 25 14 15 3 9 132 21 5 4 17 9 186 3 6 11 9 10 386 151 24 31 9 88 133 4 14 27
internal_value=0.0465742 -2.66771 2.96134 9.0045 2.02553 3.95409 27.8016 11.0142 2.54793 -8.76776 4.69683 -1.53495 -6.5012 0.847191 1.46877 34.9886 -10.3833 -0.882752 -11.0964 -8.87056 -0.999109 -2.54346 -4.41622 -4.78411 1.56075 -0.758543 -2.35947 2.65241 7.81727 -11.8796
internal_weight=1825 945 880 118 762 289 22 48 241 148 96 797 75 473 341 12 23 484 73 19 462 313 28 52 22 132 285 58 38 54
internal_count=1385 870 515 59 456 159 11 24 135 148 48 722 75 297 195 6 23 410 73 19 397 312 28 52 13 102 284 29 19 54
is_linear=0
shrinkage=0.05


Tree=7
num_leaves=31
num_cat=0
split_feature=1 1 16 15 18 12 1 16 7 3 1 14 12 12 4 3 6 7 4 3 1 6 7 1 1 17 4 14 17 18
split_gain=5.25812e+06 2.78944e+06 2.38741e+06 2.65453e+06 768397 720002 639893 460405 543070 373570 300839 265478 239876 195681 150179 142134 128425 104859 77281 73047.5 70875.9 46476.7 45609.1 58140.6 37425.1 22903.1 19862.7 19158.2 10442.5 5630.43
threshold=30448.650000000005 15637.25 319.57000000000005 310.36666666666673 26807.665000000005 275.99000000000007 25042.995000000006 201.58071428571432 1.5000000000000002 0.87081556091987056 33542.920000000006 334.50000000000006 379.00000000000006 269.49000000000007 37979.500000000007 0.37641684494149125 66.500000000000014 4.5000000000000009 35134.500000000007 0.56777956157452625 31289.945000000003 67.500000000000014 5.5000000000000009 9614.7100000000009 31845.540000000005 208.85798086236557 35692.500000000007 298.24500000000006 87.178440089289197 2652.349999999999
decision_type=2 2 2 2 2 10 2 2 2 2 2 10 10 8 2 2 2 2 2 2 2 2 2 2 2 2 2 8 2 2
left_child=1 15 3 9 10 24 19 8 -8 11 -5 -2 -6 -9 -11 22 18 20 -17 21 -7 -3 29 -24 26 -18 -4 -21 -26 -1
right_child=2 6 5 4 12 17 7 13 -10 14 -12 -13 -14 -15 -16 16 25 -19 -20 27 -22 -23 23 -25 28 -27 -28 -29 -30 -31
leaf_value=-9.8770267486572276 5.0030827999114997 -5.2963071736422451 5.7837440066867405 21.320600073678154 -0.76862914562225348 0.22658570782462162 -0.62529729008674617 1.6106056175534686 14.417276128133137 5.0056973689311262 33.657953898111984 17.884219551086428 13.718997039794923 -0.58601734789809734 0.15223582642418998 -4.2027178573608373 -4.3117037699772762 -0.8215418343450509 -11.189065652144583 -2.2369520121150548 2.0921754674423698 -2.8070632461487781 -11.200158521864147 -5.5168204837375221 6.6756583862304701 -8.9256103515625007 3.0044631385803213 -1.5207331128956119 8.3181070963541668 -11.514451126825243
leaf_weight=5.9999999999999991 7.9999999999999991 22 18 28 3.9999999999999991 67 12 126 12 37 5.9999999999999991 7.9999999999999991 9.9999999999999982 519 28 5.0000000000000027 26.000000000000004 51 19 180 212 127 9.0000000000000018 8.9999999999999982 50 2.9999999999999991 10.000000000000002 194 11.999999999999998 42
leaf_count=6 4 22 9 14 3 38 6 69 6 19 3 4 5 407 14 5 26 32 19 180 111 127 9 9 25 3 5 186 6 42
internal_value=0.0634337 -1.6569 4.17156 10.121 19.4383 2.34423 -0.928181 0.0961092 6.89599 4.59965 23.4978 11.4437 9.57968 -0.15691 2.91498 -8.95638 -7.02806 1.2631 -9.73358 -2.23841 1.64417 -3.1746 -10.5049 -8.35849 6.30836 -4.789 4.79114 -1.86544 6.99355 -11.3098
internal_weight=1860 1311 549 129 48 420 1192 669 24 81 34 16 14 645 65 119 53 330 24 523 279 149 66 18 90 29 28 374 62 48
internal_count=1414 1122 292 66 25 226 1003 488 12 41 17 8 8 476 33 119 53 181 24 515 149 149 66 18 45 29 14 366 31 48
is_linear=0
shrinkage=0.05


Tree=8
num_leaves=31
num_cat=0
split_feature=1 1 16 15 18 2 12 0 1 16 14 2 1 18 4 4 17 11 13 6 0 7 1 1 13 7 2 4 6 17
split_gain=5.33057e+06 2.6266e+06 2.40564e+06 2.87502e+06 727644 685629 670411 631050 486677 352660 315818 275848 269490 168425 136675 136444 113661 110675 103903 69824.7 60990.6 60134.6 46703.6 42677.7 32716.1 21652.2 19049.6 17666.3 17636.1 11443
threshold=30448.650000000005 16951.125000000004 319.57000000000005 314.90000000000003 26258.765000000003 4631.8750000000009 275.99000000000007 34128.000000000007 25834.020000000004 148.27928571428575 256.71000000000009 5105.6800000000012 12793.645 21815.495000000006 37979.500000000007 35865.000000000007 42.312899496123016 269.99000000000007 299.01000000000005 66.500000000000014 33736.600000000006 5.5000000000000009 21776.585000000003 31845.540000000005 254.12500000000003 2.5000000000000004 20302.400000000005 35692.500000000007 67.500000000000014 87.178440089289197
decision_type=2 2 2 2 2 2 10 2 2 2 10 2 2 2 2 2 2 2 10 2 2 2 2 2 8 2 2 2 2 2
left_child=1 12 3 5 7 14 23 -5 22 10 -10 -7 20 -11 -2 24 -6 -8 -19 -17 26 -22 28 27 -14 -24 -1 -4 -3 -25
right_child=2 8 6 4 16 11 17 -9 9 13 -12 -13 15 -15 -16 19 -18 18 -20 -21 21 -23 25 29 -26 -27 -28 -29 -30 -31
leaf_value=-7.6549704551696784 4.5402280426025392 -3.5691472546807654 5.4281240081787114 16.668321990966792 4.6701068878173828 22.57486801147461 9.5799629211425792 31.836395454406741 -0.38571789264678941 1.4828539325432344 12.942725372314454 9.0139330673217781 -6.0104741386745291 -0.54880794432088897 0.075719995498657225 -10.557507197062172 14.402389526367188 2.5483904567419313 0.63981470956078068 -4.9434082984924324 -10.914215977986657 -4.4520094977484801 -0.82659394103905248 6.5005620479583746 -3.6328120353894358 -1.7814005095212857 -10.880914998937536 2.8542399787902824 -2.2643307595213584 8.1251780918666299
leaf_weight=4.9999999999999991 40 29 20 12.000000000000002 3.9999999999999991 5.9999999999999991 3.9999999999999991 15.999999999999998 8.0000000000000018 132 9.9999999999999982 9.9999999999999982 23 449 30 18.000000000000004 11.999999999999998 102 237 7.9999999999999991 5.9999999999999973 9 87 48 39 187 54 10.000000000000002 242 13.999999999999998
leaf_count=5 21 29 10 6 3 3 2 8 4 68 5 5 23 352 15 18 6 53 132 8 6 9 79 24 39 184 54 5 242 7
internal_value=0.0542013 -1.70118 4.11178 10.0799 20.4753 4.76127 2.32822 25.3358 -0.857382 0.126316 7.01897 14.0993 -7.65988 -0.0872256 2.62687 -5.78981 11.9693 1.31164 1.21408 -8.83009 -9.88375 -7.03689 -1.93855 6.11831 -4.51485 -1.47823 -10.6075 4.57016 -2.40396 6.86741
internal_weight=1871 1306 565 130 44 86 435 28 1144 599 18 16 162 581 70 88 16 343 339 26 74 15 545 92 62 274 59 30 271 62
internal_count=1425 1125 300 67 23 44 233 14 963 429 9 8 162 420 36 88 9 187 185 26 74 15 534 46 62 263 59 15 271 31
is_linear=0
shrinkage=0.05


Tree=9
num_leaves=31
num_cat=0
split_feature=1 1 18 3 1 13 0 1 13 13 7 14 1 16 4 18 3 0 4 1 6 1 0 7 4 1 1 15 7 6
split_gain=4.42409e+06 2.35636e+06 2.15442e+06 2.28398e+06 791591 539292 521896 502622 497724 450980 532299 282455 231791 202352 166996 144810 101469 81192 59374.4 69347.7 48297.5 45141.6 40414.4 38889 28432.9 25318.6 21527.3 20678.1 19851.5 15172.7
threshold=30448.650000000005 16951.125000000004 27197.135000000002 0.9127073881848764 33092.655000000006 289.50000000000006 34128.000000000007 25834.020000000004 282.84000000000009 1.0000000180025095e-35 1.5000000000000002 334.50000000000006 12793.645 350.84571428571434 35865.000000000007 21815.495000000006 0.89686880735073815 35318.000000000007 35865.000000000007 34181.905000000006 67.500000000000014 21776.585000000003 34037.250000000007 5.5000000000000009 35134.500000000007 14403.540000000001 31392.845000000005 70.665000000000006 2.5000000000000004 67.500000000000014
decision_type=2 2 2 2 2 10 2 2 10 8 2 10 2 2 2 2 2 2 2 2 2 2 2 2 2 2 2 2 2 2
left_child=1 12 3 4 13 -6 -5 21 11 10 -9 26 22 -2 25 -11 -13 -8 24 -20 -16 29 27 -24 -10 -14 -4 -1 -23 -3
right_child=2 7 8 6 5 -7 17 9 18 15 -12 16 14 -15 20 -17 -18 -19 19 -21 -22 28 23 -25 -26 -27 -28 -29 -30 -31
leaf_value=-7.5405744552612308 5.7783560262407576 -3.2643895871711504 0.51523581822713227 15.83490600585937 9.1732713222503648 25.072744750976565 34.694106547037769 0.47495831847190861 -0.40777085423469545 1.4112443925756397 14.405766932169593 12.967661539713541 -5.4763770389556887 0.74904807976314003 -10.482117417279412 -0.4674858509684387 6.1374033566178952 26.468535359700521 -0.30343535087610546 1.9506270945072175 -4.8918312072753913 -0.78059029417733361 -10.643549601236977 -3.4427125930786127 2.9052235322840074 -3.2462895066397532 2.648054773466928 -10.261200408935547 -1.6675453945346501 -2.1247464007280006
leaf_weight=7.9999999999999991 70 33 14.999999999999998 12.000000000000002 16.000000000000004 7.9999999999999991 5.9999999999999982 15.999999999999998 7.9999999999999991 132 12.000000000000002 5.9999999999999991 20 28 17.000000000000004 460 58 6 152 44 4.9999999999999991 96 3 5 34 35 56 55 184 254
leaf_count=8 35 33 8 6 8 4 3 8 5 68 6 3 20 14 17 355 29 3 91 22 5 86 3 5 17 35 28 55 180 254
internal_value=0.0419198 -1.48098 3.9592 9.10827 6.33453 14.4731 23.2081 -0.73923 1.94374 0.244692 6.4453 4.36885 -7.42998 4.34141 -5.52991 -0.0485798 6.77774 30.5813 0.568155 0.202579 -9.2116 -1.81512 -9.49063 -6.14303 2.27418 -4.05723 2.19746 -9.91572 -1.36345 -2.25579
internal_weight=1854 1335 519 146 122 24 24 1187 373 620 28 135 148 98 77 592 64 12 238 196 22 567 71 8 42 55 71 63 280 287
internal_count=1414 1138 276 73 61 12 12 990 203 437 14 68 148 49 77 423 32 6 135 113 22 553 71 8 22 55 36 63 266 287
is_linear=0
shrinkage=0.05


Tree=10
num_leaves=30
num_cat=0
split_feature=1 1 16 12 0 12 1 13 17 0 0 3 17 18 4 11 13 6 3 13 1 0 7 4 0 4 6 2 16
split_gain=4.18616e+06 2.22633e+06 2.05934e+06 2.07531e+06 1.89232e+06 461446 437851 384891 503012 313456 471011 233234 177412 132884 116341 94200.1 89782.2 67274.1 46379.1 31820.3 29231.4 23014.4 36346.6 18727.5 16371.3 13716 11257.4 7718.3 7250
threshold=30448.650000000005 16951.125000000004 319.57000000000005 379.00000000000006 38331.150000000009 275.99000000000007 25834.020000000004 1.0000000180025095e-35 124.67286830323128 36394.350000000013 34128.000000000007 0.37641684494149125 43.239378302446063 21815.495000000006 35865.000000000007 269.99000000000007 299.01000000000005 66.500000000000014 0.61417414867762055 254.12500000000003 31845.540000000005 33736.600000000006 5.5000000000000009 32625.000000000004 37636.750000000007 35692.500000000007 67.500000000000014 20302.400000000005 364.1621428571429
decision_type=2 2 2 10 2 10 2 8 2 2 2 2 2 2 2 2 10 2 2 8 2 2 2 2 2 2 2 2 2
left_child=1 11 3 4 12 20 18 8 -8 10 -5 21 -2 -9 19 -7 -17 -16 26 -13 25 27 -23 -20 -11 -4 -3 -1 -22
right_child=2 6 5 9 -6 15 7 13 -10 24 -12 14 -14 -15 17 16 -18 -19 23 -21 28 22 -24 -25 -26 -27 -28 -29 -30
leaf_value=-7.216503111521404 2.2292176964995152 -3.2615800743103032 4.6891722202301018 15.043160629272457 32.074709574381515 8.8120468139648445 1.8586878765713082 1.4252303045988084 16.499442291259765 15.005075454711909 29.052255757649739 -5.5456055889958922 9.3082901382446295 -0.45139852608818054 -9.9420208650476773 2.3791488352510117 0.5787388244197389 -4.3817675590515135 -0.56383804138749838 -3.1647515614827473 5.6930696780865011 -9.9110327720642122 -5.1448334693908677 -1.5147884670658747 11.97046630859375 2.1535508394241334 -2.1362091643810275 -9.8247566663301917 7.3099136352539062
leaf_weight=2.9999999999999991 77 25 16.000000000000004 12.000000000000002 5.9999999999999991 3.9999999999999991 22.000000000000004 120 7.9999999999999991 8.0000000000000018 11.999999999999998 23 9.9999999999999982 441 17.000000000000004 97 242 7.9999999999999991 64 36 52 7.9999999999999973 8 271 9.9999999999999982 7.9999999999999991 200 52 7.9999999999999991
leaf_count=3 40 25 8 6 3 2 11 62 4 4 6 23 5 341 17 50 135 8 55 36 26 8 8 264 5 4 200 52 4
internal_value=0.0909349 -1.46176 3.69916 9.08201 4.91592 1.99732 -0.704194 0.245089 5.76289 18.3069 22.0477 -7.0873 3.0429 -0.0499806 -5.30415 1.18391 1.0939 -8.16274 -1.70603 -4.09288 5.31874 -9.19695 -7.52793 -1.33311 13.3192 3.84397 -2.26125 -9.68249 5.90865
internal_weight=1868 1306 562 135 93 427 1151 591 30 42 24 155 87 561 84 343 339 25 560 59 84 71 16 335 18 24 225 55 60
internal_count=1415 1117 298 69 48 229 962 418 15 21 12 155 45 403 84 187 185 25 544 59 42 71 16 319 9 12 225 55 30
is_linear=0
shrinkage=0.05


Tree=11
num_leaves=29
num_cat=0
split_feature=1 1 18 3 1 0 12 1 16 17 14 1 12 14 12 1 0 1 3 18 3 6 17 1 0 5 14 0
split_gain=3.84646e+06 1.88395e+06 1.76554e+06 2.07933e+06 913354 467260 408048 361370 353096 320300 184414 180646 329642 114760 95120.9 59548.6 53368.1 51630.2 45886.9 42325.6 41936.4 29149.3 26360.4 13288.5 10894.8 5631.68 2615.92 695.182
threshold=29768.495000000006 15637.25 26978.180000000004 0.9127073881848764 33753.020000000011 34128.000000000007 274.48500000000007 25042.995000000006 148.27928571428575 127.89482927563917 244.00000000000003 33542.920000000006 379.00000000000006 254.62500000000003 270.99000000000007 18785.505000000001 32304.100000000002 31239.380000000008 0.38497024392253903 29991.915000000005 0.41839600521155157 67.500000000000014 116.506975707032 23894.845000000005 37249.05000000001 21.500000000000004 223.28000000000003 31785.450000000004
decision_type=2 2 2 2 2 2 10 2 2 2 10 2 10 10 8 2 2 2 2 2 2 2 2 2 2 2 10 2
left_child=1 13 3 4 9 -5 19 15 10 -2 -9 17 -13 18 -10 21 27 -8 26 25 -20 -3 -18 -17 -21 -4 -1 -15
right_child=2 7 6 5 -6 -7 11 8 14 -11 -12 12 -14 16 -16 23 22 -19 20 24 -22 -23 -24 -25 -26 -27 -28 -29
leaf_value=-9.5908952480409209 5.9302668185634468 -4.2522017070225315 3.969389724731446 14.773188171386714 24.581853421529136 30.058150024414061 -0.21914023129145305 -0.31162843306859322 0.84285770820246819 0.81838557183742522 10.424222819010417 1.9077515388528508 11.595695495605469 -8.6786733627319332 -0.64450842258432572 -1.7385510324095859 -3.6429787590503686 1.0120014551932437 -3.1761797428131087 5.7161003839401978 -7.9422653436660768 -2.412040347437705 -8.0146234512329109 -1.0676390872007671 7.9938217163085943 2.0932765007019039 -8.8192124048868816 -9.6855529785156236
leaf_weight=41 131 28 7.9999999999999973 10.000000000000002 5.9999999999999991 9.9999999999999982 150 6.0000000000000027 144 40 11.999999999999998 72 9.9999999999999982 3.9999999999999991 424 290 25.000000000000004 197 6.0000000000000027 42 20 93 3.9999999999999991 99 5.9999999999999991 8 14.999999999999998 3
leaf_count=41 66 28 4 5 3 5 103 3 83 20 6 36 5 4 338 289 25 105 6 21 20 93 4 92 3 4 15 3
internal_value=0.152046 -1.54222 3.13298 7.13403 5.4073 22.4157 1.53418 -0.895928 -0.0489405 4.73451 6.84561 0.978574 3.08921 -7.5451 -0.26743 -1.86913 -5.19179 0.479808 -8.57826 5.25844 -6.8424 -2.83786 -4.24596 -1.5678 6.00082 3.03133 -9.38419 -9.11019
internal_weight=1904 1214 690 197 177 20 493 1096 586 171 18 429 82 118 568 510 36 347 82 64 26 121 29 389 48 16 56 7
internal_count=1430 1050 380 99 89 10 281 932 430 86 9 249 41 118 421 502 36 208 82 32 26 121 29 381 24 8 56 7
is_linear=0
shrinkage=0.05


Tree=12
num_leaves=30
num_cat=0
split_feature=3 3 18 2 11 0 14 17 3 3 12 3 4 4 6 2 4 2 3 4 0 14 2 16 6 14 5 14 4
split_gain=3.29378e+06 1.70759e+06 1.1733e+06 1.89446e+06 977524 442981 405891 250610 242535 242318 348480 223591 114243 111305 108892 106118 84220.8 75639.8 63001.2 39409.3 37657.7 40708.3 27124.5 17791 11131.1 10720.1 8038.12 6626.01 4043.68
threshold=0.83320118400612342 0.51624715732783655 26978.180000000004 3059.3300000000004 345.60500000000008 34128.000000000007 309.50000000000006 33.385492309800135 0.89129283934515313 0.76215831383341204 187.21000000000001 0.38497024392253903 36349.500000000007 35692.500000000007 66.500000000000014 3868.2600000000007 35134.500000000007 7554.4850000000015 0.62737424583721679 32625.000000000004 33736.600000000006 223.28000000000003 3286.3650000000002 222.03071428571431 67.500000000000014 290.60500000000008 19.500000000000004 322.00000000000006 33155.000000000007
decision_type=2 2 2 2 2 2 10 2 2 2 10 2 2 2 2 2 2 2 2 2 2 10 2 2 2 10 2 10 2
left_child=1 11 3 5 6 25 -5 22 12 18 17 20 -9 -12 16 -10 -13 -11 24 -20 28 -22 26 -16 -3 -2 -4 -24 -1
right_child=2 9 7 4 -6 -7 -8 8 15 10 13 14 -14 -15 23 -17 -18 -19 19 -21 21 -23 27 -25 -26 -27 -28 -29 -30
leaf_value=-9.2240377755000686 15.04678370157877 -2.8940139089311874 2.0214048385620118 1.4082712108438666 24.301435979207358 27.801309509277345 6.2976171348153089 3.554319161838956 3.628998332188047 12.574283345540367 1.0513894106305781 -2.960543452368841 0.38673963949960821 -0.67857758235554455 -1.9646482756263333 10.448308054606121 -8.784824447631836 4.6349398930867514 0.04443067763000727 -1.1932748459915563 -9.5531017303466736 -4.5090248107910158 -1.5183162493583484 -3.8385142502031826 -1.837140777786221 12.057902272542316 0.20900114605633113 -0.58426739235182068 -8.3960485386848447
leaf_weight=29 6.0000000000000018 28 7.9999999999999991 88 5.9999999999999991 9.9999999999999982 82 36 116 5.9999999999999982 147 9.0000000000000018 136 253 19 5.9999999999999991 20 6 80 328 6.0000000000000027 11.999999999999998 39 38 226 6 26 37 30
leaf_count=29 3 28 4 44 3 5 41 18 58 3 83 9 72 207 19 3 20 3 57 305 6 12 39 38 226 3 13 21 30
internal_value=0.00950839 -1.46667 3.04279 6.19587 4.46671 20.0291 3.76666 1.49747 2.2592 -0.742958 0.209052 -6.23521 1.04972 -0.0428147 -4.48294 3.96437 -6.97729 8.60461 -1.33545 -0.950587 -8.19228 -6.19038 -0.538427 -3.21389 -1.95365 13.5523 0.635449 -1.06358 -8.80303
internal_weight=1839 1237 602 198 176 22 170 404 294 1074 412 163 172 400 86 122 29 12 662 408 77 18 110 57 254 12 34 76 59
internal_count=1402 1075 327 99 88 11 85 228 151 912 296 163 90 290 86 61 29 6 616 362 77 18 77 57 254 6 17 60 59
is_linear=0
shrinkage=0.05


Tree=13
num_leaves=29
num_cat=0
split_feature=3 3 18 2 11 16 3 2 3 11 17 17 3 6 15 4 4 14 4 15 16 3 6 16 15 6 3 2
split_gain=2.88712e+06 1.34884e+06 654236 1.44051e+06 963479 459941 243692 238102 182114 156768 137658 197340 133695 106877 74360.9 71813.5 67985.6 29913.6 51506.8 21083.5 20540.6 20185.6 14605.2 15654.7 10324.3 9371.25 8862.23 6150.9
threshold=0.82199211580202614 0.51624715732783655 26386.510000000006 3059.3300000000004 345.60500000000008 201.58071428571432 0.90992919516982373 2439.9000000000005 0.38497024392253903 419.50000000000006 41.228035328512881 46.886122667138125 0.65611756598664062 66.500000000000014 118.00000000000001 35134.500000000007 35865.000000000007 259.50000000000006 32625.000000000004 70.665000000000006 380.21428571428578 0.43759736691369372 67.500000000000014 213.47857142857148 318.83333333333343 86.500000000000014 0.61417414867762055 3462.4500000000003
decision_type=2 2 2 2 2 2 2 2 2 2 2 2 2 2 2 2 2 10 2 2 2 2 2 2 2 2 2 2
left_child=1 8 3 7 5 -5 10 24 17 20 27 -12 22 15 -14 -10 -16 19 -19 -1 -8 -15 23 -3 -2 -11 -24 -4
right_child=2 12 6 4 -6 -7 9 -9 13 25 11 -13 14 21 16 -17 -18 18 -20 -21 -22 -23 26 -25 -26 -27 -28 -29
leaf_value=-5.8373163938522339 11.408128865559892 -2.4007424420323868 -0.14817899219118633 19.572785949707033 23.086363601684571 2.459593356089413 1.3430435928606219 24.01075897216797 -2.7725349307060232 5.5876804351806646 5.4257268465482271 0.84704585902152518 3.7727828598022466 -4.4541167459989852 -0.12574769862893584 -8.3394852956136063 -1.1886670031914344 -2.5262738091605037 -8.0127478166060015 -8.6057624816894531 3.0658001422882082 -2.4826143037982105 -1.8309613236574211 -6.1948340733846035 14.341322326660155 3.7273109436035159 -1.2644704930624873 -1.0294850148350361
leaf_weight=7.9999999999999991 6.0000000000000018 29 26 3.9999999999999991 5.9999999999999991 213 62 7.9999999999999991 8.0000000000000018 44 26 248 9.9999999999999982 19 357 21 260 7.0000000000000027 10.999999999999998 49 24 41 198 2.9999999999999991 6 7.9999999999999991 106 83
leaf_count=8 3 29 13 2 3 114 31 4 8 22 14 129 5 19 270 21 240 7 11 49 12 41 198 3 3 4 104 72
internal_value=-0.0408628 -1.64944 2.332 4.47443 3.32154 2.77504 1.33275 17.3291 -5.84104 3.13423 0.683646 1.28152 -0.935605 -4.31152 -0.504334 -6.80377 -0.573655 -7.65607 -5.87912 -8.21721 1.82381 -3.10692 -1.74039 -2.75644 12.8747 5.30147 -1.63343 -0.819265
internal_weight=1891 1127 764 243 223 217 521 20 164 138 383 274 963 89 627 29 617 75 18 57 86 60 336 32 12 52 304 109
internal_count=1439 1013 426 129 119 116 297 10 164 69 228 143 849 89 515 29 510 75 18 57 43 60 334 32 6 26 302 85
is_linear=0
shrinkage=0.05


Tree=14
num_leaves=31
num_cat=0
split_feature=3 3 18 3 11 15 0 11 3 12 3 7 3 4 6 0 12 4 3 0 3 7 0 7 0 3 4 0 0 15
split_gain=2.69761e+06 1.39952e+06 992226 1.65562e+06 522096 426350 324836 220765 188481 289073 164731 136054 130683 122793 108183 104719 255441 89784.1 63581.4 60436 47814.8 46914.7 36764.1 33144.4 43854.5 17349.6 11391.8 10834.3 9734.33 9317.73
threshold=0.83320118400612342 0.51624715732783655 26978.180000000004 0.9127073881848764 303.85000000000008 315.35000000000008 34128.000000000007 419.50000000000006 0.76215831383341204 187.21000000000001 0.38497024392253903 2.5000000000000004 0.90992919516982373 35692.500000000007 66.500000000000014 37544.350000000013 379.00000000000006 35134.500000000007 0.79325178726049483 35318.000000000007 0.62737424583721679 2.5000000000000004 35354.500000000007 5.5000000000000009 34037.250000000007 0.43212658844963137 27195.000000000004 37249.05000000001 36854.80000000001 318.83333333333343
decision_type=2 2 2 2 2 2 2 2 2 10 2 2 2 2 2 2 10 2 2 2 2 2 2 2 2 2 2 2 2 2
left_child=1 10 3 4 11 -6 29 15 20 18 23 -2 28 -11 17 21 -17 -12 -10 -8 26 -4 -22 -1 -25 -16 -3 -14 -9 -5
right_child=2 8 7 6 5 -7 19 12 9 13 14 -13 27 -15 25 16 -18 -19 -20 -21 22 -23 -24 24 -26 -27 -28 -29 -30 -31
leaf_value=-8.0105149089165462 4.1005163215100771 -0.56966991642756126 0.55013758898262055 10.837722778320309 5.9795790536063063 18.006822204589845 27.413277943929042 0.59632395704587304 4.214553515116374 1.1042514228662907 -2.6368939876556388 0.84027059674263005 4.8797242482503265 -0.70155272936820989 -4.3415710902214055 1.2819510234832765 10.497918891906739 -8.3931593894958496 11.493596903483072 20.316566212972006 -1.2864759582142498 -1.1529882462819419 -0.36395784887498084 -7.2790221078055231 -2.4320130756923133 -2.3666516021240591 -1.7851376664131244 7.1332964579264333 2.0866688864571707 13.624256642659503
leaf_weight=53 64 21 124 6.0000000000000018 28 9.9999999999999982 5.9999999999999982 18 5.9999999999999982 151 10.000000000000002 64 48 250 14.999999999999998 125 7.9999999999999991 21 6 6 215 60 217 14.000000000000002 6.9999999999999991 43 235 5.9999999999999991 28 6
leaf_count=53 32 21 66 3 14 5 3 9 3 83 10 32 24 208 15 63 4 21 3 3 210 50 172 14 7 43 235 3 14 3
internal_value=0.0384117 -1.27725 2.77811 5.77294 3.99823 9.14464 18.048 1.41355 -0.637093 0.20727 -5.60124 2.47039 3.46187 -0.0215616 -4.15185 0.767397 1.83629 -6.5363 7.85408 23.8649 -1.14396 -0.00522953 -0.823081 -7.34443 -5.66335 -2.87741 -1.68543 5.13012 1.50349 12.231
internal_weight=1871 1264 607 190 166 38 24 417 1101 413 163 128 100 401 89 317 133 31 12 12 688 184 432 74 21 58 256 54 46 12
internal_count=1426 1098 328 95 83 19 12 233 935 297 163 64 50 291 89 183 67 31 6 6 638 116 382 74 21 58 256 27 23 6
is_linear=0
shrinkage=0.05


Tree=15
num_leaves=30
num_cat=0
split_feature=1 16 15 1 12 12 16 12 16 1 1 4 12 7 1 17 16 1 4 1 4 7 2 2 14 16 1 14 0
split_gain=2.6912e+06 1.26382e+06 1.56922e+06 1.12086e+06 439195 406150 389572 349212 295836 181972 115736 97359 97238.4 68288.8 71076 54037.5 47795.8 30298.7 28435.4 23880 20317.5 16899.1 33326 20073.6 14841.4 13298.1 11055.5 8929.92 2409.56
threshold=29768.495000000006 319.57000000000005 314.90000000000003 16951.125000000004 324.50000000000006 379.00000000000006 314.76785714285717 275.99000000000007 201.58071428571432 25834.020000000004 12793.645 35865.000000000007 270.99000000000007 4.5000000000000009 32409.505000000001 117.18752711991635 143.52642857142862 31845.540000000005 35397.500000000007 20101.075000000004 35692.500000000007 5.5000000000000009 23889.840000000004 20302.400000000005 324.50000000000006 222.03071428571431 34341.640000000007 349.00000000000006 37308.700000000004
decision_type=2 2 2 2 10 10 2 10 2 2 2 2 8 2 2 2 2 2 2 2 2 2 2 2 8 2 2 10 2
left_child=3 2 6 10 -4 -6 8 17 -2 19 21 25 16 14 -9 -13 -11 20 -14 27 -3 23 -23 -1 -21 -12 -19 -5 -15
right_child=1 7 4 9 5 -7 -8 13 -10 12 11 15 18 28 -16 -17 -18 26 -20 24 -22 22 -24 -25 -26 -27 -28 -29 -30
leaf_value=-3.9673812270164492 21.616339111328127 3.7397444343566892 37.473458862304689 -1.8113609609807408 -1.663349485397339 15.086708109002366 14.033920097351075 0.42996364992398484 2.1949383527040482 4.3101165008544928 -1.92905146967281 -3.7267440795898423 -0.020982557643723018 -1.6867407480875654 1.8606376222316052 -8.4121191263198849 0.73374440300632537 4.5314110438028967 -0.9251709947353457 -1.4183664278505237 0.97947616577148444 -3.4673357645670557 -7.9026009559631349 -7.6540430704752609 -0.76712832703538569 -3.5474863004684454 6.7824384053548172 -3.5221289873123172 -0.78327676493947107
leaf_weight=3.9999999999999991 1.9999999999999989 20.000000000000004 1.9999999999999989 164 3.9999999999999991 38 7.9999999999999991 208 100 9.9999999999999982 22 10.000000000000002 151 8.9999999999999982 149 15.999999999999998 142 60 205 239 9.9999999999999982 9.0000000000000018 7.9999999999999991 48 138 30 5.9999999999999991 7.9999999999999991 41
leaf_count=4 1 10 1 164 4 19 4 123 53 5 22 10 102 9 76 16 80 30 180 237 5 9 8 48 127 30 3 8 26
internal_value=0.0639888 2.63794 6.60121 -1.34057 14.5816 13.4915 3.40907 1.42454 2.57575 -0.771645 -5.4314 -4.11186 -0.0896369 0.784699 1.02708 -6.61005 0.969032 4.13718 -0.541653 -1.40272 2.81966 -6.92305 -5.55452 -7.37045 -1.17998 -2.86276 4.73605 -1.89093 -0.9459
internal_weight=1861 657 154 1204 44 42 110 503 102 1057 147 78 508 407 357 26 152 96 356 549 30 69 17 52 377 52 66 172 50
internal_count=1414 364 82 1050 24 23 58 282 54 903 147 78 367 234 199 26 85 48 282 536 15 69 17 52 364 52 33 172 35
is_linear=0
shrinkage=0.05


Tree=16
num_leaves=29
num_cat=0
split_feature=1 1 18 3 1 12 1 1 1 0 13 12 4 13 1 4 4 16 4 0 3 0 14 12 4 0 18 4
split_gain=2.26057e+06 1.10557e+06 983661 941673 642904 272319 208391 166070 122249 110616 260674 95876.1 84656.9 77341.5 87661.7 77791.1 44724.9 35623.9 28780.4 24966.4 16618.9 16496.4 27795.3 12285 10385 9363.26 8519.7 6186.17
threshold=29768.495000000006 16951.125000000004 26978.180000000004 0.90778162475498647 33753.020000000011 274.48500000000007 32924.695000000014 25426.210000000006 12793.645 34128.000000000007 293.56000000000006 261.49000000000007 35865.000000000007 298.02000000000004 33243.095000000008 35865.000000000007 37657.000000000007 143.52642857142862 35397.500000000007 34916.950000000004 0.56777956157452625 33736.600000000006 223.28000000000003 18.655000000000005 33577.500000000007 37249.05000000001 4660.2200000000003 36489.500000000007
decision_type=2 2 2 2 2 10 2 2 2 2 8 8 2 10 2 2 2 2 2 2 2 2 10 10 2 2 2 2
left_child=1 8 3 4 6 19 -2 20 21 -5 -11 17 23 14 -7 -15 -14 -9 -13 -4 27 26 -23 -10 -22 -21 -1 -3
right_child=2 7 5 9 -6 13 -8 11 12 10 -12 18 16 15 -16 -17 -18 -19 -20 25 24 22 -24 -25 -26 -27 -28 -29
leaf_value=-5.6727784156799324 2.7533581728973089 -1.7391048526763919 1.8929800033569337 11.362706756591793 20.232741975784304 0.77512612648126566 8.0273990544405844 4.0946107482910161 -1.4379344555047844 25.852368927001962 11.113706461588539 0.028168639895829514 -6.9678102413813265 1.7768822566668192 3.6302037286758422 -0.26781814881568944 -1.257127505540848 0.9587385068337122 -0.79504439729755205 4.3800258795420328 -0.88781043100712265 -7.8625966389973954 -3.4691589779324006 -3.1920011398404142 -1.4014497240082078 6.4750270843505859 -7.3464752975775269 -3.098243946499295
leaf_weight=8.9999999999999982 126 120 9.9999999999999982 10.000000000000002 5.9999999999999991 82 22 9.9999999999999982 12.999999999999998 5.9999999999999973 6.0000000000000009 193 24.000000000000004 60 40 207 3.9999999999999991 96 236 48 172 5.9999999999999991 8.9999999999999982 43 230 5.9999999999999991 49 8.9999999999999982
leaf_count=9 64 120 5 5 3 46 11 5 13 3 3 129 24 31 20 133 4 50 205 24 166 6 9 43 227 3 49 9
internal_value=-0.0378768 -1.29064 2.39795 5.57015 4.18781 1.16548 3.53734 -0.713717 -5.20787 15.2465 18.483 -0.0919793 -3.9072 0.668234 1.71122 0.191665 -6.152 1.25458 -0.424694 4.18783 -1.34014 -6.70452 -5.22653 -2.78481 -1.18168 4.6128 -7.08676 -1.83393
internal_weight=1852 1223 629 176 154 453 148 1066 157 22 12 535 84 389 122 267 28 106 429 64 531 73 15 56 402 54 58 129
internal_count=1419 1068 351 89 78 262 75 911 157 11 6 389 84 230 66 164 28 55 334 32 522 73 15 56 393 27 58 129
is_linear=0
shrinkage=0.05


Tree=17
num_leaves=30
num_cat=0
split_feature=2 3 18 3 11 6 17 7 11 3 2 14 4 3 2 6 2 4 18 14 4 15 3 11 12 11 4 3 18
split_gain=1.94807e+06 815964 555876 1.65552e+06 621894 653901 442146 251770 210210 107024 87085 82314.6 142244 75296.4 71297.1 55684.7 45695.3 40935.8 33237.8 24331.5 41507.2 15855.1 14632 13138.4 41016.3 8435.07 7640.91 6782.53 6614.46
threshold=7334.3550000000005 0.49907882752611393 26646.155000000002 0.9127073881848764 339.38500000000005 77.500000000000014 43.838596646616303 3.5000000000000004 419.50000000000006 0.38497024392253903 4364.1800000000012 329.50000000000006 36337.500000000007 0.65132166361557442 3375.4050000000002 66.500000000000014 18469.330000000005 30732.500000000004 17085.770000000008 259.50000000000006 32625.000000000004 70.665000000000006 0.43759736691369372 16.590000000000003 259.22000000000008 277.99000000000007 27195.000000000004 0.87403315835957074 32480.030000000006
decision_type=2 2 2 2 2 2 2 2 2 2 2 10 2 2 2 2 2 2 2 10 2 2 2 2 10 2 2 2 2
left_child=2 9 3 4 7 -6 -5 -1 11 19 28 14 -13 23 -4 16 -11 25 -19 21 -21 -2 -17 24 -3 -15 -25 -12 -10
right_child=1 13 8 6 5 -7 -8 -9 10 15 27 12 -14 17 -16 22 -18 18 -20 20 -22 -23 -24 26 -26 -27 -28 -29 -30
leaf_value=3.0545610610320413 -4.0887076187133786 -1.5058070993423462 1.9855349302291871 27.458039474487308 2.0837193171183275 25.427192179361978 10.834517860412598 -0.36372485160827639 3.9266719818115234 -6.8843562743243041 0.85805040470191418 2.8834120621000019 0.20071059727952598 -0.92744369506835833 -0.7226981055153453 -3.7224694201820778 -1.4467514991760255 0.94529898166656501 -0.72100203571865318 -1.9646263360977168 -6.6979600559581414 -7.0390884100222131 -1.9602945266231413 -0.45011037107753132 -8.17171122233073 1.9157258605957033 -1.4845841670743489 1.9585802623203823 5.2577355066935221
leaf_weight=198 4.9999999999999991 9.9999999999999982 28 7.9999999999999991 5.9999999999999982 6 7.9999999999999991 74 42 17.000000000000004 28 70 168 3.0000000000000027 184 19 4.9999999999999991 32 462 8.0000000000000018 10.999999999999998 51 31 19 2.9999999999999991 20 295 28 11.999999999999998
leaf_count=107 5 10 14 4 3 3 4 43 21 17 14 35 101 3 132 19 5 18 406 8 11 51 31 19 3 10 294 14 6
internal_value=0.0196405 -1.49142 1.76087 3.49764 2.61603 13.7555 19.1463 2.12459 0.830456 -4.92922 2.78981 0.351504 0.98974 -0.892653 -0.365007 -3.55228 -5.64854 -0.517062 -0.613064 -6.25109 -4.70498 -6.77566 -2.62992 -1.48648 -3.04409 1.54488 -1.42199 1.40832 4.22246
internal_weight=1851 991 860 300 284 12 16 272 560 147 110 450 238 844 212 72 22 517 494 75 19 56 50 327 13 23 314 56 54
internal_count=1411 910 501 164 156 6 8 150 337 147 55 282 136 763 146 72 22 437 424 75 19 56 50 326 13 13 313 28 27
is_linear=0
shrinkage=0.05


Tree=18
num_leaves=31
num_cat=0
split_feature=1 1 18 3 1 18 0 16 1 4 3 1 18 16 11 4 4 4 2 14 4 0 14 14 18 14 6 14 4 2
split_gain=1.81891e+06 861827 785887 1.16919e+06 292150 370865 252885 206684 170070 176492 120978 111650 112052 112959 91260.3 66786.9 64888.7 58969.4 54626.2 50152.6 36737.9 21802.9 27467.9 21543.8 11319.6 10952.9 10532.3 13857.2 6295.76 1824.29
threshold=28801.940000000002 16951.125000000004 26646.155000000002 0.9127073881848764 32578.690000000006 25515.305 34128.000000000007 271.21000000000009 33542.920000000006 36767.500000000007 0.38497024392253903 23958.950000000008 20978.580000000005 143.52642857142862 419.50000000000006 35865.000000000007 35865.000000000007 37329.500000000007 4397.0150000000012 318.50000000000006 37657.000000000007 33736.600000000006 223.28000000000003 270.99000000000007 25753.525000000001 290.60500000000008 67.500000000000014 349.00000000000006 27195.000000000004 21304.945000000003
decision_type=2 2 2 2 2 2 2 2 2 2 2 2 2 2 2 2 2 2 2 8 2 2 10 8 2 10 2 10 2 2
left_child=1 10 3 4 7 -6 25 -2 14 -10 21 26 13 -13 16 24 -4 -11 -16 -8 -17 29 -23 -14 -12 -5 27 -3 -28 -1
right_child=2 11 8 6 5 -7 19 -9 9 17 15 12 23 -15 18 20 -18 -19 -20 -21 -22 22 -24 -25 -26 -27 28 -29 -30 -31
leaf_value=-7.2047488872821521 6.7767472527243875 -1.922048187255859 1.3174227700019496 11.127297973632809 3.4665228708223865 14.393888473510742 23.114046732584644 1.5871815946896872 8.9332240295410159 3.2640771243883218 -2.2205147414803506 5.7108381271362312 -1.3913836714587635 0.58230653422720291 4.0052362268621273 -6.2948086305098094 -0.31326092911618098 0.80645136145445029 1.1170942902565002 16.649229939778643 -1.0855913758277893 -7.0490326472691098 -2.9652943325042727 -0.47295760638094519 -5.3826353708902994 8.106130218505859 -0.4193963336317163 -5.5040460586547857 -1.354424360333657 -6.5323099178738069
leaf_weight=12.999999999999998 22 27.000000000000004 78 6.0000000000000018 22 11.999999999999998 5.9999999999999973 150 9.9999999999999982 46 50 11.999999999999998 79 102 22 22.000000000000004 280 52 64 6.0000000000000009 3.9999999999999991 7.0000000000000027 9.9999999999999982 333 2.9999999999999991 6 19 2.9999999999999991 343 45
leaf_count=13 11 27 42 3 11 6 3 78 5 23 50 6 77 58 11 22 197 26 32 3 4 7 10 268 3 3 19 3 343 45
internal_value=0.0157284 -1.32187 1.84937 4.30494 3.08814 7.32324 14.7492 2.25096 0.826215 2.6057 -4.78321 -0.741212 -0.265188 1.12215 0.393367 -3.41774 0.0420277 1.96003 1.85592 19.8816 -5.49339 -6.22149 -4.64683 -0.649064 -2.3995 9.61671 -1.37996 -2.28025 -1.30535 -6.68303
internal_weight=1854 1072 782 230 206 34 24 172 552 108 154 918 526 114 444 79 358 98 86 12 26 75 17 412 53 12 392 30 362 58
internal_count=1409 955 454 118 106 17 12 89 336 54 154 801 409 64 282 79 239 49 43 6 26 75 17 345 53 6 392 30 362 58
is_linear=0
shrinkage=0.05


Tree=19
num_leaves=30
num_cat=0
split_feature=1 1 18 3 11 16 13 0 1 4 1 16 4 3 0 0 4 3 13 7 3 13 0 7 11 11 18 15 4
split_gain=1.75099e+06 800201 719295 993972 771626 349854 251348 228229 213238 175703 111193 81214.9 56539.3 54943.1 48325.6 45262.7 44898.1 47112.1 38621.5 36896.5 28109.7 27661.5 26907.4 35211 24188.8 16807.8 10530.3 9911.25 3784.42
threshold=28842.610000000004 15963.740000000002 25977.360000000004 0.9127073881848764 339.38500000000005 195.82142857142861 284.37000000000006 34128.000000000007 32222.050000000003 36349.500000000007 25426.210000000006 143.52642857142862 30732.500000000004 0.38497024392253903 32770.850000000006 35318.000000000007 35865.000000000007 0.91128511227358133 419.50000000000006 1.0000000180025095e-35 0.56777956157452625 269.49000000000007 33736.600000000006 5.5000000000000009 7.0700000000000012 204.52000000000001 24822.250000000004 318.83333333333343 33155.000000000007
decision_type=2 2 2 2 2 2 10 2 2 2 2 2 2 2 2 2 2 2 10 2 2 10 2 2 2 2 2 2 2
left_child=1 13 3 4 5 -2 8 27 21 -10 20 -12 -13 22 19 -9 18 -18 -8 -15 24 -4 28 -24 -3 -16 -22 -5 -1
right_child=2 10 6 7 -6 -7 16 15 9 -11 11 12 -14 14 25 -17 17 -19 -20 -21 26 -23 23 -25 -26 -27 -28 -29 -30
leaf_value=-6.5552745342254646 17.061174774169924 -4.283858770794339 1.1974340779816404 7.6989220937093066 18.341861867904665 2.0959034617741903 0.16520581597631628 21.958344395955407 9.0365784781319771 3.0559269986152651 4.8565231323242193 1.5626209449768067 -0.41100804022968274 -0.82448110729455881 -4.3230485911880203 15.816768391927083 -0.51786478715485307 1.2176343796153866 2.3734745661417644 -6.0640220114872569 -0.72695969583952957 -0.5852653600275517 -6.9058855056762711 -2.0608871650695799 -1.6145953920063556 -1.4939679627262412 -1.2499696488588885 10.572835032145182 -5.780126983888688
leaf_weight=32 3.9999999999999991 8.9999999999999982 68 6.0000000000000018 7.9999999999999991 165 44 5.9999999999999982 13.999999999999998 100 7.9999999999999991 40 391 4.0000000000000027 7.0000000000000027 6 211 48 36 21 203 32 5.9999999999999973 10 149 21 183 6 31
leaf_count=32 2 9 34 3 4 85 25 3 7 50 4 20 294 4 7 3 149 24 18 21 193 23 6 10 149 21 183 3 31
internal_value=0.0405083 -1.218 1.90156 4.46311 3.16838 2.45011 0.970512 14.0117 2.31216 3.79039 -0.727155 -0.135187 -0.227841 -4.87329 -3.62787 18.8876 0.123573 -0.196228 1.15893 -5.2257 -1.20487 0.62697 -5.70882 -3.87776 -1.76664 -2.20124 -0.974915 9.13588 -6.17385
internal_weight=1869 1115 754 201 177 169 553 24 214 114 983 439 431 132 53 12 339 259 80 25 544 100 79 16 158 28 386 12 63
internal_count=1417 984 433 103 91 87 330 12 114 57 852 318 314 132 53 6 216 173 43 25 534 57 79 16 158 28 376 6 63
is_linear=0
shrinkage=0.05


Tree=20
num_leaves=28
num_cat=0
split_feature=1 1 16 0 12 16 12 13 1 16 16 2 17 9 1 4 1 12 16 0 1 4 12 4 14 2 0
split_gain=1.55558e+06 705059 606140 831830 943116 343654 243636 191035 85337.4 72600.9 71922.5 58686.8 53688.9 49461.4 54195.5 49118 32746.4 37516.7 18283 17532 13493.1 6386.12 4532.44 4375.65 2894.15 848.56 194.454
threshold=28842.610000000004 16951.125000000004 319.57000000000005 38331.150000000009 379.00000000000006 195.82142857142861 275.99000000000007 292.58500000000009 25426.210000000006 143.52642857142862 284.01928571428579 7978.005000000001 228.54413798672724 1.0000000180025095e-35 32050.135000000002 30732.500000000004 12793.645 18.655000000000005 334.21428571428578 34037.250000000007 19899.825000000004 33577.500000000007 309.50000000000006 27195.000000000004 299.51000000000005 17862.040000000005 35951.400000000001
decision_type=2 2 2 2 10 2 10 10 2 2 2 2 2 2 2 2 2 10 2 2 2 2 10 2 10 2 2
left_child=1 10 3 4 5 -2 12 -6 20 11 16 -10 18 14 -8 -11 19 -18 -4 -1 23 -22 -15 -3 25 -12 -26
right_child=2 8 6 -5 7 -7 13 -9 9 15 24 -13 -14 22 -16 -17 17 -19 -20 -21 21 -23 -24 -25 26 -27 -28
leaf_value=-5.7316054267268033 16.208115386962891 -0.36530225872993471 2.4056357065836593 22.519044494628908 8.4177586174011232 1.3490555357266141 0.1697964801320008 16.397620773315431 7.1927525838216155 1.5213098261091444 -1.5772653988429473 0.19949150085449219 -1.0987427507128034 -1.1895751386880875 1.3460331460353974 -0.40789809836994251 -1.9477875543965233 -4.6322277317655844 3.8874448159161741 -3.2445050239562989 -0.69498120811654296 -1.1118004477052599 -0.38668197974180568 -1.5690571416225008 -0.49314242750406267 -2.3557989120483396 -1.0256631851196285
leaf_weight=62 3.9999999999999991 7.9999999999999991 30 5.9999999999999991 30 143 224 9.9999999999999982 5.9999999999999982 36 7.0000000000000018 6 6.9999999999999991 32 174 395 18 47 68 7.9999999999999991 164 209 39 134 3.9999999999999991 7 3
leaf_count=62 2 8 15 3 15 83 138 5 3 18 7 3 4 22 91 297 18 47 34 8 159 205 26 134 4 7 3
internal_value=0.0367369 -1.15636 1.76961 4.19363 3.60565 1.75338 0.954567 10.4127 -0.648767 -0.139953 -4.27354 3.69612 3.13166 0.467158 0.684031 -0.246758 -4.69697 -3.88884 3.43383 -5.44737 -1.08645 -0.928534 -0.748549 -1.50124 -1.55148 -1.96653 -0.721366
internal_weight=1881 1114 767 193 187 147 574 40 958 443 156 12 105 469 398 431 135 65 98 70 515 373 71 142 21 14 7
internal_count=1421 983 438 108 105 85 330 20 827 321 156 6 53 277 229 315 135 65 49 70 506 364 48 142 21 14 7
is_linear=0
shrinkage=0.05


Tree=21
num_leaves=26
num_cat=0
split_feature=3 1 2 12 3 16 1 13 1 16 12 3 4 4 11 0 9 11 16 6 14 2 11 1 2
split_gain=1.34481e+06 626604 418593 913259 533236 321914 236315 367217 94406.7 137028 78532.9 51143.5 45669.7 37439.1 34637 30572.7 29486.1 27737.5 23592 18242 19375.6 15174.1 10601.6 7235.23 1635.7
threshold=0.82199211580202614 15963.740000000002 2934.6400000000008 382.50000000000006 0.92838353939486906 201.58071428571432 32342.530000000002 299.01000000000005 23958.950000000008 143.52642857142862 269.49000000000007 0.38497024392253903 30732.500000000004 35865.000000000007 499.50000000000006 33736.600000000006 1.0000000180025095e-35 269.99000000000007 222.03071428571431 67.500000000000014 340.50000000000006 7978.005000000001 298.24500000000006 19899.825000000004 20302.400000000005
decision_type=2 2 2 10 2 2 2 10 2 2 10 2 2 2 2 2 2 2 2 2 10 2 2 2 2
left_child=1 11 3 14 -5 -4 10 -8 19 21 -7 15 -11 18 22 24 -17 -15 -13 20 -3 -10 -2 -21 -1
right_child=2 8 5 4 -6 6 7 -9 9 12 -12 13 -14 17 -16 16 -18 -19 -20 23 -22 -23 -24 -25 -26
leaf_value=-6.7089381217956543 3.7077039082845058 -1.8689354521887644 15.397710037231446 27.570702107747394 8.7162469482421869 1.5144537349888523 4.6643041075422209 0.65015699358450041 6.8331151326497412 1.6216134377888272 0.041390315927688048 -0.92447474507821925 -0.45105569767222581 -5.9294475301106759 4.7450368245442709 -6.3217131296793605 -2.0842249228404115 -1.2434208869934082 -3.5217963593847617 -1.3701126189227217 -5.5423175573349006 3.2771261850992839 1.4608394759041925 -0.93267246966625184 -5.6610655608000577
leaf_weight=3.9999999999999991 5.9999999999999991 35 3.9999999999999991 5.9999999999999991 9.9999999999999982 129 104 126 5.9999999999999982 28 303 18 523 15.000000000000002 11.999999999999998 6.0000000000000009 13 3.9999999999999991 17 160 3.9999999999999991 6 42 231 54
leaf_count=4 3 35 2 3 5 66 52 65 3 14 190 18 431 15 6 6 13 4 17 160 4 3 21 230 54
internal_value=0.00512583 -1.08547 1.65719 5.17274 15.7867 1.25601 1.17056 2.46525 -0.65668 -0.230614 0.481263 -4.33576 -0.345729 -3.15605 2.34237 -5.1631 -3.42238 -4.94292 -2.18603 -1.21453 -2.24569 5.05512 1.7417 -1.11168 -5.73333
internal_weight=1866 1124 742 76 16 666 662 230 993 563 432 131 551 54 60 77 19 19 35 430 39 12 48 391 58
internal_count=1424 1011 413 38 8 375 373 117 880 451 256 131 445 54 30 77 19 19 35 429 39 6 24 390 58
is_linear=0
shrinkage=0.05


Tree=22
num_leaves=30
num_cat=0
split_feature=1 1 18 3 0 1 17 13 1 16 14 14 3 0 4 0 7 4 1 13 17 6 7 0 1 14 7 3 17
split_gain=1.17976e+06 654320 523074 682648 315644 234547 166617 159157 123249 153926 105122 98004.6 55784.6 54312.1 49931.1 39527 41248.5 36718.8 36118.7 22980.6 19094.9 15808.7 24410.8 12982.3 10848.7 9896.22 8196.24 8081.99 3345.89
threshold=30249.495000000003 15963.740000000002 27197.135000000002 0.91913110531441566 34128.000000000007 33701.160000000011 127.89482927563917 282.84000000000009 25042.995000000006 148.27928571428575 244.00000000000003 334.50000000000006 0.38497024392253903 37249.05000000001 35397.500000000007 32770.850000000006 2.5000000000000004 35865.000000000007 34957.480000000003 419.50000000000006 208.85798086236557 67.500000000000014 1.5000000000000002 34321.850000000013 31392.845000000005 290.60500000000008 5.5000000000000009 0.58645535094078571 114.2249327771414
decision_type=2 2 2 2 2 2 2 10 2 2 10 10 2 2 2 2 2 2 2 10 2 2 2 2 2 10 2 2 2
left_child=1 12 3 5 25 6 -2 11 21 10 -10 24 23 -13 -11 16 -14 19 -19 -9 -17 22 -3 28 -4 -5 -25 -23 -1
right_child=2 8 7 4 -6 -7 -8 17 9 14 -12 13 15 -15 -16 20 -18 18 -20 -21 -22 27 -24 26 -26 -27 -28 -29 -30
leaf_value=-4.9137744473247995 3.7709992188279347 -5.2894469833374025 -0.049924800131056046 9.2334899902343714 20.619405937194827 12.716637229919435 -0.088084755912423138 0.30859878601936197 -0.87569600741068465 0.32567220377651129 7.229950459798177 3.0351634534200036 -1.37091794013977 7.0152427673339846 -0.57016469872067754 -1.3294345575350301 -6.019179229736328 -0.34037760137877565 1.4767829760909081 2.3729402405875071 -5.5342490116755165 -1.2772693768791532 -1.5610954142279097 -4.6451616287231445 1.3496448365847271 6.36175676981608 -0.94916429519653289 -0.83838111470110011 -5.5901573296749234
leaf_weight=41 93 4.9999999999999991 18 6.0000000000000018 7.9999999999999991 5.9999999999999991 40 26 6.0000000000000027 286 11.999999999999998 60 7.0000000000000027 9.9999999999999982 341 27.000000000000004 14.999999999999998 188 32 28 2.9999999999999991 161 36 2.9999999999999991 60 6 3 301 33
leaf_count=41 47 5 10 3 4 3 20 14 3 186 6 30 7 5 277 27 15 112 16 14 3 161 36 3 30 3 3 295 33
internal_value=-0.0233437 -0.871502 1.84523 4.28935 12.9263 3.04661 2.61037 0.924347 -0.488169 -0.0306646 4.52807 2.24556 -4.20534 3.60375 -0.161537 -2.93042 -4.54019 0.210701 -0.0760633 1.379 -1.74992 -1.07483 -2.01577 -5.03404 1.02667 7.79762 -2.79716 -0.991327 -5.2154
internal_weight=1861 1280 581 159 20 139 133 422 1148 645 18 148 132 70 627 52 22 274 220 54 30 503 41 80 78 12 6 462 74
internal_count=1412 1101 311 80 10 70 67 231 969 472 9 75 132 35 463 52 22 156 128 28 30 497 41 80 40 6 6 456 74
is_linear=0
shrinkage=0.05


Tree=23
num_leaves=29
num_cat=0
split_feature=1 1 18 1 4 2 12 1 12 18 3 4 4 14 0 13 14 15 13 0 11 0 3 4 15 1 4 4
split_gain=1.10198e+06 580054 363667 312061 226369 464929 143726 107386 98377.9 82424.6 43787.7 39667.2 32538.2 41442.9 28019.1 28925.1 27231.5 17858.2 16436.6 13706.6 19194.4 13197.7 12796.9 14359.5 8633.06 5689.89 5440.52 3448.96
threshold=30317.565000000002 15963.740000000002 28172.53000000001 33753.020000000011 36489.500000000007 5689.7650000000003 279.93000000000006 25834.020000000004 300.50000000000006 23908.704999999998 0.38497024392253903 36489.500000000007 35134.500000000007 238.60500000000005 38450.750000000007 279.93000000000006 278.50000000000006 287.49666666666673 254.12500000000003 33736.600000000006 204.52000000000001 34916.950000000004 0.56777956157452625 32625.000000000004 331.03166666666669 34341.640000000007 35987.500000000007 33155.000000000007
decision_type=2 2 2 2 2 2 10 2 8 2 2 2 2 10 2 10 10 2 8 2 2 2 2 2 2 2 2 2
left_child=1 10 3 4 5 -2 21 22 -5 11 19 -9 18 -14 15 -8 -6 -11 -12 27 -21 -4 26 -24 -16 -23 -3 -1
right_child=2 7 6 8 16 -7 14 9 -10 17 12 -13 13 -15 24 -17 -18 -19 -20 20 -22 25 23 -25 -26 -27 -28 -29
leaf_value=-5.389223234115109 9.0852246814303932 -1.22223169701245 1.3930576515197755 15.49655806223552 -0.24955774019161861 2.2430167256295683 1.1604118168354034 1.3878413817239188 7.0269734382629387 -1.3338587798855521 -3.7326227494648507 -0.2648889653822955 -5.6120208740234361 -1.7742505828539532 0.87358076789162387 -0.13107007969326032 1.6292738340519095 -0.26644335122955914 -0.93495416811534349 -1.9886349201202387 -5.2744918704032902 3.1500733965919134 -0.31028021512744586 -0.98124563521660935 2.3089071846008302 4.6049867630004888 -2.0719773081215944 -4.6433785346246541
leaf_weight=31 36 131 9.9999999999999982 5.9999999999999973 30 80 56 126 8 44 7.0000000000000027 51 17.000000000000004 11.999999999999998 22 192 54 358 21 10.000000000000002 7.9999999999999991 42 107 313 20 7.9999999999999991 22 31
leaf_count=31 18 131 5 3 17 40 28 65 4 39 7 29 17 12 11 113 27 279 21 10 8 21 98 309 10 4 22 31
internal_value=-0.0268794 -0.833432 1.81647 3.44018 2.93502 4.36646 0.82368 -0.467659 10.6568 0.0125772 -3.90913 0.911631 -2.85014 -4.02398 0.362809 0.160555 0.958263 -0.383275 -1.63437 -4.66366 -3.44902 3.05123 -0.952924 -0.810309 1.55707 3.38286 -1.34442 -5.0163
internal_weight=1853 1289 564 214 200 116 350 1152 14 579 137 177 57 29 290 248 84 402 28 80 18 60 573 420 42 50 153 62
internal_count=1410 1109 301 109 102 58 192 972 7 412 137 94 57 29 162 141 44 318 28 80 18 30 560 407 21 25 153 62
is_linear=0
shrinkage=0.05


Tree=24
num_leaves=31
num_cat=0
split_feature=1 18 3 1 1 0 17 13 14 1 18 3 16 0 4 4 6 0 13 1 14 3 14 11 13 14 17 0 4 0
split_gain=1.09691e+06 593529 552851 484315 409810 164041 150736 103256 121430 77570.5 70049 60161.8 56245.9 46094.8 39416.7 36530.2 27817.7 26588.8 25162.2 24779.5 21763.3 20266.6 16996.9 25626.4 10490.5 8931.34 6495.99 4215.98 3945.26 1130.98
threshold=29768.495000000006 26978.180000000004 0.9127073881848764 16951.125000000004 33701.160000000011 34128.000000000007 127.89482927563917 290.19500000000005 349.00000000000006 23958.950000000008 21672.420000000002 0.38497024392253903 148.27928571428575 37636.750000000007 35865.000000000007 35865.000000000007 66.500000000000014 35318.000000000007 419.50000000000006 31392.845000000005 270.99000000000007 0.9127073881848764 223.28000000000003 17.970000000000002 260.49000000000007 290.60500000000008 34.932235296526414 33462.80000000001 33577.500000000007 33759.05000000001
decision_type=2 2 2 2 2 2 2 10 10 2 2 2 2 2 2 2 2 2 10 2 8 2 10 2 8 10 2 2 2 2
left_child=3 2 4 11 6 25 -2 8 19 26 12 22 -11 -10 18 24 -17 -7 -9 -3 -12 -16 29 -24 -13 -4 28 -28 -5 -1
right_child=1 7 5 9 -6 17 -8 14 13 10 20 15 -14 -15 21 16 -18 -19 -20 -21 -22 -23 23 -25 -26 -27 27 -29 -30 -31
leaf_value=-5.0415594977301526 3.4228011102415623 -0.45004375185285295 8.3175539652506476 -0.50486133228987462 15.848229853312175 17.574496523539228 0.030370912904089151 0.32133467669288318 2.9271333623815465 3.3924787468380404 -1.1356907688419928 -2.604498445739349 0.43663187831591233 6.9939055442810059 -0.39273416405563716 -5.0387903313887747 -1.1335435152053834 12.867342631022135 2.2820030593872072 1.2240076621373497 -0.27367823511071571 0.87444015004132936 -1.1558806419372554 -4.4412632817807411 -1.2306371974222587 5.5894078572591148 -1.4348022707770853 -1.0131687975355559 -1.1855947206760276 -5.8427514648437509
leaf_weight=37 128 35 6.0000000000000018 80 5.9999999999999991 5.9999999999999982 44 36 54 18 88 24 152 7.9999999999999991 186 19.000000000000004 5.9999999999999991 6 30 60 436 38 8.0000000000000018 23 33 6 85 196 29 4.9999999999999991
leaf_count=37 65 22 3 80 3 3 22 19 27 9 85 24 86 4 120 19 6 3 15 30 345 19 8 23 33 3 85 196 29 5
internal_value=0.0490485 1.71425 3.96355 -0.823202 3.00306 11.0872 2.55497 0.697793 1.73061 -0.449393 -0.132323 -3.43745 0.749604 3.45188 0.138649 -2.50802 -4.10153 15.2209 1.21255 0.607252 -0.418444 -0.177767 -4.48147 -3.59342 -1.80911 6.95348 -1.01362 -1.14071 -0.685974 -5.13694
internal_weight=1888 649 202 1239 178 24 172 447 157 1084 694 155 170 62 290 82 25 12 66 95 524 224 73 31 57 12 390 281 109 42
internal_count=1428 358 102 1070 90 12 87 256 83 915 525 155 95 31 173 82 25 6 34 52 430 139 73 31 57 6 390 281 109 42
is_linear=0
shrinkage=0.05


Tree=25
num_leaves=30
num_cat=0
split_feature=1 18 2 1 1 11 16 3 13 14 0 1 18 4 4 1 1 4 1 14 13 4 0 13 14 14 11 14 15
split_gain=927805 480536 622865 364047 355281 457057 262521 165378 119216 101871 55135.9 54799.3 45627.6 47542 41486.2 34524.7 28792.2 33997.6 26534.7 23768.6 21917.4 21534.5 14570.8 10825.6 26650.1 8405.1 20364.7 4101.37 1529.38
threshold=28842.610000000004 26978.180000000004 2934.6400000000008 15963.740000000002 32578.690000000006 339.38500000000005 195.82142857142861 0.93050561936992715 290.19500000000005 349.00000000000006 37249.05000000001 23958.950000000008 20978.580000000005 36489.500000000007 35865.000000000007 31392.845000000005 11362.705000000002 35134.500000000007 34502.295000000006 258.75000000000006 419.50000000000006 29177.500000000004 34899.100000000013 194.50000000000003 340.50000000000006 223.28000000000003 111.00000000000001 320.50000000000006 80.475000000000009
decision_type=2 2 2 2 2 2 2 2 10 10 2 2 2 2 2 2 2 2 2 10 10 2 2 8 10 10 2 8 2
left_child=3 2 7 16 6 -6 -4 -2 9 15 -11 23 13 -13 20 -3 25 21 -16 -19 -10 -18 -14 24 -5 28 -27 -25 -1
right_child=1 8 4 11 5 -7 -8 -9 14 10 -12 12 22 -15 18 -17 17 19 -20 -21 -22 -23 -24 27 -26 26 -28 -29 -30
leaf_value=-5.3890430450439455 18.314289093017582 -0.23578924626111986 14.221555709838867 -1.4187110115443506 4.638396252526177 19.544112141927087 1.2426802214781443 7.3330233256022126 0.28261708652271944 2.2607539865705704 5.4561192830403655 1.0539828951208337 -0.83488643135728136 -1.4602840102237205 -0.44418885445190687 1.4088953996959486 -4.1472509145736698 -5.1333087921142573 1.1345183813571931 -2.2909060736497242 2.1368083890279137 -1.246922266855836 -0.23743172635119489 -1.0360574530167435 -6.3540517171223962 -0.30593341588973977 -4.3512377602713448 -0.68797326608300213 -4.6019346166540078
leaf_weight=7.9999999999999991 7.9999999999999982 55 3.9999999999999991 31 36 5.9999999999999991 150 6 34 54 18 103 177 23 236 76 7.9999999999999991 19.000000000000004 30 11.999999999999998 30 32 241 262 2.9999999999999991 4.0000000000000027 13.999999999999998 125 27
leaf_count=8 4 34 2 31 18 3 79 3 19 27 9 56 156 14 163 38 8 19 15 12 15 32 196 262 3 4 14 124 27
internal_value=0.0312496 1.39349 3.41927 -0.898179 2.69151 6.76778 1.57979 13.608 0.595345 1.54876 3.0596 -0.570475 -0.239011 0.595029 0.00884913 0.718379 -3.44846 -2.79019 -0.266139 -4.03302 1.15177 -1.82699 -0.490421 -0.998779 -1.85418 -4.3303 -3.45228 -0.923627 -4.78185
internal_weight=1832 743 210 1089 196 42 154 14 533 203 72 965 544 126 330 131 124 71 266 31 64 40 418 421 34 53 18 387 35
internal_count=1395 429 109 966 102 21 81 7 320 108 36 842 422 70 212 72 124 71 178 31 34 40 352 420 34 53 18 386 35
is_linear=0
shrinkage=0.05


Tree=26
num_leaves=31
num_cat=0
split_feature=1 18 3 1 0 1 18 13 13 14 3 1 18 4 3 14 4 12 1 0 7 13 13 3 14 8 4 7 13 0
split_gain=841276 444026 558858 399764 345077 140494 238327 145361 113844 74727.6 54034 53716.6 54128.1 47124.7 41716.3 33693.4 32704.5 29247.1 23193.7 18269.8 22622.4 16414.8 15904.6 12004.1 9239.15 7261.26 9320.21 6444.19 5198.3 2131.9
threshold=29768.495000000006 26978.180000000004 0.9127073881848764 16951.125000000004 34128.000000000007 32924.695000000014 25515.305 231.00000000000003 298.02000000000004 359.50000000000006 0.38497024392253903 25426.210000000006 23852.280000000002 35134.500000000007 0.9038783926477848 253.49000000000004 35865.000000000007 20.140000000000004 33051.05000000001 34037.250000000007 4.5000000000000009 419.50000000000006 259.22000000000008 0.91128511227358133 290.60500000000008 4.5000000000000009 32625.000000000004 1.0000000180025095e-35 260.49000000000007 33759.05000000001
decision_type=2 2 2 2 2 2 2 10 10 10 2 2 2 2 2 8 2 10 2 2 2 10 8 2 10 2 2 2 8 2
left_child=3 2 5 10 24 7 -7 -2 9 18 19 25 15 28 -11 -13 21 -15 -3 29 -21 -10 -14 -18 -4 27 -27 -5 -12 -1
right_child=1 8 4 11 -6 6 -8 -9 16 14 13 12 22 17 -16 -17 23 -19 -20 20 -22 -23 -24 -25 -26 26 -28 -29 -30 -31
leaf_value=-4.3628334700050999 7.1306087811787924 0.42644455825410238 7.5350251515706352 -0.072342924844650991 19.553901290893556 2.163705468177795 12.003428955078126 1.337739663564407 0.27955488609150053 6.9788883209228523 -1.9348594188690187 -0.98283190859688652 0.32422615956451933 -1.1176162401835124 2.5994017896981076 0.93984842916874034 -0.44017211724135835 -4.4088566444538264 1.9796810570885155 -5.1382727813720726 -0.94361230002509222 1.937266411100115 -0.57006059887180183 0.53926367634221128 4.7602651596069334 0.38036029869318011 -0.69585495203444103 -0.97433692157612084 -0.80101619112876166 -5.5556329727172855
leaf_weight=59 11.999999999999998 82 6.0000000000000018 21 7.9999999999999991 16.000000000000004 9.9999999999999982 111 32 5.9999999999999991 14.999999999999998 27 59 8.9999999999999982 58 146 177 27 34 4.9999999999999973 9 28 316 38 6 25 103 347 31 3.9999999999999991
leaf_count=59 6 45 3 17 4 8 5 56 17 3 15 17 31 9 29 77 118 27 17 5 9 14 274 19 3 22 101 347 31 4
internal_value=-0.016022 1.47372 3.66221 -0.788755 11.5101 2.60879 5.94821 1.9029 0.660851 1.63842 -3.12431 -0.433052 -0.0918401 -2.23112 3.00998 0.639777 0.0209846 -3.58605 0.881704 -4.0755 -2.44171 1.05315 -0.429359 -0.267063 6.14765 -0.810037 -0.485657 -0.922864 -1.17075 -4.43857
internal_weight=1827 624 169 1203 20 149 26 123 455 180 159 1044 548 82 64 173 275 36 116 77 14 60 375 215 12 496 128 368 46 63
internal_count=1392 347 85 1045 10 75 13 62 262 94 159 886 399 82 32 94 168 36 62 77 14 31 305 137 6 487 123 364 46 63
is_linear=0
shrinkage=0.05


Tree=27
num_leaves=28
num_cat=0
split_feature=3 3 3 12 17 16 2 0 16 16 0 12 2 7 3 4 7 12 18 6 4 3 13 0 4 18 11
split_gain=694399 296521 194938 400128 203250 150944 144290 106777 145006 56036.9 52392.3 30051 26807.8 28714.2 17988.9 19803.5 19349.2 13911.4 12155.1 8727.45 8094.95 7892.27 6280.72 5962.54 7687.88 5233.51 2221.73
threshold=0.77888074285745346 0.51624715732783655 0.9127073881848764 382.50000000000006 43.838596646616303 201.58071428571432 6828.670000000001 38331.150000000009 337.45285714285723 349.31428571428575 33170.650000000009 284.37000000000006 20593.395 5.5000000000000009 0.61417414867762055 32625.000000000004 2.5000000000000004 298.02000000000004 10004.140000000001 66.500000000000014 35692.500000000007 0.92688841076948014 199.03500000000003 33462.80000000001 36489.500000000007 32807.185000000005 244.00000000000003
decision_type=2 2 2 10 2 2 2 2 2 2 2 10 2 2 2 2 2 8 2 2 2 2 8 2 2 2 2
left_child=1 10 5 11 -5 6 -2 9 -9 -7 17 25 19 -14 23 16 -16 18 -1 -12 -17 -13 -19 24 -3 -4 -25
right_child=2 14 3 4 -6 7 -8 8 -10 -11 12 21 13 -15 15 20 -18 22 -20 -21 -22 -23 -24 26 -26 -27 -28
leaf_value=-3.1570714570008795 11.548950958251954 -1.2022235927127658 2.4364004611968997 17.676131184895834 5.5022726535797126 0.6481600315131113 1.7411251163482668 8.6493398666381847 1.5434786300148282 -0.27324078478447095 -3.9411333719889323 0.53680479990111463 -4.1884932435077173 -1.3164456129074098 0.90415782573375303 -0.45464501478101904 -0.4832877333517428 -3.0016277313232425 -4.4899308771863584 -1.1595689661959385 -0.90902847537868903 1.6800225918109601 0.024818581342697137 -0.015015382319688797 -2.847683192789555 3.7468379592895511 -0.87351107927469107
leaf_weight=26 5.9999999999999991 63 32 5.9999999999999991 7.9999999999999991 471 9.9999999999999982 7.9999999999999991 70 254 2.9999999999999991 36 23 13.999999999999998 47 276 54 3.9999999999999991 50 47 152 26 3 7.9999999999999991 7.9999999999999991 9.9999999999999982 130
leaf_count=26 3 63 16 3 4 292 5 4 35 169 3 18 23 14 30 245 49 4 50 47 142 13 3 8 8 5 130
internal_value=-0.0708502 -1.05623 0.884031 2.78401 10.7196 0.610285 5.41906 0.514469 2.27228 0.325352 -2.93883 1.71576 -2.08148 -3.10177 -0.622567 -0.467404 0.162355 -3.8375 -4.03395 -1.32646 -0.616015 1.01622 -1.70458 -1.0153 -1.38763 2.74841 -0.823743
internal_weight=1845 908 937 118 14 819 16 803 78 725 170 104 87 37 738 529 101 83 76 50 428 62 7 209 71 42 138
internal_count=1412 845 567 59 7 508 8 500 39 461 170 52 87 37 675 466 79 83 76 50 387 31 7 209 71 21 138
is_linear=0
shrinkage=0.05


Tree=28
num_leaves=28
num_cat=0
split_feature=1 1 2 12 3 12 1 18 17 17 1 15 4 15 0 7 1 7 17 13 12 1 1 4 12 3 3
split_gain=598288 320400 241308 486017 338987 141420 74008.8 190825 61706.8 233272 34605.2 57908.9 45211.4 21342.1 15075.3 26934.5 25269.6 17263.9 16766.4 9498.49 11015.4 8177.14 5945.83 5220.1 5091.34 4797.98 4676.69
threshold=28024.635000000006 15637.25 2862.2950000000005 382.50000000000006 0.92838353939486906 279.93000000000006 32409.505000000001 28056.100000000002 176.66521020225591 105.90346955253341 22750.120000000006 169.16666666666671 33577.500000000007 339.06666666666666 32770.850000000006 4.5000000000000009 15160.950000000003 3.5000000000000004 114.2249327771414 7.0700000000000012 163.55500000000004 11575.93 12793.645 27195.000000000004 284.37000000000006 0.92688841076948014 0.82540099058160954
decision_type=2 2 2 10 2 10 2 2 2 2 2 2 2 2 2 2 2 2 2 8 10 2 2 2 10 2 2
left_child=1 14 3 24 -5 8 13 -8 9 -4 19 -12 -13 -7 17 16 -16 18 -1 20 -3 -19 -17 -21 -2 -26 -10
right_child=2 10 5 4 -6 6 7 -9 26 -11 11 12 -14 -15 15 22 -18 21 -20 23 -22 -23 -24 -25 25 -27 -28
leaf_value=-1.138627240657806 2.8031092325846356 -1.3474807058061875 1.6606499630392038 21.129446919759118 5.4075510978698738 -0.43225008106058083 4.1887662780284884 0.2849847252170245 -0.23065924048423758 9.4998685836792003 3.493941688537598 0.27547478055027691 -0.70422890400284055 0.28404510263176191 -4.0698020488023756 -2.1391670813927277 -0.533819301923116 -3.9025207660816337 -3.8192242486136303 -0.041736398637294773 -4.9687419891357409 -5.4288466526911812 -0.59574814240137741 -0.91633546154615719 0.57702663540840149 1.7149673505262897 -1.7913567304611206
leaf_weight=10.000000000000002 5.9999999999999991 6.9999999999999982 186 5.9999999999999991 7.9999999999999991 206 40 144 12.000000000000002 9.9999999999999982 9.9999999999999982 185 324 210 32 13.000000000000002 5.9999999999999991 27 13.999999999999998 18 3 12.999999999999998 11.999999999999998 327 15.999999999999998 22 7.9999999999999991
leaf_count=10 3 7 95 3 4 153 20 74 6 5 5 131 288 132 32 13 6 27 14 18 3 13 12 327 8 11 6
internal_value=-0.0407467 -0.875317 0.915095 4.03134 12.1455 0.693597 0.298657 1.13363 1.79065 2.06061 -0.534324 -0.274119 -0.348148 -0.0706588 -3.22199 -2.67293 -3.51149 -3.76248 -2.70231 -0.914737 -2.43386 -4.39858 -1.39833 -0.870704 1.44955 1.23583 -0.854938
internal_weight=1875 1001 874 58 14 816 600 184 216 196 874 519 509 416 127 63 38 64 24 355 10 40 25 345 44 38 20
internal_count=1426 906 520 29 7 491 379 94 112 100 779 424 419 285 127 63 38 64 24 355 10 40 25 345 22 19 12
is_linear=0
shrinkage=0.05


Tree=29
num_leaves=29
num_cat=0
split_feature=1 18 18 1 3 16 13 1 13 4 1 18 4 3 4 14 4 4 11 13 7 1 18 4 13 7 2 3
split_gain=649667 296194 375256 278432 246311 180085 106002 103680 103659 93114.9 37571.7 31424.5 35377.3 31232.7 23694.6 22892.6 36462.7 20065.6 12502.1 11284.6 11170 23384.1 10093.5 5124.69 6803.61 4771.1 3592.72 3010.48
threshold=28842.610000000004 25977.360000000004 25820.355000000007 16951.125000000004 0.9127073881848764 195.82142857142861 284.37000000000006 32222.050000000003 297.50000000000006 36349.500000000007 24151.820000000003 23409.280000000002 36489.500000000007 0.38497024392253903 35865.000000000007 317.69500000000005 35397.500000000007 37657.000000000007 294.50000000000006 273.98500000000007 5.5000000000000009 9614.7100000000009 15138.225000000004 35012.500000000007 194.50000000000003 2.5000000000000004 20302.400000000005 0.55115959815740945
decision_type=2 2 2 2 2 2 10 2 10 2 2 2 2 2 2 10 2 2 2 10 2 2 2 2 10 2 2 2
left_child=3 2 4 13 5 -2 7 19 -6 -9 23 12 -12 20 22 25 -17 -16 -13 -3 26 -22 -15 27 -25 -8 -1 -5
right_child=1 6 -4 10 8 -7 15 9 -10 -11 11 18 -14 14 17 16 -18 -19 -20 -21 21 -23 -24 24 -26 -27 -28 -29
leaf_value=-2.2968472480773925 12.256275177001953 0.6170335574049346 15.115095774332682 -0.96259103822402459 9.9896239144461489 1.520105736945049 0.80805706977844238 6.7385180791219073 2.8549189090728762 2.0433875257318674 0.82052840789960291 -0.85379400085822665 -0.97952856472560335 -0.28309062321980799 -3.8164413506334469 1.821898833443137 0.056917678926672259 0.033390283584594727 -0.22602377687966016 -0.63708773205677671 -4.053674455122513 -0.79344106587496677 -1.8148540605055659 -2.0517539799213411 -0.93463919110920113 -0.64161744776226226 -3.8488627511804752 -0.59951512264393869
leaf_weight=3.9999999999999991 3.9999999999999991 71 5.9999999999999991 78 14.000000000000002 166 5.9999999999999991 11.999999999999998 7.9999999999999991 88 124 113 35 14.999999999999998 22.000000000000004 34 210 3.9999999999999991 266 24 11.000000000000002 10.999999999999998 38 15.999999999999998 92 105 55 213
leaf_count=4 2 36 3 78 7 86 3 6 4 44 71 104 23 15 22 17 129 4 212 17 11 11 38 16 91 78 55 213
internal_value=0.00724006 1.14348 2.80175 -0.767516 2.41696 1.77272 0.546501 1.48307 7.39519 2.6068 -0.438349 -0.165686 0.424289 -2.6952 -1.98783 0.0320445 0.302858 -3.22416 -0.413195 0.300203 -3.3851 -2.42356 -1.38134 -0.805999 -1.10014 -0.563257 -3.74364 -0.696834
internal_weight=1845 748 198 1097 192 170 550 195 22 100 937 538 159 160 79 355 244 26 379 95 81 22 53 399 108 111 59 291
internal_count=1400 432 102 968 99 88 330 103 11 50 808 410 94 160 79 227 146 26 316 53 81 22 53 398 107 81 59 291
is_linear=0
shrinkage=0.05


end of trees

feature_importances:
net_load=147
thermal_on_capacity=102
thermal_space_load_ratio=82
total_load=78
net_load_lag_1d=53
price_lag_7d=51
price_lag_3d=48
renewable_power=47
price_ma_7d=46
price_lag_2d=43
weekday=37
price_lag_1d=37
price_std_7d=33
period=26
price_ma_3d=24
hour=2
is_weekend=2
month=1

parameters:
[boosting: gbdt]
[objective: regression]
[metric: rmse]
[tree_learner: serial]
[device_type: cpu]
[data_sample_strategy: bagging]
[data: ]
[valid: ]
[num_iterations: 400]
[learning_rate: 0.05]
[num_leaves: 31]
[num_threads: 0]
[seed: 42]
[deterministic: 0]
[force_col_wise: 0]
[force_row_wise: 0]
[histogram_pool_size: -1]
[max_depth: 5]
[min_data_in_leaf: 3]
[min_sum_hessian_in_leaf: 0.001]
[bagging_fraction: 0.85]
[pos_bagging_fraction: 1]
[neg_bagging_fraction: 1]
[bagging_freq: 1]
[bagging_seed: 400]
[bagging_by_query: 0]
[feature_fraction: 0.85]
[feature_fraction_bynode: 1]
[feature_fraction_seed: 30056]
[extra_trees: 0]
[extra_seed: 12879]
[early_stopping_round: 0]
[early_stopping_min_delta: 0]
[first_metric_only: 0]
[max_delta_step: 0]
[lambda_l1: 0]
[lambda_l2: 0]
[linear_lambda: 0]
[min_gain_to_split: 0]
[drop_rate: 0.1]
[max_drop: 50]
[skip_drop: 0.5]
[xgboost_dart_mode: 0]
[uniform_drop: 0]
[drop_seed: 17869]
[top_rate: 0.2]
[other_rate: 0.1]
[min_data_per_group: 100]
[max_cat_threshold: 32]
[cat_l2: 10]
[cat_smooth: 10]
[max_cat_to_onehot: 4]
[top_k: 20]
[monotone_constraints: ]
[monotone_constraints_method: basic]
[monotone_penalty: 0]
[feature_contri: ]
[forcedsplits_filename: ]
[refit_decay_rate: 0.9]
[cegb_tradeoff: 1]
[cegb_penalty_split: 0]
[cegb_penalty_feature_lazy: ]
[cegb_penalty_feature_coupled: ]
[path_smooth: 0]
[interaction_constraints: ]
[verbosity: -1]
[saved_feature_importance_type: 0]
[use_quantized_grad: 0]
[num_grad_quant_bins: 4]
[quant_train_renew_leaf: 0]
[stochastic_rounding: 1]
[linear_tree: 0]
[max_bin: 255]
[max_bin_by_feature: ]
[min_data_in_bin: 3]
[bin_construct_sample_cnt: 200000]
[data_random_seed: 175]
[is_enable_sparse: 1]
[enable_bundle: 1]
[use_missing: 1]
[zero_as_missing: 0]
[feature_pre_filter: 1]
[pre_partition: 0]
[two_round: 0]
[header: 0]
[label_column: ]
[weight_column: ]
[group_column: ]
[ignore_column: ]
[categorical_feature: ]
[forcedbins_filename: ]
[precise_float_parser: 0]
[parser_config_file: ]
[objective_seed: 16083]
[num_class: 1]
[is_unbalance: 0]
[scale_pos_weight: 1]
[sigmoid: 1]
[boost_from_average: 1]
[reg_sqrt: 0]
[alpha: 0.9]
[fair_c: 1]
[poisson_max_delta_step: 0.7]
[tweedie_variance_power: 1.5]
[lambdarank_truncation_level: 30]
[lambdarank_norm: 1]
[label_gain: ]
[lambdarank_position_bias_regularization: 0]
[eval_at: ]
[multi_error_top_k: 1]
[auc_mu_weights: ]
[num_machines: 1]
[local_listen_port: 12400]
[time_out: 120]
[machine_list_filename: ]
[machines: ]
[gpu_platform_id: -1]
[gpu_device_id: -1]
[gpu_use_dp: 0]
[num_gpu: 1]

end of parameters

pandas_categorical:[]
