tree
version=v4
num_class=1
num_tree_per_iteration=1
label_index=0
max_feature_idx=10
objective=regression
feature_names=total_load net_load renewable_power thermal_space_load_ratio thermal_on_capacity hour period weekday month is_weekend is_holiday
feature_infos=[31325.099999999999:48277.599999999999] [13380.389999999999:45874.959999999999] [1144.03:19856.66] [0.41387726832827804:0.97282505160491894] [27170:49115] [18:21] [73:88] [0:6] [1:5] [0:1] none
tree_sizes=2532 2599 2859 2593 2574 2753 2592 2657 2512 2521 2719 2744 2528

Tree=0
num_leaves=28
num_cat=0
split_feature=2 4 4 4 2 2 2 0 4 4 7 0 0 2 8 4 4 2 8 7 4 6 2 6 6 6 0
split_gain=6.31942e+07 2.9844e+07 1.30547e+07 1.29641e+07 7.51348e+06 3.94512e+06 2.35944e+06 2.33911e+06 2.19331e+06 1.57173e+06 1.24363e+06 3.11762e+06 1.08633e+06 914828 449759 982846 365823 321247 216067 102389 35299.1 22602.5 17933.1 15842.7 5976.89 5187.88 3128.55
threshold=4191.670000000001 48480.000000000007 42910.000000000007 48055.000000000007 7112.9500000000016 1323.1000000000001 15557.210000000001 47230.750000000007 37979.500000000007 36212.500000000007 1.0000000180025095e-35 42421.000000000007 34942.600000000013 5182.5100000000011 2.5000000000000004 39052.500000000007 48702.000000000007 19247.695000000003 2.5000000000000004 2.5000000000000004 48097.000000000007 74.500000000000014 4143.3350000000009 81.500000000000014 86.500000000000014 78.500000000000014 44186.250000000007
decision_type=2 2 2 2 2 2 2 2 2 2 2 2 2 2 2 2 2 2 2 2 2 2 2 2 2 2 2
left_child=1 2 8 5 7 -4 14 10 9 -1 11 -2 21 -12 15 -6 22 -14 -10 -16 -5 -8 26 25 -25 -18 -3
right_child=4 16 3 20 6 -7 12 -9 18 -11 13 -13 17 -15 19 -17 23 -19 -20 -21 -22 -23 -24 24 -26 -27 -28
leaf_value=402.44054785655874 408.23717158955117 443.17988140351508 446.59388287948508 403.84024483926038 390.91181881196241 427.05454765903539 389.60656902558543 437.05388042695262 399.88054785655874 415.32702419100571 407.64653236834079 440.44138080842237 397.64934166993055 403.7566994748355 402.29930510475828 400.08954634044778 450.42038044914722 390.22008745999779 404.72428524214479 400.97538529318268 406.22945819861627 386.65271990628685 441.14475567109326 449.60318096406201 447.80388042695262 451.79388042695263 444.4563808338537
leaf_weight=30 124 8.0000000000000053 30 22 32 186 7.9999999999999991 5.9999999999999991 30 112 215 7.9999999999999991 101 509 243 330 22 17 99 366 52 34 7.9999999999999991 20.000000000000004 5.9999999999999991 9.9999999999999982 11.999999999999998
leaf_count=16 68 4 15 11 32 93 8 3 30 56 119 4 101 296 191 288 11 17 50 329 26 34 4 10 3 5 6
internal_value=406.835 420.412 416.207 423.581 402.427 429.768 399.747 405.944 408.317 412.605 405.726 410.189 394.121 404.912 400.674 399.278 447.839 396.579 403.598 401.504 405.519 387.215 443.145 450.105 449.188 450.85 443.946
internal_weight=2640 647 561 290 1993 216 1131 862 271 142 856 132 160 724 971 362 86 118 129 609 74 42 28 58 26 32 20
internal_count=1830 340 297 145 1490 108 1000 490 152 72 487 72 160 415 840 320 43 118 80 520 37 42 14 29 13 16 10
is_linear=0
shrinkage=1


Tree=1
num_leaves=28
num_cat=0
split_feature=3 1 7 7 2 2 3 0 7 3 2 0 2 7 3 0 0 8 0 0 8 3 2 7 7 8 2
split_gain=6.17306e+07 1.57905e+07 1.37456e+07 7.32393e+06 8.0609e+06 6.07448e+06 3.58576e+06 2.19146e+06 2.19056e+06 2.09937e+06 2.05329e+06 2.04522e+06 1.9083e+06 1.21327e+06 2.00881e+06 862474 837280 643581 604894 1.48033e+06 414732 722414 300451 165378 91049.8 31654.1 25758
threshold=0.89684079943224571 37330.165000000008 1.0000000180025095e-35 5.5000000000000009 3601.4650000000006 7386.0750000000007 0.95547912226957299 47230.750000000007 5.5000000000000009 0.91729178018467117 3413.98 43147.650000000009 15678.905000000001 1.0000000180025095e-35 0.86463598906069195 34614.750000000007 39856.30000000001 4.5000000000000009 34890.900000000009 35451.950000000004 2.5000000000000004 0.66125720976363567 18937.950000000001 5.5000000000000009 2.5000000000000004 1.5000000000000002 2872.6350000000007
decision_type=2 2 2 2 2 2 2 2 2 2 2 2 2 2 2 2 2 2 2 2 2 2 2 2 2 2 2
left_child=5 8 9 6 -5 7 -4 13 18 11 -10 -3 20 14 -1 23 -12 -15 26 -20 21 -7 -17 -14 -22 -11 -2
right_child=1 2 3 4 -6 12 -8 -9 10 25 16 -13 15 17 -16 22 -18 -19 19 -21 24 -23 -24 -25 -26 -27 -28
leaf_value=0.72682899534702305 -6.4475989750453397 -3.6586790084838867 30.156937211050707 -1.7081633404681558 29.116525260607403 -12.555970476258477 49.80565011160715 28.897305297851563 -1.9195168685913087 -0.11521100856008984 17.154349136352533 33.266654090881353 -18.981716678017065 -2.5295409770582102 19.518062114715576 -8.4644601091425482 36.097271728515629 3.2723856589373419 21.316982014973959 3.2513456638576912 -4.1725833512014816 -6.2238125726381943 -15.358207220780223 -6.7876617431640627 -5.5054125278715107 -2.5320122551918032 -1.3422433217366538
leaf_weight=128 14.000000000000002 5.9999999999999991 136 38 48 53 28 5.9999999999999991 9.9999999999999982 42 14.000000000000002 9.9999999999999982 38 761 15.999999999999998 94 9.9999999999999982 51 11.999999999999998 206 216 300 19 2.9999999999999991 315 20 2.9999999999999991
leaf_count=73 14 3 68 19 24 53 14 3 5 21 7 5 38 457 8 94 5 28 6 103 170 265 19 3 287 10 2
internal_value=0.123388 14.2329 21.597 27.3143 15.4963 -4.0883 33.5116 -1.22597 5.25363 3.27225 17.1158 19.4197 -6.74107 -1.41503 2.81474 -11.8775 25.0472 -2.16513 3.5374 4.24578 -5.84626 -7.17453 -9.62359 -18.0895 -4.96324 -0.894824 -5.54665
internal_weight=2597 597 328 250 86 2000 164 962 269 78 34 16 1038 956 144 154 24 812 235 218 884 353 113 41 531 62 17
internal_count=1804 306 164 125 43 1498 82 569 142 39 17 8 929 566 81 154 12 485 125 109 775 318 113 41 457 31 16
is_linear=0
shrinkage=0.05


Tree=2
num_leaves=31
num_cat=0
split_feature=3 4 4 4 2 7 0 4 6 4 7 3 2 4 3 8 4 3 4 1 0 0 4 3 2 2 0 1 2 6
split_gain=5.11842e+07 2.2147e+07 5.88626e+06 1.00254e+07 5.46547e+06 3.07575e+06 2.10136e+06 1.50502e+06 3.34882e+06 1.09448e+06 887616 1.01889e+06 825163 705727 639984 2.43313e+06 314844 268553 256878 129840 124668 112536 77940.3 30839.4 15375 8483.78 4236.23 3374.51 2893.94 2836.29
threshold=0.89684079943224571 48480.000000000007 42910.000000000007 48055.000000000007 7112.9500000000016 5.5000000000000009 34540.150000000009 36767.500000000007 80.500000000000014 38272.500000000007 1.0000000180025095e-35 0.86463598906069195 18615.260000000006 37979.500000000007 0.86876176642099323 4.5000000000000009 48702.000000000007 0.67783812597123605 35692.500000000007 23198.775000000001 41139.750000000007 41808.650000000001 38452.500000000007 0.9241458114103992 4143.3350000000009 2925.5950000000007 44511.100000000013 20405.520000000004 2638.8050000000007 86.500000000000014
decision_type=2 2 2 2 2 2 2 2 2 2 2 2 2 2 2 2 2 2 2 2 2 2 2 2 2 2 2 2 2 2
left_child=4 2 7 5 10 -4 9 8 -2 27 11 18 17 -9 22 -16 24 -8 -1 -11 -13 -14 -12 -5 26 28 -3 -6 -18 -27
right_child=1 16 3 23 6 -7 12 13 -10 19 14 20 21 -15 15 -17 25 -19 -20 -21 -22 -23 -24 -25 -26 29 -28 -29 -30 -31
leaf_value=3.7018000330243797 -3.9488804408482134 33.118681640624978 23.602976448519129 -2.4621924495697023 -6.7039808485243029 10.539433842716797 -6.5663039419299274 4.0561322748661039 30.634429495675221 -18.037218113949425 -2.2552423708906799 11.411739158630374 -6.887400054931641 -2.2408989842732749 -0.85072716150852234 22.106716028849284 40.007477638938205 -4.7735696184239593 -0.95237449767097593 -8.7181501388549805 20.946097819010415 -13.427382721772066 -3.5939710017243125 -0.44908135602107413 31.252810668945315 39.305660671657982 34.57405639648438 -5.5547060533003378 41.24629313151042 38.050385538736982
leaf_weight=56 14.000000000000002 10.000000000000005 142 30 9.0000000000000018 66 305 88 13.999999999999998 57 214 7.9999999999999982 7.9999999999999991 90 302 11.999999999999998 22.000000000000004 663 63 3.9999999999999991 6 37 221 52 7.9999999999999991 18.000000000000004 9.9999999999999982 22 5.9999999999999991 5.9999999999999991
leaf_count=28 7 5 71 15 9 33 287 44 7 57 117 4 8 50 166 6 11 556 37 4 3 37 144 26 4 9 5 22 3 3
internal_value=-0.156083 12.9675 9.02997 13.6207 -3.96039 19.4578 -6.30321 2.56726 13.3428 -13.5384 -1.02523 2.73889 -5.64611 0.87224 -1.69363 0.0266274 37.38 -5.33843 1.23783 -17.4261 15.4979 -12.2647 -2.93538 -1.18559 33.1054 39.6817 33.8464 -5.88837 40.2729 38.9918
internal_weight=2563 576 496 290 1987 208 1105 206 28 92 882 133 1013 178 749 314 80 968 119 61 14 45 435 82 28 52 20 31 28 24
internal_count=1778 293 253 145 1485 104 980 108 14 92 505 72 888 94 433 172 40 843 65 61 7 45 261 41 14 26 10 31 14 12
is_linear=0
shrinkage=0.05


Tree=3
num_leaves=28
num_cat=0
split_feature=3 4 4 4 2 7 0 2 4 7 1 0 2 0 3 2 3 4 0 4 0 2 3 6 0 6 6
split_gain=5.00001e+07 2.14894e+07 6.8971e+06 8.74988e+06 5.16622e+06 3.31125e+06 1.94535e+06 1.88498e+06 1.20732e+06 1.0028e+06 1.60152e+06 895308 735383 612021 387704 349446 329567 327784 308775 260510 92523.1 15879 9047.27 6511.65 3911.33 2775.94 2513.68
threshold=0.89684079943224571 48480.000000000007 42910.000000000007 47710.000000000007 6971.755000000001 2.5000000000000004 47230.750000000007 15557.210000000001 37979.500000000007 1.0000000180025095e-35 36659.405000000006 34614.750000000007 2840.1900000000005 41944.900000000009 0.86033267703836358 18937.950000000001 0.67043802720645551 48702.000000000007 34819.750000000007 39497.500000000007 35451.950000000004 4143.3350000000009 0.93741082127103403 73.500000000000014 44511.100000000013 75.500000000000014 86.500000000000014
decision_type=2 2 2 2 2 2 2 2 2 2 2 2 2 2 2 2 2 2 2 2 2 2 2 2 2 2 2
left_child=4 2 8 5 6 -4 9 16 12 10 -1 23 -2 -5 -11 -13 18 21 -6 -18 -10 24 26 -9 -3 -24 -19
right_child=1 17 3 13 7 -7 -8 11 20 14 -12 15 -14 -15 -16 -17 19 22 -20 -21 -22 -23 25 -25 -26 -27 -28
leaf_value=1.5435999255026542 16.053718652044022 31.462745971679666 29.007167253774753 10.410256117582321 -10.727737194154322 15.154707110130182 27.494976806640626 -15.003294754028321 -6.1385500771658768 -2.879033423138341 24.625276184082033 -7.5374324378617317 3.8030761584943655 -0.3249330254701468 -0.59077599986882534 -14.581265422276088 -3.666256015184449 37.329596286349819 -5.9197995856073176 -5.5230967445891039 -1.7240888004119581 29.636995239257814 38.908365885416671 -17.119129943847657 32.946026611328129 37.976979573567711 36.147865804036456
leaf_weight=124 13.999999999999998 10.000000000000005 68 15.999999999999998 41 118 5.9999999999999991 3.9999999999999991 13.999999999999998 388 7.9999999999999991 109 98 78 354 21 369 18.000000000000004 180 387 78 9.9999999999999982 11.999999999999998 40 7.9999999999999991 24 5.9999999999999991
leaf_count=67 7 5 34 8 41 59 3 4 14 228 4 109 49 39 201 21 284 9 165 354 39 5 6 40 4 12 3
internal_value=-0.08465 12.9733 8.8409 13.9356 -3.76222 20.219 -0.878206 -5.96721 1.84821 -1.07299 2.94249 -10.7619 5.33441 1.50233 -1.78733 -8.67528 -5.11329 35.7015 -6.81177 -4.61678 -2.39585 31.2345 37.7861 -16.9268 32.122 38.2874 37.0342
internal_weight=2603 572 484 280 2031 186 880 1151 204 874 132 174 112 94 742 130 977 88 221 756 92 28 60 44 18 36 24
internal_count=1814 293 249 140 1521 93 503 1018 109 500 71 174 56 47 429 130 844 44 206 638 53 14 30 44 9 18 12
is_linear=0
shrinkage=0.05


Tree=4
num_leaves=28
num_cat=0
split_feature=3 1 7 7 2 2 3 0 7 3 2 3 5 0 7 1 2 3 0 7 8 1 2 3 3 6 1
split_gain=4.17819e+07 9.48294e+06 1.28098e+07 6.94767e+06 6.80358e+06 4.60713e+06 3.84341e+06 1.781e+06 1.62712e+06 1.82881e+06 1.40959e+06 1.38773e+06 2.04118e+06 739549 703344 1.55048e+06 575637 536850 458052 390257 325318 483686 248258 62915.5 21055.1 18432.2 4034.56
threshold=0.89684079943224571 37330.165000000008 1.0000000180025095e-35 5.5000000000000009 3601.4650000000006 7386.0750000000007 0.95547912226957299 47230.750000000007 5.5000000000000009 0.91193047736323629 15557.210000000001 0.91282969821096926 19.500000000000004 34942.600000000013 1.0000000180025095e-35 36659.405000000006 4162.3150000000014 0.86876176642099323 39856.30000000001 1.0000000180025095e-35 2.5000000000000004 26242.700000000001 18615.260000000006 0.6351536707183375 0.9241458114103992 74.500000000000014 36575.780000000006
decision_type=2 2 2 2 2 2 2 2 2 2 2 2 2 2 2 2 2 2 2 2 2 2 2 2 2 2 2
left_child=5 8 11 6 -5 7 -4 14 16 18 20 12 -3 25 15 -1 19 -16 -10 -2 21 -7 -15 -22 -13 -12 -11
right_child=1 2 3 4 -6 10 -8 -9 9 26 13 24 -14 22 17 -17 -18 -19 -20 -21 23 -23 -24 -25 -26 -27 -28
leaf_value=0.74851895213997288 -5.7566225869315018 37.727651977539068 25.547560600936414 -2.66971465973627 26.143458824157719 -11.762662898472378 45.431001586914064 26.120227559407553 17.379649949073791 -2.5589354197184253 -13.555135583877565 -2.2332177570887977 -3.5153085072835282 -6.4073384029109306 -2.7948502843270084 23.394011688232425 14.587131652832031 -0.12942061062510077 32.032702636718753 2.8730507547948876 -5.380919076938822 -5.5782532379897001 -10.905680169864578 -3.9869934619748379 -0.53257526566202829 -16.222600196389589 -0.72532237370808916
leaf_weight=137 13.999999999999998 5.9999999999999982 128 42 40 35 30 5.9999999999999991 16.000000000000004 5.9999999999999982 7.9999999999999991 28 6 82 499 7.9999999999999991 9.9999999999999982 304 7.9999999999999991 204 99 327 49 444 52 34 6
leaf_count=78 14 3 64 21 20 35 15 3 8 3 8 14 3 82 313 4 5 169 4 102 94 293 49 373 26 34 3
internal_value=-0.151587 11.4894 17.1135 23.1943 11.3855 -3.56598 29.3229 -1.03517 4.41671 14.2953 -5.80567 1.25054 17.1062 -9.94098 -1.20704 1.99793 2.85693 -1.78577 22.264 2.31885 -5.01516 -6.17619 -8.08992 -4.24113 -1.1278 -15.7145 -1.64213
internal_weight=2628 596 332 240 82 2032 158 954 264 36 1078 92 12 173 948 145 228 803 24 218 905 362 131 543 80 42 12
internal_count=1840 305 166 120 41 1535 79 567 139 18 968 46 6 173 564 82 121 482 12 116 795 328 131 467 40 42 6
is_linear=0
shrinkage=0.05


Tree=5
num_leaves=30
num_cat=0
split_feature=3 4 3 7 2 4 4 2 4 7 3 0 8 0 0 8 4 2 4 8 4 4 7 2 3 6 0 0 0
split_gain=4.00004e+07 1.74709e+07 7.19391e+06 6.5757e+06 4.22672e+06 3.28592e+06 6.2248e+06 1.37924e+06 1.23003e+06 746165 1.39957e+06 616930 537242 3.62366e+06 449404 358937 735369 296763 278369 265282 249963 132283 64815.8 14330.8 4554.99 4872.23 3529.97 2349.6 185.108
threshold=0.89684079943224571 48480.000000000007 0.96667942604169388 5.5000000000000009 7112.9500000000016 42910.000000000007 44255.000000000007 15557.210000000001 37979.500000000007 1.0000000180025095e-35 0.86463598906069195 34614.750000000007 4.5000000000000009 38336.700000000004 46389.30000000001 2.5000000000000004 39052.500000000007 18937.950000000001 48702.000000000007 2.5000000000000004 35692.500000000007 38272.500000000007 2.5000000000000004 4143.3350000000009 0.93741082127103403 78.500000000000014 44511.100000000013 44933.500000000007 42098.05000000001
decision_type=2 2 2 2 2 2 2 2 2 2 2 2 2 2 2 2 2 2 2 2 2 2 2 2 2 2 2 2 2
left_child=4 2 5 28 9 8 -7 15 -2 10 20 21 14 -14 -11 16 -6 -13 23 -12 -1 -9 -17 26 27 -26 -3 -20 -4
right_child=1 18 3 -5 7 6 -8 11 -10 12 19 17 13 -15 -16 22 -18 -19 24 -21 -22 -23 -24 -25 25 -27 -28 -29 -30
leaf_value=3.3501041069030766 5.3719728363914925 28.58243591308592 45.970590209960932 -2.8401140129566196 -12.85422616141183 48.717341308593753 8.4995749838943553 -4.6498942057291668 -2.2124257018932929 -2.035263159849348 24.787092081705737 -6.7892814106411414 -1.6679552507400512 40.001395670572919 5.2248209064657045 -3.3087256498273776 -5.2364418191333373 -13.160508450594817 34.30056800842285 11.48843048095703 -1.3522436347374551 -15.53580879211426 -4.3847250366210941 26.847972412109375 34.384077758789061 35.658470153808594 29.991552734375002 33.251104736328124 46.296245320638022
leaf_weight=50 110 10.000000000000005 16.000000000000004 9.9999999999999982 35 9.9999999999999982 254 2.9999999999999991 104 685 5.9999999999999973 108 40 5.9999999999999991 22 227 334 22 16.000000000000004 10 65 40 365 9.9999999999999982 20 11.999999999999998 7.9999999999999991 7.9999999999999991 5.9999999999999991
leaf_count=25 55 5 8 5 35 5 127 3 58 401 3 108 22 3 11 180 296 22 8 5 41 40 328 5 10 6 4 4 3
internal_value=-0.0975496 11.3071 7.82705 30.7783 -3.45453 6.29057 10.023 -5.47489 1.6861 -0.862786 2.61997 -9.58471 -1.46868 3.76718 -1.80935 -4.73504 -5.959 -7.86749 32.4362 16.4754 0.692255 -14.7763 -3.97214 28.3656 34.4714 34.862 29.2087 33.9507 46.0594
internal_weight=2612 594 510 32 2018 478 264 1134 214 884 131 173 753 46 707 961 369 130 84 16 115 43 592 28 56 32 18 24 22
internal_count=1826 303 261 16 1523 245 132 1012 113 511 74 173 437 25 412 839 331 130 42 8 66 43 508 14 28 16 9 12 11
is_linear=0
shrinkage=0.05


Tree=6
num_leaves=28
num_cat=0
split_feature=3 4 3 7 2 2 4 0 0 0 4 7 2 2 4 4 1 4 0 0 2 0 7 0 1 0 2
split_gain=3.46057e+07 1.45934e+07 5.04006e+06 6.19116e+06 3.48007e+06 3.17976e+06 2.82852e+06 1.5766e+06 1.40811e+06 1.12093e+06 746662 570385 603618 517032 224499 220320 123449 119633 89411.5 78783.6 11053.8 5015.71 3073.83 2923.66 2631.89 2119.56 127.262
threshold=0.89684079943224571 48480.000000000007 0.96667942604169388 5.5000000000000009 7386.0750000000007 3525.7000000000003 47710.000000000007 47230.750000000007 45243.750000000007 34540.150000000009 38272.500000000007 3.5000000000000004 6137.1050000000005 18615.260000000006 39497.500000000007 48702.000000000007 23198.775000000001 37329.500000000007 41808.650000000001 41469.700000000004 4143.3350000000009 45840.30000000001 5.5000000000000009 44186.250000000007 40038.760000000009 46718.350000000006 1238.7150000000004
decision_type=2 2 2 2 2 2 2 2 2 2 2 2 2 2 2 2 2 2 2 2 2 2 2 2 2 2 2
left_child=4 2 5 19 7 8 -7 11 -2 10 22 12 -1 14 -11 20 -12 -13 -15 -4 23 24 -6 -3 -17 -23 -5
right_child=1 15 3 26 9 6 -8 -9 -10 13 16 17 -14 18 -16 21 -18 -19 -20 -21 -22 25 -24 -25 -26 -27 -28
leaf_value=1.2764113329582334 3.2421364709221083 27.153315734863266 43.672058105468743 -2.9701681772867845 -4.9114463806152351 16.5713077657363 -3.1960676019841974 24.552975463867188 22.272176704406739 -3.6672410501571413 -14.906505126953125 -1.1091080674163576 -2.2209740956127644 -4.8023235866001679 -5.2159623776126836 32.93256617954799 -5.7780856132507328 -3.0598437361811337 -10.964628322704419 36.953693135579428 25.55874938964844 34.224827067057298 -3.6602968851725262 28.362376708984375 32.069933319091795 32.895804850260411 -2.6445126175880431
leaf_weight=322 348 10.000000000000005 16.000000000000004 5.9999999999999982 27 102 22 5.9999999999999991 9.9999999999999982 470 50 106 200 6.9999999999999991 466 13.999999999999998 3.9999999999999991 304 37 5.9999999999999991 7.9999999999999991 5.9999999999999982 5.9999999999999991 9.9999999999999982 24 6 6
leaf_count=174 181 5 8 3 27 51 11 3 5 390 50 56 115 7 433 7 4 202 37 3 4 3 6 5 12 3 3
internal_value=-0.0767106 10.5233 7.47623 26.082 -3.21705 6.16379 13.0642 -0.995342 3.7737 -5.17016 -10.6093 -1.15982 -0.0635831 -4.6873 -4.43829 30.6806 -14.2303 -2.55551 -9.98426 41.8398 27.1295 32.6692 -4.68396 27.7578 32.3877 33.5603 -2.80734
internal_weight=2599 594 516 34 2005 482 124 938 358 1067 87 932 522 980 936 78 54 410 44 22 28 50 33 20 38 12 12
internal_count=1808 304 265 17 1504 248 62 550 186 954 87 547 289 867 823 39 54 258 44 11 14 25 33 10 19 6 6
is_linear=0
shrinkage=0.05


Tree=7
num_leaves=29
num_cat=0
split_feature=3 1 7 7 8 3 3 2 2 3 8 0 2 1 7 7 8 0 2 0 8 3 2 7 1 3 0 0
split_gain=3.25875e+07 7.94177e+06 1.01919e+07 4.83283e+06 4.8761e+06 3.46663e+06 3.19156e+06 1.42954e+06 1.32488e+06 1.91227e+06 1.25999e+06 2.28345e+06 1.13306e+06 882420 841978 836423 559270 1.23075e+06 519331 497328 344254 506904 279677 106074 81724.4 24573.8 13002.1 10535.4
threshold=0.89684079943224571 37330.165000000008 1.0000000180025095e-35 5.5000000000000009 1.5000000000000002 0.83152106125963487 0.94237521395795587 15557.210000000001 3413.98 0.9035437982852893 4.5000000000000009 38336.700000000004 4087.4350000000004 41262.280000000006 5.5000000000000009 1.0000000180025095e-35 2.5000000000000004 35451.950000000004 4162.3150000000014 35335.500000000007 2.5000000000000004 0.64694788471414355 18937.950000000001 5.5000000000000009 25381.635000000006 0.9241458114103992 37643.850000000006 38373.500000000007
decision_type=2 2 2 2 2 2 2 2 2 2 2 2 2 2 2 2 2 2 2 2 2 2 2 2 2 2 2 2
left_child=5 8 12 6 -5 7 -4 20 16 18 13 26 25 15 -11 -7 27 -18 -10 23 21 -1 -21 -9 -22 -3 -12 -2
right_child=1 2 3 4 -6 10 -8 19 9 14 11 -13 -14 -15 -16 -17 17 -19 -20 22 24 -23 -24 -25 -26 -27 -28 -29
leaf_value=-14.179907328287761 -5.5202772685459687 -2.7093153612954275 20.019194863877207 25.723231506347659 0.72823036789894102 3.4080396764418661 34.300816197549146 -13.958672669876453 -1.2600789743311267 8.8599062813652889 -0.24935739040374749 37.937504069010423 21.037260182698571 18.490926106770836 23.441421942277387 -1.5010984427406231 17.992158794403078 1.256700585805453 10.182116971697127 -6.1954750727681285 -4.2568266252453411 -4.8019277015018993 -12.797582285027756 -4.234384791056315 -3.0282393714178983 -0.84545657212535541 2.8297218004862472 -3.7319169235229497
leaf_weight=14.999999999999998 13.999999999999998 28 106 32 50 102 62 43 34 18 8.0000000000000018 5.9999999999999991 5.9999999999999991 5.9999999999999991 22 581 11.999999999999998 130 13.999999999999998 103 178 366 19 2.9999999999999991 565 48 5.9999999999999991 20
leaf_count=15 14 14 53 16 25 53 31 43 17 9 4 3 3 3 11 336 6 65 7 103 166 325 19 3 437 24 3 10
internal_value=0.00624552 10.2689 15.4157 20.433 10.4824 -3.0505 25.2898 -4.59217 3.79641 8.80564 -0.241134 12.1304 0.119278 -0.60025 16.8797 -0.767962 1.29179 2.67096 2.07723 -8.89413 -3.94918 -5.17114 -7.22367 -13.3245 -3.32257 -1.53214 1.07025 -4.4683
internal_weight=2597 596 332 250 82 2001 168 1292 264 88 709 20 82 689 40 683 176 142 48 168 1124 381 122 46 743 76 14 34
internal_count=1818 305 166 125 41 1513 84 1111 139 44 402 10 41 392 20 389 95 71 24 168 943 340 122 46 603 38 7 24
is_linear=0
shrinkage=0.05


Tree=8
num_leaves=27
num_cat=0
split_feature=3 4 4 4 7 2 0 0 4 1 2 8 4 2 8 4 4 4 2 0 7 3 2 0 4 5
split_gain=2.88506e+07 1.28221e+07 4.62872e+06 8.65069e+06 3.24899e+06 3.09026e+06 1.34268e+06 1.14997e+06 1.14572e+06 917857 728471 1.19109e+06 619899 527398 392579 236591 167357 81288.1 12426.2 2790.99 2443.65 2325.19 4000.96 1735.25 1561.09 1267.86
threshold=0.89684079943224571 48480.000000000007 44395.000000000007 47710.000000000007 5.5000000000000009 8367.9150000000027 47230.750000000007 41390.650000000009 36767.500000000007 18014.115000000002 6152.1250000000009 4.5000000000000009 48055.000000000007 19247.695000000003 2.5000000000000004 48702.000000000007 38272.500000000007 35865.000000000007 4143.3350000000009 44186.250000000007 3.5000000000000004 0.93920391088143762 3007.2400000000002 43921.350000000013 29177.500000000004 18.500000000000004
decision_type=2 2 2 2 2 2 2 2 2 2 2 2 2 2 2 2 2 2 2 2 2 2 2 2 2 2
left_child=5 2 7 4 -4 6 10 8 -2 16 11 -1 -5 14 -11 18 24 -12 19 -3 -18 22 -17 -15 -7 -23
right_child=1 15 3 12 -6 9 -8 -9 -10 13 17 -13 -14 23 -16 21 20 -19 -20 -21 -22 25 -24 -25 -26 -27
leaf_value=-0.48631464022334364 10.888949291522687 24.509486694335919 24.597513536784959 6.6053368631998701 10.524458122253419 -5.0874512990315761 22.400781250000001 20.263632583618165 -0.23779672647515937 -5.7901665890803109 -1.2587713541984558 11.930805068016053 -1.7676954074629716 -14.64119637229226 -3.6020954851492792 31.435780843098939 -12.722012220110212 -2.8241312959066636 22.941475219726563 25.690798034667967 -13.54707666015625 30.035434977213534 29.944889322916669 -13.284575144449869 -3.4744359334309887 29.355553436279298
leaf_weight=562 26 10.000000000000005 92 30 74 2.9999999999999991 5.9999999999999991 7.9999999999999991 210 366 100 20 84 10.999999999999998 466 6.0000000000000027 13.999999999999998 486 9.9999999999999982 9.9999999999999982 25 12.000000000000002 18 2.9999999999999991 3 15.999999999999998
leaf_count=321 13 5 46 15 37 3 3 4 112 345 54 10 42 11 402 3 14 350 5 5 25 6 9 3 3 8
internal_value=-0.0613832 9.53118 6.65408 11.0409 18.324 -2.87644 -1.19139 1.62002 0.988031 -5.09669 -1.31258 -0.0596095 0.435734 -4.72658 -4.56464 27.9165 -12.0549 -2.55701 24.3806 25.1001 -13.2509 29.9565 30.3176 -14.3505 -4.28094 29.6469
internal_weight=2671 606 524 280 166 2065 1174 244 236 891 1168 582 114 846 832 82 45 586 30 20 39 52 24 14 6 28
internal_count=1854 310 269 140 83 1544 738 129 125 806 735 331 57 761 747 41 45 404 15 10 39 26 12 14 6 14
is_linear=0
shrinkage=0.05


Tree=9
num_leaves=27
num_cat=0
split_feature=3 4 3 7 2 4 3 4 0 3 8 7 3 1 1 4 4 1 4 4 0 2 3 6 6 2
split_gain=2.52552e+07 1.24126e+07 3.84893e+06 4.27443e+06 2.8643e+06 2.2859e+06 4.24711e+06 1.25414e+06 1.14081e+06 1.09898e+06 929996 713509 1.18016e+06 619046 299207 212742 164190 111444 111050 98462.3 31160 12665 2468.89 8806.19 3298.72 1666.76
threshold=0.89684079943224571 48480.000000000007 0.96667942604169388 5.5000000000000009 6666.5500000000011 42910.000000000007 0.91282969821096926 36767.500000000007 47230.750000000007 0.65830072324561473 2.5000000000000004 1.0000000180025095e-35 0.86463598906069195 23459.310000000001 40566.620000000003 48702.000000000007 39497.500000000007 31940.950000000004 39052.500000000007 43067.500000000007 41680.400000000001 4143.3350000000009 0.94775982087551547 78.500000000000014 74.500000000000014 3911.4000000000001
decision_type=2 2 2 2 2 2 2 2 2 2 2 2 2 2 2 2 2 2 2 2 2 2 2 2 2 2
left_child=4 2 5 20 8 7 -7 -2 11 10 13 12 -1 -6 -13 21 18 -18 -11 -12 -4 25 23 -17 -24 -3
right_child=1 15 3 -5 9 6 -8 -9 -10 16 19 14 -14 -15 -16 22 17 -19 -20 -21 -22 -23 24 -25 -26 -27
leaf_value=1.292946575735217 10.75216557820638 24.670947265624974 35.082942708333327 -3.3420039606094352 -13.016307774712059 18.041158711282829 4.1560363337993627 -0.21449206533593751 21.280741882324222 -2.9677702038045872 -4.4573892909250441 -1.3750959890060104 17.828964487711588 -6.8694040798446512 7.339582405090332 26.544570922851562 -4.6303178339469726 -3.0265793578378091 -0.52225670004790681 -0.081268923623221259 39.111487579345706 21.794401855468749 28.302219645182294 28.613577609592017 29.960209147135416 23.674896894182481
leaf_weight=107 30 6.0000000000000062 12.000000000000002 10.000000000000002 68 76 200 199 5.9999999999999991 374 157 654 11.999999999999998 103 9.9999999999999982 5.9999999999999991 287 174 53 13.999999999999998 7.9999999999999991 9.9999999999999982 5.9999999999999982 36 6 13.999999999999998
leaf_count=56 15 3 6 5 68 38 100 107 3 301 154 374 6 103 5 3 274 134 30 7 4 5 3 18 3 7
internal_value=-0.0809948 8.7545 5.94894 23.3489 -2.78984 4.91528 7.97948 1.22219 -0.438453 -4.29818 -6.70645 -0.604884 2.96044 -9.31379 -1.24385 26.6232 -3.37067 -4.025 -2.66423 -4.09911 36.6944 23.2473 28.4987 28.318 29.1312 23.9737
internal_weight=2638 619 535 30 2019 505 276 229 789 1230 342 783 119 171 664 84 888 461 427 171 20 30 54 42 12 20
internal_count=1832 317 275 15 1515 260 138 122 444 1071 332 441 62 171 379 42 739 408 331 161 10 15 27 21 6 10
is_linear=0
shrinkage=0.05


Tree=10
num_leaves=30
num_cat=0
split_feature=3 1 7 7 2 3 2 7 3 3 8 0 0 5 0 8 7 7 3 1 3 0 3 8 7 8 7 6 1
split_gain=2.274e+07 5.44794e+06 5.80225e+06 3.7477e+06 3.80771e+06 3.17097e+06 2.54967e+06 1.52103e+06 1.96181e+06 1.10992e+06 1.01409e+06 2.01471e+06 1.01004e+06 989258 2.42828e+06 772582 470917 434496 425452 409701 244177 219218 181359 290884 40897.9 37189.6 28762.5 23247.2 9185
threshold=0.89788198144278508 37330.165000000008 1.0000000180025095e-35 5.5000000000000009 3601.4650000000006 0.93920391088143762 6152.1250000000009 5.5000000000000009 0.91193047736323629 0.65192223982402109 4.5000000000000009 38336.700000000004 47230.750000000007 18.500000000000004 43822.55000000001 2.5000000000000004 2.5000000000000004 2.5000000000000004 0.9241458114103992 23331.845000000005 0.89940983052476742 40194.900000000009 0.74593907311902774 2.5000000000000004 1.5000000000000002 1.5000000000000002 2.5000000000000004 83.500000000000014 36575.780000000006
decision_type=2 2 2 2 2 2 2 2 2 2 2 2 2 2 2 2 2 2 2 2 2 2 2 2 2 2 2 2 2
left_child=6 7 13 5 -5 -4 10 17 21 15 12 27 16 14 -3 19 -1 18 -2 -8 -19 -9 23 -11 -24 -15 -17 -12 -10
right_child=1 2 3 4 -6 -7 9 8 28 22 11 -13 -14 25 -16 26 -18 20 -20 -21 -22 -23 24 -25 -26 -27 -28 -29 -30
leaf_value=1.2273247215021179 4.405919123452807 32.539612579345686 15.138178967206906 -3.4043826659520473 18.755792781284878 29.797062116350446 -12.235227461992686 18.533094745212129 -3.3686944007873545 -5.429490105406253 2.2284348209698988 35.512843322753909 20.216705322265625 -1.061624022534019 -1.9923705850328721 -2.4600306329727175 -1.6482272603772694 5.8185445308685306 -1.7574230220582749 -6.8121081273696014 -3.6777134223417804 29.568836466471357 -1.981235228014774 -2.7189200346361955 -2.773509173295936 -3.8205929226345492 -4.3011907059805736 -2.1730057875315345 -0.78076240221659332
leaf_weight=251 126 8.0000000000000018 78 36 42 70 59 18.000000000000004 7.9999999999999982 167 6.0000000000000018 5.9999999999999991 5.9999999999999991 38 13.999999999999998 25 329 7.9999999999999991 36 85 44 5.9999999999999991 244 243 490 18 140 6 6
leaf_count=127 64 4 39 18 21 35 59 9 4 165 3 3 3 19 7 19 202 4 23 85 22 3 168 197 365 9 140 3 3
internal_value=-0.138877 8.83283 13.339 17.3972 8.52802 22.0714 -2.5639 3.39675 12.6151 -3.69886 0.166393 11.8561 -0.192676 1.58091 10.5647 -6.35785 -0.403807 1.75985 3.03629 -9.03408 -2.21675 21.292 -2.98065 -3.82298 -2.51014 -1.94844 -4.02223 0.0277145 -2.25958
internal_weight=2613 556 304 226 78 148 2057 252 38 1453 604 18 586 78 22 309 580 214 162 144 52 24 1144 410 734 56 165 12 14
internal_count=1823 284 152 113 39 74 1539 132 19 1198 341 9 332 39 11 303 329 113 87 144 26 12 895 362 533 28 159 6 7
is_linear=0
shrinkage=0.05


Tree=11
num_leaves=30
num_cat=0
split_feature=3 4 3 7 3 4 4 3 8 0 8 7 0 1 4 4 4 1 4 4 0 4 6 6 5 1 1 0 5
split_gain=2.31917e+07 9.24498e+06 4.18355e+06 4.42306e+06 2.49179e+06 1.94998e+06 4.39924e+06 1.04907e+06 1.03703e+06 1.73111e+06 747831 652575 942556 622547 516722 211484 176078 105622 86200.4 62513.1 52195.8 39438 19860.5 8545.76 8415.79 5811.01 3026.41 217.134 114.854
threshold=0.89788198144278508 48480.000000000007 0.96667942604169388 5.5000000000000009 0.83324516834369378 48055.000000000007 42910.000000000007 0.65830072324561473 4.5000000000000009 38336.700000000004 2.5000000000000004 1.0000000180025095e-35 42421.000000000007 40566.620000000003 41635.000000000007 39497.500000000007 48702.000000000007 27250.895000000004 42910.000000000007 43067.500000000007 41469.700000000004 48097.000000000007 82.500000000000014 78.500000000000014 20.500000000000004 40038.760000000009 41262.280000000006 41728.700000000004 18.500000000000004
decision_type=2 2 2 2 2 2 2 2 2 2 2 2 2 2 2 2 2 2 2 2 2 2 2 2 2 2 2 2 2
left_child=4 2 5 20 7 6 -2 10 11 22 14 12 -6 -13 -1 17 23 -9 -17 -12 -4 -7 -10 -3 -25 27 -27 -18 -5
right_child=1 16 3 28 8 21 -8 15 9 -11 19 13 -14 -15 -16 18 25 -19 -20 -21 -22 -23 -24 24 -26 26 -28 -29 -30
leaf_value=-10.9566778431768 1.494591900461538 22.254841918945306 35.299539184570307 -3.0469748814900726 2.0294263082906743 -3.3776946728046129 12.120188946309298 -3.1582523222414327 2.8783546447753894 33.737201944986985 -3.9878942478064334 -1.3106903950692075 22.385015869140627 8.6916710495948788 -5.4981886654365359 -4.4836965234786126 26.943055216471357 -1.7042620790711904 -3.0603647996604693 0.083399159908294676 30.445613098144534 -1.0577039301635758 -1.1898704051971434 19.627239481608072 21.720854187011714 24.778805541992188 25.783197631835936 26.545152282714845 -2.7376022219657896
leaf_weight=92 207 10.000000000000002 18.000000000000004 5.9999999999999982 109 26 184 193 6.0000000000000018 5.9999999999999991 165 561 5.9999999999999991 15.999999999999998 82 193 5.9999999999999991 354 237 9.9999999999999982 7.9999999999999991 62 6 12 8 9.9999999999999982 30 7.9999999999999991 6
leaf_count=92 110 5 9 3 56 13 92 166 3 3 161 327 3 8 82 189 3 230 200 5 4 31 3 6 4 5 15 4 3
internal_value=0.117477 8.74791 6.24825 22.2171 -2.43011 4.98141 6.49487 -3.71006 -0.0396604 11.8086 -6.06314 -0.347851 3.09146 -1.03333 -8.38429 -2.86951 24.1327 -2.21728 -3.69921 -3.75525 33.806 -1.74316 0.844242 21.0614 20.4647 25.839 25.5321 26.7157 -2.89229
internal_weight=2637 601 517 38 2036 479 391 1326 710 18 349 692 115 577 174 977 84 547 430 175 26 88 12 30 20 54 40 14 12
internal_count=1835 307 265 19 1528 246 202 1125 403 9 340 394 59 335 174 785 42 396 389 166 13 44 6 15 10 27 20 7 6
is_linear=0
shrinkage=0.05


Tree=12
num_leaves=27
num_cat=0
split_feature=3 4 3 7 2 4 4 7 0 0 4 2 6 2 4 4 4 0 0 7 6 2 3 6 7 0
split_gain=2.08986e+07 7.85928e+06 3.61354e+06 3.43695e+06 1.84856e+06 1.81354e+06 4.67811e+06 1.54896e+06 606460 601642 546858 398576 429741 259829 142672 132564 97125.3 51734.2 30523 10959.6 9782.81 5322.76 4684.79 3736.7 2656.74 937.596
threshold=0.89684079943224571 48480.000000000007 0.96667942604169388 5.5000000000000009 8323.0000000000018 44395.000000000007 47710.000000000007 2.5000000000000004 34733.400000000001 47230.750000000007 38272.500000000007 6092.670000000001 79.500000000000014 18615.260000000006 48702.000000000007 46250.000000000007 35865.000000000007 41808.650000000001 41469.700000000004 2.5000000000000004 78.500000000000014 4143.3350000000009 0.94775982087551547 85.500000000000014 5.5000000000000009 44186.250000000007
decision_type=2 2 2 2 2 2 2 2 2 2 2 2 2 2 2 2 2 2 2 2 2 2 2 2 2 2
left_child=4 2 5 18 9 7 -7 -2 10 11 24 12 -1 15 21 -10 -13 -15 -4 -12 22 25 -16 -22 -6 -3
right_child=1 14 3 -5 8 6 -8 -9 13 -11 19 16 -14 17 20 -17 -18 -19 -20 -21 23 -23 -24 -25 -26 -27
leaf_value=1.3839327336087521 4.6154338946061975 20.097372131347644 33.534564208984371 -2.8616170406341555 -3.7045785969701308 14.77281514777512 0.33961052350126786 -3.8948416569294078 -3.2077687531481476 18.29628601074219 -12.289668426513671 -0.46106655836105354 -1.4260624158129194 -3.1433062871297199 22.438329569498688 -5.2854678888430549 -2.3436732855670357 -8.1484510524852851 29.917759399414066 -10.704875602722169 24.738935343424476 18.913705444335939 24.076619148254395 26.133996582031251 -2.7919808821244674 20.782060546875002
leaf_weight=245 170 10.000000000000005 14.000000000000002 9.9999999999999982 29 122 104 78 653 3.9999999999999991 14.999999999999998 80 306 5.9999999999999991 6.0000000000000027 87 477 37 9.9999999999999982 40 24.000000000000004 7.9999999999999991 15.999999999999998 5.9999999999999991 10.999999999999998 9.9999999999999982
leaf_count=131 92 5 7 5 29 61 52 39 573 2 15 43 181 6 3 87 346 37 5 40 12 4 8 3 11 5
internal_value=0.0327707 8.31458 6.02062 21.766 -2.41432 4.8912 8.13099 1.93881 -4.12932 -1.0602 -7.90194 -1.13008 -0.176609 -3.6716 22.8812 -3.45204 -2.07328 -7.45006 32.0276 -11.1371 24.4307 20.0037 23.6298 25.0179 -3.45361 20.4397
internal_weight=2578 588 508 34 1990 474 226 248 878 1112 95 1108 551 783 80 740 557 43 24 55 52 28 22 30 40 20
internal_count=1802 301 261 17 1501 244 113 131 798 703 95 701 312 703 40 660 389 43 12 55 26 14 11 15 40 10
is_linear=0
shrinkage=0.05


end of trees

feature_importances:
thermal_on_capacity=69
total_load=61
renewable_power=57
thermal_space_load_ratio=55
weekday=45
net_load=24
month=23
period=19
hour=5

parameters:
[boosting: gbdt]
[objective: regression]
[metric: rmse]
[tree_learner: serial]
[device_type: cpu]
[data_sample_strategy: bagging]
[data: ]
[valid: ]
[num_iterations: 400]
[learning_rate: 0.05]
[num_leaves: 31]
[num_threads: 0]
[seed: 42]
[deterministic: 0]
[force_col_wise: 0]
[force_row_wise: 0]
[histogram_pool_size: -1]
[max_depth: 5]
[min_data_in_leaf: 3]
[min_sum_hessian_in_leaf: 0.001]
[bagging_fraction: 0.85]
[pos_bagging_fraction: 1]
[neg_bagging_fraction: 1]
[bagging_freq: 1]
[bagging_seed: 400]
[bagging_by_query: 0]
[feature_fraction: 0.85]
[feature_fraction_bynode: 1]
[feature_fraction_seed: 30056]
[extra_trees: 0]
[extra_seed: 12879]
[early_stopping_round: 0]
[early_stopping_min_delta: 0]
[first_metric_only: 0]
[max_delta_step: 0]
[lambda_l1: 0]
[lambda_l2: 0]
[linear_lambda: 0]
[min_gain_to_split: 0]
[drop_rate: 0.1]
[max_drop: 50]
[skip_drop: 0.5]
[xgboost_dart_mode: 0]
[uniform_drop: 0]
[drop_seed: 17869]
[top_rate: 0.2]
[other_rate: 0.1]
[min_data_per_group: 100]
[max_cat_threshold: 32]
[cat_l2: 10]
[cat_smooth: 10]
[max_cat_to_onehot: 4]
[top_k: 20]
[monotone_constraints: ]
[monotone_constraints_method: basic]
[monotone_penalty: 0]
[feature_contri: ]
[forcedsplits_filename: ]
[refit_decay_rate: 0.9]
[cegb_tradeoff: 1]
[cegb_penalty_split: 0]
[cegb_penalty_feature_lazy: ]
[cegb_penalty_feature_coupled: ]
[path_smooth: 0]
[interaction_constraints: ]
[verbosity: -1]
[saved_feature_importance_type: 0]
[use_quantized_grad: 0]
[num_grad_quant_bins: 4]
[quant_train_renew_leaf: 0]
[stochastic_rounding: 1]
[linear_tree: 0]
[max_bin: 255]
[max_bin_by_feature: ]
[min_data_in_bin: 3]
[bin_construct_sample_cnt: 200000]
[data_random_seed: 175]
[is_enable_sparse: 1]
[enable_bundle: 1]
[use_missing: 1]
[zero_as_missing: 0]
[feature_pre_filter: 1]
[pre_partition: 0]
[two_round: 0]
[header: 0]
[label_column: ]
[weight_column: ]
[group_column: ]
[ignore_column: ]
[categorical_feature: ]
[forcedbins_filename: ]
[precise_float_parser: 0]
[parser_config_file: ]
[objective_seed: 16083]
[num_class: 1]
[is_unbalance: 0]
[scale_pos_weight: 1]
[sigmoid: 1]
[boost_from_average: 1]
[reg_sqrt: 0]
[alpha: 0.9]
[fair_c: 1]
[poisson_max_delta_step: 0.7]
[tweedie_variance_power: 1.5]
[lambdarank_truncation_level: 30]
[lambdarank_norm: 1]
[label_gain: ]
[lambdarank_position_bias_regularization: 0]
[eval_at: ]
[multi_error_top_k: 1]
[auc_mu_weights: ]
[num_machines: 1]
[local_listen_port: 12400]
[time_out: 120]
[machine_list_filename: ]
[machines: ]
[gpu_platform_id: -1]
[gpu_device_id: -1]
[gpu_use_dp: 0]
[num_gpu: 1]

end of parameters

pandas_categorical:[]
