tree
version=v4
num_class=1
num_tree_per_iteration=1
label_index=0
max_feature_idx=18
objective=regression
feature_names=total_load net_load renewable_power thermal_space_load_ratio thermal_on_capacity hour period weekday month is_weekend is_holiday price_lag_1d price_lag_2d price_lag_3d price_lag_7d price_ma_3d price_ma_7d price_std_7d net_load_lag_1d
feature_infos=[31325.099999999999:48277.599999999999] [13380.389999999999:45874.959999999999] [1144.03:19856.66] [0.41387726832827804:0.97282505160491894] [27170:49115] [18:21] [73:88] [0:6] [1:5] [0:1] none [0:1500] [0:1500] [0:1500] [0:1500] [5.9733333333333336:1035.48] [79.428571428571431:846.28571428571433] [11.335333957067826:492.08120199323025] [13380.389999999999:45874.959999999999]
tree_sizes=2592 2627 2848 2694 2577 2637 2653 2432 2762 2628 2790 2696 2428 2580 2327 2443 2792 2480 2547 2358

Tree=0
num_leaves=28
num_cat=0
split_feature=3 1 7 18 11 2 16 14 7 18 11 18 16 11 7 0 14 3 8 1 2 18 0 16 11 13 13
split_gain=7.092e+07 1.83886e+07 1.73999e+07 1.18102e+07 1.09421e+07 6.92397e+06 5.64051e+06 3.04496e+06 2.99535e+06 2.51491e+06 2.45081e+06 2.0793e+06 2.02973e+06 1.20252e+06 999100 1.98943e+06 1.39275e+06 854740 903326 725629 362894 348035 300304 57715.7 43789.1 37366.3 2527.16
threshold=0.89684079943224571 37330.165000000008 1.0000000180025095e-35 30215.680000000004 1022.0000000000001 7112.9500000000016 397.64214285714291 322.50000000000006 5.5000000000000009 43743.390000000007 186.53500000000003 26903.580000000005 241.50000000000003 419.50000000000006 1.0000000180025095e-35 42421.000000000007 13.810000000000002 0.67043802720645551 2.5000000000000004 23198.775000000001 5811.7400000000007 29202.095000000005 38901.100000000013 439.57428571428579 1069.0050000000003 268.46000000000009 186.53500000000003
decision_type=2 2 2 10 10 2 2 10 2 10 8 10 2 10 2 2 8 2 2 2 2 10 2 2 10 10 10
left_child=5 7 6 23 -5 9 -3 8 12 14 19 -9 -2 -13 15 -1 -16 18 -12 26 -11 -19 -10 -4 -8 -21 -7
right_child=1 2 3 4 -6 10 24 11 22 20 17 13 -14 -15 16 -17 -18 21 -20 25 -22 -23 -24 -25 -26 -27 -28
leaf_value=408.03508123444459 443.22988191214142 449.71437999970652 404.37888120658135 445.70856654064232 417.33604754602425 386.34342357880809 404.67648125893811 430.77388134247997 428.87054737972159 437.05388042695262 394.91836128632764 404.23557764230537 412.92789575209019 412.9149135158828 446.30388042695262 437.53721426891229 404.5244968529318 402.63427027635015 400.29161568882409 399.26777007878098 419.66388055251974 400.40768907350753 442.57054709361933 409.40388120181302 407.2747145768696 395.51062127167921 387.12715906600425
leaf_weight=120 5.9999999999999991 7.9999999999999991 20.000000000000004 178 42 24 50 9.9999999999999982 6.0000000000000027 5.9999999999999982 125 112 70 62 1.9999999999999989 5.9999999999999991 761 302 209 8.9999999999999982 6 419 11.999999999999998 7.9999999999999991 24 25 18
leaf_count=66 3 4 10 89 21 24 25 5 3 3 125 63 36 31 1 3 442 205 194 9 3 400 6 4 12 25 18
internal_value=406.835 421.816 429.798 436.399 440.292 402.352 409.831 412.343 419.664 405.622 399.747 408.602 415.32 407.328 405.315 409.44 404.634 400.372 398.281 391.075 428.359 401.34 438.004 405.815 405.519 396.505 386.679
internal_weight=2640 608 330 248 220 2032 82 278 94 901 1131 184 76 174 889 126 763 1055 334 76 12 721 18 28 74 34 42
internal_count=1830 312 165 124 110 1518 41 147 48 518 1000 99 39 94 512 69 443 924 319 76 6 605 9 14 37 34 42
is_linear=0
shrinkage=1


Tree=1
num_leaves=28
num_cat=0
split_feature=2 4 4 11 16 2 12 0 11 7 0 14 11 14 2 1 18 4 14 0 13 2 6 11 2 11 7
split_gain=5.59308e+07 2.51691e+07 1.141e+07 1.16804e+07 1.69074e+07 6.46206e+06 4.77307e+06 2.12938e+06 2.07572e+06 1.52834e+06 2.731e+06 1.25928e+06 970035 930661 753444 741872 454665 383304 194391 67743 51607.2 23478 10357.1 3868.43 3130.39 2728.39 2399.79
threshold=4191.670000000001 48480.000000000007 42910.000000000007 348.50000000000006 428.34571428571434 7112.9500000000016 389.50000000000006 47230.750000000007 199.00000000000003 1.0000000180025095e-35 42648.000000000007 13.810000000000002 419.50000000000006 330.75000000000006 18811.145 22918.085000000003 29202.095000000005 48702.000000000007 305.55500000000006 41597.650000000009 268.46000000000009 4143.3350000000009 81.500000000000014 369.50000000000006 3376.8800000000006 256.71000000000009 3.5000000000000004
decision_type=2 2 2 10 2 2 10 2 8 2 2 8 10 8 2 2 10 2 8 2 10 2 2 10 2 10 2
left_child=1 2 6 19 -5 7 12 9 15 10 -2 -11 -1 -8 16 26 -10 21 -16 -4 -17 25 23 -19 -24 -3 -7
right_child=5 17 3 4 -6 8 13 -9 14 11 -12 -13 -14 -15 18 20 -18 22 -20 -21 -22 -23 24 -25 -26 -27 -28
leaf_value=-1.6357877283981168 2.295718241797553 34.502405802408809 0.28461913093924524 44.924834889379042 13.413836400955915 -18.484574531106386 44.889507039388036 28.897305297851563 -4.5628068409760791 37.684805297851561 36.77018636067708 -2.0458406018137767 6.0542541577265823 18.839422607421874 -18.867668151855465 -6.9214439137776695 -6.7067145092239802 42.449253983931101 -10.449135351181031 -2.8018601131439209 -10.761356099446616 32.427272338867191 41.129429844447536 41.165322875976564 39.889572143554688 35.776784842354907 -19.254568176269533
leaf_weight=194 135 6.0000000000000062 32 58 160 17 5.9999999999999973 5.9999999999999991 450 1.9999999999999989 5.9999999999999991 711 52 8 12.000000000000002 14.999999999999998 549 22.000000000000004 15.999999999999998 40 21 9.9999999999999982 14.000000000000002 7.9999999999999991 7.9999999999999991 13.999999999999998 25
leaf_count=113 76 3 16 29 80 17 3 3 343 1 3 409 26 4 12 15 531 11 16 20 21 5 7 4 4 7 25
internal_value=0.125976 13.0644 9.21167 16.0306 21.7975 -4.0354 1.60589 -0.785228 -6.56494 -0.99377 3.76272 -1.93439 -0.0102504 30.0037 -5.96772 -14.4284 -5.74099 38.9061 -14.0571 -1.43009 -9.16139 34.4054 41.5026 42.1069 40.6786 35.3945 -18.9429
internal_weight=2597 632 550 290 218 1965 260 860 1105 854 141 713 246 14 1027 78 999 82 28 72 36 30 52 30 22 20 42
internal_count=1804 332 291 145 109 1472 146 492 980 489 79 410 139 7 902 78 874 41 28 36 36 15 26 15 11 10 42
is_linear=0
shrinkage=0.05


Tree=2
num_leaves=30
num_cat=0
split_feature=3 4 12 12 9 9 2 18 11 11 1 11 14 18 2 2 1 18 11 4 14 14 1 2 2 12 6 1 13
split_gain=5.11765e+07 2.16145e+07 6.99276e+06 8.22807e+06 7.98914e+06 5.55394e+06 5.47649e+06 3.11175e+06 2.16841e+06 2.11546e+06 1.21788e+06 1.0622e+06 1.12214e+06 1.17825e+06 1.01549e+06 696099 522026 449866 371187 308923 205608 168343 40416.4 17816.3 12221.5 13515.4 5227.36 2560.08 1939.61
threshold=0.89684079943224571 48480.000000000007 245.55500000000004 338.50000000000006 1.0000000180025095e-35 1.0000000180025095e-35 7386.0750000000007 38574.705000000009 199.00000000000003 398.20000000000005 37435.060000000005 1055.0000000000002 13.810000000000002 26195.895000000004 6092.670000000001 18811.145 22918.085000000003 29202.095000000005 1246.6450000000002 48702.000000000007 305.55500000000006 337.50000000000006 28003.130000000001 4143.3350000000009 2925.5950000000007 419.50000000000006 86.500000000000014 40445.320000000007 186.53500000000003
decision_type=2 2 10 10 2 2 2 8 8 10 2 10 8 8 2 2 2 10 8 2 8 10 2 2 2 10 2 2 10
left_child=6 2 4 9 7 -5 11 -2 16 -4 -6 12 -1 -14 18 17 28 -10 -13 23 -17 -16 -18 27 25 -21 -26 -3 -8
right_child=1 19 3 5 10 -7 8 -9 15 -11 -12 14 13 -15 21 20 22 -19 -20 24 -22 -23 -24 -25 26 -27 -28 -29 -30
leaf_value=35.800564575195317 -1.6931436978853664 33.085274047851541 -1.0723290084717201 22.275100564956666 29.850856018066409 -1.4923201143741609 -18.316483337402342 38.25394999186198 -4.3613136644585664 8.0024185578028373 48.358378906250003 10.144784886496405 1.768627319187698 -2.6398315455352961 -2.1996916987679218 -17.937650005634016 -10.405139999389647 -6.573627468978116 25.008999633789063 40.650807883522724 -9.7771528545178867 6.2700852394104007 -5.9907916477748326 30.859082031250001 38.965542941623255 37.973638916015624 37.261404418945311 34.216663208007809 -17.664664495558966
leaf_weight=1.9999999999999989 26 10.000000000000005 194 106 15.999999999999998 32 25 5.9999999999999991 413 96 20 14.000000000000002 193 706 22.000000000000004 12.999999999999998 20.000000000000004 518 5.9999999999999991 22.000000000000004 19 7.9999999999999991 6.9999999999999991 7.9999999999999991 18.000000000000004 5.9999999999999991 5.9999999999999991 9.9999999999999982 21
leaf_count=1 18 5 97 53 8 16 25 3 314 48 10 7 104 428 11 13 20 508 3 11 19 4 7 4 9 3 3 5 21
internal_value=-0.152268 12.9703 9.08042 6.71403 23.9748 16.7638 -3.95629 5.79694 -6.47126 1.93173 40.1328 -1.21654 -1.61018 -1.69341 5.87697 -5.84145 -14.7796 -5.59223 14.604 37.0875 -13.0924 0.0589155 -9.26068 32.8533 39.3675 40.0771 38.5395 33.651 -18.0189
internal_weight=2563 576 496 428 68 138 1987 32 1036 290 36 951 901 899 50 963 73 931 20 80 32 30 27 28 52 28 24 20 46
internal_count=1778 293 253 214 39 69 1485 21 927 145 18 558 533 532 25 854 73 822 10 40 32 15 27 14 26 14 12 10 46
is_linear=0
shrinkage=0.05


Tree=3
num_leaves=29
num_cat=0
split_feature=3 4 4 4 12 2 12 2 11 14 14 2 0 18 11 15 1 4 18 2 4 12 2 3 12 6 6 11
split_gain=4.99251e+07 2.0973e+07 6.97341e+06 8.82167e+06 9.93947e+06 5.16187e+06 3.52329e+06 1.97633e+06 1.89171e+06 1.13772e+06 1.0053e+06 959780 887626 694538 600451 351352 349303 809885 344989 338630 321769 68565.1 18574.9 12437 8412.99 4979.23 4623.46 2695.55
threshold=0.89684079943224571 48480.000000000007 42910.000000000007 47710.000000000007 289.22500000000008 6971.755000000001 389.50000000000006 15557.210000000001 1055.0000000000002 1210.0000000000002 13.810000000000002 6092.670000000001 34614.750000000007 26195.895000000004 419.50000000000006 678.04333333333341 23198.775000000001 38272.500000000007 29202.095000000005 18937.950000000001 48702.000000000007 397.50000000000006 4143.3350000000009 0.93741082127103403 193.10000000000002 75.500000000000014 86.500000000000014 256.71000000000009
decision_type=2 2 2 2 10 2 10 2 10 10 8 2 2 8 10 2 2 2 10 2 2 10 2 2 10 2 2 10
left_child=5 2 6 4 -4 8 14 16 10 -5 -1 15 24 -12 -2 -10 17 -7 -18 -14 22 -13 27 26 -9 -25 -22 -3
right_child=1 20 3 9 -6 7 -8 12 11 -11 13 21 19 -15 -16 -17 18 -19 -20 -21 23 -23 -24 25 -26 -27 -28 -29
leaf_value=34.010537719726564 -1.2815972305006451 31.085308837890594 37.923183768136163 -1.8820863588767893 12.726553107316677 -5.7649390220642092 30.791497497558595 -17.198827864484091 10.910853304181778 10.415221669123724 1.3612598349476419 -1.4317764361699419 -7.6756853086139092 -2.2115699404455667 5.0782028274536133 23.181937866210941 -3.6281983919600225 -17.503462558322482 -5.630315157622988 -14.609643118722099 37.001016235351557 5.1144560496012375 29.262953491210936 38.901369222005208 -14.455870564778648 37.653967793782549 35.398333740234378 32.383276875813799
leaf_weight=1.9999999999999989 144 6.0000000000000062 56 68 130 80 9.9999999999999982 41 14.000000000000002 26 171 12.000000000000002 109 665 50 9.9999999999999982 376 18 503 21 18.000000000000004 5.9999999999999991 9.9999999999999982 11.999999999999998 2.9999999999999991 24 5.9999999999999991 11.999999999999998
leaf_count=1 79 3 28 34 65 79 5 41 7 13 91 6 109 390 25 5 265 18 482 21 9 3 5 6 3 12 3 6
internal_value=-0.0850562 12.9631 8.88066 14.0034 20.3126 -3.75987 1.84939 -5.96393 -0.877069 1.5193 -1.39606 9.47802 -10.8734 -1.48076 0.357526 16.0238 -5.08957 -7.92099 -4.77389 -8.79579 35.4166 0.750301 30.9907 37.482 -17.0118 38.0698 36.6003 31.9506
internal_weight=2603 572 484 280 186 2031 204 1151 880 94 838 42 174 836 194 24 977 98 879 130 88 18 28 60 44 36 24 18
internal_count=1814 293 249 140 93 1521 109 1018 503 47 482 21 174 481 104 12 844 97 747 130 44 9 14 30 44 18 12 9
is_linear=0
shrinkage=0.05


Tree=4
num_leaves=28
num_cat=0
split_feature=2 4 4 4 12 2 12 2 11 8 0 12 15 11 2 8 1 15 14 4 4 11 16 12 0 13 0
split_gain=3.77064e+07 1.64961e+07 8.48923e+06 1.07056e+07 1.02361e+07 5.11356e+06 2.57276e+06 1.97522e+06 1.87741e+06 1.88431e+06 2.25551e+06 1.06911e+06 755463 741548 560582 439029 416292 322005 318420 222859 116567 19346.5 14882.6 7397.62 6336.8 5949.43 1740.84
threshold=4191.670000000001 48480.000000000007 42910.000000000007 48055.000000000007 291.50000000000006 6152.1250000000009 380.22500000000008 15557.210000000001 1222.0000000000002 4.5000000000000009 38336.700000000004 210.22000000000003 275.33333333333343 419.50000000000006 8699.6900000000005 2.5000000000000004 23629.785000000007 678.04333333333341 330.75000000000006 48702.000000000007 35865.000000000007 1088.5000000000002 391.37214285714293 434.72000000000008 44872.700000000004 1153.5250000000003 45152.000000000007
decision_type=2 2 2 2 10 2 8 2 10 2 2 8 2 10 2 2 2 2 8 2 2 10 2 10 2 10 2
left_child=1 2 6 4 -4 8 13 14 9 11 -11 -2 16 -1 20 -16 -9 -10 -8 22 -7 -5 -3 25 -14 -21 -24
right_child=5 19 3 21 -6 7 18 12 17 10 -12 -13 24 -15 15 -17 -18 -19 -20 23 -22 -23 26 -25 -26 -27 -28
leaf_value=-1.6883573032440022 9.8665703892707839 28.033319091796866 37.188250521955823 -2.0787828892469409 12.669829008504749 -1.6926283205042081 31.658367411295583 -16.231861267089844 9.3341638565063452 0.78207283020019547 41.336240641276042 -0.94596278103555387 -6.4005800297385766 4.959345951786748 -6.8391440381640791 -4.2677399257513198 -9.5223420608875369 22.022841186523436 15.368794759114579 35.43955257640166 -3.5754588067531587 -0.36000979163429958 30.075988769531257 33.812979125976561 -8.4423801422119151 37.147296142578128 31.202647908528647
leaf_weight=188 24 10.000000000000002 58 64 160 98 5.9999999999999973 50 10.000000000000002 7.9999999999999982 6 482 76 54 289 390 43 9.9999999999999982 6.0000000000000009 34 510 22 7.9999999999999982 5.9999999999999991 3.9999999999999991 5.9999999999999991 6
leaf_count=108 18 5 29 32 80 54 3 50 5 4 3 268 76 27 272 330 43 5 3 17 380 11 4 3 4 3 3
internal_value=-0.155374 10.5327 7.66252 13.2998 19.1931 -3.51144 0.915577 -5.04901 0.645718 0.067534 18.1624 -0.433115 -10.0651 -0.204986 -4.37474 -5.3622 -13.1296 15.6785 23.5136 33.4123 -3.27198 -1.6391 29.5065 35.4501 -6.50267 35.6957 30.5588
internal_weight=2628 628 558 304 218 2000 254 1460 540 520 14 506 173 242 1287 679 93 20 12 70 608 86 24 46 80 40 14
internal_count=1840 328 293 152 109 1512 141 1209 303 293 7 286 173 135 1036 602 93 10 6 35 434 43 12 23 80 20 7
is_linear=0
shrinkage=0.05


Tree=5
num_leaves=28
num_cat=0
split_feature=3 4 11 12 14 2 2 12 0 18 14 14 7 1 2 18 12 4 8 13 4 2 17 0 11 14 2
split_gain=4.02386e+07 1.64084e+07 6.69158e+06 6.36612e+06 6.66436e+06 4.24721e+06 3.60503e+06 2.95258e+06 1.37367e+06 931375 898631 865144 896866 1.71492e+06 692993 609546 400198 247146 238094 113062 74627.9 16128.7 11520.5 10892.9 8438.05 4690.1 2380.5
threshold=0.89684079943224571 48480.000000000007 356.00000000000006 245.55500000000004 234.50000000000003 7386.0750000000007 2991.7400000000002 379.00000000000006 34540.150000000009 37681.105000000003 269.49000000000007 13.810000000000002 1.0000000180025095e-35 36659.405000000006 18615.260000000006 43743.390000000007 398.20000000000005 48702.000000000007 2.5000000000000004 252.06000000000003 38272.500000000007 4143.3350000000009 416.81021445133382 44115.55000000001 200.83500000000001 190.65500000000003 3975.4350000000009
decision_type=2 2 10 10 10 2 2 10 2 8 8 8 2 2 2 10 8 2 2 8 2 2 2 2 10 10 2
left_child=5 2 7 6 -5 11 -4 9 10 -2 24 -1 13 -13 18 -14 -9 21 -10 -16 -12 26 23 -19 -7 -24 -3
right_child=1 17 3 4 -6 8 -8 16 14 -11 20 12 15 -15 19 -17 -18 22 -20 -21 -22 -23 25 -25 -26 -27 -28
leaf_value=31.816680908203125 -1.5921880934304662 29.695336914062466 44.294839477539064 45.933256022135424 7.7666346441038314 -15.526782774313901 16.793948808083169 14.641291518722259 -5.7207763766743129 18.43301550547282 -5.1604350619845922 1.2085813532857335 -1.9055297012086794 25.029524230957033 -13.099744754367405 10.516165819168092 30.075448608398439 33.893956502278648 -4.0902979198423202 -8.139757690429688 -10.499322080612183 26.377713623046873 34.061086425781234 32.139007132393971 -17.042971165974937 35.685334777832033 28.475578308105469
leaf_weight=1.9999999999999989 180 6.0000000000000062 22 11.999999999999998 244 39 26 14.000000000000002 382 5.9999999999999991 36 136 797 7.9999999999999991 27 9.9999999999999982 5.9999999999999991 24 541 20 7.9999999999999991 9.9999999999999982 10.000000000000002 13.999999999999998 11.999999999999998 7.9999999999999991 11.999999999999998
leaf_count=1 96 3 11 6 122 39 13 7 348 3 36 78 476 4 27 5 3 12 469 20 8 5 5 7 12 4 6
internal_value=-0.0918233 11.3468 7.97416 12.6888 9.5557 -3.45878 29.3985 1.01667 -5.62864 -0.946214 -11.3666 -1.0339 -1.10299 2.53197 -5.06668 -1.75161 19.2715 31.8232 -4.7651 -10.9891 -6.13114 27.9877 33.741 33.2474 -15.8835 34.783 28.8822
internal_weight=2612 594 510 304 256 2018 48 206 1065 186 95 953 951 144 970 807 20 84 923 47 44 28 56 38 51 18 18
internal_count=1826 303 261 152 128 1523 24 109 959 99 95 564 563 82 864 481 10 42 817 47 44 14 28 19 51 9 9
is_linear=0
shrinkage=0.05


Tree=6
num_leaves=29
num_cat=0
split_feature=3 4 12 7 12 7 3 18 2 3 18 8 0 15 2 7 0 8 2 3 4 18 13 2 17 0 0 11
split_gain=3.42498e+07 1.38647e+07 5.13672e+06 7.33581e+06 4.3962e+06 3.74656e+06 3.54201e+06 3.09552e+06 2.74369e+06 1.44372e+06 1.44177e+06 1.32702e+06 2.59387e+06 1.09918e+06 789233 775122 458175 286880 224669 196258 195170 168015 141407 12290.3 9921.08 8018.18 5018.22 2583.88
threshold=0.89684079943224571 48480.000000000007 245.55500000000004 4.5000000000000009 359.50000000000006 2.5000000000000004 0.83152106125963487 39783.075000000004 3601.4650000000006 0.65458315445184623 43743.390000000007 4.5000000000000009 38336.700000000004 269.74166666666667 3413.98 1.0000000180025095e-35 34819.750000000007 2.5000000000000004 5811.7400000000007 0.74593907311902774 48702.000000000007 21105.650000000005 252.06000000000003 4143.3350000000009 416.81021445133382 44115.55000000001 46718.350000000006 256.71000000000009
decision_type=2 2 10 2 10 2 2 10 2 2 10 2 2 2 2 2 2 2 2 2 2 8 8 2 2 2 2 10
left_child=6 2 3 7 8 -6 9 -2 -4 13 11 15 -13 16 -5 -8 -1 19 -12 -11 23 -19 -15 27 25 -22 -26 -3
right_child=1 20 4 14 5 -7 10 -9 -10 17 18 12 -14 22 -16 -17 -18 21 -20 -21 24 -23 -24 -25 26 -27 -28 -29
leaf_value=-15.066604326356135 -2.2003084897994998 26.557617187499968 0.035159307272415466 40.457058128943814 19.721772819757462 -0.99763574441274006 2.9182179122295198 32.573049926757811 10.863726752055319 -6.3324244868998631 23.663680521647141 1.4037053214179143 39.364703369140628 -9.8579751120673293 23.928418579101564 -1.79678914466022 -8.5521476814963613 -0.24372974608255471 9.9806822141011544 -3.9020870534537355 32.065500640869139 -3.3824781270215278 -5.23672320634416 25.106896591186526 33.926287841796885 30.482566324869794 32.013405354817699 27.797787475585938
leaf_weight=53 32 6.0000000000000062 254 26 80 30 103 7.9999999999999991 76 147 5.9999999999999982 18.000000000000004 5.9999999999999991 18 9.9999999999999982 567 55 46 6 191 24 583 206 7.9999999999999991 7.9999999999999982 11.999999999999998 6 13.999999999999998
leaf_count=53 23 3 127 13 40 15 53 4 38 146 3 9 3 18 5 324 54 25 3 154 12 461 198 4 4 6 3 7
internal_value=-0.0874943 10.4578 7.48785 19.4913 5.41451 14.071 -3.21165 4.75436 2.52901 -4.76095 -0.361023 -0.658138 10.894 -7.60574 35.8658 -1.07194 -11.7491 -3.78424 16.8222 -4.95907 30.1054 -3.15294 -5.60807 26.7632 31.9771 31.5379 33.1065 27.4257
internal_weight=2599 594 516 76 440 110 2005 40 330 1299 706 694 24 332 36 670 108 967 12 338 78 629 224 28 50 36 14 20
internal_count=1808 304 265 45 220 55 1504 27 165 1109 395 389 12 323 18 377 107 786 6 300 39 486 216 14 25 18 7 10
is_linear=0
shrinkage=0.05


Tree=7
num_leaves=26
num_cat=0
split_feature=3 4 16 18 11 3 3 3 8 16 7 1 14 4 8 4 3 4 18 11 6 11 12 1 1
split_gain=3.28548e+07 1.22642e+07 5.80707e+06 6.23751e+06 6.21574e+06 3.5969e+06 3.48183e+06 1.45613e+06 1.30296e+06 1.17236e+06 878309 1.38267e+06 804885 688920 444654 521597 246851 213511 150186 20813.2 15384.7 10767.2 9735.38 4240.42 1369.36
threshold=0.89684079943224571 48480.000000000007 241.50000000000003 33501.080000000009 968.00000000000011 0.96667942604169388 0.83152106125963487 0.58799794372755032 4.5000000000000009 314.86714285714294 1.0000000180025095e-35 36659.405000000006 13.810000000000002 38272.500000000007 2.5000000000000004 39052.500000000007 0.5527674362901821 48702.000000000007 29202.095000000005 338.50000000000006 75.500000000000014 249.50000000000003 419.50000000000006 40117.535000000003 19956.330000000005
decision_type=2 2 2 10 10 2 2 2 2 2 2 2 8 2 2 2 2 2 10 10 2 10 10 2 2
left_child=6 2 -2 5 -5 -4 7 13 10 19 11 -8 -12 24 15 -9 -15 21 -16 -10 -19 -3 -22 -23 -1
right_child=1 17 3 4 -6 -7 8 14 9 -11 12 -13 -14 16 18 -17 -18 20 -20 -21 22 23 -24 -25 -26
leaf_value=-5.4673765492993738 45.225259399414064 23.461209106445313 0.92251118117005293 19.925062081308077 3.1014344337138726 40.057244873046876 1.979017188701224 -10.637849761218561 0.37423966725667301 27.166942596435547 30.315686035156251 23.632136917114259 -1.4576684028655291 -14.240342971513858 -2.4484575710332757 -4.7010762828006589 -8.7818937526029703 32.388059692382818 -3.8977691689515725 4.5388936360677077 30.662171282087055 25.219855172293521 28.844735107421879 26.500728861490888 -4.9823783007535072
leaf_weight=43 9.9999999999999982 5.9999999999999991 274 132 94 5.9999999999999991 94 41 6.0000000000000018 7.9999999999999991 1.9999999999999989 7.9999999999999991 585 53 330 379 34 9.9999999999999982 390 6 28 14.000000000000002 9.9999999999999982 11.999999999999998 22
leaf_count=43 5 3 144 66 47 3 49 41 3 4 1 4 338 53 233 338 34 5 347 3 14 7 5 6 22
internal_value=0.013674 10.3183 7.4942 6.74853 12.9276 1.76111 -3.05558 -4.60063 -0.240064 12.3407 -0.605254 3.6773 -1.34941 -9.19758 -3.9877 -5.28062 -12.1072 28.534 -3.2335 2.45657 30.6431 25.3704 30.1839 25.811 -5.30322
internal_weight=2597 596 516 506 226 280 2001 1292 709 20 689 102 587 152 1140 420 87 80 720 12 48 32 38 26 65
internal_count=1818 305 265 260 113 147 1513 1111 402 10 392 53 339 152 959 379 87 40 580 6 24 16 19 13 65
is_linear=0
shrinkage=0.05


Tree=8
num_leaves=30
num_cat=0
split_feature=2 4 4 4 12 2 12 11 2 17 18 11 15 2 0 16 1 0 4 4 13 12 2 2 17 2 12 0 0
split_gain=2.50879e+07 1.31676e+07 5.55929e+06 7.14248e+06 9.09929e+06 3.76267e+06 2.26403e+06 1.64835e+06 1.49356e+06 929079 1.90262e+06 562952 529278 386573 283996 263565 244890 243690 193713 115375 84646 51085.1 37123.6 12788 5188.44 7551.46 4982.17 4283.64 1836.17
threshold=4191.670000000001 48480.000000000007 42910.000000000007 48055.000000000007 289.22500000000008 6152.1250000000009 384.83500000000009 1115.5000000000002 15557.210000000001 82.17800308303238 38866.500000000007 419.50000000000006 275.33333333333343 11266.375000000002 47230.750000000007 285.90000000000003 23629.785000000007 36710.55000000001 48702.000000000007 39497.500000000007 298.52000000000004 424.50000000000006 3413.98 4143.3350000000009 416.81021445133382 2024.5350000000001 410.78000000000003 44872.700000000004 44872.700000000004
decision_type=2 2 2 2 10 2 10 10 2 2 10 10 2 2 2 2 2 2 2 2 10 8 2 2 2 2 10 2 2
left_child=1 2 6 4 -4 7 11 9 13 10 -2 -1 16 19 21 -15 -10 -8 23 -7 -11 -9 -5 28 25 -20 -26 -14 -3
right_child=5 18 3 22 -6 8 17 14 12 20 -12 -13 27 15 -16 -17 -18 -19 24 -21 -22 -23 -24 -25 26 -27 -28 -29 -30
leaf_value=-1.9577105234425094 1.7520703807992128 24.393945566813137 31.664393819173178 -1.4710955229070453 8.8705685700899295 -2.4433863353190728 27.53946177164714 8.4962203434535404 -13.338739305384019 -0.59107468710170952 26.61634635925293 4.090010199944178 -5.3570142669677736 -7.2910087940304784 22.553379821777344 -4.1592271885188472 -8.2477031534368344 14.209388542175294 30.162312316894532 -3.5721753878232718 -2.2584152615697763 14.010545857747397 -3.7145940099443706 22.595250244140626 28.834232584635419 28.433405354817712 30.740231323242188 -7.0363194465637209 25.371871566772462
leaf_weight=194 201 12.000000000000005 60 54 162 487 5.9999999999999991 14.000000000000005 51 127 7.9999999999999991 48 75 86 5.9999999999999991 307 44 7.9999999999999991 7.9999999999999991 423 190 5.9999999999999991 28 9.9999999999999982 5.9999999999999991 30 7.9999999999999991 3.9999999999999991 7.9999999999999991
leaf_count=113 121 6 30 27 81 334 3 7 51 69 4 24 75 86 3 278 44 4 4 338 100 3 14 5 3 15 4 4 4
internal_value=-0.0729822 8.54169 5.80158 10.3732 15.0311 -2.79877 0.372799 0.723301 -4.11507 0.115839 2.70381 -0.758163 -8.46607 -3.53405 13.0127 -4.84455 -10.9808 19.9223 27.2547 -2.96809 -1.59043 10.1505 -2.23717 24.0552 29.1005 28.7974 29.9234 -5.44204 24.7851
internal_weight=2671 642 560 304 222 2029 256 552 1477 526 209 242 174 1303 26 393 95 14 82 910 317 20 82 30 52 38 14 79 20
internal_count=1854 337 296 152 111 1517 144 307 1210 294 125 137 174 1036 13 364 95 7 41 672 169 10 41 15 26 19 7 79 10
is_linear=0
shrinkage=0.05


Tree=9
num_leaves=28
num_cat=0
split_feature=3 4 11 16 4 2 11 3 15 14 2 18 2 1 12 4 18 11 0 3 13 11 11 2 6 3 0
split_gain=2.51811e+07 1.1444e+07 4.02939e+06 6.31907e+06 3.00342e+06 2.88487e+06 1.58473e+06 1.1473e+06 982194 703344 522598 449241 360692 298965 258660 176387 158891 195745 124094 116563 98353.3 69505.3 28923.9 10882.1 8663.79 5285.69 2300.13
threshold=0.89684079943224571 48480.000000000007 294.50000000000006 298.78571428571433 44395.000000000007 6666.5500000000011 1055.0000000000002 0.65830072324561473 271.9500000000001 13.810000000000002 6092.670000000001 26195.895000000004 4087.4350000000004 23947.340000000007 358.85000000000008 48702.000000000007 29202.095000000005 230.02500000000003 47230.750000000007 0.7804281113615813 304.00000000000006 249.50000000000003 1120.1350000000002 4143.3350000000009 86.500000000000014 0.94775982087551547 44186.250000000007
decision_type=2 2 10 2 2 2 10 2 2 8 2 8 2 2 10 2 10 8 2 2 10 10 8 2 2 2 2
left_child=5 2 14 12 -5 6 9 8 13 -1 18 -11 -4 -7 20 23 17 -9 -8 -18 -2 -10 -12 26 25 -17 -3
right_child=1 15 3 4 -6 7 10 16 21 11 22 -13 -14 -15 -16 24 19 -19 -20 -21 -22 -23 -24 -25 -26 -27 -28
leaf_value=28.712298583984378 -5.6624455871582029 22.828871536254866 39.209053257533476 2.2905610132060552 10.96660096849714 -12.320409523010255 12.831212942940846 -5.5312764226173874 -1.4799229880174003 1.2179995180515761 4.6658592224121112 -1.6553297067845509 25.900194549560549 -7.2670389175415044 7.7515604019165041 27.514943101671008 -4.6689835526726462 -2.1425423569088684 21.425711059570315 -3.1594008444778385 -2.0800013713720369 -5.006392935678071 -0.24364500045776361 21.465487060546877 25.802641296386721 28.726656087239583 23.923397318522134
leaf_weight=1.9999999999999989 25 8.0000000000000053 14.000000000000002 190 210 75 14.000000000000002 49 14.999999999999998 178 5.9999999999999973 577 7.9999999999999991 48 5.9999999999999991 36 264 327 5.9999999999999991 248 82 204 6.0000000000000009 9.9999999999999982 5.9999999999999991 11.999999999999998 11.999999999999998
leaf_count=1 20 4 7 95 105 75 7 48 9 94 3 333 4 48 3 18 261 219 3 211 41 200 3 5 3 6 6
internal_value=-0.0936927 8.72884 6.03497 8.28038 6.84548 -2.79857 -0.438748 -4.31231 -6.77296 -0.899467 10.4601 -0.977909 34.3695 -10.3484 -2.35055 25.8862 -3.36462 -2.58416 15.4096 -3.93778 -2.91702 -4.76485 2.21111 22.8122 27.594 27.8179 23.4856
internal_weight=2638 619 535 422 400 2019 789 1230 342 757 32 755 22 123 113 84 888 376 20 512 107 219 12 30 54 48 20
internal_count=1832 317 275 211 200 1515 444 1071 332 428 16 427 11 123 64 42 739 267 10 472 61 209 6 15 27 24 10
is_linear=0
shrinkage=0.05


Tree=10
num_leaves=30
num_cat=0
split_feature=3 4 12 7 12 7 2 18 16 11 8 18 2 1 7 11 3 8 11 3 4 5 13 0 2 1 0 6 11
split_gain=2.26056e+07 8.42681e+06 5.15949e+06 4.91197e+06 3.70576e+06 3.46066e+06 2.53707e+06 2.22704e+06 1.82055e+06 1.22164e+06 1.24307e+06 1.94169e+06 1.16095e+06 947370 517458 389445 297972 398490 230486 196547 144792 98869.5 95364 23147.2 10547.7 8960.14 6856.51 3588.75 2019.47
threshold=0.89684079943224571 48480.000000000007 245.55500000000004 4.5000000000000009 359.50000000000006 2.5000000000000004 6152.1250000000009 39783.075000000004 254.50000000000003 1222.0000000000002 4.5000000000000009 25478.595000000005 15557.210000000001 37435.060000000005 2.5000000000000004 251.43500000000003 0.74593907311902774 2.5000000000000004 1246.6450000000002 0.5527674362901821 48702.000000000007 18.500000000000004 17.755000000000006 44648.700000000004 4143.3350000000009 41262.280000000006 46091.650000000001 86.500000000000014 256.71000000000009
decision_type=2 2 10 2 10 2 2 10 2 10 2 8 2 2 2 10 2 2 10 2 2 2 8 2 2 2 2 2 10
left_child=6 2 3 7 8 -6 9 -2 -4 10 14 -12 16 -5 -1 19 17 -8 21 -14 24 -11 -18 -17 28 27 -27 -22 -3
right_child=1 20 4 13 5 -7 12 -9 -10 18 11 -13 15 -15 -16 23 22 -19 -20 -21 25 -23 -24 -25 -26 26 -28 -29 -30
leaf_value=1.0783414736578736 -2.4067099162510464 21.765686798095686 28.587260119120284 19.438820457458498 17.819052385029039 -2.2365244674682621 -5.9463280748066154 27.506354522705081 0.7748084934036199 12.463259633382156 1.0535106023152667 35.889618428548175 -11.845301743273467 34.690485818045481 -2.0144274992886042 -4.8216694407992895 -0.24115629650297621 -3.116029487450918 18.881282997131347 -7.0172435324532643 25.9245120578342 3.3862974802652994 -2.6949190837454937 -7.5111843956841371 20.392212829589845 28.418616739908845 26.398405020577567 24.512509663899742 22.791263580322266
leaf_weight=237 28 8.0000000000000053 5.9999999999999991 15.999999999999998 76 30 190 7.9999999999999991 304 6.0000000000000018 12.000000000000002 5.9999999999999991 53 28 315 72 42 360 7.9999999999999991 35 18.000000000000004 6 692 8.9999999999999982 9.9999999999999982 6.0000000000000009 14 5.9999999999999991 11.999999999999998
leaf_count=120 20 4 3 8 38 15 188 4 152 3 6 3 53 14 195 72 21 308 4 35 9 3 512 9 5 3 7 3 6
internal_value=-0.147347 8.65716 6.30894 17.9377 4.07264 12.1429 -2.60382 4.24064 1.31311 0.161271 -0.264909 12.6655 -3.7266 29.1444 -0.686554 -7.62228 -3.21385 -4.09377 12.3074 -9.92505 24.3966 7.92478 -2.55451 -5.1205 21.7181 26.2229 27.0045 25.5715 22.381
internal_weight=2613 570 496 80 416 106 2043 36 310 590 570 18 1453 44 552 169 1284 550 20 88 74 12 734 81 30 44 20 24 20
internal_count=1823 291 254 46 208 53 1532 24 155 334 324 9 1198 22 315 169 1029 496 10 88 37 6 533 81 15 22 10 12 10
is_linear=0
shrinkage=0.05


Tree=11
num_leaves=29
num_cat=0
split_feature=3 16 12 2 11 2 2 17 7 0 11 17 18 7 2 14 2 3 18 11 3 14 2 8 7 0 17 17
split_gain=2.25501e+07 6.72325e+06 6.35893e+06 1.00323e+07 3.2059e+06 2.51371e+06 1.73188e+06 1.43574e+06 1.28451e+06 885643 875031 693427 1.31318e+06 612283 536559 496641 382948 222477 207611 170015 130233 93106.7 86840 42296.5 16566.2 3057.92 558.658 8.89265
threshold=0.89684079943224571 241.50000000000003 359.50000000000006 1575.4650000000004 968.00000000000011 7386.0750000000007 3462.5050000000006 38.724797185695948 2.5000000000000004 34540.150000000009 1055.0000000000002 82.17800308303238 38866.500000000007 3.5000000000000004 6092.670000000001 270.50000000000006 18615.260000000006 0.96667942604169388 29202.095000000005 1246.6450000000002 0.85771878517292899 338.50000000000006 19247.695000000003 3.5000000000000004 1.5000000000000002 42474.80000000001 88.056072318601011 83.074402754711741
decision_type=2 2 10 2 10 2 2 2 2 2 10 2 10 2 2 8 2 2 10 10 2 8 2 2 2 2 2 2
left_child=5 13 3 17 7 10 -5 -4 -6 15 11 12 -1 -2 19 24 18 -3 -11 -12 -13 -16 -18 -17 -7 27 -27 -15
right_child=1 2 4 6 8 9 -8 -9 -10 16 14 20 -14 25 21 23 22 -19 -20 -21 -22 -23 -24 -25 -26 26 -28 -29
leaf_value=0.37314065497243004 39.479105224609377 21.993791325887045 -3.9998821576436363 -0.71877569408924413 12.0264278118427 -13.7137109375 6.6597493807474777 21.105368150983537 -4.3893594568425964 -2.6148007851480006 8.5271548589070623 -2.801767991204144 23.960816955566408 24.419562276204417 -0.24086908340454097 -7.8983339309692386 -6.591541324962269 32.675109276404747 -4.1215758159727391 17.93721866607666 -1.2593416630097156 6.8607358296712242 -11.1797998046875 -3.8575788217432363 -11.459199610623447 25.899901326497396 25.289623718261723 24.505646769205725
leaf_weight=356 9.9999999999999982 5.9999999999999991 5.9999999999999991 263 26 9.9999999999999982 114 112 22 415 12.000000000000002 283 5.9999999999999991 6.0000000000000018 20.000000000000004 7.9999999999999991 33 26 509 7.9999999999999991 265 5.9999999999999991 14.999999999999998 34 44 5.9999999999999991 9.9999999999999982 6
leaf_count=213 5 3 3 138 13 10 57 56 11 313 6 188 3 3 10 8 33 13 499 4 139 3 15 34 44 3 5 3
internal_value=0.0881567 8.4898 7.14367 3.79386 15.3971 -2.45641 1.5124 19.8288 4.50253 -4.12353 -0.593988 -0.934091 0.764097 28.8589 6.13414 -8.70507 -3.67103 30.6724 -3.44483 12.2912 -2.05589 1.39796 -8.02537 -4.62725 -11.8767 25.066 25.5185 24.4626
internal_weight=2637 613 575 409 166 2024 377 118 48 1068 956 910 362 38 46 96 972 32 924 20 548 26 48 42 54 28 16 12
internal_count=1835 313 294 211 83 1522 195 59 24 956 566 543 216 19 23 96 860 16 812 10 327 13 48 42 54 14 8 6
is_linear=0
shrinkage=0.05


Tree=12
num_leaves=26
num_cat=0
split_feature=3 4 11 16 9 2 3 16 0 0 2 14 14 12 2 18 4 3 4 15 11 17 0 2 11
split_gain=2.07392e+07 7.18314e+06 3.81367e+06 4.83412e+06 3.22407e+06 1.89807e+06 1.7971e+06 715048 569684 518900 426447 606547 234746 226365 216540 158305 118342 107040 86295.8 73399.5 54431.5 6294.14 7526.9 5871.53 906.272
threshold=0.89684079943224571 48480.000000000007 294.50000000000006 302.78571428571433 1.0000000180025095e-35 8323.0000000000018 0.9049965661987881 291.9992857142858 47230.750000000007 35148.150000000001 6092.670000000001 13.810000000000002 270.50000000000006 359.50000000000006 19247.695000000003 29249.630000000005 48702.000000000007 0.6085637977661823 35865.000000000007 281.16666666666669 278.50000000000006 422.2529377778144 44933.500000000007 4143.3350000000009 256.71000000000009
decision_type=2 2 10 2 2 2 2 2 2 2 2 8 8 10 2 10 2 2 2 2 10 2 2 2 10
left_child=5 2 13 6 -5 8 -4 9 10 12 11 -1 -7 19 -11 17 23 -9 -12 -2 -17 22 -18 24 -3
right_child=1 16 3 4 -6 7 -8 15 -10 14 18 -13 -14 -15 -16 20 21 -19 -20 -21 -22 -23 -24 -25 -26
leaf_value=27.358749389648438 -4.4843045902252205 19.622134399414048 11.057880885260445 4.3201442039496198 16.541202152136602 -11.529678150523793 33.59915097554525 -4.0870665934548454 17.790763854980469 -4.6117481932768953 -0.56855372250080105 -0.22649491223589757 -4.4731463241577147 7.1789012591044115 -12.165639114379884 -5.9505404318532635 23.832646560668948 -1.7969747578986337 -2.3431042222716147 -1.7371019442235269 -3.7501476477942988 25.131410725911461 22.442636108398439 18.431609344482421 20.309169260660809
leaf_weight=1.9999999999999989 40 8.0000000000000053 13.999999999999998 296 66 55 24 67 3.9999999999999991 185 80 549 14.999999999999998 5.9999999999999991 9.9999999999999982 31 32 214 477 62 301 5.9999999999999991 13.999999999999998 7.9999999999999991 11.999999999999998
leaf_count=1 27 4 7 148 33 55 12 67 2 179 43 311 14 3 10 31 16 144 346 31 298 3 7 4 6
internal_value=0.0209954 8.27116 6.0781 8.32918 6.54829 -2.41674 25.2945 -4.15456 -1.04461 -6.32475 -1.11261 -0.126367 -10.0176 -2.25925 -4.99913 -3.21639 22.1971 -2.34301 -2.08823 -2.81444 -3.95561 23.6083 23.4096 19.5764 20.0344
internal_weight=2578 588 508 400 362 1990 38 878 1112 265 1108 551 70 108 195 613 80 281 557 102 332 52 46 28 20
internal_count=1802 301 261 200 181 1501 19 798 703 258 701 312 69 61 189 540 40 211 389 58 329 26 23 14 10
is_linear=0
shrinkage=0.05


Tree=13
num_leaves=28
num_cat=0
split_feature=3 4 2 11 16 7 3 8 11 3 13 7 3 14 4 4 15 11 4 13 15 17 2 17 3 2 11
split_gain=2.03851e+07 6.92335e+06 4.33908e+06 2.57139e+06 3.07161e+06 2.3572e+06 1.94015e+06 879384 985199 826851 640651 628600 724360 588190 355873 152460 142864 129920 118578 99309.3 77621.5 76988.2 8584.96 8498.45 6862.82 4219.21 2003.06
threshold=0.89684079943224571 48480.000000000007 1323.1000000000001 294.50000000000006 302.78571428571433 5.5000000000000009 0.83152106125963487 4.5000000000000009 340.50000000000006 0.66125720976363567 269.49000000000007 1.0000000180025095e-35 0.86463598906069195 13.810000000000002 41515.000000000007 39497.500000000007 311.33333333333343 35.010000000000005 48702.000000000007 331.00000000000006 227.00000000000003 403.22827747887442 4143.3350000000009 416.81021445133382 0.94573939472477797 2638.8050000000007 256.71000000000009
decision_type=2 2 2 10 2 2 2 2 10 2 8 2 2 8 2 2 2 8 2 10 2 2 2 2 2 2 10
left_child=6 2 5 16 -5 19 9 11 -9 10 14 12 -8 -13 -1 17 -4 -11 22 -2 -12 -17 26 24 -20 -25 -3
right_child=1 18 3 4 -6 -7 7 8 -10 15 20 13 -14 -15 -16 21 -18 -19 23 -21 -22 -23 -24 25 -26 -27 -28
leaf_value=-10.687415069593511 27.894594764709467 18.425665791829406 -3.1746340319315594 23.34316238990197 5.5375734544406505 -4.4305102030436201 1.2422926786181692 1.8120937538146973 27.440192667643231 -5.7436170080433726 -6.9441811752319342 25.990811157226563 12.219795481363933 -1.1706013893502332 -5.1477798461914066 -3.7653199169586764 0.7326423650278765 -1.9015939876378523 21.577368281437799 34.24631774902344 -3.6925836131711716 -2.2297669640609197 17.395753784179686 22.68150115966796 22.950463431222101 24.222055053710939 19.517588588169644
leaf_weight=71 16.000000000000004 6.0000000000000062 75 26 354 5.9999999999999991 91 9.9999999999999982 5.9999999999999991 23 20 1.9999999999999989 18 587 49 301 34 508 26 9.9999999999999982 223 112 9.9999999999999982 10.000000000000002 13.999999999999998 7.9999999999999991 13.999999999999998
leaf_count=70 8 3 44 13 177 3 48 5 3 23 20 1 9 335 49 291 17 369 13 5 214 88 5 5 7 4 7
internal_value=0.1532 8.17224 5.98125 4.81398 6.75585 23.8186 -2.26323 -0.167219 11.4226 -3.40825 -5.4363 -0.432889 3.05509 -1.07837 -8.4254 -2.6284 -1.95585 -2.06801 21.1439 30.3376 -3.9602 -3.3489 18.5919 22.464 22.058 23.3662 19.19
internal_weight=2630 609 521 489 380 32 2021 714 16 1307 363 698 109 589 120 944 109 531 88 26 243 413 30 58 40 18 20
internal_count=1836 311 267 251 190 16 1525 401 8 1124 353 393 57 336 119 771 61 392 44 13 234 379 15 29 20 9 10
is_linear=0
shrinkage=0.05


Tree=14
num_leaves=25
num_cat=0
split_feature=3 4 16 18 4 4 3 8 18 0 3 8 7 4 8 18 16 4 4 11 0 0 6 0
split_gain=1.51252e+07 5.6605e+06 2.96074e+06 3.43187e+06 4.01911e+06 2.2154e+06 1.76988e+06 1.11549e+06 1.59268e+06 822986 732372 596249 453844 358889 136051 126594 109495 85398.7 78172.4 9576.92 4031.2 8587.94 3640.36 5876.16
threshold=0.89684079943224571 48480.000000000007 241.50000000000003 33501.080000000009 48097.000000000007 36767.500000000007 0.83281388960084424 4.5000000000000009 25597.520000000004 47230.750000000007 0.65830072324561473 2.5000000000000004 2.5000000000000004 41635.000000000007 2.5000000000000004 21105.650000000005 173.70285714285714 43067.500000000007 48702.000000000007 338.50000000000006 44186.250000000007 42954.700000000004 86.500000000000014 44933.500000000007
decision_type=2 2 2 10 2 2 2 2 8 2 2 2 2 2 2 8 2 2 2 10 2 2 2 2
left_child=6 2 -2 5 -5 -4 10 9 19 12 11 13 -8 -1 16 -16 -12 -13 20 -9 21 -3 23 -20
right_child=1 18 3 4 -6 -7 7 8 -10 -11 14 17 -14 -15 15 -17 -18 -19 22 -21 -22 -23 -24 -25
leaf_value=-9.625300753801719 35.303767395019534 18.471952311197906 19.167467880249024 13.264730507650492 -3.2080343594153726 0.020823636538318164 0.83502341282347714 0.18007106781005852 33.142929077148438 17.946293131510416 -1.4181823262572291 -3.5490804831186931 -1.7291046048591778 -4.9222736609609505 0.54980462534087049 -2.2951129573993585 -3.7756641197204588 0.81694752325614306 21.699530968299282 3.0050963401794433 18.356409912109378 15.969546127319337 19.90587819417318 20.524308607313369
leaf_weight=87 7.9999999999999991 6.0000000000000027 15.999999999999998 162 48 271 298 6.0000000000000018 5.9999999999999991 5.9999999999999991 60 168 410 76 42 567 275 11.999999999999998 26 6 9.9999999999999982 7.9999999999999991 5.9999999999999991 18
leaf_count=87 4 3 8 81 24 143 154 3 3 3 41 164 249 76 23 450 257 6 13 3 5 4 3 9
internal_value=-0.103601 7.02049 5.12803 4.6423 9.49953 1.08823 -2.14662 -0.183674 12.1094 -0.493583 -3.26307 -5.2418 -0.649853 -7.43248 -2.54411 -2.09891 -3.35343 -3.25801 19.9353 1.59258 17.5897 17.042 21.0612 21.2188
internal_weight=2598 579 505 497 210 287 2019 732 18 714 1287 343 708 163 944 609 335 180 74 12 24 14 50 44
internal_count=1816 297 260 256 105 151 1519 415 9 406 1104 333 403 163 771 473 298 170 37 6 12 7 25 22
is_linear=0
shrinkage=0.05


Tree=15
num_leaves=27
num_cat=0
split_feature=1 2 7 12 7 2 4 12 13 15 16 0 2 4 4 15 15 14 16 4 1 1 0 0 2 15
split_gain=1.34108e+07 4.61514e+06 5.10109e+06 4.68109e+06 3.79008e+06 2.43629e+06 1.97021e+06 1.16807e+06 959248 1.32093e+06 1.3891e+06 748959 657158 535762 444030 285212 233507 232730 171953 113409 113005 105575 74598.2 51305.3 40673.8 3243.99
threshold=36947.305000000008 4392.3400000000011 1.0000000180025095e-35 272.74500000000006 2.5000000000000004 6152.1250000000009 48055.000000000007 217.50000000000003 300.50000000000006 301.00000000000006 320.72857142857146 47230.750000000007 15678.905000000001 35692.500000000007 48944.500000000007 268.42666666666668 275.33333333333343 315.10000000000008 146.48500000000004 46922.500000000007 23947.340000000007 40566.620000000003 37152.700000000004 38947.850000000013 3525.7000000000003 283.83333333333331
decision_type=2 2 2 10 2 2 2 10 8 2 2 2 2 2 2 2 2 8 2 2 2 2 2 2 2 2
left_child=5 2 6 14 -5 8 -2 -3 9 15 -11 21 17 23 -4 -1 20 18 -7 -19 -14 -9 -15 -10 -8 -18
right_child=1 7 3 4 -6 12 24 11 13 10 -12 -13 16 22 -16 -17 25 19 -20 -21 -22 -23 -24 -25 -26 -27
leaf_value=-5.2707091575445135 20.846804199218752 22.121360015869143 28.627981567382815 16.441564443761653 3.2555236901467048 -0.46686410009860996 -1.9447610805774556 -1.3270834274493257 2.39041816507067 10.036933759466196 1.9702649727375552 17.048978678385417 -9.428325068697017 -4.0804733821323946 20.329905373709543 -0.021728748358212986 -4.6724330520629884 -1.641300385875563 -3.4641031263073288 -3.9482203047154316 -5.7615281305815049 2.9402350269258024 -1.9047272097412034 7.2553543090820316 -4.3922144412994388 -3.6960732610602132
leaf_weight=43 9.9999999999999982 5.9999999999999991 38 110 108 52 58 154 56 78 169 5.9999999999999991 47 49 28 65 9.9999999999999982 549 600 59 38 15.999999999999998 201 5.9999999999999991 24 57
leaf_count=43 5 3 19 55 54 32 29 83 28 40 85 3 47 31 14 35 10 408 538 49 38 8 108 3 12 57
internal_value=0.080167 6.96277 10.1264 13.4411 9.90903 -1.76711 -0.105883 0.426895 0.723246 2.50085 4.51763 -0.312689 -2.9435 -1.29935 25.1076 -2.1116 -6.04914 -2.56886 -3.22506 -1.86516 -7.78905 -0.925453 -2.33117 2.86122 -2.66109 -3.8418
internal_weight=2637 558 376 284 218 2079 92 182 667 355 247 176 1412 312 66 108 152 1260 652 608 85 170 250 62 82 67
internal_count=1837 285 188 142 109 1552 46 97 373 203 125 94 1179 170 33 78 152 1027 570 457 85 91 139 31 41 67
is_linear=0
shrinkage=0.05


Tree=16
num_leaves=30
num_cat=0
split_feature=3 4 11 16 4 11 2 11 12 3 8 3 8 18 4 2 12 18 11 15 4 0 4 17 17 0 0 0 0
split_gain=1.41861e+07 5.06248e+06 3.08116e+06 4.06669e+06 2.20274e+06 2.2025e+06 1.7198e+06 853135 882165 1.48738e+06 905964 666017 509500 436423 313396 168638 130055 115214 158364 119879 84411.7 82308.4 68609.1 15638.4 11392.7 7120.88 5047.18 4427.03 477.919
threshold=0.90110342426173895 48480.000000000007 356.00000000000006 317.78571428571433 36767.500000000007 1069.0050000000003 6152.1250000000009 1115.5000000000002 210.22000000000003 0.87432776194363593 4.5000000000000009 0.65458315445184623 2.5000000000000004 37681.105000000003 41635.000000000007 5811.7400000000007 339.69500000000005 28521.530000000006 235.50000000000003 296.33333333333343 43067.500000000007 47230.750000000007 48702.000000000007 416.81021445133382 425.37360560040446 44186.250000000007 42648.000000000007 44115.55000000001 45152.000000000007
decision_type=2 2 10 2 2 10 2 10 8 2 2 2 2 8 2 2 10 10 8 2 2 2 2 2 2 2 2 2 2
left_child=6 2 4 16 -2 -5 7 8 9 -1 -10 12 14 -6 -8 21 -4 18 -13 -19 -14 -9 25 27 -25 26 -3 -24 -27
right_child=1 22 3 5 13 -7 11 15 10 -11 -12 17 20 -15 -16 -17 -18 19 -20 -21 -22 -23 23 24 -26 28 -28 -29 -30
leaf_value=-4.4977057647705063 22.716219329833987 17.142205810546855 24.845150248209634 8.8604937787918221 -1.9506294651601299 -2.3223133555480415 -8.9423519291597255 9.197023418971467 -0.86393733545871254 21.611948903401696 9.0568957408269242 -4.2486206452051798 -3.2798587061037687 11.786367670694988 -4.369453359006056 2.7073969841003418 32.507108306884767 -3.9196568838307559 -1.1855296009292233 -2.2894912788467687 0.7720117637089321 16.196529642740884 19.410328783307758 22.242847824096685 19.360629781087241 17.215033467610681 15.366117858886719 18.262474568684897 17.846116638183592
leaf_weight=10.000000000000002 9.9999999999999982 6.0000000000000062 18.000000000000004 206 159 56 85 14.000000000000005 559 11.999999999999998 24 48 157 5.9999999999999991 67 7.9999999999999991 7.9999999999999991 142 349 548 13.999999999999998 5.9999999999999991 28 7.9999999999999982 6 5.9999999999999982 11.999999999999998 11.999999999999998 6
leaf_count=10 5 3 9 103 85 28 85 7 315 6 12 47 155 3 67 4 4 137 226 447 7 3 14 4 3 3 6 6 3
internal_value=0.0598685 7.21128 5.16245 8.34195 -0.0701125 6.47028 -1.85488 0.310249 -0.0846432 9.74392 -0.455533 -2.82688 -4.82038 -1.4511 -6.92667 8.84274 27.2027 -2.23451 -1.55588 -2.62497 -2.94813 11.2969 18.5043 19.5694 21.0076 16.5871 15.9581 19.066 17.5306
internal_weight=2590 547 463 288 175 262 2043 633 605 22 583 1410 323 165 152 28 26 1087 397 690 171 20 84 54 14 30 18 40 12
internal_count=1807 279 237 144 93 131 1528 357 343 16 327 1171 314 88 152 14 13 857 273 584 162 10 42 27 7 15 9 20 6
is_linear=0
shrinkage=0.05


Tree=17
num_leaves=27
num_cat=0
split_feature=3 4 7 11 11 12 16 3 4 11 16 16 18 14 2 13 12 4 15 14 2 18 7 7 4 14
split_gain=1.22335e+07 4.84366e+06 5.42087e+06 4.09572e+06 1.97825e+06 1.77711e+06 1.58234e+06 1.40221e+06 971907 675214 630062 563761 500538 693732 454840 380750 334637 281628 228156 206060 123136 106953 93648.5 76177.5 61852.6 54609.7
threshold=0.89684079943224571 44395.000000000007 1.0000000180025095e-35 1069.0050000000003 244.50000000000003 399.50000000000006 241.50000000000003 0.77111490267929272 48055.000000000007 1055.0000000000002 593.28285714285732 291.9992857142858 26195.895000000004 318.50000000000006 6152.1250000000009 294.50000000000006 210.22000000000003 39052.500000000007 678.04333333333341 285.50000000000006 19247.695000000003 29249.630000000005 2.5000000000000004 2.5000000000000004 39497.500000000007 397.75000000000006
decision_type=2 2 2 10 10 10 2 2 2 10 2 2 8 10 2 10 8 2 2 8 2 10 2 2 2 10
left_child=7 5 8 4 -4 6 -2 11 -3 12 -5 17 13 -9 18 -8 -14 19 -11 -1 -19 22 -13 -16 -23 -10
right_child=1 2 3 10 -6 -7 15 9 25 14 -12 21 16 -15 23 -17 -18 20 -20 -21 -22 24 -24 -25 -26 -27
leaf_value=-8.9756461544313293 22.199225902557373 15.53080940246582 0.52640313042534725 -6.123109846848708 17.832026538848876 24.285066604614258 1.8016971833301039 -1.2904290893353707 -1.6756993892646972 6.3608533314296167 11.852121607462566 -0.8993026502372683 2.4818767065904579 4.544087693772533 5.0961350977420814 -2.2500256237573923 -1.7628310328345269 -3.8681103463385522 16.945798110961913 -3.0952502702411855 -9.5904055786132822 -2.3274171878980554 -2.7482111780610805 -0.53774797717730205 -3.7980553097195102 -4.4687943267822261
leaf_weight=69 7.9999999999999991 7.9999999999999991 18 26 200 7.9999999999999991 106 121 42 14.000000000000002 5.9999999999999991 129 49 88 7.9999999999999991 128 886 157 7.9999999999999991 19 9.9999999999999982 115 146 24 189 30
leaf_count=69 4 4 9 13 100 4 59 68 21 7 3 84 29 46 4 64 596 153 4 18 10 110 128 13 189 15
internal_value=-0.0557624 6.34905 10.326 13.9512 16.4031 1.0994 0.332936 -1.88391 -1.00246 -0.788011 -2.75275 -3.45811 -1.04591 1.16621 4.67558 -0.41463 -1.54038 -5.41697 10.2099 -7.70602 -4.21076 -2.5954 -1.8809 0.870723 -3.24173 -2.83949
internal_weight=2612 580 330 250 218 250 242 2032 80 1198 32 834 1144 209 54 234 935 255 22 88 167 579 275 32 304 72
internal_count=1824 296 165 125 109 131 127 1528 40 767 16 761 739 114 28 123 625 250 11 87 163 511 212 17 299 36
is_linear=0
shrinkage=0.05


Tree=18
num_leaves=27
num_cat=0
split_feature=3 4 16 4 4 2 11 18 14 3 17 15 0 18 14 11 16 17 17 2 16 17 2 6 17 3
split_gain=1.04328e+07 4.01545e+06 2.66216e+06 2.2838e+06 4.17892e+06 1.41897e+06 1.06273e+06 760104 662156 561950 481297 336245 167175 99558.2 87290.4 72733.3 71085 50295.4 44483.4 42597.1 8707.52 7728.23 6434.03 5447.56 3086.71 1589.61
threshold=0.90110342426173895 48480.000000000007 244.33000000000001 44735.000000000007 48055.000000000007 6092.670000000001 1115.5000000000002 24601.815000000002 17.755000000000006 0.66125720976363567 82.17800308303238 270.33333333333331 34819.750000000007 21105.650000000005 289.22500000000008 1246.6450000000002 146.48500000000004 416.81021445133382 450.4326716400156 3376.8800000000006 559.33857142857153 419.63046437782646 3975.4350000000009 79.500000000000014 358.76951112085789 0.91497557692917886
decision_type=2 2 2 2 2 2 10 10 8 2 2 2 2 8 8 10 2 2 2 2 2 2 2 2 2 2
left_child=5 2 -2 7 -5 6 8 -4 -1 11 -10 12 -7 14 -11 18 -15 -13 -8 20 23 -22 25 -3 -24 -21
right_child=1 19 3 4 -6 9 15 -9 10 13 -12 17 -14 16 -16 -17 -18 -19 -20 22 21 -23 24 -25 -26 -27
leaf_value=20.265828704833986 29.926942749023439 18.076386805943077 11.46370941230229 11.340016915824975 -2.4180263710021972 -8.3101762721413071 10.791978912353509 -0.56703302411106526 1.5172440137668533 -3.1116365305582683 -1.4294688436585161 -3.2891117457529946 -4.5730480587671671 -0.067471890085273323 1.3460530628518361 14.298617553710939 -2.0987263958726952 -0.46204716808655688 5.7897885322570808 16.736876678466796 17.719915771484377 20.257668558756507 15.514459228515619 16.681554739815848 14.272141113281251 15.740129852294922
leaf_weight=3.9999999999999991 9.9999999999999982 14.000000000000002 13.999999999999998 178 80 57 10.000000000000005 211 245 14.999999999999998 319 211 63 45 41 7.9999999999999991 1005 17 7.9999999999999991 7.9999999999999991 5.9999999999999982 6 10.000000000000002 13.999999999999998 9.9999999999999982 7.9999999999999991
leaf_count=2 5 7 7 89 40 57 5 111 147 13 171 209 62 25 21 4 786 11 4 4 3 3 5 7 5 4
internal_value=0.0517346 6.04105 4.39188 3.86321 7.07396 -1.61229 0.446826 0.181547 -0.00565574 -2.4535 -0.149425 -4.20586 -6.34818 -1.90212 0.152029 10.3318 -2.01167 -3.07832 8.56878 16.7389 17.8619 18.9888 15.4912 17.379 14.8933 16.2385
internal_weight=2617 569 493 483 258 2048 594 225 568 1454 564 348 120 1106 56 26 1050 228 18 76 40 12 36 28 20 16
internal_count=1807 290 252 247 129 1517 333 118 320 1184 318 339 119 845 34 13 811 220 9 38 20 6 18 14 10 8
is_linear=0
shrinkage=0.05


Tree=19
num_leaves=25
num_cat=0
split_feature=3 4 3 7 16 18 3 0 16 1 7 3 8 11 13 18 16 4 16 4 6 17 16 6
split_gain=9.7414e+06 3.42462e+06 2.71086e+06 2.61729e+06 1.37673e+06 1.75522e+06 1.11982e+06 515859 420901 344494 282756 571575 153418 153195 112227 93727.4 100485 49829.6 48109.8 28832.5 6097.71 3887.55 3521.45 1112.71
threshold=0.89684079943224571 48480.000000000007 0.96667942604169388 5.5000000000000009 241.50000000000003 33978.820000000014 0.76420379946117556 47230.750000000007 291.9992857142858 23947.340000000007 2.5000000000000004 0.87751838664496506 2.5000000000000004 229.50000000000003 331.00000000000006 29249.630000000005 468.01071428571436 39497.500000000007 185.58642857142857 48702.000000000007 75.500000000000014 372.09077915212765 200.92928571428573 76.500000000000014
decision_type=2 2 2 2 2 10 2 2 2 2 2 2 2 10 10 10 2 2 2 2 2 2 2 2
left_child=6 2 4 14 -2 -6 8 10 9 12 11 -8 -1 -12 -4 16 -10 -17 -11 21 -21 23 -22 -3
right_child=1 19 3 -5 5 -7 7 -9 15 18 13 -13 -14 -15 -16 17 -18 -19 -20 20 22 -23 -24 -25
leaf_value=-8.2582150949014217 21.509059906005859 15.258590698242172 22.135371065139765 -4.922741165161133 0.16637749913873709 6.4150897125403095 -0.48187367781900181 13.882926432291667 -2.0118904870035301 -0.900133752822876 -4.0770237317452063 5.046761862131266 -2.3686957542712874 -1.257001571668072 28.531934611002608 -2.1217647342681887 1.2095556877277516 -3.5283670992009784 -3.7807859334078699 17.681546020507813 16.886001332600912 13.237784067789713 15.86225825718471 14.444757080078126
leaf_weight=74 9.9999999999999982 6.0000000000000062 16.000000000000004 9.9999999999999982 271 192 463 5.9999999999999991 234 15.999999999999998 52 52 12.999999999999998 652 11.999999999999998 100 27 170 154 7.9999999999999991 11.999999999999998 5.9999999999999991 28 13.999999999999998
leaf_count=74 5 3 8 5 142 96 280 3 189 12 51 26 13 431 6 97 15 170 153 4 6 3 14 7
internal_value=-0.0373309 5.6421 4.1863 17.0348 3.15407 2.75764 -1.68784 -0.741999 -3.15821 -4.81924 -0.813984 0.0763575 -7.37817 -1.4653 24.8768 -2.35428 -1.67864 -3.0074 -3.50967 15.695 16.4214 14.354 16.1694 14.6889
internal_weight=2598 585 511 38 473 463 2013 1225 788 257 1219 515 87 704 28 531 261 270 170 74 48 26 40 20
internal_count=1813 299 262 19 243 238 1514 791 723 252 788 306 87 482 14 471 204 267 165 37 24 13 20 10
is_linear=0
shrinkage=0.05


end of trees

feature_importances:
renewable_power=68
thermal_on_capacity=66
price_lag_1d=57
thermal_space_load_ratio=48
total_load=42
net_load_lag_1d=36
price_lag_2d=33
price_ma_7d=30
price_lag_7d=28
weekday=26
net_load=21
price_std_7d=19
month=18
price_ma_3d=16
price_lag_3d=15
period=11
is_weekend=3
hour=1

parameters:
[boosting: gbdt]
[objective: regression]
[metric: rmse]
[tree_learner: serial]
[device_type: cpu]
[data_sample_strategy: bagging]
[data: ]
[valid: ]
[num_iterations: 400]
[learning_rate: 0.05]
[num_leaves: 31]
[num_threads: 0]
[seed: 42]
[deterministic: 0]
[force_col_wise: 0]
[force_row_wise: 0]
[histogram_pool_size: -1]
[max_depth: 5]
[min_data_in_leaf: 3]
[min_sum_hessian_in_leaf: 0.001]
[bagging_fraction: 0.85]
[pos_bagging_fraction: 1]
[neg_bagging_fraction: 1]
[bagging_freq: 1]
[bagging_seed: 400]
[bagging_by_query: 0]
[feature_fraction: 0.85]
[feature_fraction_bynode: 1]
[feature_fraction_seed: 30056]
[extra_trees: 0]
[extra_seed: 12879]
[early_stopping_round: 0]
[early_stopping_min_delta: 0]
[first_metric_only: 0]
[max_delta_step: 0]
[lambda_l1: 0]
[lambda_l2: 0]
[linear_lambda: 0]
[min_gain_to_split: 0]
[drop_rate: 0.1]
[max_drop: 50]
[skip_drop: 0.5]
[xgboost_dart_mode: 0]
[uniform_drop: 0]
[drop_seed: 17869]
[top_rate: 0.2]
[other_rate: 0.1]
[min_data_per_group: 100]
[max_cat_threshold: 32]
[cat_l2: 10]
[cat_smooth: 10]
[max_cat_to_onehot: 4]
[top_k: 20]
[monotone_constraints: ]
[monotone_constraints_method: basic]
[monotone_penalty: 0]
[feature_contri: ]
[forcedsplits_filename: ]
[refit_decay_rate: 0.9]
[cegb_tradeoff: 1]
[cegb_penalty_split: 0]
[cegb_penalty_feature_lazy: ]
[cegb_penalty_feature_coupled: ]
[path_smooth: 0]
[interaction_constraints: ]
[verbosity: -1]
[saved_feature_importance_type: 0]
[use_quantized_grad: 0]
[num_grad_quant_bins: 4]
[quant_train_renew_leaf: 0]
[stochastic_rounding: 1]
[linear_tree: 0]
[max_bin: 255]
[max_bin_by_feature: ]
[min_data_in_bin: 3]
[bin_construct_sample_cnt: 200000]
[data_random_seed: 175]
[is_enable_sparse: 1]
[enable_bundle: 1]
[use_missing: 1]
[zero_as_missing: 0]
[feature_pre_filter: 1]
[pre_partition: 0]
[two_round: 0]
[header: 0]
[label_column: ]
[weight_column: ]
[group_column: ]
[ignore_column: ]
[categorical_feature: ]
[forcedbins_filename: ]
[precise_float_parser: 0]
[parser_config_file: ]
[objective_seed: 16083]
[num_class: 1]
[is_unbalance: 0]
[scale_pos_weight: 1]
[sigmoid: 1]
[boost_from_average: 1]
[reg_sqrt: 0]
[alpha: 0.9]
[fair_c: 1]
[poisson_max_delta_step: 0.7]
[tweedie_variance_power: 1.5]
[lambdarank_truncation_level: 30]
[lambdarank_norm: 1]
[label_gain: ]
[lambdarank_position_bias_regularization: 0]
[eval_at: ]
[multi_error_top_k: 1]
[auc_mu_weights: ]
[num_machines: 1]
[local_listen_port: 12400]
[time_out: 120]
[machine_list_filename: ]
[machines: ]
[gpu_platform_id: -1]
[gpu_device_id: -1]
[gpu_use_dp: 0]
[num_gpu: 1]

end of parameters

pandas_categorical:[]
