tree
version=v4
num_class=1
num_tree_per_iteration=1
label_index=0
max_feature_idx=10
objective=regression
feature_names=total_load net_load renewable_power thermal_space_load_ratio thermal_on_capacity hour period weekday month is_weekend is_holiday
feature_infos=[31325.099999999999:43757.300000000003] [13380.389999999999:41070.110000000001] [1144.03:19845.43] [0.41387726832827804:0.97282505160491894] [27170:47015] [18:21] [73:88] [0:6] [2:4] [0:1] none
tree_sizes=2390 2670 2413 2465 2493

Tree=0
num_leaves=26
num_cat=0
split_feature=1 2 2 7 7 8 0 4 0 2 4 4 4 0 4 4 7 2 2 1 8 4 4 0 1
split_gain=3.57304e+07 8.69931e+06 8.57782e+06 6.6403e+06 5.49692e+06 4.15254e+06 4.04703e+06 3.79517e+06 2.97662e+06 2.57217e+06 2.90227e+06 3.49718e+06 1.36294e+06 1.17507e+06 874896 829412 703079 678858 531990 438770 314049 227455 78743.2 61641.5 17422.2
threshold=36394.180000000008 1323.1000000000001 6188.9700000000003 2.5000000000000004 5.5000000000000009 2.5000000000000004 41352.250000000007 42910.000000000007 34530.750000000007 3839.7950000000005 44735.000000000007 36767.500000000007 44810.000000000007 41390.650000000009 37950.000000000007 36349.500000000007 1.0000000180025095e-35 5182.7600000000011 8468.3900000000012 23298.560000000005 2.5000000000000004 35865.000000000007 45602.500000000007 41448.650000000001 22137.975000000002
decision_type=2 2 2 2 2 2 2 2 2 2 2 2 2 2 2 2 2 2 2 2 2 2 2 2 2
left_child=2 4 9 7 23 22 -7 -3 14 10 11 -1 -12 -9 24 17 -17 -11 21 -16 -20 -10 -5 -2 -4
right_child=1 3 8 5 -6 6 -8 13 18 15 12 -13 -14 -15 19 16 -18 -19 20 -21 -22 -23 -24 -25 -26
leaf_value=416.71158053799104 443.10443593698659 386.85443784135498 381.80490833114442 388.76777114376011 388.38777117766853 397.54483808237234 425.19332656368198 415.65813836771167 387.37434111307238 402.03300889143691 421.80443898874438 390.42981653395663 393.32160487212656 432.40371031220855 368.60999530071854 393.08075369404094 385.81844150192609 390.26260107801437 379.94007742617714 380.56721546952508 382.90340120881746 384.11797815545913 384.67796725609992 437.82956182199632 385.93777117766854
leaf_weight=13.999999999999998 18.000000000000004 7.9999999999999991 17.000000000000004 18 5.9999999999999991 50 18 20 62 13.999999999999998 14.000000000000002 132 5.9999999999999991 22 52 38 271 98 118 8.9999999999999982 369 397 34 7.9999999999999991 2.9999999999999991
leaf_count=7 9 4 17 9 3 25 9 10 31 7 7 74 3 11 52 19 156 49 112 9 316 293 20 4 2
internal_value=387.786 407.61 385.305 403.109 431.526 396.73 404.864 418.418 382.549 390.126 395.397 392.95 413.26 424.43 373.35 388.048 386.712 391.734 383.337 370.374 382.185 384.558 386.094 441.481 382.425
internal_weight=1816 202 1614 170 32 120 68 50 1027 587 166 146 20 42 81 421 309 112 946 61 487 459 52 26 20
internal_count=1258 104 1154 88 16 63 34 25 832 322 91 81 10 21 80 231 175 56 752 61 428 324 29 13 19
is_linear=0
shrinkage=1


Tree=1
num_leaves=29
num_cat=0
split_feature=3 1 7 2 0 2 7 7 0 3 1 7 3 8 0 7 7 2 3 8 1 0 0 7 0 3 2 1
split_gain=3.40761e+07 8.13289e+06 1.44569e+07 3.90808e+06 2.62066e+06 2.20893e+06 3.08587e+06 2.12027e+06 2.45213e+06 2.91137e+06 2.0327e+06 1.0742e+06 1.01717e+06 827565 652751 557971 285360 350616 279733 230141 141540 116610 107604 90024.1 38536.2 30912.4 17742.3 5278.23
threshold=0.89654825411010652 37413.830000000009 5.5000000000000009 7101.6950000000006 34530.750000000007 1897.4750000000001 2.5000000000000004 1.5000000000000002 36380.350000000013 0.9123621563506974 37888.080000000009 1.0000000180025095e-35 0.87044989555530317 3.5000000000000004 40173.80000000001 1.0000000180025095e-35 4.5000000000000009 5182.7600000000011 0.6783124213956423 2.5000000000000004 23298.560000000005 41163.650000000009 41114.750000000007 1.5000000000000002 37106.80000000001 0.96921056895659119 3368.9850000000006 20131.320000000003
decision_type=2 2 2 2 2 2 2 2 2 2 2 2 2 2 2 2 2 2 2 2 2 2 2 2 2 2 2 2
left_child=3 7 5 11 13 25 -7 14 -9 -10 -4 12 21 20 15 -2 17 -13 19 -6 -5 -1 -14 -20 -18 -3 -12 -15
right_child=1 2 10 4 18 6 -8 8 9 -11 26 16 22 27 -16 -17 24 -19 23 -21 -22 -23 -24 -25 -26 -27 -28 -29
leaf_value=2.7000111488084642 -5.9868753579946663 53.2662632533482 24.829788665771488 -17.947193936948423 -9.5673575796732102 39.426678263346361 0.14644148349761962 41.039421081542969 19.089448598514902 0.12144306078553201 0.13961186834744044 1.15462268948555 12.596796671549482 -6.2924454116821273 20.688760375976564 5.000161328682533 -5.2973213688019785 -2.003722291477656 -3.0868858993397974 -5.3491308408624993 -8.199610710144043 -1.7158139733707203 22.066240946451821 -4.4698185835195625 -3.1750603551449985 49.943594796316972 -2.3138983917236327 -4.6679097366333009
leaf_weight=124 12.999999999999998 14.000000000000002 9.9999999999999982 54 41 30 5.9999999999999991 7.9999999999999991 55 32 28 140 5.9999999999999982 10.000000000000002 5.9999999999999991 104 31 236 173 153 3.9999999999999991 17 6 368 69 13.999999999999998 9.9999999999999982 9.9999999999999982
leaf_count=66 13 7 5 54 41 15 3 4 28 16 14 71 3 10 3 52 31 131 131 143 4 10 3 315 42 7 5 10
internal_value=0.070009 14.564 25.515 -3.24693 -5.53647 41.0721 32.88 8.9378 14.5486 12.1127 4.77225 -0.287626 3.35693 -14.2506 4.60423 3.77938 -1.45909 -0.827743 -4.61171 -6.24061 -17.2749 2.16761 17.3315 -4.02759 -3.83296 51.6049 -0.506049 -5.48018
internal_weight=1772 330 112 1442 813 64 36 218 95 87 48 629 153 78 123 117 476 376 735 194 58 141 12 541 100 28 38 20
internal_count=1237 172 56 1065 708 32 18 116 48 44 24 357 82 78 68 65 275 202 630 184 58 76 6 446 73 14 19 20
is_linear=0
shrinkage=0.05


Tree=2
num_leaves=26
num_cat=0
split_feature=3 4 4 2 3 3 3 4 7 0 4 0 4 4 4 2 7 3 4 8 1 4 1 6 2
split_gain=2.6705e+07 8.66613e+06 3.96761e+06 3.61557e+06 3.44236e+06 5.35307e+06 4.91532e+06 2.96409e+06 2.37986e+06 2.32419e+06 1.23377e+06 845990 746837 693706 679276 658851 387159 262705 223927 205046 165492 159848 89870.3 48669.4 4145.32
threshold=0.89654825411010652 42910.000000000007 36767.500000000007 7101.6950000000006 0.96839883296246421 0.97012089438483751 0.9123621563506974 45077.500000000007 4.5000000000000009 34530.750000000007 46555.000000000007 36014.05000000001 36337.500000000007 39905.000000000007 37950.000000000007 5259.0550000000012 1.0000000180025095e-35 0.67179864075917861 37162.000000000007 2.5000000000000004 23298.560000000005 39497.500000000007 35206.920000000006 79.500000000000014 14293.840000000002
decision_type=2 2 2 2 2 2 2 2 2 2 2 2 2 2 2 2 2 2 2 2 2 2 2 2 2
left_child=3 2 11 10 6 23 7 -3 -8 14 12 -2 15 18 24 -1 -14 19 -4 -11 -16 -19 -15 -6 -5
right_child=1 4 13 9 5 -7 8 -9 -10 17 -12 -13 16 22 20 -17 -18 21 -20 -21 -22 -23 -24 -25 -26
leaf_value=14.015618642171226 42.945784505208337 34.875224425575951 1.9426315639329994 -4.4986992306179454 45.411354064941385 0.76113084554672206 24.636818218231202 9.744513845443727 4.9485273548599444 -9.4898938265713788 17.356230020523071 19.197234954833984 2.3593232377882929 -5.5082754558987093 -17.029159575242264 1.7788315541816482 -1.8834518225987755 -3.0224385349888068 6.7765011291503914 -5.1312911623233077 -7.5053800964355482 -4.7653754273151376 -1.1812702499330043 50.300131225585943 -5.9778233337402344
leaf_weight=11.999999999999998 5.9999999999999991 44 46 9.0000000000000018 8.0000000000000018 8.0000000000000018 20 15.999999999999998 66 33 9.9999999999999982 9.9999999999999982 62 18 52 132 405 325 50 148 4.9999999999999991 221 36 13.999999999999998 9.9999999999999982
leaf_count=6 3 22 23 9 4 4 10 8 33 33 5 5 38 17 52 67 236 247 25 139 5 200 18 7 10
internal_value=0.0839123 12.6301 4.43469 -2.92929 20.3599 35.7861 17.1901 28.1737 9.5272 -5.14489 -0.064355 28.1029 -0.349471 1.91008 -13.4646 2.79856 -1.32017 -4.27516 4.46027 -5.92595 -16.1937 -3.72791 -2.62361 48.5224 -5.27719
internal_weight=1766 342 166 1424 176 30 146 60 86 803 621 16 611 150 76 144 467 727 96 181 57 546 54 22 19
internal_count=1226 179 91 1047 88 15 73 30 43 695 352 8 347 83 76 73 274 619 48 172 57 447 35 11 19
is_linear=0
shrinkage=0.05


Tree=3
num_leaves=27
num_cat=0
split_feature=3 4 4 4 7 4 2 0 7 3 0 4 4 4 1 4 0 3 4 4 0 1 3 1 0 2
split_gain=2.68819e+07 9.75778e+06 3.4466e+06 3.98579e+06 4.10445e+06 3.30431e+06 3.05705e+06 1.8609e+06 1.03832e+06 1.66767e+06 853350 588423 584879 511762 508702 239207 210694 201746 193198 186872 166834 106066 103879 73629.4 6617.69 3453.09
threshold=0.89654825411010652 42910.000000000007 44065.000000000007 44395.000000000007 5.5000000000000009 36767.500000000007 7383.9700000000003 34530.750000000007 1.0000000180025095e-35 0.86387998211123584 36380.350000000013 39905.000000000007 37950.000000000007 36384.500000000007 33701.160000000011 35555.000000000007 42438.600000000013 0.6783124213956423 39497.500000000007 37162.000000000007 34942.600000000013 23298.560000000005 0.8863166755194648 35206.920000000006 41205.80000000001 14293.840000000002
decision_type=2 2 2 2 2 2 2 2 2 2 2 2 2 2 2 2 2 2 2 2 2 2 2 2 2 2
left_child=6 5 -3 24 -5 10 8 12 9 15 -2 19 25 14 -10 -1 -11 20 -19 -7 -9 -14 -15 -13 -4 -8
right_child=1 2 3 4 -6 11 7 17 13 16 -12 23 21 22 -16 -17 -18 18 -20 -21 -22 -23 -24 -25 -26 -27
leaf_value=4.1902647347285829 40.798494466145833 50.025546875000003 0.52277835143937001 32.241446031630041 14.599766350143097 1.8594945192337038 -4.2852452754974344 -10.170666313171388 0.48614388500987477 14.391436767578128 16.946872711181641 -5.2187608930799705 -16.208213936014378 -2.6846348181935 13.514837646484375 0.11526836432908712 27.642024739583334 -2.8416606542182294 -4.8219842230210288 6.1858297641460709 -5.1099869364186343 -7.7268613815307621 -0.51752097534410879 -1.119936456850597 2.4401963551839194 -5.6789318847656247
leaf_weight=58 5.9999999999999991 9.9999999999999982 18.000000000000004 64 68 48 8.0000000000000018 18 118 5.9999999999999982 9.9999999999999982 18 47 341 7.9999999999999991 95 6 292 213 52 171 3.9999999999999991 66 28 5.9999999999999991 9.9999999999999982
leaf_count=29 3 5 9 32 34 24 8 18 60 3 5 17 47 219 4 56 3 222 200 26 160 4 36 14 3 10
internal_value=0.114582 13.0501 21.5695 19.7454 23.1533 4.32026 -2.78949 -4.97705 -0.398204 3.0678 25.8912 1.95632 -12.8082 -1.47117 1.31336 1.66004 21.0167 -4.19845 -3.67693 4.10919 -5.59196 -15.543 -2.33321 -2.72382 1.00213 -5.05952
internal_weight=1789 328 166 156 132 162 1461 763 698 165 16 146 69 533 126 153 12 694 505 100 189 51 407 46 24 18
internal_count=1251 172 83 78 66 89 1079 669 410 91 8 81 69 319 64 85 6 600 422 50 178 51 255 31 12 18
is_linear=0
shrinkage=0.05


Tree=4
num_leaves=27
num_cat=0
split_feature=3 3 7 2 2 1 3 0 8 1 7 1 8 6 1 7 2 3 0 0 8 8 0 7 8 0
split_gain=2.48064e+07 6.58002e+06 5.93964e+06 5.2691e+06 3.26266e+06 3.08779e+06 2.35017e+06 1.92112e+06 1.35642e+06 1.22966e+06 1.22463e+06 1.32386e+06 878415 652569 349295 251574 254410 179455 172562 141145 95295.7 93431.9 42100.9 38487.3 34563.3 2851.69
threshold=0.89727013102460396 0.96667942604169388 5.5000000000000009 3561.4500000000003 6652.2850000000008 37413.830000000009 0.90390120488915582 34754.950000000004 2.5000000000000004 39316.770000000011 1.0000000180025095e-35 36630.025000000009 3.5000000000000004 86.500000000000014 23298.560000000005 4.5000000000000009 5182.7600000000011 0.69713734581384434 38955.750000000007 38380.150000000009 2.5000000000000004 3.5000000000000004 41448.650000000001 2.5000000000000004 2.5000000000000004 40300.850000000006
decision_type=2 2 2 2 2 2 2 2 2 2 2 2 2 2 2 2 2 2 2 2 2 2 2 2 2 2
left_child=4 3 22 8 10 6 -5 12 19 -7 11 18 14 -10 -6 16 -12 20 -1 -2 -9 -19 25 -14 -17 -3
right_child=1 2 -4 5 7 9 -8 17 13 -11 15 -13 23 -15 -16 24 -18 21 -20 -21 -22 -23 -24 -25 -26 -27
leaf_value=1.8571379066529599 -5.1091285451253263 47.566106160481716 -0.22973261356353758 2.0405165115992232 -15.483083294283958 40.790494079589841 23.032323668797812 -7.0946345762772998 6.9239331937172039 17.596177911758424 1.2351318236633584 21.949367370605472 0.62344597578048655 16.570695648193361 -4.9421676635742191 -4.7868409991264347 -1.5684238344135852 -3.9656350272447889 6.0512700557708747 0.57820820198394363 -4.4945365035264508 -2.6985398336624105 42.568711547851564 -4.6448777712308447 -2.7058310886598984 46.187293090820312
leaf_weight=88 14.999999999999998 6.0000000000000062 9.9999999999999982 24 62 20.000000000000004 30 44 142 7.9999999999999991 135 9.9999999999999982 4.0000000000000027 20 8.9999999999999982 32 202 294 34 40 177 288 9.9999999999999982 26 53 9.9999999999999982
leaf_count=46 15 3 5 12 62 10 15 44 71 4 69 5 2 10 8 31 111 250 17 20 166 216 5 26 30 5
internal_value=0.0539911 12.3232 32.5183 9.89172 -2.76507 20.6893 13.7026 -4.61668 5.81154 34.1635 0.256314 4.45958 -11.1159 8.11489 -14.1469 -1.05845 -0.445338 -3.79922 3.02599 -0.972884 -5.0122 -3.33862 45.1137 -3.94243 -3.48927 46.7043
internal_weight=1793 335 36 299 1458 82 54 904 217 28 554 132 101 162 71 422 337 803 122 55 221 582 26 30 85 16
internal_count=1258 175 18 157 1083 41 27 774 116 14 309 68 98 81 70 241 180 676 63 35 210 466 13 28 61 8
is_linear=0
shrinkage=0.05


end of trees

feature_importances:
thermal_on_capacity=27
total_load=22
thermal_space_load_ratio=18
weekday=18
renewable_power=17
net_load=16
month=10
period=2

parameters:
[boosting: gbdt]
[objective: regression]
[metric: rmse]
[tree_learner: serial]
[device_type: cpu]
[data_sample_strategy: bagging]
[data: ]
[valid: ]
[num_iterations: 400]
[learning_rate: 0.05]
[num_leaves: 31]
[num_threads: 0]
[seed: 42]
[deterministic: 0]
[force_col_wise: 0]
[force_row_wise: 0]
[histogram_pool_size: -1]
[max_depth: 5]
[min_data_in_leaf: 3]
[min_sum_hessian_in_leaf: 0.001]
[bagging_fraction: 0.85]
[pos_bagging_fraction: 1]
[neg_bagging_fraction: 1]
[bagging_freq: 1]
[bagging_seed: 400]
[bagging_by_query: 0]
[feature_fraction: 0.85]
[feature_fraction_bynode: 1]
[feature_fraction_seed: 30056]
[extra_trees: 0]
[extra_seed: 12879]
[early_stopping_round: 0]
[early_stopping_min_delta: 0]
[first_metric_only: 0]
[max_delta_step: 0]
[lambda_l1: 0]
[lambda_l2: 0]
[linear_lambda: 0]
[min_gain_to_split: 0]
[drop_rate: 0.1]
[max_drop: 50]
[skip_drop: 0.5]
[xgboost_dart_mode: 0]
[uniform_drop: 0]
[drop_seed: 17869]
[top_rate: 0.2]
[other_rate: 0.1]
[min_data_per_group: 100]
[max_cat_threshold: 32]
[cat_l2: 10]
[cat_smooth: 10]
[max_cat_to_onehot: 4]
[top_k: 20]
[monotone_constraints: ]
[monotone_constraints_method: basic]
[monotone_penalty: 0]
[feature_contri: ]
[forcedsplits_filename: ]
[refit_decay_rate: 0.9]
[cegb_tradeoff: 1]
[cegb_penalty_split: 0]
[cegb_penalty_feature_lazy: ]
[cegb_penalty_feature_coupled: ]
[path_smooth: 0]
[interaction_constraints: ]
[verbosity: -1]
[saved_feature_importance_type: 0]
[use_quantized_grad: 0]
[num_grad_quant_bins: 4]
[quant_train_renew_leaf: 0]
[stochastic_rounding: 1]
[linear_tree: 0]
[max_bin: 255]
[max_bin_by_feature: ]
[min_data_in_bin: 3]
[bin_construct_sample_cnt: 200000]
[data_random_seed: 175]
[is_enable_sparse: 1]
[enable_bundle: 1]
[use_missing: 1]
[zero_as_missing: 0]
[feature_pre_filter: 1]
[pre_partition: 0]
[two_round: 0]
[header: 0]
[label_column: ]
[weight_column: ]
[group_column: ]
[ignore_column: ]
[categorical_feature: ]
[forcedbins_filename: ]
[precise_float_parser: 0]
[parser_config_file: ]
[objective_seed: 16083]
[num_class: 1]
[is_unbalance: 0]
[scale_pos_weight: 1]
[sigmoid: 1]
[boost_from_average: 1]
[reg_sqrt: 0]
[alpha: 0.9]
[fair_c: 1]
[poisson_max_delta_step: 0.7]
[tweedie_variance_power: 1.5]
[lambdarank_truncation_level: 30]
[lambdarank_norm: 1]
[label_gain: ]
[lambdarank_position_bias_regularization: 0]
[eval_at: ]
[multi_error_top_k: 1]
[auc_mu_weights: ]
[num_machines: 1]
[local_listen_port: 12400]
[time_out: 120]
[machine_list_filename: ]
[machines: ]
[gpu_platform_id: -1]
[gpu_device_id: -1]
[gpu_use_dp: 0]
[num_gpu: 1]

end of parameters

pandas_categorical:[]
