tree
version=v4
num_class=1
num_tree_per_iteration=1
label_index=0
max_feature_idx=10
objective=regression
feature_names=total_load net_load renewable_power thermal_space_load_ratio thermal_on_capacity hour period weekday month is_weekend is_holiday
feature_infos=[25280.099999999999:43248.199999999997] [544.02999999999884:40224.789999999994] [1819.72:28713.84] [0.020645672996645218:0.95544019374254663] [27170:47015] [16:17] [67:72] [0:6] [2:4] [0:1] none
tree_sizes=2249 2479 2267 2595 2010 2281 2375 2559 2341 2190 2394 2404 2195 1702 2192 2436 2492 2537 2381 2446 2352 2219 2321 2315 2383 2268 2205

Tree=0
num_leaves=25
num_cat=0
split_feature=1 1 0 7 2 7 2 1 4 4 0 4 4 1 4 0 2 2 7 1 1 4 1 8
split_gain=1.77894e+07 3.97847e+06 3.31053e+06 2.53729e+06 2.15364e+06 2.10061e+06 1.50465e+06 904328 878598 839255 629604 587271 221408 216418 131685 123331 80072 77289.7 76139.6 57326.4 54311.4 44182.1 24145.3 23445.6
threshold=33894.500000000007 21592.340000000004 40102.30000000001 4.5000000000000009 2610.5100000000007 1.5000000000000002 7163.8200000000006 14777.825000000006 44810.000000000007 36384.500000000007 37696.750000000007 37950.000000000007 44735.000000000007 34735.560000000005 44395.000000000007 33804.850000000006 10881.460000000001 3716.8450000000007 5.5000000000000009 19156.085000000003 13281.48 37332.500000000007 18540.995000000006 2.5000000000000004
decision_type=2 2 2 2 2 2 2 2 2 2 2 2 2 2 2 2 2 2 2 2 2 2 2 2
left_child=1 7 3 13 -4 -6 9 15 12 10 -3 22 -5 -2 -11 20 21 -7 -17 -13 -1 -8 -9 -18
right_child=2 6 4 8 5 17 16 11 -10 14 -12 19 -14 -15 -16 18 23 -19 -20 -21 -22 -23 -24 -25
leaf_value=313.28068868499474 340.29563758370142 353.08310477730492 370.54563643929225 359.87897117134793 360.78530509468777 335.88730428215723 329.20503589397424 324.20286160670298 388.06230247017606 331.4878600009302 332.595637710858 315.26772090855764 373.46230552193384 352.857679915397 336.23730450016126 316.37413778037029 324.41817941662532 330.07230439898234 323.64563796517115 319.53373283996189 317.58974883553248 327.34450952636831 325.97160670310609 326.53966870577284
leaf_weight=39 5.9999999999999991 9.9999999999999982 5.9999999999999991 6 7.9999999999999991 8.0000000000000018 54 35 8 54 5.9999999999999991 18 6 7.9999999999999991 20 8.9999999999999982 15.999999999999998 20 5.9999999999999991 13.999999999999998 8.9999999999999982 78 43 70
leaf_count=39 3 5 3 3 4 4 39 35 4 35 3 18 3 4 11 9 16 10 6 14 9 70 43 68
internal_value=329.721 326.17 352.201 363.799 342.812 338.19 329.578 320.102 375.227 335.017 345.4 322.838 366.671 347.474 332.771 315.325 327.332 331.734 319.283 317.134 314.089 328.106 325.178 326.145
internal_weight=557 481 76 34 42 36 308 173 20 90 16 110 12 14 74 63 218 28 15 32 48 132 78 86
internal_count=458 420 38 17 21 18 247 173 10 54 8 110 6 7 46 63 193 14 15 32 48 109 78 84
is_linear=0
shrinkage=1


Tree=1
num_leaves=27
num_cat=0
split_feature=3 1 3 7 0 2 6 2 8 8 1 8 0 3 8 3 8 1 0 7 7 7 1 1 0 2
split_gain=1.63391e+07 3.31229e+06 3.21583e+06 2.28041e+06 1.20902e+06 1.09966e+06 850035 1.11609e+06 726581 602942 519210 446655 472553 434772 303532 213310 257398 210028 137365 95132.7 91286.6 88719.1 40342 35351.7 23735.4 734.692
threshold=0.86537915874890925 18700.125000000004 0.89821339459075411 5.5000000000000009 40799.80000000001 7233.6000000000013 69.500000000000014 4733.2450000000017 2.5000000000000004 2.5000000000000004 13281.48 3.5000000000000004 35475.80000000001 0.89580241778135949 3.5000000000000004 0.68651784081311906 2.5000000000000004 36490.140000000007 33966.500000000007 5.5000000000000009 1.0000000180025095e-35 1.0000000180025095e-35 23769.505000000005 14087.695 36689.30000000001 17168.765000000003
decision_type=2 2 2 2 2 2 2 2 2 2 2 2 2 2 2 2 2 2 2 2 2 2 2 2 2 2
left_child=1 10 6 8 -5 11 7 -2 -4 24 18 21 -13 -11 20 16 -7 -10 25 -20 -12 -3 -17 -16 -8 -1
right_child=2 5 3 4 -6 15 9 -9 17 13 14 12 -14 -15 23 22 -18 -19 19 -21 -22 -23 -24 -25 -26 -27
leaf_value=-14.72236785888672 34.842639541625964 5.3149165017264233 30.772365951538081 32.426301447550458 2.7349056005477905 -9.7542205509386566 -3.0077264149983689 9.7866958618164066 42.951130167643228 17.695812320709226 -4.7687533060709582 20.495845031738284 5.275994732800652 1.9132796406745911 -9.6157752227783213 -5.9810100555419927 -3.4057447414398192 56.180773925781239 -15.410332107543949 -5.7442104339599602 -14.189522213406034 -0.85131918217454638 -1.4108596967044453 -5.173794879469761 1.8641773637135826 -15.531662838958031
leaf_weight=2.9999999999999991 8.0000000000000018 6.9999999999999991 9 5.9999999999999991 7.9999999999999991 19 3.0000000000000027 9.9999999999999982 6 16.000000000000004 3.0000000000000027 5.9999999999999991 34 5.9999999999999991 4.9999999999999991 4.9999999999999991 100 6 3.9999999999999982 7 18 35 141 43 14.999999999999998 43
leaf_count=3 4 4 5 3 4 19 3 5 3 8 3 3 19 3 5 5 99 3 4 7 18 25 115 43 8 43
internal_value=-0.0367189 -3.80364 19.1219 31.0909 15.4598 -1.28235 11.8993 20.9227 41.5116 7.8388 -10.7472 3.77765 7.55897 13.3915 -7.83 -2.84808 -4.41937 49.566 -14.2786 -9.25916 -12.8437 0.176387 -1.56737 -5.6365 1.05219 -15.4789
internal_weight=566 473 93 35 14 347 58 18 21 40 126 82 40 22 69 265 119 12 57 11 21 42 146 48 18 46
internal_count=464 415 49 18 7 289 31 9 11 22 126 51 22 11 69 238 118 6 57 11 21 29 120 48 11 46
is_linear=0
shrinkage=0.05


Tree=2
num_leaves=25
num_cat=0
split_feature=1 1 2 6 2 0 7 2 1 4 4 7 7 3 0 7 0 7 3 8 1 3 1 3
split_gain=1.79246e+07 3.1147e+06 2.67291e+06 1.44835e+06 1.64439e+06 1.4858e+06 1.09084e+06 800370 743209 556621 532054 371803 334079 186775 119154 103224 94394.6 84623.3 74003.6 70870.9 35105.9 27140.4 12790 2574.45
threshold=33894.500000000007 21592.340000000004 4733.2450000000017 70.500000000000014 3912.0550000000003 40102.30000000001 5.5000000000000009 7574.5400000000009 14087.695 36349.500000000007 37950.000000000007 2.5000000000000004 5.5000000000000009 0.86537915874890925 33966.500000000007 1.0000000180025095e-35 36170.150000000009 5.5000000000000009 0.68651784081311906 2.5000000000000004 18540.995000000006 0.76348728124429655 13281.48 0.8590612359547215
decision_type=2 2 2 2 2 2 2 2 2 2 2 2 2 2 2 2 2 2 2 2 2 2 2 2
left_child=1 8 3 5 6 12 -5 9 14 16 20 -4 -2 -11 22 -12 -3 -16 19 -9 -10 -20 -1 -13
right_child=2 7 11 4 -6 -7 -8 18 10 13 15 23 -14 -15 17 -17 -18 -19 21 -21 -22 -23 -24 -25
leaf_value=-14.69664192199707 51.527654418945282 17.734131876627607 15.333712259928376 37.799320111955915 4.4593378257751466 16.755263106028238 17.255421813329061 -7.41319793701172 -5.2670947448067054 0.50094316183631105 -3.92912712097168 -1.1513409137725832 36.603866577148438 5.7230995613595717 -14.501872253417972 -12.434116343295935 8.8649606068929021 -5.3852857317243306 -1.9735441234085584 -2.8917460426917447 -3.2279032144791042 -0.3517052135533757 -11.322469711303711 0.43877825566700523
leaf_weight=44 10.000000000000005 5.9999999999999982 6.0000000000000027 14 9.9999999999999982 5.9999999999999991 12 9.9999999999999982 46 67 3.9999999999999991 3.9999999999999982 5.9999999999999991 23 3.9999999999999982 33 6 7 91 65 39 36 2.9999999999999991 7
leaf_count=44 5 3 3 7 5 3 6 10 46 44 4 3 3 14 4 33 3 7 83 64 39 25 3 4
internal_value=0.0118912 -3.51261 22.7566 27.8669 21.6902 37.9742 28.3175 -0.426185 -8.72523 3.18421 -6.50997 5.32167 45.9312 1.83549 -13.3849 -11.5147 13.2995 -8.70041 -2.24925 -3.49461 -4.33147 -1.51381 -14.4813 -0.139447
internal_weight=559 484 75 58 36 22 26 304 180 102 122 17 16 90 58 37 12 11 202 75 85 127 47 11
internal_count=465 426 39 29 18 11 13 246 180 64 122 10 8 58 58 37 6 11 182 74 85 108 47 7
is_linear=0
shrinkage=0.05


Tree=3
num_leaves=28
num_cat=0
split_feature=3 1 3 7 4 0 7 2 4 0 0 1 0 4 7 4 0 1 4 7 7 4 0 7 4 0 2
split_gain=1.34686e+07 2.45244e+06 2.44774e+06 1.59777e+06 2.38922e+06 1.09179e+06 857060 736545 798371 674340 660439 445686 432414 429830 361033 302531 216658 150375 154529 98427.4 84627.1 58844.1 36766 43235.7 28391.7 17180.4 294.603
threshold=0.86537915874890925 18700.125000000004 0.89821339459075411 5.5000000000000009 44810.000000000007 40799.80000000001 4.5000000000000009 7574.5400000000009 36349.500000000007 39370.55000000001 38605.150000000009 12994.865000000003 37696.750000000007 45077.500000000007 1.5000000000000002 37950.000000000007 39831.450000000004 23916.190000000002 37950.000000000007 1.5000000000000002 1.0000000180025095e-35 37332.500000000007 33966.500000000007 5.5000000000000009 36520.000000000007 39452.650000000009 18034.235000000004
decision_type=2 2 2 2 2 2 2 2 2 2 2 2 2 2 2 2 2 2 2 2 2 2 2 2 2 2 2
left_child=1 11 6 4 -4 -5 14 8 12 10 -8 22 -3 -6 16 24 -2 18 -9 -10 -17 -19 26 -24 -13 -16 -1
right_child=2 7 3 5 13 -7 9 17 19 -11 -12 15 -14 -15 25 20 -18 21 -20 -21 -22 -23 23 -25 -26 -27 -28
leaf_value=-13.527928924560548 8.0348469073955808 19.175192108154299 7.7574501037597621 29.950550969441732 51.100955810546857 1.7353892385959626 14.113073120117182 -2.7256197376527651 2.7623562179762744 6.6956610520680746 38.717999267578122 -4.4109171425423979 2.1965037663777669 35.551691436767577 3.5029728317260727 -4.3338591257731069 19.521319580078128 -0.15921565269937321 -6.8856193889271129 -0.97305665643678774 -13.404488945007325 -2.2777558713850352 -14.051597086588542 -5.562806955973306 -7.8563619886125835 0.57206984043121334 -14.043106367781357
leaf_weight=2.9999999999999991 13.000000000000002 9.9999999999999982 6.0000000000000027 5.9999999999999991 10.000000000000002 7.9999999999999991 5.0000000000000018 69 29 5.9999999999999991 6 41 5.9999999999999991 7.9999999999999991 10.000000000000002 3.0000000000000027 5.9999999999999991 49 33 45 18 99 2.9999999999999991 3 6.9999999999999991 9.9999999999999982 37
leaf_count=3 7 5 4 3 5 4 3 69 15 3 3 41 3 4 5 3 3 35 33 33 18 92 3 3 7 5 37
internal_value=0.226677 -3.33294 17.4567 27.2514 35.082 13.8276 10.8103 -1.19806 2.68057 20.1793 27.5339 -9.64475 12.8082 44.1902 6.72644 -7.10325 11.6622 -2.59437 -4.0715 0.490821 -12.1087 -1.57635 -13.457 -9.8072 -4.91338 2.03752 -14.0045
internal_weight=549 455 94 38 24 14 56 340 90 17 11 115 16 18 39 69 19 250 102 74 21 148 46 6 48 20 40
internal_count=449 400 49 20 13 7 29 285 56 9 6 115 8 9 20 69 10 229 102 48 21 127 46 6 48 10 40
is_linear=0
shrinkage=0.05


Tree=4
num_leaves=22
num_cat=0
split_feature=3 3 7 1 0 7 1 2 8 7 8 3 0 8 2 0 7 0 7 2 1
split_gain=1.24607e+07 4.05476e+06 1.66416e+06 1.31698e+06 985339 953328 884246 857984 474470 530478 272403 300164 229086 257651 190824 84681.2 83990.4 82708.2 102949 67668.4 61258.1
threshold=0.89821339459075411 0.75734276440409498 5.5000000000000009 15525.65 40799.80000000001 4.5000000000000009 37007.350000000006 5601.2800000000016 2.5000000000000004 5.5000000000000009 2.5000000000000004 0.6397117613185942 35190.350000000006 3.5000000000000004 3449.7600000000007 40611.700000000004 1.5000000000000002 33804.850000000006 5.5000000000000009 14832.640000000001 13281.48
decision_type=2 2 2 2 2 2 2 2 2 2 2 2 2 2 2 2 2 2 2 2 2
left_child=1 3 5 17 -4 6 -2 8 15 -10 11 -5 13 -9 -7 -3 -14 20 -19 -12 -1
right_child=2 7 4 10 -6 14 -8 12 9 -11 19 -13 16 -15 -16 -17 -18 18 -20 -21 -22
leaf_value=-13.268319999880909 4.9820901870727523 5.5508932113647447 28.45302308400472 -10.673912948828479 1.6486197590827942 48.437539672851564 33.774106597900392 -1.3348852923938204 7.7354271968205772 19.827640173985408 -2.2439350066119679 -3.333918732404709 2.0492363100828128 10.735542825857799 36.64165852864582 0.11800462282620944 -0.79919457655686599 -11.995297737121581 -4.6241377088758666 -4.3751615352630617 -9.2066268603007
leaf_weight=41 4.0000000000000009 16.000000000000004 5.9999999999999991 26 7.9999999999999991 7.9999999999999991 7.9999999999999991 7.0000000000000009 30 12.999999999999998 146 30 43 12 6.0000000000000009 12.999999999999998 65 10 9 50 11.999999999999998
leaf_count=41 3 10 3 26 4 4 4 5 15 7 141 28 25 6 3 7 48 10 9 50 12
internal_value=0.13719 -1.91996 27.0345 -5.37026 13.1362 34.5181 24.1768 3.6976 8.05792 11.3912 -3.66632 -6.74177 1.2256 6.28854 43.3822 3.11546 0.334903 -11.334 -8.5037 -2.78762 -12.3487
internal_weight=563 523 40 324 14 26 12 199 72 43 252 56 127 19 14 29 108 72 19 196 53
internal_count=461 440 21 317 7 14 7 123 39 22 245 54 84 11 7 17 73 72 19 191 53
is_linear=0
shrinkage=0.05


Tree=5
num_leaves=26
num_cat=0
split_feature=3 0 3 4 4 7 4 3 8 2 4 7 0 7 7 0 7 8 2 3 0 8 4 6 7
split_gain=1.09797e+07 1.95176e+06 1.70808e+06 1.39345e+06 1.05483e+06 1.32158e+06 860233 533377 473234 343255 428739 323676 125547 83430.2 65572.7 54591.7 54457.9 43553.8 43040.1 40781.6 39036.5 31170 16816.5 3810.01 459.022
threshold=0.86537915874890925 38052.700000000004 0.6397117613185942 45602.500000000007 44735.000000000007 5.5000000000000009 46555.000000000007 0.3777771521782825 2.5000000000000004 7574.5400000000009 36349.500000000007 4.5000000000000009 35783.600000000006 2.5000000000000004 1.0000000180025095e-35 33966.500000000007 5.5000000000000009 3.5000000000000004 14832.640000000001 0.75734276440409498 36170.150000000009 2.5000000000000004 37332.500000000007 71.500000000000014 3.5000000000000004
decision_type=2 2 2 2 2 2 2 2 2 2 2 2 2 2 2 2 2 2 2 2 2 2 2 2 2
left_child=2 12 7 4 11 -6 23 15 14 10 20 -3 -2 -12 -9 24 -17 -14 -10 21 -4 -11 -21 -5 -1
right_child=1 3 9 6 5 -7 -8 8 18 19 13 -13 17 -15 -16 16 -18 -19 -20 22 -22 -23 -24 -25 -26
leaf_value=-12.382397689819337 -4.4896910095214819 7.5392112517356864 13.668555450439456 -0.49092930597918372 37.940360344780821 18.780349519517689 21.140265846252436 -3.6079252243041995 -2.8096514921921951 -3.5564557003252433 1.9663305312395096 21.032457923889154 2.2665009975433348 -1.5250133718763079 -11.360878711889187 -12.620465660095219 -4.7932599639892572 7.2161476135253899 -4.7267351762572334 0.94125157083783828 7.9650109608968096 -1.7967660089708724 -1.1268193756992166 1.226109504699707 -12.788167538850203
leaf_weight=9.9999999999999982 5.0000000000000027 10 5.9999999999999982 7 18 18 8 2.9999999999999991 52 33 44 8 10 28 30 3.9999999999999982 5 8 67 13.999999999999998 6 106 33 6 23
leaf_count=10 5 5 3 4 9 9 4 3 52 32 24 4 5 24 30 4 5 4 67 7 3 100 27 3 23
internal_value=0.0543792 15.2614 -3.15744 19.1689 23.419 28.3604 8.24011 -6.73631 -5.35818 -0.585956 2.0669 13.5362 2.51938 0.608586 -10.6561 -11.7238 -8.27202 4.46634 -3.88902 -1.78402 10.8168 -2.21453 -0.510798 0.30155 -12.6652
internal_weight=562 98 464 75 54 36 21 194 152 270 84 18 23 72 33 42 9 18 119 186 12 139 47 13 33
internal_count=466 52 414 38 27 18 11 194 152 220 54 9 14 48 33 42 9 9 119 166 6 132 34 7 33
is_linear=0
shrinkage=0.05


Tree=6
num_leaves=26
num_cat=0
split_feature=1 2 1 0 7 4 7 0 2 4 1 4 4 4 7 0 0 7 3 7 4 7 6 4 0
split_gain=1.11516e+07 2.18796e+06 2.10218e+06 1.16099e+06 1.12284e+06 1.27646e+06 778490 750440 549035 797340 534047 450836 404387 298206 293492 133982 106112 67638 58519.3 46284.7 29417.1 27081.8 18309.9 9761.93 4086.49
threshold=33894.500000000007 4007.6350000000007 21592.340000000004 39452.650000000009 5.5000000000000009 44810.000000000007 4.5000000000000009 40897.850000000006 7574.5400000000009 36349.500000000007 14777.825000000006 45077.500000000007 36105.000000000007 37950.000000000007 1.5000000000000002 33804.850000000006 34854.000000000007 1.0000000180025095e-35 0.68651784081311906 5.5000000000000009 35865.000000000007 4.5000000000000009 67.500000000000014 46105.000000000007 33106.850000000013
decision_type=2 2 2 2 2 2 2 2 2 2 2 2 2 2 2 2 2 2 2 2 2 2 2 2 2
left_child=2 4 10 6 5 -2 -3 -6 9 12 15 -7 -4 22 -5 24 -11 -15 21 -17 -20 -10 -12 -16 -1
right_child=1 3 8 14 7 11 -8 -9 18 16 13 -13 -14 17 23 19 -18 -19 20 -21 -22 -23 -24 -25 -26
leaf_value=-12.128397045135499 11.851171366373691 7.2943262736002614 1.5859661102294917 12.565473556518548 26.091355641682949 44.275363159179676 31.119710540771486 1.084020273387432 -2.475405448855776 -4.5013746897379558 -4.5495666408538815 28.951845550537112 17.483815511067707 -2.9228784561157228 -1.0858939604325728 -9.5353645324707017 1.2250216974318029 -9.8736252461160934 0.60060637474060063 -4.3084291881985122 -1.4811630257538386 -4.9721742043128385 -2.7871419719287331 1.2095850586891173 -11.04020956212824
leaf_weight=40 6.0000000000000027 5.9999999999999991 6.0000000000000009 6.0000000000000027 5.9999999999999982 12.000000000000002 7.9999999999999991 6 66 8.9999999999999982 20 7.9999999999999991 12 3.9999999999999991 11 8 80 28 20 9 112 12.999999999999998 56 8 10.999999999999998
leaf_count=40 3 3 3 3 3 6 4 3 65 9 20 4 6 4 6 8 50 28 12 9 99 13 56 4 11
internal_value=0.00172199 17.7003 -2.75697 9.38073 26.2389 32.0779 20.9088 13.5877 -0.330447 2.58702 -7.14126 38.146 12.1845 -4.95578 2.92499 -10.6123 0.645948 -9.00478 -1.80992 -6.76816 -1.16574 -2.88627 -3.25094 -0.119376 -11.8937
internal_weight=571 77 494 39 38 26 14 12 318 107 176 20 18 108 25 68 89 32 211 17 132 79 76 19 51
internal_count=472 39 433 20 19 13 7 6 257 68 176 10 9 108 13 68 59 32 189 17 111 78 76 10 51
is_linear=0
shrinkage=0.05


Tree=7
num_leaves=28
num_cat=0
split_feature=3 3 3 7 2 7 0 2 0 0 7 1 8 8 0 0 7 3 8 0 7 0 7 8 1 0 1
split_gain=1.05946e+07 2.42922e+06 1.75747e+06 1.08396e+06 761743 706074 680391 566459 495965 670349 364104 340493 320644 303939 300261 212194 186785 84235.4 92941.7 74618.6 47474.2 44891.5 30905 25751 20092.6 11174.8 6636.25
threshold=0.86537915874890925 0.89821339459075411 0.5737695789668672 5.5000000000000009 3606.0450000000005 4.5000000000000009 40799.80000000001 7574.5400000000009 39370.55000000001 38605.150000000009 1.5000000000000002 14087.695 3.5000000000000004 3.5000000000000004 36367.350000000006 39114.30000000001 4.5000000000000009 0.68651784081311906 2.5000000000000004 33966.500000000007 5.5000000000000009 34854.000000000007 3.5000000000000004 3.5000000000000004 17368.610000000004 39452.650000000009 13281.48
decision_type=2 2 2 2 2 2 2 2 2 2 2 2 2 2 2 2 2 2 2 2 2 2 2 2 2 2 2
left_child=2 5 11 4 16 10 -5 12 9 -7 15 19 21 22 -14 -2 -3 18 -9 26 -21 -4 -13 -19 -15 -12 -1
right_child=1 3 7 6 -6 8 -8 17 -10 -11 25 13 14 24 -16 -17 -18 23 -20 20 -22 -23 -24 -25 -26 -27 -28
leaf_value=-11.424565960112073 5.6014243655734575 30.839906819661437 -4.1789463361104335 24.786787414550787 20.222864837646483 9.3464198430379177 0.97517567475636791 -5.8567240134529452 4.798105875651042 31.455161666870119 2.4747620773315422 -8.6999248849021047 8.4736872831980392 -4.2373358449628276 -0.0079066514968872074 16.793103408813476 41.998906860351553 -1.8198402217456273 -2.2827767996952453 -11.749776458740238 -4.23200694492885 0.39329308721364714 -12.434920883178712 -0.42644774648878309 -2.3895394052777972 0.25154757866492639 -8.9903869946797688
leaf_weight=42 9.0000000000000018 6.0000000000000044 5.9999999999999991 5.9999999999999982 9.9999999999999982 6.0000000000000027 6 23 5.9999999999999991 7.9999999999999991 10.000000000000002 18.000000000000004 30 31 15.999999999999998 7.9999999999999991 10 70 87 2.9999999999999982 7 51 7.9999999999999991 63 28 12.999999999999998 2.9999999999999991
leaf_count=42 5 3 6 3 5 4 3 23 3 4 5 18 15 31 10 4 5 64 86 3 7 34 8 49 28 7 3
internal_value=0.422262 15.4195 -2.60188 25.3113 31.0484 9.15473 12.881 -0.689286 16.8254 21.98 5.31938 -7.32871 2.41814 -5.34521 5.52357 10.8681 37.8143 -2.00642 -3.03006 -10.3941 -6.48734 -0.0879953 -9.84915 -1.15981 -3.36042 1.21816 -11.2623
internal_weight=584 98 486 38 26 60 12 346 20 14 40 140 103 85 46 17 16 243 110 55 10 57 26 133 59 23 45
internal_count=478 51 427 19 13 32 6 287 11 8 21 140 65 85 25 9 8 222 109 55 10 40 26 113 59 12 45
is_linear=0
shrinkage=0.05


Tree=8
num_leaves=25
num_cat=0
split_feature=1 2 1 0 4 0 7 2 4 0 1 4 7 0 0 7 3 1 4 8 4 1 7 0
split_gain=8.15509e+06 2.03229e+06 1.75743e+06 860278 840294 1.22873e+06 1.67933e+06 658567 517527 387209 345837 288887 233882 152553 86504.2 95372.2 46372.1 39591 38468.2 33816.6 24929.6 11111.3 8175.98 6723.15
threshold=33894.500000000007 4216.0950000000012 21592.340000000004 39452.650000000009 44735.000000000007 40799.80000000001 5.5000000000000009 7233.6000000000013 36349.500000000007 37696.750000000007 15115.675000000001 37950.000000000007 1.5000000000000002 34854.000000000007 33106.850000000013 4.5000000000000009 0.68651784081311906 37303.720000000008 43767.500000000007 2.5000000000000004 35865.000000000007 17368.610000000004 1.0000000180025095e-35 41790.200000000004
decision_type=2 2 2 2 2 2 2 2 2 2 2 2 2 2 2 2 2 2 2 2 2 2 2 2
left_child=2 4 10 -3 -2 17 -7 8 9 -4 14 21 -5 -10 22 -16 19 -6 -13 -9 -18 -12 -1 -14
right_child=1 3 7 12 5 6 -8 16 13 -11 11 18 23 -15 15 -17 20 -19 -20 -21 -22 -23 -24 -25
leaf_value=-8.2732723236083991 8.5508896827697765 19.314081649780277 17.573779144287112 10.8525565624237 38.39253784179688 33.069222640991221 0.67193884998559938 -4.8919113379258379 -4.825133132934571 1.5070631663004557 -3.7738114096901634 -7.610880605821257 -0.90672681808471656 2.4292268199967104 -9.808619903115666 -4.4302148997783659 0.59189844250679025 33.255026245117186 -12.036972554524739 -2.0909960459149075 -1.3072964760731525 -2.4442605764215646 -11.003118586540223 1.07363650004069
leaf_weight=2.9999999999999991 7.9999999999999991 9.9999999999999982 9.9999999999999982 6.0000000000000027 9.9999999999999982 7.9999999999999973 8 12.999999999999998 7.9999999999999991 5.9999999999999991 22 27 15.000000000000002 77 17 15.999999999999998 20 5.9999999999999991 5.9999999999999991 63 127 55 32 5.9999999999999991
leaf_count=3 4 5 5 3 5 4 4 13 8 3 22 27 8 46 17 16 12 3 6 62 110 55 32 3
internal_value=0.0809653 15.2323 -2.24305 6.78641 23.0448 26.6683 16.8706 -0.0502676 3.2993 11.5488 -6.2344 -4.50158 2.14653 1.74646 -9.03749 -7.20091 -1.56734 36.466 -8.41562 -2.5701 -1.0489 -2.82413 -10.7691 -0.340909
internal_weight=579 77 502 37 40 32 16 324 101 16 178 110 27 85 68 33 223 16 33 76 147 77 35 21
internal_count=476 39 437 19 20 16 8 259 62 8 178 110 14 54 68 33 197 8 33 75 122 77 35 11
is_linear=0
shrinkage=0.05


Tree=9
num_leaves=24
num_cat=0
split_feature=1 1 2 0 7 4 0 2 4 1 7 4 0 7 3 4 0 7 7 4 1 6 0
split_gain=6.57923e+06 1.62261e+06 1.11865e+06 1.0158e+06 780087 1.02202e+06 546279 488311 681264 370623 330042 223457 130509 103521 102367 90289.3 78626.8 44643.3 44634.3 31066.6 16829.6 11717.6 3675.8
threshold=34140.270000000011 21592.340000000004 4007.6350000000007 39452.650000000009 5.5000000000000009 44810.000000000007 40799.80000000001 6422.5850000000009 37162.000000000007 14777.825000000006 1.5000000000000002 37950.000000000007 41094.30000000001 5.5000000000000009 0.75734276440409498 36349.500000000007 33804.850000000006 5.5000000000000009 1.0000000180025095e-35 39497.500000000007 13281.48 67.500000000000014 41577.600000000013
decision_type=2 2 2 2 2 2 2 2 2 2 2 2 2 2 2 2 2 2 2 2 2 2 2
left_child=1 9 4 -4 5 -2 -6 8 -3 16 -5 21 -7 -10 19 -16 20 -18 -13 -9 -1 -11 -12
right_child=2 7 3 10 6 12 -8 14 13 11 22 18 -14 -15 15 -17 17 -19 -20 -21 -22 -23 -24
leaf_value=-10.30038851360942 9.8199251810709587 19.805938720703125 21.732717208862308 11.431102681159969 21.627821095784512 38.665304565429693 0.29164680242538449 -1.2562488172709205 3.0804996516393581 -3.7749155044555667 -1.2797572096188861 -1.9649728457132978 28.910150655110677 -2.5325515317916873 3.3138619422912599 -0.60109528634283282 -8.3282029932195467 -3.5798208872477204 -8.3714600760361257 -2.658925099496718 -8.0231413507461564 -2.4095709245855161 0.23595142364501953
leaf_weight=43 6.0000000000000027 5.9999999999999991 9.9999999999999982 8.0000000000000018 5.9999999999999982 7.9999999999999982 6 81 46 22 12.000000000000002 2.9999999999999991 6 9.9999999999999982 18 81 11 9 29 77 9.9999999999999982 55 5.9999999999999991
leaf_count=43 3 3 5 4 3 4 3 76 25 22 7 3 3 8 9 61 11 9 29 75 10 55 3
internal_value=-0.357616 -2.3384 14.2361 8.18985 21.0381 27.0851 10.9597 -0.189089 3.79376 -6.1056 2.98106 -4.2591 34.4845 2.07817 -1.14993 0.110715 -8.8627 -6.19143 -7.77085 -1.93983 -9.87072 -2.79967 -0.774521
internal_weight=569 501 68 36 32 20 12 319 62 182 26 109 14 56 257 99 73 20 32 158 53 77 18
internal_count=474 439 35 19 16 10 6 257 36 182 14 109 7 33 221 70 73 20 32 151 53 77 10
is_linear=0
shrinkage=0.05


Tree=10
num_leaves=26
num_cat=0
split_feature=3 3 7 3 6 7 1 3 8 2 8 8 3 7 3 0 7 9 2 0 8 0 6 7 0
split_gain=7.11641e+06 1.6617e+06 1.48956e+06 1.15759e+06 420026 353538 336785 336096 250304 223183 278678 203542 247157 155107 72756 63871.4 62263.9 54150.4 45854.5 43354.2 35706.2 15058.8 10887.4 6437.74 375.999
threshold=0.86537915874890925 0.89821339459075411 5.5000000000000009 0.6397117613185942 69.500000000000014 4.5000000000000009 14777.825000000006 0.90905678690191905 2.5000000000000004 6045.0850000000009 3.5000000000000004 2.5000000000000004 0.89580241778135949 4.5000000000000009 0.73130205919582092 33106.850000000013 2.5000000000000004 1.0000000180025095e-35 15800.155000000001 37696.750000000007 3.5000000000000004 35475.80000000001 69.500000000000014 1.0000000180025095e-35 35767.350000000013
decision_type=2 2 2 2 2 2 2 2 2 2 2 2 2 2 2 2 2 2 2 2 2 2 2 2 2
left_child=3 4 7 6 5 -2 15 -3 18 10 21 19 -13 -9 22 23 -16 -17 -8 -6 -10 -5 -11 -1 -12
right_child=1 2 -4 9 11 -7 8 13 20 14 24 12 -14 -15 16 17 -18 -19 -20 -21 -22 -23 -24 -25 -26
leaf_value=-7.8369315147399909 5.8963853359222416 19.837060546874994 5.2363615059852604 -3.809619585673012 -4.1390992482503206 21.952163457870483 -6.905202208459376 26.033260599772145 -4.9784644603729253 -2.4848299481652001 9.3017116546630856 11.161679008271959 -0.55623280207316084 36.20205383300781 0.72212533390665634 -8.711459323338099 -1.4844273218741784 -4.2300258159637449 -11.366382853190105 2.3804168532876409 -2.5343729929490522 0.15097396771113081 -1.4493366046746572 -9.9575334885541125 9.8614730834960938
leaf_weight=3.9999999999999991 5.9999999999999991 8.0000000000000018 9.9999999999999982 3.0000000000000009 3.0000000000000027 7.9999999999999991 16.000000000000004 5.9999999999999973 18 44 6 18.000000000000004 5.9999999999999991 10 83 14 52 13 8.9999999999999982 17 88 11.999999999999998 60 34 6
leaf_count=4 3 4 5 3 3 4 16 3 18 44 3 9 3 5 52 14 48 13 9 9 88 7 57 34 3
internal_value=-0.0262792 12.6728 21.4494 -2.5551 7.5279 15.0711 -5.47078 28.2049 -4.01082 -0.406709 3.90229 5.12779 8.2322 32.3888 -0.8935 -8.41315 -0.127806 -6.55373 -8.51123 1.40249 -2.94941 -0.641145 -1.88743 -9.73431 9.58159
internal_weight=554 92 34 462 58 14 196 24 131 266 27 44 24 16 239 65 135 27 25 20 106 15 104 38 12
internal_count=461 48 17 413 31 7 196 12 131 217 16 24 12 8 201 65 100 27 25 12 106 10 101 38 6
is_linear=0
shrinkage=0.05


Tree=11
num_leaves=26
num_cat=0
split_feature=3 3 3 7 4 6 7 7 4 4 1 8 7 0 3 7 0 0 7 7 3 4 1 1 7
split_gain=6.42287e+06 1.10387e+06 1.0311e+06 965513 1.10197e+06 537791 847524 403961 367919 749961 321528 227588 224981 127212 82191.2 84334.2 69750.3 68634.6 44633.7 42464 41330.5 35877.7 24012.2 12836.5 5803.75
threshold=0.86537915874890925 0.6397117613185942 0.89821339459075411 5.5000000000000009 44810.000000000007 69.500000000000014 4.5000000000000009 4.5000000000000009 36349.500000000007 36105.000000000007 14777.825000000006 2.5000000000000004 1.5000000000000002 39114.30000000001 0.84701682913255549 1.5000000000000002 33106.850000000013 35136.850000000013 4.5000000000000009 2.5000000000000004 0.59782624870805734 44585.000000000007 17368.610000000004 25963.620000000006 1.0000000180025095e-35
decision_type=2 2 2 2 2 2 2 2 2 2 2 2 2 2 2 2 2 2 2 2 2 2 2 2 2
left_child=1 10 5 4 -4 6 -2 -6 9 23 16 20 13 -7 19 -16 24 -11 -18 -10 -12 -14 -13 -3 -1
right_child=2 8 3 -5 7 12 -8 -9 14 17 11 22 21 -15 15 -17 18 -19 -20 -21 -22 -23 -24 -25 -26
leaf_value=-7.4450850486755371 3.7301660671830179 -1.0204364611705143 5.784705570765901 5.0466671943664556 21.139537963867184 4.8081292833600742 26.74543914794922 34.746482340494786 -0.66138165671574445 10.921448516845706 -9.4259827550252258 -3.9462277412414553 3.1099969257007936 14.72971954345703 6.0772768616676309 -0.81024925708770756 -7.9064617284138992 18.484220377604164 -3.9810008036238802 -2.1641210478544237 -5.574152653263166 -0.9283252455971458 -2.1429954355955125 0.98633739808026499 -9.4555323137555813
leaf_weight=3.9999999999999991 7.9999999999999991 14.999999999999998 7.0000000000000027 9.9999999999999982 10 6.9999999999999982 7.9999999999999991 12 114 5.9999999999999982 15.000000000000002 24 11.000000000000002 6 8.0000000000000018 9.9999999999999982 15 6 14 80 12.999999999999998 10.999999999999998 80 17 35
leaf_count=4 4 14 4 5 5 4 4 6 86 3 15 24 6 3 4 7 15 3 14 79 13 6 80 9 35
internal_value=0.117174 -2.29205 12.3239 18.4439 23.0637 7.64389 15.2378 28.5615 -0.117642 4.04307 -5.07529 -3.63639 4.17239 9.38732 -0.981186 2.25087 -7.86845 14.7028 -6.01141 -1.28107 -7.63763 1.09084 -2.55913 0.0456622 -9.24933
internal_weight=546 456 90 39 29 51 16 22 256 44 200 132 35 13 212 18 68 12 29 194 28 22 104 32 39
internal_count=452 405 47 20 15 27 8 11 205 29 200 132 19 7 176 11 68 6 29 165 28 12 104 23 39
is_linear=0
shrinkage=0.05


Tree=12
num_leaves=24
num_cat=0
split_feature=2 3 3 6 4 4 4 0 0 1 4 4 4 7 7 1 0 7 0 1 1 4 4
split_gain=5.22255e+06 1.13126e+06 890198 801135 434005 334156 243426 243749 699036 235939 251317 150650 394716 107236 52103.7 35958.7 37198.7 33707.5 24939.6 21746.5 19600.9 17379 425.868
threshold=6045.0850000000009 0.89821339459075411 0.62064934617703316 69.500000000000014 46555.000000000007 44810.000000000007 37162.000000000007 38052.700000000004 39452.650000000009 12994.865000000003 37950.000000000007 36337.500000000007 36105.000000000007 5.5000000000000009 1.0000000180025095e-35 26968.645000000008 33387.55000000001 5.5000000000000009 33966.500000000007 17368.610000000004 25963.620000000006 39497.500000000007 29177.500000000004
decision_type=2 2 2 2 2 2 2 2 2 2 2 2 2 2 2 2 2 2 2 2 2 2 2
left_child=1 6 9 -3 5 -5 -1 13 -9 17 19 12 20 -8 -12 16 -13 22 -19 -11 -4 -17 -2
right_child=2 3 11 4 -6 -7 7 8 -10 10 14 15 -14 -15 -16 21 -18 18 -20 -21 -22 -23 -24
leaf_value=18.000912475585938 -9.2406163533528645 33.093357340494798 -0.91513817310333256 17.942249891493042 25.209273274739587 5.8992947876453403 3.6407110420862838 15.505717860327827 2.9617971116098865 -3.5369762028518474 -1.7694218158721924 -4.7678779602050785 11.951082801818849 -3.2320550101143972 -7.7478708424219285 0.3100096517993558 -1.6543255933125813 -8.4798099517822276 -3.1829218292236323 -1.9568839278875612 1.2372032446019789 -1.0729856667623801 -8.8469038601579353
leaf_weight=3.9999999999999991 8.9999999999999982 5.9999999999999991 28 9.0000000000000053 5.9999999999999991 15.999999999999998 30 18 29 38 3.9999999999999991 10.999999999999998 7.9999999999999991 6.9999999999999991 41 31 75 3.9999999999999982 5 51 17 85 29
leaf_count=2 9 3 26 5 3 8 15 9 15 38 4 11 4 6 41 20 74 4 5 51 9 72 29
internal_value=0.0243795 9.03424 -2.55872 16.3699 13.1331 10.2348 5.94995 5.3761 7.76585 -5.24037 -4.17124 -0.655284 1.71731 2.34046 -7.21645 -1.27779 -2.05257 -8.2885 -5.53709 -2.63153 -0.102031 -0.703392 -8.94015
internal_weight=561 125 436 37 31 25 88 84 47 181 134 255 53 37 45 202 86 47 9 89 45 116 38
internal_count=463 66 397 19 16 13 47 45 24 181 134 216 39 21 45 177 85 47 9 89 35 92 38
is_linear=0
shrinkage=0.05


Tree=13
num_leaves=18
num_cat=0
split_feature=3 2 4 3 0 4 4 0 3 4 3 4 7 0 8 7 4
split_gain=4.80708e+06 1.66953e+06 867796 708951 704146 299392 616918 324921 157653 147149 110942 113608 93021.7 79309.1 68990.5 22251.5 4760.9
threshold=0.89821339459075411 6045.0850000000009 44735.000000000007 0.58015931759015771 40897.850000000006 44810.000000000007 44735.000000000007 38934.100000000006 0.40105946379549234 37950.000000000007 0.73130205919582092 36349.500000000007 2.5000000000000004 39967.150000000001 2.5000000000000004 5.5000000000000009 46105.000000000007
decision_type=2 2 2 2 2 2 2 2 2 2 2 2 2 2 2 2 2
left_child=1 5 -2 8 13 6 7 -1 15 -10 14 -12 -7 -4 -5 -3 -14
right_child=2 3 4 10 -6 12 -8 -9 9 -11 11 -13 16 -15 -16 -17 -18
leaf_value=3.0524177021450467 2.3559302012125638 -8.5224208831787109 26.15138187408445 -4.047463273279595 11.503831279277803 5.3774135828018172 22.533435058593753 12.029362726211549 -2.8451842463016512 -7.1829728965101571 2.967760757446289 -0.74549456707432737 -2.2524638891220086 33.19185104370117 -1.483477098424919 -5.9352826031771571 -0.52748219172159827
leaf_weight=36 6.0000000000000027 34 8.0000000000000053 33 7.9999999999999991 8.0000000000000018 5.9999999999999991 13.999999999999998 60 29 25 117 6.0000000000000009 7.9999999999999991 128 10.999999999999998 12
leaf_count=21 4 34 4 33 4 4 3 7 60 29 14 92 3 4 125 11 7
internal_value=-0.0964705 -1.22134 19.3637 -2.44977 23.6157 5.32529 7.38391 5.56596 -5.47812 -4.25862 -1.1105 -0.0917524 0.891336 29.6716 -2.00901 -7.89001 -1.10248
internal_weight=549 519 30 437 24 82 56 50 134 89 303 142 26 16 161 45 18
internal_count=459 443 16 398 12 45 31 28 134 89 264 106 14 8 158 45 10
is_linear=0
shrinkage=0.05


Tree=14
num_leaves=24
num_cat=0
split_feature=1 1 2 7 0 1 2 4 0 2 4 8 3 4 1 0 0 2 1 7 2 1 0
split_gain=4.44131e+06 1.12983e+06 735592 681908 433894 351127 326857 343941 320811 271745 236985 137340 119325 67274.3 60338.7 54020.1 53832.4 41440.9 36678.8 29147 20379.2 11324.7 2933.87
threshold=34735.560000000005 25963.620000000006 4007.6350000000007 5.5000000000000009 40799.80000000001 14777.825000000006 6724.0700000000006 37162.000000000007 40611.700000000004 3606.0450000000005 44735.000000000007 2.5000000000000004 0.6397117613185942 36349.500000000007 35344.775000000009 33804.850000000006 40057.900000000009 7680.6400000000003 17368.610000000004 5.5000000000000009 8703.1800000000021 13281.48 41790.200000000004
decision_type=2 2 2 2 2 2 2 2 2 2 2 2 2 2 2 2 2 2 2 2 2 2 2
left_child=1 5 3 9 -5 15 7 -3 14 16 -9 12 -7 17 -4 21 -2 -8 -13 -17 -15 -1 -10
right_child=2 6 8 4 -6 11 13 10 22 -11 -12 18 -14 20 -16 19 -18 -19 -20 -21 -22 -23 -24
leaf_value=-8.0170534085004768 23.606593831380195 12.455232839584351 14.321630322933192 17.676289367675786 -1.3389198144276937 -7.4857678850491842 5.9134373029073046 0.9500804754403922 -0.82609649658203144 15.634829521179199 8.2789455413818356 -3.6294912270137241 -2.4998463874061905 -0.11748135991998621 7.6886067708333332 -6.356137430667876 29.871800994873048 0.99674398422241206 -1.653901478546123 -2.4340016471015078 -1.4019161559500786 -6.0493897279103601 0.81383673350016272
leaf_weight=39 6.0000000000000027 9.9999999999999982 8.0000000000000018 5.9999999999999982 6 24 6.0000000000000027 52 4.9999999999999982 7.9999999999999991 13.999999999999998 28 24 74 5.9999999999999991 10 7.9999999999999991 14.999999999999998 146 9 53 8.9999999999999982 6
leaf_count=39 3 5 4 3 3 24 3 33 3 4 8 28 22 52 3 10 4 8 145 9 50 9 3
internal_value=-0.0224732 -1.51663 12.9691 17.7564 8.16868 -3.58245 1.14865 3.81397 6.45829 22.986 2.50469 -2.625 -4.99281 -0.220023 11.4789 -6.75488 27.1867 2.40151 -1.97181 -4.49828 -0.653505 -7.64812 0.0684125
internal_weight=572 513 59 34 12 289 224 76 25 22 66 222 48 148 14 67 14 21 174 19 127 48 11
internal_count=475 445 30 17 6 286 159 46 13 11 41 219 46 113 7 67 7 11 173 19 102 48 6
is_linear=0
shrinkage=0.05


Tree=15
num_leaves=26
num_cat=0
split_feature=1 2 3 0 7 3 7 6 1 2 8 0 7 8 1 4 3 4 2 0 6 7 4 7 0
split_gain=4.11016e+06 911184 899197 612580 592874 837571 582414 349778 251143 187093 217831 154930 130354 124199 100687 72476.2 47809.3 60018.1 40782.1 34150.2 28512.6 24614.6 16279.5 7434.37 7289.89
threshold=33894.500000000007 4733.2450000000017 0.6397117613185942 40102.30000000001 5.5000000000000009 0.91309873611263614 4.5000000000000009 71.500000000000014 14777.825000000006 6724.0700000000006 2.5000000000000004 35512.350000000006 1.5000000000000002 2.5000000000000004 35907.485000000008 42910.000000000007 0.76348728124429655 36349.500000000007 15800.155000000001 33966.500000000007 67.500000000000014 5.5000000000000009 39497.500000000007 1.0000000180025095e-35 41094.30000000001
decision_type=2 2 2 2 2 2 2 2 2 2 2 2 2 2 2 2 2 2 2 2 2 2 2 2 2
left_child=2 3 8 6 5 -5 -2 -6 19 10 15 -12 -3 18 -8 -4 22 -18 -10 23 -15 -21 -11 -1 -14
right_child=1 12 9 4 7 -7 14 -9 13 16 11 -13 24 20 -16 -17 17 -19 -20 21 -22 -23 -24 -25 -26
leaf_value=-5.7506528377532966 6.556402550141013 7.7420022964477502 -4.8141604336825274 5.835141448974607 -5.081379699707032 27.540758514404299 21.899987792968744 10.888783691326777 -4.9456698006705224 -0.81754429345500879 13.385869979858398 3.1437593926986058 -2.0546995043754581 -3.7496523551940921 29.832807413736983 0.70033019139216501 3.5106202522913614 -0.33348854707949088 -9.4100934709821438 -6.501923537254334 -1.8092589916327062 -2.5486576489039834 -1.8634595495003923 -7.6196369495797676 0.25084656079610185
leaf_weight=5.9999999999999991 6.0000000000000027 6.0000000000000027 11.000000000000002 10.000000000000002 7.9999999999999982 7.9999999999999991 12.000000000000002 6 19.000000000000004 87 3.9999999999999991 48 7.9999999999999982 25 5.9999999999999991 12.999999999999998 11.999999999999998 66 6.9999999999999991 8.9999999999999982 78 6.9999999999999991 65 47 6
leaf_count=6 3 3 11 5 4 4 6 3 19 79 2 27 5 25 3 7 6 48 7 9 78 7 63 47 3
internal_value=-0.102094 10.737 -1.73656 14.0088 9.47997 15.4821 20.0473 1.76298 -4.36205 -0.0377175 2.11306 3.93161 1.57597 -3.0597 24.5443 -1.82714 -0.748409 0.257913 -6.14763 -6.79688 -2.28023 -4.77237 -1.26481 -7.40805 -1.06661
internal_weight=580 76 504 56 32 18 24 14 198 306 76 52 20 129 18 24 230 78 26 69 103 16 152 53 14
internal_count=480 39 441 28 16 9 12 7 198 243 47 29 11 129 9 18 196 54 26 69 103 16 142 53 8
is_linear=0
shrinkage=0.05


Tree=16
num_leaves=27
num_cat=0
split_feature=3 0 3 4 7 0 7 3 0 4 4 8 3 0 2 7 2 3 7 7 3 0 0 2 2 2
split_gain=4.11239e+06 973662 718485 679771 471600 410762 328771 326966 275819 209036 553951 192880 216260 151766 69353.7 62935.9 55069.7 53232.8 57085.9 53170.6 17445.4 16654.5 13856.9 12977.4 6549.79 1776.92
threshold=0.86537915874890925 38605.150000000009 0.6397117613185942 45077.500000000007 2.5000000000000004 40102.30000000001 5.5000000000000009 0.89821339459075411 41094.30000000001 36349.500000000007 36105.000000000007 2.5000000000000004 0.3777771521782825 35783.600000000006 4733.2450000000017 3.5000000000000004 6643.5000000000009 0.77013003540996372 1.5000000000000002 1.0000000180025095e-35 0.50833503817011005 33966.500000000007 34068.700000000004 13125.490000000003 9534.0650000000023 4328.4600000000009
decision_type=2 2 2 2 2 2 2 2 2 2 2 2 2 2 2 2 2 2 2 2 2 2 2 2 2 2
left_child=2 13 11 5 8 7 -7 -3 -5 10 24 19 21 -2 15 -15 -12 22 -19 -1 -14 -13 -11 -21 -4 -6
right_child=1 3 9 4 25 6 -8 -9 -10 17 16 12 20 14 -16 -17 -18 18 -20 23 -22 -23 -24 -25 -26 -27
leaf_value=-0.40826245943705247 -5.8585668182373007 16.353548867361884 0.54155064084463655 6.9204368591308567 -1.1181112130482995 18.110596084594729 3.7759479880332942 28.191123657226566 21.102032979329429 -3.0899286638606682 15.658931986490888 -7.2322789999154899 -3.0561441560379334 4.255808417002358 8.3724639892578132 -2.0159478187561035 8.8846140543619789 1.6659855970969568 -0.70919973734352326 -9.4512340545654308 -1.7451811477195385 -4.7367545657687717 -1.2263180019838789 -6.9395742985937332 -0.80729588402642138 0.098757759730021155
leaf_weight=2.9999999999999991 5.0000000000000027 14.000000000000002 18 8.0000000000000018 5.9999999999999982 7.9999999999999973 8 9.9999999999999982 5.9999999999999991 10.999999999999998 5.9999999999999982 26 36 12.000000000000005 5.9999999999999991 5.9999999999999991 6 39 72 5.9999999999999991 86 8.9999999999999982 107 36 18 6
leaf_count=3 5 7 10 4 3 4 4 5 3 11 3 26 36 6 3 3 3 22 53 6 86 9 101 36 17 3
internal_value=0.199266 9.70241 -1.68549 13.0578 6.76383 17.1488 10.9433 21.2859 12.9983 -0.0318279 2.96829 -3.95314 -3.12597 2.06607 3.71703 2.16522 12.2718 -0.660673 0.125325 -6.83904 -2.13202 -6.59057 -1.40004 -7.29838 -0.132873 -0.509677
internal_weight=574 95 479 66 26 40 16 24 14 277 48 202 157 29 24 18 12 229 111 45 122 35 118 42 36 12
internal_count=472 50 422 33 13 20 8 12 7 220 33 202 157 17 12 9 6 187 75 45 122 35 112 42 27 6
is_linear=0
shrinkage=0.05


Tree=17
num_leaves=27
num_cat=0
split_feature=2 4 4 4 2 4 4 4 4 8 3 4 0 4 2 0 0 7 0 2 4 4 0 0 0 0
split_gain=2.99379e+06 675278 648983 606030 496877 392988 333639 221816 118403 113088 116790 112668 85510.6 61577.8 48041.2 113785 23206.4 23158.5 47353 22719.2 22043.6 13240.5 6695.81 3960.35 832.095 618.221
threshold=6045.0850000000009 44065.000000000007 45602.500000000007 44735.000000000007 14814.435000000003 44810.000000000007 37162.000000000007 44585.000000000007 46555.000000000007 2.5000000000000004 0.3777771521782825 39905.000000000007 33202.400000000001 42910.000000000007 8703.1800000000021 34854.000000000007 33966.500000000007 1.0000000180025095e-35 32269.500000000004 15800.155000000001 36520.000000000007 39497.500000000007 36948.750000000007 41790.200000000004 29367.800000000003 35783.600000000006
decision_type=2 2 2 2 2 2 2 2 2 2 2 2 2 2 2 2 2 2 2 2 2 2 2 2 2 2
left_child=1 6 3 7 12 -5 -1 -3 23 19 16 25 17 -13 15 -14 -11 24 -19 -6 -12 -16 -21 -4 -2 -8
right_child=4 2 8 5 9 -7 11 -9 -10 10 20 13 14 -15 21 -17 -18 18 -20 22 -22 -23 -24 -25 -26 -27
leaf_value=15.385348892211915 -1.1320408980051677 10.313624930381776 -1.8555181026458734 24.092970530192058 -3.9079858684539794 12.647624027729035 3.433162784576417 0.82084971427917464 7.0993778705596915 -6.9185860157012939 -1.8686219376066457 -3.5051646513097419 5.6311317443847662 2.3866056442260741 -0.72611694019287831 -0.26829621936665493 -3.9414166768391929 -6.4811618718233959 -2.1621097246805827 -7.1363416754681133 -4.0232271611690527 -1.6127695446014405 -8.9024577549525681 0.0060161781311035157 0.045594374338785798 4.1045689900716145
leaf_weight=3.9999999999999991 2.9999999999999991 15.999999999999998 4.0000000000000009 11.999999999999998 4.9999999999999991 20 7.9999999999999982 10.000000000000002 8 24 46 17.000000000000004 8.9999999999999982 5.9999999999999991 96 89 8.9999999999999982 11.000000000000002 14.999999999999998 23.000000000000004 15.999999999999998 75 6.9999999999999991 9.9999999999999982 3 6
leaf_count=2 3 8 3 6 5 10 4 5 4 24 46 13 5 3 89 62 9 11 15 23 16 73 7 5 3 3
internal_value=-0.0644805 6.88507 9.5591 12.3327 -2.01551 16.9396 1.66746 6.66256 2.24696 -4.59877 -3.70365 0.184447 -0.899824 -1.96818 -0.609157 0.273488 -6.10663 -3.34324 -3.9894 -7.02837 -2.42465 -1.115 -7.54844 -0.525851 -0.543223 3.72091
internal_weight=552 121 80 58 431 32 41 26 22 130 95 37 301 23 269 98 33 32 26 35 62 171 30 14 6 14
internal_count=457 66 41 29 391 16 25 13 12 130 95 23 261 16 229 67 33 32 26 35 62 162 30 8 6 7
is_linear=0
shrinkage=0.05


Tree=18
num_leaves=25
num_cat=0
split_feature=1 2 3 4 4 0 2 2 4 9 4 2 3 6 0 2 1 4 0 4 4 4 0 2
split_gain=2.68648e+06 685488 632407 463175 424715 283849 227939 210459 331711 139259 133238 131509 119461 98206.5 94284.1 90011.3 30064.3 30464.2 16828.4 14573.2 12890.9 11298.6 63103.7 910.538
threshold=34140.270000000011 3606.0450000000005 0.59040406312595051 44810.000000000007 44735.000000000007 42006.150000000001 4216.0950000000012 7233.6000000000013 36349.500000000007 1.0000000180025095e-35 37950.000000000007 6422.5850000000009 0.40105946379549234 70.500000000000014 34854.000000000007 4570.4350000000004 25068.960000000003 37950.000000000007 33966.500000000007 35865.000000000007 36520.000000000007 43767.500000000007 36405.30000000001 17823.770000000004
decision_type=2 2 2 2 2 2 2 2 2 2 2 2 2 2 2 2 2 2 2 2 2 2 2 2
left_child=2 5 10 4 6 13 -3 8 11 15 12 -4 18 -2 -10 -5 17 -9 -1 -18 -14 22 -12 -23
right_child=1 3 7 9 -6 -7 -8 16 14 -11 21 -13 20 -15 -16 -17 19 -19 -20 -21 -22 23 -24 -25
leaf_value=-6.5544622875395264 24.681534322102834 1.421582775115966 14.367612457275392 5.9480714607238729 21.926929728190103 6.8720706144968675 12.097233409881593 -0.99851771854374505 -4.7120467662811283 -6.7355956840515141 -6.5751923109355737 4.5751801947131758 -1.6705993950366975 16.590118865966797 1.0018892581398422 -0.76055457115173342 0.90273665587107343 -2.6005482339859007 -3.9702914343939888 -0.7518375691468433 -3.4183122534018295 -8.6098136901855504 0.02718375325202942 -7.5429620107014976
leaf_weight=21.000000000000004 6.0000000000000062 10.000000000000005 5.9999999999999991 10.000000000000005 5.9999999999999991 5.9999999999999991 9.9999999999999982 73 7.9999999999999991 4.9999999999999991 38 7.9999999999999991 56 9.9999999999999982 74 9.9999999999999982 14.999999999999998 50 8.9999999999999982 118 12.999999999999998 2.9999999999999982 3.9999999999999991 6
leaf_count=21 3 5 3 5 3 3 5 71 8 3 38 4 56 5 45 6 8 50 9 102 13 3 4 6
internal_value=-0.192832 8.76945 -1.49611 5.58719 10.2596 16.1465 6.75941 -0.337626 1.65886 0.727888 -4.21469 8.77194 -3.14513 19.6244 0.444432 2.59376 -1.08631 -1.64975 -5.77921 -0.565231 -1.99988 -6.2909 -5.94639 -7.89858
internal_weight=575 73 502 51 26 22 20 352 96 25 150 14 99 16 82 20 256 123 30 133 69 51 42 9
internal_count=479 38 441 27 13 11 10 291 60 14 150 7 99 8 53 11 231 121 30 110 69 51 42 9
is_linear=0
shrinkage=0.05


Tree=19
num_leaves=26
num_cat=0
split_feature=2 3 8 4 0 4 0 4 0 4 1 4 1 1 4 4 4 0 0 0 9 2 1 1 1
split_gain=1.64295e+06 418771 385344 589687 795008 234082 146150 207153 140157 101319 80759.6 79180.3 76403.5 74722.4 80882 44119.9 30327.1 28467.7 26074.7 23075.5 9098.31 7860.28 4816.13 2787.99 5180.2
threshold=6724.0700000000006 0.51182261861442402 2.5000000000000004 44735.000000000007 40102.30000000001 46555.000000000007 36638.600000000006 37162.000000000007 39526.55000000001 44395.000000000007 32143.800000000007 37010.000000000007 12994.865000000003 25963.620000000006 46105.000000000007 36349.500000000007 45602.500000000007 33966.500000000007 31802.400000000005 35611.250000000007 1.0000000180025095e-35 3716.8450000000007 14087.695 17368.610000000004 13281.48
decision_type=2 2 2 2 2 2 2 2 2 2 2 2 2 2 2 2 2 2 2 2 2 2 2 2 2
left_child=2 11 5 6 8 10 7 -4 -5 -8 21 12 17 14 18 19 -12 -2 -3 -15 -17 -1 -14 24 -13
right_child=1 13 3 4 -6 -7 9 -9 -10 -11 16 23 22 15 -16 20 -18 -19 -20 -21 -22 -23 -24 -25 -26
leaf_value=-6.4680618286132834 -6.3138437097722822 -3.6934805075327555 12.69652423858642 21.431040318806954 0.74708683013916022 8.1024901580810553 -1.7125528603792188 3.1052682374653067 12.887117004394533 5.1789941787719727 2.5681743349347794 -6.1475322029807353 -3.193773365020752 4.873626327514649 -8.6303016662597667 -0.17037681869770352 -0.49873964912013008 -2.6529699598039902 -1.2809610892708103 0.95142044782638546 -1.3204036258515859 -3.4090628215244836 -1.6276770450450755 -5.2078159898519516 -7.4389914671580009
leaf_weight=2.9999999999999982 22.000000000000004 11.999999999999998 8.0000000000000018 12.000000000000005 9.9999999999999982 9.9999999999999982 16.000000000000004 19 7.9999999999999991 7.9999999999999991 13.999999999999998 22 5.9999999999999991 5.9999999999999991 3.9999999999999991 95 19 6.9999999999999991 168 9.9999999999999982 21 7 27 3.9999999999999991 11.999999999999998
leaf_count=3 22 12 4 6 5 5 10 10 4 4 7 22 6 3 4 72 11 7 164 5 20 7 27 4 12
internal_value=-0.288279 -1.83926 4.52671 6.6956 12.258 1.21199 3.4236 5.94712 18.0135 0.584629 -0.390447 -4.6593 -3.55783 -0.946844 -1.59807 -0.0390781 0.802375 -5.43018 -1.4418 2.42225 -0.378571 -4.32676 -1.91242 -6.45644 -6.60334
internal_weight=550 416 134 81 30 53 51 27 20 24 43 100 62 316 184 132 33 29 180 16 116 10 33 38 34
internal_count=456 380 76 43 15 33 28 14 10 14 28 100 62 280 180 100 18 29 176 8 92 10 33 38 34
is_linear=0
shrinkage=0.05


Tree=20
num_leaves=26
num_cat=0
split_feature=2 0 6 2 2 7 3 4 4 3 7 8 3 8 2 0 4 4 7 4 7 2 0 7 3
split_gain=2.61616e+06 847536 531448 521464 339560 560251 125848 143612 149318 124917 90659.2 89666.5 90807.8 60473.7 41850.5 37740.3 33003.4 25795.4 25183.3 24322.1 15645.8 9940.85 6833.53 6563.03 5909
threshold=4733.2450000000017 38605.150000000009 69.500000000000014 14450.925000000001 3912.0550000000003 5.5000000000000009 0.77013003540996372 36349.500000000007 36105.000000000007 0.89580241778135949 1.5000000000000002 2.5000000000000004 0.40105946379549234 3.5000000000000004 4418.5550000000012 32845.400000000001 39052.500000000007 36520.000000000007 5.5000000000000009 42910.000000000007 2.5000000000000004 15800.155000000001 31802.400000000005 5.5000000000000009 0.56515984034200406
decision_type=2 2 2 2 2 2 2 2 2 2 2 2 2 2 2 2 2 2 2 2 2 2 2 2 2
left_child=1 13 14 6 5 -4 15 8 -8 -6 -9 21 18 19 -3 16 -2 -14 -13 23 -17 22 -5 -1 -23
right_child=3 2 4 11 9 -7 7 10 -10 -11 -12 12 17 -15 -16 20 -18 -19 -20 -21 -22 24 -24 -25 -26
leaf_value=-6.1446587880452421 -4.9837009776722283 24.042677307128912 19.685283333914619 -6.2373827616373703 8.3590714645385713 4.1898839569091795 0.45438837766647328 2.0708540012670116 9.0949330139160143 0.45600652694702148 -0.76373381505652171 -6.1699429829915369 -1.4991212659952593 3.6939828236897791 18.137136586507161 -0.43721103586557541 -0.76299659013748178 -3.3243229535408321 -3.4375098008375904 -0.038539123535156247 -1.3562802407248267 -6.2348414160988543 -3.0805542528629299 -3.0509415626525875 -8.3240049362182624
leaf_weight=3.0000000000000018 11.000000000000002 5.9999999999999982 14 2.9999999999999991 10.000000000000002 10 10 43 10 9.9999999999999982 82 24 49 5.9999999999999991 6 99 7.9999999999999991 32 12.999999999999998 6 87 22.000000000000004 4 4 3.9999999999999991
leaf_count=3 11 3 7 3 5 5 5 24 5 5 59 24 49 3 3 87 8 32 13 3 85 22 4 3 4
internal_value=-0.0423129 8.6669 11.7629 -1.34609 9.21917 13.2289 -0.286546 0.840785 4.77466 4.40754 0.211364 -3.80198 -3.15764 -0.458162 21.0899 -1.08393 -3.20656 -2.22019 -5.2099 -2.37454 -0.867098 -6.10597 -4.43348 -4.37682 -6.55625
internal_weight=576 75 56 501 44 24 350 145 20 20 125 151 118 19 12 205 19 81 37 13 186 33 7 7 26
internal_count=475 40 28 435 22 12 284 93 10 10 83 151 118 12 6 191 19 81 37 9 172 33 7 6 26
is_linear=0
shrinkage=0.05


Tree=21
num_leaves=24
num_cat=0
split_feature=1 5 1 2 0 7 7 1 7 3 4 0 4 1 4 4 4 0 0 4 0 4 1
split_gain=2.20974e+06 485268 387345 322986 334374 313589 309232 288217 261644 144953 164532 110627 51239.3 62943.5 51005.6 45281.8 32484.4 25021.7 15498.7 9755.92 7671.45 15935.4 1783.47
threshold=33645.805 16.500000000000004 17368.610000000004 3716.8450000000007 39793.05000000001 5.5000000000000009 4.5000000000000009 37432.69000000001 1.5000000000000002 0.77973425915950656 37332.500000000007 35475.80000000001 37950.000000000007 12994.865000000003 46105.000000000007 42412.500000000007 37950.000000000007 41382.400000000001 34153.100000000006 36337.500000000007 33754.200000000004 39052.500000000007 14777.825000000006
decision_type=2 2 2 2 2 2 2 2 2 2 2 2 2 2 2 2 2 2 2 2 2 2 2
left_child=2 -2 12 5 6 7 -5 -3 -6 14 11 -11 13 18 16 -12 -4 -16 -1 -15 21 -14 -22
right_child=1 3 9 4 8 -7 -8 -9 -10 10 15 -13 20 19 17 -17 -18 -19 -20 -21 22 -23 -24
leaf_value=-5.6860853609831432 21.176226298014324 8.556631708145142 -0.72104690072997935 3.6457249069213855 10.400509643554688 3.9803897857666004 16.834461784362794 21.97808303833008 -1.1829553645390731 8.4082112312316895 -2.904809559716119 1.9673105913400653 -5.8686501876167618 -1.5013823032379152 -7.4086156463623034 -0.015623482899232344 -1.8357765607601775 -1.63260223865509 -2.6146074295043946 -3.329579677581787 -6.5283645629882816 -2.4493307352066043 -8.1410944620768202
leaf_weight=23.000000000000004 5.9999999999999991 7.9999999999999991 155 10.000000000000002 5.9999999999999991 10.000000000000002 7.9999999999999991 7.9999999999999991 26 7.9999999999999991 18 40 23.000000000000004 27 5 55 113 3 4.9999999999999991 9.9999999999999982 3.9999999999999991 3.9999999999999991 3
leaf_count=23 3 4 144 5 3 5 4 4 14 4 18 20 23 27 5 35 110 3 5 10 4 4 3
internal_value=-0.116634 7.48681 -1.37365 6.40606 4.05558 10.9262 9.50739 15.2674 0.988944 -0.675903 0.767043 3.04079 -4.17171 -3.34902 -1.3085 -0.728026 -1.19106 -5.24261 -5.13761 -1.99549 -5.7445 -5.36208 -7.21953
internal_weight=578 82 496 76 50 26 18 16 32 397 121 48 99 65 276 73 268 8 28 37 34 27 7
internal_count=480 42 438 39 26 13 9 8 17 339 77 24 99 65 262 53 254 8 28 37 34 27 7
is_linear=0
shrinkage=0.05


Tree=22
num_leaves=25
num_cat=0
split_feature=1 2 1 6 4 6 4 2 3 4 4 4 4 2 4 1 2 1 6 6 7 3 2 1
split_gain=2.51733e+06 676408 394036 342195 328734 216417 196755 405813 133053 224689 185814 54486.7 46341.5 35255.7 33481 41070 24165.1 22817 20749 18798.7 8886.36 8045.26 6958.71 5373
threshold=33894.500000000007 4216.0950000000012 17010.250000000004 70.500000000000014 44810.000000000007 69.500000000000014 44735.000000000007 3449.7600000000007 0.77013003540996372 36349.500000000007 36105.000000000007 37332.500000000007 46105.000000000007 5104.7250000000013 37010.000000000007 12994.865000000003 15800.155000000001 36780.115000000013 69.500000000000014 69.500000000000014 5.5000000000000009 0.49287238293937419 14688.535000000002 13281.48
decision_type=2 2 2 2 2 2 2 2 2 2 2 2 2 2 2 2 2 2 2 2 2 2 2 2
left_child=2 3 14 18 5 -3 -5 -8 12 10 -10 -11 19 17 15 20 -14 -6 -2 -4 -1 -17 -16 -24
right_child=1 4 8 6 13 -7 7 -9 9 11 -12 -13 16 -15 22 21 -18 -19 -20 -21 -22 -23 23 -25
leaf_value=-5.3943288702713819 21.992058817545576 16.604788208007815 -1.4864379059756176 1.824156379699706 -4.4996432304382301 4.0427691459655763 6.4522790500095901 19.640148315429688 0.33330337405204769 1.8589710162236142 9.561788050333659 -0.74621990031816754 -1.8241885393857959 2.5555529458182202 -3.6822485995292666 -1.8154442236973687 -7.03818504333496 -0.3628868103027344 17.833833058675129 -0.60960105973431189 -3.5529035282135002 -4.5500317573547369 -5.2454154205322254 -6.7165115780300573
leaf_weight=19 5.9999999999999982 5.9999999999999991 128 6.0000000000000027 5.0000000000000027 7.9999999999999991 14.000000000000002 9.9999999999999982 10 26 12 88 3.9999999999999982 6.9999999999999991 4.9999999999999991 26.000000000000004 5 9.9999999999999982 6 117 10.000000000000002 2.9999999999999991 20.000000000000004 8.9999999999999982
leaf_count=19 3 3 126 3 3 4 7 5 5 13 6 66 4 4 5 26 5 5 3 108 10 3 20 9
internal_value=0.13284 8.46624 -1.21572 12.777 3.43702 9.42649 9.92261 11.9472 -0.521371 0.740738 5.36702 -0.152054 -1.19715 -0.374464 -4.15914 -3.42884 -4.72085 -1.74181 19.9129 -1.0677 -4.75935 -2.09833 -5.40495 -5.70196
internal_weight=560 78 482 42 36 14 30 24 390 136 22 114 254 22 92 58 9 15 12 245 29 29 34 29
internal_count=465 40 425 21 19 7 15 12 333 90 11 79 243 12 92 58 9 8 6 234 29 29 34 29
is_linear=0
shrinkage=0.05


Tree=23
num_leaves=25
num_cat=0
split_feature=3 3 3 4 7 0 4 2 2 6 2 4 0 4 3 7 3 0 0 7 5 6 0 2
split_gain=1.67703e+06 362201 355852 373747 405182 285527 188695 188490 116274 433845 98520.7 211770 77200.8 67078.6 74452.6 35158.5 17781.4 25216.4 20339 13881.2 20951.7 11832.1 8451.54 8136.82
threshold=0.86537915874890925 0.59040406312595051 0.89821339459075411 44735.000000000007 5.5000000000000009 40799.80000000001 45077.500000000007 5070.9150000000009 4733.2450000000017 69.500000000000014 7233.6000000000013 36349.500000000007 36170.150000000009 37950.000000000007 0.3777771521782825 1.5000000000000002 0.77013003540996372 32845.400000000001 34482.850000000013 1.5000000000000002 16.500000000000004 67.500000000000014 33966.500000000007 14942.545000000002
decision_type=2 2 2 2 2 2 2 2 2 2 2 2 2 2 2 2 2 2 2 2 2 2 2 2
left_child=1 13 7 -4 6 -6 -5 8 9 -2 11 12 -3 14 22 -13 17 -12 -18 20 -15 -16 -1 -21
right_child=2 10 3 4 5 -7 -8 -9 -10 -11 16 15 -14 19 21 -17 18 -19 -20 23 -22 -23 -24 -25
leaf_value=-5.2163481757754369 15.944927978515626 10.112147521972659 -1.5057257652282716 21.307775573730463 12.542231750488284 -2.8830464363098143 11.594522171020508 10.713911652565002 -2.6985408994886613 1.2562909710791805 -3.0562680336145256 1.620744448900223 2.6093302408854164 -1.6994019051747664 -2.7266241625735637 -0.79994639694690717 5.0619697570800781 -0.77727615502688407 -0.082096947235416398 -7.432311630249024 -6.6936439514160142 -1.2686414416019733 -3.0885295629501344 -5.0361252661674252
leaf_weight=21.000000000000004 5.9999999999999991 7.9999999999999982 5.9999999999999991 10.000000000000002 5.9999999999999982 6 9.9999999999999982 7.9999999999999991 8.9999999999999982 31 12.999999999999998 24 6 6.9999999999999982 19 40 1.9999999999999989 183 49 3.9999999999999991 3 52 5.9999999999999991 31
leaf_count=21 3 4 4 5 3 3 5 4 5 17 13 13 3 7 19 28 1 173 35 4 3 52 6 31
internal_value=0.0676581 -1.1455 6.23894 9.94589 12.0931 4.82959 16.4511 3.63035 2.39843 3.63823 -0.222827 1.32632 6.89665 -3.24249 -2.50867 0.107813 -0.712032 -0.928434 0.119631 -4.84057 -3.19767 -1.65881 -4.7435 -5.30998
internal_weight=560 468 92 38 32 12 20 54 46 37 325 78 14 143 98 64 247 196 51 45 10 71 27 35
internal_count=462 413 49 20 16 6 10 29 25 20 270 48 7 143 98 41 222 186 36 45 10 71 27 35
is_linear=0
shrinkage=0.05


Tree=24
num_leaves=26
num_cat=0
split_feature=1 7 0 3 4 7 4 3 7 1 0 8 0 6 4 1 3 0 7 4 3 4 3 1 1
split_gain=1.67058e+06 779745 821365 363330 314486 182351 119228 134463 115932 103021 99261.1 75845 67010.7 65897.9 57335.5 44854.9 22306.2 20559.6 22854.9 19277.2 16518.2 8510.07 6622.15 3763.63 2902.62
threshold=33894.500000000007 4.5000000000000009 40750.80000000001 0.6397117613185942 44735.000000000007 1.5000000000000002 37332.500000000007 0.80788741210594139 1.5000000000000002 14777.825000000006 40897.850000000006 2.5000000000000004 39831.450000000004 70.500000000000014 42910.000000000007 33645.805 0.89663902649003646 33966.500000000007 5.5000000000000009 39052.500000000007 0.77013003540996372 36520.000000000007 0.88801639524694775 34735.560000000005 14303.885000000004
decision_type=2 2 2 2 2 2 2 2 2 2 2 2 2 2 2 2 2 2 2 2 2 2 2 2 2
left_child=3 5 4 9 -3 12 7 20 -9 17 -4 19 -2 -6 16 -16 -8 24 -19 -11 -5 -13 23 -7 -1
right_child=1 2 10 6 13 22 14 8 -10 11 -12 21 -14 -15 15 -17 -18 18 -20 -21 -22 -23 -24 -25 -26
leaf_value=-4.7746561855740017 1.9847475051879884 8.7213981389999358 7.1037706089019785 -0.2895365138522914 18.496694946289058 -1.5543527984619132 -1.4524669935828762 2.0333187832282138 8.3681713685393344 -6.9256586074829061 -1.8767421483993532 -0.98069782026352437 8.9748799324035655 24.914339192708336 -0.14734041016352803 4.3432105382283535 -5.2640810012817383 -4.5998211118910044 -0.92684963941574083 -3.6531091445850006 1.3086002826690675 -1.9024895534628916 -2.3190162277221682 0.30306399663289385 -6.1801426887512214
leaf_weight=45 5.9999999999999991 8.0000000000000018 4.9999999999999991 61 12.000000000000002 5.0000000000000018 95 26 9.9999999999999982 6.0000000000000027 7.9999999999999991 62 7.9999999999999991 5.9999999999999991 76 5.9999999999999991 3.9999999999999991 9 8 18 22 42 9.9999999999999982 6 3.9999999999999991
leaf_count=45 3 4 3 53 6 3 91 13 5 6 4 62 4 3 57 3 3 9 8 18 11 42 5 3 4
internal_value=-0.0292753 6.97684 11.839 -1.07877 16.9699 1.55897 0.0116539 1.24097 3.793 -2.76501 1.5773 -1.93764 5.97911 20.6359 -0.796571 0.181236 -1.60647 -4.3696 -2.87136 -4.47125 0.134066 -1.35296 -1.38779 -0.541216 -4.88939
internal_weight=568 74 39 494 26 35 300 119 36 194 13 128 14 18 181 82 99 66 17 24 83 104 21 11 49
internal_count=468 38 20 430 13 18 236 82 18 194 7 128 7 9 154 60 94 66 17 24 64 104 11 6 49
is_linear=0
shrinkage=0.05


Tree=25
num_leaves=24
num_cat=0
split_feature=2 1 0 2 7 1 4 4 7 4 1 7 4 4 7 2 2 0 1 0 6 2 4
split_gain=1.26163e+06 259950 188244 191926 219293 230491 120794 401496 85695.5 74312.5 67648.3 41789.4 40858.4 108591 35079.4 29786.5 17825.8 14341.8 14063.5 9514.19 8085.6 9135.31 2629.07
threshold=6045.0850000000009 21592.340000000004 35677.700000000004 3860.9850000000001 5.5000000000000009 37432.69000000001 44810.000000000007 44735.000000000007 2.5000000000000004 37950.000000000007 12994.865000000003 2.5000000000000004 36337.500000000007 36105.000000000007 1.0000000180025095e-35 5416.5200000000013 13125.490000000003 33966.500000000007 25068.960000000003 32458.550000000007 71.500000000000014 13978.315000000001 42910.000000000007
decision_type=2 2 2 2 2 2 2 2 2 2 2 2 2 2 2 2 2 2 2 2 2 2 2
left_child=2 9 15 4 5 -4 7 -5 -8 10 17 12 13 -3 -11 -1 -16 -2 -14 -12 21 -13 -22
right_child=1 11 3 6 -6 -7 8 -9 -10 14 19 20 18 -15 16 -17 -18 -19 -20 -21 22 -23 -24
leaf_value=-4.4376418304443375 -4.6970975958782688 0.16378128666144154 6.4903320908546451 3.8054957566437899 3.0528979682922355 18.492708969116212 5.2994896888732894 17.439195505777995 -0.97602629100575167 0.30625228881835942 -4.1207665602366133 -1.2300198579697232 -1.0219116113687816 6.825311851501465 -7.1159133275349937 0.61520971570696148 -4.2252627583841482 -1.9521722714106244 0.10351357151148388 -1.2568727050897206 -0.60956434482336042 -4.0430720647176113 0.55592071413993838
leaf_weight=4.9999999999999982 23.000000000000004 26 7.9999999999999991 54 10.000000000000002 7.9999999999999991 8.0000000000000018 5.9999999999999991 17 3.9999999999999991 2.9999999999999991 76 38 7.9999999999999991 5.9999999999999991 7 48 5.9999999999999991 103 87 25.000000000000004 2.9999999999999991 5.9999999999999991
leaf_count=5 23 17 4 27 5 4 4 3 9 4 3 75 38 4 6 4 48 6 72 87 23 3 4
internal_value=-0.0412254 -1.23932 4.45892 5.10206 8.86128 12.4915 3.95218 5.16887 1.03214 -2.74429 -2.02905 -0.304646 0.175372 1.7312 -4.21178 -1.49015 -4.54645 -4.12918 -0.199793 -1.35234 -1.06831 -1.33684 -0.383987
internal_weight=585 462 123 111 26 16 85 60 25 177 119 285 175 34 58 12 54 29 141 90 110 79 31
internal_count=478 413 65 56 13 8 43 30 13 177 119 236 131 21 58 9 54 29 110 90 105 78 27
is_linear=0
shrinkage=0.05


Tree=26
num_leaves=24
num_cat=0
split_feature=3 6 3 7 1 4 4 1 7 3 4 4 4 1 4 7 1 4 0 0 7 3 7
split_gain=1.29443e+06 426638 324316 500306 300669 210143 445168 200630 154289 75644.2 151673 137771 52962 48496 31314 29442.1 15940.9 12751.9 12361.1 11971.4 9231.14 14842.9 6405.25
threshold=0.86537915874890925 67.500000000000014 0.90905678690191905 5.5000000000000009 19430.580000000005 44810.000000000007 44735.000000000007 37432.69000000001 5.5000000000000009 0.77013003540996372 36349.500000000007 36105.000000000007 37950.000000000007 12994.865000000003 46105.000000000007 1.5000000000000002 26531.745000000006 39497.500000000007 32664.050000000007 33966.500000000007 1.5000000000000002 0.50207833532568691 5.5000000000000009
decision_type=2 2 2 2 2 2 2 2 2 2 2 2 2 2 2 2 2 2 2 2 2 2 2
left_child=4 -2 5 7 12 6 -3 -4 -7 14 11 -11 13 19 17 -12 -16 -6 -15 -1 21 -14 -22
right_child=1 2 3 -5 9 8 -8 -9 -10 10 15 -13 20 18 16 -17 -18 -19 -20 -21 22 -23 -24
leaf_value=-4.4300220966339117 21.320221710205079 2.8132192277908326 8.0584610250261033 -3.0873658180236818 -0.39980139479277632 1.3924137433369952 17.418350728352866 18.348649291992189 -8.0945284525553394 0.14463963985443115 1.0107976011205011 8.091015116373697 -5.2375166893005387 -4.1196477949619297 -5.6037913894653331 -0.66775741245494125 -1.3689973682165144 -1.2232544599374136 -1.2371581566783618 -2.1966248512268067 -5.0128398269414909 -1.1511592710018157 -3.0885127639770511
leaf_weight=24 3.9999999999999991 40 9.0000000000000053 5.9999999999999991 126 15.000000000000002 5.9999999999999991 9.9999999999999982 5.9999999999999991 10 41 12 3.9999999999999982 3.9999999999999991 4.9999999999999982 72 4 75 53 7.9999999999999991 32 5 4.9999999999999991
leaf_count=24 2 21 5 3 116 8 3 5 3 5 23 6 4 4 5 55 4 74 53 8 32 5 5
internal_value=0.034575 5.33466 4.63963 9.49954 -1.02544 2.82624 4.71824 13.4743 -1.31814 -0.242641 0.680761 4.47903 -3.02593 -2.31395 -0.836257 -0.0587242 -3.72166 -0.70706 -1.43944 -3.87167 -4.40346 -2.96732 -4.7528
internal_weight=576 96 92 25 480 67 46 19 21 345 135 22 135 89 210 113 9 201 57 32 46 9 37
internal_count=473 50 48 13 423 35 24 10 11 288 89 11 135 89 199 78 9 190 57 32 46 9 37
is_linear=0
shrinkage=0.05


end of trees

feature_importances:
thermal_on_capacity=132
total_load=118
weekday=106
net_load=86
thermal_space_load_ratio=76
renewable_power=74
month=33
period=22
is_weekend=3
hour=2

parameters:
[boosting: gbdt]
[objective: regression]
[metric: rmse]
[tree_learner: serial]
[device_type: cpu]
[data_sample_strategy: bagging]
[data: ]
[valid: ]
[num_iterations: 400]
[learning_rate: 0.05]
[num_leaves: 31]
[num_threads: 0]
[seed: 42]
[deterministic: 0]
[force_col_wise: 0]
[force_row_wise: 0]
[histogram_pool_size: -1]
[max_depth: 5]
[min_data_in_leaf: 3]
[min_sum_hessian_in_leaf: 0.001]
[bagging_fraction: 0.85]
[pos_bagging_fraction: 1]
[neg_bagging_fraction: 1]
[bagging_freq: 1]
[bagging_seed: 400]
[bagging_by_query: 0]
[feature_fraction: 0.85]
[feature_fraction_bynode: 1]
[feature_fraction_seed: 30056]
[extra_trees: 0]
[extra_seed: 12879]
[early_stopping_round: 0]
[early_stopping_min_delta: 0]
[first_metric_only: 0]
[max_delta_step: 0]
[lambda_l1: 0]
[lambda_l2: 0]
[linear_lambda: 0]
[min_gain_to_split: 0]
[drop_rate: 0.1]
[max_drop: 50]
[skip_drop: 0.5]
[xgboost_dart_mode: 0]
[uniform_drop: 0]
[drop_seed: 17869]
[top_rate: 0.2]
[other_rate: 0.1]
[min_data_per_group: 100]
[max_cat_threshold: 32]
[cat_l2: 10]
[cat_smooth: 10]
[max_cat_to_onehot: 4]
[top_k: 20]
[monotone_constraints: ]
[monotone_constraints_method: basic]
[monotone_penalty: 0]
[feature_contri: ]
[forcedsplits_filename: ]
[refit_decay_rate: 0.9]
[cegb_tradeoff: 1]
[cegb_penalty_split: 0]
[cegb_penalty_feature_lazy: ]
[cegb_penalty_feature_coupled: ]
[path_smooth: 0]
[interaction_constraints: ]
[verbosity: -1]
[saved_feature_importance_type: 0]
[use_quantized_grad: 0]
[num_grad_quant_bins: 4]
[quant_train_renew_leaf: 0]
[stochastic_rounding: 1]
[linear_tree: 0]
[max_bin: 255]
[max_bin_by_feature: ]
[min_data_in_bin: 3]
[bin_construct_sample_cnt: 200000]
[data_random_seed: 175]
[is_enable_sparse: 1]
[enable_bundle: 1]
[use_missing: 1]
[zero_as_missing: 0]
[feature_pre_filter: 1]
[pre_partition: 0]
[two_round: 0]
[header: 0]
[label_column: ]
[weight_column: ]
[group_column: ]
[ignore_column: ]
[categorical_feature: ]
[forcedbins_filename: ]
[precise_float_parser: 0]
[parser_config_file: ]
[objective_seed: 16083]
[num_class: 1]
[is_unbalance: 0]
[scale_pos_weight: 1]
[sigmoid: 1]
[boost_from_average: 1]
[reg_sqrt: 0]
[alpha: 0.9]
[fair_c: 1]
[poisson_max_delta_step: 0.7]
[tweedie_variance_power: 1.5]
[lambdarank_truncation_level: 30]
[lambdarank_norm: 1]
[label_gain: ]
[lambdarank_position_bias_regularization: 0]
[eval_at: ]
[multi_error_top_k: 1]
[auc_mu_weights: ]
[num_machines: 1]
[local_listen_port: 12400]
[time_out: 120]
[machine_list_filename: ]
[machines: ]
[gpu_platform_id: -1]
[gpu_device_id: -1]
[gpu_use_dp: 0]
[num_gpu: 1]

end of parameters

pandas_categorical:[]
