tree
version=v4
num_class=1
num_tree_per_iteration=1
label_index=0
max_feature_idx=10
objective=regression
feature_names=total_load net_load renewable_power thermal_space_load_ratio thermal_on_capacity hour period weekday month is_weekend is_holiday
feature_infos=[27880.599999999999:37587.599999999999] [14746.609999999999:35657.659999999996] [1915.9400000000001:15763.120000000001] [0.49580436273652778:0.94900834628568986] [27170:44840] [0:3] [1:16] [0:6] [3:5] [0:1] none
tree_sizes=2780 2823 2793 2805 2775

Tree=0
num_leaves=31
num_cat=0
split_feature=2 7 4 0 0 8 0 4 2 2 4 1 4 7 6 1 0 1 4 4 4 7 1 4 4 1 0 0 1 6
split_gain=1.21628e+06 809853 711080 341462 675649 329932 289410 233643 160872 45694.3 44941.3 38997.9 37791 28018.1 30571.8 22074.8 18254.9 13732.4 7173.8 6482.53 6234.13 4620.78 3512.34 3299.56 1734.1 1734 1298.69 1101.67 955.823 5.20833
threshold=4708.0700000000006 1.5000000000000002 33822.500000000007 31873.550000000007 32603.700000000004 4.5000000000000009 34080.350000000013 35012.500000000007 12086.495000000001 6752.2750000000005 38897.500000000007 24402.115000000005 40910.000000000007 5.5000000000000009 5.5000000000000009 17869.340000000004 32217.300000000007 28000.475000000002 37657.000000000007 43067.500000000007 38137.000000000007 4.5000000000000009 20963.870000000006 34732.500000000007 35397.500000000007 27377.855000000003 33516.450000000004 34294.150000000001 29587.23 9.5000000000000018
decision_type=2 2 2 2 2 2 2 2 2 2 2 2 2 2 2 2 2 2 2 2 2 2 2 2 2 2 2 2 2 2
left_child=1 2 3 -1 -5 26 -7 16 9 13 11 -11 15 14 -2 21 23 24 -17 -12 -19 -10 29 -3 -9 -15 -4 -24 -18 -14
right_child=8 7 5 4 -6 6 -8 17 12 10 19 -13 22 25 -16 18 28 20 -20 -21 -22 -23 27 -25 -26 -27 -28 -29 -30 -31
leaf_value=315.3065676412275 309.07661771911285 310.19747688819234 309.11212329215044 343.85656825157906 316.28656775566839 312.34720090640491 323.02474987555809 307.06323440326156 304.45128194901253 306.90873840184474 305.80129144811065 308.59726541129072 302.83990097456081 310.55656783196235 307.43135933311436 306.01507984747741 312.14085329556798 308.94349083011559 307.2032344032616 304.23531767937448 308.2202041031573 305.62398452423912 303.74956767174507 311.74656771752143 307.79115101939675 312.25656764122749 308.34228202316069 304.60656767301663 312.7824499582656 302.75656764122749
leaf_weight=4.9999999999999991 40 10.999999999999998 9.0000000000000018 4.9999999999999982 4 15.000000000000002 10.999999999999998 14.999999999999998 28 167 38 43 3.0000000000000018 2.9999999999999991 96 83 6.9999999999999991 65 14.999999999999998 7.9999999999999991 55 11.999999999999998 9.9999999999999982 4.9999999999999991 18 3 13.999999999999998 5.9999999999999991 34 5
leaf_count=5 40 11 9 5 4 15 11 15 28 167 38 43 3 3 96 83 7 65 15 8 55 12 10 5 18 3 14 6 34 5
internal_value=308.137 310.873 315.845 325.783 331.603 313.006 316.865 309.382 306.803 307.343 306.944 307.254 305.474 308.063 307.915 305.793 312.114 308.364 306.197 305.529 308.612 304.803 303.643 310.682 307.46 311.407 308.644 304.071 312.673 302.788
internal_weight=833 273 63 14 9 49 26 210 560 398 256 210 162 142 136 138 57 153 98 46 120 40 24 16 33 6 23 16 41 8
internal_count=833 273 63 14 9 49 26 210 560 398 256 210 162 142 136 138 57 153 98 46 120 40 24 16 33 6 23 16 41 8
is_linear=0
shrinkage=1


Tree=1
num_leaves=31
num_cat=0
split_feature=2 7 3 3 8 1 2 3 2 8 1 1 8 8 0 8 2 1 6 1 1 7 1 7 7 0 3 0 0 7
split_gain=1.24308e+06 997696 412581 692804 283292 321906 144303 63047.6 60969.5 56951.6 47045.8 40833 38465.8 35938.2 33897.2 24147.8 16594 16191.3 13473.6 9956.81 9212.5 7967 7692.04 9642.47 5896.45 4057.97 3482.2 2384.7 705.301 480.683
threshold=4708.0700000000006 1.5000000000000002 0.86012621272327616 0.85959598457154052 4.5000000000000009 32415.630000000001 12086.495000000001 0.85937577551049704 5970.6750000000011 3.5000000000000004 27111.270000000004 28722.430000000004 4.5000000000000009 3.5000000000000004 32250.750000000004 3.5000000000000004 4329.1050000000005 17750.780000000002 1.5000000000000002 30002.730000000007 27255.000000000004 1.5000000000000002 27593.540000000005 4.5000000000000009 2.5000000000000004 31643.350000000002 0.62323390822712543 29973.150000000005 35483.900000000001 5.5000000000000009
decision_type=2 2 2 2 2 2 2 2 2 2 2 2 2 2 2 2 2 2 2 2 2 2 2 2 2 2 2 2 2 2
left_child=1 2 3 7 16 -6 8 -1 18 21 -11 22 15 26 -5 -13 -4 27 -2 -14 -20 -10 23 -3 -19 -24 29 -15 -28 -8
right_child=6 11 4 14 5 -7 13 -9 9 10 -12 12 19 17 -16 -17 -18 24 20 -21 -22 -23 25 -25 -26 -27 28 -29 -30 -31
leaf_value=3.964699443181356 3.0711692392826082 -0.88477530479431143 0.59853215558188289 32.616338348388673 7.1414285659790027 22.561262130737305 -4.4526907920837386 12.842171478271482 -1.7748551313693708 -0.94798929859532244 2.738607427808974 0.094759036027468171 3.4200434003557469 -4.5725639343261717 25.100005086263014 1.8514827756753451 3.9541573196649553 -2.3924206733703612 -0.50248920925353702 6.5942108154296877 0.48323959244622128 -2.8937165260314943 0.13391078172818474 1.5701261711120607 -1.6056553186069835 0.98413823938204181 -3.9489116668701172 -3.0940590985616048 -3.0636617024739583 -5.1114395989312058
leaf_weight=5.9999999999999982 3.9999999999999991 20.000000000000004 14.000000000000002 2.9999999999999991 22.000000000000004 3.9999999999999991 4.0000000000000009 3 26 225 8.9999999999999982 26 14.000000000000002 2.9999999999999991 3 79 4.9999999999999991 42 38 2.9999999999999991 63 41 23 4.9999999999999991 55 36 8.9999999999999982 30 2.9999999999999991 9
leaf_count=6 4 20 14 3 22 4 4 3 26 225 9 26 14 3 3 79 5 42 38 3 63 41 23 5 55 36 9 30 3 9
internal_value=0.0270217 2.84221 8.51617 15.6976 6.12237 9.51371 -1.30781 6.92386 -0.812326 -1.17422 -0.806197 1.1896 1.77372 -2.60566 28.8582 1.41648 1.48159 -2.27179 0.225087 3.98019 0.112371 -2.45953 0.341239 -0.393795 -1.94632 0.652694 -4.3418 -3.22847 -3.7276 -4.90875
internal_weight=827 266 60 15 45 26 561 9 406 301 234 206 122 155 6 105 19 130 105 17 101 67 84 25 97 59 25 33 12 13
internal_count=827 266 60 15 45 26 561 9 406 301 234 206 122 155 6 105 19 130 105 17 101 67 84 25 97 59 25 33 12 13
is_linear=0
shrinkage=0.05


Tree=2
num_leaves=31
num_cat=0
split_feature=2 7 4 6 0 8 1 4 2 2 4 1 4 1 1 7 6 1 4 4 4 6 1 7 1 0 0 6 4 1
split_gain=1.02034e+06 757107 495024 432519 1.15151e+06 358067 280031 214769 123517 42072.6 56768.6 47754.6 29541.6 15301.2 14409.8 12584.3 12044 9211.54 6832.48 6499.15 4755.28 4081.25 3536.8 3164.28 2136.12 1876.57 1479.75 1021.22 994.93 673.774
threshold=4708.0700000000006 1.5000000000000002 33822.500000000007 10.500000000000002 32603.700000000004 4.5000000000000009 32415.630000000001 35012.500000000007 12086.495000000001 5970.6750000000011 38897.500000000007 24402.115000000005 40910.000000000007 17869.340000000004 29587.23 3.5000000000000004 3.5000000000000004 28000.475000000002 43067.500000000007 37657.000000000007 38137.000000000007 7.5000000000000009 27868.890000000003 4.5000000000000009 20963.870000000006 36206.55000000001 31180.750000000004 3.5000000000000004 35865.000000000007 31197.050000000003
decision_type=2 2 2 2 2 2 2 2 2 2 2 2 2 2 2 2 2 2 2 2 2 2 2 2 2 2 2 2 2 2
left_child=1 2 3 4 -1 25 -7 14 9 15 11 -11 13 23 22 16 -2 28 -12 -15 -19 -17 -3 -10 -14 -4 -5 -26 -9 -16
right_child=8 7 5 26 -6 6 -8 17 12 10 18 -13 24 19 29 21 -18 20 -20 -21 -22 -23 -24 -25 27 -27 -28 -29 -30 -31
leaf_value=47.968294270833354 0.92806697522892678 1.8256808638572686 0.38800736003451869 5.4719876607259099 6.9891858100891104 6.9410296440124499 21.433199882507324 -1.0115580558776853 -3.2859691766592172 -1.1491595778341701 -2.1710345819261341 0.49939778814713159 -4.8419785817464174 -1.9651738187161887 4.1388955346469229 1.9365027606487268 -0.58531365096569066 0.58556630171262303 -3.4723884729238659 -0.83321230570475269 -0.034425739161038804 0.61772720759565181 3.0891964276631674 -2.2743308825926349 -2.9104787190755177 1.4829592514038088 7.0424182891845692 -3.9210324350992845 -0.41546068601310249 4.6854461124965123
leaf_weight=2.9999999999999982 17 8.0000000000000018 18.000000000000004 3 4 20.000000000000004 3.9999999999999991 14 26 164 45 60 6.0000000000000027 82 29 8.0000000000000018 58 65 12.999999999999998 14.999999999999998 59 22 18 10.999999999999998 3.0000000000000027 4.9999999999999991 3 14.999999999999998 14 6.9999999999999991
leaf_count=3 17 8 18 3 4 20 4 14 26 164 45 60 6 82 29 8 58 65 13 15 59 22 18 11 3 5 3 15 14 7
internal_value=0.0199361 2.50893 7.47262 16.1081 24.5517 5.08409 9.35639 1.11724 -1.23141 -0.750452 -1.06857 -0.707582 -2.40946 -2.12011 3.59737 0.103914 -0.242281 0.105608 -2.46272 -1.79013 0.29057 0.969401 2.70042 -2.98521 -4.02495 0.62604 6.2572 -3.75261 -0.713509 4.24517
internal_weight=819 274 60 13 7 47 24 214 545 387 282 224 158 134 62 105 75 152 58 97 124 30 26 37 24 23 6 18 28 36
internal_count=819 274 60 13 7 47 24 214 545 387 282 224 158 134 62 105 75 152 58 97 124 30 26 37 24 23 6 18 28 36
is_linear=0
shrinkage=0.05


Tree=3
num_leaves=31
num_cat=0
split_feature=2 7 4 0 0 4 0 4 3 4 1 4 7 3 3 3 3 1 5 1 1 7 4 1 2 1 1 4 2 0
split_gain=1.063e+06 654737 452552 262341 494500 203136 139163 444392 121775 53917.4 35509.1 34606.6 35915.4 26870 20102.8 17678.3 11268.6 9457.67 7366.23 7128.5 5422.89 5001.75 4399.47 4327.98 3259.81 1404.84 945.507 789.2 270.06 184.819
threshold=4708.0700000000006 1.5000000000000002 33822.500000000007 31873.550000000007 32603.700000000004 35012.500000000007 34080.350000000013 42942.500000000007 0.73489107163371392 38897.500000000007 17869.340000000004 33155.000000000007 5.5000000000000009 0.83432427027972711 0.90233403003325618 0.8773409512455137 0.62323390822712543 27780.570000000003 2.5000000000000004 21639.670000000002 26460.850000000002 4.5000000000000009 38137.000000000007 29213.770000000008 6637.5700000000006 24999.505000000005 20963.870000000006 35865.000000000007 9326.2000000000025 31071.300000000003
decision_type=2 2 2 2 2 2 2 2 2 2 2 2 2 2 2 2 2 2 2 2 2 2 2 2 2 2 2 2 2 2
left_child=1 2 3 18 -5 15 14 -8 9 10 21 24 13 -13 -4 25 -12 27 -1 26 -14 -2 -19 -17 29 -3 -11 -7 -21 -10
right_child=8 5 6 4 -6 17 7 -9 11 19 16 12 20 -15 -16 23 -18 22 -20 28 -22 -23 -24 -25 -26 -27 -28 -29 -30 -31
leaf_value=8.7100658416748047 -3.2330769009060334 0.90366911888122559 0.73318582943507593 30.226007976531989 6.6397263050079331 -0.98091777654794543 13.285182244437081 0.4471175560584435 1.5246774400983523 -4.613768471611869 -1.7125354323646811 -1.1007619244908846 0.67037534713745117 0.14978406258991786 3.4126598630632672 2.9111634148491756 -1.0036558883530755 0.61740473275249075 5.4325019836425774 -2.596827087402342 2.6109667036268451 -2.26144806605119 0.035801059380173687 4.114543750069358 2.9278365612030033 2.1373248767852782 -3.9073567199707031 -0.40547645525498821 -3.0148519740385171 1.182120434443156
leaf_weight=2.9999999999999991 27 2.9999999999999991 14.000000000000002 4.9999999999999982 4 13 14 13 7.0000000000000062 9.0000000000000018 101 135 5.9999999999999991 63 13.999999999999998 8.9999999999999982 126 74 4 5.0000000000000027 8.9999999999999982 26 58 44 3.9999999999999991 9.9999999999999982 9.9999999999999982 11 17 8.9999999999999982
leaf_count=3 27 3 14 5 4 13 14 13 7 9 101 135 6 63 14 9 126 74 4 5 9 26 58 44 4 10 10 11 17 9
internal_value=0.0806364 2.51629 6.69572 14.0968 19.7432 1.17963 4.54267 7.10389 -1.20753 -1.8391 -1.59113 -0.337435 -0.524157 -0.702861 2.07292 3.50492 -1.31906 0.195848 6.83717 -3.53254 1.83473 -2.75643 0.361852 3.9102 1.65116 1.85264 -4.24197 -0.717174 -2.91985 1.33199
internal_weight=847 293 71 16 9 222 55 27 554 321 280 233 213 198 28 66 227 156 7 41 15 53 132 53 20 13 19 24 22 16
internal_count=847 293 71 16 9 222 55 27 554 321 280 233 213 198 28 66 227 156 7 41 15 53 132 53 20 13 19 24 22 16
is_linear=0
shrinkage=0.05


Tree=4
num_leaves=31
num_cat=0
split_feature=2 7 2 2 8 1 2 1 3 8 1 8 2 1 8 1 6 1 6 7 7 1 7 7 6 1 6 6 2 0
split_gain=907438 597767 452699 358038 180295 316592 108481 46608.5 42517.7 54433.9 41511.3 41197 45567 33466.2 25394.4 12278.7 9434.46 11548.1 9187.67 7543.04 6932.68 6061.3 5429.66 4829.27 4605.94 3192.14 2752.79 2100.89 859.328 205.957
threshold=4639.8500000000013 1.5000000000000002 4470.3750000000009 4543.1500000000005 4.5000000000000009 32415.630000000001 12086.495000000001 27187.610000000004 0.83432427027972711 3.5000000000000004 29010.395 3.5000000000000004 2097.6700000000005 27111.270000000004 3.5000000000000004 17869.340000000004 3.5000000000000004 28680.280000000002 7.5000000000000009 1.5000000000000002 3.5000000000000004 27559.780000000002 4.5000000000000009 2.5000000000000004 11.500000000000002 31366.405000000002 3.5000000000000004 5.5000000000000009 12870.450000000003 35483.900000000001
decision_type=2 2 2 2 2 2 2 2 2 2 2 2 2 2 2 2 2 2 2 2 2 2 2 2 2 2 2 2 2 2
left_child=1 2 4 18 7 -6 8 -1 9 19 21 25 -13 -11 27 26 17 -10 -4 -2 -18 22 -3 -17 -23 -12 -16 29 -29 -8
right_child=6 10 3 -5 5 -7 14 -9 16 13 11 12 -14 -15 15 23 20 -19 -20 -21 -22 24 -24 -25 -26 -27 -28 28 -30 -31
leaf_value=5.6180917104085255 -1.5063720798492433 -0.77684719032711447 26.017183494567877 2.9052809556325272 5.8134370097407588 22.934780883789063 -3.20009784698486 0.56310393684788751 2.6157904730902768 -0.73666791170909118 -0.52036236687140025 0.42346133773143474 2.8655147512546844 1.6940516185760499 -1.2519818464914958 -2.0358784718838119 -0.38666966621940202 0.32014568533216203 22.104028526941931 -2.6033195949736099 0.76875646829605104 0.20378674713940159 1.2597316145896913 -1.3118715624014536 1.0271423742688934 0.52281945158134813 -2.8301514380318782 -3.6420344034830716 -4.3329789055718315 -2.6142121632893875
leaf_weight=6.0000000000000027 25 18.000000000000004 2.9999999999999982 3 27.000000000000004 2.9999999999999991 3.0000000000000027 19 9.0000000000000018 253 10.999999999999998 26 72 14.999999999999998 2.9999999999999991 42 37 13.999999999999998 3 42 20 41 3.9999999999999991 51 29 22 35 9.0000000000000018 8.9999999999999982 3
leaf_count=6 25 18 3 3 27 3 3 19 9 253 11 26 72 15 3 42 37 14 3 42 20 41 4 51 29 22 35 9 9 3
internal_value=0.0609606 2.35386 6.61335 17.0088 4.91227 7.52557 -1.09353 1.7763 -0.671982 -0.919298 1.1314 1.70309 2.21762 -0.60062 -2.2222 -1.94827 0.363656 1.21844 24.0606 -2.19401 0.018743 0.31737 -0.40656 -1.63884 0.544891 0.175092 -2.70556 -3.71742 -3.98751 -2.90716
internal_weight=857 287 64 9 55 30 570 25 415 335 223 131 98 268 155 131 80 23 6 67 57 92 22 93 70 33 38 24 18 6
internal_count=857 287 64 9 55 30 570 25 415 335 223 131 98 268 155 131 80 23 6 67 57 92 22 93 70 33 38 24 18 6
is_linear=0
shrinkage=0.05


end of trees

feature_importances:
net_load=36
thermal_on_capacity=24
renewable_power=19
weekday=19
total_load=18
period=12
month=11
thermal_space_load_ratio=10
hour=1

parameters:
[boosting: gbdt]
[objective: regression]
[metric: rmse]
[tree_learner: serial]
[device_type: cpu]
[data_sample_strategy: bagging]
[data: ]
[valid: ]
[num_iterations: 400]
[learning_rate: 0.05]
[num_leaves: 31]
[num_threads: 0]
[seed: 42]
[deterministic: 0]
[force_col_wise: 0]
[force_row_wise: 0]
[histogram_pool_size: -1]
[max_depth: 5]
[min_data_in_leaf: 3]
[min_sum_hessian_in_leaf: 0.001]
[bagging_fraction: 0.85]
[pos_bagging_fraction: 1]
[neg_bagging_fraction: 1]
[bagging_freq: 1]
[bagging_seed: 400]
[bagging_by_query: 0]
[feature_fraction: 0.85]
[feature_fraction_bynode: 1]
[feature_fraction_seed: 30056]
[extra_trees: 0]
[extra_seed: 12879]
[early_stopping_round: 0]
[early_stopping_min_delta: 0]
[first_metric_only: 0]
[max_delta_step: 0]
[lambda_l1: 0]
[lambda_l2: 0]
[linear_lambda: 0]
[min_gain_to_split: 0]
[drop_rate: 0.1]
[max_drop: 50]
[skip_drop: 0.5]
[xgboost_dart_mode: 0]
[uniform_drop: 0]
[drop_seed: 17869]
[top_rate: 0.2]
[other_rate: 0.1]
[min_data_per_group: 100]
[max_cat_threshold: 32]
[cat_l2: 10]
[cat_smooth: 10]
[max_cat_to_onehot: 4]
[top_k: 20]
[monotone_constraints: ]
[monotone_constraints_method: basic]
[monotone_penalty: 0]
[feature_contri: ]
[forcedsplits_filename: ]
[refit_decay_rate: 0.9]
[cegb_tradeoff: 1]
[cegb_penalty_split: 0]
[cegb_penalty_feature_lazy: ]
[cegb_penalty_feature_coupled: ]
[path_smooth: 0]
[interaction_constraints: ]
[verbosity: -1]
[saved_feature_importance_type: 0]
[use_quantized_grad: 0]
[num_grad_quant_bins: 4]
[quant_train_renew_leaf: 0]
[stochastic_rounding: 1]
[linear_tree: 0]
[max_bin: 255]
[max_bin_by_feature: ]
[min_data_in_bin: 3]
[bin_construct_sample_cnt: 200000]
[data_random_seed: 175]
[is_enable_sparse: 1]
[enable_bundle: 1]
[use_missing: 1]
[zero_as_missing: 0]
[feature_pre_filter: 1]
[pre_partition: 0]
[two_round: 0]
[header: 0]
[label_column: ]
[weight_column: ]
[group_column: ]
[ignore_column: ]
[categorical_feature: ]
[forcedbins_filename: ]
[precise_float_parser: 0]
[parser_config_file: ]
[objective_seed: 16083]
[num_class: 1]
[is_unbalance: 0]
[scale_pos_weight: 1]
[sigmoid: 1]
[boost_from_average: 1]
[reg_sqrt: 0]
[alpha: 0.9]
[fair_c: 1]
[poisson_max_delta_step: 0.7]
[tweedie_variance_power: 1.5]
[lambdarank_truncation_level: 30]
[lambdarank_norm: 1]
[label_gain: ]
[lambdarank_position_bias_regularization: 0]
[eval_at: ]
[multi_error_top_k: 1]
[auc_mu_weights: ]
[num_machines: 1]
[local_listen_port: 12400]
[time_out: 120]
[machine_list_filename: ]
[machines: ]
[gpu_platform_id: -1]
[gpu_device_id: -1]
[gpu_use_dp: 0]
[num_gpu: 1]

end of parameters

pandas_categorical:[]
