tree
version=v4
num_class=1
num_tree_per_iteration=1
label_index=0
max_feature_idx=10
objective=regression
feature_names=total_load net_load renewable_power thermal_space_load_ratio thermal_on_capacity hour period weekday month is_weekend is_holiday
feature_infos=[22195.900000000001:43522.199999999997] [-11825.210000000003:41070.110000000001] [1144.03:36022.5] [-0.52127464982271476:0.97282505160491894] [27170:46830] [15:19] [61:80] [0:6] [2:4] [0:1] none
tree_sizes=2616 2497 2841 2663 2488 2589 2595 2497 2769 2546 2566 2867 2840 2486 2632 2446 2862 2522 2601 2720 2829 2634

Tree=0
num_leaves=29
num_cat=0
split_feature=2 4 1 0 2 2 7 4 1 4 4 4 4 1 4 0 2 6 4 1 5 4 1 7 2 8 2 4
split_gain=3.24763e+07 1.14277e+07 1.05382e+07 2.7015e+06 1.88936e+06 1.60014e+06 1.10899e+06 2.62963e+06 865112 789358 757501 654961 573056 540901 790096 372078 351035 322618 277024 192133 178884 163174 64940.6 63025.7 9106.16 8678.68 25979.7 1293.45
threshold=5852.2250000000013 44735.000000000007 18906.050000000003 41396.900000000009 4718.5600000000013 3704.1050000000005 5.5000000000000009 44810.000000000007 22767.215000000004 42910.000000000007 45077.500000000007 36372.500000000007 44810.000000000007 12289.175000000003 36662.500000000007 38926.750000000007 7370.9300000000012 70.500000000000014 37740.000000000007 33368.290000000008 17.500000000000004 39497.500000000007 14212.01 1.0000000180025095e-35 11989.200000000003 2.5000000000000004 19985.695000000003 42910.000000000007
decision_type=2 2 2 2 2 2 2 2 2 2 2 2 2 2 2 2 2 2 2 2 2 2 2 2 2 2 2 2
left_child=1 3 13 9 6 -5 10 -8 18 11 -3 -1 -6 25 22 -11 17 -10 24 -14 -20 -18 -15 -16 -4 27 -27 -2
right_child=2 4 8 5 12 -7 7 -9 16 15 -12 -13 19 14 23 -17 21 -19 20 -21 -22 -23 -24 -25 -26 26 -28 -29
leaf_value=292.05534120289195 263.92075753606161 335.63012830610478 280.09675775952849 287.6800908633839 315.6425923892628 333.87008994785657 325.13009211183027 283.98009111769704 286.35794837902552 284.04509109226575 319.140025657492 280.48701427207561 282.663424578187 271.43301973344882 269.23635792779635 295.33540613539725 280.00499309928853 280.09058475155769 273.14529122201316 297.78723448346625 264.69894832885547 277.59818104653436 275.55712457942673 265.72996602281006 277.23805278993586 268.22419105259291 264.50487021039493 264.84671588627208
leaf_weight=15.999999999999998 66 13.000000000000002 2.9999999999999991 3 3.9999999999999991 5 11.000000000000002 5.9999999999999991 28 9.9999999999999982 14.999999999999998 52 2.9999999999999982 13.999999999999998 14.999999999999998 27 107 77 60 7 6.9999999999999991 206 30 88 39 4.9999999999999991 77 3.9999999999999991
leaf_count=16 66 13 3 3 4 5 11 6 28 10 15 52 3 14 15 27 107 77 60 7 7 206 30 88 39 5 77 4
internal_value=278.088 297.853 273.972 288.541 315.689 316.549 320.68 310.607 278.226 286.407 326.796 283.209 299.648 266.474 268.636 292.284 279.26 281.762 274.259 293.25 272.263 278.421 274.245 266.241 277.442 264.383 264.732 263.974
internal_weight=998 172 826 113 59 8 45 17 527 105 28 68 14 299 147 37 418 105 109 10 67 313 44 103 42 152 82 70
internal_count=998 172 826 113 59 8 45 17 527 105 28 68 14 299 147 37 418 105 109 10 67 313 44 103 42 152 82 70
is_linear=0
shrinkage=1


Tree=1
num_leaves=28
num_cat=0
split_feature=3 1 0 0 5 2 3 7 7 1 7 2 1 8 8 6 7 5 8 2 3 8 1 1 8 8 0
split_gain=2.96426e+07 1.03904e+07 5.14062e+06 2.79269e+06 2.31323e+06 1.88402e+06 998392 982182 678949 631583 828648 534849 469155 544592 310176 267496 169948 126870 101824 101069 93899.7 89491.5 67916.4 20007.4 17236.1 2368.02 738.294
threshold=0.86463598906069195 18700.125000000004 41396.900000000009 37617.05000000001 17.500000000000004 1263.7750000000003 0.68906785033007545 4.5000000000000009 1.5000000000000002 38099.400000000001 3.5000000000000004 6693.4800000000005 12289.175000000003 3.5000000000000004 2.5000000000000004 71.500000000000014 1.5000000000000002 17.500000000000004 3.5000000000000004 4407.3950000000013 0.44362278151799611 3.5000000000000004 17562.390000000003 11291.910000000003 3.5000000000000004 2.5000000000000004 36809.900000000009
decision_type=2 2 2 2 2 2 2 2 2 2 2 2 2 2 2 2 2 2 2 2 2 2 2 2 2 2 2
left_child=1 12 3 19 7 -4 14 -5 -6 10 -7 15 23 22 17 -8 -11 -3 -16 26 -15 -13 -14 25 -25 -1 -2
right_child=2 6 5 4 8 9 11 -9 -10 16 -12 21 13 20 18 -17 -18 -19 -20 -21 -22 -23 -24 24 -26 -27 -28
leaf_value=-13.145358082785535 -0.13823959661854632 -5.1190927301134375 12.214595108032219 19.36214453957297 23.285057112749886 52.707530212402311 9.822913196949024 37.963107042312622 11.624881030143577 47.213284737723228 22.175096130371092 0.70217028411274607 -11.719151985481995 -6.9574846494765517 -2.6493773302759034 3.5984035004509822 58.231065150669636 -12.518447399139404 0.016631345939822496 8.6545934677124023 -2.4995757676936963 2.754747369629996 -8.6033663210661526 -12.567893773859197 -9.6174546135796426 -12.736343353271486 0.70898261864980061
leaf_weight=67 18.000000000000007 21.000000000000004 5.0000000000000027 11.000000000000002 17 4.0000000000000018 28 20 47 6.9999999999999982 5 220 73 21 83 45 7 7.9999999999999991 63 3.9999999999999991 27 70 23 11 9 75 2.9999999999999991
leaf_count=67 18 21 5 11 17 4 28 20 47 7 5 220 73 21 83 45 7 8 63 4 27 70 23 11 9 75 3
internal_value=0.100451 -3.51891 20.7406 16.2393 20.1522 40.0318 0.665019 31.3628 14.7221 46.079 35.7451 2.16055 -10.875 -8.79841 -2.43714 5.98589 52.7222 -7.16029 -1.49898 1.37028 -4.44991 1.19762 -10.9727 -12.7208 -11.2402 -12.9293 -0.0172079
internal_weight=992 844 148 120 95 28 538 31 64 23 9 363 306 144 175 73 14 29 146 25 48 290 96 162 20 142 21
internal_count=992 844 148 120 95 28 538 31 64 23 9 363 306 144 175 73 14 29 146 25 48 290 96 162 20 142 21
is_linear=0
shrinkage=0.05


Tree=2
num_leaves=31
num_cat=0
split_feature=3 1 4 7 4 4 4 7 3 2 1 4 4 4 0 1 1 4 0 1 2 4 4 0 0 3 1 4 0 7
split_gain=2.69219e+07 9.09933e+06 8.77175e+06 1.56822e+06 3.21275e+06 1.40644e+06 911153 792388 2.00602e+06 762658 567830 731013 555951 454767 564307 402082 373000 197402 157019 149211 145497 112161 101910 75586.6 72390.4 64981.7 13393.5 33462 6963.77 3176.93
threshold=0.86463598906069195 19633.805000000004 44735.000000000007 5.5000000000000009 44810.000000000007 42910.000000000007 45077.500000000007 3.5000000000000004 0.90047498870759213 7110.4850000000015 12289.175000000003 36662.500000000007 36662.500000000007 36372.500000000007 37902.450000000004 37200.620000000003 22767.215000000004 37740.000000000007 39421.000000000007 17652.890000000003 3637.8050000000007 39497.500000000007 44065.000000000007 37531.950000000004 39287.700000000004 0.42864238990167675 11291.910000000003 34325.000000000007 40990.30000000001 3.5000000000000004
decision_type=2 2 2 2 2 2 2 2 2 2 2 2 2 2 2 2 2 2 2 2 2 2 2 2 2 2 2 2 2 2
left_child=1 10 5 6 24 12 18 8 -7 13 26 25 -2 14 -3 -8 17 -11 -4 -13 -9 -18 -15 -14 -5 -12 29 -28 -6 -1
right_child=2 9 3 4 28 7 15 20 -10 16 11 19 23 22 -16 -17 21 -19 -20 -21 -22 -23 -24 -25 -26 -27 27 -29 -30 -31
leaf_value=-11.991466082697329 19.015740712483726 24.386832427978518 41.567718505859375 35.278256225585913 2.3783581415812169 15.698603884379068 18.280437342325826 6.1102060794830297 56.584790039062504 -0.22536768822206393 -5.652637373606364 -11.089725205031309 -0.090262817541758231 1.8775360479193219 4.9908376693725591 38.451435852050786 1.8988742482439382 -5.0232762495301806 54.356824747721355 -7.0064374065399164 14.287262658511892 -0.094908789230357629 5.2830548518044615 4.2816769895882443 44.133925476074218 -1.735635428213411 -7.7339430173238073 -12.307098452250164 5.2576293400355745 -12.469554029192244
leaf_weight=69 5.9999999999999991 5.9999999999999991 2.9999999999999991 3.0000000000000009 3 11.999999999999998 3.0000000000000027 8.0000000000000018 3.9999999999999991 36 14.999999999999998 88 14.999999999999998 59 9.9999999999999982 13.999999999999998 107 53 11.999999999999998 30 17 207 35 29 9.9999999999999982 36 6.0000000000000027 11.999999999999998 7 70
leaf_count=69 6 6 3 3 3 12 3 8 4 36 15 88 15 59 10 14 107 53 12 30 17 207 35 29 10 36 6 12 7 70
internal_value=0.0792111 -3.36905 19.8949 35.6593 25.7005 10.367 42.8171 17.2314 25.9202 0.781866 -9.90101 -7.88971 4.73818 4.47192 12.2643 34.8918 -0.225344 -3.08255 51.799 -10.0516 11.6706 0.584501 3.14555 2.79124 42.0903 -2.88769 -12.066 -10.7827 4.39385 -12.2322
internal_weight=985 839 146 55 23 91 32 41 16 513 326 169 50 110 16 17 403 89 15 118 25 314 94 44 13 51 157 18 10 139
internal_count=985 839 146 55 23 91 32 41 16 513 326 169 50 110 16 17 403 89 15 118 25 314 94 44 13 51 157 18 10 139
is_linear=0
shrinkage=0.05


Tree=3
num_leaves=30
num_cat=0
split_feature=2 1 4 4 3 7 4 4 3 4 4 1 4 1 4 4 0 4 2 6 4 6 4 0 6 0 2 3 2
split_gain=2.15581e+07 7.90517e+06 6.6344e+06 1.35659e+06 994264 1.88531e+06 2.60403e+06 713964 1.84997e+06 708713 676559 638528 626267 435598 444763 371681 267947 215472 204948 235574 117923 117515 97386.2 96728.3 81150.3 62144 34285.9 34089 6176.95
threshold=5852.2250000000013 18906.050000000003 44735.000000000007 42910.000000000007 0.88185650324919773 5.5000000000000009 44810.000000000007 43672.500000000007 0.90047498870759213 44810.000000000007 36372.500000000007 24211.150000000005 45077.500000000007 14699.710000000003 36662.500000000007 36090.000000000007 38926.750000000007 37740.000000000007 7370.9300000000012 69.500000000000014 39497.500000000007 69.500000000000014 42277.500000000007 37531.950000000004 70.500000000000014 35770.150000000001 10946.005000000003 0.39357655838957473 19610.415000000005
decision_type=2 2 2 2 2 2 2 2 2 2 2 2 2 2 2 2 2 2 2 2 2 2 2 2 2 2 2 2 2
left_child=2 13 3 10 9 12 -7 8 -5 -4 15 17 -6 25 28 -1 -9 26 19 -13 -20 -11 -19 -12 -16 27 -3 -2 -15
right_child=1 11 4 7 5 6 -8 16 -10 21 23 18 -14 14 24 -17 -18 22 20 -21 -22 -23 -24 -25 -26 -27 -28 -29 -30
leaf_value=4.6820564814976278 -11.582670617103577 5.0588811715443933 33.771687316894536 8.135191955566409 49.845322418212874 41.023279486762149 4.7580712058327412 4.5839493274688721 53.755554199218743 3.301333017349243 -0.26184495811661085 8.1383365738391884 34.520497029622398 -1.4679419380923111 -8.1994899963077739 19.704161834716796 15.002366461577239 -6.4430731240659957 2.1011831374561534 2.0713444824516776 -0.063967410384824397 15.818771489461259 -2.8966698982277697 3.9099365581165664 -11.972671187551398 -4.9563057422637939 -0.45430930967026573 -9.9821240743001312 -3.5902116298675537
leaf_weight=7.0000000000000009 160 2.9999999999999991 3.9999999999999991 4.9999999999999982 12.000000000000002 9 11 7.9999999999999991 4 5 24 20 14.999999999999998 24.000000000000004 57 10 27 32 94 80 190 3 49 33 19 3.9999999999999991 47 42 3.9999999999999991
leaf_count=7 160 3 4 5 12 9 11 8 4 5 24 20 15 24 57 10 27 32 94 80 190 3 49 33 19 4 47 42 4
internal_value=-0.0904806 -3.48752 15.7432 8.89825 29.433 32.7128 21.0774 15.8508 28.4109 16.5875 4.76432 0.309788 41.3315 -9.79595 -7.15811 13.5186 12.621 -2.70451 1.3381 3.28474 0.652667 7.99537 -4.29772 2.1534 -9.14279 -11.1277 -0.123518 -11.2499 -1.77112
internal_weight=1002 825 177 118 59 47 20 44 9 12 74 515 27 310 104 17 35 131 384 100 284 8 81 57 76 206 50 202 28
internal_count=1002 825 177 118 59 47 20 44 9 12 74 515 27 310 104 17 35 131 384 100 284 8 81 57 76 206 50 202 28
is_linear=0
shrinkage=0.05


Tree=4
num_leaves=27
num_cat=0
split_feature=2 1 0 1 6 1 2 1 1 3 8 1 1 8 7 8 2 6 1 6 1 0 7 3 3 0
split_gain=2.31231e+07 6.85051e+06 4.46384e+06 1.59735e+06 1.48252e+06 948180 706636 632754 611753 540540 531090 491509 418041 595129 309398 247778 181938 263424 118464 113880 65073.6 35166.3 33789.6 21131 18766.4 17504.9
threshold=5852.2250000000013 18906.050000000003 41332.80000000001 33368.290000000008 71.500000000000014 37200.620000000003 1263.7750000000003 36381.30000000001 26030.630000000008 0.91094100015856194 2.5000000000000004 38099.400000000001 13347.120000000001 3.5000000000000004 5.5000000000000009 3.5000000000000004 7370.9300000000012 70.500000000000014 22767.215000000004 65.500000000000014 17562.390000000003 35760.450000000004 2.5000000000000004 0.39357655838957473 0.42864238990167675 37404.200000000004
decision_type=2 2 2 2 2 2 2 2 2 2 2 2 2 2 2 2 2 2 2 2 2 2 2 2 2 2
left_child=2 12 3 10 9 -4 -7 -6 15 -5 25 -8 21 20 -12 18 17 -10 -3 -17 -14 23 -18 -2 -15 -1
right_child=1 8 5 4 7 6 11 -9 16 -11 14 -13 13 24 -16 19 22 -19 -20 -21 -22 -23 -24 -25 -26 -27
leaf_value=-0.026712866571809477 -10.986871888902453 -4.7140264816143933 10.653111839294425 23.120544247878222 7.6253457742578847 13.859039306640609 31.81888226595791 16.579848208325977 7.7781702671051027 41.597387313842773 8.0936917940775555 46.179511437049285 -10.116950411024229 -4.4752706686655683 23.467227679491046 8.6378250122070312 1.3298226224409568 1.8208985398213071 -1.7046663579723191 -0.058357578516006474 -7.0567966979482906 -5.3397032419840498 0.052367217577609815 -9.2642383193969717 -1.9295092092575254 4.0243209838867191
leaf_weight=24.000000000000004 162 68 4.0000000000000027 19.000000000000004 34 3.0000000000000027 11.000000000000002 47 25 4.9999999999999991 18.000000000000004 12.999999999999998 71 8.9999999999999982 3.9999999999999991 3.9999999999999991 111 72 63 64 23 2.9999999999999991 97 20 37 2.9999999999999991
leaf_count=24 162 68 4 19 34 3 11 47 25 5 18 13 71 9 4 4 111 72 63 64 23 3 97 20 37 3
internal_value=0.077881 -3.48895 16.0611 12.5765 16.0552 33.372 36.7377 12.8212 0.160947 26.9699 5.12219 39.5976 -9.1491 -7.08771 10.8889 -1.99564 1.56803 3.35628 -3.26678 0.453183 -9.36819 -10.7091 0.734086 -10.7976 -2.42759 0.423402
internal_weight=1014 829 185 154 105 31 27 81 504 24 49 24 325 140 22 199 305 97 131 68 94 185 208 182 46 27
internal_count=1014 829 185 154 105 31 27 81 504 24 49 24 325 140 22 199 305 97 131 68 94 185 208 182 46 27
is_linear=0
shrinkage=0.05


Tree=5
num_leaves=29
num_cat=0
split_feature=2 4 3 0 4 7 4 3 3 4 4 4 3 4 0 8 3 4 2 4 4 4 0 2 5 2 0 7
split_gain=1.93708e+07 7.17462e+06 6.02552e+06 1.21449e+06 1.4969e+06 794063 2.61444e+06 978301 628934 597884 448232 549534 384736 578397 321121 318862 204986 173148 163367 366620 113093 94171.7 84186.5 59046 46520.1 18991.6 13619.7 6466.39
threshold=5852.2250000000013 44735.000000000007 0.54979938235441972 41396.900000000009 44065.000000000007 5.5000000000000009 44810.000000000007 0.89183173622786371 0.67941011222495773 45077.500000000007 42910.000000000007 36372.500000000007 0.39357655838957473 36662.500000000007 38926.750000000007 2.5000000000000004 0.87128993698350055 42277.500000000007 7560.6350000000011 36372.500000000007 42277.500000000007 36372.500000000007 35770.150000000001 4291.5100000000011 16.500000000000004 18656.605000000003 40953.400000000009 3.5000000000000004
decision_type=2 2 2 2 2 2 2 2 2 2 2 2 2 2 2 2 2 2 2 2 2 2 2 2 2 2 2 2
left_child=1 3 12 10 -5 7 23 16 15 -9 11 -1 22 25 -12 17 -3 -4 19 -10 -15 -20 27 -7 -17 -14 -8 -2
right_child=2 5 8 4 -6 6 26 9 18 -11 14 -13 13 20 -16 24 -18 -19 21 -21 -22 -23 -24 -25 -26 -27 -28 -29
leaf_value=13.136844224196214 -10.095972347834024 8.6395231882731096 -8.252484839538047 48.302106475830072 5.0456518173217759 38.5220263671875 0.17620392640431717 47.198147074381495 14.967997868855797 32.224619344075528 4.1126664797465002 1.6433928447703903 -1.3472391813993454 -10.064487978128287 14.063153213500977 -2.0764314405998943 25.171769409179685 -1.6355035801728566 2.3257069003197457 2.2634655165503612 -6.6854218041896818 0.072541645643017863 -1.9495948155721028 31.334169769287101 -0.15106943089570574 -3.6135026363226084 4.2028541292463029 -10.730028367653873
leaf_weight=12.999999999999998 83 3 29 4 4 9.9999999999999982 3 12.000000000000002 5.9999999999999991 14.999999999999998 11.999999999999998 52 32 65 25 59 5 14.999999999999998 62 106 40 184 2.9999999999999991 4.0000000000000009 67 12.999999999999998 7 78
leaf_count=13 83 3 29 4 4 10 3 12 6 15 12 52 32 65 25 59 5 15 62 106 40 184 3 4 67 13 7 78
internal_value=0.010807 15.4591 -3.08986 7.91416 26.6739 29.5259 22.5211 34.3293 0.171953 38.8795 6.44281 3.94208 -8.57469 -6.74464 10.836 -2.33227 18.9722 -5.9967 1.36111 2.94407 -8.77722 0.640413 -10.2485 36.4684 -1.05263 -2.00194 2.99486 -10.4032
internal_weight=1011 169 842 110 8 59 24 35 528 27 102 65 314 150 37 170 8 44 358 112 105 246 164 14 126 45 10 161
internal_count=1011 169 842 110 8 59 24 35 528 27 102 65 314 150 37 170 8 44 358 112 105 246 164 14 126 45 10 161
is_linear=0
shrinkage=0.05


Tree=6
num_leaves=29
num_cat=0
split_feature=2 4 1 3 7 4 0 4 4 1 4 4 4 4 1 4 4 4 2 5 1 3 0 2 7 0 2 7
split_gain=1.65655e+07 6.01334e+06 5.57739e+06 967215 1.19367e+06 1.96834e+06 868518 1.01093e+06 464138 436278 414725 339173 497450 320178 286664 530580 165829 150816 241191 132661 120798 98198.7 65653.9 42479.5 35194.8 6866.17 6164.94 3621.84
threshold=5852.2250000000013 44735.000000000007 18700.125000000004 0.88185650324919773 5.5000000000000009 44810.000000000007 41396.900000000009 44065.000000000007 45077.500000000007 22767.215000000004 44810.000000000007 44065.000000000007 36372.500000000007 44585.000000000007 12289.175000000003 36662.500000000007 37740.000000000007 37740.000000000007 8552.6150000000016 17.500000000000004 27297.125000000004 0.86708869072507022 41531.55000000001 20630.670000000002 1.0000000180025095e-35 35452.350000000006 11989.200000000003 3.5000000000000004
decision_type=2 2 2 2 2 2 2 2 2 2 2 2 2 2 2 2 2 2 2 2 2 2 2 2 2 2 2 2
left_child=1 6 14 10 8 -6 11 -8 -5 16 -3 12 -1 -13 25 23 26 18 -11 -18 -19 -12 -9 -16 -17 27 -4 -2
right_child=2 3 9 4 5 -7 7 22 -10 17 21 13 -14 -15 15 24 19 20 -20 -21 -22 -23 -24 -25 -26 -27 -28 -29
leaf_value=11.792152561860927 -9.6987428531760269 30.25410563151042 1.9773499806722006 43.353939819335928 36.478883870442701 3.4104506889979036 45.799983723958348 15.48224665323893 30.634700870513917 7.2711581360210076 2.9484681606292735 14.944444499296303 2.1204559319332001 3.9967099319804791 -1.7422352310938714 -6.5495910508292061 -3.4277216043628629 -1.1126442954344775 1.2259841401017075 -10.695167650495257 1.0633379956037541 13.459105520248412 5.0216973622639962 -5.972402054922922 -9.252900952932448 -7.510669962565105 -0.37270426161587245 -10.175117332056949
leaf_weight=17 84 2.9999999999999991 2.9999999999999991 13.000000000000002 9 9 2.9999999999999982 3 15.999999999999998 22 3.9999999999999982 17 61 11.000000000000002 39 13.999999999999998 61 93 66 6.9999999999999991 203 5 3 6.9999999999999991 86 2.9999999999999991 40 76
leaf_count=17 84 3 3 13 9 9 3 3 16 22 4 17 61 11 39 14 61 93 66 7 203 5 3 7 86 3 40 76
internal_value=-0.141152 13.8469 -3.16841 26.8239 30.0587 19.9447 7.18909 22.1013 36.3364 0.121876 14.1543 5.92296 4.22839 10.6435 -8.43927 -6.83012 -2.63904 0.919953 2.73728 -4.17584 0.379668 8.78771 10.252 -2.38596 -8.87444 -9.88058 -0.208747 -9.92502
internal_weight=978 174 804 59 47 18 115 9 29 495 12 106 78 28 309 146 111 384 88 68 296 9 6 46 100 163 43 160
internal_count=978 174 804 59 47 18 115 9 29 495 12 106 78 28 309 146 111 384 88 68 296 9 6 46 100 163 43 160
is_linear=0
shrinkage=0.05


Tree=7
num_leaves=27
num_cat=0
split_feature=3 1 0 0 5 3 1 2 3 1 6 1 1 1 8 8 8 2 2 8 7 7 0 0 8 0
split_gain=1.58826e+07 5.7831e+06 2.99313e+06 1.41547e+06 897750 854744 607517 551701 411499 250501 248446 246824 235870 234173 390015 229913 123738 80964.1 75867.2 71787.4 48315.3 46865.7 29899.5 6643.88 3290.99 2316.32
threshold=0.86463598906069195 18906.050000000003 41332.80000000001 37780.900000000009 17.500000000000004 0.97108273596347094 38099.400000000001 7560.6350000000011 0.90787696335533707 36381.30000000001 70.500000000000014 37200.620000000003 22711.235000000004 12289.175000000003 3.5000000000000004 2.5000000000000004 3.5000000000000004 5878.1800000000012 20171.810000000005 3.5000000000000004 1.0000000180025095e-35 1.5000000000000002 36942.700000000004 35452.350000000006 2.5000000000000004 36686.05000000001
decision_type=2 2 2 2 2 2 2 2 2 2 2 2 2 2 2 2 2 2 2 2 2 2 2 2 2 2
left_child=1 13 3 22 8 6 11 10 -5 -6 15 -4 16 23 20 -3 -9 -12 -16 -14 -15 -8 25 24 -1 -2
right_child=2 7 5 4 9 -7 21 12 -10 -11 17 -13 19 14 18 -17 -18 -19 -20 -21 -22 -23 -24 -25 -26 -27
leaf_value=-9.7722098507098298 -0.32198425741756653 0.87798647085825599 11.225849024454726 17.866454454090285 6.8513252099355064 3.8991967519124353 35.752081734793528 -3.8722831116782297 31.031626808643342 13.343756387172602 4.6591802506219775 27.786297225952151 -0.16929437538347636 -5.7355436733790803 -2.243138966319107 9.1958394802278942 -0.22935797337606245 1.1517772739262957 -7.0890334892272948 1.6209533372322718 -8.8907101916742857 41.35415954589844 4.63952260017395 -7.135136604309082 -9.3011215890746524 1.1849676464994749
leaf_weight=67 17.000000000000007 11.999999999999998 3.0000000000000062 23.000000000000004 24 2.9999999999999991 6.9999999999999991 63 7.9999999999999991 39 21 8.9999999999999982 221 13.999999999999998 42 27 37 76 9.9999999999999982 75 91 7.9999999999999991 3.9999999999999991 2.9999999999999991 83 2.9999999999999991
leaf_count=67 17 12 3 23 24 3 7 63 8 39 21 9 221 14 42 27 37 76 10 75 91 8 4 3 83 3
internal_value=0.0106429 -2.6445 15.1163 11.531 14.2981 29.2183 32.0316 0.518644 21.2639 10.8704 3.26619 23.6462 -0.424956 -8.07287 -6.71627 6.6365 -2.5244 1.91111 -3.17504 0.284316 -8.47002 38.7399 0.693303 -9.46494 -9.51154 -0.0959415
internal_weight=990 842 148 118 94 30 27 532 31 63 136 12 396 310 157 39 100 97 52 296 105 15 24 153 150 20
internal_count=990 842 148 118 94 30 27 532 31 63 136 12 396 310 157 39 100 97 52 296 105 15 24 153 150 20
is_linear=0
shrinkage=0.05


Tree=8
num_leaves=31
num_cat=0
split_feature=2 4 1 4 2 7 4 7 3 4 7 1 4 1 4 4 4 2 5 5 2 2 4 3 0 3 3 4 2 8
split_gain=1.43913e+07 5.27992e+06 4.74073e+06 881807 575822 896022 1.85723e+06 545085 1.28218e+06 462816 453593 390098 359222 258490 499654 218505 140249 135157 133523 129516 123593 116662 79869.7 51416.3 51392.2 15345.8 8492.49 21325.7 5631.02 3002.97
threshold=5852.2250000000013 44735.000000000007 18906.050000000003 42910.000000000007 4407.3950000000013 5.5000000000000009 44810.000000000007 3.5000000000000004 0.90047498870759213 36372.500000000007 4.5000000000000009 22767.215000000004 36090.000000000007 12289.175000000003 36662.500000000007 44810.000000000007 37740.000000000007 7370.9300000000012 17.500000000000004 15.500000000000002 5577.9700000000012 3637.8050000000007 36372.500000000007 0.4737664649414946 37531.950000000004 0.42864238990167675 0.3614838827878884 34905.000000000007 11989.200000000003 2.5000000000000004
decision_type=2 2 2 2 2 2 2 2 2 2 2 2 2 2 2 2 2 2 2 2 2 2 2 2 2 2 2 2 2 2
left_child=1 3 13 9 5 10 -7 8 -5 12 -3 16 -1 26 25 -6 28 19 -18 -13 -17 -9 -19 -16 -11 -15 29 -28 -4 -2
right_child=2 4 11 7 15 6 -8 21 -10 24 -12 17 -14 14 23 20 18 22 -20 -21 -22 -23 -24 -25 -26 -27 27 -29 -30 -31
leaf_value=2.5771061420440668 -9.2510486275809161 27.78557815551758 1.8899503548940022 11.690657511353493 26.347986348470052 33.222334566983307 2.5956180148654511 1.9103551983833302 44.378305053710939 -0.62513450397686521 40.645299402872716 7.2818849086761475 16.791961822509762 -3.3002950668334963 -9.0889753937721256 15.338790959119795 -3.0889161374171579 1.804497892570549 -9.9656531333923351 1.7690995889902117 2.5017162958780919 9.9609761238098145 -0.11960322210129271 -6.941618452776992 2.4762955918031579 -1.2282952179653304 -4.637752193212509 -8.9574686050415036 -0.36015663723412317 -8.8064144105796363
leaf_weight=8 70 15.999999999999998 2.9999999999999991 11.999999999999998 2.9999999999999991 11 9 6.0000000000000027 3.9999999999999991 22 12.000000000000002 11.999999999999998 10 11.999999999999998 50 5 60 70 7.9999999999999991 95 3 18 235 63 34 35 3.9999999999999991 9.9999999999999982 38 83
leaf_count=8 70 16 3 12 3 11 9 6 4 22 12 12 10 12 50 5 60 70 8 95 3 18 235 63 34 35 4 10 38 83
internal_value=-0.125873 13.0168 -2.8071 6.73279 25.1587 27.5233 19.4403 12.714 19.8626 3.4997 33.2969 0.154662 10.4742 -7.52598 -6.08978 14.8403 -2.50529 0.858386 -3.89794 2.38736 10.5249 7.94832 0.321994 -7.89178 1.25788 -1.75732 -8.90198 -7.72326 -0.195515 -9.00984
internal_weight=1021 173 848 114 59 48 20 40 16 74 28 521 18 327 160 11 109 412 68 107 8 24 305 113 56 47 167 14 41 153
internal_count=1021 173 848 114 59 48 20 40 16 74 28 521 18 327 160 11 109 412 68 107 8 24 305 113 56 47 167 14 41 153
is_linear=0
shrinkage=0.05


Tree=9
num_leaves=28
num_cat=0
split_feature=3 1 4 2 4 0 1 7 3 4 3 4 3 4 1 4 0 4 1 6 4 6 0 0 2 2 0
split_gain=1.19886e+07 4.67876e+06 3.7707e+06 779153 762248 486289 454421 439699 1.1533e+06 386448 217777 203803 195716 339576 170220 167937 196367 145447 142104 129227 116905 56406.3 42542.1 24423.2 17465.3 5597.41 596.762
threshold=0.86463598906069195 18906.050000000003 44735.000000000007 1263.7750000000003 42910.000000000007 41396.900000000009 27007.790000000001 3.5000000000000004 0.90164717565782104 36662.500000000007 0.88530190380166507 37740.000000000007 0.42864238990167675 36662.500000000007 35232.615000000005 39497.500000000007 35770.150000000001 42910.000000000007 40036.459999999999 66.500000000000014 41515.000000000007 69.500000000000014 35770.150000000001 37531.950000000004 19985.695000000003 19610.415000000005 37820.000000000007
decision_type=2 2 2 2 2 2 2 2 2 2 2 2 2 2 2 2 2 2 2 2 2 2 2 2 2 2 2
left_child=1 12 4 -4 9 10 11 8 -6 26 -5 19 22 25 -9 16 -8 -17 -7 -3 -13 -15 24 -11 -1 -14 -2
right_child=2 6 3 5 7 18 15 14 -10 23 -12 20 13 21 -16 17 -18 -19 -20 -21 -22 -23 -24 -25 -26 -27 -28
leaf_value=-7.3952952442942435 13.518871561686197 6.7842809677124025 3.0104357004165649 12.787435331344597 10.820228906111284 29.427029418945313 11.038948896527291 17.252529191970812 42.171890258789062 -0.15450349599123003 24.181672862859873 -4.110638235766312 -1.0667434396414921 -6.389916443091173 5.7886795717127191 -0.34689148863492253 2.7816592106802598 2.2013812566225508 39.160281372070315 0.094787750866364789 -1.2837730584722578 -8.9818989415322577 -3.1587836027145388 2.2943252852984837 -8.6066349129927797 -3.3354526519775392 14.451758193969724
leaf_weight=37 2.9999999999999991 7.9999999999999991 3.9999999999999991 5.0000000000000027 10.999999999999998 9.9999999999999982 7.9999999999999991 4.0000000000000027 3.9999999999999991 15.999999999999998 26 58 29 65 17 111 72 113 5.9999999999999991 74 99 31 3.9999999999999991 28 152 2.9999999999999991 4
leaf_count=37 3 8 4 5 11 10 8 4 4 16 26 58 29 65 17 111 72 113 6 74 99 31 4 28 152 3 4
internal_value=-0.28481 -2.47057 13.4 24.1948 7.07196 25.9977 0.358417 12.6424 19.1807 3.13986 22.3439 -1.2729 -7.25606 -5.74004 7.97227 1.64093 3.60739 0.938621 33.077 0.747421 -2.32809 -7.22691 -8.2615 1.40384 -8.36949 -1.27943 14.0519
internal_weight=1002 864 138 51 87 47 543 36 15 51 31 239 321 128 21 304 80 224 16 82 157 96 193 44 189 32 7
internal_count=1002 864 138 51 87 47 543 36 15 51 31 239 321 128 21 304 80 224 16 82 157 96 193 44 189 32 7
is_linear=0
shrinkage=0.05


Tree=10
num_leaves=28
num_cat=0
split_feature=2 1 0 2 1 6 7 1 1 8 7 0 1 7 8 2 8 8 2 5 0 8 7 8 2 2 7
split_gain=1.11673e+07 3.65312e+06 2.50336e+06 831283 746430 564084 578698 461023 431022 375086 364265 360795 219417 204415 158775 140299 214819 126053 238688 101311 93754 54933.6 53306.3 52631.9 27573.1 16179.5 8590.87
threshold=5852.2250000000013 17652.890000000003 41332.80000000001 1263.7750000000003 36381.30000000001 73.500000000000014 1.5000000000000002 38099.400000000001 22767.215000000004 2.5000000000000004 4.5000000000000009 40432.450000000004 35070.865000000013 3.5000000000000004 2.5000000000000004 8552.6150000000016 3.5000000000000004 3.5000000000000004 19985.695000000003 17.500000000000004 35770.150000000001 2.5000000000000004 1.5000000000000002 3.5000000000000004 13148.675000000001 17603.510000000006 1.5000000000000002
decision_type=2 2 2 2 2 2 2 2 2 2 2 2 2 2 2 2 2 2 2 2 2 2 2 2 2 2 2
left_child=2 17 4 -4 9 11 -7 13 14 12 -11 -6 -1 -5 19 16 -10 24 26 -3 -20 -17 -9 -16 -2 -26 -19
right_child=1 8 3 7 5 6 -8 22 15 10 -12 -13 -14 -15 23 21 -18 18 20 -21 -22 -23 -24 -25 25 -27 -28
leaf_value=-0.026699801749334885 -3.8600728034973146 -3.6200008544428601 6.6533522796630811 28.74358749389647 32.802009582519531 21.274903869628908 6.6347988858267115 31.260952758789063 1.1318590422881145 6.2583655591104552 15.122167358398437 16.352194471359251 14.254238891601563 13.578946590423582 -2.5552266309261324 -1.3685390119410319 6.4225639386610558 -3.6860507488250733 -7.945237002521754 -9.2555080067027706 -0.83613776206970225 0.38750844465117118 37.495467376708987 -0.22474018569956433 -7.2673686433345708 -8.3543980825515032 -1.8035702648162844
leaf_weight=26.000000000000004 3.9999999999999991 29 5.0000000000000027 4.0000000000000018 4.9999999999999991 8.9999999999999982 27 5.9999999999999991 150 51 14.999999999999998 9.9999999999999982 2.9999999999999991 5 50 61 22 7.9999999999999991 64 10.999999999999998 4.9999999999999991 165 7.9999999999999991 47 47 126 25
leaf_count=26 4 29 5 4 5 9 27 6 150 51 15 10 3 5 50 61 22 8 64 11 5 165 8 47 47 126 25
internal_value=-0.0613432 -2.51904 11.4361 25.1309 8.80975 13.6891 10.2948 29.1478 -0.100152 6.19029 8.27287 21.8355 1.45064 20.3188 -2.51909 0.732496 1.80858 -7.1574 -5.75739 -5.16977 -7.43008 -0.086469 34.8235 -1.42602 -7.96419 -8.05908 -2.25993
internal_weight=988 814 174 28 146 51 36 23 535 95 66 15 29 9 137 398 172 279 102 40 69 226 14 97 177 173 33
internal_count=988 814 174 28 146 51 36 23 535 95 66 15 29 9 137 398 172 279 102 40 69 226 14 97 177 173 33
is_linear=0
shrinkage=0.05


Tree=11
num_leaves=31
num_cat=0
split_feature=3 4 1 4 7 3 7 4 4 1 4 1 4 1 4 0 1 3 6 4 0 0 3 0 3 0 1 8 7 0
split_gain=1.09319e+07 3.96069e+06 3.90394e+06 687722 679239 799443 662631 2.04485e+06 562079 381030 355889 268203 179794 153917 257342 142708 277022 132786 108410 95955.4 47470.4 41792.1 39130.7 35183.7 26954.2 25516.3 19585.6 5567.11 10213.4 538.578
threshold=0.86463598906069195 44735.000000000007 18700.125000000004 42910.000000000007 3.5000000000000004 0.90047498870759213 5.5000000000000009 44810.000000000007 45077.500000000007 26684.325000000004 36662.500000000007 37200.620000000003 37740.000000000007 12289.175000000003 36662.500000000007 37531.950000000004 31175.945000000003 0.91201252886751061 66.500000000000014 39052.500000000007 39287.700000000004 29078.350000000002 0.84177266277001783 39547.600000000013 0.42864238990167675 40953.400000000009 35940.835000000014 2.5000000000000004 1.5000000000000002 37820.000000000007
decision_type=2 2 2 2 2 2 2 2 2 2 2 2 2 2 2 2 2 2 2 2 2 2 2 2 2 2 2 2 2 2
left_child=2 3 13 10 5 -5 8 20 23 12 29 -10 18 27 24 16 -11 -6 -4 -14 -8 -16 -17 -3 -15 -9 -12 -1 -29 -2
right_child=1 6 9 4 17 -7 7 25 11 15 26 -13 19 14 21 22 -18 -19 -20 -21 -22 -23 -24 -25 -26 -27 -28 28 -30 -31
leaf_value=-8.0002461820035364 12.530009206136068 29.464303588867189 6.2240861624479296 12.397083320617677 8.6755683051215264 38.845382690429688 23.449255879720042 -3.7159683227539042 11.419530925750726 2.5776947758878981 0.081682041611660414 24.910075705392021 -5.2047822677570847 -3.751097212173045 -2.7229024132092796 0.64872828091422452 14.759839897155764 0.93361106365919122 0.092965460762585689 -1.6839528439963454 30.544849048961296 -7.0216804226138159 2.3317946282828728 35.518200302124022 -1.1427775836907901 1.6911941260099412 2.0914354779503563 -6.2233787918090826 -7.6575591742992408 13.416251564025877
leaf_weight=74 2.9999999999999991 2.9999999999999991 7.9999999999999991 9.9999999999999982 18.000000000000004 3.9999999999999991 3.0000000000000009 3.0000000000000009 5.0000000000000027 70 27 13.999999999999998 23 15.999999999999998 5.9999999999999991 219 4.9999999999999991 7.9999999999999991 73 122 10.999999999999998 98 41 11.999999999999998 26 7.9999999999999991 22 14.999999999999998 72 4
leaf_count=74 3 3 8 10 18 4 3 3 5 70 27 14 23 16 6 219 5 8 73 122 11 98 41 12 26 8 22 15 72 4
internal_value=0.101722 12.3331 -2.08245 6.06722 11.0745 19.9537 22.5284 16.3489 27.0721 0.39811 2.49057 21.3599 -1.18838 -6.61533 -5.43967 1.4684 3.38984 6.29343 0.698508 -2.24243 29.0244 -6.77367 0.914135 34.3074 -2.13642 0.216513 0.98402 -7.68145 -7.41029 13.0364
internal_weight=1023 155 868 96 40 14 59 25 34 561 56 19 226 307 146 335 75 26 81 145 14 104 260 15 42 11 49 161 87 7
internal_count=1023 155 868 96 40 14 59 25 34 561 56 19 226 307 146 335 75 26 81 145 14 104 260 15 42 11 49 161 87 7
is_linear=0
shrinkage=0.05


Tree=12
num_leaves=31
num_cat=0
split_feature=3 1 4 7 4 4 4 2 4 1 4 1 7 0 0 4 6 3 4 4 0 4 2 2 0 0 4 6 7 3
split_gain=9.06184e+06 3.38588e+06 3.24797e+06 473982 1.44946e+06 457563 422267 322866 309996 306130 244414 238924 226882 297711 152634 626328 126239 110973 95189.2 65946.6 36748.2 35813.4 110418 32371.4 29298.1 25456.8 24468.6 22664.1 16394.4 11032.7
threshold=0.86463598906069195 20347.000000000004 44735.000000000007 5.5000000000000009 44810.000000000007 45077.500000000007 42910.000000000007 6693.4800000000005 36662.500000000007 14699.710000000003 37740.000000000007 37200.620000000003 3.5000000000000004 41197.750000000007 37780.900000000009 44735.000000000007 75.500000000000014 0.67941011222495773 42277.500000000007 36372.500000000007 35323.55000000001 36662.500000000007 19985.695000000003 4291.5100000000011 39421.000000000007 40953.400000000009 39905.000000000007 65.500000000000014 1.5000000000000002 0.432969193218322
decision_type=2 2 2 2 2 2 2 2 2 2 2 2 2 2 2 2 2 2 2 2 2 2 2 2 2 2 2 2 2 2
left_child=1 9 6 5 23 24 8 14 -2 21 27 -7 13 -8 15 -3 -14 20 -12 -19 -9 22 -1 -5 -4 -6 -10 -11 -16 -23
right_child=2 7 3 4 25 11 12 17 26 10 18 -13 16 -15 28 -17 -18 19 -20 -21 -22 29 -24 -25 -26 -27 -28 -29 -30 -31
leaf_value=-1.6228975713253022 12.384612165178572 3.4992966630242082 27.9910888671875 28.274148050944014 -3.5301697413126618 10.848554306030266 10.916163783603245 -2.5676380516904773 3.9756792704264323 -3.6249108225107194 -6.8468457079158647 23.370283126831055 9.6816021222334623 29.103789774576825 3.4682061735788987 25.008102416992188 1.3532081604003907 2.1467972154418629 -3.6158425478637222 0.29578719409987514 -0.59512078789881917 -7.5577695125291333 -6.8769031349817915 22.276792907714832 33.624877471923831 2.11083865960439 0.52684288316199346 -0.73177149824120791 1.4924985105650768 -6.2885727201402197
leaf_weight=11.999999999999998 6.9999999999999991 22.000000000000004 2.9999999999999991 8.9999999999999982 3 5.0000000000000027 8.9999999999999982 33 5.9999999999999991 7.9999999999999991 53 15.999999999999998 13.000000000000002 2.9999999999999991 14.999999999999998 3.9999999999999991 6.9999999999999991 60 40 243 83 119 60 3.0000000000000009 9.9999999999999982 6 36 44 35 20
leaf_count=12 7 22 3 9 3 5 9 33 6 8 53 16 13 3 15 4 7 60 40 243 83 119 60 3 10 6 36 44 35 20
internal_value=-0.0566867 -1.97193 11.9277 21.3048 15.3987 24.9526 5.56053 0.702696 2.64312 -5.69087 -3.92216 20.3889 10.0278 15.4631 3.70102 6.80834 6.76666 0.158847 -5.45717 0.662324 -1.15627 -6.90633 -6.00124 26.7748 32.3248 0.230503 1.01953 -1.17687 2.08521 -7.37515
internal_weight=987 851 136 55 21 34 81 495 49 356 145 21 32 12 76 26 20 419 93 303 116 211 72 12 13 9 42 52 50 139
internal_count=987 851 136 55 21 34 81 495 49 356 145 21 32 12 76 26 20 419 93 303 116 211 72 12 13 9 42 52 50 139
is_linear=0
shrinkage=0.05


Tree=13
num_leaves=28
num_cat=0
split_feature=2 4 3 0 3 2 4 4 7 3 4 4 4 4 3 4 0 6 8 4 6 4 3 0 4 2 0
split_gain=8.25253e+06 3.65871e+06 2.93145e+06 581499 578272 666499 448330 407892 235512 218509 257950 207840 269685 207424 195794 142839 253632 118962 75770 140978 72668.9 70078.9 41177 30251.6 52858 12543.1 1829.97
threshold=5852.2250000000013 44735.000000000007 0.56593719957116251 41490.850000000013 0.88185650324919773 1263.7750000000003 44065.000000000007 44810.000000000007 5.5000000000000009 0.45989101646505376 37740.000000000007 36372.500000000007 36090.000000000007 44065.000000000007 0.76063285880817699 36372.500000000007 37294.200000000004 65.500000000000014 2.5000000000000004 39052.500000000007 69.500000000000014 41515.000000000007 0.65594691847247666 35188.950000000004 40485.000000000007 19985.695000000003 33749.400000000001
decision_type=2 2 2 2 2 2 2 2 2 2 2 2 2 2 2 2 2 2 2 2 2 2 2 2 2 2 2
left_child=1 3 9 11 7 -6 -5 -3 -7 23 26 12 -1 -13 18 16 -16 -17 19 -4 -9 -12 -20 25 -25 -2 -11
right_child=2 4 14 6 5 8 -8 20 -10 10 21 13 -14 -15 15 17 -18 -19 22 -21 -22 -23 -24 24 -26 -27 -28
leaf_value=1.7062494874000547 -6.2061687869540716 22.727876281738283 -5.2769864684059513 33.10905354817708 2.337144637107849 26.35508109783304 7.539260888099669 -0.51841337203979487 18.943146032445572 -1.1251697713678535 -7.1417358536469315 1.0224184370209133 14.022813568115232 6.0869212063153588 17.084261703491212 5.319786439556629 2.1870212173461918 0.80542211805705932 -0.88003916181746489 -0.55575554394163196 9.3249561945597303 -4.161205679323615 0.57890259611903505 -1.9698370668623175 -7.3888361612955737 -7.0735322388125148 -0.36009177411044085
leaf_weight=8 59 3.9999999999999991 21 2.9999999999999991 3.9999999999999991 29 4 5 17 10.999999999999998 38 62 10 30 3.9999999999999991 15.999999999999998 9.9999999999999982 166 76 64 3 41 133 9.0000000000000018 8.9999999999999982 142 27
leaf_count=8 59 4 21 3 4 29 4 5 17 11 38 62 10 30 4 16 10 166 76 64 3 41 133 9 9 142 27
internal_value=-0.00482069 9.72812 -2.11402 4.52444 19.548 21.9136 18.4977 9.69119 23.6159 -5.7111 -3.96662 3.63523 8.54879 2.67389 0.352551 1.57665 6.44338 1.20229 -0.463517 -1.72218 3.17285 -5.59488 0.0483783 -6.64308 -4.67934 -6.81893 -0.581562
internal_weight=1005 179 826 117 62 50 7 12 46 336 117 110 18 92 490 196 14 182 294 85 8 79 209 219 18 201 38
internal_count=1005 179 826 117 62 50 7 12 46 336 117 110 18 92 490 196 14 182 294 85 8 79 209 219 18 201 38
is_linear=0
shrinkage=0.05


Tree=14
num_leaves=29
num_cat=0
split_feature=3 1 4 4 7 4 4 7 3 3 4 4 1 4 4 2 8 4 3 3 4 2 0 4 1 1 4 2
split_gain=8.27986e+06 2.69757e+06 2.2156e+06 619528 704491 1.23627e+06 449438 424570 886329 220965 220105 447536 218207 182482 163184 126967 120642 104465 93521.4 63627.3 61756.3 170136 43138.6 16184.6 10937.2 9419.63 8601.27 807.512
threshold=0.86463598906069195 20026.565000000006 42910.000000000007 44735.000000000007 5.5000000000000009 44810.000000000007 45077.500000000007 3.5000000000000004 0.90047498870759213 0.76732155421581794 36372.500000000007 36090.000000000007 15435.360000000001 36662.500000000007 37740.000000000007 3637.8050000000007 2.5000000000000004 41515.000000000007 0.67691115359391307 0.84425110741118059 36662.500000000007 19985.695000000003 33789.200000000004 39905.000000000007 36157.235000000008 16943.285000000003 42595.000000000007 3704.1050000000005
decision_type=2 2 2 2 2 2 2 2 2 2 2 2 2 2 2 2 2 2 2 2 2 2 2 2 2 2 2 2
left_child=1 12 13 7 6 -6 -5 8 -4 16 11 -11 20 -2 25 -9 18 -16 -3 -12 21 -1 -18 27 -25 -14 -22 -15
right_child=2 9 3 4 5 -7 -8 15 -10 10 19 -13 14 23 17 -17 22 -19 -20 -21 26 -23 -24 24 -26 -27 -28 -29
leaf_value=-0.54094679215375119 11.154376831054689 -5.1390567984235922 9.6635853324617642 29.851394108363561 24.883920796712236 -0.10366177667271007 18.488796076567279 -0.28897263209025048 34.187813720703126 1.8016930580139157 0.75652366020979411 18.123171997070312 -1.9228023256574358 4.0340263366699221 -6.5141860757555285 8.2399018496274952 3.5829405095842151 -2.9438648109138015 -1.1138656862576803 3.143602805891458 -6.8518138764454761 -6.1775631430603219 0.049259387106399675 -0.087500560283660891 1.6802448749542238 -0.31413477865549239 -5.8028478041939122 2.8739168167114251
leaf_weight=17 4.9999999999999991 19 14.000000000000002 13.999999999999998 9 11 23 6.0000000000000027 4.9999999999999991 14.000000000000002 156 5.9999999999999991 13.999999999999998 2.9999999999999991 42 15.999999999999998 8.9999999999999982 40 60 34 130 63 214 21 14.999999999999998 26 23 3
leaf_count=17 5 19 14 14 9 11 23 6 5 14 156 6 14 3 42 16 9 40 60 34 130 63 214 21 15 26 23 3
internal_value=-0.0095569 -1.85911 11.0495 15.3297 18.7013 11.1408 22.7882 10.6423 16.1173 0.463236 1.70887 6.69814 -5.20851 2.12472 -3.49539 5.91385 -0.402934 -4.77257 -2.08195 1.18369 -6.10551 -4.97978 0.191874 1.04976 0.64906 -0.877168 -6.69413 3.45397
internal_weight=1012 867 145 98 57 20 37 41 19 512 210 20 355 47 122 22 302 82 79 190 233 80 223 42 36 40 153 6
internal_count=1012 867 145 98 57 20 37 41 19 512 210 20 355 47 122 22 302 82 79 190 233 80 223 42 36 40 153 6
is_linear=0
shrinkage=0.05


Tree=15
num_leaves=27
num_cat=0
split_feature=2 4 1 0 4 2 3 7 4 7 4 1 4 2 4 0 6 8 4 4 4 2 0 0 3 3
split_gain=7.33543e+06 2.68427e+06 2.31366e+06 600425 488590 348734 364742 300931 195128 178089 273675 171649 170411 155706 279302 133483 93211.3 92101.2 113795 72997.2 45642.9 121813 44055.1 33182.8 14154.2 8521.77
threshold=5852.2250000000013 44735.000000000007 20347.000000000004 41396.900000000009 44065.000000000007 1263.7750000000003 0.89183173622786371 5.5000000000000009 44810.000000000007 2.5000000000000004 42910.000000000007 15926.640000000001 37740.000000000007 8552.6150000000016 36372.500000000007 37749.850000000006 65.500000000000014 2.5000000000000004 39052.500000000007 42277.500000000007 36662.500000000007 19985.695000000003 39374.000000000007 40970.100000000006 0.50903196829003605 0.48829254162894692
decision_type=2 2 2 2 2 2 2 2 2 2 2 2 2 2 2 2 2 2 2 2 2 2 2 2 2 2
left_child=1 3 11 9 -5 -3 8 -8 -7 10 -1 20 25 14 15 -4 -16 18 -15 -14 21 -2 -11 -19 -22 -13
right_child=2 5 13 4 -6 6 7 -9 -10 22 -12 12 19 17 16 -17 -18 23 -20 -21 24 -23 -24 -25 -26 -27
leaf_value=3.5220809692560238 -0.90719015225768096 5.0659480094909668 14.398433558146161 30.194676971435555 6.7497627162933345 20.209894714355471 24.718072509765626 16.095557775216943 8.1125445556640639 -0.16265931880992393 11.365798103014628 -2.3052739296640672 -6.1175176770172337 -5.6811921914418546 4.585247237542097 2.606718778610229 0.67737177156361961 0.067144718739466799 -0.85664008817437931 -3.0328777323750891 -6.3663959696179351 -5.770050743131927 2.9320439672988394 2.5872476867267067 -3.3519186973571777 -0.37933139353990558
leaf_weight=43 15.999999999999998 4.9999999999999991 5.9999999999999982 3.9999999999999982 5 4.9999999999999991 25 17 9.9999999999999982 23 14.999999999999998 6.9999999999999991 44 14.999999999999998 17 4 149 195 66 34 147 66 23 13.999999999999998 3.9999999999999991 32
leaf_count=43 16 5 6 4 5 5 25 17 10 23 15 7 44 15 17 4 149 195 66 34 147 66 23 14 4 32
internal_value=0.0780262 9.36709 -1.91411 4.78018 17.1697 17.7271 18.8377 21.228 12.145 3.708 5.55063 -4.9862 -3.42363 0.393248 1.56645 9.68175 1.07758 -0.318764 -1.75008 -4.77293 -5.77084 -4.8212 1.38469 0.235955 -6.28654 -0.725013
internal_weight=991 175 816 113 9 62 57 42 15 104 58 350 117 466 176 10 166 290 81 78 233 82 46 209 151 39
internal_count=991 175 816 113 9 62 57 42 15 104 58 350 117 466 176 10 166 290 81 78 233 82 46 209 151 39
is_linear=0
shrinkage=0.05


Tree=16
num_leaves=31
num_cat=0
split_feature=3 4 3 4 7 4 4 7 3 3 4 6 3 6 7 4 6 4 8 4 4 4 2 0 2 0 6 4 4 3
split_gain=7.00231e+06 2.22723e+06 2.18367e+06 455534 414708 1.16115e+06 416419 365685 744493 239172 217529 163061 155827 147851 496367 135753 127851 115610 104263 95737.6 71477.5 39845.6 104379 38132.5 36272.8 21395.1 20045.9 16996.7 10586.8 1227.36
threshold=0.86463598906069195 44735.000000000007 0.56593719957116251 42910.000000000007 5.5000000000000009 44810.000000000007 45077.500000000007 3.5000000000000004 0.90047498870759213 0.7574911641532539 36662.500000000007 70.500000000000014 0.45088696895808061 66.500000000000014 5.5000000000000009 36372.500000000007 75.500000000000014 36662.500000000007 2.5000000000000004 39052.500000000007 41515.000000000007 36662.500000000007 19985.695000000003 39287.700000000004 9045.5800000000017 39421.000000000007 73.500000000000014 39905.000000000007 42752.500000000007 0.50903196829003605
decision_type=2 2 2 2 2 2 2 2 2 2 2 2 2 2 2 2 2 2 2 2 2 2 2 2 2 2 2 2 2 2
left_child=2 3 12 10 6 23 25 8 -5 18 -2 -8 21 14 -11 -15 -9 29 19 -4 -19 22 -1 -6 -20 -3 -7 -12 -23 -14
right_child=1 4 9 7 5 26 11 16 -10 13 27 -13 17 15 -16 -17 -18 20 24 -21 -22 28 -24 -25 -26 -27 -28 -29 -30 -31
leaf_value=-1.3439581109417809 10.330417742047992 23.546715799967448 -5.3688472411211805 7.5271311473846438 17.834947204589835 -3.0942616939544672 5.6865244547525977 8.5361509659460602 31.156978149414062 0.72357131733613844 3.1195817402430945 18.230017049689042 -0.93180507048964489 5.2072482460423526 16.543464183807373 0.76574212112105811 1.1338920092582703 -5.7040171770822434 4.7773347020149233 -1.1737514696577016 -2.7692268996703917 -6.2235810978206132 -5.6689980353559219 24.344128926595054 -0.029802068242812216 28.267584482828781 1.4753302057584126 0.43844900005742127 -4.5338787269592293 -0.29075442547244684
leaf_weight=18 6.9999999999999991 2.9999999999999991 17 9.9999999999999982 3.0000000000000009 4 3.0000000000000027 14.000000000000002 4.9999999999999991 17.000000000000004 6.9999999999999991 19 16.000000000000004 19 6.9999999999999991 182 9.9999999999999982 42 3.9999999999999991 68 41 127 62 8.9999999999999982 207 11.999999999999998 6 38 9.9999999999999982 13.999999999999998
leaf_count=18 7 3 17 10 3 4 3 14 5 17 7 19 16 19 7 182 10 42 4 68 41 127 62 9 207 12 6 38 10 14
internal_value=0.139704 10.1005 -1.61601 5.19464 17.6671 12.2308 20.8995 9.27952 15.4037 0.399736 2.13098 16.5195 -4.79845 1.62848 5.33771 1.18559 5.45188 -3.2928 -0.534274 -2.01277 -4.2543 -5.5825 -4.69586 22.7168 0.0613285 27.3234 -0.352507 0.855514 -6.10025 -0.632648
internal_weight=1001 150 851 91 59 22 37 39 15 521 52 22 330 225 24 201 24 113 296 85 83 217 80 12 211 15 10 45 137 30
internal_count=1001 150 851 91 59 22 37 39 15 521 52 22 330 225 24 201 24 113 296 85 83 217 80 12 211 15 10 45 137 30
is_linear=0
shrinkage=0.05


Tree=17
num_leaves=28
num_cat=0
split_feature=2 4 1 7 4 2 0 4 4 1 4 4 7 8 4 2 0 4 4 1 6 0 3 0 7 2 0
split_gain=6.07944e+06 2.05383e+06 1.76928e+06 433870 1.29136e+06 560963 426121 433245 299686 227695 175724 255747 204696 109154 82902.4 150292 75841.6 66045.2 262791 65444.6 53793.7 31183.2 21163.2 20115.7 7730.73 3588.19 2859.96
threshold=6215.8150000000014 44735.000000000007 17562.390000000003 5.5000000000000009 44810.000000000007 5316.4350000000004 41396.900000000009 44065.000000000007 45077.500000000007 22767.215000000004 42910.000000000007 36372.500000000007 1.5000000000000002 2.5000000000000004 36662.500000000007 19985.695000000003 35770.150000000001 36372.500000000007 36090.000000000007 27297.125000000004 72.500000000000014 32471.850000000002 0.5616493768192381 41268.05000000001 5.5000000000000009 13933.810000000001 39287.700000000004
decision_type=2 2 2 2 2 2 2 2 2 2 2 2 2 2 2 2 2 2 2 2 2 2 2 2 2 2 2
left_child=1 6 14 5 26 8 10 -8 -3 13 11 -1 -12 20 15 24 -17 18 -11 -19 -4 -15 25 -6 -2 -16 -5
right_child=2 3 9 4 23 -7 7 -9 -10 17 12 -13 -14 21 22 16 -18 19 -20 -21 -22 -23 -24 -25 -26 -27 -28
leaf_value=7.620094792983112 -0.62920952023317422 25.979707438151042 -3.0205036770912912 21.437649154663081 -2.5940010888235907 2.7333654785156249 27.12709465026856 5.0499331593513483 16.630462951660157 0.75094993058907789 11.999330104481091 0.70933911544936046 4.2059535129202734 -6.0063146909077965 -7.0867008209228519 -5.7036792285858642 0.69400489330291748 -0.89445322085247969 10.407931518554689 0.67274117499070529 -7.2379248809814456 -0.83043804718469527 -2.0892593860626221 1.3513380408287048 -2.4239617215469482 -5.7285797764746 23.113623046874999
leaf_weight=17 24 14.999999999999998 31 4 7 4.9999999999999991 3.9999999999999982 5 20 59 10.999999999999998 63 36 2.9999999999999991 4.9999999999999991 63 4.9999999999999991 98 7.9999999999999991 208 9.9999999999999982 97 3.9999999999999991 6 7.9999999999999991 178 7
leaf_count=17 24 15 31 4 7 5 4 5 20 59 11 63 36 3 5 63 5 98 8 208 10 97 4 6 8 178 7
internal_value=0.0262611 7.82431 -1.92082 15.2104 9.89567 18.3993 4.34849 14.862 20.6373 -0.16487 3.60344 2.17787 6.02994 -1.8765 -5.06562 -3.90354 -5.23326 0.482153 1.90402 0.170829 -4.04914 -0.985714 -5.68705 -0.773075 -1.0779 -5.76569 22.5042
internal_weight=1001 200 801 64 24 40 136 9 35 514 127 80 47 141 287 100 68 373 67 306 41 100 187 13 32 183 11
internal_count=1001 200 801 64 24 40 136 9 35 514 127 80 47 141 287 100 68 373 67 306 41 100 187 13 32 183 11
is_linear=0
shrinkage=0.05


Tree=18
num_leaves=28
num_cat=0
split_feature=3 1 4 4 2 3 2 3 4 4 1 4 8 4 0 4 1 2 3 0 4 2 4 8 0 1 0
split_gain=4.78634e+06 1.89874e+06 1.45137e+06 308249 291107 576472 261314 227325 191862 406196 178495 154143 109840 94701.5 65085.2 56208.2 146423 30441.3 17859.4 16063.2 12542.5 12174.8 8639.08 6065.01 2836.6 451.25 329.427
threshold=0.86463598906069195 17652.890000000003 42910.000000000007 44735.000000000007 3637.8050000000007 0.90164717565782104 1263.7750000000003 0.7574911641532539 36372.500000000007 36090.000000000007 40036.459999999999 36662.500000000007 2.5000000000000004 39052.500000000007 34755.05000000001 36662.500000000007 12468.210000000003 9045.5800000000017 0.5616493768192381 37584.000000000007 42277.500000000007 21567.405000000002 27195.000000000004 3.5000000000000004 41227.30000000001 33739.375000000007 34364.650000000009
decision_type=2 2 2 2 2 2 2 2 2 2 2 2 2 2 2 2 2 2 2 2 2 2 2 2 2 2 2
left_child=1 15 11 4 24 -6 -5 12 9 -9 -8 25 13 -3 -10 16 21 -14 20 26 -17 -1 -18 -21 -4 -2 -13
right_child=2 7 3 6 5 -7 10 8 14 -11 -12 19 17 -15 -16 18 22 -19 -20 23 -22 -23 -24 -25 -26 -27 -28
leaf_value=-3.1374510129292807 9.6964825948079429 -4.7592048327128094 -1.3255284627278647 4.1571106886863713 8.4417955022591809 28.831134033203128 15.10518000184036 1.0657369911670684 -2.0207356761483584 14.864439105987543 25.111746215820315 -0.77593961954116775 4.2800633162260056 -1.1195702184949603 1.2077697014660425 -5.6156824651271551 -3.6111891428629557 -0.11668979660289953 -1.9847966194152833 1.0902335392801383 -4.6943610845827584 -5.5161401895376354 -0.79268199652433402 2.9137228806813558 0.70836296379566177 8.8292556762695291 -0.29837832250274143
leaf_weight=5.9999999999999991 2.9999999999999991 24 2.9999999999999991 4.9999999999999991 26.000000000000004 3.9999999999999991 41 15.999999999999998 17 8.0000000000000018 4.9999999999999991 5.0000000000000027 3.9999999999999991 70 191 134 2.9999999999999991 249 3.9999999999999991 19.000000000000004 51 52 29 5.9999999999999991 4 3 12.999999999999998
leaf_count=6 3 24 3 5 26 4 41 16 17 8 5 5 4 70 191 134 3 249 4 19 51 52 29 6 4 3 13
internal_value=-0.0263576 -1.41208 8.65212 12.4923 9.01806 11.1604 15.0129 0.220678 1.43232 5.6653 16.1929 1.75542 -0.589413 -2.04884 0.943901 -4.8005 -3.77206 -0.0471759 -5.29023 0.707864 -5.3617 -5.27007 -1.05692 1.52787 -0.163305 9.26287 -0.431034
internal_weight=995 858 137 88 37 30 51 579 232 24 46 49 347 94 208 279 90 253 189 43 185 58 32 25 7 6 18
internal_count=995 858 137 88 37 30 51 579 232 24 46 49 347 94 208 279 90 253 189 43 185 58 32 25 7 6 18
is_linear=0
shrinkage=0.05


Tree=19
num_leaves=30
num_cat=0
split_feature=2 4 1 0 4 3 4 0 4 0 0 3 8 4 4 4 1 4 1 0 0 4 3 0 0 0 4 4 1
split_gain=4.62321e+06 1.88124e+06 1.37962e+06 471650 391559 372544 281957 222348 175965 202713 178564 169704 118279 100455 50980.3 144854 50527.3 113498 46954.2 30313.3 28723 21446.5 13760.3 12159.5 31445.5 10693.1 2679.04 7385.52 244.641
threshold=6297.9700000000003 44735.000000000007 17652.890000000003 41396.900000000009 44810.000000000007 0.88185650324919773 44065.000000000007 39635.500000000007 36372.500000000007 38468.200000000004 38498.400000000001 0.65848662631806942 2.5000000000000004 42277.500000000007 36372.500000000007 36090.000000000007 12289.175000000003 36662.500000000007 27580.320000000007 39673.55000000001 28727.050000000003 39497.500000000007 0.37411409303619797 39967.100000000006 38033.350000000013 40771.05000000001 29480.000000000004 33577.500000000007 9985.9800000000014
decision_type=2 2 2 2 2 2 2 2 2 2 2 2 2 2 2 2 2 2 2 2 2 2 2 2 2 2 2 2 2
left_child=1 3 16 8 23 19 -5 -7 9 -1 -10 12 13 -4 15 -13 26 22 -16 -6 -19 -14 -18 24 -3 -25 28 -28 -2
right_child=2 4 11 6 5 7 -8 -9 10 -11 -12 14 21 -15 18 -17 17 20 -20 -21 -22 -23 -24 25 -26 -27 27 -29 -30
leaf_value=12.517379930284289 -5.5360225677490229 22.355479939778647 -6.4173557186126704 24.584049606323237 5.144509738683702 24.87011184692383 5.8105063825845704 12.443985181881324 -0.3051903126606097 0.65260485013326008 3.7157586670838869 0.81937989228862829 -0.14092023064169967 -0.46861016100103203 -0.79708342272174226 7.9890789508819582 -4.6488092740376796 -1.0521774482727051 0.56767394573132435 -0.47477862834930412 -4.9529942566440219 -1.455877616607091 -1.1119539444193696 24.080456034342458 15.11605834960937 20.512559509277342 -4.029847121238709 -5.1782559803553987 -6.0160841623942058
leaf_weight=8.9999999999999982 23.000000000000004 2.9999999999999991 20.000000000000004 4 5.9999999999999982 3.9999999999999991 4 36 48 5.9999999999999991 65 59 57 10.999999999999998 91 7.9999999999999991 2.9999999999999991 4.9999999999999991 205 4 84 68 33 2.9999999999999982 3 7 15.999999999999998 112 2.9999999999999991
leaf_count=9 23 3 20 4 6 4 4 36 48 6 65 59 57 11 91 8 3 5 205 4 84 68 33 3 3 7 16 112 3
internal_value=0.0234896 6.7807 -1.68698 3.4193 13.7072 11.5286 15.1973 13.6866 2.68318 7.77147 2.00774 -0.162696 -1.54188 -4.30651 0.430013 1.67546 -4.52248 -3.77563 0.148103 2.89679 -4.73385 -0.856257 -1.40669 20.5152 18.7358 21.5829 -5.12869 -5.0347 -5.59141
internal_weight=1000 202 798 136 66 50 8 40 128 15 113 519 156 31 363 67 279 125 296 10 89 125 36 16 6 10 154 128 26
internal_count=1000 202 798 136 66 50 8 40 128 15 113 519 156 31 363 67 279 125 296 10 89 125 36 16 6 10 154 128 26
is_linear=0
shrinkage=0.05


Tree=20
num_leaves=31
num_cat=0
split_feature=2 4 3 4 4 7 3 4 3 2 4 0 7 3 8 7 4 4 4 4 4 2 4 4 0 0 0 0 0 6
split_gain=4.45706e+06 1.82809e+06 1.25321e+06 253769 245428 1.04306e+06 634436 233873 220335 247322 206106 116356 104287 97787.4 87501.4 55000.9 54083.9 49192.9 45155.9 131523 45225.8 30738.7 103879 28621.6 16854 13088.9 10762.4 8393.72 11315.5 7904.95
threshold=6297.9700000000003 44735.000000000007 0.5616493768192381 42910.000000000007 44810.000000000007 5.5000000000000009 0.89183173622786371 36372.500000000007 0.88185650324919773 3637.8050000000007 36090.000000000007 35047.200000000004 1.5000000000000002 0.65848662631806942 2.5000000000000004 2.5000000000000004 42277.500000000007 43067.500000000007 36372.500000000007 36090.000000000007 42910.000000000007 18656.605000000003 37740.000000000007 38452.500000000007 41680.400000000001 33241.350000000006 33823.100000000006 39967.100000000006 40771.05000000001 66.500000000000014
decision_type=2 2 2 2 2 2 2 2 2 2 2 2 2 2 2 2 2 2 2 2 2 2 2 2 2 2 2 2 2 2
left_child=1 3 11 7 27 6 -6 10 12 -10 -1 21 -5 14 16 17 -4 -13 19 -15 -20 22 -2 -9 -7 -16 -23 -3 -29 -17
right_child=2 4 13 8 5 24 -8 23 9 -11 -12 15 -14 18 25 29 -18 -19 20 -21 -22 26 -24 -25 -26 -27 -28 28 -30 -31
leaf_value=0.70003341521535623 -0.71150458427992735 17.814078063964843 -5.1344233083724973 9.5724208831787028 5.6275946855545049 -2.829727597534657 19.799258259364539 2.2063258143032303 -0.30372808774312321 11.000386130332949 12.139474911159937 -2.3048362864388356 0.64698135720358962 0.70311645335302908 -3.7646839459737147 1.0939120491345717 -0.027941308702741353 -7.244598885944912 -0.38236518083114529 7.589624905586243 0.86016850442421144 -4.7536038267100515 -4.5710383369809113 -0.15695676167423911 1.5648052851359047 -0.3991329727837673 -6.4434765624999999 22.876433308919278 19.115525563557942 -0.92703437352180496
leaf_weight=6.9999999999999973 22 4.9999999999999991 20.000000000000004 4.0000000000000027 10.999999999999998 7.9999999999999982 28 17 6.0000000000000027 25 9 18.000000000000004 18 52 2.9999999999999991 6.0000000000000027 6.9999999999999991 6.9999999999999991 181 7.9999999999999991 123 163 84 52 3 78 9.9999999999999982 2.9999999999999982 6 25
leaf_count=7 22 5 20 4 11 8 28 17 6 25 9 18 18 52 3 6 7 7 181 8 123 163 84 52 3 78 10 3 6 25
internal_value=-0.0215925 6.62057 -1.68419 3.38133 13.6052 11.9668 15.8021 1.68825 6.09665 8.81249 7.13472 -4.023 2.26979 -0.0242347 -1.34547 -1.94306 -3.81052 -3.68797 0.367779 1.62132 0.12037 -4.44047 -3.77 0.425301 -1.63122 -0.523783 -4.85128 19.4566 20.3692 -0.535883
internal_weight=1009 202 807 138 64 50 39 85 53 31 16 335 22 472 108 56 27 25 364 60 304 279 106 69 11 81 173 14 9 31
internal_count=1009 202 807 138 64 50 39 85 53 31 16 335 22 472 108 56 27 25 364 60 304 279 106 69 11 81 173 14 9 31
is_linear=0
shrinkage=0.05


Tree=21
num_leaves=29
num_cat=0
split_feature=3 4 1 4 7 4 7 3 4 3 2 4 3 4 4 3 7 7 4 0 4 2 4 1 6 4 2 2
split_gain=4.06564e+06 1.61724e+06 1.37111e+06 246730 427559 816073 259962 460329 244673 202391 117218 116152 101928 102541 90350.4 71523.5 64640.8 56130.8 55691.5 38351.2 14456.2 62562.8 12380.4 10341.8 7437.36 5564.68 501.898 6.10622
threshold=0.86463598906069195 42910.000000000007 20026.565000000006 44735.000000000007 5.5000000000000009 44810.000000000007 3.5000000000000004 0.90047498870759213 45077.500000000007 0.89693937873705265 6297.9700000000003 36662.500000000007 0.45989101646505376 37740.000000000007 44735.000000000007 0.65848662631806942 1.5000000000000002 2.5000000000000004 36372.500000000007 34980.400000000001 36662.500000000007 19985.695000000003 39905.000000000007 36947.305000000008 65.500000000000014 42595.000000000007 3704.1050000000005 4195.7800000000016
decision_type=2 2 2 2 2 2 2 2 2 2 2 2 2 2 2 2 2 2 2 2 2 2 2 2 2 2 2 2
left_child=2 11 12 6 8 -6 7 -3 -5 -8 14 27 20 24 18 19 -15 -17 -4 -12 21 -1 26 -24 -14 -22 -13 -2
right_child=1 3 10 4 5 -7 9 -9 -10 -11 15 22 13 16 -16 17 -18 -19 -20 -21 25 -23 23 -25 -26 -27 -28 -29
leaf_value=-0.86905761105673651 7.985269419352214 7.0829728007316568 5.2445689205825339 22.318961232503256 17.865173201127483 -1.8703087520599362 10.490794386182515 25.663783874511719 13.871302967071536 -0.84507607022921238 -2.8522867819537288 2.9104439735412599 -2.0800759434700011 -1.255763534524224 9.0386564254760753 1.0882614260688424 -4.4038823131531002 -0.15287946530078589 1.0136298302241735 -0.53231772380539144 -4.859791620572409 -4.5931149490948382 -0.14774967817699208 1.6160080736333673 -0.1617579348909203 -3.8383328882853194 2.054912122090657 7.8843880971272773
leaf_weight=13.999999999999998 2.9999999999999991 10.000000000000002 9.9999999999999982 14.999999999999998 11 10 6.9999999999999991 4.9999999999999991 20 8.9999999999999982 23 3.9999999999999991 5.9999999999999991 22 4.9999999999999991 175 63 190 35 79 120 58 34 10.999999999999998 32 14.999999999999998 3 3
leaf_count=14 3 10 10 15 11 10 7 5 20 9 23 4 6 22 5 175 63 190 35 79 120 58 34 11 32 15 3 3
internal_value=0.0786132 7.81497 -1.24579 12.1265 14.1076 8.46732 8.54769 13.2766 17.4917 4.11437 0.361429 1.34773 -3.76377 -2.62381 2.66232 0.115081 -3.58908 0.442188 1.95384 -1.05545 -4.44115 -3.86899 0.587675 0.283391 -0.46465 -4.7463 2.54379 7.93483
internal_weight=992 145 847 87 56 21 31 15 35 16 517 58 330 123 50 467 85 365 45 102 207 72 52 45 38 135 7 6
internal_count=992 145 847 87 56 21 31 15 35 16 517 58 330 123 50 467 85 365 45 102 207 72 52 45 38 135 7 6
is_linear=0
shrinkage=0.05


end of trees

feature_importances:
thermal_on_capacity=188
total_load=84
net_load=78
renewable_power=75
thermal_space_load_ratio=74
weekday=52
month=33
period=25
hour=9

parameters:
[boosting: gbdt]
[objective: regression]
[metric: rmse]
[tree_learner: serial]
[device_type: cpu]
[data_sample_strategy: bagging]
[data: ]
[valid: ]
[num_iterations: 400]
[learning_rate: 0.05]
[num_leaves: 31]
[num_threads: 0]
[seed: 42]
[deterministic: 0]
[force_col_wise: 0]
[force_row_wise: 0]
[histogram_pool_size: -1]
[max_depth: 5]
[min_data_in_leaf: 3]
[min_sum_hessian_in_leaf: 0.001]
[bagging_fraction: 0.85]
[pos_bagging_fraction: 1]
[neg_bagging_fraction: 1]
[bagging_freq: 1]
[bagging_seed: 400]
[bagging_by_query: 0]
[feature_fraction: 0.85]
[feature_fraction_bynode: 1]
[feature_fraction_seed: 30056]
[extra_trees: 0]
[extra_seed: 12879]
[early_stopping_round: 0]
[early_stopping_min_delta: 0]
[first_metric_only: 0]
[max_delta_step: 0]
[lambda_l1: 0]
[lambda_l2: 0]
[linear_lambda: 0]
[min_gain_to_split: 0]
[drop_rate: 0.1]
[max_drop: 50]
[skip_drop: 0.5]
[xgboost_dart_mode: 0]
[uniform_drop: 0]
[drop_seed: 17869]
[top_rate: 0.2]
[other_rate: 0.1]
[min_data_per_group: 100]
[max_cat_threshold: 32]
[cat_l2: 10]
[cat_smooth: 10]
[max_cat_to_onehot: 4]
[top_k: 20]
[monotone_constraints: ]
[monotone_constraints_method: basic]
[monotone_penalty: 0]
[feature_contri: ]
[forcedsplits_filename: ]
[refit_decay_rate: 0.9]
[cegb_tradeoff: 1]
[cegb_penalty_split: 0]
[cegb_penalty_feature_lazy: ]
[cegb_penalty_feature_coupled: ]
[path_smooth: 0]
[interaction_constraints: ]
[verbosity: -1]
[saved_feature_importance_type: 0]
[use_quantized_grad: 0]
[num_grad_quant_bins: 4]
[quant_train_renew_leaf: 0]
[stochastic_rounding: 1]
[linear_tree: 0]
[max_bin: 255]
[max_bin_by_feature: ]
[min_data_in_bin: 3]
[bin_construct_sample_cnt: 200000]
[data_random_seed: 175]
[is_enable_sparse: 1]
[enable_bundle: 1]
[use_missing: 1]
[zero_as_missing: 0]
[feature_pre_filter: 1]
[pre_partition: 0]
[two_round: 0]
[header: 0]
[label_column: ]
[weight_column: ]
[group_column: ]
[ignore_column: ]
[categorical_feature: ]
[forcedbins_filename: ]
[precise_float_parser: 0]
[parser_config_file: ]
[objective_seed: 16083]
[num_class: 1]
[is_unbalance: 0]
[scale_pos_weight: 1]
[sigmoid: 1]
[boost_from_average: 1]
[reg_sqrt: 0]
[alpha: 0.9]
[fair_c: 1]
[poisson_max_delta_step: 0.7]
[tweedie_variance_power: 1.5]
[lambdarank_truncation_level: 30]
[lambdarank_norm: 1]
[label_gain: ]
[lambdarank_position_bias_regularization: 0]
[eval_at: ]
[multi_error_top_k: 1]
[auc_mu_weights: ]
[num_machines: 1]
[local_listen_port: 12400]
[time_out: 120]
[machine_list_filename: ]
[machines: ]
[gpu_platform_id: -1]
[gpu_device_id: -1]
[gpu_use_dp: 0]
[num_gpu: 1]

end of parameters

pandas_categorical:[]
